"prv_code","city_code","area_code","dept_code","li_code","tbox_no","valid_ticket","agree_ticket","disagree_ticket","invalid_ticket","vote_ticket","votable_population","population","vote_to_votable","agree_to_votable"
"00","000","00","000","0000","0000","9945583","7599267","2346316","823945","10769528","19757067","23580833","54.51","38.46"
"63","000","00","000","0000","0000","1188644","892660","295984","86198","1274842","2228430","2669874","57.21","40.06"
"63","000","00","001","0000","0000","93225","70346","22879","6471","99696","169278","205826","58.89","41.56"
"63","000","00","001","0102","0000","2496","2014","482","188","2684","4660","0","57.6","43.22"
"63","000","00","001","0102","0527","861","663","198","57","918","1583","0","57.99","41.88"
"63","000","00","001","0102","0528","895","668","227","78","973","1691","0","57.54","39.5"
"63","000","00","001","0102","0529","740","683","57","53","793","1386","0","57.22","49.28"
"63","000","00","001","0103","0000","3850","2812","1038","303","4153","6767","0","61.37","41.55"
"63","000","00","001","0103","0530","760","560","200","63","823","1362","0","60.43","41.12"
"63","000","00","001","0103","0531","783","588","195","59","842","1399","0","60.19","42.03"
"63","000","00","001","0103","0532","744","542","202","59","803","1324","0","60.65","40.94"
"63","000","00","001","0103","0533","768","542","226","63","831","1296","0","64.12","41.82"
"63","000","00","001","0103","0534","795","580","215","59","854","1386","0","61.62","41.85"
"63","000","00","001","0104","0000","3265","2447","818","262","3527","5950","0","59.28","41.13"
"63","000","00","001","0104","0535","887","636","251","84","971","1529","0","63.51","41.6"
"63","000","00","001","0104","0536","766","609","157","50","816","1416","0","57.63","43.01"
"63","000","00","001","0104","0537","838","641","197","64","902","1619","0","55.71","39.59"
"63","000","00","001","0104","0538","774","561","213","64","838","1386","0","60.46","40.48"
"63","000","00","001","0105","0000","2353","1769","584","162","2515","4033","0","62.36","43.86"
"63","000","00","001","0105","0539","827","622","205","58","885","1380","0","64.13","45.07"
"63","000","00","001","0105","0540","763","576","187","53","816","1357","0","60.13","42.45"
"63","000","00","001","0105","0541","763","571","192","51","814","1296","0","62.81","44.06"
"63","000","00","001","0106","0000","2471","1879","592","190","2661","4450","0","59.8","42.22"
"63","000","00","001","0106","0542","898","721","177","85","983","1632","0","60.23","44.18"
"63","000","00","001","0106","0543","769","563","206","52","821","1414","0","58.06","39.82"
"63","000","00","001","0106","0544","804","595","209","53","857","1404","0","61.04","42.38"
"63","000","00","001","0107","0000","2397","1814","583","214","2611","4279","0","61.02","42.39"
"63","000","00","001","0107","0545","766","585","181","83","849","1365","0","62.2","42.86"
"63","000","00","001","0107","0546","787","600","187","73","860","1431","0","60.1","41.93"
"63","000","00","001","0107","0547","844","629","215","58","902","1483","0","60.82","42.41"
"63","000","00","001","0108","0000","2257","1771","486","153","2410","4010","0","60.1","44.16"
"63","000","00","001","0108","0548","759","592","167","50","809","1293","0","62.57","45.78"
"63","000","00","001","0108","0549","755","597","158","50","805","1410","0","57.09","42.34"
"63","000","00","001","0108","0550","743","582","161","53","796","1307","0","60.9","44.53"
"63","000","00","001","0109","0000","2167","1626","541","154","2321","3710","0","62.56","43.83"
"63","000","00","001","0109","0551","729","545","184","60","789","1242","0","63.53","43.88"
"63","000","00","001","0109","0552","697","525","172","35","732","1192","0","61.41","44.04"
"63","000","00","001","0109","0553","741","556","185","59","800","1276","0","62.7","43.57"
"63","000","00","001","0110","0000","2100","1566","534","120","2220","3676","0","60.39","42.6"
"63","000","00","001","0110","0554","669","491","178","35","704","1201","0","58.62","40.88"
"63","000","00","001","0110","0555","749","570","179","44","793","1318","0","60.17","43.25"
"63","000","00","001","0110","0556","682","505","177","41","723","1157","0","62.49","43.65"
"63","000","00","001","0111","0000","3427","2516","911","216","3643","6311","0","57.72","39.87"
"63","000","00","001","0111","0557","641","445","196","15","656","1157","0","56.7","38.46"
"63","000","00","001","0111","0558","766","578","188","64","830","1357","0","61.16","42.59"
"63","000","00","001","0111","0559","588","438","150","40","628","1215","0","51.69","36.05"
"63","000","00","001","0111","0560","734","546","188","47","781","1345","0","58.07","40.59"
"63","000","00","001","0111","0561","698","509","189","50","748","1237","0","60.47","41.15"
"63","000","00","001","0112","0000","4826","3807","1019","274","5100","8478","0","60.16","44.9"
"63","000","00","001","0112","0562","737","592","145","37","774","1393","0","55.56","42.5"
"63","000","00","001","0112","0563","795","565","230","60","855","1331","0","64.24","42.45"
"63","000","00","001","0112","0564","904","676","228","60","964","1550","0","62.19","43.61"
"63","000","00","001","0112","0565","709","602","107","30","739","1308","0","56.5","46.02"
"63","000","00","001","0112","0566","830","699","131","44","874","1490","0","58.66","46.91"
"63","000","00","001","0112","0567","851","673","178","43","894","1406","0","63.58","47.87"
"63","000","00","001","0113","0000","1344","951","393","80","1424","2286","0","62.29","41.6"
"63","000","00","001","0113","0568","726","521","205","44","770","1191","0","64.65","43.74"
"63","000","00","001","0113","0569","618","430","188","36","654","1095","0","59.73","39.27"
"63","000","00","001","0114","0000","2014","1499","515","161","2175","3688","0","58.98","40.65"
"63","000","00","001","0114","0570","655","481","174","50","705","1198","0","58.85","40.15"
"63","000","00","001","0114","0571","681","522","159","59","740","1265","0","58.5","41.26"
"63","000","00","001","0114","0572","678","496","182","52","730","1225","0","59.59","40.49"
"63","000","00","001","0115","0000","2965","2221","744","190","3155","5271","0","59.86","42.14"
"63","000","00","001","0115","0573","988","738","250","61","1049","1698","0","61.78","43.46"
"63","000","00","001","0115","0574","992","773","219","59","1051","1819","0","57.78","42.5"
"63","000","00","001","0115","0575","985","710","275","70","1055","1754","0","60.15","40.48"
"63","000","00","001","0116","0000","4356","3163","1193","283","4639","7675","0","60.44","41.21"
"63","000","00","001","0116","0576","796","557","239","45","841","1361","0","61.79","40.93"
"63","000","00","001","0116","0577","703","539","164","28","731","1189","0","61.48","45.33"
"63","000","00","001","0116","0578","693","494","199","53","746","1214","0","61.45","40.69"
"63","000","00","001","0116","0579","701","518","183","56","757","1284","0","58.96","40.34"
"63","000","00","001","0116","0580","739","551","188","61","800","1297","0","61.68","42.48"
"63","000","00","001","0116","0581","724","504","220","40","764","1330","0","57.44","37.89"
"63","000","00","001","0117","0000","3178","2469","709","206","3384","5685","0","59.53","43.43"
"63","000","00","001","0117","0582","799","632","167","61","860","1396","0","61.6","45.27"
"63","000","00","001","0117","0583","783","619","164","37","820","1480","0","55.41","41.82"
"63","000","00","001","0117","0584","825","644","181","38","863","1419","0","60.82","45.38"
"63","000","00","001","0117","0585","771","574","197","70","841","1390","0","60.5","41.29"
"63","000","00","001","0118","0000","3076","2206","870","265","3341","7127","0","46.88","30.95"
"63","000","00","001","0118","0588","837","602","235","58","895","2677","0","33.43","22.49"
"63","000","00","001","0118","0589","705","507","198","68","773","1281","0","60.34","39.58"
"63","000","00","001","0118","0590","655","460","195","57","712","1469","0","48.47","31.31"
"63","000","00","001","0118","0591","879","637","242","82","961","1700","0","56.53","37.47"
"63","000","00","001","0119","0000","3944","2893","1051","299","4243","7443","0","57.01","38.87"
"63","000","00","001","0119","0592","782","589","193","34","816","1503","0","54.29","39.19"
"63","000","00","001","0119","0593","700","507","193","54","754","1309","0","57.6","38.73"
"63","000","00","001","0119","0594","762","581","181","70","832","1376","0","60.47","42.22"
"63","000","00","001","0119","0595","887","638","249","57","944","1654","0","57.07","38.57"
"63","000","00","001","0119","0596","813","578","235","84","897","1601","0","56.03","36.1"
"63","000","00","001","0120","0000","2753","2178","575","190","2943","4845","0","60.74","44.95"
"63","000","00","001","0120","0597","833","691","142","41","874","1496","0","58.42","46.19"
"63","000","00","001","0120","0598","929","717","212","85","1014","1598","0","63.45","44.87"
"63","000","00","001","0120","0599","991","770","221","64","1055","1751","0","60.25","43.97"
"63","000","00","001","0121","0000","5023","4111","912","277","5300","8544","0","62.03","48.12"
"63","000","00","001","0121","0600","913","740","173","53","966","1557","0","62.04","47.53"
"63","000","00","001","0121","0601","1059","872","187","55","1114","1686","0","66.07","51.72"
"63","000","00","001","0121","0602","994","872","122","59","1053","1707","0","61.69","51.08"
"63","000","00","001","0121","0603","1132","923","209","59","1191","1854","0","64.24","49.78"
"63","000","00","001","0121","0604","925","704","221","51","976","1740","0","56.09","40.46"
"63","000","00","001","0122","0000","4123","3101","1022","291","4414","7404","0","59.62","41.88"
"63","000","00","001","0122","0605","804","590","214","83","887","1494","0","59.37","39.49"
"63","000","00","001","0122","0606","823","636","187","50","873","1453","0","60.08","43.77"
"63","000","00","001","0122","0607","816","604","212","56","872","1458","0","59.81","41.43"
"63","000","00","001","0122","0608","843","646","197","57","900","1536","0","58.59","42.06"
"63","000","00","001","0122","0609","837","625","212","45","882","1463","0","60.29","42.72"
"63","000","00","001","0124","0000","3647","2655","992","259","3906","7047","0","55.43","37.68"
"63","000","00","001","0124","0610","908","669","239","44","952","1790","0","53.18","37.37"
"63","000","00","001","0124","0611","939","662","277","59","998","1679","0","59.44","39.43"
"63","000","00","001","0124","0612","858","646","212","80","938","1785","0","52.55","36.19"
"63","000","00","001","0124","0613","942","678","264","76","1018","1793","0","56.78","37.81"
"63","000","00","001","0125","0000","3131","2383","748","249","3380","5573","0","60.65","42.76"
"63","000","00","001","0125","0614","754","597","157","67","821","1381","0","59.45","43.23"
"63","000","00","001","0125","0615","719","548","171","53","772","1279","0","60.36","42.85"
"63","000","00","001","0125","0616","938","700","238","75","1013","1681","0","60.26","41.64"
"63","000","00","001","0125","0617","720","538","182","54","774","1232","0","62.82","43.67"
"63","000","00","001","0126","0000","4211","3244","967","267","4478","7803","0","57.39","41.57"
"63","000","00","001","0126","0618","819","808","11","63","882","1533","0","57.53","52.71"
"63","000","00","001","0126","0619","887","632","255","58","945","1540","0","61.36","41.04"
"63","000","00","001","0126","0620","901","645","256","51","952","1716","0","55.48","37.59"
"63","000","00","001","0126","0621","866","606","260","55","921","1664","0","55.35","36.42"
"63","000","00","001","0126","0622","738","553","185","40","778","1350","0","57.63","40.96"
"63","000","00","001","0127","0000","1750","1310","440","144","1894","3395","0","55.79","38.59"
"63","000","00","001","0127","0623","983","748","235","58","1041","1837","0","56.67","40.72"
"63","000","00","001","0127","0624","767","562","205","86","853","1558","0","54.75","36.07"
"63","000","00","001","0128","0000","1606","1198","408","119","1725","2894","0","59.61","41.4"
"63","000","00","001","0128","0625","817","604","213","61","878","1420","0","61.83","42.54"
"63","000","00","001","0128","0626","789","594","195","58","847","1474","0","57.46","40.3"
"63","000","00","001","0129","0000","1776","1298","478","132","1908","3317","0","57.52","39.13"
"63","000","00","001","0129","0627","844","597","247","65","909","1591","0","57.13","37.52"
"63","000","00","001","0129","0628","932","701","231","67","999","1726","0","57.88","40.61"
"63","000","00","001","0130","0000","3139","2266","873","207","3346","5792","0","57.77","39.12"
"63","000","00","001","0130","0629","797","575","222","49","846","1452","0","58.26","39.6"
"63","000","00","001","0130","0630","783","565","218","43","826","1482","0","55.74","38.12"
"63","000","00","001","0130","0631","810","584","226","56","866","1460","0","59.32","40.0"
"63","000","00","001","0130","0632","749","542","207","59","808","1398","0","57.8","38.77"
"63","000","00","001","0131","0000","1507","1152","355","90","1597","2649","0","60.29","43.49"
"63","000","00","001","0131","0633","803","607","196","60","863","1423","0","60.65","42.66"
"63","000","00","001","0131","0634","704","545","159","30","734","1226","0","59.87","44.45"
"63","000","00","001","0132","0000","2090","1620","470","125","2215","3761","0","58.89","43.07"
"63","000","00","001","0132","0635","654","507","147","48","702","1158","0","60.62","43.78"
"63","000","00","001","0132","0636","771","574","197","52","823","1426","0","57.71","40.25"
"63","000","00","001","0132","0637","665","539","126","25","690","1177","0","58.62","45.79"
"63","000","00","001","0133","0000","3009","2221","788","231","3240","5355","0","60.5","41.48"
"63","000","00","001","0133","0638","739","533","206","55","794","1363","0","58.25","39.1"
"63","000","00","001","0133","0639","709","538","171","61","770","1240","0","62.1","43.39"
"63","000","00","001","0133","0640","788","575","213","64","852","1375","0","61.96","41.82"
"63","000","00","001","0133","0641","773","575","198","51","824","1377","0","59.84","41.76"
"63","000","00","001","0134","0000","1256","910","346","76","1332","2242","0","59.41","40.59"
"63","000","00","001","0134","0642","639","480","159","35","674","1225","0","55.02","39.18"
"63","000","00","001","0134","0643","617","430","187","41","658","1017","0","64.7","42.28"
"63","000","00","001","0135","0000","1718","1276","442","94","1812","3158","0","57.38","40.41"
"63","000","00","001","0135","0586","863","641","222","49","912","1525","0","59.8","42.03"
"63","000","00","001","0135","0587","855","635","220","45","900","1633","0","55.11","38.89"
"63","000","00","002","0000","0000","102390","77960","24430","6933","109323","190444","223594","57.4","40.94"
"63","000","00","002","0201","0000","2369","1911","458","117","2486","5151","0","48.26","37.1"
"63","000","00","002","0201","0644","760","605","155","32","792","2476","0","31.99","24.43"
"63","000","00","002","0201","0645","843","695","148","31","874","1381","0","63.29","50.33"
"63","000","00","002","0201","0646","766","611","155","54","820","1294","0","63.37","47.22"
"63","000","00","002","0202","0000","2204","1700","504","112","2316","3949","0","58.65","43.05"
"63","000","00","002","0202","0647","748","572","176","11","759","1351","0","56.18","42.34"
"63","000","00","002","0202","0648","723","564","159","41","764","1296","0","58.95","43.52"
"63","000","00","002","0202","0649","733","564","169","60","793","1302","0","60.91","43.32"
"63","000","00","002","0203","0000","1251","953","298","115","1366","2446","0","55.85","38.96"
"63","000","00","002","0203","0650","513","403","110","69","582","1025","0","56.78","39.32"
"63","000","00","002","0203","0651","738","550","188","46","784","1421","0","55.17","38.71"
"63","000","00","002","0204","0000","1550","1195","355","98","1648","3076","0","53.58","38.85"
"63","000","00","002","0204","0652","792","622","170","54","846","1501","0","56.36","41.44"
"63","000","00","002","0204","0653","758","573","185","44","802","1575","0","50.92","36.38"
"63","000","00","002","0205","0000","1614","1235","379","68","1682","2898","0","58.04","42.62"
"63","000","00","002","0205","0654","838","661","177","35","873","1516","0","57.59","43.6"
"63","000","00","002","0205","0655","776","574","202","33","809","1382","0","58.54","41.53"
"63","000","00","002","0206","0000","2753","2099","654","222","2975","5054","0","58.86","41.53"
"63","000","00","002","0206","0656","604","464","140","52","656","1128","0","58.16","41.13"
"63","000","00","002","0206","0657","723","561","162","70","793","1397","0","56.76","40.16"
"63","000","00","002","0206","0658","676","500","176","51","727","1161","0","62.62","43.07"
"63","000","00","002","0206","0659","750","574","176","49","799","1368","0","58.41","41.96"
"63","000","00","002","0207","0000","2646","2027","619","164","2810","4589","0","61.23","44.17"
"63","000","00","002","0207","0660","585","445","140","33","618","1049","0","58.91","42.42"
"63","000","00","002","0207","0661","753","601","152","54","807","1308","0","61.7","45.95"
"63","000","00","002","0207","0662","670","508","162","54","724","1154","0","62.74","44.02"
"63","000","00","002","0207","0663","638","473","165","23","661","1078","0","61.32","43.88"
"63","000","00","002","0208","0000","3760","2870","890","229","3989","6667","0","59.83","43.05"
"63","000","00","002","0208","0664","757","590","167","50","807","1375","0","58.69","42.91"
"63","000","00","002","0208","0665","813","641","172","45","858","1448","0","59.25","44.27"
"63","000","00","002","0208","0666","714","532","182","29","743","1250","0","59.44","42.56"
"63","000","00","002","0208","0667","785","584","201","43","828","1381","0","59.96","42.29"
"63","000","00","002","0208","0668","691","523","168","62","753","1213","0","62.08","43.12"
"63","000","00","002","0209","0000","4862","3672","1190","303","5165","8706","0","59.33","42.18"
"63","000","00","002","0209","0669","841","627","214","57","898","1373","0","65.4","45.67"
"63","000","00","002","0209","0670","703","523","180","44","747","1226","0","60.93","42.66"
"63","000","00","002","0209","0671","633","466","167","26","659","1117","0","59.0","41.72"
"63","000","00","002","0209","0672","640","489","151","55","695","1123","0","61.89","43.54"
"63","000","00","002","0209","0673","676","520","156","51","727","1200","0","60.58","43.33"
"63","000","00","002","0209","0674","678","515","163","32","710","1335","0","53.18","38.58"
"63","000","00","002","0209","0675","691","532","159","38","729","1332","0","54.73","39.94"
"63","000","00","002","0210","0000","1703","1171","532","155","1858","3190","0","58.24","36.71"
"63","000","00","002","0210","0676","893","662","231","82","975","1648","0","59.16","40.17"
"63","000","00","002","0210","0677","810","509","301","73","883","1542","0","57.26","33.01"
"63","000","00","002","0211","0000","2383","1776","607","179","2562","4362","0","58.73","40.72"
"63","000","00","002","0211","0678","671","507","164","59","730","1228","0","59.45","41.29"
"63","000","00","002","0211","0679","929","671","258","71","1000","1731","0","57.77","38.76"
"63","000","00","002","0211","0680","783","598","185","49","832","1403","0","59.3","42.62"
"63","000","00","002","0212","0000","1724","1307","417","149","1873","3229","0","58.01","40.48"
"63","000","00","002","0212","0681","976","744","232","95","1071","1929","0","55.52","38.57"
"63","000","00","002","0212","0682","748","563","185","54","802","1300","0","61.69","43.31"
"63","000","00","002","0213","0000","2247","1683","564","174","2421","4405","0","54.96","38.21"
"63","000","00","002","0213","0683","741","556","185","39","780","1486","0","52.49","37.42"
"63","000","00","002","0213","0684","702","532","170","73","775","1532","0","50.59","34.73"
"63","000","00","002","0213","0685","804","595","209","62","866","1387","0","62.44","42.9"
"63","000","00","002","0214","0000","1771","1320","451","143","1914","3536","0","54.13","37.33"
"63","000","00","002","0214","0686","612","452","160","46","658","1195","0","55.06","37.82"
"63","000","00","002","0214","0687","547","420","127","40","587","1068","0","54.96","39.33"
"63","000","00","002","0214","0688","612","448","164","57","669","1273","0","52.55","35.19"
"63","000","00","002","0215","0000","2071","1575","496","178","2249","3898","0","57.7","40.41"
"63","000","00","002","0215","0689","768","607","161","72","840","1329","0","63.21","45.67"
"63","000","00","002","0215","0690","660","498","162","48","708","1311","0","54.0","37.99"
"63","000","00","002","0215","0691","643","470","173","58","701","1258","0","55.72","37.36"
"63","000","00","002","0216","0000","2815","2071","744","245","3060","5022","0","60.93","41.24"
"63","000","00","002","0216","0692","701","516","185","73","774","1277","0","60.61","40.41"
"63","000","00","002","0216","0693","749","570","179","64","813","1285","0","63.27","44.36"
"63","000","00","002","0216","0694","682","501","181","60","742","1161","0","63.91","43.15"
"63","000","00","002","0216","0695","683","484","199","48","731","1299","0","56.27","37.26"
"63","000","00","002","0217","0000","2630","2005","625","174","2804","4811","0","58.28","41.68"
"63","000","00","002","0217","0696","667","511","156","51","718","1243","0","57.76","41.11"
"63","000","00","002","0217","0697","652","491","161","41","693","1197","0","57.89","41.02"
"63","000","00","002","0217","0698","729","547","182","37","766","1224","0","62.58","44.69"
"63","000","00","002","0217","0699","582","456","126","45","627","1147","0","54.66","39.76"
"63","000","00","002","0218","0000","2341","1747","594","140","2481","4373","0","56.73","39.95"
"63","000","00","002","0218","0700","521","377","144","29","550","1045","0","52.63","36.08"
"63","000","00","002","0218","0701","634","489","145","35","669","1096","0","61.04","44.62"
"63","000","00","002","0218","0702","599","455","144","21","620","1115","0","55.61","40.81"
"63","000","00","002","0218","0703","587","426","161","55","642","1117","0","57.48","38.14"
"63","000","00","002","0219","0000","1969","1553","416","144","2113","3770","0","56.05","41.19"
"63","000","00","002","0219","0704","501","379","122","31","532","1019","0","52.21","37.19"
"63","000","00","002","0219","0705","736","587","149","59","795","1346","0","59.06","43.61"
"63","000","00","002","0219","0706","732","587","145","54","786","1405","0","55.94","41.78"
"63","000","00","002","0220","0000","3678","2816","862","230","3908","6448","0","60.61","43.67"
"63","000","00","002","0220","0707","744","586","158","49","793","1356","0","58.48","43.22"
"63","000","00","002","0220","0708","753","562","191","43","796","1250","0","63.68","44.96"
"63","000","00","002","0220","0709","720","553","167","47","767","1254","0","61.16","44.1"
"63","000","00","002","0220","0710","718","559","159","33","751","1317","0","57.02","42.44"
"63","000","00","002","0220","0711","743","556","187","58","801","1271","0","63.02","43.75"
"63","000","00","002","0221","0000","1043","770","273","85","1128","2004","0","56.29","38.42"
"63","000","00","002","0221","0712","517","379","138","37","554","979","0","56.59","38.71"
"63","000","00","002","0221","0713","526","391","135","48","574","1025","0","56.0","38.15"
"63","000","00","002","0222","0000","3133","2390","743","153","3286","5741","0","57.24","41.63"
"63","000","00","002","0222","0714","711","560","151","41","752","1512","0","49.74","37.04"
"63","000","00","002","0222","0715","854","648","206","36","890","1483","0","60.01","43.7"
"63","000","00","002","0222","0716","779","605","174","48","827","1359","0","60.85","44.52"
"63","000","00","002","0222","0717","789","577","212","28","817","1387","0","58.9","41.6"
"63","000","00","002","0223","0000","2380","1777","603","132","2512","4448","0","56.47","39.95"
"63","000","00","002","0223","0718","745","551","194","39","784","1455","0","53.88","37.87"
"63","000","00","002","0223","0719","796","565","231","39","835","1461","0","57.15","38.67"
"63","000","00","002","0223","0720","839","661","178","54","893","1532","0","58.29","43.15"
"63","000","00","002","0224","0000","2218","1613","605","207","2425","3964","0","61.18","40.69"
"63","000","00","002","0224","0721","614","456","158","55","669","1043","0","64.14","43.72"
"63","000","00","002","0224","0722","500","353","147","53","553","875","0","63.2","40.34"
"63","000","00","002","0224","0723","494","368","126","27","521","927","0","56.2","39.7"
"63","000","00","002","0224","0724","610","436","174","72","682","1119","0","60.95","38.96"
"63","000","00","002","0225","0000","3862","2854","1008","307","4169","7061","0","59.04","40.42"
"63","000","00","002","0225","0725","794","568","226","61","855","1463","0","58.44","38.82"
"63","000","00","002","0225","0726","756","552","204","63","819","1293","0","63.34","42.69"
"63","000","00","002","0225","0727","821","623","198","59","880","1553","0","56.66","40.12"
"63","000","00","002","0225","0728","736","537","199","44","780","1360","0","57.35","39.49"
"63","000","00","002","0225","0729","755","574","181","80","835","1392","0","59.99","41.24"
"63","000","00","002","0226","0000","2928","2166","762","169","3097","5430","0","57.03","39.89"
"63","000","00","002","0226","0730","739","545","194","31","770","1377","0","55.92","39.58"
"63","000","00","002","0226","0731","763","587","176","17","780","1377","0","56.64","42.63"
"63","000","00","002","0226","0732","663","448","215","39","702","1269","0","55.32","35.3"
"63","000","00","002","0226","0733","763","586","177","82","845","1407","0","60.06","41.65"
"63","000","00","002","0227","0000","1975","1510","465","129","2104","3609","0","58.3","41.84"
"63","000","00","002","0227","0734","644","491","153","40","684","1172","0","58.36","41.89"
"63","000","00","002","0227","0735","647","501","146","27","674","1182","0","57.02","42.39"
"63","000","00","002","0227","0736","684","518","166","62","746","1255","0","59.44","41.27"
"63","000","00","002","0228","0000","2258","1766","492","130","2388","4437","0","53.82","39.8"
"63","000","00","002","0228","0737","816","644","172","53","869","1689","0","51.45","38.13"
"63","000","00","002","0228","0738","831","644","187","37","868","1605","0","54.08","40.12"
"63","000","00","002","0228","0739","611","478","133","40","651","1143","0","56.96","41.82"
"63","000","00","002","0229","0000","3106","2404","702","209","3315","5898","0","56.21","40.76"
"63","000","00","002","0229","0740","732","560","172","45","777","1440","0","53.96","38.89"
"63","000","00","002","0229","0741","807","630","177","53","860","1495","0","57.53","42.14"
"63","000","00","002","0229","0742","826","625","201","61","887","1514","0","58.59","41.28"
"63","000","00","002","0229","0743","741","589","152","50","791","1449","0","54.59","40.65"
"63","000","00","002","0230","0000","4346","3377","969","228","4574","7867","0","58.14","42.93"
"63","000","00","002","0230","0744","797","608","189","52","849","1401","0","60.6","43.4"
"63","000","00","002","0230","0745","602","478","124","28","630","1181","0","53.34","40.47"
"63","000","00","002","0230","0746","812","632","180","35","847","1376","0","61.56","45.93"
"63","000","00","002","0230","0747","818","645","173","53","871","1422","0","61.25","45.36"
"63","000","00","002","0230","0748","694","552","142","28","722","1267","0","56.99","43.57"
"63","000","00","002","0230","0749","623","462","161","32","655","1220","0","53.69","37.87"
"63","000","00","002","0231","0000","2357","1835","522","120","2477","4622","0","53.59","39.7"
"63","000","00","002","0231","0750","770","592","178","31","801","1562","0","51.28","37.9"
"63","000","00","002","0231","0751","760","591","169","37","797","1455","0","54.78","40.62"
"63","000","00","002","0231","0752","827","652","175","52","879","1605","0","54.77","40.62"
"63","000","00","002","0232","0000","3248","2537","711","177","3425","6070","0","56.43","41.8"
"63","000","00","002","0232","0753","960","787","173","29","989","1626","0","60.82","48.4"
"63","000","00","002","0232","0754","849","647","202","84","933","1561","0","59.77","41.45"
"63","000","00","002","0232","0755","709","537","172","34","743","1547","0","48.03","34.71"
"63","000","00","002","0232","0756","730","566","164","30","760","1336","0","56.89","42.37"
"63","000","00","002","0233","0000","3541","2732","809","276","3817","6899","0","55.33","39.6"
"63","000","00","002","0233","0757","629","504","125","50","679","1314","0","51.67","38.36"
"63","000","00","002","0233","0758","652","511","141","49","701","1297","0","54.05","39.4"
"63","000","00","002","0233","0759","696","527","169","65","761","1366","0","55.71","38.58"
"63","000","00","002","0233","0760","779","576","203","62","841","1472","0","57.13","39.13"
"63","000","00","002","0233","0761","785","614","171","50","835","1450","0","57.59","42.34"
"63","000","00","002","0234","0000","2265","1693","572","202","2467","4100","0","60.17","41.29"
"63","000","00","002","0234","0762","715","529","186","57","772","1328","0","58.13","39.83"
"63","000","00","002","0234","0763","787","591","196","69","856","1399","0","61.19","42.24"
"63","000","00","002","0234","0764","763","573","190","76","839","1373","0","61.11","41.73"
"63","000","00","002","0235","0000","1869","1443","426","118","1987","3592","0","55.32","40.17"
"63","000","00","002","0235","0765","574","449","125","33","607","1099","0","55.23","40.86"
"63","000","00","002","0235","0766","655","488","167","52","707","1226","0","57.67","39.8"
"63","000","00","002","0235","0767","640","506","134","33","673","1267","0","53.12","39.94"
"63","000","00","002","0236","0000","3433","2648","785","211","3644","6247","0","58.33","42.39"
"63","000","00","002","0236","0768","843","643","200","74","917","1531","0","59.9","42.0"
"63","000","00","002","0236","0769","820","636","184","54","874","1438","0","60.78","44.23"
"63","000","00","002","0236","0770","858","667","191","31","889","1657","0","53.65","40.25"
"63","000","00","002","0236","0771","912","702","210","52","964","1621","0","59.47","43.31"
"63","000","00","002","0237","0000","1609","1206","403","73","1682","2842","0","59.18","42.43"
"63","000","00","002","0237","0772","837","628","209","34","871","1508","0","57.76","41.64"
"63","000","00","002","0237","0773","772","578","194","39","811","1334","0","60.79","43.33"
"63","000","00","002","0238","0000","1943","1477","466","128","2071","3662","0","56.55","40.33"
"63","000","00","002","0238","0774","543","412","131","51","594","1246","0","47.67","33.07"
"63","000","00","002","0238","0775","717","541","176","45","762","1196","0","63.71","45.23"
"63","000","00","002","0238","0776","683","524","159","32","715","1220","0","58.61","42.95"
"63","000","00","002","0239","0000","3253","2538","715","262","3515","6210","0","56.6","40.87"
"63","000","00","002","0239","0777","812","624","188","34","846","1538","0","55.01","40.57"
"63","000","00","002","0239","0778","869","687","182","74","943","1565","0","60.26","43.9"
"63","000","00","002","0239","0779","804","630","174","85","889","1621","0","54.84","38.86"
"63","000","00","002","0239","0780","768","597","171","69","837","1486","0","56.33","40.17"
"63","000","00","002","0240","0000","2327","1807","520","180","2507","4310","0","58.17","41.93"
"63","000","00","002","0240","0781","768","596","172","36","804","1507","0","53.35","39.55"
"63","000","00","002","0240","0782","827","650","177","72","899","1516","0","59.3","42.88"
"63","000","00","002","0240","0783","732","561","171","72","804","1287","0","62.47","43.59"
"63","000","00","002","0241","0000","955","731","224","98","1053","1851","0","56.89","39.49"
"63","000","00","002","0241","0784","499","380","119","58","557","1050","0","53.05","36.19"
"63","000","00","002","0241","0785","456","351","105","40","496","801","0","61.92","43.82"
"63","000","00","003","0000","0000","135285","101321","33964","8129","143414","252645","308835","56.77","40.1"
"63","000","00","003","0301","0000","2613","1995","618","125","2738","4848","0","56.48","41.15"
"63","000","00","003","0301","1214","612","453","159","31","643","1184","0","54.31","38.26"
"63","000","00","003","0301","1215","609","465","144","44","653","1197","0","54.55","38.85"
"63","000","00","003","0301","1216","673","497","176","27","700","1221","0","57.33","40.7"
"63","000","00","003","0301","1217","719","580","139","23","742","1246","0","59.55","46.55"
"63","000","00","003","0302","0000","2443","1772","671","170","2613","4386","0","59.58","40.4"
"63","000","00","003","0302","1218","857","614","243","42","899","1478","0","60.83","41.54"
"63","000","00","003","0302","1219","686","493","193","65","751","1314","0","57.15","37.52"
"63","000","00","003","0302","1220","900","665","235","63","963","1594","0","60.41","41.72"
"63","000","00","003","0303","0000","3267","2404","863","150","3417","5767","0","59.25","41.69"
"63","000","00","003","0303","1221","823","598","225","30","853","1429","0","59.69","41.85"
"63","000","00","003","0303","1222","843","642","201","29","872","1452","0","60.06","44.21"
"63","000","00","003","0303","1223","850","603","247","36","886","1551","0","57.12","38.88"
"63","000","00","003","0303","1224","751","561","190","55","806","1335","0","60.37","42.02"
"63","000","00","003","0304","0000","3579","2620","959","236","3815","6795","0","56.14","38.56"
"63","000","00","003","0304","1225","612","455","157","30","642","1196","0","53.68","38.04"
"63","000","00","003","0304","1226","694","489","205","39","733","1339","0","54.74","36.52"
"63","000","00","003","0304","1227","760","534","226","45","805","1448","0","55.59","36.88"
"63","000","00","003","0304","1228","748","581","167","51","799","1373","0","58.19","42.32"
"63","000","00","003","0304","1229","765","561","204","71","836","1439","0","58.1","38.99"
"63","000","00","003","0305","0000","2206","1662","544","116","2322","4461","0","52.05","37.26"
"63","000","00","003","0305","1230","606","450","156","17","623","1174","0","53.07","38.33"
"63","000","00","003","0305","1231","569","413","156","31","600","1144","0","52.45","36.1"
"63","000","00","003","0305","1232","566","442","124","34","600","1119","0","53.62","39.5"
"63","000","00","003","0305","1233","465","357","108","34","499","1024","0","48.73","34.86"
"63","000","00","003","0306","0000","2887","2280","607","171","3058","5067","0","60.35","45.0"
"63","000","00","003","0306","1234","600","488","112","27","627","1032","0","60.76","47.29"
"63","000","00","003","0306","1235","753","659","94","41","794","1319","0","60.2","49.96"
"63","000","00","003","0306","1236","795","615","180","47","842","1369","0","61.5","44.92"
"63","000","00","003","0306","1237","739","518","221","56","795","1347","0","59.02","38.46"
"63","000","00","003","0307","0000","2975","2146","829","160","3135","5988","0","52.35","35.84"
"63","000","00","003","0307","1238","812","568","244","51","863","1655","0","52.15","34.32"
"63","000","00","003","0307","1239","760","575","185","41","801","1595","0","50.22","36.05"
"63","000","00","003","0307","1240","753","525","228","42","795","1429","0","55.63","36.74"
"63","000","00","003","0307","1241","650","478","172","26","676","1309","0","51.64","36.52"
"63","000","00","003","0308","0000","1438","1016","422","91","1529","2818","0","54.26","36.05"
"63","000","00","003","0308","1242","763","554","209","47","810","1508","0","53.71","36.74"
"63","000","00","003","0308","1243","675","462","213","44","719","1310","0","54.89","35.27"
"63","000","00","003","0309","0000","1783","1289","494","134","1917","3667","0","52.28","35.15"
"63","000","00","003","0309","1244","596","424","172","38","634","1233","0","51.42","34.39"
"63","000","00","003","0309","1245","629","466","163","58","687","1287","0","53.38","36.21"
"63","000","00","003","0309","1246","558","399","159","38","596","1147","0","51.96","34.79"
"63","000","00","003","0310","0000","3302","2451","851","214","3516","6508","0","54.03","37.66"
"63","000","00","003","0310","1247","642","465","177","33","675","1260","0","53.57","36.9"
"63","000","00","003","0310","1248","722","549","173","45","767","1377","0","55.7","39.87"
"63","000","00","003","0310","1249","646","488","158","68","714","1284","0","55.61","38.01"
"63","000","00","003","0310","1250","647","493","154","36","683","1314","0","51.98","37.52"
"63","000","00","003","0310","1251","645","456","189","32","677","1273","0","53.18","35.82"
"63","000","00","003","0311","0000","2746","1998","748","126","2872","4829","0","59.47","41.38"
"63","000","00","003","0311","1252","637","453","184","29","666","1146","0","58.12","39.53"
"63","000","00","003","0311","1253","721","517","204","30","751","1285","0","58.44","40.23"
"63","000","00","003","0311","1254","749","542","207","33","782","1297","0","60.29","41.79"
"63","000","00","003","0311","1255","639","486","153","34","673","1101","0","61.13","44.14"
"63","000","00","003","0312","0000","2207","1598","609","159","2366","4047","0","58.46","39.49"
"63","000","00","003","0312","1256","693","497","196","62","755","1310","0","57.63","37.94"
"63","000","00","003","0312","1257","766","540","226","65","831","1365","0","60.88","39.56"
"63","000","00","003","0312","1258","748","561","187","32","780","1372","0","56.85","40.89"
"63","000","00","003","0313","0000","2047","1486","561","118","2165","3596","0","60.21","41.32"
"63","000","00","003","0313","1259","695","501","194","34","729","1189","0","61.31","42.14"
"63","000","00","003","0313","1260","699","498","201","47","746","1256","0","59.39","39.65"
"63","000","00","003","0313","1261","653","487","166","37","690","1151","0","59.95","42.31"
"63","000","00","003","0314","0000","3338","2454","884","191","3529","6129","0","57.58","40.04"
"63","000","00","003","0314","1262","677","481","196","45","722","1501","0","48.1","32.05"
"63","000","00","003","0314","1263","860","657","203","40","900","1520","0","59.21","43.22"
"63","000","00","003","0314","1264","897","645","252","52","949","1529","0","62.07","42.18"
"63","000","00","003","0314","1265","904","671","233","54","958","1579","0","60.67","42.5"
"63","000","00","003","0315","0000","2927","2197","730","151","3078","6705","0","45.91","32.77"
"63","000","00","003","0315","1266","629","470","159","48","677","2619","0","25.85","17.95"
"63","000","00","003","0315","1267","708","555","153","28","736","1290","0","57.05","43.02"
"63","000","00","003","0315","1268","768","541","227","39","807","1307","0","61.74","41.39"
"63","000","00","003","0315","1269","822","631","191","36","858","1489","0","57.62","42.38"
"63","000","00","003","0316","0000","2729","2015","714","140","2869","4884","0","58.74","41.26"
"63","000","00","003","0316","1270","645","496","149","40","685","1097","0","62.44","45.21"
"63","000","00","003","0316","1271","724","542","182","48","772","1328","0","58.13","40.81"
"63","000","00","003","0316","1272","650","469","181","26","676","1189","0","56.85","39.44"
"63","000","00","003","0316","1273","710","508","202","26","736","1270","0","57.95","40.0"
"63","000","00","003","0317","0000","2859","2090","769","151","3010","5155","0","58.39","40.54"
"63","000","00","003","0317","1274","735","528","207","21","756","1349","0","56.04","39.14"
"63","000","00","003","0317","1275","685","515","170","35","720","1292","0","55.73","39.86"
"63","000","00","003","0317","1276","761","564","197","43","804","1314","0","61.19","42.92"
"63","000","00","003","0317","1277","678","483","195","52","730","1200","0","60.83","40.25"
"63","000","00","003","0318","0000","1699","1227","472","97","1796","3119","0","57.58","39.34"
"63","000","00","003","0318","1278","854","610","244","50","904","1558","0","58.02","39.15"
"63","000","00","003","0318","1279","845","617","228","47","892","1561","0","57.14","39.53"
"63","000","00","003","0319","0000","1641","1252","389","102","1743","2945","0","59.19","42.51"
"63","000","00","003","0319","1280","803","617","186","59","862","1446","0","59.61","42.67"
"63","000","00","003","0319","1281","838","635","203","43","881","1499","0","58.77","42.36"
"63","000","00","003","0320","0000","1514","1208","306","82","1596","2978","0","53.59","40.56"
"63","000","00","003","0320","1282","826","640","186","30","856","1467","0","58.35","43.63"
"63","000","00","003","0320","1283","688","568","120","52","740","1511","0","48.97","37.59"
"63","000","00","003","0321","0000","2618","1929","689","165","2783","4640","0","59.98","41.57"
"63","000","00","003","0321","1284","897","674","223","61","958","1600","0","59.88","42.13"
"63","000","00","003","0321","1285","877","619","258","53","930","1573","0","59.12","39.35"
"63","000","00","003","0321","1286","844","636","208","51","895","1467","0","61.01","43.35"
"63","000","00","003","0322","0000","3228","2445","783","209","3437","5891","0","58.34","41.5"
"63","000","00","003","0322","1287","744","584","160","61","805","1358","0","59.28","43.0"
"63","000","00","003","0322","1288","829","620","209","71","900","1568","0","57.4","39.54"
"63","000","00","003","0322","1289","791","575","216","47","838","1411","0","59.39","40.75"
"63","000","00","003","0322","1290","864","666","198","30","894","1554","0","57.53","42.86"
"63","000","00","003","0323","0000","3364","2698","666","140","3504","5712","0","61.34","47.23"
"63","000","00","003","0323","1291","779","604","175","43","822","1345","0","61.12","44.91"
"63","000","00","003","0323","1292","801","652","149","27","828","1435","0","57.7","45.44"
"63","000","00","003","0323","1293","893","708","185","30","923","1481","0","62.32","47.81"
"63","000","00","003","0323","1294","891","734","157","40","931","1451","0","64.16","50.59"
"63","000","00","003","0326","0000","1705","1252","453","105","1810","3091","0","58.56","40.5"
"63","000","00","003","0326","1295","855","628","227","66","921","1566","0","58.81","40.1"
"63","000","00","003","0326","1296","850","624","226","39","889","1525","0","58.3","40.92"
"63","000","00","003","0327","0000","2180","1637","543","157","2337","4215","0","55.44","38.84"
"63","000","00","003","0327","1297","684","517","167","52","736","1336","0","55.09","38.7"
"63","000","00","003","0327","1298","828","606","222","65","893","1483","0","60.22","40.86"
"63","000","00","003","0327","1299","668","514","154","40","708","1396","0","50.72","36.82"
"63","000","00","003","0328","0000","3120","2310","810","181","3301","5535","0","59.64","41.73"
"63","000","00","003","0328","1300","809","605","204","62","871","1406","0","61.95","43.03"
"63","000","00","003","0328","1301","812","600","212","40","852","1434","0","59.41","41.84"
"63","000","00","003","0328","1302","711","521","190","37","748","1288","0","58.07","40.45"
"63","000","00","003","0328","1303","788","584","204","42","830","1407","0","58.99","41.51"
"63","000","00","003","0329","0000","2293","1739","554","156","2449","4554","0","53.78","38.19"
"63","000","00","003","0329","1304","766","563","203","43","809","1514","0","53.43","37.19"
"63","000","00","003","0329","1305","711","552","159","59","770","1550","0","49.68","35.61"
"63","000","00","003","0329","1306","816","624","192","54","870","1490","0","58.39","41.88"
"63","000","00","003","0330","0000","2548","1919","629","137","2685","4663","0","57.58","41.15"
"63","000","00","003","0330","1307","671","503","168","35","706","1284","0","54.98","39.17"
"63","000","00","003","0330","1308","637","503","134","39","676","1129","0","59.88","44.55"
"63","000","00","003","0330","1309","676","500","176","27","703","1193","0","58.93","41.91"
"63","000","00","003","0330","1310","564","413","151","36","600","1057","0","56.76","39.07"
"63","000","00","003","0331","0000","2740","2025","715","256","2996","5453","0","54.94","37.14"
"63","000","00","003","0331","1311","728","532","196","53","781","1361","0","57.38","39.09"
"63","000","00","003","0331","1312","726","557","169","68","794","1412","0","56.23","39.45"
"63","000","00","003","0331","1313","635","461","174","50","685","1423","0","48.14","32.4"
"63","000","00","003","0331","1314","651","475","176","85","736","1257","0","58.55","37.79"
"63","000","00","003","0332","0000","2699","2013","686","212","2911","4829","0","60.28","41.69"
"63","000","00","003","0332","1315","650","470","180","53","703","1133","0","62.05","41.48"
"63","000","00","003","0332","1316","563","405","158","38","601","1077","0","55.8","37.6"
"63","000","00","003","0332","1317","735","538","197","51","786","1300","0","60.46","41.38"
"63","000","00","003","0332","1318","751","600","151","70","821","1319","0","62.24","45.49"
"63","000","00","003","0333","0000","1943","1501","442","149","2092","3633","0","57.58","41.32"
"63","000","00","003","0333","1319","681","535","146","75","756","1265","0","59.76","42.29"
"63","000","00","003","0333","1320","644","486","158","39","683","1265","0","53.99","38.42"
"63","000","00","003","0333","1321","618","480","138","35","653","1103","0","59.2","43.52"
"63","000","00","003","0334","0000","2221","1748","473","134","2355","3958","0","59.5","44.16"
"63","000","00","003","0334","1322","743","604","139","42","785","1341","0","58.54","45.04"
"63","000","00","003","0334","1323","773","618","155","50","823","1357","0","60.65","45.54"
"63","000","00","003","0334","1324","705","526","179","42","747","1260","0","59.29","41.75"
"63","000","00","003","0335","0000","2047","1559","488","117","2164","3844","0","56.3","40.56"
"63","000","00","003","0335","1325","726","556","170","40","766","1295","0","59.15","42.93"
"63","000","00","003","0335","1326","697","542","155","40","737","1399","0","52.68","38.74"
"63","000","00","003","0335","1327","624","461","163","37","661","1150","0","57.48","40.09"
"63","000","00","003","0336","0000","2760","2134","626","133","2893","5149","0","56.19","41.44"
"63","000","00","003","0336","1328","677","532","145","36","713","1351","0","52.78","39.38"
"63","000","00","003","0336","1329","748","552","196","49","797","1341","0","59.43","41.16"
"63","000","00","003","0336","1330","607","466","141","23","630","1129","0","55.8","41.28"
"63","000","00","003","0336","1331","728","584","144","25","753","1328","0","56.7","43.98"
"63","000","00","003","0337","0000","3372","2730","642","171","3543","6080","0","58.27","44.9"
"63","000","00","003","0337","1332","928","788","140","48","976","1557","0","62.68","50.61"
"63","000","00","003","0337","1333","875","687","188","50","925","1461","0","63.31","47.02"
"63","000","00","003","0337","1334","780","615","165","33","813","1589","0","51.16","38.7"
"63","000","00","003","0337","1335","789","640","149","40","829","1473","0","56.28","43.45"
"63","000","00","003","0338","0000","1820","1281","539","102","1922","3311","0","58.05","38.69"
"63","000","00","003","0338","1336","798","499","299","39","837","1479","0","56.59","33.74"
"63","000","00","003","0338","1337","487","370","117","33","520","833","0","62.42","44.42"
"63","000","00","003","0338","1338","535","412","123","30","565","999","0","56.56","41.24"
"63","000","00","003","0339","0000","1006","819","187","44","1050","1757","0","59.76","46.61"
"63","000","00","003","0339","1339","1006","819","187","44","1050","1757","0","59.76","46.61"
"63","000","00","003","0340","0000","4347","3224","1123","259","4606","7674","0","60.02","42.01"
"63","000","00","003","0340","1340","876","679","197","40","916","1573","0","58.23","43.17"
"63","000","00","003","0340","1341","927","697","230","53","980","1587","0","61.75","43.92"
"63","000","00","003","0340","1342","852","597","255","62","914","1496","0","61.1","39.91"
"63","000","00","003","0340","1343","797","596","201","48","845","1440","0","58.68","41.39"
"63","000","00","003","0340","1344","895","655","240","56","951","1578","0","60.27","41.51"
"63","000","00","003","0341","0000","2016","1485","531","78","2094","3594","0","58.26","41.32"
"63","000","00","003","0341","1345","679","486","193","32","711","1223","0","58.14","39.74"
"63","000","00","003","0341","1346","614","445","169","21","635","1119","0","56.75","39.77"
"63","000","00","003","0341","1347","723","554","169","25","748","1252","0","59.74","44.25"
"63","000","00","003","0343","0000","3926","2892","1034","211","4137","7232","0","57.2","39.99"
"63","000","00","003","0343","1348","879","649","230","45","924","1576","0","58.63","41.18"
"63","000","00","003","0343","1349","755","568","187","47","802","1425","0","56.28","39.86"
"63","000","00","003","0343","1350","743","537","206","33","776","1450","0","53.52","37.03"
"63","000","00","003","0343","1351","765","558","207","42","807","1444","0","55.89","38.64"
"63","000","00","003","0343","1352","784","580","204","44","828","1337","0","61.93","43.38"
"63","000","00","003","0344","0000","2651","1882","769","202","2853","5100","0","55.94","36.9"
"63","000","00","003","0344","1353","720","539","181","35","755","1417","0","53.28","38.04"
"63","000","00","003","0344","1354","576","317","259","54","630","1250","0","50.4","25.36"
"63","000","00","003","0344","1355","623","474","149","61","684","1176","0","58.16","40.31"
"63","000","00","003","0344","1356","732","552","180","52","784","1257","0","62.37","43.91"
"63","000","00","003","0346","0000","2631","1974","657","171","2802","4851","0","57.76","40.69"
"63","000","00","003","0346","1357","696","525","171","53","749","1257","0","59.59","41.77"
"63","000","00","003","0346","1358","626","472","154","32","658","1148","0","57.32","41.11"
"63","000","00","003","0346","1359","759","559","200","61","820","1418","0","57.83","39.42"
"63","000","00","003","0346","1360","550","418","132","25","575","1028","0","55.93","40.66"
"63","000","00","003","0347","0000","3643","2724","919","259","3902","6796","0","57.42","40.08"
"63","000","00","003","0347","1361","716","506","210","54","770","1445","0","53.29","35.02"
"63","000","00","003","0347","1362","753","582","171","55","808","1361","0","59.37","42.76"
"63","000","00","003","0347","1363","767","573","194","53","820","1343","0","61.06","42.67"
"63","000","00","003","0347","1364","690","516","174","62","752","1267","0","59.35","40.73"
"63","000","00","003","0347","1365","717","547","170","35","752","1380","0","54.49","39.64"
"63","000","00","003","0348","0000","2237","1747","490","164","2401","4312","0","55.68","40.51"
"63","000","00","003","0348","1366","790","607","183","61","851","1524","0","55.84","39.83"
"63","000","00","003","0348","1367","816","633","183","42","858","1470","0","58.37","43.06"
"63","000","00","003","0348","1368","631","507","124","61","692","1318","0","52.5","38.47"
"63","000","00","003","0349","0000","2214","1666","548","135","2349","4254","0","55.22","39.16"
"63","000","00","003","0349","1369","747","566","181","47","794","1430","0","55.52","39.58"
"63","000","00","003","0349","1370","741","561","180","56","797","1386","0","57.5","40.48"
"63","000","00","003","0349","1371","726","539","187","32","758","1438","0","52.71","37.48"
"63","000","00","003","0350","0000","2709","2042","667","187","2896","5267","0","54.98","38.77"
"63","000","00","003","0350","1372","625","465","160","29","654","1270","0","51.5","36.61"
"63","000","00","003","0350","1373","710","537","173","67","777","1395","0","55.7","38.49"
"63","000","00","003","0350","1374","687","518","169","49","736","1292","0","56.97","40.09"
"63","000","00","003","0350","1375","687","522","165","42","729","1310","0","55.65","39.85"
"63","000","00","003","0351","0000","2824","2220","604","127","2951","5321","0","55.46","41.72"
"63","000","00","003","0351","1376","695","513","182","40","735","1319","0","55.72","38.89"
"63","000","00","003","0351","1377","755","636","119","30","785","1355","0","57.93","46.94"
"63","000","00","003","0351","1378","658","512","146","28","686","1312","0","52.29","39.02"
"63","000","00","003","0351","1379","716","559","157","29","745","1335","0","55.81","41.87"
"63","000","00","003","0352","0000","2135","1594","541","90","2225","4124","0","53.95","38.65"
"63","000","00","003","0352","1380","738","550","188","42","780","1489","0","52.38","36.94"
"63","000","00","003","0352","1381","717","551","166","28","745","1307","0","57.0","42.16"
"63","000","00","003","0352","1382","680","493","187","20","700","1328","0","52.71","37.12"
"63","000","00","003","0353","0000","2760","2047","713","168","2928","5169","0","56.65","39.6"
"63","000","00","003","0353","1383","650","484","166","10","660","1277","0","51.68","37.9"
"63","000","00","003","0353","1384","702","537","165","44","746","1314","0","56.77","40.87"
"63","000","00","003","0353","1385","711","516","195","55","766","1270","0","60.31","40.63"
"63","000","00","003","0353","1386","697","510","187","59","756","1308","0","57.8","38.99"
"63","000","00","003","0354","0000","1945","1488","457","109","2054","3647","0","56.32","40.8"
"63","000","00","003","0354","1387","600","445","155","33","633","1138","0","55.62","39.1"
"63","000","00","003","0354","1388","706","559","147","31","737","1333","0","55.29","41.94"
"63","000","00","003","0354","1389","639","484","155","45","684","1176","0","58.16","41.16"
"63","000","00","003","0355","0000","2880","2157","723","193","3073","5436","0","56.53","39.68"
"63","000","00","003","0355","1390","703","514","189","53","756","1311","0","57.67","39.21"
"63","000","00","003","0355","1391","679","500","179","32","711","1295","0","54.9","38.61"
"63","000","00","003","0355","1392","765","587","178","59","824","1421","0","57.99","41.31"
"63","000","00","003","0355","1393","733","556","177","49","782","1409","0","55.5","39.46"
"63","000","00","003","0356","0000","3562","2645","917","215","3777","6534","0","57.81","40.48"
"63","000","00","003","0356","1394","808","607","201","39","847","1434","0","59.07","42.33"
"63","000","00","003","0356","1395","727","528","199","55","782","1449","0","53.97","36.44"
"63","000","00","003","0356","1396","703","520","183","55","758","1284","0","59.03","40.5"
"63","000","00","003","0356","1397","639","485","154","33","672","1248","0","53.85","38.86"
"63","000","00","003","0356","1398","685","505","180","33","718","1119","0","64.16","45.13"
"63","000","00","003","0357","0000","941","635","306","109","1050","2327","0","45.12","27.29"
"63","000","00","003","0357","1399","496","388","108","36","532","883","0","60.25","43.94"
"63","000","00","003","0357","1400","319","244","75","40","359","630","0","56.98","38.73"
"63","000","00","003","0357","1401","126","3","123","33","159","814","0","19.53","0.37"
"63","000","00","004","0000","0000","102766","75659","27107","7777","110543","195148","229680","56.65","38.77"
"63","000","00","004","0401","0000","1520","1119","401","83","1603","2854","0","56.17","39.21"
"63","000","00","004","0401","0786","821","633","188","49","870","1522","0","57.16","41.59"
"63","000","00","004","0401","0787","699","486","213","34","733","1332","0","55.03","36.49"
"63","000","00","004","0402","0000","2262","1548","714","166","2428","4755","0","51.06","32.56"
"63","000","00","004","0402","0788","781","583","198","55","836","1656","0","50.48","35.21"
"63","000","00","004","0402","0789","651","456","195","58","709","1367","0","51.87","33.36"
"63","000","00","004","0402","0790","830","509","321","53","883","1732","0","50.98","29.39"
"63","000","00","004","0403","0000","1699","1245","454","129","1828","3284","0","55.66","37.91"
"63","000","00","004","0403","0791","874","656","218","64","938","1634","0","57.41","40.15"
"63","000","00","004","0403","0792","825","589","236","65","890","1650","0","53.94","35.7"
"63","000","00","004","0404","0000","2244","1559","685","155","2399","4046","0","59.29","38.53"
"63","000","00","004","0404","0793","764","521","243","49","813","1392","0","58.41","37.43"
"63","000","00","004","0404","0794","686","465","221","39","725","1177","0","61.6","39.51"
"63","000","00","004","0404","0795","794","573","221","67","861","1477","0","58.29","38.79"
"63","000","00","004","0405","0000","1160","856","304","108","1268","2359","0","53.75","36.29"
"63","000","00","004","0405","0796","521","375","146","60","581","1063","0","54.66","35.28"
"63","000","00","004","0405","0797","639","481","158","48","687","1296","0","53.01","37.11"
"63","000","00","004","0406","0000","3025","2229","796","214","3239","6065","0","53.4","36.75"
"63","000","00","004","0406","0798","676","487","189","40","716","1330","0","53.83","36.62"
"63","000","00","004","0406","0799","732","518","214","68","800","1483","0","53.94","34.93"
"63","000","00","004","0406","0800","787","603","184","46","833","1542","0","54.02","39.11"
"63","000","00","004","0406","0801","830","621","209","60","890","1710","0","52.05","36.32"
"63","000","00","004","0407","0000","1892","1432","460","158","2050","3822","0","53.64","37.47"
"63","000","00","004","0407","0802","630","476","154","37","667","1315","0","50.72","36.2"
"63","000","00","004","0407","0803","629","465","164","73","702","1245","0","56.39","37.35"
"63","000","00","004","0407","0804","633","491","142","48","681","1262","0","53.96","38.91"
"63","000","00","004","0408","0000","3164","2254","910","266","3430","6149","0","55.78","36.66"
"63","000","00","004","0408","0805","809","567","242","62","871","1518","0","57.38","37.35"
"63","000","00","004","0408","0806","798","572","226","79","877","1522","0","57.62","37.58"
"63","000","00","004","0408","0807","750","513","237","77","827","1580","0","52.34","32.47"
"63","000","00","004","0408","0808","807","602","205","48","855","1529","0","55.92","39.37"
"63","000","00","004","0409","0000","1850","1394","456","134","1984","3581","0","55.4","38.93"
"63","000","00","004","0409","0809","636","475","161","49","685","1221","0","56.1","38.9"
"63","000","00","004","0409","0810","671","488","183","53","724","1221","0","59.3","39.97"
"63","000","00","004","0409","0811","543","431","112","32","575","1139","0","50.48","37.84"
"63","000","00","004","0410","0000","2162","1577","585","177","2339","4306","0","54.32","36.62"
"63","000","00","004","0410","0812","712","494","218","85","797","1407","0","56.65","35.11"
"63","000","00","004","0410","0813","710","507","203","44","754","1321","0","57.08","38.38"
"63","000","00","004","0410","0814","740","576","164","48","788","1578","0","49.94","36.5"
"63","000","00","004","0411","0000","2383","1780","603","191","2574","4917","0","52.35","36.2"
"63","000","00","004","0411","0815","814","638","176","61","875","1739","0","50.32","36.69"
"63","000","00","004","0411","0816","809","589","220","49","858","1637","0","52.41","35.98"
"63","000","00","004","0411","0817","760","553","207","81","841","1541","0","54.57","35.89"
"63","000","00","004","0412","0000","1908","1404","504","177","2085","3765","0","55.38","37.29"
"63","000","00","004","0412","0818","662","488","174","57","719","1210","0","59.42","40.33"
"63","000","00","004","0412","0819","672","495","177","50","722","1331","0","54.24","37.19"
"63","000","00","004","0412","0820","574","421","153","70","644","1224","0","52.61","34.4"
"63","000","00","004","0413","0000","1749","1458","291","114","1863","3209","0","58.06","45.43"
"63","000","00","004","0413","0824","977","802","175","58","1035","1805","0","57.34","44.43"
"63","000","00","004","0413","0825","772","656","116","56","828","1404","0","58.97","46.72"
"63","000","00","004","0414","0000","4398","3304","1094","335","4733","7819","0","60.53","42.26"
"63","000","00","004","0414","0826","1013","716","297","55","1068","1708","0","62.53","41.92"
"63","000","00","004","0414","0827","843","635","208","69","912","1451","0","62.85","43.76"
"63","000","00","004","0414","0828","943","712","231","88","1031","1684","0","61.22","42.28"
"63","000","00","004","0414","0829","843","682","161","42","885","1585","0","55.84","43.03"
"63","000","00","004","0414","0830","756","559","197","81","837","1391","0","60.17","40.19"
"63","000","00","004","0415","0000","3164","2372","792","190","3354","5575","0","60.16","42.55"
"63","000","00","004","0415","0831","826","601","225","86","912","1375","0","66.33","43.71"
"63","000","00","004","0415","0832","858","628","230","26","884","1472","0","60.05","42.66"
"63","000","00","004","0415","0833","694","521","173","43","737","1327","0","55.54","39.26"
"63","000","00","004","0415","0834","786","622","164","35","821","1401","0","58.6","44.4"
"63","000","00","004","0416","0000","4432","3295","1137","219","4651","7980","0","58.28","41.29"
"63","000","00","004","0416","0835","789","589","200","47","836","1423","0","58.75","41.39"
"63","000","00","004","0416","0836","870","633","237","50","920","1569","0","58.64","40.34"
"63","000","00","004","0416","0837","913","677","236","33","946","1651","0","57.3","41.01"
"63","000","00","004","0416","0838","866","666","200","31","897","1624","0","55.23","41.01"
"63","000","00","004","0416","0839","994","730","264","58","1052","1713","0","61.41","42.62"
"63","000","00","004","0417","0000","485","332","153","61","546","944","0","57.84","35.17"
"63","000","00","004","0417","0862","485","332","153","61","546","944","0","57.84","35.17"
"63","000","00","004","0418","0000","2351","1716","635","204","2555","4693","0","54.44","36.57"
"63","000","00","004","0418","0846","657","471","186","68","725","1472","0","49.25","32.0"
"63","000","00","004","0418","0847","747","523","224","56","803","1517","0","52.93","34.48"
"63","000","00","004","0418","0848","947","722","225","80","1027","1704","0","60.27","42.37"
"63","000","00","004","0419","0000","2469","1830","639","228","2697","4476","0","60.25","40.88"
"63","000","00","004","0419","0821","839","634","205","66","905","1585","0","57.1","40.0"
"63","000","00","004","0419","0822","854","615","239","93","947","1523","0","62.18","40.38"
"63","000","00","004","0419","0823","776","581","195","69","845","1368","0","61.77","42.47"
"63","000","00","004","0420","0000","2372","1657","715","241","2613","4535","0","57.62","36.54"
"63","000","00","004","0420","0849","849","560","289","77","926","1603","0","57.77","34.93"
"63","000","00","004","0420","0850","698","500","198","91","789","1432","0","55.1","34.92"
"63","000","00","004","0420","0851","825","597","228","73","898","1500","0","59.87","39.8"
"63","000","00","004","0421","0000","3118","2210","908","178","3296","5635","0","58.49","39.22"
"63","000","00","004","0421","0852","786","539","247","10","796","1332","0","59.76","40.47"
"63","000","00","004","0421","0853","813","571","242","63","876","1450","0","60.41","39.38"
"63","000","00","004","0421","0854","803","584","219","57","860","1434","0","59.97","40.73"
"63","000","00","004","0421","0855","716","516","200","48","764","1419","0","53.84","36.36"
"63","000","00","004","0422","0000","2149","1531","618","177","2326","4400","0","52.86","34.8"
"63","000","00","004","0422","0856","666","464","202","47","713","1292","0","55.19","35.91"
"63","000","00","004","0422","0857","766","537","229","67","833","1526","0","54.59","35.19"
"63","000","00","004","0422","0858","717","530","187","63","780","1582","0","49.3","33.5"
"63","000","00","004","0423","0000","2235","1576","659","214","2449","4584","0","53.42","34.38"
"63","000","00","004","0423","0859","750","533","217","73","823","1588","0","51.83","33.56"
"63","000","00","004","0423","0860","758","529","229","80","838","1463","0","57.28","36.16"
"63","000","00","004","0423","0861","727","514","213","61","788","1533","0","51.4","33.53"
"63","000","00","004","0424","0000","2547","1841","706","197","2744","6843","0","40.1","26.9"
"63","000","00","004","0424","0863","1009","704","305","80","1089","1745","0","62.41","40.34"
"63","000","00","004","0424","0864","784","579","205","57","841","1679","0","50.09","34.48"
"63","000","00","004","0424","0865","754","558","196","60","814","3419","0","23.81","16.32"
"63","000","00","004","0425","0000","3799","2750","1049","360","4159","7203","0","57.74","38.18"
"63","000","00","004","0425","0866","750","552","198","80","830","1387","0","59.84","39.8"
"63","000","00","004","0425","0867","895","660","235","84","979","1672","0","58.55","39.47"
"63","000","00","004","0425","0868","700","514","186","69","769","1319","0","58.3","38.97"
"63","000","00","004","0425","0869","704","497","207","66","770","1364","0","56.45","36.44"
"63","000","00","004","0425","0870","750","527","223","61","811","1461","0","55.51","36.07"
"63","000","00","004","0426","0000","1893","1372","521","170","2063","3654","0","56.46","37.55"
"63","000","00","004","0426","0871","637","446","191","56","693","1173","0","59.08","38.02"
"63","000","00","004","0426","0872","565","424","141","63","628","1171","0","53.63","36.21"
"63","000","00","004","0426","0873","691","502","189","51","742","1310","0","56.64","38.32"
"63","000","00","004","0427","0000","3731","2786","945","265","3996","6655","0","60.05","41.86"
"63","000","00","004","0427","0874","771","603","168","54","825","1373","0","60.09","43.92"
"63","000","00","004","0427","0875","727","537","190","40","767","1290","0","59.46","41.63"
"63","000","00","004","0427","0876","750","562","188","68","818","1346","0","60.77","41.75"
"63","000","00","004","0427","0877","819","590","229","70","889","1468","0","60.56","40.19"
"63","000","00","004","0427","0878","664","494","170","33","697","1178","0","59.17","41.94"
"63","000","00","004","0428","0000","3273","2404","869","231","3504","6102","0","57.42","39.4"
"63","000","00","004","0428","0879","924","683","241","55","979","1654","0","59.19","41.29"
"63","000","00","004","0428","0880","794","608","186","65","859","1464","0","58.67","41.53"
"63","000","00","004","0428","0881","754","534","220","40","794","1450","0","54.76","36.83"
"63","000","00","004","0428","0882","801","579","222","71","872","1534","0","56.84","37.74"
"63","000","00","004","0429","0000","3531","2612","919","294","3825","6660","0","57.43","39.22"
"63","000","00","004","0429","0883","876","648","228","53","929","1703","0","54.55","38.05"
"63","000","00","004","0429","0884","856","636","220","88","944","1610","0","58.63","39.5"
"63","000","00","004","0429","0885","859","659","200","85","944","1653","0","57.11","39.87"
"63","000","00","004","0429","0886","940","669","271","68","1008","1694","0","59.5","39.49"
"63","000","00","004","0430","0000","2564","1808","756","187","2751","4824","0","57.03","37.48"
"63","000","00","004","0430","0887","848","594","254","69","917","1623","0","56.5","36.6"
"63","000","00","004","0430","0888","880","607","273","65","945","1618","0","58.41","37.52"
"63","000","00","004","0430","0889","836","607","229","53","889","1583","0","56.16","38.34"
"63","000","00","004","0431","0000","2617","1830","787","202","2819","4529","0","62.24","40.41"
"63","000","00","004","0431","0890","874","585","289","77","951","1605","0","59.25","36.45"
"63","000","00","004","0431","0891","831","577","254","57","888","1398","0","63.52","41.27"
"63","000","00","004","0431","0892","912","668","244","68","980","1526","0","64.22","43.77"
"63","000","00","004","0432","0000","2507","1801","706","212","2719","4739","0","57.37","38.0"
"63","000","00","004","0432","0893","843","586","257","65","908","1555","0","58.39","37.68"
"63","000","00","004","0432","0894","829","617","212","52","881","1597","0","55.17","38.63"
"63","000","00","004","0432","0895","835","598","237","95","930","1587","0","58.6","37.68"
"63","000","00","004","0433","0000","1741","1314","427","159","1900","3133","0","60.64","41.94"
"63","000","00","004","0433","0896","881","693","188","76","957","1587","0","60.3","43.67"
"63","000","00","004","0433","0897","860","621","239","83","943","1546","0","61.0","40.17"
"63","000","00","004","0434","0000","2722","2077","645","199","2921","5094","0","57.34","40.77"
"63","000","00","004","0434","0898","687","520","167","64","751","1322","0","56.81","39.33"
"63","000","00","004","0434","0899","687","512","175","52","739","1267","0","58.33","40.41"
"63","000","00","004","0434","0900","663","520","143","20","683","1210","0","56.45","42.98"
"63","000","00","004","0434","0901","685","525","160","63","748","1295","0","57.76","40.54"
"63","000","00","004","0435","0000","2642","2136","506","175","2817","4474","0","62.96","47.74"
"63","000","00","004","0435","0902","881","672","209","65","946","1467","0","64.49","45.81"
"63","000","00","004","0435","0903","834","686","148","48","882","1491","0","59.15","46.01"
"63","000","00","004","0435","0904","927","778","149","62","989","1516","0","65.24","51.32"
"63","000","00","004","0436","0000","2129","1564","565","134","2263","4035","0","56.08","38.76"
"63","000","00","004","0436","0905","690","502","188","51","741","1384","0","53.54","36.27"
"63","000","00","004","0436","0906","678","513","165","47","725","1138","0","63.71","45.08"
"63","000","00","004","0436","0907","761","549","212","36","797","1513","0","52.68","36.29"
"63","000","00","004","0437","0000","1643","1247","396","162","1805","2988","0","60.41","41.73"
"63","000","00","004","0437","0908","848","650","198","75","923","1559","0","59.2","41.69"
"63","000","00","004","0437","0909","795","597","198","87","882","1429","0","61.72","41.78"
"63","000","00","004","0438","0000","1398","1015","383","114","1512","2459","0","61.49","41.28"
"63","000","00","004","0438","0910","709","502","207","56","765","1245","0","61.45","40.32"
"63","000","00","004","0438","0911","689","513","176","58","747","1214","0","61.53","42.26"
"63","000","00","004","0439","0000","2849","2085","764","172","3021","5339","0","56.58","39.05"
"63","000","00","004","0439","0912","766","532","234","55","821","1394","0","58.9","38.16"
"63","000","00","004","0439","0913","663","494","169","24","687","1336","0","51.42","36.98"
"63","000","00","004","0439","0914","649","498","151","49","698","1227","0","56.89","40.59"
"63","000","00","004","0439","0915","771","561","210","44","815","1382","0","58.97","40.59"
"63","000","00","004","0440","0000","2144","1632","512","140","2284","4100","0","55.71","39.8"
"63","000","00","004","0440","0916","767","577","190","57","824","1436","0","57.38","40.18"
"63","000","00","004","0440","0917","694","514","180","40","734","1405","0","52.24","36.58"
"63","000","00","004","0440","0918","683","541","142","43","726","1259","0","57.66","42.97"
"63","000","00","004","0441","0000","3524","2669","855","197","3721","6297","0","59.09","42.39"
"63","000","00","004","0441","0840","936","713","223","49","985","1647","0","59.81","43.29"
"63","000","00","004","0441","0841","900","664","236","54","954","1762","0","54.14","37.68"
"63","000","00","004","0441","0842","811","629","182","48","859","1399","0","61.4","44.96"
"63","000","00","004","0441","0843","877","663","214","46","923","1489","0","61.99","44.53"
"63","000","00","004","0442","0000","1321","1038","283","88","1409","2267","0","62.15","45.79"
"63","000","00","004","0442","0844","739","582","157","39","778","1269","0","61.31","45.86"
"63","000","00","004","0442","0845","582","456","126","49","631","998","0","63.23","45.69"
"63","000","00","005","0000","0000","69243","51892","17351","4648","73891","128292","159026","57.6","40.45"
"63","000","00","005","0501","0000","1398","1008","390","125","1523","2625","0","58.02","38.4"
"63","000","00","005","0501","1001","738","541","197","44","782","1308","0","59.79","41.36"
"63","000","00","005","0501","1002","660","467","193","81","741","1317","0","56.26","35.46"
"63","000","00","005","0502","0000","1212","986","226","81","1293","2197","0","58.85","44.88"
"63","000","00","005","0502","1003","626","510","116","35","661","1069","0","61.83","47.71"
"63","000","00","005","0502","1004","586","476","110","46","632","1128","0","56.03","42.2"
"63","000","00","005","0503","0000","1164","882","282","76","1240","2101","0","59.02","41.98"
"63","000","00","005","0503","1005","589","440","149","52","641","1053","0","60.87","41.79"
"63","000","00","005","0503","1006","575","442","133","24","599","1048","0","57.16","42.18"
"63","000","00","005","0504","0000","2274","1754","520","142","2416","3990","0","60.55","43.96"
"63","000","00","005","0504","1007","675","547","128","59","734","1297","0","56.59","42.17"
"63","000","00","005","0504","1008","682","515","167","30","712","1193","0","59.68","43.17"
"63","000","00","005","0504","1009","917","692","225","53","970","1500","0","64.67","46.13"
"63","000","00","005","0505","0000","2184","1650","534","121","2305","4079","0","56.51","40.45"
"63","000","00","005","0505","1010","706","530","176","40","746","1346","0","55.42","39.38"
"63","000","00","005","0505","1011","712","538","174","24","736","1283","0","57.37","41.93"
"63","000","00","005","0505","1012","766","582","184","57","823","1450","0","56.76","40.14"
"63","000","00","005","0506","0000","3061","2283","778","188","3249","5329","0","60.97","42.84"
"63","000","00","005","0506","1013","796","604","192","58","854","1433","0","59.6","42.15"
"63","000","00","005","0506","1014","805","580","225","56","861","1309","0","65.78","44.31"
"63","000","00","005","0506","1015","778","580","198","27","805","1386","0","58.08","41.85"
"63","000","00","005","0506","1016","682","519","163","47","729","1201","0","60.7","43.21"
"63","000","00","005","0507","0000","2948","2240","708","206","3154","5107","0","61.76","43.86"
"63","000","00","005","0507","1017","766","582","184","61","827","1336","0","61.9","43.56"
"63","000","00","005","0507","1018","774","577","197","52","826","1358","0","60.82","42.49"
"63","000","00","005","0507","1019","659","503","156","55","714","1177","0","60.66","42.74"
"63","000","00","005","0507","1020","749","578","171","38","787","1236","0","63.67","46.76"
"63","000","00","005","0508","0000","1633","1235","398","82","1715","2952","0","58.1","41.84"
"63","000","00","005","0508","1021","803","598","205","54","857","1478","0","57.98","40.46"
"63","000","00","005","0508","1022","830","637","193","28","858","1474","0","58.21","43.22"
"63","000","00","005","0509","0000","2733","2057","676","193","2926","4914","0","59.54","41.86"
"63","000","00","005","0509","1023","643","493","150","47","690","1172","0","58.87","42.06"
"63","000","00","005","0509","1024","724","526","198","49","773","1310","0","59.01","40.15"
"63","000","00","005","0509","1025","710","558","152","52","762","1263","0","60.33","44.18"
"63","000","00","005","0509","1026","656","480","176","45","701","1169","0","59.97","41.06"
"63","000","00","005","0510","0000","2139","1648","491","124","2263","3916","0","57.79","42.08"
"63","000","00","005","0510","1027","758","623","135","33","791","1391","0","56.87","44.79"
"63","000","00","005","0510","1028","647","480","167","39","686","1201","0","57.12","39.97"
"63","000","00","005","0510","1029","734","545","189","52","786","1324","0","59.37","41.16"
"63","000","00","005","0511","0000","2824","2094","730","251","3075","5279","0","58.25","39.67"
"63","000","00","005","0511","1030","616","473","143","65","681","1216","0","56.0","38.9"
"63","000","00","005","0511","1031","633","459","174","47","680","1183","0","57.48","38.8"
"63","000","00","005","0511","1032","811","585","226","76","887","1469","0","60.38","39.82"
"63","000","00","005","0511","1033","764","577","187","63","827","1411","0","58.61","40.89"
"63","000","00","005","0512","0000","2347","1820","527","247","2594","4497","0","57.68","40.47"
"63","000","00","005","0512","1034","759","573","186","86","845","1398","0","60.44","40.99"
"63","000","00","005","0512","1035","765","593","172","74","839","1479","0","56.73","40.09"
"63","000","00","005","0512","1036","823","654","169","87","910","1620","0","56.17","40.37"
"63","000","00","005","0513","0000","1762","1283","479","81","1843","3160","0","58.32","40.6"
"63","000","00","005","0513","1037","568","419","149","19","587","1041","0","56.39","40.25"
"63","000","00","005","0513","1038","560","399","161","20","580","1056","0","54.92","37.78"
"63","000","00","005","0513","1039","634","465","169","42","676","1063","0","63.59","43.74"
"63","000","00","005","0514","0000","2691","2050","641","293","2984","5865","0","50.88","34.95"
"63","000","00","005","0514","1040","674","501","173","69","743","1591","0","46.7","31.49"
"63","000","00","005","0514","1041","628","484","144","84","712","1502","0","47.4","32.22"
"63","000","00","005","0514","1042","642","502","140","69","711","1331","0","53.42","37.72"
"63","000","00","005","0514","1043","747","563","184","71","818","1441","0","56.77","39.07"
"63","000","00","005","0515","0000","2022","1519","503","155","2177","3562","0","61.12","42.64"
"63","000","00","005","0515","1044","735","555","180","56","791","1273","0","62.14","43.6"
"63","000","00","005","0515","1045","639","468","171","54","693","1133","0","61.17","41.31"
"63","000","00","005","0515","1046","648","496","152","45","693","1156","0","59.95","42.91"
"63","000","00","005","0516","0000","1434","1061","373","141","1575","2643","0","59.59","40.14"
"63","000","00","005","0516","1047","729","530","199","69","798","1377","0","57.95","38.49"
"63","000","00","005","0516","1048","705","531","174","72","777","1266","0","61.37","41.94"
"63","000","00","005","0517","0000","1283","1007","276","80","1363","2235","0","60.98","45.06"
"63","000","00","005","0517","1049","661","519","142","48","709","1111","0","63.82","46.71"
"63","000","00","005","0517","1050","622","488","134","32","654","1124","0","58.19","43.42"
"63","000","00","005","0518","0000","1043","657","386","104","1147","2724","0","42.11","24.12"
"63","000","00","005","0518","1051","259","59","200","56","315","1373","0","22.94","4.3"
"63","000","00","005","0518","1052","784","598","186","48","832","1351","0","61.58","44.26"
"63","000","00","005","0519","0000","4783","3612","1171","276","5059","8679","0","58.29","41.62"
"63","000","00","005","0519","1053","834","620","214","38","872","1495","0","58.33","41.47"
"63","000","00","005","0519","1054","844","635","209","68","912","1436","0","63.51","44.22"
"63","000","00","005","0519","1055","830","637","193","33","863","1516","0","56.93","42.02"
"63","000","00","005","0519","1056","754","575","179","42","796","1374","0","57.93","41.85"
"63","000","00","005","0519","1057","786","594","192","48","834","1522","0","54.8","39.03"
"63","000","00","005","0519","1058","735","551","184","47","782","1336","0","58.53","41.24"
"63","000","00","005","0520","0000","2538","1878","660","198","2736","4648","0","58.86","40.4"
"63","000","00","005","0520","1059","853","633","220","52","905","1551","0","58.35","40.81"
"63","000","00","005","0520","1060","885","659","226","68","953","1594","0","59.79","41.34"
"63","000","00","005","0520","1061","800","586","214","78","878","1503","0","58.42","38.99"
"63","000","00","005","0521","0000","4100","3188","912","213","4313","7237","0","59.6","44.05"
"63","000","00","005","0521","1062","817","633","184","42","859","1455","0","59.04","43.51"
"63","000","00","005","0521","1063","819","637","182","23","842","1439","0","58.51","44.27"
"63","000","00","005","0521","1064","812","612","200","51","863","1469","0","58.75","41.66"
"63","000","00","005","0521","1065","821","665","156","37","858","1430","0","60.0","46.5"
"63","000","00","005","0521","1066","831","641","190","60","891","1444","0","61.7","44.39"
"63","000","00","005","0522","0000","693","551","142","29","722","1254","0","57.58","43.94"
"63","000","00","005","0522","1067","693","551","142","29","722","1254","0","57.58","43.94"
"63","000","00","005","0523","0000","1800","1342","458","141","1941","3213","0","60.41","41.77"
"63","000","00","005","0523","1068","530","403","127","47","577","932","0","61.91","43.24"
"63","000","00","005","0523","1069","592","420","172","51","643","1055","0","60.95","39.81"
"63","000","00","005","0523","1070","678","519","159","43","721","1226","0","58.81","42.33"
"63","000","00","005","0524","0000","1409","1072","337","97","1506","2726","0","55.25","39.33"
"63","000","00","005","0524","1071","678","507","171","54","732","1390","0","52.66","36.47"
"63","000","00","005","0524","1072","731","565","166","43","774","1336","0","57.93","42.29"
"63","000","00","005","0525","0000","1485","1076","409","112","1597","2780","0","57.45","38.71"
"63","000","00","005","0525","1073","691","509","182","61","752","1419","0","53.0","35.87"
"63","000","00","005","0525","1074","794","567","227","51","845","1361","0","62.09","41.66"
"63","000","00","005","0526","0000","2189","1642","547","78","2267","5016","0","45.2","32.74"
"63","000","00","005","0526","1075","856","652","204","54","910","2520","0","36.11","25.87"
"63","000","00","005","0526","1076","681","519","162","19","700","1224","0","57.19","42.4"
"63","000","00","005","0526","1077","652","471","181","5","657","1272","0","51.65","37.03"
"63","000","00","005","0527","0000","2141","1518","623","142","2283","3951","0","57.78","38.42"
"63","000","00","005","0527","1078","760","505","255","51","811","1400","0","57.93","36.07"
"63","000","00","005","0527","1079","676","484","192","38","714","1319","0","54.13","36.69"
"63","000","00","005","0527","1080","705","529","176","53","758","1232","0","61.53","42.94"
"63","000","00","005","0528","0000","1936","1464","472","100","2036","3274","0","62.19","44.72"
"63","000","00","005","0528","1081","752","571","181","46","798","1265","0","63.08","45.14"
"63","000","00","005","0528","1082","645","491","154","27","672","1055","0","63.7","46.54"
"63","000","00","005","0528","1083","539","402","137","27","566","954","0","59.33","42.14"
"63","000","00","005","0529","0000","2523","1845","678","173","2696","4703","0","57.33","39.23"
"63","000","00","005","0529","1084","573","432","141","37","610","1018","0","59.92","42.44"
"63","000","00","005","0529","1085","761","564","197","43","804","1431","0","56.18","39.41"
"63","000","00","005","0529","1086","622","463","159","46","668","1271","0","52.56","36.43"
"63","000","00","005","0529","1087","567","386","181","47","614","983","0","62.46","39.27"
"63","000","00","005","0530","0000","3476","2580","896","198","3674","6409","0","57.33","40.26"
"63","000","00","005","0530","1088","853","613","240","48","901","1594","0","56.52","38.46"
"63","000","00","005","0530","1089","897","704","193","58","955","1565","0","61.02","44.98"
"63","000","00","005","0530","1090","897","666","231","47","944","1650","0","57.21","40.36"
"63","000","00","005","0530","1091","829","597","232","45","874","1600","0","54.63","37.31"
"63","000","00","005","0531","0000","4018","2890","1128","201","4219","7227","0","58.38","39.99"
"63","000","00","005","0531","1092","751","542","209","23","774","1391","0","55.64","38.96"
"63","000","00","005","0531","1093","949","700","249","53","1002","1769","0","56.64","39.57"
"63","000","00","005","0531","1094","830","572","258","58","888","1487","0","59.72","38.47"
"63","000","00","005","0531","1095","748","540","208","32","780","1291","0","60.42","41.83"
"63","000","00","005","0531","1096","740","536","204","35","775","1289","0","60.12","41.58"
"63","000","00","006","0000","0000","56709","40451","16258","5064","61773","107557","127833","57.43","37.61"
"63","000","00","006","0601","0000","1423","975","448","155","1578","2613","0","60.39","37.31"
"63","000","00","006","0601","0919","658","455","203","87","745","1261","0","59.08","36.08"
"63","000","00","006","0601","0920","765","520","245","68","833","1352","0","61.61","38.46"
"63","000","00","006","0602","0000","1569","1143","426","134","1703","2972","0","57.3","38.46"
"63","000","00","006","0602","0921","773","548","225","63","836","1462","0","57.18","37.48"
"63","000","00","006","0602","0922","796","595","201","71","867","1510","0","57.42","39.4"
"63","000","00","006","0603","0000","2098","1470","628","210","2308","4132","0","55.86","35.58"
"63","000","00","006","0603","0923","737","503","234","37","774","1496","0","51.74","33.62"
"63","000","00","006","0603","0924","680","480","200","87","767","1329","0","57.71","36.12"
"63","000","00","006","0603","0925","681","487","194","86","767","1307","0","58.68","37.26"
"63","000","00","006","0604","0000","1721","1217","504","177","1898","3197","0","59.37","38.07"
"63","000","00","006","0604","0926","565","410","155","63","628","1065","0","58.97","38.5"
"63","000","00","006","0604","0927","566","406","160","48","614","1085","0","56.59","37.42"
"63","000","00","006","0604","0928","590","401","189","66","656","1047","0","62.66","38.3"
"63","000","00","006","0605","0000","2563","1771","792","206","2769","4703","0","58.88","37.66"
"63","000","00","006","0605","0929","588","414","174","44","632","1215","0","52.02","34.07"
"63","000","00","006","0605","0930","646","427","219","40","686","1117","0","61.41","38.23"
"63","000","00","006","0605","0931","670","483","187","58","728","1186","0","61.38","40.73"
"63","000","00","006","0605","0932","659","447","212","64","723","1185","0","61.01","37.72"
"63","000","00","006","0606","0000","2118","1548","570","138","2256","3923","0","57.51","39.46"
"63","000","00","006","0606","0933","712","517","195","48","760","1359","0","55.92","38.04"
"63","000","00","006","0606","0934","683","510","173","34","717","1273","0","56.32","40.06"
"63","000","00","006","0606","0935","723","521","202","56","779","1291","0","60.34","40.36"
"63","000","00","006","0607","0000","2794","2024","770","206","3000","5142","0","58.34","39.36"
"63","000","00","006","0607","0936","653","485","168","51","704","1288","0","54.66","37.66"
"63","000","00","006","0607","0937","715","505","210","55","770","1245","0","61.85","40.56"
"63","000","00","006","0607","0938","726","531","195","65","791","1261","0","62.73","42.11"
"63","000","00","006","0607","0939","700","503","197","35","735","1348","0","54.53","37.31"
"63","000","00","006","0608","0000","2322","1663","659","256","2578","4303","0","59.91","38.65"
"63","000","00","006","0608","0940","878","623","255","102","980","1676","0","58.47","37.17"
"63","000","00","006","0608","0941","736","542","194","67","803","1311","0","61.25","41.34"
"63","000","00","006","0608","0942","708","498","210","87","795","1316","0","60.41","37.84"
"63","000","00","006","0609","0000","2305","1616","689","208","2513","4253","0","59.09","38.0"
"63","000","00","006","0609","0943","742","520","222","74","816","1409","0","57.91","36.91"
"63","000","00","006","0609","0944","794","565","229","70","864","1436","0","60.17","39.35"
"63","000","00","006","0609","0945","769","531","238","64","833","1408","0","59.16","37.71"
"63","000","00","006","0610","0000","2015","1465","550","99","2114","3710","0","56.98","39.49"
"63","000","00","006","0610","0946","686","479","207","46","732","1276","0","57.37","37.54"
"63","000","00","006","0610","0947","606","460","146","18","624","1110","0","56.22","41.44"
"63","000","00","006","0610","0948","723","526","197","35","758","1324","0","57.25","39.73"
"63","000","00","006","0611","0000","4398","3211","1187","377","4775","7949","0","60.07","40.4"
"63","000","00","006","0611","0949","536","382","154","48","584","1016","0","57.48","37.6"
"63","000","00","006","0611","0950","590","430","160","47","637","1028","0","61.96","41.83"
"63","000","00","006","0611","0951","639","466","173","60","699","1158","0","60.36","40.24"
"63","000","00","006","0611","0952","634","470","164","57","691","1138","0","60.72","41.3"
"63","000","00","006","0611","0953","654","484","170","72","726","1214","0","59.8","39.87"
"63","000","00","006","0611","0954","585","418","167","26","611","1090","0","56.06","38.35"
"63","000","00","006","0611","0955","760","561","199","67","827","1305","0","63.37","42.99"
"63","000","00","006","0612","0000","1887","1373","514","141","2028","3518","0","57.65","39.03"
"63","000","00","006","0612","0956","584","428","156","34","618","1167","0","52.96","36.68"
"63","000","00","006","0612","0957","619","441","178","54","673","1148","0","58.62","38.41"
"63","000","00","006","0612","0958","684","504","180","53","737","1203","0","61.26","41.9"
"63","000","00","006","0613","0000","2901","2063","838","266","3167","5427","0","58.36","38.01"
"63","000","00","006","0613","0959","734","512","222","54","788","1441","0","54.68","35.53"
"63","000","00","006","0613","0960","753","525","228","68","821","1315","0","62.43","39.92"
"63","000","00","006","0613","0961","710","521","189","82","792","1393","0","56.86","37.4"
"63","000","00","006","0613","0962","704","505","199","62","766","1278","0","59.94","39.51"
"63","000","00","006","0614","0000","1192","842","350","131","1323","2388","0","55.4","35.26"
"63","000","00","006","0614","0963","608","431","177","56","664","1246","0","53.29","34.59"
"63","000","00","006","0614","0964","584","411","173","75","659","1142","0","57.71","35.99"
"63","000","00","006","0615","0000","1519","1080","439","133","1652","2699","0","61.21","40.01"
"63","000","00","006","0615","0965","750","531","219","68","818","1336","0","61.23","39.75"
"63","000","00","006","0615","0966","769","549","220","65","834","1363","0","61.19","40.28"
"63","000","00","006","0616","0000","2287","1624","663","155","2442","4354","0","56.09","37.3"
"63","000","00","006","0616","0967","775","561","214","48","823","1476","0","55.76","38.01"
"63","000","00","006","0616","0968","770","525","245","66","836","1418","0","58.96","37.02"
"63","000","00","006","0616","0969","742","538","204","41","783","1460","0","53.63","36.85"
"63","000","00","006","0617","0000","1087","751","336","165","1252","2468","0","50.73","30.43"
"63","000","00","006","0617","0970","545","374","171","61","606","1222","0","49.59","30.61"
"63","000","00","006","0617","0971","542","377","165","104","646","1246","0","51.85","30.26"
"63","000","00","006","0618","0000","2078","1466","612","141","2219","3885","0","57.12","37.73"
"63","000","00","006","0618","0972","700","482","218","80","780","1256","0","62.1","38.38"
"63","000","00","006","0618","0973","699","505","194","37","736","1289","0","57.1","39.18"
"63","000","00","006","0618","0974","679","479","200","24","703","1340","0","52.46","35.75"
"63","000","00","006","0619","0000","1504","1094","410","152","1656","4014","0","41.26","27.25"
"63","000","00","006","0619","0975","770","544","226","67","837","1555","0","53.83","34.98"
"63","000","00","006","0619","0976","734","550","184","85","819","2459","0","33.31","22.37"
"63","000","00","006","0620","0000","2265","1587","678","227","2492","4466","0","55.8","35.54"
"63","000","00","006","0620","0977","465","326","139","65","530","1108","0","47.83","29.42"
"63","000","00","006","0620","0978","422","304","118","66","488","867","0","56.29","35.06"
"63","000","00","006","0620","0979","763","546","217","57","820","1329","0","61.7","41.08"
"63","000","00","006","0620","0980","615","411","204","39","654","1162","0","56.28","35.37"
"63","000","00","006","0621","0000","2867","2059","808","234","3101","5823","0","53.25","35.36"
"63","000","00","006","0621","0981","705","522","183","80","785","1434","0","54.74","36.4"
"63","000","00","006","0621","0982","724","532","192","65","789","1351","0","58.4","39.38"
"63","000","00","006","0621","0983","737","515","222","54","791","1531","0","51.67","33.64"
"63","000","00","006","0621","0984","701","490","211","35","736","1507","0","48.84","32.51"
"63","000","00","006","0622","0000","3803","2737","1066","342","4145","7142","0","58.04","38.32"
"63","000","00","006","0622","0985","761","530","231","69","830","1488","0","55.78","35.62"
"63","000","00","006","0622","0986","758","537","221","93","851","1384","0","61.49","38.8"
"63","000","00","006","0622","0987","769","575","194","78","847","1460","0","58.01","39.38"
"63","000","00","006","0622","0988","767","555","212","68","835","1371","0","60.9","40.48"
"63","000","00","006","0622","0989","748","540","208","34","782","1439","0","54.34","37.53"
"63","000","00","006","0624","0000","2825","2036","789","299","3124","5195","0","60.13","39.19"
"63","000","00","006","0624","0990","750","524","226","82","832","1376","0","60.47","38.08"
"63","000","00","006","0624","0991","684","490","194","93","777","1366","0","56.88","35.87"
"63","000","00","006","0624","0992","725","510","215","62","787","1218","0","64.61","41.87"
"63","000","00","006","0624","0993","666","512","154","62","728","1235","0","58.95","41.46"
"63","000","00","006","0625","0000","3172","2249","923","270","3442","5651","0","60.91","39.8"
"63","000","00","006","0625","0994","685","516","169","31","716","1364","0","52.49","37.83"
"63","000","00","006","0625","0995","901","569","332","93","994","1408","0","70.6","40.41"
"63","000","00","006","0625","0996","773","567","206","70","843","1450","0","58.14","39.1"
"63","000","00","006","0625","0997","813","597","216","76","889","1429","0","62.21","41.78"
"63","000","00","006","0626","0000","1996","1387","609","242","2238","3630","0","61.65","38.21"
"63","000","00","006","0626","0998","638","450","188","78","716","1170","0","61.2","38.46"
"63","000","00","006","0626","0999","655","441","214","77","732","1245","0","58.8","35.42"
"63","000","00","006","0626","1000","703","496","207","87","790","1215","0","65.02","40.82"
"63","000","00","007","0000","0000","83034","61941","21093","7357","90391","164020","189875","55.11","37.76"
"63","000","00","007","0701","0000","2409","1738","671","197","2606","4833","0","53.92","35.96"
"63","000","00","007","0701","1097","719","520","199","60","779","1305","0","59.69","39.85"
"63","000","00","007","0701","1098","535","386","149","68","603","1183","0","50.97","32.63"
"63","000","00","007","0701","1099","597","436","161","35","632","1176","0","53.74","37.07"
"63","000","00","007","0701","1100","558","396","162","34","592","1169","0","50.64","33.88"
"63","000","00","007","0702","0000","1348","981","367","142","1490","3020","0","49.34","32.48"
"63","000","00","007","0702","1101","680","505","175","56","736","1457","0","50.51","34.66"
"63","000","00","007","0702","1102","668","476","192","86","754","1563","0","48.24","30.45"
"63","000","00","007","0703","0000","1559","1146","413","99","1658","3386","0","48.97","33.85"
"63","000","00","007","0703","1103","782","588","194","42","824","1771","0","46.53","33.2"
"63","000","00","007","0703","1104","777","558","219","57","834","1615","0","51.64","34.55"
"63","000","00","007","0704","0000","2851","2096","755","275","3126","5794","0","53.95","36.18"
"63","000","00","007","0704","1105","737","539","198","87","824","1478","0","55.75","36.47"
"63","000","00","007","0704","1106","723","532","191","48","771","1462","0","52.74","36.39"
"63","000","00","007","0704","1107","656","497","159","79","735","1507","0","48.77","32.98"
"63","000","00","007","0704","1108","735","528","207","61","796","1347","0","59.09","39.2"
"63","000","00","007","0705","0000","2853","1987","866","237","3090","5489","0","56.29","36.2"
"63","000","00","007","0705","1109","675","489","186","55","730","1367","0","53.4","35.77"
"63","000","00","007","0705","1110","726","512","214","56","782","1277","0","61.24","40.09"
"63","000","00","007","0705","1111","746","492","254","56","802","1395","0","57.49","35.27"
"63","000","00","007","0705","1112","706","494","212","70","776","1450","0","53.52","34.07"
"63","000","00","007","0706","0000","2500","1798","702","270","2770","5192","0","53.35","34.63"
"63","000","00","007","0706","1113","629","468","161","63","692","1340","0","51.64","34.93"
"63","000","00","007","0706","1114","606","423","183","61","667","1242","0","53.7","34.06"
"63","000","00","007","0706","1115","624","425","199","87","711","1286","0","55.29","33.05"
"63","000","00","007","0706","1116","641","482","159","59","700","1324","0","52.87","36.4"
"63","000","00","007","0707","0000","2067","1574","493","218","2285","4411","0","51.8","35.68"
"63","000","00","007","0707","1117","774","539","235","86","860","1619","0","53.12","33.29"
"63","000","00","007","0707","1118","587","423","164","82","669","1352","0","49.48","31.29"
"63","000","00","007","0707","1119","706","612","94","50","756","1440","0","52.5","42.5"
"63","000","00","007","0708","0000","1874","1340","534","210","2084","3514","0","59.31","38.13"
"63","000","00","007","0708","1120","661","458","203","58","719","1194","0","60.22","38.36"
"63","000","00","007","0708","1121","625","471","154","67","692","1083","0","63.9","43.49"
"63","000","00","007","0708","1122","588","411","177","85","673","1237","0","54.41","33.23"
"63","000","00","007","0709","0000","2207","1599","608","230","2437","4301","0","56.66","37.18"
"63","000","00","007","0709","1123","763","531","232","79","842","1625","0","51.82","32.68"
"63","000","00","007","0709","1124","728","531","197","74","802","1324","0","60.57","40.11"
"63","000","00","007","0709","1125","716","537","179","77","793","1352","0","58.65","39.72"
"63","000","00","007","0710","0000","2220","1553","667","201","2421","5559","0","43.55","27.94"
"63","000","00","007","0710","1126","673","464","209","66","739","2630","0","28.1","17.64"
"63","000","00","007","0710","1127","837","576","261","71","908","1504","0","60.37","38.3"
"63","000","00","007","0710","1128","710","513","197","64","774","1425","0","54.32","36.0"
"63","000","00","007","0711","0000","3161","2253","908","326","3487","6398","0","54.5","35.21"
"63","000","00","007","0711","1144","494","343","151","52","546","1052","0","51.9","32.6"
"63","000","00","007","0711","1145","570","400","170","64","634","1135","0","55.86","35.24"
"63","000","00","007","0711","1146","625","415","210","68","693","1225","0","56.57","33.88"
"63","000","00","007","0711","1147","763","580","183","71","834","1583","0","52.68","36.64"
"63","000","00","007","0711","1148","709","515","194","71","780","1403","0","55.6","36.71"
"63","000","00","007","0712","0000","2122","1561","561","207","2329","3995","0","58.3","39.07"
"63","000","00","007","0712","1149","728","533","195","77","805","1406","0","57.25","37.91"
"63","000","00","007","0712","1150","751","553","198","63","814","1401","0","58.1","39.47"
"63","000","00","007","0712","1151","643","475","168","67","710","1188","0","59.76","39.98"
"63","000","00","007","0713","0000","1680","1388","292","105","1785","3076","0","58.03","45.12"
"63","000","00","007","0713","1198","747","600","147","57","804","1485","0","54.14","40.4"
"63","000","00","007","0713","1199","933","788","145","48","981","1591","0","61.66","49.53"
"63","000","00","007","0714","0000","4412","3573","839","196","4608","7544","0","61.08","47.36"
"63","000","00","007","0714","1200","871","714","157","32","903","1394","0","64.78","51.22"
"63","000","00","007","0714","1201","831","659","172","38","869","1522","0","57.1","43.3"
"63","000","00","007","0714","1202","964","817","147","40","1004","1661","0","60.45","49.19"
"63","000","00","007","0714","1203","903","723","180","33","936","1561","0","59.96","46.32"
"63","000","00","007","0714","1204","843","660","183","53","896","1406","0","63.73","46.94"
"63","000","00","007","0715","0000","2584","1927","657","220","2804","4891","0","57.33","39.4"
"63","000","00","007","0715","1137","626","461","165","32","658","1228","0","53.58","37.54"
"63","000","00","007","0715","1138","650","482","168","71","721","1268","0","56.86","38.01"
"63","000","00","007","0715","1139","638","492","146","72","710","1207","0","58.82","40.76"
"63","000","00","007","0715","1140","670","492","178","45","715","1188","0","60.19","41.41"
"63","000","00","007","0716","0000","2963","2131","832","260","3223","6228","0","51.75","34.22"
"63","000","00","007","0716","1152","757","553","204","87","844","1597","0","52.85","34.63"
"63","000","00","007","0716","1153","710","516","194","83","793","1290","0","61.47","40.0"
"63","000","00","007","0716","1154","792","557","235","38","830","1746","0","47.54","31.9"
"63","000","00","007","0716","1155","704","505","199","52","756","1595","0","47.4","31.66"
"63","000","00","007","0717","0000","1700","1278","422","147","1847","3860","0","47.85","33.11"
"63","000","00","007","0717","1141","729","529","200","66","795","1474","0","53.93","35.89"
"63","000","00","007","0717","1142","567","453","114","28","595","1304","0","45.63","34.74"
"63","000","00","007","0717","1143","404","296","108","53","457","1082","0","42.24","27.36"
"63","000","00","007","0718","0000","3930","2986","944","319","4249","7643","0","55.59","39.07"
"63","000","00","007","0718","1132","734","550","184","67","801","1447","0","55.36","38.01"
"63","000","00","007","0718","1133","805","619","186","60","865","1491","0","58.01","41.52"
"63","000","00","007","0718","1134","832","624","208","58","890","1500","0","59.33","41.6"
"63","000","00","007","0718","1135","884","615","269","66","950","1582","0","60.05","38.87"
"63","000","00","007","0718","1136","675","578","97","68","743","1623","0","45.78","35.61"
"63","000","00","007","0719","0000","2195","1633","562","261","2456","4677","0","52.51","34.92"
"63","000","00","007","0719","1129","731","522","209","77","808","1591","0","50.79","32.81"
"63","000","00","007","0719","1130","716","552","164","87","803","1474","0","54.48","37.45"
"63","000","00","007","0719","1131","748","559","189","97","845","1612","0","52.42","34.68"
"63","000","00","007","0720","0000","1851","1348","503","120","1971","3212","0","61.36","41.97"
"63","000","00","007","0720","1163","559","426","133","42","601","1036","0","58.01","41.12"
"63","000","00","007","0720","1164","595","412","183","68","663","1035","0","64.06","39.81"
"63","000","00","007","0720","1165","697","510","187","10","707","1141","0","61.96","44.7"
"63","000","00","007","0721","0000","2642","1997","645","253","2895","5522","0","52.43","36.16"
"63","000","00","007","0721","1205","644","473","171","49","693","1498","0","46.26","31.58"
"63","000","00","007","0721","1206","621","461","160","78","699","1478","0","47.29","31.19"
"63","000","00","007","0721","1207","617","429","188","69","686","1170","0","58.63","36.67"
"63","000","00","007","0721","1208","760","634","126","57","817","1376","0","59.38","46.08"
"63","000","00","007","0722","0000","2113","1564","549","187","2300","3885","0","59.2","40.26"
"63","000","00","007","0722","1166","693","537","156","45","738","1271","0","58.06","42.25"
"63","000","00","007","0722","1167","708","508","200","98","806","1328","0","60.69","38.25"
"63","000","00","007","0722","1168","712","519","193","44","756","1286","0","58.79","40.36"
"63","000","00","007","0723","0000","1523","1142","381","155","1678","2903","0","57.8","39.34"
"63","000","00","007","0723","1172","888","662","226","73","961","1623","0","59.21","40.79"
"63","000","00","007","0723","1173","635","480","155","82","717","1280","0","56.02","37.5"
"63","000","00","007","0724","0000","2847","2070","777","396","3243","6128","0","52.92","33.78"
"63","000","00","007","0724","1156","812","579","233","119","931","1701","0","54.73","34.04"
"63","000","00","007","0724","1157","577","404","173","88","665","1339","0","49.66","30.17"
"63","000","00","007","0724","1158","636","475","161","98","734","1484","0","49.46","32.01"
"63","000","00","007","0724","1159","822","612","210","91","913","1604","0","56.92","38.15"
"63","000","00","007","0725","0000","2465","1820","645","249","2714","4923","0","55.13","36.97"
"63","000","00","007","0725","1169","892","664","228","96","988","1679","0","58.84","39.55"
"63","000","00","007","0725","1170","835","614","221","79","914","1619","0","56.45","37.92"
"63","000","00","007","0725","1171","738","542","196","74","812","1625","0","49.97","33.35"
"63","000","00","007","0726","0000","2014","1481","533","188","2202","3767","0","58.46","39.32"
"63","000","00","007","0726","1160","640","466","174","50","690","1197","0","57.64","38.93"
"63","000","00","007","0726","1161","649","478","171","84","733","1347","0","54.42","35.49"
"63","000","00","007","0726","1162","725","537","188","54","779","1223","0","63.7","43.91"
"63","000","00","007","0727","0000","1609","1181","428","149","1758","2911","0","60.39","40.57"
"63","000","00","007","0727","1180","757","531","226","67","824","1342","0","61.4","39.57"
"63","000","00","007","0727","1181","852","650","202","82","934","1569","0","59.53","41.43"
"63","000","00","007","0728","0000","2118","1554","564","172","2290","4194","0","54.6","37.05"
"63","000","00","007","0728","1177","746","522","224","45","791","1373","0","57.61","38.02"
"63","000","00","007","0728","1178","690","529","161","81","771","1394","0","55.31","37.95"
"63","000","00","007","0728","1179","682","503","179","46","728","1427","0","51.02","35.25"
"63","000","00","007","0729","0000","1470","1092","378","104","1574","3234","0","48.67","33.77"
"63","000","00","007","0729","1182","700","512","188","63","763","1514","0","50.4","33.82"
"63","000","00","007","0729","1183","770","580","190","41","811","1720","0","47.15","33.72"
"63","000","00","007","0730","0000","2432","1800","632","212","2644","4533","0","58.33","39.71"
"63","000","00","007","0730","1174","819","626","193","79","898","1608","0","55.85","38.93"
"63","000","00","007","0730","1175","780","560","220","68","848","1453","0","58.36","38.54"
"63","000","00","007","0730","1176","833","614","219","65","898","1472","0","61.01","41.71"
"63","000","00","007","0731","0000","2052","1527","525","188","2240","4154","0","53.92","36.76"
"63","000","00","007","0731","1188","628","476","152","53","681","1307","0","52.1","36.42"
"63","000","00","007","0731","1189","735","560","175","94","829","1420","0","58.38","39.44"
"63","000","00","007","0731","1190","689","491","198","41","730","1427","0","51.16","34.41"
"63","000","00","007","0732","0000","3000","2223","777","238","3238","5505","0","58.82","40.38"
"63","000","00","007","0732","1184","820","620","200","79","899","1461","0","61.53","42.44"
"63","000","00","007","0732","1185","635","466","169","43","678","1264","0","53.64","36.87"
"63","000","00","007","0732","1186","775","574","201","66","841","1334","0","63.04","43.03"
"63","000","00","007","0732","1187","770","563","207","50","820","1446","0","56.71","38.93"
"63","000","00","007","0733","0000","2612","2101","511","228","2840","4900","0","57.96","42.88"
"63","000","00","007","0733","1191","495","373","122","48","543","956","0","56.8","39.02"
"63","000","00","007","0733","1192","717","554","163","74","791","1352","0","58.51","40.98"
"63","000","00","007","0733","1193","718","588","130","54","772","1370","0","56.35","42.92"
"63","000","00","007","0733","1194","682","586","96","52","734","1222","0","60.07","47.95"
"63","000","00","007","0734","0000","2246","1833","413","158","2404","4365","0","55.07","41.99"
"63","000","00","007","0734","1195","719","613","106","50","769","1375","0","55.93","44.58"
"63","000","00","007","0734","1196","794","643","151","62","856","1463","0","58.51","43.95"
"63","000","00","007","0734","1197","733","577","156","46","779","1527","0","51.02","37.79"
"63","000","00","007","0735","0000","1831","1447","384","140","1971","3296","0","59.8","43.9"
"63","000","00","007","0735","1209","589","468","121","25","614","1093","0","56.18","42.82"
"63","000","00","007","0735","1210","617","490","127","64","681","1084","0","62.82","45.2"
"63","000","00","007","0735","1211","625","489","136","51","676","1119","0","60.41","43.7"
"63","000","00","007","0736","0000","1574","1219","355","100","1674","2777","0","60.28","43.9"
"63","000","00","007","0736","1212","809","630","179","47","856","1381","0","61.98","45.62"
"63","000","00","007","0736","1213","765","589","176","53","818","1396","0","58.6","42.19"
"63","000","00","008","0000","0000","126169","98167","28002","8977","135146","227211","273883","59.48","43.21"
"63","000","00","008","0801","0000","3351","2509","842","223","3574","6228","0","57.39","40.29"
"63","000","00","008","0801","1402","823","584","239","40","863","1539","0","56.08","37.95"
"63","000","00","008","0801","1403","775","604","171","40","815","1548","0","52.65","39.02"
"63","000","00","008","0801","1404","827","619","208","77","904","1493","0","60.55","41.46"
"63","000","00","008","0801","1405","926","702","224","66","992","1648","0","60.19","42.6"
"63","000","00","008","0802","0000","3405","2687","718","241","3646","6155","0","59.24","43.66"
"63","000","00","008","0802","1406","840","652","188","57","897","1544","0","58.1","42.23"
"63","000","00","008","0802","1407","841","663","178","68","909","1557","0","58.38","42.58"
"63","000","00","008","0802","1408","802","642","160","52","854","1514","0","56.41","42.4"
"63","000","00","008","0802","1409","922","730","192","64","986","1540","0","64.03","47.4"
"63","000","00","008","0803","0000","2527","1948","579","162","2689","4365","0","61.6","44.63"
"63","000","00","008","0803","1410","861","677","184","44","905","1466","0","61.73","46.18"
"63","000","00","008","0803","1411","852","656","196","46","898","1444","0","62.19","45.43"
"63","000","00","008","0803","1412","814","615","199","72","886","1455","0","60.89","42.27"
"63","000","00","008","0804","0000","3044","2352","692","213","3257","5676","0","57.38","41.44"
"63","000","00","008","0804","1413","748","578","170","62","810","1440","0","56.25","40.14"
"63","000","00","008","0804","1414","794","605","189","66","860","1398","0","61.52","43.28"
"63","000","00","008","0804","1415","730","582","148","31","761","1412","0","53.9","41.22"
"63","000","00","008","0804","1416","772","587","185","54","826","1426","0","57.92","41.16"
"63","000","00","008","0805","0000","2406","1836","570","141","2547","4345","0","58.62","42.26"
"63","000","00","008","0805","1417","801","603","198","49","850","1437","0","59.15","41.96"
"63","000","00","008","0805","1418","754","587","167","55","809","1340","0","60.37","43.81"
"63","000","00","008","0805","1419","851","646","205","37","888","1568","0","56.63","41.2"
"63","000","00","008","0806","0000","2764","2161","603","160","2924","5016","0","58.29","43.08"
"63","000","00","008","0806","1420","750","597","153","32","782","1372","0","57.0","43.51"
"63","000","00","008","0806","1421","560","451","109","38","598","1046","0","57.17","43.12"
"63","000","00","008","0806","1422","715","547","168","48","763","1274","0","59.89","42.94"
"63","000","00","008","0806","1423","739","566","173","42","781","1324","0","58.99","42.75"
"63","000","00","008","0807","0000","2703","2118","585","165","2868","4829","0","59.39","43.86"
"63","000","00","008","0807","1424","926","703","223","63","989","1722","0","57.43","40.82"
"63","000","00","008","0807","1425","954","758","196","74","1028","1737","0","59.18","43.64"
"63","000","00","008","0807","1426","823","657","166","28","851","1370","0","62.12","47.96"
"63","000","00","008","0808","0000","2200","1680","520","179","2379","3961","0","60.06","42.41"
"63","000","00","008","0808","1427","813","611","202","67","880","1495","0","58.86","40.87"
"63","000","00","008","0808","1428","748","581","167","54","802","1328","0","60.39","43.75"
"63","000","00","008","0808","1429","639","488","151","58","697","1138","0","61.25","42.88"
"63","000","00","008","0809","0000","3518","2766","752","236","3754","6217","0","60.38","44.49"
"63","000","00","008","0809","1430","833","664","169","41","874","1471","0","59.42","45.14"
"63","000","00","008","0809","1431","673","510","163","40","713","1144","0","62.33","44.58"
"63","000","00","008","0809","1432","700","530","170","60","760","1176","0","64.63","45.07"
"63","000","00","008","0809","1433","607","523","84","51","658","1212","0","54.29","43.15"
"63","000","00","008","0809","1434","705","539","166","44","749","1214","0","61.7","44.4"
"63","000","00","008","0810","0000","2648","1993","655","209","2857","4778","0","59.79","41.71"
"63","000","00","008","0810","1435","626","463","163","47","673","1170","0","57.52","39.57"
"63","000","00","008","0810","1436","742","532","210","55","797","1308","0","60.93","40.67"
"63","000","00","008","0810","1437","667","507","160","58","725","1190","0","60.92","42.61"
"63","000","00","008","0810","1438","613","491","122","49","662","1110","0","59.64","44.23"
"63","000","00","008","0811","0000","1623","1327","296","124","1747","2899","0","60.26","45.77"
"63","000","00","008","0811","1439","828","655","173","59","887","1512","0","58.66","43.32"
"63","000","00","008","0811","1440","795","672","123","65","860","1387","0","62.0","48.45"
"63","000","00","008","0812","0000","2329","1767","562","193","2522","4209","0","59.92","41.98"
"63","000","00","008","0812","1441","755","580","175","56","811","1355","0","59.85","42.8"
"63","000","00","008","0812","1442","751","542","209","73","824","1370","0","60.15","39.56"
"63","000","00","008","0812","1443","823","645","178","64","887","1484","0","59.77","43.46"
"63","000","00","008","0813","0000","2424","1900","524","165","2589","4240","0","61.06","44.81"
"63","000","00","008","0813","1444","970","756","214","77","1047","1786","0","58.62","42.33"
"63","000","00","008","0813","1445","706","567","139","60","766","1260","0","60.79","45.0"
"63","000","00","008","0813","1446","748","577","171","28","776","1194","0","64.99","48.32"
"63","000","00","008","0814","0000","1618","1277","341","130","1748","2936","0","59.54","43.49"
"63","000","00","008","0814","1450","781","619","162","76","857","1450","0","59.1","42.69"
"63","000","00","008","0814","1451","837","658","179","54","891","1486","0","59.96","44.28"
"63","000","00","008","0815","0000","3764","2951","813","214","3978","6643","0","59.88","44.42"
"63","000","00","008","0815","1452","717","582","135","44","761","1259","0","60.44","46.23"
"63","000","00","008","0815","1453","772","613","159","26","798","1317","0","60.59","46.55"
"63","000","00","008","0815","1454","779","602","177","44","823","1321","0","62.3","45.57"
"63","000","00","008","0815","1455","810","632","178","52","862","1475","0","58.44","42.85"
"63","000","00","008","0815","1456","686","522","164","48","734","1271","0","57.75","41.07"
"63","000","00","008","0816","0000","2859","2212","647","172","3031","5159","0","58.75","42.88"
"63","000","00","008","0816","1457","920","694","226","48","968","1609","0","60.16","43.13"
"63","000","00","008","0816","1458","792","631","161","39","831","1501","0","55.36","42.04"
"63","000","00","008","0816","1459","510","387","123","41","551","997","0","55.27","38.82"
"63","000","00","008","0816","1460","637","500","137","44","681","1052","0","64.73","47.53"
"63","000","00","008","0817","0000","2791","2152","639","170","2961","4847","0","61.09","44.4"
"63","000","00","008","0817","1461","725","574","151","41","766","1247","0","61.43","46.03"
"63","000","00","008","0817","1462","665","478","187","53","718","1167","0","61.53","40.96"
"63","000","00","008","0817","1463","731","562","169","39","770","1280","0","60.16","43.91"
"63","000","00","008","0817","1464","670","538","132","37","707","1153","0","61.32","46.66"
"63","000","00","008","0818","0000","3388","2703","685","208","3596","5817","0","61.82","46.47"
"63","000","00","008","0818","1465","895","718","177","52","947","1557","0","60.82","46.11"
"63","000","00","008","0818","1466","792","631","161","64","856","1444","0","59.28","43.7"
"63","000","00","008","0818","1467","894","722","172","42","936","1459","0","64.15","49.49"
"63","000","00","008","0818","1468","807","632","175","50","857","1357","0","63.15","46.57"
"63","000","00","008","0819","0000","2908","2262","646","219","3127","4847","0","64.51","46.67"
"63","000","00","008","0819","1469","742","581","161","50","792","1194","0","66.33","48.66"
"63","000","00","008","0819","1470","700","541","159","61","761","1184","0","64.27","45.69"
"63","000","00","008","0819","1471","669","506","163","48","717","1119","0","64.08","45.22"
"63","000","00","008","0819","1472","797","634","163","60","857","1350","0","63.48","46.96"
"63","000","00","008","0820","0000","4075","3295","780","449","4524","7265","0","62.27","45.35"
"63","000","00","008","0820","1473","787","623","164","58","845","1502","0","56.26","41.48"
"63","000","00","008","0820","1474","769","669","100","240","1009","1511","0","66.78","44.28"
"63","000","00","008","0820","1475","887","686","201","45","932","1481","0","62.93","46.32"
"63","000","00","008","0820","1476","890","727","163","49","939","1477","0","63.57","49.22"
"63","000","00","008","0820","1477","742","590","152","57","799","1294","0","61.75","45.6"
"63","000","00","008","0821","0000","2099","1637","462","154","2253","3516","0","64.08","46.56"
"63","000","00","008","0821","1478","667","523","144","40","707","1040","0","67.98","50.29"
"63","000","00","008","0821","1479","780","619","161","55","835","1323","0","63.11","46.79"
"63","000","00","008","0821","1480","652","495","157","59","711","1153","0","61.67","42.93"
"63","000","00","008","0822","0000","3282","2546","736","221","3503","5896","0","59.41","43.18"
"63","000","00","008","0822","1481","829","656","173","65","894","1525","0","58.62","43.02"
"63","000","00","008","0822","1482","732","575","157","57","789","1412","0","55.88","40.72"
"63","000","00","008","0822","1483","865","656","209","62","927","1473","0","62.93","44.53"
"63","000","00","008","0822","1484","856","659","197","37","893","1486","0","60.09","44.35"
"63","000","00","008","0823","0000","3523","2795","728","234","3757","6013","0","62.48","46.48"
"63","000","00","008","0823","1485","954","785","169","59","1013","1616","0","62.69","48.58"
"63","000","00","008","0823","1486","878","685","193","66","944","1489","0","63.4","46.0"
"63","000","00","008","0823","1487","782","622","160","57","839","1414","0","59.34","43.99"
"63","000","00","008","0823","1488","909","703","206","52","961","1494","0","64.32","47.05"
"63","000","00","008","0824","0000","4575","3550","1025","271","4846","7764","0","62.42","45.72"
"63","000","00","008","0824","1489","908","721","187","56","964","1547","0","62.31","46.61"
"63","000","00","008","0824","1490","901","671","230","66","967","1587","0","60.93","42.28"
"63","000","00","008","0824","1491","926","734","192","43","969","1515","0","63.96","48.45"
"63","000","00","008","0824","1492","922","716","206","63","985","1573","0","62.62","45.52"
"63","000","00","008","0824","1493","918","708","210","43","961","1542","0","62.32","45.91"
"63","000","00","008","0825","0000","1676","1283","393","183","1859","3536","0","52.57","36.28"
"63","000","00","008","0825","1494","724","567","157","81","805","1465","0","54.95","38.7"
"63","000","00","008","0825","1495","304","216","88","40","344","699","0","49.21","30.9"
"63","000","00","008","0825","1496","648","500","148","62","710","1372","0","51.75","36.44"
"63","000","00","008","0826","0000","3282","2550","732","206","3488","6057","0","57.59","42.1"
"63","000","00","008","0826","1497","688","535","153","57","745","1448","0","51.45","36.95"
"63","000","00","008","0826","1498","853","653","200","61","914","1548","0","59.04","42.18"
"63","000","00","008","0826","1499","840","649","191","48","888","1501","0","59.16","43.24"
"63","000","00","008","0826","1500","901","713","188","40","941","1560","0","60.32","45.71"
"63","000","00","008","0827","0000","4382","3453","929","258","4640","7736","0","59.98","44.64"
"63","000","00","008","0827","1501","873","683","190","52","925","1567","0","59.03","43.59"
"63","000","00","008","0827","1502","863","666","197","54","917","1554","0","59.01","42.86"
"63","000","00","008","0827","1503","854","665","189","62","916","1544","0","59.33","43.07"
"63","000","00","008","0827","1504","873","698","175","50","923","1528","0","60.41","45.68"
"63","000","00","008","0827","1505","919","741","178","40","959","1543","0","62.15","48.02"
"63","000","00","008","0828","0000","4026","3155","871","361","4387","9127","0","48.07","34.57"
"63","000","00","008","0828","1506","900","670","230","60","960","2754","0","34.86","24.33"
"63","000","00","008","0828","1507","718","635","83","76","794","1709","0","46.46","37.16"
"63","000","00","008","0828","1508","789","577","212","80","869","1515","0","57.36","38.09"
"63","000","00","008","0828","1509","791","622","169","71","862","1571","0","54.87","39.59"
"63","000","00","008","0828","1510","828","651","177","74","902","1578","0","57.16","41.25"
"63","000","00","008","0829","0000","3619","2814","805","299","3918","6503","0","60.25","43.27"
"63","000","00","008","0829","1511","752","573","179","68","820","1454","0","56.4","39.41"
"63","000","00","008","0829","1512","783","614","169","67","850","1436","0","59.19","42.76"
"63","000","00","008","0829","1513","833","660","173","61","894","1402","0","63.77","47.08"
"63","000","00","008","0829","1514","661","515","146","41","702","1117","0","62.85","46.11"
"63","000","00","008","0829","1515","590","452","138","62","652","1094","0","59.6","41.32"
"63","000","00","008","0830","0000","4183","3290","893","292","4475","7402","0","60.46","44.45"
"63","000","00","008","0830","1519","745","592","153","45","790","1385","0","57.04","42.74"
"63","000","00","008","0830","1520","791","599","192","63","854","1416","0","60.31","42.3"
"63","000","00","008","0830","1521","837","660","177","63","900","1412","0","63.74","46.74"
"63","000","00","008","0830","1522","821","659","162","62","883","1535","0","57.52","42.93"
"63","000","00","008","0830","1523","989","780","209","59","1048","1654","0","63.36","47.16"
"63","000","00","008","0831","0000","2789","2194","595","179","2968","4781","0","62.08","45.89"
"63","000","00","008","0831","1524","691","543","148","40","731","1156","0","63.24","46.97"
"63","000","00","008","0831","1525","726","577","149","48","774","1231","0","62.88","46.87"
"63","000","00","008","0831","1526","660","519","141","47","707","1218","0","58.05","42.61"
"63","000","00","008","0831","1527","712","555","157","44","756","1176","0","64.29","47.19"
"63","000","00","008","0832","0000","2692","2051","641","197","2889","4889","0","59.09","41.95"
"63","000","00","008","0832","1532","872","655","217","65","937","1613","0","58.09","40.61"
"63","000","00","008","0832","1533","968","731","237","60","1028","1697","0","60.58","43.08"
"63","000","00","008","0832","1534","852","665","187","72","924","1579","0","58.52","42.12"
"63","000","00","008","0833","0000","3872","2964","908","295","4167","6932","0","60.11","42.76"
"63","000","00","008","0833","1538","904","667","237","85","989","1646","0","60.09","40.52"
"63","000","00","008","0833","1539","725","548","177","53","778","1286","0","60.5","42.61"
"63","000","00","008","0833","1540","710","542","168","39","749","1219","0","61.44","44.46"
"63","000","00","008","0833","1541","751","597","154","52","803","1292","0","62.15","46.21"
"63","000","00","008","0833","1542","782","610","172","66","848","1489","0","56.95","40.97"
"63","000","00","008","0834","0000","2765","2165","600","166","2931","5133","0","57.1","42.18"
"63","000","00","008","0834","1547","852","665","187","47","899","1816","0","49.5","36.62"
"63","000","00","008","0834","1548","533","389","144","32","565","985","0","57.36","39.49"
"63","000","00","008","0834","1549","768","637","131","37","805","1314","0","61.26","48.48"
"63","000","00","008","0834","1550","612","474","138","50","662","1018","0","65.03","46.56"
"63","000","00","008","0835","0000","3975","3080","895","270","4245","7131","0","59.53","43.19"
"63","000","00","008","0835","1551","882","678","204","53","935","1578","0","59.25","42.97"
"63","000","00","008","0835","1552","813","626","187","38","851","1457","0","58.41","42.96"
"63","000","00","008","0835","1553","761","597","164","59","820","1326","0","61.84","45.02"
"63","000","00","008","0835","1554","796","624","172","57","853","1393","0","61.23","44.8"
"63","000","00","008","0835","1555","723","555","168","63","786","1377","0","57.08","40.31"
"63","000","00","008","0836","0000","1803","1353","450","183","1986","3454","0","57.5","39.17"
"63","000","00","008","0836","1560","752","585","167","46","798","1288","0","61.96","45.42"
"63","000","00","008","0836","1561","636","475","161","78","714","1301","0","54.88","36.51"
"63","000","00","008","0836","1562","415","293","122","59","474","865","0","54.8","33.87"
"63","000","00","008","0837","0000","403","294","109","40","443","789","0","56.15","37.26"
"63","000","00","008","0837","1563","403","294","109","40","443","789","0","56.15","37.26"
"63","000","00","008","0838","0000","2168","1708","460","148","2316","3615","0","64.07","47.25"
"63","000","00","008","0838","1516","634","492","142","53","687","1070","0","64.21","45.98"
"63","000","00","008","0838","1517","803","638","165","39","842","1319","0","63.84","48.37"
"63","000","00","008","0838","1518","731","578","153","56","787","1226","0","64.19","47.15"
"63","000","00","008","0839","0000","3414","2609","805","255","3669","6498","0","56.46","40.15"
"63","000","00","008","0839","1543","910","699","211","69","979","1611","0","60.77","43.39"
"63","000","00","008","0839","1544","753","573","180","54","807","1549","0","52.1","36.99"
"63","000","00","008","0839","1545","871","677","194","69","940","1678","0","56.02","40.35"
"63","000","00","008","0839","1546","880","660","220","63","943","1660","0","56.81","39.76"
"63","000","00","008","0840","0000","3566","2769","797","217","3783","6091","0","62.11","45.46"
"63","000","00","008","0840","1556","825","625","200","45","870","1448","0","60.08","43.16"
"63","000","00","008","0840","1557","857","667","190","57","914","1447","0","63.17","46.1"
"63","000","00","008","0840","1558","1061","809","252","69","1130","1739","0","64.98","46.52"
"63","000","00","008","0840","1559","823","668","155","46","869","1457","0","59.64","45.85"
"63","000","00","008","0841","0000","2941","2227","714","264","3205","5308","0","60.38","41.96"
"63","000","00","008","0841","1528","812","599","213","49","861","1392","0","61.85","43.03"
"63","000","00","008","0841","1529","689","514","175","95","784","1323","0","59.26","38.85"
"63","000","00","008","0841","1530","699","532","167","46","745","1297","0","57.44","41.02"
"63","000","00","008","0841","1531","741","582","159","74","815","1296","0","62.89","44.91"
"63","000","00","008","0842","0000","2478","1964","514","179","2657","4385","0","60.59","44.79"
"63","000","00","008","0842","1447","820","617","203","53","873","1444","0","60.46","42.73"
"63","000","00","008","0842","1448","833","681","152","63","896","1495","0","59.93","45.55"
"63","000","00","008","0842","1449","825","666","159","63","888","1446","0","61.41","46.06"
"63","000","00","008","0843","0000","2311","1820","491","132","2443","4223","0","57.85","43.1"
"63","000","00","008","0843","1535","775","605","170","62","837","1320","0","63.41","45.83"
"63","000","00","008","0843","1536","783","617","166","38","821","1438","0","57.09","42.91"
"63","000","00","008","0843","1537","753","598","155","32","785","1465","0","53.58","40.82"
"63","000","00","009","0000","0000","54839","41696","13143","3544","58383","101907","121769","57.29","40.92"
"63","000","00","009","0901","0000","2779","2080","699","147","2926","5655","0","51.74","36.78"
"63","000","00","009","0901","0455","618","467","151","31","649","1280","0","50.7","36.48"
"63","000","00","009","0901","0456","726","551","175","28","754","1351","0","55.81","40.78"
"63","000","00","009","0901","0457","733","566","167","43","776","1345","0","57.7","42.08"
"63","000","00","009","0901","0458","702","496","206","45","747","1679","0","44.49","29.54"
"63","000","00","009","0902","0000","1589","1160","429","111","1700","3315","0","51.28","34.99"
"63","000","00","009","0902","0459","804","566","238","62","866","1680","0","51.55","33.69"
"63","000","00","009","0902","0460","785","594","191","49","834","1635","0","51.01","36.33"
"63","000","00","009","0903","0000","2012","1514","498","203","2215","3486","0","63.54","43.43"
"63","000","00","009","0903","0465","657","501","156","40","697","1086","0","64.18","46.13"
"63","000","00","009","0903","0466","700","525","175","74","774","1202","0","64.39","43.68"
"63","000","00","009","0903","0467","655","488","167","89","744","1198","0","62.1","40.73"
"63","000","00","009","0904","0000","3327","2489","838","221","3548","6330","0","56.05","39.32"
"63","000","00","009","0904","0461","753","578","175","51","804","1459","0","55.11","39.62"
"63","000","00","009","0904","0462","927","704","223","37","964","1706","0","56.51","41.27"
"63","000","00","009","0904","0463","842","662","180","105","947","1674","0","56.57","39.55"
"63","000","00","009","0904","0464","805","545","260","28","833","1491","0","55.87","36.55"
"63","000","00","009","0905","0000","3299","2502","797","211","3510","6336","0","55.4","39.49"
"63","000","00","009","0905","0483","728","548","180","66","794","1518","0","52.31","36.1"
"63","000","00","009","0905","0484","879","670","209","59","938","1552","0","60.44","43.17"
"63","000","00","009","0905","0485","829","654","175","25","854","1658","0","51.51","39.45"
"63","000","00","009","0905","0486","863","630","233","61","924","1608","0","57.46","39.18"
"63","000","00","009","0906","0000","1719","1362","357","97","1816","3337","0","54.42","40.82"
"63","000","00","009","0906","0504","787","632","155","39","826","1649","0","50.09","38.33"
"63","000","00","009","0906","0505","932","730","202","58","990","1688","0","58.65","43.25"
"63","000","00","009","0907","0000","2280","1750","530","155","2435","4093","0","59.49","42.76"
"63","000","00","009","0907","0490","777","606","171","45","822","1397","0","58.84","43.38"
"63","000","00","009","0907","0491","751","575","176","55","806","1352","0","59.62","42.53"
"63","000","00","009","0907","0492","752","569","183","55","807","1344","0","60.04","42.34"
"63","000","00","009","0908","0000","2110","1580","530","137","2247","4165","0","53.95","37.94"
"63","000","00","009","0908","0493","689","505","184","33","722","1385","0","52.13","36.46"
"63","000","00","009","0908","0494","734","552","182","60","794","1399","0","56.75","39.46"
"63","000","00","009","0908","0495","687","523","164","44","731","1381","0","52.93","37.87"
"63","000","00","009","0909","0000","2264","1697","567","125","2389","4228","0","56.5","40.14"
"63","000","00","009","0909","0496","803","601","202","56","859","1548","0","55.49","38.82"
"63","000","00","009","0909","0497","625","485","140","30","655","1190","0","55.04","40.76"
"63","000","00","009","0909","0498","836","611","225","39","875","1490","0","58.72","41.01"
"63","000","00","009","0910","0000","3367","2544","823","197","3564","5983","0","59.57","42.52"
"63","000","00","009","0910","0499","639","497","142","25","664","1096","0","60.58","45.35"
"63","000","00","009","0910","0500","733","574","159","32","765","1238","0","61.79","46.37"
"63","000","00","009","0910","0501","736","558","178","35","771","1271","0","60.66","43.9"
"63","000","00","009","0910","0502","614","456","158","56","670","1146","0","58.46","39.79"
"63","000","00","009","0910","0503","645","459","186","49","694","1232","0","56.33","37.26"
"63","000","00","009","0911","0000","3834","2960","874","257","4091","6741","0","60.69","43.91"
"63","000","00","009","0911","0518","715","554","161","49","764","1225","0","62.37","45.22"
"63","000","00","009","0911","0519","743","558","185","57","800","1264","0","63.29","44.15"
"63","000","00","009","0911","0520","925","713","212","85","1010","1649","0","61.25","43.24"
"63","000","00","009","0911","0521","728","566","162","23","751","1267","0","59.27","44.67"
"63","000","00","009","0911","0522","723","569","154","43","766","1336","0","57.34","42.59"
"63","000","00","009","0912","0000","2128","1591","537","145","2273","3805","0","59.74","41.81"
"63","000","00","009","0912","0509","676","502","174","78","754","1195","0","63.1","42.01"
"63","000","00","009","0912","0510","714","502","212","20","734","1254","0","58.53","40.03"
"63","000","00","009","0912","0511","738","587","151","47","785","1356","0","57.89","43.29"
"63","000","00","009","0913","0000","2266","1714","552","166","2432","4011","0","60.63","42.73"
"63","000","00","009","0913","0512","757","563","194","78","835","1363","0","61.26","41.31"
"63","000","00","009","0913","0513","781","593","188","51","832","1317","0","63.17","45.03"
"63","000","00","009","0913","0514","728","558","170","37","765","1331","0","57.48","41.92"
"63","000","00","009","0914","0000","2493","1867","626","205","2698","4733","0","57.0","39.45"
"63","000","00","009","0914","0515","851","631","220","80","931","1610","0","57.83","39.19"
"63","000","00","009","0914","0516","796","593","203","40","836","1542","0","54.22","38.46"
"63","000","00","009","0914","0517","846","643","203","85","931","1581","0","58.89","40.67"
"63","000","00","009","0915","0000","2481","1884","597","118","2599","4508","0","57.65","41.79"
"63","000","00","009","0915","0506","861","664","197","33","894","1503","0","59.48","44.18"
"63","000","00","009","0915","0507","816","608","208","37","853","1542","0","55.32","39.43"
"63","000","00","009","0915","0508","804","612","192","48","852","1463","0","58.24","41.83"
"63","000","00","009","0916","0000","3857","2947","910","312","4169","7922","0","52.63","37.2"
"63","000","00","009","0916","0478","766","577","189","66","832","1529","0","54.41","37.74"
"63","000","00","009","0916","0479","801","617","184","53","854","1618","0","52.78","38.13"
"63","000","00","009","0916","0480","674","509","165","86","760","1545","0","49.19","32.94"
"63","000","00","009","0916","0481","841","644","197","57","898","1569","0","57.23","41.05"
"63","000","00","009","0916","0482","775","600","175","50","825","1661","0","49.67","36.12"
"63","000","00","009","0917","0000","4493","3354","1139","283","4776","8171","0","58.45","41.05"
"63","000","00","009","0917","0468","700","524","176","31","731","1430","0","51.12","36.64"
"63","000","00","009","0917","0469","721","491","230","60","781","1275","0","61.25","38.51"
"63","000","00","009","0917","0470","810","603","207","59","869","1344","0","64.66","44.87"
"63","000","00","009","0917","0471","768","570","198","50","818","1391","0","58.81","40.98"
"63","000","00","009","0917","0472","785","626","159","36","821","1342","0","61.18","46.65"
"63","000","00","009","0917","0473","709","540","169","47","756","1389","0","54.43","38.88"
"63","000","00","009","0918","0000","3130","2458","672","170","3300","5592","0","59.01","43.96"
"63","000","00","009","0918","0474","806","615","191","48","854","1426","0","59.89","43.13"
"63","000","00","009","0918","0475","789","655","134","31","820","1359","0","60.34","48.2"
"63","000","00","009","0918","0476","734","553","181","61","795","1366","0","58.2","40.48"
"63","000","00","009","0918","0477","801","635","166","30","831","1441","0","57.67","44.07"
"63","000","00","009","0919","0000","2806","2264","542","149","2955","4916","0","60.11","46.05"
"63","000","00","009","0919","0523","675","525","150","27","702","1162","0","60.41","45.18"
"63","000","00","009","0919","0524","582","462","120","24","606","1045","0","57.99","44.21"
"63","000","00","009","0919","0525","825","669","156","65","890","1351","0","65.88","49.52"
"63","000","00","009","0919","0526","724","608","116","33","757","1358","0","55.74","44.77"
"63","000","00","009","0920","0000","2605","1979","626","135","2740","4580","0","59.83","43.21"
"63","000","00","009","0920","0487","747","578","169","42","789","1475","0","53.49","39.19"
"63","000","00","009","0920","0488","1014","767","247","52","1066","1722","0","61.9","44.54"
"63","000","00","009","0920","0489","844","634","210","41","885","1383","0","63.99","45.84"
"63","000","00","010","0000","0000","128273","97954","30319","7966","136239","236824","287227","57.53","41.36"
"63","000","00","010","1001","0000","3428","2563","865","265","3693","6500","0","56.82","39.43"
"63","000","00","010","1001","0305","811","620","191","35","846","1661","0","50.93","37.33"
"63","000","00","010","1001","0306","815","589","226","79","894","1602","0","55.81","36.77"
"63","000","00","010","1001","0307","900","676","224","105","1005","1655","0","60.73","40.85"
"63","000","00","010","1001","0308","902","678","224","46","948","1582","0","59.92","42.86"
"63","000","00","010","1002","0000","4500","3468","1032","331","4831","8357","0","57.81","41.5"
"63","000","00","010","1002","0309","876","688","188","42","918","1688","0","54.38","40.76"
"63","000","00","010","1002","0310","935","691","244","54","989","1737","0","56.94","39.78"
"63","000","00","010","1002","0311","1003","796","207","75","1078","1809","0","59.59","44.0"
"63","000","00","010","1002","0312","729","543","186","57","786","1376","0","57.12","39.46"
"63","000","00","010","1002","0313","957","750","207","103","1060","1747","0","60.68","42.93"
"63","000","00","010","1003","0000","3491","2638","853","187","3678","5914","0","62.19","44.61"
"63","000","00","010","1003","0314","807","601","206","33","840","1389","0","60.48","43.27"
"63","000","00","010","1003","0315","854","669","185","52","906","1454","0","62.31","46.01"
"63","000","00","010","1003","0316","876","634","242","52","928","1468","0","63.22","43.19"
"63","000","00","010","1003","0317","954","734","220","50","1004","1603","0","62.63","45.79"
"63","000","00","010","1005","0000","2929","2203","726","183","3112","5276","0","58.98","41.76"
"63","000","00","010","1005","0318","945","706","239","39","984","1795","0","54.82","39.33"
"63","000","00","010","1005","0319","1018","774","244","67","1085","1737","0","62.46","44.56"
"63","000","00","010","1005","0320","966","723","243","77","1043","1744","0","59.81","41.46"
"63","000","00","010","1006","0000","2647","1989","658","149","2796","4732","0","59.09","42.03"
"63","000","00","010","1006","0321","913","705","208","69","982","1661","0","59.12","42.44"
"63","000","00","010","1006","0322","867","634","233","52","919","1577","0","58.28","40.2"
"63","000","00","010","1006","0323","867","650","217","28","895","1494","0","59.91","43.51"
"63","000","00","010","1007","0000","4513","3453","1060","334","4847","8285","0","58.5","41.68"
"63","000","00","010","1007","0324","887","691","196","72","959","1626","0","58.98","42.5"
"63","000","00","010","1007","0325","882","679","203","82","964","1641","0","58.74","41.38"
"63","000","00","010","1007","0326","848","662","186","53","901","1554","0","57.98","42.6"
"63","000","00","010","1007","0327","981","724","257","60","1041","1728","0","60.24","41.9"
"63","000","00","010","1007","0328","915","697","218","67","982","1736","0","56.57","40.15"
"63","000","00","010","1008","0000","3529","2607","922","213","3742","7740","0","48.35","33.68"
"63","000","00","010","1008","0329","885","682","203","51","936","1461","0","64.07","46.68"
"63","000","00","010","1008","0330","824","621","203","45","869","1509","0","57.59","41.15"
"63","000","00","010","1008","0331","728","527","201","35","763","1358","0","56.19","38.81"
"63","000","00","010","1008","0332","283","76","207","54","337","1761","0","19.14","4.32"
"63","000","00","010","1008","0333","809","701","108","28","837","1651","0","50.7","42.46"
"63","000","00","010","1009","0000","2939","2287","652","187","3126","5472","0","57.13","41.79"
"63","000","00","010","1009","0334","983","755","228","80","1063","1809","0","58.76","41.74"
"63","000","00","010","1009","0335","969","763","206","62","1031","1773","0","58.15","43.03"
"63","000","00","010","1009","0336","987","769","218","45","1032","1890","0","54.6","40.69"
"63","000","00","010","1010","0000","4212","3267","945","208","4420","7310","0","60.47","44.69"
"63","000","00","010","1010","0337","1065","810","255","67","1132","1760","0","64.32","46.02"
"63","000","00","010","1010","0338","939","738","201","38","977","1645","0","59.39","44.86"
"63","000","00","010","1010","0339","784","606","178","29","813","1324","0","61.4","45.77"
"63","000","00","010","1010","0340","631","507","124","34","665","1072","0","62.03","47.29"
"63","000","00","010","1010","0341","793","606","187","40","833","1509","0","55.2","40.16"
"63","000","00","010","1011","0000","3943","2967","976","220","4163","7069","0","58.89","41.97"
"63","000","00","010","1011","0342","962","719","243","33","995","1715","0","58.02","41.92"
"63","000","00","010","1011","0343","972","729","243","64","1036","1774","0","58.4","41.09"
"63","000","00","010","1011","0344","1065","806","259","72","1137","1796","0","63.31","44.88"
"63","000","00","010","1011","0345","944","713","231","51","995","1784","0","55.77","39.97"
"63","000","00","010","1012","0000","2769","2067","702","163","2932","4835","0","60.64","42.75"
"63","000","00","010","1012","0346","815","604","211","65","880","1417","0","62.1","42.63"
"63","000","00","010","1012","0347","931","690","241","42","973","1699","0","57.27","40.61"
"63","000","00","010","1012","0348","1023","773","250","56","1079","1719","0","62.77","44.97"
"63","000","00","010","1013","0000","2473","1890","583","140","2613","4784","0","54.62","39.51"
"63","000","00","010","1013","0349","941","717","224","30","971","1715","0","56.62","41.81"
"63","000","00","010","1013","0350","792","620","172","36","828","1634","0","50.67","37.94"
"63","000","00","010","1013","0351","740","553","187","74","814","1435","0","56.72","38.54"
"63","000","00","010","1014","0000","3143","2450","693","209","3352","5804","0","57.75","42.21"
"63","000","00","010","1014","0352","764","597","167","32","796","1440","0","55.28","41.46"
"63","000","00","010","1014","0353","852","679","173","35","887","1446","0","61.34","46.96"
"63","000","00","010","1014","0354","824","635","189","69","893","1657","0","53.89","38.32"
"63","000","00","010","1014","0355","703","539","164","73","776","1261","0","61.54","42.74"
"63","000","00","010","1015","0000","3540","2653","887","218","3758","6183","0","60.78","42.91"
"63","000","00","010","1015","0356","203","138","65","33","236","456","0","51.75","30.26"
"63","000","00","010","1015","0357","896","689","207","43","939","1433","0","65.53","48.08"
"63","000","00","010","1015","0358","844","608","236","43","887","1485","0","59.73","40.94"
"63","000","00","010","1015","0359","872","651","221","41","913","1590","0","57.42","40.94"
"63","000","00","010","1015","0360","725","567","158","58","783","1219","0","64.23","46.51"
"63","000","00","010","1016","0000","2749","2126","623","177","2926","5096","0","57.42","41.72"
"63","000","00","010","1016","0361","888","659","229","75","963","1732","0","55.6","38.05"
"63","000","00","010","1016","0362","965","792","173","38","1003","1727","0","58.08","45.86"
"63","000","00","010","1016","0363","896","675","221","64","960","1637","0","58.64","41.23"
"63","000","00","010","1017","0000","4112","3162","950","209","4321","7433","0","58.13","42.54"
"63","000","00","010","1017","0364","781","601","180","49","830","1453","0","57.12","41.36"
"63","000","00","010","1017","0365","858","679","179","40","898","1617","0","55.53","41.99"
"63","000","00","010","1017","0366","868","674","194","32","900","1604","0","56.11","42.02"
"63","000","00","010","1017","0367","844","646","198","41","885","1406","0","62.94","45.95"
"63","000","00","010","1017","0368","761","562","199","47","808","1353","0","59.72","41.54"
"63","000","00","010","1018","0000","3394","2642","752","193","3587","6052","0","59.27","43.65"
"63","000","00","010","1018","0369","985","767","218","60","1045","1724","0","60.61","44.49"
"63","000","00","010","1018","0370","776","596","180","50","826","1378","0","59.94","43.25"
"63","000","00","010","1018","0371","814","632","182","40","854","1403","0","60.87","45.05"
"63","000","00","010","1018","0372","819","647","172","43","862","1547","0","55.72","41.82"
"63","000","00","010","1019","0000","4060","3034","1026","232","4292","7177","0","59.8","42.27"
"63","000","00","010","1019","0373","980","711","269","49","1029","1718","0","59.9","41.39"
"63","000","00","010","1019","0374","977","738","239","59","1036","1813","0","57.14","40.71"
"63","000","00","010","1019","0375","1045","792","253","67","1112","1791","0","62.09","44.22"
"63","000","00","010","1019","0376","1058","793","265","57","1115","1855","0","60.11","42.75"
"63","000","00","010","1020","0000","3816","2995","821","220","4036","6880","0","58.66","43.53"
"63","000","00","010","1020","0377","975","778","197","31","1006","1731","0","58.12","44.95"
"63","000","00","010","1020","0378","953","731","222","67","1020","1593","0","64.03","45.89"
"63","000","00","010","1020","0379","936","745","191","60","996","1869","0","53.29","39.86"
"63","000","00","010","1020","0380","952","741","211","62","1014","1687","0","60.11","43.92"
"63","000","00","010","1021","0000","2382","1881","501","149","2531","4144","0","61.08","45.39"
"63","000","00","010","1021","0381","853","656","197","37","890","1530","0","58.17","42.88"
"63","000","00","010","1021","0382","740","575","165","59","799","1300","0","61.46","44.23"
"63","000","00","010","1021","0383","789","650","139","53","842","1314","0","64.08","49.47"
"63","000","00","010","1022","0000","4663","3574","1089","273","4936","8925","0","55.31","40.04"
"63","000","00","010","1022","0384","683","504","179","41","724","1433","0","50.52","35.17"
"63","000","00","010","1022","0385","748","601","147","43","791","1450","0","54.55","41.45"
"63","000","00","010","1022","0386","854","644","210","60","914","1608","0","56.84","40.05"
"63","000","00","010","1022","0387","781","591","190","53","834","1414","0","58.98","41.8"
"63","000","00","010","1022","0388","824","639","185","43","867","1492","0","58.11","42.83"
"63","000","00","010","1022","0389","773","595","178","33","806","1528","0","52.75","38.94"
"63","000","00","010","1023","0000","3517","2657","860","194","3711","6634","0","55.94","40.05"
"63","000","00","010","1023","0390","916","696","220","63","979","1692","0","57.86","41.13"
"63","000","00","010","1023","0391","843","629","214","54","897","1556","0","57.65","40.42"
"63","000","00","010","1023","0392","867","656","211","27","894","1637","0","54.61","40.07"
"63","000","00","010","1023","0393","891","676","215","50","941","1749","0","53.8","38.65"
"63","000","00","010","1024","0000","3916","2978","938","281","4197","7348","0","57.12","40.53"
"63","000","00","010","1024","0394","638","485","153","36","674","1220","0","55.25","39.75"
"63","000","00","010","1024","0395","842","635","207","79","921","1600","0","57.56","39.69"
"63","000","00","010","1024","0396","798","610","188","51","849","1473","0","57.64","41.41"
"63","000","00","010","1024","0397","794","585","209","68","862","1498","0","57.54","39.05"
"63","000","00","010","1024","0398","844","663","181","47","891","1557","0","57.23","42.58"
"63","000","00","010","1025","0000","2189","1638","551","165","2354","4190","0","56.18","39.09"
"63","000","00","010","1025","0399","849","651","198","53","902","1674","0","53.88","38.89"
"63","000","00","010","1025","0400","973","736","237","61","1034","1728","0","59.84","42.59"
"63","000","00","010","1025","0401","367","251","116","51","418","788","0","53.05","31.85"
"63","000","00","010","1026","0000","3685","2760","925","225","3910","7138","0","54.78","38.67"
"63","000","00","010","1026","0402","782","530","252","81","863","1542","0","55.97","34.37"
"63","000","00","010","1026","0403","794","603","191","57","851","1676","0","50.78","35.98"
"63","000","00","010","1026","0404","662","474","188","33","695","1360","0","51.1","34.85"
"63","000","00","010","1026","0405","754","594","160","35","789","1259","0","62.67","47.18"
"63","000","00","010","1026","0406","693","559","134","19","712","1301","0","54.73","42.97"
"63","000","00","010","1027","0000","3121","2384","737","190","3311","5998","0","55.2","39.75"
"63","000","00","010","1027","0407","596","429","167","43","639","1251","0","51.08","34.29"
"63","000","00","010","1027","0408","779","602","177","74","853","1502","0","56.79","40.08"
"63","000","00","010","1027","0409","840","669","171","49","889","1596","0","55.7","41.92"
"63","000","00","010","1027","0410","906","684","222","24","930","1649","0","56.4","41.48"
"63","000","00","010","1028","0000","1782","1400","382","114","1896","3520","0","53.86","39.77"
"63","000","00","010","1028","0411","911","723","188","65","976","1774","0","55.02","40.76"
"63","000","00","010","1028","0412","871","677","194","49","920","1746","0","52.69","38.77"
"63","000","00","010","1029","0000","3354","2535","819","215","3569","7676","0","46.5","33.03"
"63","000","00","010","1029","0413","773","606","167","24","797","1473","0","54.11","41.14"
"63","000","00","010","1029","0414","893","686","207","76","969","2824","0","34.31","24.29"
"63","000","00","010","1029","0415","905","640","265","48","953","1849","0","51.54","34.61"
"63","000","00","010","1029","0416","783","603","180","67","850","1530","0","55.56","39.41"
"63","000","00","010","1030","0000","2615","1950","665","179","2794","4808","0","58.11","40.56"
"63","000","00","010","1030","0417","865","634","231","66","931","1656","0","56.22","38.29"
"63","000","00","010","1030","0418","804","587","217","46","850","1457","0","58.34","40.29"
"63","000","00","010","1030","0419","946","729","217","67","1013","1695","0","59.76","43.01"
"63","000","00","010","1031","0000","3643","2799","844","226","3869","6644","0","58.23","42.13"
"63","000","00","010","1031","0420","935","720","215","49","984","1663","0","59.17","43.3"
"63","000","00","010","1031","0421","880","677","203","65","945","1654","0","57.13","40.93"
"63","000","00","010","1031","0422","922","714","208","64","986","1642","0","60.05","43.48"
"63","000","00","010","1031","0423","906","688","218","48","954","1685","0","56.62","40.83"
"63","000","00","010","1032","0000","3150","2406","744","191","3341","5552","0","60.18","43.34"
"63","000","00","010","1032","0424","978","733","245","67","1045","1862","0","56.12","39.37"
"63","000","00","010","1032","0425","1075","823","252","58","1133","1900","0","59.63","43.32"
"63","000","00","010","1032","0426","1097","850","247","66","1163","1790","0","64.97","47.49"
"63","000","00","010","1033","0000","2507","1951","556","183","2690","4787","0","56.19","40.76"
"63","000","00","010","1033","0427","750","588","162","63","813","1417","0","57.37","41.5"
"63","000","00","010","1033","0428","913","700","213","54","967","1694","0","57.08","41.32"
"63","000","00","010","1033","0429","844","663","181","66","910","1676","0","54.3","39.56"
"63","000","00","010","1034","0000","4509","3501","1008","257","4766","8109","0","58.77","43.17"
"63","000","00","010","1034","0430","881","666","215","31","912","1643","0","55.51","40.54"
"63","000","00","010","1034","0431","882","674","208","53","935","1588","0","58.88","42.44"
"63","000","00","010","1034","0432","894","704","190","62","956","1603","0","59.64","43.92"
"63","000","00","010","1034","0433","897","707","190","52","949","1629","0","58.26","43.4"
"63","000","00","010","1034","0434","955","750","205","59","1014","1646","0","61.6","45.57"
"63","000","00","010","1035","0000","4001","3125","876","289","4290","7457","0","57.53","41.91"
"63","000","00","010","1035","0435","990","786","204","52","1042","1883","0","55.34","41.74"
"63","000","00","010","1035","0436","760","578","182","56","816","1434","0","56.9","40.31"
"63","000","00","010","1035","0437","757","603","154","38","795","1418","0","56.06","42.52"
"63","000","00","010","1035","0438","748","586","162","72","820","1373","0","59.72","42.68"
"63","000","00","010","1035","0439","746","572","174","71","817","1349","0","60.56","42.4"
"63","000","00","010","1036","0000","2594","1976","618","193","2787","4624","0","60.27","42.73"
"63","000","00","010","1036","0440","859","632","227","60","919","1511","0","60.82","41.83"
"63","000","00","010","1036","0441","885","694","191","78","963","1563","0","61.61","44.4"
"63","000","00","010","1036","0442","850","650","200","55","905","1550","0","58.39","41.94"
"63","000","00","010","1037","0000","610","460","150","60","670","1157","0","57.91","39.76"
"63","000","00","010","1037","0443","610","460","150","60","670","1157","0","57.91","39.76"
"63","000","00","010","1038","0000","2866","2168","698","191","3057","5175","0","59.07","41.89"
"63","000","00","010","1038","0444","968","719","249","52","1020","1768","0","57.69","40.67"
"63","000","00","010","1038","0445","902","687","215","63","965","1664","0","57.99","41.29"
"63","000","00","010","1038","0446","996","762","234","76","1072","1743","0","61.5","43.72"
"63","000","00","010","1039","0000","4220","3242","978","201","4421","7392","0","59.81","43.86"
"63","000","00","010","1039","0447","837","644","193","27","864","1480","0","58.38","43.51"
"63","000","00","010","1039","0448","915","680","235","70","985","1589","0","61.99","42.79"
"63","000","00","010","1039","0449","758","580","178","35","793","1371","0","57.84","42.3"
"63","000","00","010","1039","0450","928","723","205","52","980","1575","0","62.22","45.9"
"63","000","00","010","1039","0451","782","615","167","17","799","1377","0","58.02","44.66"
"63","000","00","010","1040","0000","2762","2108","654","152","2914","4647","0","62.71","45.36"
"63","000","00","010","1040","0452","916","703","213","61","977","1469","0","66.51","47.86"
"63","000","00","010","1040","0453","905","675","230","33","938","1529","0","61.35","44.15"
"63","000","00","010","1040","0454","941","730","211","58","999","1649","0","60.58","44.27"
"63","000","00","011","0000","0000","126279","92720","33559","10881","137160","241854","286695","56.71","38.34"
"63","000","00","011","1101","0000","1665","1166","499","192","1857","3415","0","54.38","34.14"
"63","000","00","011","1101","0142","760","498","262","88","848","1695","0","50.03","29.38"
"63","000","00","011","1101","0143","905","668","237","104","1009","1720","0","58.66","38.84"
"63","000","00","011","1102","0000","1451","1061","390","155","1606","2834","0","56.67","37.44"
"63","000","00","011","1102","0144","665","494","171","78","743","1288","0","57.69","38.35"
"63","000","00","011","1102","0145","786","567","219","77","863","1546","0","55.82","36.68"
"63","000","00","011","1103","0000","1461","1041","420","138","1599","2659","0","60.14","39.15"
"63","000","00","011","1103","0146","378","295","83","34","412","652","0","63.19","45.25"
"63","000","00","011","1103","0147","436","322","114","45","481","870","0","55.29","37.01"
"63","000","00","011","1103","0148","647","424","223","59","706","1137","0","62.09","37.29"
"63","000","00","011","1104","0000","2240","1649","591","223","2463","5331","0","46.2","30.93"
"63","000","00","011","1104","0149","595","435","160","68","663","1050","0","63.14","41.43"
"63","000","00","011","1104","0150","580","429","151","62","642","1031","0","62.27","41.61"
"63","000","00","011","1104","0151","604","439","165","34","638","1075","0","59.35","40.84"
"63","000","00","011","1104","0152","461","346","115","59","520","2175","0","23.91","15.91"
"63","000","00","011","1105","0000","3663","2688","975","294","3957","6757","0","58.56","39.78"
"63","000","00","011","1105","0153","877","659","218","76","953","1775","0","53.69","37.13"
"63","000","00","011","1105","0154","922","710","212","56","978","1669","0","58.6","42.54"
"63","000","00","011","1105","0155","935","660","275","75","1010","1665","0","60.66","39.64"
"63","000","00","011","1105","0156","929","659","270","87","1016","1648","0","61.65","39.99"
"63","000","00","011","1106","0000","2984","2106","878","284","3268","5565","0","58.72","37.84"
"63","000","00","011","1106","0157","675","498","177","32","707","1246","0","56.74","39.97"
"63","000","00","011","1106","0158","729","503","226","89","818","1419","0","57.65","35.45"
"63","000","00","011","1106","0159","685","493","192","87","772","1327","0","58.18","37.15"
"63","000","00","011","1106","0160","895","612","283","76","971","1573","0","61.73","38.91"
"63","000","00","011","1107","0000","3602","2704","898","254","3856","6779","0","56.88","39.89"
"63","000","00","011","1107","0161","785","593","192","86","871","1470","0","59.25","40.34"
"63","000","00","011","1107","0162","894","672","222","34","928","1775","0","52.28","37.86"
"63","000","00","011","1107","0163","917","689","228","71","988","1692","0","58.39","40.72"
"63","000","00","011","1107","0164","1006","750","256","63","1069","1842","0","58.03","40.72"
"63","000","00","011","1108","0000","3822","2781","1041","386","4208","7204","0","58.41","38.6"
"63","000","00","011","1108","0165","654","483","171","58","712","1166","0","61.06","41.42"
"63","000","00","011","1108","0166","799","594","205","82","881","1687","0","52.22","35.21"
"63","000","00","011","1108","0167","859","623","236","75","934","1624","0","57.51","38.36"
"63","000","00","011","1108","0168","809","583","226","113","922","1477","0","62.42","39.47"
"63","000","00","011","1108","0169","701","498","203","58","759","1250","0","60.72","39.84"
"63","000","00","011","1109","0000","3274","2370","904","339","3613","5934","0","60.89","39.94"
"63","000","00","011","1109","0170","764","561","203","92","856","1434","0","59.69","39.12"
"63","000","00","011","1109","0171","784","553","231","82","866","1452","0","59.64","38.09"
"63","000","00","011","1109","0172","882","622","260","81","963","1533","0","62.82","40.57"
"63","000","00","011","1109","0173","844","634","210","84","928","1515","0","61.25","41.85"
"63","000","00","011","1110","0000","2190","1592","598","180","2370","3942","0","60.12","40.39"
"63","000","00","011","1110","0174","672","474","198","59","731","1203","0","60.76","39.4"
"63","000","00","011","1110","0175","845","628","217","83","928","1487","0","62.41","42.23"
"63","000","00","011","1110","0176","673","490","183","38","711","1252","0","56.79","39.14"
"63","000","00","011","1111","0000","3359","2423","936","278","3637","6175","0","58.9","39.24"
"63","000","00","011","1111","0177","792","574","218","64","856","1536","0","55.73","37.37"
"63","000","00","011","1111","0178","862","619","243","74","936","1556","0","60.15","39.78"
"63","000","00","011","1111","0179","823","603","220","56","879","1511","0","58.17","39.91"
"63","000","00","011","1111","0180","882","627","255","84","966","1572","0","61.45","39.89"
"63","000","00","011","1112","0000","2546","1913","633","269","2815","4921","0","57.2","38.87"
"63","000","00","011","1112","0181","875","672","203","89","964","1668","0","57.79","40.29"
"63","000","00","011","1112","0182","837","624","213","113","950","1685","0","56.38","37.03"
"63","000","00","011","1112","0183","834","617","217","67","901","1568","0","57.46","39.35"
"63","000","00","011","1113","0000","2838","2090","748","270","3108","5632","0","55.18","37.11"
"63","000","00","011","1113","0184","676","512","164","53","729","1327","0","54.94","38.58"
"63","000","00","011","1113","0185","645","460","185","72","717","1338","0","53.59","34.38"
"63","000","00","011","1113","0186","726","529","197","68","794","1515","0","52.41","34.92"
"63","000","00","011","1113","0187","791","589","202","77","868","1452","0","59.78","40.56"
"63","000","00","011","1114","0000","2368","1722","646","176","2544","4430","0","57.43","38.87"
"63","000","00","011","1114","0188","776","590","186","65","841","1448","0","58.08","40.75"
"63","000","00","011","1114","0189","823","605","218","63","886","1521","0","58.25","39.78"
"63","000","00","011","1114","0190","769","527","242","48","817","1461","0","55.92","36.07"
"63","000","00","011","1115","0000","2259","1622","637","224","2483","4747","0","52.31","34.17"
"63","000","00","011","1115","0191","751","516","235","80","831","1541","0","53.93","33.48"
"63","000","00","011","1115","0192","692","517","175","62","754","1611","0","46.8","32.09"
"63","000","00","011","1115","0193","816","589","227","82","898","1595","0","56.3","36.93"
"63","000","00","011","1116","0000","2576","1897","679","240","2816","5188","0","54.28","36.57"
"63","000","00","011","1116","0194","811","610","201","56","867","1685","0","51.45","36.2"
"63","000","00","011","1116","0195","901","668","233","82","983","1816","0","54.13","36.78"
"63","000","00","011","1116","0196","864","619","245","102","966","1687","0","57.26","36.69"
"63","000","00","011","1117","0000","3428","2583","845","321","3749","6631","0","56.54","38.95"
"63","000","00","011","1117","0197","840","623","217","94","934","1646","0","56.74","37.85"
"63","000","00","011","1117","0198","812","621","191","68","880","1643","0","53.56","37.8"
"63","000","00","011","1117","0199","897","710","187","67","964","1687","0","57.14","42.09"
"63","000","00","011","1117","0200","879","629","250","92","971","1655","0","58.67","38.01"
"63","000","00","011","1118","0000","1870","1353","517","115","1985","3634","0","54.62","37.23"
"63","000","00","011","1118","0201","875","640","235","41","916","1779","0","51.49","35.98"
"63","000","00","011","1118","0202","995","713","282","74","1069","1855","0","57.63","38.44"
"63","000","00","011","1119","0000","2635","1915","720","255","2890","5700","0","50.7","33.6"
"63","000","00","011","1119","0203","712","527","185","69","781","1350","0","57.85","39.04"
"63","000","00","011","1119","0204","695","527","168","42","737","1455","0","50.65","36.22"
"63","000","00","011","1119","0205","644","444","200","73","717","1497","0","47.9","29.66"
"63","000","00","011","1119","0206","584","417","167","71","655","1398","0","46.85","29.83"
"63","000","00","011","1120","0000","4071","2896","1175","433","4504","8041","0","56.01","36.02"
"63","000","00","011","1120","0207","945","654","291","83","1028","1747","0","58.84","37.44"
"63","000","00","011","1120","0208","733","551","182","95","828","1465","0","56.52","37.61"
"63","000","00","011","1120","0209","782","553","229","79","861","1530","0","56.27","36.14"
"63","000","00","011","1120","0210","869","616","253","97","966","1855","0","52.08","33.21"
"63","000","00","011","1120","0211","742","522","220","79","821","1444","0","56.86","36.15"
"63","000","00","011","1121","0000","3162","2294","868","381","3543","6387","0","55.47","35.92"
"63","000","00","011","1121","0212","746","554","192","86","832","1563","0","53.23","35.44"
"63","000","00","011","1121","0213","750","538","212","94","844","1482","0","56.95","36.3"
"63","000","00","011","1121","0214","747","524","223","109","856","1552","0","55.15","33.76"
"63","000","00","011","1121","0215","919","678","241","92","1011","1790","0","56.48","37.88"
"63","000","00","011","1122","0000","3102","2250","852","383","3485","6383","0","54.6","35.25"
"63","000","00","011","1122","0216","760","566","194","94","854","1628","0","52.46","34.77"
"63","000","00","011","1122","0217","660","445","215","78","738","1337","0","55.2","33.28"
"63","000","00","011","1122","0218","904","675","229","93","997","1750","0","56.97","38.57"
"63","000","00","011","1122","0219","778","564","214","118","896","1668","0","53.72","33.81"
"63","000","00","011","1123","0000","1868","1281","587","198","2066","4342","0","47.58","29.5"
"63","000","00","011","1123","0220","576","396","180","91","667","1403","0","47.54","28.23"
"63","000","00","011","1123","0221","641","420","221","62","703","1468","0","47.89","28.61"
"63","000","00","011","1123","0222","651","465","186","45","696","1471","0","47.31","31.61"
"63","000","00","011","1124","0000","2388","1728","660","257","2645","5240","0","50.48","32.98"
"63","000","00","011","1124","0223","766","574","192","103","869","1666","0","52.16","34.45"
"63","000","00","011","1124","0224","758","525","233","65","823","1587","0","51.86","33.08"
"63","000","00","011","1124","0225","864","629","235","89","953","1987","0","47.96","31.66"
"63","000","00","011","1125","0000","1552","1190","362","106","1658","2999","0","55.29","39.68"
"63","000","00","011","1125","0226","598","455","143","25","623","1271","0","49.02","35.8"
"63","000","00","011","1125","0227","954","735","219","81","1035","1728","0","59.9","42.53"
"63","000","00","011","1126","0000","3509","2604","905","273","3782","6297","0","60.06","41.35"
"63","000","00","011","1126","0228","905","688","217","73","978","1630","0","60.0","42.21"
"63","000","00","011","1126","0229","901","651","250","65","966","1619","0","59.67","40.21"
"63","000","00","011","1126","0230","784","593","191","59","843","1425","0","59.16","41.61"
"63","000","00","011","1126","0231","919","672","247","76","995","1623","0","61.31","41.4"
"63","000","00","011","1127","0000","2188","1573","615","182","2370","3862","0","61.37","40.73"
"63","000","00","011","1127","0242","760","546","214","71","831","1273","0","65.28","42.89"
"63","000","00","011","1127","0243","703","513","190","54","757","1273","0","59.47","40.3"
"63","000","00","011","1127","0244","725","514","211","57","782","1316","0","59.42","39.06"
"63","000","00","011","1128","0000","2600","1902","698","193","2793","4960","0","56.31","38.35"
"63","000","00","011","1128","0245","886","649","237","71","957","1659","0","57.69","39.12"
"63","000","00","011","1128","0246","906","679","227","48","954","1749","0","54.55","38.82"
"63","000","00","011","1128","0247","808","574","234","74","882","1552","0","56.83","36.98"
"63","000","00","011","1129","0000","2596","1959","637","167","2763","4457","0","61.99","43.95"
"63","000","00","011","1129","0232","868","620","248","61","929","1564","0","59.4","39.64"
"63","000","00","011","1129","0233","831","617","214","63","894","1376","0","64.97","44.84"
"63","000","00","011","1129","0234","897","722","175","43","940","1517","0","61.96","47.59"
"63","000","00","011","1130","0000","2644","2078","566","185","2829","4952","0","57.13","41.96"
"63","000","00","011","1130","0248","840","664","176","66","906","1529","0","59.25","43.43"
"63","000","00","011","1130","0249","868","715","153","50","918","1644","0","55.84","43.49"
"63","000","00","011","1130","0250","936","699","237","69","1005","1779","0","56.49","39.29"
"63","000","00","011","1131","0000","3578","2647","931","226","3804","6584","0","57.78","40.2"
"63","000","00","011","1131","0235","866","631","235","56","922","1729","0","53.33","36.5"
"63","000","00","011","1131","0236","873","656","217","53","926","1511","0","61.28","43.41"
"63","000","00","011","1131","0237","1004","767","237","64","1068","1811","0","58.97","42.35"
"63","000","00","011","1131","0238","835","593","242","53","888","1533","0","57.93","38.68"
"63","000","00","011","1132","0000","2556","1988","568","184","2740","4558","0","60.11","43.62"
"63","000","00","011","1132","0239","1011","764","247","63","1074","1657","0","64.82","46.11"
"63","000","00","011","1132","0240","804","629","175","52","856","1499","0","57.1","41.96"
"63","000","00","011","1132","0241","741","595","146","69","810","1402","0","57.77","42.44"
"63","000","00","011","1133","0000","2686","1944","742","214","2900","5127","0","56.56","37.92"
"63","000","00","011","1133","0260","960","692","268","68","1028","1826","0","56.3","37.9"
"63","000","00","011","1133","0261","864","619","245","74","938","1647","0","56.95","37.58"
"63","000","00","011","1133","0262","862","633","229","72","934","1654","0","56.47","38.27"
"63","000","00","011","1134","0000","4114","3046","1068","265","4379","7652","0","57.23","39.81"
"63","000","00","011","1134","0251","854","637","217","53","907","1597","0","56.79","39.89"
"63","000","00","011","1134","0252","767","564","203","64","831","1454","0","57.15","38.79"
"63","000","00","011","1134","0253","904","649","255","62","966","1582","0","61.06","41.02"
"63","000","00","011","1134","0254","847","654","193","56","903","1518","0","59.49","43.08"
"63","000","00","011","1134","0255","742","542","200","30","772","1501","0","51.43","36.11"
"63","000","00","011","1135","0000","3193","2321","872","251","3444","5690","0","60.53","40.79"
"63","000","00","011","1135","0256","802","599","203","54","856","1420","0","60.28","42.18"
"63","000","00","011","1135","0257","794","584","210","76","870","1494","0","58.23","39.09"
"63","000","00","011","1135","0258","883","641","242","70","953","1568","0","60.78","40.88"
"63","000","00","011","1135","0259","714","497","217","51","765","1208","0","63.33","41.14"
"63","000","00","011","1136","0000","2951","2256","695","238","3189","5497","0","58.01","41.04"
"63","000","00","011","1136","0263","858","647","211","65","923","1550","0","59.55","41.74"
"63","000","00","011","1136","0264","654","548","106","60","714","1298","0","55.01","42.22"
"63","000","00","011","1136","0265","722","536","186","60","782","1297","0","60.29","41.33"
"63","000","00","011","1136","0266","717","525","192","53","770","1352","0","56.95","38.83"
"63","000","00","011","1137","0000","2391","1695","696","231","2622","4565","0","57.44","37.13"
"63","000","00","011","1137","0267","817","595","222","58","875","1522","0","57.49","39.09"
"63","000","00","011","1137","0268","809","561","248","103","912","1602","0","56.93","35.02"
"63","000","00","011","1137","0269","765","539","226","70","835","1441","0","57.95","37.4"
"63","000","00","011","1138","0000","2327","1704","623","118","2445","4410","0","55.44","38.64"
"63","000","00","011","1138","0270","673","484","189","30","703","1325","0","53.06","36.53"
"63","000","00","011","1138","0271","848","627","221","55","903","1567","0","57.63","40.01"
"63","000","00","011","1138","0272","806","593","213","33","839","1518","0","55.27","39.06"
"63","000","00","011","1139","0000","3603","2645","958","205","3808","6605","0","57.65","40.05"
"63","000","00","011","1139","0273","885","647","238","59","944","1549","0","60.94","41.77"
"63","000","00","011","1139","0274","885","651","234","36","921","1652","0","55.75","39.41"
"63","000","00","011","1139","0275","982","735","247","73","1055","1766","0","59.74","41.62"
"63","000","00","011","1139","0276","851","612","239","37","888","1638","0","54.21","37.36"
"63","000","00","011","1140","0000","3310","2498","812","194","3504","6105","0","57.4","40.92"
"63","000","00","011","1140","0277","855","652","203","60","915","1491","0","61.37","43.73"
"63","000","00","011","1140","0278","834","623","211","38","872","1521","0","57.33","40.96"
"63","000","00","011","1140","0279","771","611","160","60","831","1351","0","61.51","45.23"
"63","000","00","011","1140","0280","850","612","238","36","886","1742","0","50.86","35.13"
"63","000","00","011","1141","0000","4158","3094","1064","271","4429","7594","0","58.32","40.74"
"63","000","00","011","1141","0281","890","634","256","62","952","1585","0","60.06","40.0"
"63","000","00","011","1141","0282","834","638","196","58","892","1521","0","58.65","41.95"
"63","000","00","011","1141","0283","815","610","205","46","861","1543","0","55.8","39.53"
"63","000","00","011","1141","0284","781","595","186","51","832","1404","0","59.26","42.38"
"63","000","00","011","1141","0285","838","617","221","54","892","1541","0","57.88","40.04"
"63","000","00","011","1142","0000","3031","2269","762","241","3272","5828","0","56.14","38.93"
"63","000","00","011","1142","0286","816","630","186","68","884","1584","0","55.81","39.77"
"63","000","00","011","1142","0287","842","612","230","66","908","1519","0","59.78","40.29"
"63","000","00","011","1142","0288","729","546","183","40","769","1482","0","51.89","36.84"
"63","000","00","011","1142","0289","644","481","163","67","711","1243","0","57.2","38.7"
"63","000","00","011","1143","0000","609","433","176","57","666","1156","0","57.61","37.46"
"63","000","00","011","1143","0290","609","433","176","57","666","1156","0","57.61","37.46"
"63","000","00","011","1144","0000","580","407","173","85","665","1262","0","52.69","32.25"
"63","000","00","011","1144","0291","580","407","173","85","665","1262","0","52.69","32.25"
"63","000","00","011","1145","0000","946","645","301","50","996","1747","0","57.01","36.92"
"63","000","00","011","1145","0292","483","337","146","50","533","889","0","59.96","37.91"
"63","000","00","011","1145","0293","463","308","155","0","463","858","0","53.96","35.9"
"63","000","00","011","1146","0000","1373","996","377","187","1560","2781","0","56.09","35.81"
"63","000","00","011","1146","0294","465","298","167","69","534","945","0","56.51","31.53"
"63","000","00","011","1146","0295","471","356","115","60","531","960","0","55.31","37.08"
"63","000","00","011","1146","0296","437","342","95","58","495","876","0","56.51","39.04"
"63","000","00","011","1147","0000","818","585","233","120","938","1475","0","63.59","39.66"
"63","000","00","011","1147","0297","325","217","108","38","363","556","0","65.29","39.03"
"63","000","00","011","1147","0298","493","368","125","82","575","919","0","62.57","40.04"
"63","000","00","011","1148","0000","792","549","243","108","900","1360","0","66.18","40.37"
"63","000","00","011","1148","0299","792","549","243","108","900","1360","0","66.18","40.37"
"63","000","00","011","1149","0000","722","521","201","102","824","1355","0","60.81","38.45"
"63","000","00","011","1149","0300","722","521","201","102","824","1355","0","60.81","38.45"
"63","000","00","011","1150","0000","1369","1103","266","113","1482","2434","0","60.89","45.32"
"63","000","00","011","1150","0301","690","550","140","53","743","1252","0","59.35","43.93"
"63","000","00","011","1150","0302","679","553","126","60","739","1182","0","62.52","46.79"
"63","000","00","011","1151","0000","1261","943","318","70","1331","2671","0","49.83","35.31"
"63","000","00","011","1151","0303","643","494","149","27","670","1431","0","46.82","34.52"
"63","000","00","011","1151","0304","618","449","169","43","661","1240","0","53.31","36.21"
"63","000","00","012","0000","0000","110432","82553","27879","8451","118883","213250","255631","55.75","38.71"
"63","000","00","012","1201","0000","2155","1539","616","172","2327","3797","0","61.29","40.53"
"63","000","00","012","1201","0001","733","540","193","65","798","1313","0","60.78","41.13"
"63","000","00","012","1201","0002","816","568","248","48","864","1403","0","61.58","40.48"
"63","000","00","012","1201","0003","606","431","175","59","665","1081","0","61.52","39.87"
"63","000","00","012","1202","0000","2087","1506","581","172","2259","3798","0","59.48","39.65"
"63","000","00","012","1202","0004","668","487","181","58","726","1209","0","60.05","40.28"
"63","000","00","012","1202","0005","721","524","197","50","771","1326","0","58.14","39.52"
"63","000","00","012","1202","0006","698","495","203","64","762","1263","0","60.33","39.19"
"63","000","00","012","1203","0000","2559","1984","575","188","2747","4640","0","59.2","42.76"
"63","000","00","012","1203","0007","880","643","237","64","944","1580","0","59.75","40.7"
"63","000","00","012","1203","0008","876","642","234","49","925","1577","0","58.66","40.71"
"63","000","00","012","1203","0009","803","699","104","75","878","1483","0","59.2","47.13"
"63","000","00","012","1204","0000","3152","2355","797","238","3390","6090","0","55.67","38.67"
"63","000","00","012","1204","0010","766","586","180","45","811","1461","0","55.51","40.11"
"63","000","00","012","1204","0011","747","549","198","84","831","1466","0","56.68","37.45"
"63","000","00","012","1204","0012","868","650","218","70","938","1620","0","57.9","40.12"
"63","000","00","012","1204","0013","771","570","201","39","810","1543","0","52.5","36.94"
"63","000","00","012","1205","0000","3274","2457","817","260","3534","6230","0","56.73","39.44"
"63","000","00","012","1205","0014","740","530","210","79","819","1513","0","54.13","35.03"
"63","000","00","012","1205","0015","812","618","194","53","865","1534","0","56.39","40.29"
"63","000","00","012","1205","0016","902","690","212","80","982","1650","0","59.52","41.82"
"63","000","00","012","1205","0017","820","619","201","48","868","1533","0","56.62","40.38"
"63","000","00","012","1206","0000","3481","2532","949","263","3744","6528","0","57.35","38.79"
"63","000","00","012","1206","0018","870","645","225","62","932","1702","0","54.76","37.9"
"63","000","00","012","1206","0019","914","678","236","55","969","1721","0","56.3","39.4"
"63","000","00","012","1206","0020","882","608","274","70","952","1575","0","60.44","38.6"
"63","000","00","012","1206","0021","815","601","214","76","891","1530","0","58.24","39.28"
"63","000","00","012","1207","0000","3361","2488","873","299","3660","6810","0","53.74","36.53"
"63","000","00","012","1207","0022","858","645","213","87","945","1728","0","54.69","37.33"
"63","000","00","012","1207","0023","885","660","225","86","971","1702","0","57.05","38.78"
"63","000","00","012","1207","0024","868","620","248","81","949","1696","0","55.96","36.56"
"63","000","00","012","1207","0025","750","563","187","45","795","1684","0","47.21","33.43"
"63","000","00","012","1208","0000","3651","2736","915","257","3908","6642","0","58.84","41.19"
"63","000","00","012","1208","0026","950","704","246","75","1025","1717","0","59.7","41.0"
"63","000","00","012","1208","0027","866","643","223","52","918","1605","0","57.2","40.06"
"63","000","00","012","1208","0028","923","706","217","64","987","1723","0","57.28","40.98"
"63","000","00","012","1208","0029","912","683","229","66","978","1597","0","61.24","42.77"
"63","000","00","012","1209","0000","4202","3116","1086","234","4436","7993","0","55.5","38.98"
"63","000","00","012","1209","0030","904","653","251","59","963","1700","0","56.65","38.41"
"63","000","00","012","1209","0031","763","599","164","41","804","1544","0","52.07","38.8"
"63","000","00","012","1209","0032","812","584","228","61","873","1635","0","53.39","35.72"
"63","000","00","012","1209","0033","819","624","195","37","856","1495","0","57.26","41.74"
"63","000","00","012","1209","0034","904","656","248","36","940","1619","0","58.06","40.52"
"63","000","00","012","1210","0000","3400","2505","895","186","3586","6869","0","52.21","36.47"
"63","000","00","012","1210","0035","899","632","267","54","953","1683","0","56.63","37.55"
"63","000","00","012","1210","0036","827","624","203","59","886","1662","0","53.31","37.55"
"63","000","00","012","1210","0037","856","638","218","48","904","1850","0","48.86","34.49"
"63","000","00","012","1210","0038","818","611","207","25","843","1674","0","50.36","36.5"
"63","000","00","012","1211","0000","2343","1802","541","140","2483","4183","0","59.36","43.08"
"63","000","00","012","1211","0039","861","682","179","56","917","1511","0","60.69","45.14"
"63","000","00","012","1211","0040","730","551","179","26","756","1393","0","54.27","39.55"
"63","000","00","012","1211","0041","752","569","183","58","810","1279","0","63.33","44.49"
"63","000","00","012","1212","0000","2216","1724","492","171","2387","3837","0","62.21","44.93"
"63","000","00","012","1212","0042","584","464","120","38","622","1122","0","55.44","41.35"
"63","000","00","012","1212","0043","788","615","173","65","853","1238","0","68.9","49.68"
"63","000","00","012","1212","0044","844","645","199","68","912","1477","0","61.75","43.67"
"63","000","00","012","1213","0000","3267","2507","760","275","3542","5857","0","60.47","42.8"
"63","000","00","012","1213","0045","833","637","196","78","911","1495","0","60.94","42.61"
"63","000","00","012","1213","0046","858","653","205","61","919","1469","0","62.56","44.45"
"63","000","00","012","1213","0047","799","617","182","63","862","1462","0","58.96","42.2"
"63","000","00","012","1213","0048","777","600","177","73","850","1431","0","59.4","41.93"
"63","000","00","012","1214","0000","2398","1744","654","152","2550","4391","0","58.07","39.72"
"63","000","00","012","1214","0049","797","580","217","43","840","1486","0","56.53","39.03"
"63","000","00","012","1214","0050","818","592","226","62","880","1449","0","60.73","40.86"
"63","000","00","012","1214","0051","783","572","211","47","830","1456","0","57.01","39.29"
"63","000","00","012","1215","0000","2122","1583","539","151","2273","4005","0","56.75","39.53"
"63","000","00","012","1215","0052","684","506","178","42","726","1311","0","55.38","38.6"
"63","000","00","012","1215","0053","718","531","187","67","785","1356","0","57.89","39.16"
"63","000","00","012","1215","0054","720","546","174","42","762","1338","0","56.95","40.81"
"63","000","00","012","1216","0000","2371","1791","580","116","2487","4644","0","53.55","38.57"
"63","000","00","012","1216","0055","815","608","207","33","848","1525","0","55.61","39.87"
"63","000","00","012","1216","0056","815","615","200","50","865","1620","0","53.4","37.96"
"63","000","00","012","1216","0057","741","568","173","33","774","1499","0","51.63","37.89"
"63","000","00","012","1217","0000","4057","3061","996","362","4419","7724","0","57.21","39.63"
"63","000","00","012","1217","0058","827","663","164","50","877","1497","0","58.58","44.29"
"63","000","00","012","1217","0059","847","625","222","69","916","1624","0","56.4","38.49"
"63","000","00","012","1217","0060","743","565","178","94","837","1536","0","54.49","36.78"
"63","000","00","012","1217","0061","815","596","219","86","901","1469","0","61.33","40.57"
"63","000","00","012","1217","0062","825","612","213","63","888","1598","0","55.57","38.3"
"63","000","00","012","1218","0000","2514","1874","640","227","2741","4923","0","55.68","38.07"
"63","000","00","012","1218","0063","869","651","218","41","910","1690","0","53.85","38.52"
"63","000","00","012","1218","0064","810","597","213","107","917","1599","0","57.35","37.34"
"63","000","00","012","1218","0065","835","626","209","79","914","1634","0","55.94","38.31"
"63","000","00","012","1219","0000","799","568","231","78","877","1660","0","52.83","34.22"
"63","000","00","012","1219","0066","799","568","231","78","877","1660","0","52.83","34.22"
"63","000","00","012","1220","0000","4765","3506","1259","348","5113","9045","0","56.53","38.76"
"63","000","00","012","1220","0067","923","682","241","71","994","1900","0","52.32","35.89"
"63","000","00","012","1220","0068","970","712","258","58","1028","1797","0","57.21","39.62"
"63","000","00","012","1220","0069","968","708","260","87","1055","1832","0","57.59","38.65"
"63","000","00","012","1220","0070","971","714","257","75","1046","1784","0","58.63","40.02"
"63","000","00","012","1220","0071","933","690","243","57","990","1732","0","57.16","39.84"
"63","000","00","012","1221","0000","3822","2839","983","408","4230","8470","0","49.94","33.52"
"63","000","00","012","1221","0072","493","372","121","61","554","2035","0","27.22","18.28"
"63","000","00","012","1221","0073","792","580","212","73","865","1504","0","57.51","38.56"
"63","000","00","012","1221","0074","908","693","215","94","1002","1683","0","59.54","41.18"
"63","000","00","012","1221","0075","810","580","230","95","905","1635","0","55.35","35.47"
"63","000","00","012","1221","0076","819","614","205","85","904","1613","0","56.04","38.07"
"63","000","00","012","1222","0000","3811","2814","997","332","4143","7542","0","54.93","37.31"
"63","000","00","012","1222","0077","763","602","161","39","802","1483","0","54.08","40.59"
"63","000","00","012","1222","0078","786","555","231","57","843","1500","0","56.2","37.0"
"63","000","00","012","1222","0079","784","583","201","83","867","1483","0","58.46","39.31"
"63","000","00","012","1222","0080","795","562","233","75","870","1544","0","56.35","36.4"
"63","000","00","012","1222","0081","683","512","171","78","761","1532","0","49.67","33.42"
"63","000","00","012","1223","0000","2674","1911","763","202","2876","5554","0","51.78","34.41"
"63","000","00","012","1223","0082","938","688","250","79","1017","1819","0","55.91","37.82"
"63","000","00","012","1223","0083","874","612","262","84","958","1863","0","51.42","32.85"
"63","000","00","012","1223","0084","862","611","251","39","901","1872","0","48.13","32.64"
"63","000","00","012","1224","0000","2599","1918","681","174","2773","5164","0","53.7","37.14"
"63","000","00","012","1224","0085","828","605","223","65","893","1627","0","54.89","37.19"
"63","000","00","012","1224","0086","833","635","198","44","877","1696","0","51.71","37.44"
"63","000","00","012","1224","0087","938","678","260","65","1003","1841","0","54.48","36.83"
"63","000","00","012","1225","0000","3114","2322","792","230","3344","5954","0","56.16","39.0"
"63","000","00","012","1225","0088","680","514","166","70","750","1324","0","56.65","38.82"
"63","000","00","012","1225","0089","752","570","182","51","803","1504","0","53.39","37.9"
"63","000","00","012","1225","0090","788","595","193","56","844","1511","0","55.86","39.38"
"63","000","00","012","1225","0091","894","643","251","53","947","1615","0","58.64","39.81"
"63","000","00","012","1226","0000","1320","1025","295","88","1408","2762","0","50.98","37.11"
"63","000","00","012","1226","0092","627","500","127","48","675","1270","0","53.15","39.37"
"63","000","00","012","1226","0093","693","525","168","40","733","1492","0","49.13","35.19"
"63","000","00","012","1227","0000","2909","2162","747","150","3059","5832","0","52.45","37.07"
"63","000","00","012","1227","0094","718","521","197","45","763","1429","0","53.39","36.46"
"63","000","00","012","1227","0095","768","594","174","27","795","1567","0","50.73","37.91"
"63","000","00","012","1227","0096","724","527","197","51","775","1388","0","55.84","37.97"
"63","000","00","012","1227","0097","699","520","179","27","726","1448","0","50.14","35.91"
"63","000","00","012","1228","0000","1981","1474","507","174","2155","3829","0","56.28","38.5"
"63","000","00","012","1228","0098","659","479","180","61","720","1356","0","53.1","35.32"
"63","000","00","012","1228","0099","675","511","164","57","732","1308","0","55.96","39.07"
"63","000","00","012","1228","0100","647","484","163","56","703","1165","0","60.34","41.55"
"63","000","00","012","1229","0000","3170","2378","792","250","3420","5889","0","58.07","40.38"
"63","000","00","012","1229","0101","779","587","192","73","852","1429","0","59.62","41.08"
"63","000","00","012","1229","0102","747","596","151","33","780","1472","0","52.99","40.49"
"63","000","00","012","1229","0103","865","642","223","73","938","1508","0","62.2","42.57"
"63","000","00","012","1229","0104","779","553","226","71","850","1480","0","57.43","37.36"
"63","000","00","012","1230","0000","2246","1696","550","186","2432","4365","0","55.72","38.85"
"63","000","00","012","1230","0105","572","408","164","49","621","1142","0","54.38","35.73"
"63","000","00","012","1230","0106","775","604","171","45","820","1554","0","52.77","38.87"
"63","000","00","012","1230","0107","899","684","215","92","991","1669","0","59.38","40.98"
"63","000","00","012","1231","0000","2685","2076","609","238","2923","5333","0","54.81","38.93"
"63","000","00","012","1231","0108","942","744","198","80","1022","1823","0","56.06","40.81"
"63","000","00","012","1231","0109","871","684","187","86","957","1739","0","55.03","39.33"
"63","000","00","012","1231","0110","872","648","224","72","944","1771","0","53.3","36.59"
"63","000","00","012","1232","0000","1505","1155","350","95","1600","2937","0","54.48","39.33"
"63","000","00","012","1232","0111","749","590","159","46","795","1468","0","54.16","40.19"
"63","000","00","012","1232","0112","756","565","191","49","805","1469","0","54.8","38.46"
"63","000","00","012","1233","0000","2121","1724","397","163","2284","3617","0","63.15","47.66"
"63","000","00","012","1233","0113","664","550","114","45","709","1094","0","64.81","50.27"
"63","000","00","012","1233","0114","657","540","117","49","706","1101","0","64.12","49.05"
"63","000","00","012","1233","0115","800","634","166","69","869","1422","0","61.11","44.59"
"63","000","00","012","1234","0000","2094","1598","496","226","2320","3912","0","59.3","40.85"
"63","000","00","012","1234","0116","710","578","132","64","774","1390","0","55.68","41.58"
"63","000","00","012","1234","0117","704","532","172","73","777","1307","0","59.45","40.7"
"63","000","00","012","1234","0118","680","488","192","89","769","1215","0","63.29","40.16"
"63","000","00","012","1235","0000","2413","1879","534","157","2570","4886","0","52.6","38.46"
"63","000","00","012","1235","0119","792","610","182","47","839","1642","0","51.1","37.15"
"63","000","00","012","1235","0120","789","620","169","37","826","1623","0","50.89","38.2"
"63","000","00","012","1235","0121","832","649","183","73","905","1621","0","55.83","40.04"
"63","000","00","012","1236","0000","2791","2058","733","173","2964","5397","0","54.92","38.13"
"63","000","00","012","1236","0122","710","520","190","25","735","1367","0","53.77","38.04"
"63","000","00","012","1236","0123","646","431","215","64","710","1309","0","54.24","32.93"
"63","000","00","012","1236","0124","736","568","168","34","770","1356","0","56.78","41.89"
"63","000","00","012","1236","0125","699","539","160","50","749","1365","0","54.87","39.49"
"63","000","00","012","1237","0000","3274","2405","869","242","3516","6487","0","54.2","37.07"
"63","000","00","012","1237","0126","807","588","219","50","857","1613","0","53.13","36.45"
"63","000","00","012","1237","0127","717","541","176","43","760","1590","0","47.8","34.03"
"63","000","00","012","1237","0128","882","650","232","82","964","1662","0","58.0","39.11"
"63","000","00","012","1237","0129","868","626","242","67","935","1622","0","57.64","38.59"
"63","000","00","012","1238","0000","4998","3689","1309","359","5357","10006","0","53.54","36.87"
"63","000","00","012","1238","0130","930","641","289","40","970","1820","0","53.3","35.22"
"63","000","00","012","1238","0131","866","672","194","77","943","1615","0","58.39","41.61"
"63","000","00","012","1238","0132","671","489","182","78","749","1612","0","46.46","30.33"
"63","000","00","012","1238","0133","829","608","221","74","903","1652","0","54.66","36.8"
"63","000","00","012","1238","0134","877","677","200","35","912","1666","0","54.74","40.64"
"63","000","00","012","1238","0135","825","602","223","55","880","1641","0","53.63","36.68"
"63","000","00","012","1239","0000","980","712","268","123","1103","2170","0","50.83","32.81"
"63","000","00","012","1239","0136","279","205","74","40","319","528","0","60.42","38.83"
"63","000","00","012","1239","0137","701","507","194","83","784","1642","0","47.75","30.88"
"63","000","00","012","1240","0000","773","599","174","78","851","1519","0","56.02","39.43"
"63","000","00","012","1240","0138","431","326","105","38","469","829","0","56.57","39.32"
"63","000","00","012","1240","0139","342","273","69","40","382","690","0","55.36","39.57"
"63","000","00","012","1241","0000","533","400","133","52","585","1067","0","54.83","37.49"
"63","000","00","012","1241","0140","533","400","133","52","585","1067","0","54.83","37.49"
"63","000","00","012","1242","0000","445","341","104","62","507","892","0","56.84","38.23"
"63","000","00","012","1242","0141","445","341","104","62","507","892","0","56.84","38.23"
"65","000","00","000","0000","0000","1703780","1300337","403443","142560","1846340","3375513","3992291","54.7","38.52"
"65","000","00","001","0000","0000","235973","176926","59047","21774","257747","463411","554357","55.62","38.18"
"65","000","00","001","0101","0000","736","549","187","79","815","1388","0","58.72","39.55"
"65","000","00","001","0101","0894","736","549","187","79","815","1388","0","58.72","39.55"
"65","000","00","001","0102","0000","710","514","196","49","759","1294","0","58.66","39.72"
"65","000","00","001","0102","0895","710","514","196","49","759","1294","0","58.66","39.72"
"65","000","00","001","0103","0000","368","272","96","28","396","667","0","59.37","40.78"
"65","000","00","001","0103","0896","368","272","96","28","396","667","0","59.37","40.78"
"65","000","00","001","0104","0000","424","319","105","50","474","898","0","52.78","35.52"
"65","000","00","001","0104","0897","424","319","105","50","474","898","0","52.78","35.52"
"65","000","00","001","0105","0000","882","691","191","88","970","1568","0","61.86","44.07"
"65","000","00","001","0105","0898","457","357","100","47","504","829","0","60.8","43.06"
"65","000","00","001","0105","0899","425","334","91","41","466","739","0","63.06","45.2"
"65","000","00","001","0106","0000","2242","1672","570","212","2454","4718","0","52.01","35.44"
"65","000","00","001","0106","0900","577","434","143","56","633","1035","0","61.16","41.93"
"65","000","00","001","0106","0901","722","544","178","39","761","1713","0","44.42","31.76"
"65","000","00","001","0106","0902","310","228","82","16","326","658","0","49.54","34.65"
"65","000","00","001","0106","0903","633","466","167","101","734","1312","0","55.95","35.52"
"65","000","00","001","0107","0000","1328","1005","323","141","1469","2885","0","50.92","34.84"
"65","000","00","001","0107","0904","695","528","167","64","759","1492","0","50.87","35.39"
"65","000","00","001","0107","0905","633","477","156","77","710","1393","0","50.97","34.24"
"65","000","00","001","0108","0000","2713","2031","682","245","2958","8490","0","34.84","23.92"
"65","000","00","001","0108","0906","811","584","227","66","877","4742","0","18.49","12.32"
"65","000","00","001","0108","0907","710","535","175","46","756","1439","0","52.54","37.18"
"65","000","00","001","0108","0908","631","471","160","87","718","1187","0","60.49","39.68"
"65","000","00","001","0108","0909","561","441","120","46","607","1122","0","54.1","39.3"
"65","000","00","001","0109","0000","2051","1533","518","160","2211","3787","0","58.38","40.48"
"65","000","00","001","0109","0910","717","552","165","62","779","1363","0","57.15","40.5"
"65","000","00","001","0109","0911","599","434","165","49","648","1093","0","59.29","39.71"
"65","000","00","001","0109","0912","735","547","188","49","784","1331","0","58.9","41.1"
"65","000","00","001","0110","0000","1867","1375","492","193","2060","3777","0","54.54","36.4"
"65","000","00","001","0110","0915","594","438","156","93","687","1268","0","54.18","34.54"
"65","000","00","001","0110","0916","597","449","148","47","644","1313","0","49.05","34.2"
"65","000","00","001","0110","0917","676","488","188","53","729","1196","0","60.95","40.8"
"65","000","00","001","0111","0000","2709","2043","666","212","2921","4565","0","63.99","44.75"
"65","000","00","001","0111","0918","716","540","176","61","777","1137","0","68.34","47.49"
"65","000","00","001","0111","0919","745","549","196","60","805","1269","0","63.44","43.26"
"65","000","00","001","0111","0920","645","491","154","33","678","1117","0","60.7","43.96"
"65","000","00","001","0111","0921","603","463","140","58","661","1042","0","63.44","44.43"
"65","000","00","001","0112","0000","1316","959","357","165","1481","2473","0","59.89","38.78"
"65","000","00","001","0112","0922","673","483","190","86","759","1257","0","60.38","38.42"
"65","000","00","001","0112","0923","643","476","167","79","722","1216","0","59.38","39.14"
"65","000","00","001","0113","0000","1357","1011","346","135","1492","2416","0","61.75","41.85"
"65","000","00","001","0113","0924","590","437","153","62","652","1126","0","57.9","38.81"
"65","000","00","001","0113","0925","767","574","193","73","840","1290","0","65.12","44.5"
"65","000","00","001","0114","0000","1933","1600","333","135","2068","3372","0","61.33","47.45"
"65","000","00","001","0114","0928","794","665","129","49","843","1329","0","63.43","50.04"
"65","000","00","001","0114","0929","566","481","85","40","606","996","0","60.84","48.29"
"65","000","00","001","0114","0930","573","454","119","46","619","1047","0","59.12","43.36"
"65","000","00","001","0115","0000","1481","1154","327","148","1629","2524","0","64.54","45.72"
"65","000","00","001","0115","0931","781","598","183","84","865","1272","0","68.0","47.01"
"65","000","00","001","0115","0932","700","556","144","64","764","1252","0","61.02","44.41"
"65","000","00","001","0116","0000","1733","1325","408","212","1945","3509","0","55.43","37.76"
"65","000","00","001","0116","0936","514","402","112","68","582","1093","0","53.25","36.78"
"65","000","00","001","0116","0937","570","427","143","87","657","1148","0","57.23","37.2"
"65","000","00","001","0116","0938","649","496","153","57","706","1268","0","55.68","39.12"
"65","000","00","001","0117","0000","2274","1673","601","257","2531","4250","0","59.55","39.36"
"65","000","00","001","0117","0939","647","467","180","71","718","1230","0","58.37","37.97"
"65","000","00","001","0117","0940","523","389","134","53","576","1012","0","56.92","38.44"
"65","000","00","001","0117","0941","436","322","114","50","486","811","0","59.93","39.7"
"65","000","00","001","0117","0942","668","495","173","83","751","1197","0","62.74","41.35"
"65","000","00","001","0118","0000","1193","912","281","109","1302","2364","0","55.08","38.58"
"65","000","00","001","0118","0943","567","443","124","43","610","1142","0","53.42","38.79"
"65","000","00","001","0118","0944","626","469","157","66","692","1222","0","56.63","38.38"
"65","000","00","001","0119","0000","1703","1213","490","177","1880","3208","0","58.6","37.81"
"65","000","00","001","0119","0947","544","365","179","40","584","1011","0","57.76","36.1"
"65","000","00","001","0119","0948","597","430","167","70","667","1157","0","57.65","37.17"
"65","000","00","001","0119","0949","562","418","144","67","629","1040","0","60.48","40.19"
"65","000","00","001","0120","0000","1950","1508","442","127","2077","3621","0","57.36","41.65"
"65","000","00","001","0120","0950","664","522","142","47","711","1173","0","60.61","44.5"
"65","000","00","001","0120","0951","604","462","142","35","639","1193","0","53.56","38.73"
"65","000","00","001","0120","0952","682","524","158","45","727","1255","0","57.93","41.75"
"65","000","00","001","0121","0000","1759","1301","458","118","1877","3298","0","56.91","39.45"
"65","000","00","001","0121","0953","700","515","185","57","757","1306","0","57.96","39.43"
"65","000","00","001","0121","0954","554","418","136","24","578","1050","0","55.05","39.81"
"65","000","00","001","0121","0955","505","368","137","37","542","942","0","57.54","39.07"
"65","000","00","001","0122","0000","2016","1515","501","166","2182","3677","0","59.34","41.2"
"65","000","00","001","0122","0956","647","488","159","65","712","1133","0","62.84","43.07"
"65","000","00","001","0122","0957","670","505","165","56","726","1251","0","58.03","40.37"
"65","000","00","001","0122","0958","699","522","177","45","744","1293","0","57.54","40.37"
"65","000","00","001","0123","0000","1743","1284","459","206","1949","3492","0","55.81","36.77"
"65","000","00","001","0123","0959","584","427","157","71","655","1208","0","54.22","35.35"
"65","000","00","001","0123","0960","615","465","150","75","690","1223","0","56.42","38.02"
"65","000","00","001","0123","0961","544","392","152","60","604","1061","0","56.93","36.95"
"65","000","00","001","0124","0000","2090","1699","391","128","2218","3596","0","61.68","47.25"
"65","000","00","001","0124","0964","675","556","119","33","708","1120","0","63.21","49.64"
"65","000","00","001","0124","0965","635","495","140","52","687","1091","0","62.97","45.37"
"65","000","00","001","0124","0966","780","648","132","43","823","1385","0","59.42","46.79"
"65","000","00","001","0125","0000","1312","1003","309","129","1441","2269","0","63.51","44.2"
"65","000","00","001","0125","0969","694","548","146","61","755","1191","0","63.39","46.01"
"65","000","00","001","0125","0970","618","455","163","68","686","1078","0","63.64","42.21"
"65","000","00","001","0126","0000","1409","1040","369","163","1572","2673","0","58.81","38.91"
"65","000","00","001","0126","0971","710","506","204","86","796","1351","0","58.92","37.45"
"65","000","00","001","0126","0972","699","534","165","77","776","1322","0","58.7","40.39"
"65","000","00","001","0127","0000","1067","752","315","145","1212","1897","0","63.89","39.64"
"65","000","00","001","0127","0973","460","336","124","65","525","868","0","60.48","38.71"
"65","000","00","001","0127","0974","607","416","191","80","687","1029","0","66.76","40.43"
"65","000","00","001","0128","0000","3292","2495","797","277","3569","6157","0","57.97","40.52"
"65","000","00","001","0128","0975","895","679","216","50","945","1602","0","58.99","42.38"
"65","000","00","001","0128","0976","742","538","204","73","815","1362","0","59.84","39.5"
"65","000","00","001","0128","0977","855","641","214","106","961","1698","0","56.6","37.75"
"65","000","00","001","0128","0978","800","637","163","48","848","1495","0","56.72","42.61"
"65","000","00","001","0129","0000","2081","1503","578","233","2314","4360","0","53.07","34.47"
"65","000","00","001","0129","0979","740","498","242","94","834","1522","0","54.8","32.72"
"65","000","00","001","0129","0980","681","527","154","73","754","1279","0","58.95","41.2"
"65","000","00","001","0129","0981","660","478","182","66","726","1559","0","46.57","30.66"
"65","000","00","001","0130","0000","2276","1680","596","238","2514","4788","0","52.51","35.09"
"65","000","00","001","0130","0982","712","539","173","114","826","1537","0","53.74","35.07"
"65","000","00","001","0130","0983","700","496","204","88","788","1531","0","51.47","32.4"
"65","000","00","001","0130","0984","864","645","219","36","900","1720","0","52.33","37.5"
"65","000","00","001","0131","0000","2664","1997","667","224","2888","5277","0","54.73","37.84"
"65","000","00","001","0131","0985","552","424","128","47","599","1165","0","51.42","36.39"
"65","000","00","001","0131","0986","998","760","238","63","1061","1857","0","57.14","40.93"
"65","000","00","001","0131","0987","537","391","146","83","620","1078","0","57.51","36.27"
"65","000","00","001","0131","0988","577","422","155","31","608","1177","0","51.66","35.85"
"65","000","00","001","0132","0000","1714","1269","445","181","1895","3253","0","58.25","39.01"
"65","000","00","001","0132","0989","948","689","259","62","1010","1798","0","56.17","38.32"
"65","000","00","001","0132","0990","766","580","186","119","885","1455","0","60.82","39.86"
"65","000","00","001","0133","0000","2209","1661","548","153","2362","4295","0","54.99","38.67"
"65","000","00","001","0133","0993","878","682","196","39","917","1600","0","57.31","42.63"
"65","000","00","001","0133","0994","666","487","179","43","709","1409","0","50.32","34.56"
"65","000","00","001","0133","0995","665","492","173","71","736","1286","0","57.23","38.26"
"65","000","00","001","0134","0000","1109","783","326","190","1299","2547","0","51.0","30.74"
"65","000","00","001","0134","0996","540","381","159","129","669","1359","0","49.23","28.04"
"65","000","00","001","0134","0997","569","402","167","61","630","1188","0","53.03","33.84"
"65","000","00","001","0135","0000","3392","2576","816","283","3675","6884","0","53.38","37.42"
"65","000","00","001","0135","0998","766","572","194","68","834","1627","0","51.26","35.16"
"65","000","00","001","0135","0999","709","539","170","40","749","1633","0","45.87","33.01"
"65","000","00","001","0135","1000","995","744","251","91","1086","1814","0","59.87","41.01"
"65","000","00","001","0135","1001","922","721","201","84","1006","1810","0","55.58","39.83"
"65","000","00","001","0136","0000","1625","1081","544","207","1832","3315","0","55.26","32.61"
"65","000","00","001","0136","1005","513","378","135","88","601","1130","0","53.19","33.45"
"65","000","00","001","0136","1006","577","413","164","81","658","1056","0","62.31","39.11"
"65","000","00","001","0136","1007","535","290","245","38","573","1129","0","50.75","25.69"
"65","000","00","001","0137","0000","3419","2600","819","282","3701","6233","0","59.38","41.71"
"65","000","00","001","0137","1008","874","664","210","97","971","1713","0","56.68","38.76"
"65","000","00","001","0137","1009","861","640","221","86","947","1622","0","58.38","39.46"
"65","000","00","001","0137","1010","830","638","192","62","892","1427","0","62.51","44.71"
"65","000","00","001","0137","1011","854","658","196","37","891","1471","0","60.57","44.73"
"65","000","00","001","0138","0000","1349","954","395","202","1551","2637","0","58.82","36.18"
"65","000","00","001","0138","1015","402","291","111","71","473","828","0","57.13","35.14"
"65","000","00","001","0138","1016","431","295","136","84","515","820","0","62.8","35.98"
"65","000","00","001","0138","1017","516","368","148","47","563","989","0","56.93","37.21"
"65","000","00","001","0139","0000","2180","1575","605","234","2414","4257","0","56.71","37.0"
"65","000","00","001","0139","1018","513","359","154","85","598","1023","0","58.46","35.09"
"65","000","00","001","0139","1019","510","360","150","43","553","1044","0","52.97","34.48"
"65","000","00","001","0139","1020","503","368","135","68","571","968","0","58.99","38.02"
"65","000","00","001","0139","1021","654","488","166","38","692","1222","0","56.63","39.93"
"65","000","00","001","0140","0000","1473","1091","382","138","1611","2970","0","54.24","36.73"
"65","000","00","001","0140","1022","694","521","173","54","748","1385","0","54.01","37.62"
"65","000","00","001","0140","1023","779","570","209","84","863","1585","0","54.45","35.96"
"65","000","00","001","0141","0000","1909","1379","530","210","2119","3646","0","58.12","37.82"
"65","000","00","001","0141","1024","911","674","237","92","1003","1840","0","54.51","36.63"
"65","000","00","001","0141","1025","998","705","293","118","1116","1806","0","61.79","39.04"
"65","000","00","001","0142","0000","2278","1679","599","277","2555","4482","0","57.01","37.46"
"65","000","00","001","0142","1026","762","558","204","95","857","1506","0","56.91","37.05"
"65","000","00","001","0142","1027","728","526","202","98","826","1476","0","55.96","35.64"
"65","000","00","001","0142","1028","788","595","193","84","872","1500","0","58.13","39.67"
"65","000","00","001","0143","0000","1623","1233","390","147","1770","3108","0","56.95","39.67"
"65","000","00","001","0143","1031","778","592","186","61","839","1601","0","52.4","36.98"
"65","000","00","001","0143","1032","845","641","204","86","931","1507","0","61.78","42.53"
"65","000","00","001","0144","0000","4839","3662","1177","311","5150","8859","0","58.13","41.34"
"65","000","00","001","0144","1035","996","764","232","93","1089","1822","0","59.77","41.93"
"65","000","00","001","0144","1036","905","661","244","90","995","1605","0","61.99","41.18"
"65","000","00","001","0144","1037","872","658","214","25","897","1549","0","57.91","42.48"
"65","000","00","001","0144","1038","1080","835","245","64","1144","1948","0","58.73","42.86"
"65","000","00","001","0144","1039","986","744","242","39","1025","1935","0","52.97","38.45"
"65","000","00","001","0145","0000","1073","784","289","110","1183","2192","0","53.97","35.77"
"65","000","00","001","0145","1040","524","394","130","51","575","1097","0","52.42","35.92"
"65","000","00","001","0145","1041","549","390","159","59","608","1095","0","55.53","35.62"
"65","000","00","001","0146","0000","1882","1371","511","144","2026","3603","0","56.23","38.05"
"65","000","00","001","0146","1044","594","427","167","71","665","1187","0","56.02","35.97"
"65","000","00","001","0146","1045","617","456","161","36","653","1154","0","56.59","39.51"
"65","000","00","001","0146","1046","671","488","183","37","708","1262","0","56.1","38.67"
"65","000","00","001","0147","0000","1323","997","326","202","1525","2681","0","56.88","37.19"
"65","000","00","001","0147","1047","628","485","143","92","720","1271","0","56.65","38.16"
"65","000","00","001","0147","1048","695","512","183","110","805","1410","0","57.09","36.31"
"65","000","00","001","0148","0000","2647","1973","674","361","3008","5365","0","56.07","36.78"
"65","000","00","001","0148","1049","796","615","181","110","906","1745","0","51.92","35.24"
"65","000","00","001","0148","1050","912","660","252","145","1057","1867","0","56.61","35.35"
"65","000","00","001","0148","1051","939","698","241","106","1045","1753","0","59.61","39.82"
"65","000","00","001","0149","0000","649","483","166","17","666","1204","0","55.32","40.12"
"65","000","00","001","0149","1052","649","483","166","17","666","1204","0","55.32","40.12"
"65","000","00","001","0150","0000","2842","2096","746","280","3122","5455","0","57.23","38.42"
"65","000","00","001","0150","1053","804","608","196","84","888","1614","0","55.02","37.67"
"65","000","00","001","0150","1054","679","501","178","59","738","1237","0","59.66","40.5"
"65","000","00","001","0150","1055","727","528","199","88","815","1361","0","59.88","38.8"
"65","000","00","001","0150","1056","632","459","173","49","681","1243","0","54.79","36.93"
"65","000","00","001","0151","0000","2017","1494","523","224","2241","3979","0","56.32","37.55"
"65","000","00","001","0151","1057","705","519","186","49","754","1515","0","49.77","34.26"
"65","000","00","001","0151","1058","813","600","213","95","908","1515","0","59.93","39.6"
"65","000","00","001","0151","1059","499","375","124","80","579","949","0","61.01","39.52"
"65","000","00","001","0152","0000","1814","1348","466","179","1993","3768","0","52.89","35.77"
"65","000","00","001","0152","1060","815","596","219","84","899","1629","0","55.19","36.59"
"65","000","00","001","0152","1061","653","480","173","60","713","1238","0","57.59","38.77"
"65","000","00","001","0152","1062","346","272","74","35","381","901","0","42.29","30.19"
"65","000","00","001","0153","0000","1479","1095","384","207","1686","2956","0","57.04","37.04"
"65","000","00","001","0153","1063","752","573","179","109","861","1475","0","58.37","38.85"
"65","000","00","001","0153","1064","727","522","205","98","825","1481","0","55.71","35.25"
"65","000","00","001","0154","0000","2817","2123","694","290","3107","5602","0","55.46","37.9"
"65","000","00","001","0154","1065","822","631","191","100","922","1800","0","51.22","35.06"
"65","000","00","001","0154","1066","817","604","213","81","898","1630","0","55.09","37.06"
"65","000","00","001","0154","1067","709","546","163","57","766","1298","0","59.01","42.06"
"65","000","00","001","0154","1068","469","342","127","52","521","874","0","59.61","39.13"
"65","000","00","001","0155","0000","1380","999","381","149","1529","2581","0","59.24","38.71"
"65","000","00","001","0155","1071","755","528","227","95","850","1451","0","58.58","36.39"
"65","000","00","001","0155","1072","625","471","154","54","679","1130","0","60.09","41.68"
"65","000","00","001","0156","0000","1589","1181","408","168","1757","2971","0","59.14","39.75"
"65","000","00","001","0156","1073","786","603","183","63","849","1440","0","58.96","41.88"
"65","000","00","001","0156","1074","803","578","225","105","908","1531","0","59.31","37.75"
"65","000","00","001","0157","0000","3471","2621","850","274","3745","6492","0","57.69","40.37"
"65","000","00","001","0157","1077","600","463","137","42","642","1174","0","54.68","39.44"
"65","000","00","001","0157","1078","635","472","163","61","696","1228","0","56.68","38.44"
"65","000","00","001","0157","1079","623","442","181","45","668","1187","0","56.28","37.24"
"65","000","00","001","0157","1080","467","339","128","69","536","870","0","61.61","38.97"
"65","000","00","001","0157","1081","1146","905","241","57","1203","2033","0","59.17","44.52"
"65","000","00","001","0158","0000","1259","902","357","132","1391","2493","0","55.8","36.18"
"65","000","00","001","0158","1082","701","505","196","69","770","1418","0","54.3","35.61"
"65","000","00","001","0158","1083","558","397","161","63","621","1075","0","57.77","36.93"
"65","000","00","001","0159","0000","2247","1638","609","231","2478","4561","0","54.33","35.91"
"65","000","00","001","0159","1086","938","687","251","108","1046","1893","0","55.26","36.29"
"65","000","00","001","0159","1087","651","470","181","69","720","1302","0","55.3","36.1"
"65","000","00","001","0159","1088","658","481","177","54","712","1366","0","52.12","35.21"
"65","000","00","001","0160","0000","1355","1014","341","140","1495","2518","0","59.37","40.27"
"65","000","00","001","0160","1089","733","549","184","91","824","1318","0","62.52","41.65"
"65","000","00","001","0160","1090","622","465","157","49","671","1200","0","55.92","38.75"
"65","000","00","001","0161","0000","1973","1445","528","187","2160","3774","0","57.23","38.29"
"65","000","00","001","0161","1091","1067","788","279","69","1136","2028","0","56.02","38.86"
"65","000","00","001","0161","1092","906","657","249","118","1024","1746","0","58.65","37.63"
"65","000","00","001","0162","0000","1588","1168","420","157","1745","2981","0","58.54","39.18"
"65","000","00","001","0162","1095","719","541","178","65","784","1418","0","55.29","38.15"
"65","000","00","001","0162","1096","869","627","242","92","961","1563","0","61.48","40.12"
"65","000","00","001","0163","0000","1735","1289","446","175","1910","3487","0","54.77","36.97"
"65","000","00","001","0163","1097","866","640","226","117","983","1780","0","55.22","35.96"
"65","000","00","001","0163","1098","869","649","220","58","927","1707","0","54.31","38.02"
"65","000","00","001","0164","0000","1368","1056","312","148","1516","3051","0","49.69","34.61"
"65","000","00","001","0164","1099","300","247","53","13","313","906","0","34.55","27.26"
"65","000","00","001","0164","1100","480","373","107","76","556","1030","0","53.98","36.21"
"65","000","00","001","0164","1101","588","436","152","59","647","1115","0","58.03","39.1"
"65","000","00","001","0165","0000","3699","2833","866","234","3933","7165","0","54.89","39.54"
"65","000","00","001","0165","1102","912","693","219","40","952","1836","0","51.85","37.75"
"65","000","00","001","0165","1103","927","719","208","102","1029","1881","0","54.7","38.22"
"65","000","00","001","0165","1104","873","663","210","43","916","1688","0","54.27","39.28"
"65","000","00","001","0165","1105","987","758","229","49","1036","1760","0","58.86","43.07"
"65","000","00","001","0166","0000","1829","1323","506","177","2006","3186","0","62.96","41.53"
"65","000","00","001","0166","1106","626","437","189","57","683","1044","0","65.42","41.86"
"65","000","00","001","0166","1107","585","428","157","53","638","1043","0","61.17","41.04"
"65","000","00","001","0166","1108","618","458","160","67","685","1099","0","62.33","41.67"
"65","000","00","001","0167","0000","1279","882","397","109","1388","2391","0","58.05","36.89"
"65","000","00","001","0167","1109","675","438","237","56","731","1260","0","58.02","34.76"
"65","000","00","001","0167","1110","604","444","160","53","657","1131","0","58.09","39.26"
"65","000","00","001","0168","0000","2157","1597","560","177","2334","3947","0","59.13","40.46"
"65","000","00","001","0168","1111","653","485","168","66","719","1225","0","58.69","39.59"
"65","000","00","001","0168","1112","839","645","194","63","902","1455","0","61.99","44.33"
"65","000","00","001","0168","1113","665","467","198","48","713","1267","0","56.27","36.86"
"65","000","00","001","0169","0000","2080","1532","548","187","2267","3832","0","59.16","39.98"
"65","000","00","001","0169","1116","596","445","151","32","628","1111","0","56.53","40.05"
"65","000","00","001","0169","1117","706","479","227","72","778","1177","0","66.1","40.7"
"65","000","00","001","0169","1118","778","608","170","83","861","1544","0","55.76","39.38"
"65","000","00","001","0170","0000","2137","1609","528","118","2255","4087","0","55.17","39.37"
"65","000","00","001","0170","1121","778","577","201","38","816","1504","0","54.26","38.36"
"65","000","00","001","0170","1122","693","537","156","50","743","1373","0","54.12","39.11"
"65","000","00","001","0170","1123","666","495","171","30","696","1210","0","57.52","40.91"
"65","000","00","001","0171","0000","1686","1310","376","184","1870","3360","0","55.65","38.99"
"65","000","00","001","0171","1124","874","679","195","86","960","1809","0","53.07","37.53"
"65","000","00","001","0171","1125","812","631","181","98","910","1551","0","58.67","40.68"
"65","000","00","001","0172","0000","2092","1602","490","130","2222","3795","0","58.55","42.21"
"65","000","00","001","0172","1126","761","591","170","41","802","1408","0","56.96","41.97"
"65","000","00","001","0172","1127","696","546","150","42","738","1285","0","57.43","42.49"
"65","000","00","001","0172","1128","635","465","170","47","682","1102","0","61.89","42.2"
"65","000","00","001","0173","0000","1519","1172","347","142","1661","3091","0","53.74","37.92"
"65","000","00","001","0173","1129","667","503","164","39","706","1399","0","50.46","35.95"
"65","000","00","001","0173","1130","852","669","183","103","955","1692","0","56.44","39.54"
"65","000","00","001","0174","0000","2330","1770","560","181","2511","4478","0","56.07","39.53"
"65","000","00","001","0174","1133","650","478","172","47","697","1246","0","55.94","38.36"
"65","000","00","001","0174","1134","773","581","192","49","822","1471","0","55.88","39.5"
"65","000","00","001","0174","1135","907","711","196","85","992","1761","0","56.33","40.37"
"65","000","00","001","0175","0000","1500","1098","402","162","1662","3027","0","54.91","36.27"
"65","000","00","001","0175","1136","776","569","207","87","863","1499","0","57.57","37.96"
"65","000","00","001","0175","1137","724","529","195","75","799","1528","0","52.29","34.62"
"65","000","00","001","0176","0000","1622","1223","399","146","1768","3086","0","57.29","39.63"
"65","000","00","001","0176","1138","797","600","197","81","878","1536","0","57.16","39.06"
"65","000","00","001","0176","1139","825","623","202","65","890","1550","0","57.42","40.19"
"65","000","00","001","0177","0000","1827","1382","445","172","1999","3350","0","59.67","41.25"
"65","000","00","001","0177","1140","1124","838","286","104","1228","2050","0","59.9","40.88"
"65","000","00","001","0177","1141","703","544","159","68","771","1300","0","59.31","41.85"
"65","000","00","001","0178","0000","2983","2305","678","183","3166","5917","0","53.51","38.96"
"65","000","00","001","0178","1142","821","636","185","63","884","1537","0","57.51","41.38"
"65","000","00","001","0178","1143","626","480","146","29","655","1341","0","48.84","35.79"
"65","000","00","001","0178","1144","862","664","198","38","900","1606","0","56.04","41.34"
"65","000","00","001","0178","1145","674","525","149","53","727","1433","0","50.73","36.64"
"65","000","00","001","0179","0000","2061","1575","486","190","2251","4105","0","54.84","38.37"
"65","000","00","001","0179","1146","776","591","185","55","831","1685","0","49.32","35.07"
"65","000","00","001","0179","1147","688","499","189","77","765","1248","0","61.3","39.98"
"65","000","00","001","0179","1148","597","485","112","58","655","1172","0","55.89","41.38"
"65","000","00","001","0180","0000","3782","2904","878","276","4058","7527","0","53.91","38.58"
"65","000","00","001","0180","1149","707","535","172","29","736","1640","0","44.88","32.62"
"65","000","00","001","0180","1150","717","557","160","41","758","1428","0","53.08","39.01"
"65","000","00","001","0180","1151","792","589","203","85","877","1527","0","57.43","38.57"
"65","000","00","001","0180","1152","747","572","175","43","790","1350","0","58.52","42.37"
"65","000","00","001","0180","1153","819","651","168","78","897","1582","0","56.7","41.15"
"65","000","00","001","0181","0000","1577","1237","340","122","1699","2823","0","60.18","43.82"
"65","000","00","001","0181","1154","535","420","115","58","593","919","0","64.53","45.7"
"65","000","00","001","0181","1155","477","375","102","34","511","930","0","54.95","40.32"
"65","000","00","001","0181","1156","565","442","123","30","595","974","0","61.09","45.38"
"65","000","00","001","0182","0000","1686","1335","351","122","1808","3170","0","57.03","42.11"
"65","000","00","001","0182","1157","948","769","179","57","1005","1732","0","58.03","44.4"
"65","000","00","001","0182","1158","738","566","172","65","803","1438","0","55.84","39.36"
"65","000","00","001","0183","0000","1646","1221","425","188","1834","3541","0","51.79","34.48"
"65","000","00","001","0183","1159","845","614","231","115","960","1777","0","54.02","34.55"
"65","000","00","001","0183","1160","801","607","194","73","874","1764","0","49.55","34.41"
"65","000","00","001","0184","0000","1898","1406","492","183","2081","3712","0","56.06","37.88"
"65","000","00","001","0184","1164","899","663","236","109","1008","1870","0","53.9","35.45"
"65","000","00","001","0184","1165","999","743","256","74","1073","1842","0","58.25","40.34"
"65","000","00","001","0185","0000","1169","895","274","139","1308","2322","0","56.33","38.54"
"65","000","00","001","0185","1166","568","450","118","66","634","1094","0","57.95","41.13"
"65","000","00","001","0185","1167","601","445","156","73","674","1228","0","54.89","36.24"
"65","000","00","001","0186","0000","3135","2361","774","258","3393","6224","0","54.51","37.93"
"65","000","00","001","0186","1170","773","570","203","75","848","1622","0","52.28","35.14"
"65","000","00","001","0186","1171","660","492","168","75","735","1205","0","61.0","40.83"
"65","000","00","001","0186","1172","830","611","219","60","890","1787","0","49.8","34.19"
"65","000","00","001","0186","1173","872","688","184","48","920","1610","0","57.14","42.73"
"65","000","00","001","0187","0000","3361","2606","755","225","3586","6600","0","54.33","39.48"
"65","000","00","001","0187","1174","1219","936","283","62","1281","2216","0","57.81","42.24"
"65","000","00","001","0187","1175","1203","919","284","63","1266","2294","0","55.19","40.06"
"65","000","00","001","0187","1176","939","751","188","100","1039","2090","0","49.71","35.93"
"65","000","00","001","0188","0000","1895","1445","450","156","2051","3742","0","54.81","38.62"
"65","000","00","001","0188","1177","625","495","130","44","669","1356","0","49.34","36.5"
"65","000","00","001","0188","1178","582","443","139","45","627","1067","0","58.76","41.52"
"65","000","00","001","0188","1179","688","507","181","67","755","1319","0","57.24","38.44"
"65","000","00","001","0189","0000","1611","1222","389","178","1789","3368","0","53.12","36.28"
"65","000","00","001","0189","1180","606","443","163","65","671","1316","0","50.99","33.66"
"65","000","00","001","0189","1181","565","437","128","81","646","1195","0","54.06","36.57"
"65","000","00","001","0189","1182","440","342","98","32","472","857","0","55.08","39.91"
"65","000","00","001","0190","0000","2366","1747","619","296","2662","4724","0","56.35","36.98"
"65","000","00","001","0190","1183","672","487","185","97","769","1417","0","54.27","34.37"
"65","000","00","001","0190","1184","808","588","220","96","904","1560","0","57.95","37.69"
"65","000","00","001","0190","1185","886","672","214","103","989","1747","0","56.61","38.47"
"65","000","00","001","0191","0000","2100","1564","536","134","2234","3735","0","59.81","41.87"
"65","000","00","001","0191","1186","699","513","186","65","764","1176","0","64.97","43.62"
"65","000","00","001","0191","1187","607","461","146","35","642","1101","0","58.31","41.87"
"65","000","00","001","0191","1188","794","590","204","34","828","1458","0","56.79","40.47"
"65","000","00","001","0192","0000","2950","2238","712","306","3256","5591","0","58.24","40.03"
"65","000","00","001","0192","1192","554","429","125","47","601","1120","0","53.66","38.3"
"65","000","00","001","0192","1193","555","400","155","98","653","1022","0","63.89","39.14"
"65","000","00","001","0192","1194","546","395","151","91","637","1049","0","60.72","37.65"
"65","000","00","001","0192","1195","553","429","124","33","586","1007","0","58.19","42.6"
"65","000","00","001","0192","1196","742","585","157","37","779","1393","0","55.92","42.0"
"65","000","00","001","0193","0000","430","314","116","68","498","974","0","51.13","32.24"
"65","000","00","001","0193","1197","169","125","44","32","201","474","0","42.41","26.37"
"65","000","00","001","0193","1198","261","189","72","36","297","500","0","59.4","37.8"
"65","000","00","001","0194","0000","1800","1343","457","173","1973","3502","0","56.34","38.35"
"65","000","00","001","0194","1199","591","443","148","51","642","1177","0","54.55","37.64"
"65","000","00","001","0194","1200","586","440","146","45","631","1186","0","53.2","37.1"
"65","000","00","001","0194","1201","623","460","163","77","700","1139","0","61.46","40.39"
"65","000","00","001","0195","0000","1995","1538","457","124","2119","5201","0","40.74","29.57"
"65","000","00","001","0195","1202","876","665","211","75","951","1750","0","54.34","38.0"
"65","000","00","001","0195","1203","1119","873","246","49","1168","3451","0","33.85","25.3"
"65","000","00","001","0196","0000","2250","1687","563","223","2473","4730","0","52.28","35.67"
"65","000","00","001","0196","1204","758","565","193","97","855","1620","0","52.78","34.88"
"65","000","00","001","0196","1205","397","306","91","35","432","903","0","47.84","33.89"
"65","000","00","001","0196","1206","653","479","174","65","718","1232","0","58.28","38.88"
"65","000","00","001","0196","1207","442","337","105","26","468","975","0","48.0","34.56"
"65","000","00","001","0197","0000","1266","962","304","86","1352","2515","0","53.76","38.25"
"65","000","00","001","0197","1208","602","447","155","43","645","1224","0","52.7","36.52"
"65","000","00","001","0197","1209","664","515","149","43","707","1291","0","54.76","39.89"
"65","000","00","001","0198","0000","4016","3045","971","286","4302","8555","0","50.29","35.59"
"65","000","00","001","0198","1210","822","620","202","59","881","1828","0","48.19","33.92"
"65","000","00","001","0198","1211","796","608","188","59","855","1725","0","49.57","35.25"
"65","000","00","001","0198","1212","498","384","114","28","526","1085","0","48.48","35.39"
"65","000","00","001","0198","1213","1121","837","284","95","1216","2357","0","51.59","35.51"
"65","000","00","001","0198","1214","779","596","183","45","824","1560","0","52.82","38.21"
"65","000","00","001","0199","0000","2432","1868","564","173","2605","5152","0","50.56","36.26"
"65","000","00","001","0199","1218","846","655","191","76","922","1763","0","52.3","37.15"
"65","000","00","001","0199","1219","797","608","189","38","835","1744","0","47.88","34.86"
"65","000","00","001","0199","1220","789","605","184","59","848","1645","0","51.55","36.78"
"65","000","00","001","01A0","0000","1659","1239","420","145","1804","3118","0","57.86","39.74"
"65","000","00","001","01A0","1228","793","580","213","89","882","1566","0","56.32","37.04"
"65","000","00","001","01A0","1229","866","659","207","56","922","1552","0","59.41","42.46"
"65","000","00","001","01A1","0000","1210","929","281","157","1367","2270","0","60.22","40.93"
"65","000","00","001","01A1","0913","576","429","147","65","641","1026","0","62.48","41.81"
"65","000","00","001","01A1","0914","634","500","134","92","726","1244","0","58.36","40.19"
"65","000","00","001","01A2","0000","2132","1553","579","229","2361","3821","0","61.79","40.64"
"65","000","00","001","01A2","0933","658","479","179","73","731","1238","0","59.05","38.69"
"65","000","00","001","01A2","0934","793","583","210","85","878","1389","0","63.21","41.97"
"65","000","00","001","01A2","0935","681","491","190","71","752","1194","0","62.98","41.12"
"65","000","00","001","01A3","0000","1475","1116","359","132","1607","2740","0","58.65","40.73"
"65","000","00","001","01A3","0962","797","603","194","56","853","1515","0","56.3","39.8"
"65","000","00","001","01A3","0963","678","513","165","76","754","1225","0","61.55","41.88"
"65","000","00","001","01A4","0000","1506","1060","446","188","1694","2949","0","57.44","35.94"
"65","000","00","001","01A4","0991","679","482","197","83","762","1245","0","61.2","38.71"
"65","000","00","001","01A4","0992","827","578","249","105","932","1704","0","54.69","33.92"
"65","000","00","001","01A5","0000","1604","1218","386","76","1680","3134","0","53.61","38.86"
"65","000","00","001","01A5","1012","533","385","148","24","557","1076","0","51.77","35.78"
"65","000","00","001","01A5","1013","443","337","106","12","455","979","0","46.48","34.42"
"65","000","00","001","01A5","1014","628","496","132","40","668","1079","0","61.91","45.97"
"65","000","00","001","01A6","0000","1312","923","389","138","1450","2493","0","58.16","37.02"
"65","000","00","001","01A6","1033","719","504","215","95","814","1315","0","61.9","38.33"
"65","000","00","001","01A6","1034","593","419","174","43","636","1178","0","53.99","35.57"
"65","000","00","001","01A7","0000","1105","821","284","45","1150","2026","0","56.76","40.52"
"65","000","00","001","01A7","1069","492","362","130","25","517","992","0","52.12","36.49"
"65","000","00","001","01A7","1070","613","459","154","20","633","1034","0","61.22","44.39"
"65","000","00","001","01A8","0000","1411","1058","353","100","1511","2697","0","56.03","39.23"
"65","000","00","001","01A8","1084","726","557","169","49","775","1515","0","51.16","36.77"
"65","000","00","001","01A8","1085","685","501","184","51","736","1182","0","62.27","42.39"
"65","000","00","001","01A9","0000","1044","731","313","123","1167","1966","0","59.36","37.18"
"65","000","00","001","01A9","1114","507","338","169","75","582","972","0","59.88","34.77"
"65","000","00","001","01A9","1115","537","393","144","48","585","994","0","58.85","39.54"
"65","000","00","001","01B0","0000","1796","1351","445","139","1935","3337","0","57.99","40.49"
"65","000","00","001","01B0","1131","911","677","234","43","954","1625","0","58.71","41.66"
"65","000","00","001","01B0","1132","885","674","211","96","981","1712","0","57.3","39.37"
"65","000","00","001","01B1","0000","1109","803","306","106","1215","1860","0","65.32","43.17"
"65","000","00","001","01B1","1168","591","428","163","58","649","998","0","65.03","42.89"
"65","000","00","001","01B1","1169","518","375","143","48","566","862","0","65.66","43.5"
"65","000","00","001","01B2","0000","1829","1351","478","118","1947","3778","0","51.54","35.76"
"65","000","00","001","01B2","1230","912","671","241","50","962","1885","0","51.03","35.6"
"65","000","00","001","01B2","1231","917","680","237","68","985","1893","0","52.03","35.92"
"65","000","00","001","01B3","0000","2490","1928","562","159","2649","5613","0","47.19","34.35"
"65","000","00","001","01B3","1215","906","717","189","40","946","2201","0","42.98","32.58"
"65","000","00","001","01B3","1216","818","618","200","60","878","1626","0","54.0","38.01"
"65","000","00","001","01B3","1217","766","593","173","59","825","1786","0","46.19","33.2"
"65","000","00","001","01B4","0000","1121","850","271","40","1161","2314","0","50.17","36.73"
"65","000","00","001","01B4","0926","583","449","134","14","597","1215","0","49.14","36.95"
"65","000","00","001","01B4","0927","538","401","137","26","564","1099","0","51.32","36.49"
"65","000","00","001","01B5","0000","1017","798","219","131","1148","1793","0","64.03","44.51"
"65","000","00","001","01B5","0945","448","352","96","53","501","796","0","62.94","44.22"
"65","000","00","001","01B5","0946","569","446","123","78","647","997","0","64.89","44.73"
"65","000","00","001","01B6","0000","1291","949","342","181","1472","2487","0","59.19","38.16"
"65","000","00","001","01B6","0967","688","499","189","79","767","1283","0","59.78","38.89"
"65","000","00","001","01B6","0968","603","450","153","102","705","1204","0","58.55","37.38"
"65","000","00","001","01B7","0000","1578","1191","387","210","1788","3024","0","59.13","39.38"
"65","000","00","001","01B7","1002","567","425","142","92","659","1133","0","58.16","37.51"
"65","000","00","001","01B7","1003","428","311","117","48","476","841","0","56.6","36.98"
"65","000","00","001","01B7","1004","583","455","128","70","653","1050","0","62.19","43.33"
"65","000","00","001","01B8","0000","1137","829","308","162","1299","2059","0","63.09","40.26"
"65","000","00","001","01B8","1029","618","462","156","78","696","1096","0","63.5","42.15"
"65","000","00","001","01B8","1030","519","367","152","84","603","963","0","62.62","38.11"
"65","000","00","001","01B9","0000","1647","1190","457","233","1880","3428","0","54.84","34.71"
"65","000","00","001","01B9","1042","805","567","238","110","915","1678","0","54.53","33.79"
"65","000","00","001","01B9","1043","842","623","219","123","965","1750","0","55.14","35.6"
"65","000","00","001","01C0","0000","1484","1099","385","139","1623","2942","0","55.17","37.36"
"65","000","00","001","01C0","1075","778","580","198","85","863","1349","0","63.97","42.99"
"65","000","00","001","01C0","1076","706","519","187","54","760","1593","0","47.71","32.58"
"65","000","00","001","01C1","0000","1674","1273","401","118","1792","3428","0","52.28","37.14"
"65","000","00","001","01C1","1093","926","711","215","43","969","1954","0","49.59","36.39"
"65","000","00","001","01C1","1094","748","562","186","75","823","1474","0","55.83","38.13"
"65","000","00","001","01C2","0000","1018","775","243","166","1184","2061","0","57.45","37.6"
"65","000","00","001","01C2","1119","502","388","114","92","594","1021","0","58.18","38.0"
"65","000","00","001","01C2","1120","516","387","129","74","590","1040","0","56.73","37.21"
"65","000","00","001","01C3","0000","1921","1463","458","143","2064","3645","0","56.63","40.14"
"65","000","00","001","01C3","1161","670","515","155","21","691","1289","0","53.61","39.95"
"65","000","00","001","01C3","1162","618","487","131","51","669","1182","0","56.6","41.2"
"65","000","00","001","01C3","1163","633","461","172","71","704","1174","0","59.97","39.27"
"65","000","00","001","01C4","0000","5881","4505","1376","437","6318","12065","0","52.37","37.34"
"65","000","00","001","01C4","1221","847","684","163","51","898","1861","0","48.25","36.75"
"65","000","00","001","01C4","1222","729","561","168","46","775","1596","0","48.56","35.15"
"65","000","00","001","01C4","1223","905","668","237","83","988","1871","0","52.81","35.7"
"65","000","00","001","01C4","1224","980","763","217","82","1062","1938","0","54.8","39.37"
"65","000","00","001","01C4","1225","959","737","222","53","1012","1827","0","55.39","40.34"
"65","000","00","001","01C4","1226","655","421","234","46","701","1359","0","51.58","30.98"
"65","000","00","001","01C4","1227","806","671","135","76","882","1613","0","54.68","41.6"
"65","000","00","001","01C5","0000","1506","1113","393","169","1675","3241","0","51.68","34.34"
"65","000","00","001","01C5","1189","742","565","177","56","798","1630","0","48.96","34.66"
"65","000","00","001","01C5","1190","764","548","216","113","877","1611","0","54.44","34.02"
"65","000","00","001","01C6","0000","544","411","133","43","587","1139","0","51.54","36.08"
"65","000","00","001","01C6","1191","544","411","133","43","587","1139","0","51.54","36.08"
"65","000","00","002","0000","0000","165126","122219","42907","18008","183134","329846","386077","55.52","37.05"
"65","000","00","002","0201","0000","2432","1810","622","242","2674","4753","0","56.26","38.08"
"65","000","00","002","0201","0659","727","568","159","80","807","1509","0","53.48","37.64"
"65","000","00","002","0201","0660","842","623","219","76","918","1591","0","57.7","39.16"
"65","000","00","002","0201","0661","863","619","244","86","949","1653","0","57.41","37.45"
"65","000","00","002","0202","0000","775","591","184","57","832","1459","0","57.03","40.51"
"65","000","00","002","0202","0665","775","591","184","57","832","1459","0","57.03","40.51"
"65","000","00","002","0203","0000","1134","807","327","134","1268","2090","0","60.67","38.61"
"65","000","00","002","0203","0666","550","396","154","68","618","1024","0","60.35","38.67"
"65","000","00","002","0203","0667","584","411","173","66","650","1066","0","60.98","38.56"
"65","000","00","002","0204","0000","501","377","124","64","565","856","0","66.0","44.04"
"65","000","00","002","0204","0668","501","377","124","64","565","856","0","66.0","44.04"
"65","000","00","002","0205","0000","1710","1212","498","149","1859","3533","0","52.62","34.31"
"65","000","00","002","0205","0671","906","643","263","80","986","1887","0","52.25","34.08"
"65","000","00","002","0205","0672","804","569","235","69","873","1646","0","53.04","34.57"
"65","000","00","002","0206","0000","190","138","52","20","210","358","0","58.66","38.55"
"65","000","00","002","0206","0673","190","138","52","20","210","358","0","58.66","38.55"
"65","000","00","002","0207","0000","2908","2339","569","228","3136","5443","0","57.62","42.97"
"65","000","00","002","0207","0674","558","415","143","66","624","1039","0","60.06","39.94"
"65","000","00","002","0207","0675","628","445","183","49","677","1114","0","60.77","39.95"
"65","000","00","002","0207","0676","874","846","28","54","928","1588","0","58.44","53.27"
"65","000","00","002","0207","0677","848","633","215","59","907","1702","0","53.29","37.19"
"65","000","00","002","0208","0000","2592","1910","682","228","2820","4778","0","59.02","39.97"
"65","000","00","002","0208","0678","726","516","210","65","791","1288","0","61.41","40.06"
"65","000","00","002","0208","0679","908","654","254","78","986","1629","0","60.53","40.15"
"65","000","00","002","0208","0680","958","740","218","85","1043","1861","0","56.05","39.76"
"65","000","00","002","0209","0000","1619","1224","395","156","1775","3108","0","57.11","39.38"
"65","000","00","002","0209","0683","822","626","196","81","903","1595","0","56.61","39.25"
"65","000","00","002","0209","0684","797","598","199","75","872","1513","0","57.63","39.52"
"65","000","00","002","0210","0000","2990","2218","772","238","3228","8503","0","37.96","26.08"
"65","000","00","002","0210","0685","749","512","237","72","821","4433","0","18.52","11.55"
"65","000","00","002","0210","0686","693","514","179","50","743","1283","0","57.91","40.06"
"65","000","00","002","0210","0687","805","612","193","67","872","1430","0","60.98","42.8"
"65","000","00","002","0210","0688","743","580","163","49","792","1357","0","58.36","42.74"
"65","000","00","002","0211","0000","977","708","269","107","1084","1846","0","58.72","38.35"
"65","000","00","002","0211","0689","523","381","142","45","568","963","0","58.98","39.56"
"65","000","00","002","0211","0690","454","327","127","62","516","883","0","58.44","37.03"
"65","000","00","002","0212","0000","1588","1168","420","204","1792","3110","0","57.62","37.56"
"65","000","00","002","0212","0691","740","551","189","106","846","1494","0","56.63","36.88"
"65","000","00","002","0212","0692","848","617","231","98","946","1616","0","58.54","38.18"
"65","000","00","002","0213","0000","2111","1546","565","254","2365","3998","0","59.15","38.67"
"65","000","00","002","0213","0693","671","510","161","88","759","1329","0","57.11","38.37"
"65","000","00","002","0213","0694","737","525","212","67","804","1289","0","62.37","40.73"
"65","000","00","002","0213","0695","703","511","192","99","802","1380","0","58.12","37.03"
"65","000","00","002","0214","0000","3057","2275","782","291","3348","5679","0","58.95","40.06"
"65","000","00","002","0214","0696","876","671","205","64","940","1668","0","56.35","40.23"
"65","000","00","002","0214","0697","688","504","184","88","776","1226","0","63.3","41.11"
"65","000","00","002","0214","0698","762","558","204","70","832","1421","0","58.55","39.27"
"65","000","00","002","0214","0699","731","542","189","69","800","1364","0","58.65","39.74"
"65","000","00","002","0215","0000","1978","1504","474","204","2182","3736","0","58.4","40.26"
"65","000","00","002","0215","0700","678","500","178","55","733","1232","0","59.5","40.58"
"65","000","00","002","0215","0701","710","524","186","68","778","1248","0","62.34","41.99"
"65","000","00","002","0215","0702","590","480","110","81","671","1256","0","53.42","38.22"
"65","000","00","002","0216","0000","1761","1282","479","166","1927","3175","0","60.69","40.38"
"65","000","00","002","0216","0703","854","613","241","78","932","1506","0","61.89","40.7"
"65","000","00","002","0216","0704","907","669","238","88","995","1669","0","59.62","40.08"
"65","000","00","002","0217","0000","2908","2150","758","405","3313","5489","0","60.36","39.17"
"65","000","00","002","0217","0705","661","500","161","105","766","1308","0","58.56","38.23"
"65","000","00","002","0217","0706","758","582","176","71","829","1263","0","65.64","46.08"
"65","000","00","002","0217","0707","744","550","194","97","841","1471","0","57.17","37.39"
"65","000","00","002","0217","0708","745","518","227","132","877","1447","0","60.61","35.8"
"65","000","00","002","0218","0000","2617","1934","683","241","2858","5520","0","51.78","35.04"
"65","000","00","002","0218","0709","753","550","203","79","832","1693","0","49.14","32.49"
"65","000","00","002","0218","0710","1021","749","272","59","1080","2015","0","53.6","37.17"
"65","000","00","002","0218","0711","843","635","208","103","946","1812","0","52.21","35.04"
"65","000","00","002","0219","0000","1477","1121","356","113","1590","2948","0","53.93","38.03"
"65","000","00","002","0219","0712","702","531","171","52","754","1509","0","49.97","35.19"
"65","000","00","002","0219","0713","775","590","185","61","836","1439","0","58.1","41.0"
"65","000","00","002","0220","0000","3346","2496","850","267","3613","6530","0","55.33","38.22"
"65","000","00","002","0220","0714","745","556","189","76","821","1437","0","57.13","38.69"
"65","000","00","002","0220","0715","850","616","234","71","921","1697","0","54.27","36.3"
"65","000","00","002","0220","0716","859","658","201","54","913","1793","0","50.92","36.7"
"65","000","00","002","0220","0717","892","666","226","66","958","1603","0","59.76","41.55"
"65","000","00","002","0221","0000","1210","897","313","88","1298","2292","0","56.63","39.14"
"65","000","00","002","0221","0718","591","430","161","43","634","1166","0","54.37","36.88"
"65","000","00","002","0221","0719","619","467","152","45","664","1126","0","58.97","41.47"
"65","000","00","002","0222","0000","579","432","147","68","647","1291","0","50.12","33.46"
"65","000","00","002","0222","0720","579","432","147","68","647","1291","0","50.12","33.46"
"65","000","00","002","0223","0000","793","589","204","104","897","1597","0","56.17","36.88"
"65","000","00","002","0223","0721","793","589","204","104","897","1597","0","56.17","36.88"
"65","000","00","002","0224","0000","1095","809","286","154","1249","1992","0","62.7","40.61"
"65","000","00","002","0224","0722","582","435","147","81","663","1081","0","61.33","40.24"
"65","000","00","002","0224","0723","513","374","139","73","586","911","0","64.32","41.05"
"65","000","00","002","0225","0000","780","572","208","57","837","1719","0","48.69","33.28"
"65","000","00","002","0225","0724","780","572","208","57","837","1719","0","48.69","33.28"
"65","000","00","002","0226","0000","638","475","163","86","724","1289","0","56.17","36.85"
"65","000","00","002","0226","0725","638","475","163","86","724","1289","0","56.17","36.85"
"65","000","00","002","0227","0000","698","511","187","107","805","1318","0","61.08","38.77"
"65","000","00","002","0227","0726","698","511","187","107","805","1318","0","61.08","38.77"
"65","000","00","002","0228","0000","861","641","220","84","945","1822","0","51.87","35.18"
"65","000","00","002","0228","0727","861","641","220","84","945","1822","0","51.87","35.18"
"65","000","00","002","0229","0000","586","432","154","106","692","1185","0","58.4","36.46"
"65","000","00","002","0229","0728","586","432","154","106","692","1185","0","58.4","36.46"
"65","000","00","002","0230","0000","615","463","152","107","722","1369","0","52.74","33.82"
"65","000","00","002","0230","0729","615","463","152","107","722","1369","0","52.74","33.82"
"65","000","00","002","0231","0000","779","569","210","82","861","1507","0","57.13","37.76"
"65","000","00","002","0231","0730","779","569","210","82","861","1507","0","57.13","37.76"
"65","000","00","002","0232","0000","909","662","247","103","1012","1876","0","53.94","35.29"
"65","000","00","002","0232","0731","477","343","134","75","552","926","0","59.61","37.04"
"65","000","00","002","0232","0732","432","319","113","28","460","950","0","48.42","33.58"
"65","000","00","002","0233","0000","791","568","223","89","880","1678","0","52.44","33.85"
"65","000","00","002","0233","0733","791","568","223","89","880","1678","0","52.44","33.85"
"65","000","00","002","0234","0000","543","393","150","95","638","1117","0","57.12","35.18"
"65","000","00","002","0234","0734","543","393","150","95","638","1117","0","57.12","35.18"
"65","000","00","002","0235","0000","633","477","156","67","700","1318","0","53.11","36.19"
"65","000","00","002","0235","0735","633","477","156","67","700","1318","0","53.11","36.19"
"65","000","00","002","0236","0000","699","486","213","48","747","1388","0","53.82","35.01"
"65","000","00","002","0236","0736","699","486","213","48","747","1388","0","53.82","35.01"
"65","000","00","002","0237","0000","513","382","131","85","598","1026","0","58.28","37.23"
"65","000","00","002","0237","0737","513","382","131","85","598","1026","0","58.28","37.23"
"65","000","00","002","0238","0000","1145","840","305","109","1254","2063","0","60.79","40.72"
"65","000","00","002","0238","0738","620","460","160","63","683","1096","0","62.32","41.97"
"65","000","00","002","0238","0739","525","380","145","46","571","967","0","59.05","39.3"
"65","000","00","002","0239","0000","1724","1244","480","187","1911","3534","0","54.07","35.2"
"65","000","00","002","0239","0740","898","629","269","80","978","1871","0","52.27","33.62"
"65","000","00","002","0239","0741","826","615","211","107","933","1663","0","56.1","36.98"
"65","000","00","002","0240","0000","594","458","136","33","627","1208","0","51.9","37.91"
"65","000","00","002","0240","0742","594","458","136","33","627","1208","0","51.9","37.91"
"65","000","00","002","0241","0000","1195","865","330","103","1298","2476","0","52.42","34.94"
"65","000","00","002","0241","0743","662","471","191","66","728","1398","0","52.07","33.69"
"65","000","00","002","0241","0744","533","394","139","37","570","1078","0","52.88","36.55"
"65","000","00","002","0242","0000","1193","874","319","180","1373","2495","0","55.03","35.03"
"65","000","00","002","0242","0745","523","390","133","83","606","1102","0","54.99","35.39"
"65","000","00","002","0242","0746","670","484","186","97","767","1393","0","55.06","34.75"
"65","000","00","002","0243","0000","1365","1029","336","159","1524","2485","0","61.33","41.41"
"65","000","00","002","0243","0747","659","506","153","80","739","1251","0","59.07","40.45"
"65","000","00","002","0243","0748","706","523","183","79","785","1234","0","63.61","42.38"
"65","000","00","002","0244","0000","1678","1241","437","188","1866","3251","0","57.4","38.17"
"65","000","00","002","0244","0749","866","619","247","93","959","1661","0","57.74","37.27"
"65","000","00","002","0244","0750","812","622","190","95","907","1590","0","57.04","39.12"
"65","000","00","002","0245","0000","2052","1454","598","224","2276","3773","0","60.32","38.54"
"65","000","00","002","0245","0751","623","460","163","77","700","1182","0","59.22","38.92"
"65","000","00","002","0245","0752","739","500","239","79","818","1369","0","59.75","36.52"
"65","000","00","002","0245","0753","690","494","196","68","758","1222","0","62.03","40.43"
"65","000","00","002","0246","0000","631","447","184","113","744","1304","0","57.06","34.28"
"65","000","00","002","0246","0754","631","447","184","113","744","1304","0","57.06","34.28"
"65","000","00","002","0247","0000","502","383","119","62","564","1054","0","53.51","36.34"
"65","000","00","002","0247","0755","502","383","119","62","564","1054","0","53.51","36.34"
"65","000","00","002","0248","0000","805","582","223","107","912","1635","0","55.78","35.6"
"65","000","00","002","0248","0756","805","582","223","107","912","1635","0","55.78","35.6"
"65","000","00","002","0249","0000","847","628","219","87","934","1779","0","52.5","35.3"
"65","000","00","002","0249","0757","847","628","219","87","934","1779","0","52.5","35.3"
"65","000","00","002","0250","0000","827","610","217","107","934","1633","0","57.2","37.35"
"65","000","00","002","0250","0758","827","610","217","107","934","1633","0","57.2","37.35"
"65","000","00","002","0251","0000","1161","864","297","111","1272","2128","0","59.77","40.6"
"65","000","00","002","0251","0759","581","443","138","59","640","1107","0","57.81","40.02"
"65","000","00","002","0251","0760","580","421","159","52","632","1021","0","61.9","41.23"
"65","000","00","002","0252","0000","727","523","204","131","858","1649","0","52.03","31.72"
"65","000","00","002","0252","0761","727","523","204","131","858","1649","0","52.03","31.72"
"65","000","00","002","0253","0000","454","321","133","44","498","874","0","56.98","36.73"
"65","000","00","002","0253","0762","454","321","133","44","498","874","0","56.98","36.73"
"65","000","00","002","0254","0000","714","525","189","110","824","1402","0","58.77","37.45"
"65","000","00","002","0254","0763","714","525","189","110","824","1402","0","58.77","37.45"
"65","000","00","002","0255","0000","754","545","209","109","863","1713","0","50.38","31.82"
"65","000","00","002","0255","0764","754","545","209","109","863","1713","0","50.38","31.82"
"65","000","00","002","0256","0000","966","720","246","136","1102","2011","0","54.8","35.8"
"65","000","00","002","0256","0765","421","313","108","69","490","973","0","50.36","32.17"
"65","000","00","002","0256","0766","545","407","138","67","612","1038","0","58.96","39.21"
"65","000","00","002","0257","0000","806","596","210","134","940","1833","0","51.28","32.52"
"65","000","00","002","0257","0767","806","596","210","134","940","1833","0","51.28","32.52"
"65","000","00","002","0258","0000","420","295","125","41","461","817","0","56.43","36.11"
"65","000","00","002","0258","0768","420","295","125","41","461","817","0","56.43","36.11"
"65","000","00","002","0259","0000","746","547","199","78","824","1387","0","59.41","39.44"
"65","000","00","002","0259","0769","746","547","199","78","824","1387","0","59.41","39.44"
"65","000","00","002","0260","0000","427","320","107","44","471","784","0","60.08","40.82"
"65","000","00","002","0260","0770","427","320","107","44","471","784","0","60.08","40.82"
"65","000","00","002","0261","0000","1114","827","287","119","1233","2259","0","54.58","36.61"
"65","000","00","002","0261","0771","507","357","150","36","543","1096","0","49.54","32.57"
"65","000","00","002","0261","0772","607","470","137","83","690","1163","0","59.33","40.41"
"65","000","00","002","0262","0000","908","710","198","71","979","1868","0","52.41","38.01"
"65","000","00","002","0262","0773","908","710","198","71","979","1868","0","52.41","38.01"
"65","000","00","002","0263","0000","958","689","269","151","1109","2051","0","54.07","33.59"
"65","000","00","002","0263","0774","522","371","151","93","615","1117","0","55.06","33.21"
"65","000","00","002","0263","0775","436","318","118","58","494","934","0","52.89","34.05"
"65","000","00","002","0264","0000","661","471","190","80","741","1412","0","52.48","33.36"
"65","000","00","002","0264","0776","661","471","190","80","741","1412","0","52.48","33.36"
"65","000","00","002","0265","0000","623","473","150","58","681","1062","0","64.12","44.54"
"65","000","00","002","0265","0777","623","473","150","58","681","1062","0","64.12","44.54"
"65","000","00","002","0266","0000","980","764","216","177","1157","1827","0","63.33","41.82"
"65","000","00","002","0266","0778","427","338","89","86","513","891","0","57.58","37.93"
"65","000","00","002","0266","0779","553","426","127","91","644","936","0","68.8","45.51"
"65","000","00","002","0267","0000","1001","712","289","105","1106","2150","0","51.44","33.12"
"65","000","00","002","0267","0780","517","381","136","81","598","1085","0","55.12","35.12"
"65","000","00","002","0267","0781","484","331","153","24","508","1065","0","47.7","31.08"
"65","000","00","002","0268","0000","1552","1173","379","131","1683","2948","0","57.09","39.79"
"65","000","00","002","0268","0782","733","557","176","68","801","1398","0","57.3","39.84"
"65","000","00","002","0268","0783","819","616","203","63","882","1550","0","56.9","39.74"
"65","000","00","002","0269","0000","806","601","205","102","908","1674","0","54.24","35.9"
"65","000","00","002","0269","0784","806","601","205","102","908","1674","0","54.24","35.9"
"65","000","00","002","0270","0000","620","469","151","86","706","1215","0","58.11","38.6"
"65","000","00","002","0270","0785","620","469","151","86","706","1215","0","58.11","38.6"
"65","000","00","002","0271","0000","795","572","223","85","880","1606","0","54.79","35.62"
"65","000","00","002","0271","0786","795","572","223","85","880","1606","0","54.79","35.62"
"65","000","00","002","0272","0000","1230","941","289","160","1390","2420","0","57.44","38.88"
"65","000","00","002","0272","0787","602","480","122","60","662","1182","0","56.01","40.61"
"65","000","00","002","0272","0788","628","461","167","100","728","1238","0","58.8","37.24"
"65","000","00","002","0273","0000","1480","1081","399","136","1616","2750","0","58.76","39.31"
"65","000","00","002","0273","0789","722","538","184","74","796","1342","0","59.31","40.09"
"65","000","00","002","0273","0790","758","543","215","62","820","1408","0","58.24","38.57"
"65","000","00","002","0274","0000","860","665","195","120","980","1770","0","55.37","37.57"
"65","000","00","002","0274","0791","860","665","195","120","980","1770","0","55.37","37.57"
"65","000","00","002","0275","0000","967","699","268","91","1058","1915","0","55.25","36.5"
"65","000","00","002","0275","0792","488","355","133","62","550","940","0","58.51","37.77"
"65","000","00","002","0275","0793","479","344","135","29","508","975","0","52.1","35.28"
"65","000","00","002","0276","0000","2099","1558","541","225","2324","4183","0","55.56","37.25"
"65","000","00","002","0276","0794","732","548","184","66","798","1507","0","52.95","36.36"
"65","000","00","002","0276","0795","721","513","208","92","813","1419","0","57.29","36.15"
"65","000","00","002","0276","0796","646","497","149","67","713","1257","0","56.72","39.54"
"65","000","00","002","0277","0000","1677","1237","440","194","1871","3364","0","55.62","36.77"
"65","000","00","002","0277","0797","816","585","231","99","915","1619","0","56.52","36.13"
"65","000","00","002","0277","0798","861","652","209","95","956","1745","0","54.79","37.36"
"65","000","00","002","0278","0000","2503","1853","650","237","2740","4898","0","55.94","37.83"
"65","000","00","002","0278","0799","780","578","202","78","858","1519","0","56.48","38.05"
"65","000","00","002","0278","0800","808","604","204","81","889","1682","0","52.85","35.91"
"65","000","00","002","0278","0801","915","671","244","78","993","1697","0","58.52","39.54"
"65","000","00","002","0279","0000","934","696","238","148","1082","1997","0","54.18","34.85"
"65","000","00","002","0279","0802","487","371","116","86","573","1073","0","53.4","34.58"
"65","000","00","002","0279","0803","447","325","122","62","509","924","0","55.09","35.17"
"65","000","00","002","0280","0000","692","516","176","64","756","1613","0","46.87","31.99"
"65","000","00","002","0280","0804","692","516","176","64","756","1613","0","46.87","31.99"
"65","000","00","002","0281","0000","1062","793","269","141","1203","2152","0","55.9","36.85"
"65","000","00","002","0281","0805","488","380","108","62","550","1034","0","53.19","36.75"
"65","000","00","002","0281","0806","574","413","161","79","653","1118","0","58.41","36.94"
"65","000","00","002","0282","0000","1760","1291","469","261","2021","3595","0","56.22","35.91"
"65","000","00","002","0282","0807","618","454","164","96","714","1269","0","56.26","35.78"
"65","000","00","002","0282","0808","481","343","138","69","550","990","0","55.56","34.65"
"65","000","00","002","0282","0809","661","494","167","96","757","1336","0","56.66","36.98"
"65","000","00","002","0283","0000","1668","1225","443","180","1848","3182","0","58.08","38.5"
"65","000","00","002","0283","0810","848","650","198","78","926","1601","0","57.84","40.6"
"65","000","00","002","0283","0811","820","575","245","102","922","1581","0","58.32","36.37"
"65","000","00","002","0284","0000","1377","972","405","139","1516","2571","0","58.97","37.81"
"65","000","00","002","0284","0812","691","478","213","73","764","1345","0","56.8","35.54"
"65","000","00","002","0284","0813","686","494","192","66","752","1226","0","61.34","40.29"
"65","000","00","002","0285","0000","1339","1027","312","183","1522","2790","0","54.55","36.81"
"65","000","00","002","0285","0814","759","590","169","107","866","1650","0","52.48","35.76"
"65","000","00","002","0285","0815","580","437","143","76","656","1140","0","57.54","38.33"
"65","000","00","002","0286","0000","1659","1246","413","132","1791","3338","0","53.65","37.33"
"65","000","00","002","0286","0816","795","599","196","47","842","1639","0","51.37","36.55"
"65","000","00","002","0286","0817","864","647","217","85","949","1699","0","55.86","38.08"
"65","000","00","002","0287","0000","2138","1575","563","246","2384","4355","0","54.74","36.17"
"65","000","00","002","0287","0820","748","567","181","94","842","1540","0","54.68","36.82"
"65","000","00","002","0287","0821","646","488","158","71","717","1276","0","56.19","38.24"
"65","000","00","002","0287","0822","744","520","224","81","825","1539","0","53.61","33.79"
"65","000","00","002","0288","0000","1461","1091","370","166","1627","2898","0","56.14","37.65"
"65","000","00","002","0288","0828","700","528","172","92","792","1407","0","56.29","37.53"
"65","000","00","002","0288","0829","761","563","198","74","835","1491","0","56.0","37.76"
"65","000","00","002","0289","0000","2417","1721","696","250","2667","4718","0","56.53","36.48"
"65","000","00","002","0289","0837","737","506","231","81","818","1398","0","58.51","36.19"
"65","000","00","002","0289","0838","832","595","237","93","925","1706","0","54.22","34.88"
"65","000","00","002","0289","0839","848","620","228","76","924","1614","0","57.25","38.41"
"65","000","00","002","0290","0000","2369","1754","615","223","2592","4723","0","54.88","37.14"
"65","000","00","002","0290","0840","799","585","214","58","857","1591","0","53.87","36.77"
"65","000","00","002","0290","0841","805","613","192","60","865","1627","0","53.17","37.68"
"65","000","00","002","0290","0842","765","556","209","105","870","1505","0","57.81","36.94"
"65","000","00","002","0291","0000","1756","1320","436","121","1877","3577","0","52.47","36.9"
"65","000","00","002","0291","0832","945","707","238","72","1017","1938","0","52.48","36.48"
"65","000","00","002","0291","0833","811","613","198","49","860","1639","0","52.47","37.4"
"65","000","00","002","0292","0000","1221","863","358","120","1341","2290","0","58.56","37.69"
"65","000","00","002","0292","0823","643","474","169","60","703","1170","0","60.09","40.51"
"65","000","00","002","0292","0824","578","389","189","60","638","1120","0","56.96","34.73"
"65","000","00","002","0293","0000","3551","2619","932","294","3845","7372","0","52.16","35.53"
"65","000","00","002","0293","0846","966","689","277","88","1054","1800","0","58.56","38.28"
"65","000","00","002","0293","0847","773","582","191","60","833","1703","0","48.91","34.17"
"65","000","00","002","0293","0848","918","696","222","65","983","1975","0","49.77","35.24"
"65","000","00","002","0293","0849","894","652","242","81","975","1894","0","51.48","34.42"
"65","000","00","002","0294","0000","2112","1557","555","180","2292","3957","0","57.92","39.35"
"65","000","00","002","0294","0850","760","564","196","64","824","1405","0","58.65","40.14"
"65","000","00","002","0294","0851","691","514","177","53","744","1293","0","57.54","39.75"
"65","000","00","002","0294","0852","661","479","182","63","724","1259","0","57.51","38.05"
"65","000","00","002","0295","0000","1962","1445","517","267","2229","3711","0","60.06","38.94"
"65","000","00","002","0295","0853","616","450","166","92","708","1144","0","61.89","39.34"
"65","000","00","002","0295","0854","669","487","182","99","768","1254","0","61.24","38.84"
"65","000","00","002","0295","0855","677","508","169","76","753","1313","0","57.35","38.69"
"65","000","00","002","0296","0000","1657","1241","416","192","1849","3369","0","54.88","36.84"
"65","000","00","002","0296","0856","767","566","201","106","873","1594","0","54.77","35.51"
"65","000","00","002","0296","0857","890","675","215","86","976","1775","0","54.99","38.03"
"65","000","00","002","0297","0000","1441","1051","390","227","1668","2831","0","58.92","37.12"
"65","000","00","002","0297","0858","725","532","193","123","848","1516","0","55.94","35.09"
"65","000","00","002","0297","0859","716","519","197","104","820","1315","0","62.36","39.47"
"65","000","00","002","0298","0000","980","705","275","152","1132","2003","0","56.52","35.2"
"65","000","00","002","0298","0860","443","309","134","76","519","843","0","61.57","36.65"
"65","000","00","002","0298","0861","537","396","141","76","613","1160","0","52.84","34.14"
"65","000","00","002","0299","0000","1148","815","333","134","1282","2106","0","60.87","38.7"
"65","000","00","002","0299","0862","552","381","171","67","619","1052","0","58.84","36.22"
"65","000","00","002","0299","0863","596","434","162","67","663","1054","0","62.9","41.18"
"65","000","00","002","02A0","0000","961","688","273","127","1088","1933","0","56.29","35.59"
"65","000","00","002","02A0","0864","510","363","147","79","589","997","0","59.08","36.41"
"65","000","00","002","02A0","0865","451","325","126","48","499","936","0","53.31","34.72"
"65","000","00","002","02A1","0000","1509","1109","400","208","1717","3154","0","54.44","35.16"
"65","000","00","002","02A1","0866","799","592","207","107","906","1658","0","54.64","35.71"
"65","000","00","002","02A1","0867","710","517","193","101","811","1496","0","54.21","34.56"
"65","000","00","002","02A2","0000","1227","922","305","134","1361","2216","0","61.42","41.61"
"65","000","00","002","02A2","0868","585","440","145","72","657","1064","0","61.75","41.35"
"65","000","00","002","02A2","0869","642","482","160","62","704","1152","0","61.11","41.84"
"65","000","00","002","02A3","0000","1982","1506","476","173","2155","4173","0","51.64","36.09"
"65","000","00","002","02A3","0870","725","550","175","57","782","1532","0","51.04","35.9"
"65","000","00","002","02A3","0871","584","470","114","55","639","1338","0","47.76","35.13"
"65","000","00","002","02A3","0872","673","486","187","61","734","1303","0","56.33","37.3"
"65","000","00","002","02A4","0000","2102","1562","540","172","2274","4610","0","49.33","33.88"
"65","000","00","002","02A4","0880","617","456","161","33","650","1381","0","47.07","33.02"
"65","000","00","002","02A4","0881","742","562","180","89","831","1681","0","49.43","33.43"
"65","000","00","002","02A4","0882","743","544","199","50","793","1548","0","51.23","35.14"
"65","000","00","002","02A5","0000","2658","1963","695","283","2941","5569","0","52.81","35.25"
"65","000","00","002","02A5","0875","824","604","220","124","948","1821","0","52.06","33.17"
"65","000","00","002","02A5","0876","871","657","214","83","954","1906","0","50.05","34.47"
"65","000","00","002","02A5","0877","963","702","261","76","1039","1842","0","56.41","38.11"
"65","000","00","002","02A6","0000","1450","1123","327","204","1654","2860","0","57.83","39.27"
"65","000","00","002","02A6","0873","716","547","169","100","816","1369","0","59.61","39.96"
"65","000","00","002","02A6","0874","734","576","158","104","838","1491","0","56.2","38.63"
"65","000","00","002","02A7","0000","958","695","263","123","1081","1841","0","58.72","37.75"
"65","000","00","002","02A7","0878","417","309","108","55","472","878","0","53.76","35.19"
"65","000","00","002","02A7","0879","541","386","155","68","609","963","0","63.24","40.08"
"65","000","00","002","02A8","0000","3440","2651","789","270","3710","6784","0","54.69","39.08"
"65","000","00","002","02A8","0883","809","614","195","85","894","1542","0","57.98","39.82"
"65","000","00","002","02A8","0884","771","581","190","82","853","1557","0","54.78","37.32"
"65","000","00","002","02A8","0885","839","655","184","59","898","1661","0","54.06","39.43"
"65","000","00","002","02A8","0886","1021","801","220","44","1065","2024","0","52.62","39.58"
"65","000","00","002","02A9","0000","844","590","254","101","945","1585","0","59.62","37.22"
"65","000","00","002","02A9","0669","398","276","122","41","439","764","0","57.46","36.13"
"65","000","00","002","02A9","0670","446","314","132","60","506","821","0","61.63","38.25"
"65","000","00","002","02B0","0000","2181","1604","577","290","2471","4172","0","59.23","38.45"
"65","000","00","002","02B0","0662","745","533","212","84","829","1392","0","59.55","38.29"
"65","000","00","002","02B0","0663","775","598","177","103","878","1451","0","60.51","41.21"
"65","000","00","002","02B0","0664","661","473","188","103","764","1329","0","57.49","35.59"
"65","000","00","002","02B1","0000","1759","1311","448","127","1886","3540","0","53.28","37.03"
"65","000","00","002","02B1","0681","814","608","206","68","882","1727","0","51.07","35.21"
"65","000","00","002","02B1","0682","945","703","242","59","1004","1813","0","55.38","38.78"
"65","000","00","002","02B2","0000","1353","972","381","172","1525","2603","0","58.59","37.34"
"65","000","00","002","02B2","0830","741","545","196","78","819","1381","0","59.3","39.46"
"65","000","00","002","02B2","0831","612","427","185","94","706","1222","0","57.77","34.94"
"65","000","00","002","02B3","0000","2540","1844","696","293","2833","5130","0","55.22","35.95"
"65","000","00","002","02B3","0825","904","662","242","105","1009","1789","0","56.4","37.0"
"65","000","00","002","02B3","0826","720","522","198","90","810","1520","0","53.29","34.34"
"65","000","00","002","02B3","0827","916","660","256","98","1014","1821","0","55.68","36.24"
"65","000","00","002","02B4","0000","2220","1681","539","192","2412","4507","0","53.52","37.3"
"65","000","00","002","02B4","0843","691","544","147","64","755","1331","0","56.72","40.87"
"65","000","00","002","02B4","0844","749","573","176","63","812","1678","0","48.39","34.15"
"65","000","00","002","02B4","0845","780","564","216","65","845","1498","0","56.41","37.65"
"65","000","00","002","02B5","0000","2457","1850","607","291","2748","5076","0","54.14","36.45"
"65","000","00","002","02B5","0834","807","601","206","99","906","1614","0","56.13","37.24"
"65","000","00","002","02B5","0835","845","624","221","92","937","1709","0","54.83","36.51"
"65","000","00","002","02B5","0836","805","625","180","100","905","1753","0","51.63","35.65"
"65","000","00","002","02B6","0000","1682","1267","415","180","1862","3039","0","61.27","41.69"
"65","000","00","002","02B6","0818","889","681","208","105","994","1501","0","66.22","45.37"
"65","000","00","002","02B6","0819","793","586","207","75","868","1538","0","56.44","38.1"
"65","000","00","002","02B7","0000","1517","1100","417","214","1731","3294","0","52.55","33.39"
"65","000","00","002","02B7","0887","706","512","194","87","793","1588","0","49.94","32.24"
"65","000","00","002","02B7","0888","811","588","223","127","938","1706","0","54.98","34.47"
"65","000","00","002","02B8","0000","1876","1384","492","200","2076","3705","0","56.03","37.35"
"65","000","00","002","02B8","0889","716","519","197","67","783","1341","0","58.39","38.7"
"65","000","00","002","02B8","0890","483","351","132","49","532","1025","0","51.9","34.24"
"65","000","00","002","02B8","0891","677","514","163","84","761","1339","0","56.83","38.39"
"65","000","00","002","02B9","0000","1746","1300","446","211","1957","3551","0","55.11","36.61"
"65","000","00","002","02B9","0892","835","602","233","126","961","1725","0","55.71","34.9"
"65","000","00","002","02B9","0893","911","698","213","85","996","1826","0","54.55","38.23"
"65","000","00","003","0000","0000","182475","142856","39619","13264","195739","355978","412545","54.99","40.13"
"65","000","00","003","0301","0000","2598","1985","613","155","2753","5249","0","52.45","37.82"
"65","000","00","003","0301","1232","790","592","198","54","844","1630","0","51.78","36.32"
"65","000","00","003","0301","1233","933","702","231","57","990","1775","0","55.77","39.55"
"65","000","00","003","0301","1234","875","691","184","44","919","1844","0","49.84","37.47"
"65","000","00","003","0302","0000","4229","3310","919","332","4561","8034","0","56.77","41.2"
"65","000","00","003","0302","1282","876","639","237","81","957","1788","0","53.52","35.74"
"65","000","00","003","0302","1283","907","700","207","73","980","1793","0","54.66","39.04"
"65","000","00","003","0302","1284","711","560","151","71","782","1352","0","57.84","41.42"
"65","000","00","003","0302","1285","963","795","168","62","1025","1813","0","56.54","43.85"
"65","000","00","003","0302","1286","772","616","156","45","817","1288","0","63.43","47.83"
"65","000","00","003","0303","0000","1921","1469","452","108","2029","3829","0","52.99","38.37"
"65","000","00","003","0303","1287","607","466","141","47","654","1186","0","55.14","39.29"
"65","000","00","003","0303","1288","598","432","166","13","611","1237","0","49.39","34.92"
"65","000","00","003","0303","1289","716","571","145","48","764","1406","0","54.34","40.61"
"65","000","00","003","0304","0000","2036","1551","485","184","2220","3774","0","58.82","41.1"
"65","000","00","003","0304","1290","732","573","159","69","801","1442","0","55.55","39.74"
"65","000","00","003","0304","1291","579","434","145","55","634","1040","0","60.96","41.73"
"65","000","00","003","0304","1292","725","544","181","60","785","1292","0","60.76","42.11"
"65","000","00","003","0305","0000","1810","1391","419","188","1998","3600","0","55.5","38.64"
"65","000","00","003","0305","1293","911","706","205","70","981","1811","0","54.17","38.98"
"65","000","00","003","0305","1294","899","685","214","118","1017","1789","0","56.85","38.29"
"65","000","00","003","0306","0000","1759","1423","336","150","1909","3177","0","60.09","44.79"
"65","000","00","003","0306","1295","477","400","77","43","520","859","0","60.54","46.57"
"65","000","00","003","0306","1296","588","492","96","36","624","972","0","64.2","50.62"
"65","000","00","003","0306","1297","694","531","163","71","765","1346","0","56.84","39.45"
"65","000","00","003","0307","0000","1262","1015","247","71","1333","2157","0","61.8","47.06"
"65","000","00","003","0307","1235","610","476","134","32","642","1019","0","63.0","46.71"
"65","000","00","003","0307","1236","652","539","113","39","691","1138","0","60.72","47.36"
"65","000","00","003","0308","0000","2925","2324","601","181","3106","5702","0","54.47","40.76"
"65","000","00","003","0308","1237","907","723","184","45","952","1878","0","50.69","38.5"
"65","000","00","003","0308","1238","1073","886","187","54","1127","1980","0","56.92","44.75"
"65","000","00","003","0308","1239","945","715","230","82","1027","1844","0","55.69","38.77"
"65","000","00","003","0309","0000","2755","2144","611","159","2914","5344","0","54.53","40.12"
"65","000","00","003","0309","1240","1080","858","222","53","1133","2085","0","54.34","41.15"
"65","000","00","003","0309","1241","769","599","170","64","833","1498","0","55.61","39.99"
"65","000","00","003","0309","1242","906","687","219","42","948","1761","0","53.83","39.01"
"65","000","00","003","0310","0000","1712","1329","383","130","1842","3294","0","55.92","40.35"
"65","000","00","003","0310","1248","870","645","225","73","943","1712","0","55.08","37.68"
"65","000","00","003","0310","1249","842","684","158","57","899","1582","0","56.83","43.24"
"65","000","00","003","0311","0000","1754","1359","395","127","1881","3235","0","58.15","42.01"
"65","000","00","003","0311","1250","898","695","203","67","965","1742","0","55.4","39.9"
"65","000","00","003","0311","1251","856","664","192","60","916","1493","0","61.35","44.47"
"65","000","00","003","0312","0000","2101","1643","458","164","2265","3990","0","56.77","41.18"
"65","000","00","003","0312","1252","648","497","151","53","701","1352","0","51.85","36.76"
"65","000","00","003","0312","1253","689","565","124","44","733","1244","0","58.92","45.42"
"65","000","00","003","0312","1254","764","581","183","67","831","1394","0","59.61","41.68"
"65","000","00","003","0313","0000","1664","1253","411","131","1795","3747","0","47.9","33.44"
"65","000","00","003","0313","1255","805","606","199","35","840","1917","0","43.82","31.61"
"65","000","00","003","0313","1256","859","647","212","96","955","1830","0","52.19","35.36"
"65","000","00","003","0314","0000","1919","1452","467","168","2087","3892","0","53.62","37.31"
"65","000","00","003","0314","1257","600","449","151","60","660","1124","0","58.72","39.95"
"65","000","00","003","0314","1258","643","488","155","48","691","1412","0","48.94","34.56"
"65","000","00","003","0314","1259","676","515","161","60","736","1356","0","54.28","37.98"
"65","000","00","003","0315","0000","2034","1575","459","200","2234","3940","0","56.7","39.97"
"65","000","00","003","0315","1260","698","549","149","50","748","1425","0","52.49","38.53"
"65","000","00","003","0315","1261","680","529","151","80","760","1259","0","60.37","42.02"
"65","000","00","003","0315","1262","656","497","159","70","726","1256","0","57.8","39.57"
"65","000","00","003","0316","0000","2253","1733","520","191","2444","4502","0","54.29","38.49"
"65","000","00","003","0316","1263","740","578","162","54","794","1423","0","55.8","40.62"
"65","000","00","003","0316","1264","655","513","142","60","715","1221","0","58.56","42.01"
"65","000","00","003","0316","1265","858","642","216","77","935","1858","0","50.32","34.55"
"65","000","00","003","0317","0000","2528","1930","598","164","2692","4958","0","54.3","38.93"
"65","000","00","003","0317","1266","867","673","194","61","928","1804","0","51.44","37.31"
"65","000","00","003","0317","1267","881","650","231","47","928","1669","0","55.6","38.95"
"65","000","00","003","0317","1268","780","607","173","56","836","1485","0","56.3","40.88"
"65","000","00","003","0318","0000","1870","1456","414","180","2050","3351","0","61.18","43.45"
"65","000","00","003","0318","1269","546","420","126","60","606","1005","0","60.3","41.79"
"65","000","00","003","0318","1270","691","536","155","63","754","1175","0","64.17","45.62"
"65","000","00","003","0318","1271","633","500","133","57","690","1171","0","58.92","42.7"
"65","000","00","003","0319","0000","2128","1661","467","134","2262","4413","0","51.26","37.64"
"65","000","00","003","0319","1272","824","646","178","32","856","1746","0","49.03","37.0"
"65","000","00","003","0319","1273","730","564","166","46","776","1555","0","49.9","36.27"
"65","000","00","003","0319","1274","574","451","123","56","630","1112","0","56.65","40.56"
"65","000","00","003","0320","0000","1668","1304","364","93","1761","3286","0","53.59","39.68"
"65","000","00","003","0320","1434","748","570","178","44","792","1462","0","54.17","38.99"
"65","000","00","003","0320","1435","920","734","186","49","969","1824","0","53.13","40.24"
"65","000","00","003","0321","0000","1502","1158","344","115","1617","2823","0","57.28","41.02"
"65","000","00","003","0321","1436","712","530","182","66","778","1389","0","56.01","38.16"
"65","000","00","003","0321","1437","790","628","162","49","839","1434","0","58.51","43.79"
"65","000","00","003","0322","0000","2726","2223","503","155","2881","5350","0","53.85","41.55"
"65","000","00","003","0322","1440","916","764","152","44","960","1858","0","51.67","41.12"
"65","000","00","003","0322","1441","910","737","173","38","948","1801","0","52.64","40.92"
"65","000","00","003","0322","1442","900","722","178","73","973","1691","0","57.54","42.7"
"65","000","00","003","0323","0000","2263","1825","438","126","2389","3948","0","60.51","46.23"
"65","000","00","003","0323","1443","751","597","154","52","803","1363","0","58.91","43.8"
"65","000","00","003","0323","1444","710","579","131","39","749","1220","0","61.39","47.46"
"65","000","00","003","0323","1445","802","649","153","35","837","1365","0","61.32","47.55"
"65","000","00","003","0324","0000","1689","1419","270","124","1813","3205","0","56.57","44.27"
"65","000","00","003","0324","1446","634","606","28","32","666","1178","0","56.54","51.44"
"65","000","00","003","0324","1447","468","359","109","36","504","830","0","60.72","43.25"
"65","000","00","003","0324","1448","587","454","133","56","643","1197","0","53.72","37.93"
"65","000","00","003","0325","0000","3670","2906","764","184","3854","7168","0","53.77","40.54"
"65","000","00","003","0325","1275","993","781","212","56","1049","1780","0","58.93","43.88"
"65","000","00","003","0325","1276","993","781","212","47","1040","1918","0","54.22","40.72"
"65","000","00","003","0325","1277","726","575","151","42","768","1689","0","45.47","34.04"
"65","000","00","003","0325","1278","958","769","189","39","997","1781","0","55.98","43.18"
"65","000","00","003","0326","0000","2483","1896","587","162","2645","4567","0","57.92","41.52"
"65","000","00","003","0326","1279","735","555","180","56","791","1419","0","55.74","39.11"
"65","000","00","003","0326","1280","680","515","165","42","722","1344","0","53.72","38.32"
"65","000","00","003","0326","1281","1068","826","242","64","1132","1804","0","62.75","45.79"
"65","000","00","003","0327","0000","2290","1796","494","162","2452","4082","0","60.07","44.0"
"65","000","00","003","0327","1449","748","571","177","52","800","1369","0","58.44","41.71"
"65","000","00","003","0327","1450","741","574","167","52","793","1336","0","59.36","42.96"
"65","000","00","003","0327","1451","801","651","150","58","859","1377","0","62.38","47.28"
"65","000","00","003","0328","0000","1731","1366","365","117","1848","3188","0","57.97","42.85"
"65","000","00","003","0328","1452","818","634","184","63","881","1499","0","58.77","42.29"
"65","000","00","003","0328","1453","913","732","181","54","967","1689","0","57.25","43.34"
"65","000","00","003","0329","0000","2241","1720","521","174","2415","4314","0","55.98","39.87"
"65","000","00","003","0329","1456","837","634","203","68","905","1545","0","58.58","41.04"
"65","000","00","003","0329","1457","668","506","162","65","733","1326","0","55.28","38.16"
"65","000","00","003","0329","1458","736","580","156","41","777","1443","0","53.85","40.19"
"65","000","00","003","0330","0000","3101","2485","616","152","3253","5694","0","57.13","43.64"
"65","000","00","003","0330","1459","896","735","161","36","932","1712","0","54.44","42.93"
"65","000","00","003","0330","1460","977","785","192","66","1043","1916","0","54.44","40.97"
"65","000","00","003","0330","1461","502","383","119","39","541","863","0","62.69","44.38"
"65","000","00","003","0330","1462","726","582","144","11","737","1203","0","61.26","48.38"
"65","000","00","003","0331","0000","2248","1825","423","116","2364","4490","0","52.65","40.65"
"65","000","00","003","0331","1463","782","632","150","19","801","1483","0","54.01","42.62"
"65","000","00","003","0331","1464","803","663","140","36","839","1575","0","53.27","42.1"
"65","000","00","003","0331","1465","663","530","133","61","724","1432","0","50.56","37.01"
"65","000","00","003","0332","0000","2220","1774","446","152","2372","4073","0","58.24","43.56"
"65","000","00","003","0332","1466","745","595","150","63","808","1441","0","56.07","41.29"
"65","000","00","003","0332","1467","701","549","152","55","756","1269","0","59.57","43.26"
"65","000","00","003","0332","1468","774","630","144","34","808","1363","0","59.28","46.22"
"65","000","00","003","0333","0000","1568","1246","322","98","1666","2973","0","56.04","41.91"
"65","000","00","003","0333","1474","780","617","163","44","824","1526","0","54.0","40.43"
"65","000","00","003","0333","1475","788","629","159","54","842","1447","0","58.19","43.47"
"65","000","00","003","0334","0000","1430","1179","251","219","1649","2757","0","59.81","42.76"
"65","000","00","003","0334","1305","684","533","151","61","745","1319","0","56.48","40.41"
"65","000","00","003","0334","1306","746","646","100","158","904","1438","0","62.87","44.92"
"65","000","00","003","0335","0000","3160","2545","615","176","3336","6396","0","52.16","39.79"
"65","000","00","003","0335","1307","879","715","164","34","913","1808","0","50.5","39.55"
"65","000","00","003","0335","1308","581","482","99","24","605","1191","0","50.8","40.47"
"65","000","00","003","0335","1309","840","652","188","70","910","1632","0","55.76","39.95"
"65","000","00","003","0335","1310","860","696","164","48","908","1765","0","51.44","39.43"
"65","000","00","003","0336","0000","2184","1840","344","135","2319","3909","0","59.32","47.07"
"65","000","00","003","0336","1311","656","560","96","44","700","1168","0","59.93","47.95"
"65","000","00","003","0336","1312","607","504","103","30","637","1176","0","54.17","42.86"
"65","000","00","003","0336","1313","921","776","145","61","982","1565","0","62.75","49.58"
"65","000","00","003","0337","0000","2277","1821","456","128","2405","4512","0","53.3","40.36"
"65","000","00","003","0337","1314","761","609","152","48","809","1578","0","51.27","38.59"
"65","000","00","003","0337","1315","1036","848","188","38","1074","2029","0","52.93","41.79"
"65","000","00","003","0337","1316","480","364","116","42","522","905","0","57.68","40.22"
"65","000","00","003","0338","0000","2150","1686","464","224","2374","4293","0","55.3","39.27"
"65","000","00","003","0338","1317","396","313","83","46","442","839","0","52.68","37.31"
"65","000","00","003","0338","1318","398","308","90","38","436","762","0","57.22","40.42"
"65","000","00","003","0338","1319","725","573","152","76","801","1420","0","56.41","40.35"
"65","000","00","003","0338","1320","631","492","139","64","695","1272","0","54.64","38.68"
"65","000","00","003","0339","0000","1872","1517","355","124","1996","3755","0","53.16","40.4"
"65","000","00","003","0339","1321","966","776","190","70","1036","1976","0","52.43","39.27"
"65","000","00","003","0339","1322","906","741","165","54","960","1779","0","53.96","41.65"
"65","000","00","003","0340","0000","1387","1136","251","122","1509","2870","0","52.58","39.58"
"65","000","00","003","0340","1325","642","544","98","53","695","1369","0","50.77","39.74"
"65","000","00","003","0340","1326","745","592","153","69","814","1501","0","54.23","39.44"
"65","000","00","003","0341","0000","177","138","39","21","198","321","0","61.68","42.99"
"65","000","00","003","0341","1329","177","138","39","21","198","321","0","61.68","42.99"
"65","000","00","003","0342","0000","2272","1814","458","206","2478","4556","0","54.39","39.82"
"65","000","00","003","0342","1330","712","574","138","71","783","1474","0","53.12","38.94"
"65","000","00","003","0342","1331","761","617","144","76","837","1461","0","57.29","42.23"
"65","000","00","003","0342","1332","799","623","176","59","858","1621","0","52.93","38.43"
"65","000","00","003","0343","0000","1151","843","308","114","1265","2102","0","60.18","40.1"
"65","000","00","003","0343","1333","751","547","204","68","819","1327","0","61.72","41.22"
"65","000","00","003","0343","1334","400","296","104","46","446","775","0","57.55","38.19"
"65","000","00","003","0344","0000","1957","1504","453","108","2065","6749","0","30.6","22.28"
"65","000","00","003","0344","1337","711","542","169","39","750","4411","0","17.0","12.29"
"65","000","00","003","0344","1338","639","495","144","25","664","1212","0","54.79","40.84"
"65","000","00","003","0344","1339","607","467","140","44","651","1126","0","57.82","41.47"
"65","000","00","003","0345","0000","1882","1425","457","129","2011","4522","0","44.47","31.51"
"65","000","00","003","0345","1346","693","562","131","50","743","1627","0","45.67","34.54"
"65","000","00","003","0345","1347","509","332","177","45","554","1503","0","36.86","22.09"
"65","000","00","003","0345","1348","680","531","149","34","714","1392","0","51.29","38.15"
"65","000","00","003","0346","0000","2068","1624","444","134","2202","3898","0","56.49","41.66"
"65","000","00","003","0346","1349","592","472","120","42","634","1067","0","59.42","44.24"
"65","000","00","003","0346","1350","806","622","184","55","861","1623","0","53.05","38.32"
"65","000","00","003","0346","1351","670","530","140","37","707","1208","0","58.53","43.87"
"65","000","00","003","0347","0000","2248","1812","436","159","2407","4870","0","49.43","37.21"
"65","000","00","003","0347","1352","829","645","184","55","884","1991","0","44.4","32.4"
"65","000","00","003","0347","1353","841","700","141","59","900","1932","0","46.58","36.23"
"65","000","00","003","0347","1354","578","467","111","45","623","947","0","65.79","49.31"
"65","000","00","003","0348","0000","1604","1267","337","133","1737","3234","0","53.71","39.18"
"65","000","00","003","0348","1355","882","688","194","71","953","1660","0","57.41","41.45"
"65","000","00","003","0348","1356","722","579","143","62","784","1574","0","49.81","36.79"
"65","000","00","003","0349","0000","2451","1936","515","235","2686","5146","0","52.2","37.62"
"65","000","00","003","0349","1357","1018","807","211","73","1091","2136","0","51.08","37.78"
"65","000","00","003","0349","1358","698","531","167","83","781","1462","0","53.42","36.32"
"65","000","00","003","0349","1359","735","598","137","79","814","1548","0","52.58","38.63"
"65","000","00","003","0350","0000","2417","1924","493","199","2616","4228","0","61.87","45.51"
"65","000","00","003","0350","1360","435","352","83","22","457","692","0","66.04","50.87"
"65","000","00","003","0350","1361","702","583","119","63","765","1221","0","62.65","47.75"
"65","000","00","003","0350","1362","726","543","183","64","790","1331","0","59.35","40.8"
"65","000","00","003","0350","1363","554","446","108","50","604","984","0","61.38","45.33"
"65","000","00","003","0351","0000","1503","1186","317","121","1624","3150","0","51.56","37.65"
"65","000","00","003","0351","1364","879","695","184","70","949","1871","0","50.72","37.15"
"65","000","00","003","0351","1365","624","491","133","51","675","1279","0","52.78","38.39"
"65","000","00","003","0352","0000","2609","2036","573","157","2766","4826","0","57.31","42.19"
"65","000","00","003","0352","1366","877","666","211","53","930","1629","0","57.09","40.88"
"65","000","00","003","0352","1367","800","637","163","38","838","1482","0","56.55","42.98"
"65","000","00","003","0352","1368","932","733","199","66","998","1715","0","58.19","42.74"
"65","000","00","003","0353","0000","1021","812","209","74","1095","1952","0","56.1","41.6"
"65","000","00","003","0353","1369","1021","812","209","74","1095","1952","0","56.1","41.6"
"65","000","00","003","0354","0000","370","286","84","38","408","686","0","59.48","41.69"
"65","000","00","003","0354","1370","370","286","84","38","408","686","0","59.48","41.69"
"65","000","00","003","0355","0000","3954","3090","864","197","4151","7264","0","57.14","42.54"
"65","000","00","003","0355","1371","712","521","191","36","748","1577","0","47.43","33.04"
"65","000","00","003","0355","1372","632","502","130","38","670","1158","0","57.86","43.35"
"65","000","00","003","0355","1373","714","572","142","20","734","1195","0","61.42","47.87"
"65","000","00","003","0355","1374","635","498","137","37","672","1054","0","63.76","47.25"
"65","000","00","003","0355","1375","365","280","85","26","391","612","0","63.89","45.75"
"65","000","00","003","0355","1376","896","717","179","40","936","1668","0","56.12","42.99"
"65","000","00","003","0356","0000","1342","996","346","140","1482","2240","0","66.16","44.46"
"65","000","00","003","0356","1377","610","458","152","75","685","1071","0","63.96","42.76"
"65","000","00","003","0356","1378","732","538","194","65","797","1169","0","68.18","46.02"
"65","000","00","003","0357","0000","2667","2103","564","174","2841","5558","0","51.12","37.84"
"65","000","00","003","0357","1379","695","535","160","45","740","1370","0","54.01","39.05"
"65","000","00","003","0357","1380","854","668","186","92","946","1574","0","60.1","42.44"
"65","000","00","003","0357","1381","1118","900","218","37","1155","2614","0","44.19","34.43"
"65","000","00","003","0358","0000","1355","1010","345","119","1474","2518","0","58.54","40.11"
"65","000","00","003","0358","1382","817","615","202","46","863","1477","0","58.43","41.64"
"65","000","00","003","0358","1383","538","395","143","73","611","1041","0","58.69","37.94"
"65","000","00","003","0359","0000","2487","1928","559","208","2695","4723","0","57.06","40.82"
"65","000","00","003","0359","1384","827","683","144","62","889","1538","0","57.8","44.41"
"65","000","00","003","0359","1385","778","574","204","60","838","1599","0","52.41","35.9"
"65","000","00","003","0359","1386","882","671","211","86","968","1586","0","61.03","42.31"
"65","000","00","003","0360","0000","2002","1503","499","182","2184","3580","0","61.01","41.98"
"65","000","00","003","0360","1387","953","698","255","96","1049","1726","0","60.78","40.44"
"65","000","00","003","0360","1388","1049","805","244","86","1135","1854","0","61.22","43.42"
"65","000","00","003","0361","0000","2474","1894","580","190","2664","4390","0","60.68","43.14"
"65","000","00","003","0361","1389","840","631","209","64","904","1472","0","61.41","42.87"
"65","000","00","003","0361","1390","796","607","189","71","867","1430","0","60.63","42.45"
"65","000","00","003","0361","1391","838","656","182","55","893","1488","0","60.01","44.09"
"65","000","00","003","0362","0000","2080","1569","511","201","2281","4066","0","56.1","38.59"
"65","000","00","003","0362","1392","633","482","151","42","675","1251","0","53.96","38.53"
"65","000","00","003","0362","1393","805","611","194","59","864","1487","0","58.1","41.09"
"65","000","00","003","0362","1394","642","476","166","100","742","1328","0","55.87","35.84"
"65","000","00","003","0363","0000","1260","1002","258","95","1355","2136","0","63.44","46.91"
"65","000","00","003","0363","1395","641","511","130","55","696","1128","0","61.7","45.3"
"65","000","00","003","0363","1396","619","491","128","40","659","1008","0","65.38","48.71"
"65","000","00","003","0364","0000","2095","1609","486","112","2207","4005","0","55.11","40.17"
"65","000","00","003","0364","1397","977","734","243","41","1018","1786","0","57.0","41.1"
"65","000","00","003","0364","1398","1118","875","243","71","1189","2219","0","53.58","39.43"
"65","000","00","003","0365","0000","1288","968","320","69","1357","2817","0","48.17","34.36"
"65","000","00","003","0365","1399","631","466","165","44","675","1322","0","51.06","35.25"
"65","000","00","003","0365","1400","657","502","155","25","682","1495","0","45.62","33.58"
"65","000","00","003","0366","0000","2279","1745","534","198","2477","4456","0","55.59","39.16"
"65","000","00","003","0366","1401","704","529","175","60","764","1414","0","54.03","37.41"
"65","000","00","003","0366","1402","883","680","203","78","961","1681","0","57.17","40.45"
"65","000","00","003","0366","1403","692","536","156","60","752","1361","0","55.25","39.38"
"65","000","00","003","0367","0000","2107","1640","467","127","2234","4089","0","54.63","40.11"
"65","000","00","003","0367","1404","742","586","156","58","800","1442","0","55.48","40.64"
"65","000","00","003","0367","1405","676","501","175","30","706","1383","0","51.05","36.23"
"65","000","00","003","0367","1406","689","553","136","39","728","1264","0","57.59","43.75"
"65","000","00","003","0368","0000","1842","1377","465","170","2012","3761","0","53.5","36.61"
"65","000","00","003","0368","1407","949","707","242","118","1067","1810","0","58.95","39.06"
"65","000","00","003","0368","1408","893","670","223","52","945","1951","0","48.44","34.34"
"65","000","00","003","0369","0000","1769","1423","346","154","1923","3527","0","54.52","40.35"
"65","000","00","003","0369","1409","719","598","121","52","771","1582","0","48.74","37.8"
"65","000","00","003","0369","1410","1050","825","225","102","1152","1945","0","59.23","42.42"
"65","000","00","003","0370","0000","2133","1754","379","116","2249","3950","0","56.94","44.41"
"65","000","00","003","0370","1411","739","605","134","59","798","1390","0","57.41","43.53"
"65","000","00","003","0370","1412","629","475","154","21","650","1161","0","55.99","40.91"
"65","000","00","003","0370","1413","765","674","91","36","801","1399","0","57.26","48.18"
"65","000","00","003","0371","0000","1831","1426","405","131","1962","3453","0","56.82","41.3"
"65","000","00","003","0371","1414","545","399","146","33","578","1070","0","54.02","37.29"
"65","000","00","003","0371","1415","590","460","130","29","619","1169","0","52.95","39.35"
"65","000","00","003","0371","1416","696","567","129","69","765","1214","0","63.01","46.71"
"65","000","00","003","0372","0000","1901","1557","344","116","2017","3371","0","59.83","46.19"
"65","000","00","003","0372","1471","597","489","108","46","643","1150","0","55.91","42.52"
"65","000","00","003","0372","1472","684","562","122","29","713","1154","0","61.79","48.7"
"65","000","00","003","0372","1473","620","506","114","41","661","1067","0","61.95","47.42"
"65","000","00","003","0373","0000","2880","2243","637","132","3012","5742","0","52.46","39.06"
"65","000","00","003","0373","1245","934","738","196","35","969","1789","0","54.16","41.25"
"65","000","00","003","0373","1246","1044","831","213","46","1090","2000","0","54.5","41.55"
"65","000","00","003","0373","1247","902","674","228","51","953","1953","0","48.8","34.51"
"65","000","00","003","0374","0000","913","742","171","57","970","1712","0","56.66","43.34"
"65","000","00","003","0374","1433","913","742","171","57","970","1712","0","56.66","43.34"
"65","000","00","003","0375","0000","1993","1574","419","153","2146","3955","0","54.26","39.8"
"65","000","00","003","0375","1438","966","795","171","70","1036","1953","0","53.05","40.71"
"65","000","00","003","0375","1439","1027","779","248","83","1110","2002","0","55.44","38.91"
"65","000","00","003","0376","0000","1352","1044","308","115","1467","2402","0","61.07","43.46"
"65","000","00","003","0376","1454","731","561","170","61","792","1323","0","59.86","42.4"
"65","000","00","003","0376","1455","621","483","138","54","675","1079","0","62.56","44.76"
"65","000","00","003","0377","0000","1165","930","235","66","1231","2260","0","54.47","41.15"
"65","000","00","003","0377","1469","585","496","89","38","623","1089","0","57.21","45.55"
"65","000","00","003","0377","1470","580","434","146","28","608","1171","0","51.92","37.06"
"65","000","00","003","0378","0000","1318","1053","265","98","1416","2828","0","50.07","37.23"
"65","000","00","003","0378","1323","651","521","130","64","715","1454","0","49.17","35.83"
"65","000","00","003","0378","1324","667","532","135","34","701","1374","0","51.02","38.72"
"65","000","00","003","0379","0000","1113","858","255","133","1246","1970","0","63.25","43.55"
"65","000","00","003","0379","1327","530","409","121","68","598","920","0","65.0","44.46"
"65","000","00","003","0379","1328","583","449","134","65","648","1050","0","61.71","42.76"
"65","000","00","003","0380","0000","1820","1424","396","131","1951","3817","0","51.11","37.31"
"65","000","00","003","0380","1335","915","705","210","48","963","1916","0","50.26","36.8"
"65","000","00","003","0380","1336","905","719","186","83","988","1901","0","51.97","37.82"
"65","000","00","003","0381","0000","3136","2485","651","186","3322","5946","0","55.87","41.79"
"65","000","00","003","0381","1340","742","591","151","33","775","1507","0","51.43","39.22"
"65","000","00","003","0381","1341","795","645","150","24","819","1519","0","53.92","42.46"
"65","000","00","003","0381","1342","801","617","184","45","846","1467","0","57.67","42.06"
"65","000","00","003","0381","1343","798","632","166","84","882","1453","0","60.7","43.5"
"65","000","00","003","0382","0000","1438","1173","265","121","1559","2666","0","58.48","44.0"
"65","000","00","003","0382","1344","766","613","153","64","830","1364","0","60.85","44.94"
"65","000","00","003","0382","1345","672","560","112","57","729","1302","0","55.99","43.01"
"65","000","00","003","0383","0000","1293","1007","286","104","1397","2421","0","57.7","41.59"
"65","000","00","003","0383","1298","555","423","132","48","603","1034","0","58.32","40.91"
"65","000","00","003","0383","1299","738","584","154","56","794","1387","0","57.25","42.11"
"65","000","00","003","0384","0000","1804","1388","416","170","1974","3737","0","52.82","37.14"
"65","000","00","003","0384","1300","1067","836","231","102","1169","2067","0","56.56","40.45"
"65","000","00","003","0384","1301","737","552","185","68","805","1670","0","48.2","33.05"
"65","000","00","003","0385","0000","2081","1516","565","150","2231","3771","0","59.16","40.2"
"65","000","00","003","0385","1417","759","607","152","65","824","1398","0","58.94","43.42"
"65","000","00","003","0385","1418","565","439","126","38","603","1049","0","57.48","41.85"
"65","000","00","003","0385","1419","757","470","287","47","804","1324","0","60.73","35.5"
"65","000","00","003","0386","0000","1591","1238","353","98","1689","3474","0","48.62","35.64"
"65","000","00","003","0386","1420","777","611","166","37","814","1765","0","46.12","34.62"
"65","000","00","003","0386","1421","814","627","187","61","875","1709","0","51.2","36.69"
"65","000","00","003","0387","0000","1340","1033","307","127","1467","2504","0","58.59","41.25"
"65","000","00","003","0387","1422","622","480","142","73","695","1186","0","58.6","40.47"
"65","000","00","003","0387","1423","718","553","165","54","772","1318","0","58.57","41.96"
"65","000","00","003","0388","0000","1456","1109","347","111","1567","3067","0","51.09","36.16"
"65","000","00","003","0388","1424","789","595","194","50","839","1430","0","58.67","41.61"
"65","000","00","003","0388","1425","667","514","153","61","728","1637","0","44.47","31.4"
"65","000","00","003","0389","0000","2048","1535","513","176","2224","3894","0","57.11","39.42"
"65","000","00","003","0389","1426","657","487","170","61","718","1283","0","55.96","37.96"
"65","000","00","003","0389","1427","680","492","188","57","737","1310","0","56.26","37.56"
"65","000","00","003","0389","1428","711","556","155","58","769","1301","0","59.11","42.74"
"65","000","00","003","0390","0000","1621","1228","393","119","1740","3065","0","56.77","40.07"
"65","000","00","003","0390","1429","893","672","221","71","964","1681","0","57.35","39.98"
"65","000","00","003","0390","1430","728","556","172","48","776","1384","0","56.07","40.17"
"65","000","00","003","0391","0000","1392","1058","334","73","1465","2966","0","49.39","35.67"
"65","000","00","003","0391","1431","621","469","152","65","686","1187","0","57.79","39.51"
"65","000","00","003","0391","1432","771","589","182","8","779","1779","0","43.79","33.11"
"65","000","00","003","0392","0000","1641","1277","364","159","1800","3199","0","56.27","39.92"
"65","000","00","003","0392","1302","591","454","137","67","658","1166","0","56.43","38.94"
"65","000","00","003","0392","1303","530","406","124","45","575","963","0","59.71","42.16"
"65","000","00","003","0392","1304","520","417","103","47","567","1070","0","52.99","38.97"
"65","000","00","003","0393","0000","1366","1070","296","83","1449","2597","0","55.8","41.2"
"65","000","00","003","0393","1243","629","474","155","37","666","1254","0","53.11","37.8"
"65","000","00","003","0393","1244","737","596","141","46","783","1343","0","58.3","44.38"
"65","000","00","004","0000","0000","102701","80629","22072","7080","109781","187798","221123","58.46","42.93"
"65","000","00","004","0401","0000","1468","1138","330","115","1583","3012","0","52.56","37.78"
"65","000","00","004","0401","1486","754","582","172","62","816","1568","0","52.04","37.12"
"65","000","00","004","0401","1487","714","556","158","53","767","1444","0","53.12","38.5"
"65","000","00","004","0402","0000","1380","1105","275","82","1462","2535","0","57.67","43.59"
"65","000","00","004","0402","1601","690","566","124","38","728","1189","0","61.23","47.6"
"65","000","00","004","0402","1602","690","539","151","44","734","1346","0","54.53","40.04"
"65","000","00","004","0403","0000","1602","1267","335","87","1689","4440","0","38.04","28.54"
"65","000","00","004","0403","1495","817","676","141","49","866","1598","0","54.19","42.3"
"65","000","00","004","0403","1496","785","591","194","38","823","2842","0","28.96","20.8"
"65","000","00","004","0404","0000","1602","1228","374","112","1714","2710","0","63.25","45.31"
"65","000","00","004","0404","1497","731","551","180","57","788","1261","0","62.49","43.7"
"65","000","00","004","0404","1498","871","677","194","55","926","1449","0","63.91","46.72"
"65","000","00","004","0405","0000","1340","1051","289","101","1441","2418","0","59.59","43.47"
"65","000","00","004","0405","1599","612","466","146","50","662","1155","0","57.32","40.35"
"65","000","00","004","0405","1600","728","585","143","51","779","1263","0","61.68","46.32"
"65","000","00","004","0406","0000","1670","1286","384","70","1740","3034","0","57.35","42.39"
"65","000","00","004","0406","1505","856","675","181","27","883","1566","0","56.39","43.1"
"65","000","00","004","0406","1506","814","611","203","43","857","1468","0","58.38","41.62"
"65","000","00","004","0407","0000","1469","1144","325","89","1558","2486","0","62.67","46.02"
"65","000","00","004","0407","1507","805","623","182","48","853","1305","0","65.36","47.74"
"65","000","00","004","0407","1508","664","521","143","41","705","1181","0","59.7","44.12"
"65","000","00","004","0408","0000","1342","1072","270","136","1478","2537","0","58.26","42.25"
"65","000","00","004","0408","1543","643","513","130","73","716","1234","0","58.02","41.57"
"65","000","00","004","0408","1544","699","559","140","63","762","1303","0","58.48","42.9"
"65","000","00","004","0409","0000","371","302","69","29","400","893","0","44.79","33.82"
"65","000","00","004","0409","1597","371","302","69","29","400","893","0","44.79","33.82"
"65","000","00","004","0410","0000","399","327","72","37","436","743","0","58.68","44.01"
"65","000","00","004","0410","1598","399","327","72","37","436","743","0","58.68","44.01"
"65","000","00","004","0411","0000","2204","1724","480","176","2380","4189","0","56.82","41.16"
"65","000","00","004","0411","1514","791","609","182","65","856","1488","0","57.53","40.93"
"65","000","00","004","0411","1515","730","570","160","66","796","1288","0","61.8","44.25"
"65","000","00","004","0411","1516","683","545","138","45","728","1413","0","51.52","38.57"
"65","000","00","004","0412","0000","1745","1333","412","160","1905","3289","0","57.92","40.53"
"65","000","00","004","0412","1527","920","714","206","83","1003","1798","0","55.78","39.71"
"65","000","00","004","0412","1528","825","619","206","77","902","1491","0","60.5","41.52"
"65","000","00","004","0413","0000","3541","2767","774","235","3776","6230","0","60.61","44.41"
"65","000","00","004","0413","1582","850","652","198","66","916","1598","0","57.32","40.8"
"65","000","00","004","0413","1583","915","723","192","57","972","1609","0","60.41","44.93"
"65","000","00","004","0413","1584","804","609","195","47","851","1375","0","61.89","44.29"
"65","000","00","004","0413","1585","972","783","189","65","1037","1648","0","62.92","47.51"
"65","000","00","004","0414","0000","2377","1839","538","155","2532","4535","0","55.83","40.55"
"65","000","00","004","0414","1579","844","651","193","56","900","1586","0","56.75","41.05"
"65","000","00","004","0414","1580","678","528","150","21","699","1313","0","53.24","40.21"
"65","000","00","004","0414","1581","855","660","195","78","933","1636","0","57.03","40.34"
"65","000","00","004","0415","0000","2128","1625","503","124","2252","3628","0","62.07","44.79"
"65","000","00","004","0415","1558","699","541","158","37","736","1209","0","60.88","44.75"
"65","000","00","004","0415","1559","676","515","161","31","707","1132","0","62.46","45.49"
"65","000","00","004","0415","1560","753","569","184","56","809","1287","0","62.86","44.21"
"65","000","00","004","0416","0000","2375","1905","470","130","2505","4081","0","61.38","46.68"
"65","000","00","004","0416","1520","693","564","129","49","742","1100","0","67.45","51.27"
"65","000","00","004","0416","1521","903","719","184","57","960","1545","0","62.14","46.54"
"65","000","00","004","0416","1522","779","622","157","24","803","1436","0","55.92","43.31"
"65","000","00","004","0417","0000","2166","1708","458","159","2325","3877","0","59.97","44.05"
"65","000","00","004","0417","1517","710","567","143","62","772","1329","0","58.09","42.66"
"65","000","00","004","0417","1518","844","673","171","44","888","1436","0","61.84","46.87"
"65","000","00","004","0417","1519","612","468","144","53","665","1112","0","59.8","42.09"
"65","000","00","004","0418","0000","1474","1133","341","115","1589","2704","0","58.76","41.9"
"65","000","00","004","0418","1489","683","532","151","54","737","1188","0","62.04","44.78"
"65","000","00","004","0418","1490","791","601","190","61","852","1516","0","56.2","39.64"
"65","000","00","004","0419","0000","578","425","153","45","623","1140","0","54.65","37.28"
"65","000","00","004","0419","1488","578","425","153","45","623","1140","0","54.65","37.28"
"65","000","00","004","0420","0000","2002","1571","431","169","2171","3493","0","62.15","44.98"
"65","000","00","004","0420","1523","994","797","197","83","1077","1731","0","62.22","46.04"
"65","000","00","004","0420","1524","1008","774","234","86","1094","1762","0","62.09","43.93"
"65","000","00","004","0421","0000","1298","984","314","64","1362","2617","0","52.04","37.6"
"65","000","00","004","0421","1525","698","531","167","46","744","1320","0","56.36","40.23"
"65","000","00","004","0421","1526","600","453","147","18","618","1297","0","47.65","34.93"
"65","000","00","004","0422","0000","957","738","219","64","1021","1783","0","57.26","41.39"
"65","000","00","004","0422","1606","458","367","91","21","479","879","0","54.49","41.75"
"65","000","00","004","0422","1607","499","371","128","43","542","904","0","59.96","41.04"
"65","000","00","004","0423","0000","1747","1362","385","103","1850","3314","0","55.82","41.1"
"65","000","00","004","0423","1480","913","716","197","44","957","1733","0","55.22","41.32"
"65","000","00","004","0423","1481","834","646","188","59","893","1581","0","56.48","40.86"
"65","000","00","004","0424","0000","1941","1568","373","136","2077","3452","0","60.17","45.42"
"65","000","00","004","0424","1568","1022","851","171","56","1078","1876","0","57.46","45.36"
"65","000","00","004","0424","1569","919","717","202","80","999","1576","0","63.39","45.49"
"65","000","00","004","0425","0000","1913","1486","427","93","2006","3469","0","57.83","42.84"
"65","000","00","004","0425","1570","938","720","218","58","996","1661","0","59.96","43.35"
"65","000","00","004","0425","1571","975","766","209","35","1010","1808","0","55.86","42.37"
"65","000","00","004","0426","0000","2059","1608","451","176","2235","3547","0","63.01","45.33"
"65","000","00","004","0426","1563","704","559","145","54","758","1222","0","62.03","45.74"
"65","000","00","004","0426","1564","640","503","137","69","709","1157","0","61.28","43.47"
"65","000","00","004","0426","1565","715","546","169","53","768","1168","0","65.75","46.75"
"65","000","00","004","0427","0000","1424","1084","340","124","1548","2655","0","58.31","40.83"
"65","000","00","004","0427","1566","677","511","166","71","748","1283","0","58.3","39.83"
"65","000","00","004","0427","1567","747","573","174","53","800","1372","0","58.31","41.76"
"65","000","00","004","0428","0000","1622","1282","340","100","1722","2979","0","57.8","43.03"
"65","000","00","004","0428","1610","820","654","166","41","861","1551","0","55.51","42.17"
"65","000","00","004","0428","1611","802","628","174","59","861","1428","0","60.29","43.98"
"65","000","00","004","0429","0000","1289","995","294","114","1403","2239","0","62.66","44.44"
"65","000","00","004","0429","1608","712","558","154","58","770","1221","0","63.06","45.7"
"65","000","00","004","0429","1609","577","437","140","56","633","1018","0","62.18","42.93"
"65","000","00","004","0430","0000","2206","1781","425","93","2299","3932","0","58.47","45.3"
"65","000","00","004","0430","1551","692","563","129","26","718","1210","0","59.34","46.53"
"65","000","00","004","0430","1552","883","708","175","40","923","1630","0","56.63","43.44"
"65","000","00","004","0430","1553","631","510","121","27","658","1092","0","60.26","46.7"
"65","000","00","004","0431","0000","2402","1904","498","166","2568","4196","0","61.2","45.38"
"65","000","00","004","0431","1547","582","454","128","34","616","991","0","62.16","45.81"
"65","000","00","004","0431","1548","598","478","120","43","641","1016","0","63.09","47.05"
"65","000","00","004","0431","1549","632","498","134","60","692","1146","0","60.38","43.46"
"65","000","00","004","0431","1550","590","474","116","29","619","1043","0","59.35","45.45"
"65","000","00","004","0432","0000","1263","1027","236","83","1346","2334","0","57.67","44.0"
"65","000","00","004","0432","1556","599","445","154","45","644","1049","0","61.39","42.42"
"65","000","00","004","0432","1557","664","582","82","38","702","1285","0","54.63","45.29"
"65","000","00","004","0433","0000","2277","1755","522","155","2432","4225","0","57.56","41.54"
"65","000","00","004","0433","1576","653","530","123","32","685","1177","0","58.2","45.03"
"65","000","00","004","0433","1577","843","644","199","76","919","1557","0","59.02","41.36"
"65","000","00","004","0433","1578","781","581","200","47","828","1491","0","55.53","38.97"
"65","000","00","004","0434","0000","1763","1358","405","127","1890","3434","0","55.04","39.55"
"65","000","00","004","0434","1536","885","658","227","66","951","1713","0","55.52","38.41"
"65","000","00","004","0434","1537","878","700","178","61","939","1721","0","54.56","40.67"
"65","000","00","004","0435","0000","2415","1956","459","175","2590","4177","0","62.01","46.83"
"65","000","00","004","0435","1540","794","650","144","57","851","1348","0","63.13","48.22"
"65","000","00","004","0435","1541","875","709","166","50","925","1461","0","63.31","48.53"
"65","000","00","004","0435","1542","746","597","149","68","814","1368","0","59.5","43.64"
"65","000","00","004","0436","0000","835","632","203","83","918","1554","0","59.07","40.67"
"65","000","00","004","0436","1476","835","632","203","83","918","1554","0","59.07","40.67"
"65","000","00","004","0437","0000","1189","942","247","116","1305","2107","0","61.94","44.71"
"65","000","00","004","0437","1478","494","395","99","50","544","854","0","63.7","46.25"
"65","000","00","004","0437","1479","695","547","148","66","761","1253","0","60.73","43.66"
"65","000","00","004","0438","0000","2568","2040","528","157","2725","4561","0","59.75","44.73"
"65","000","00","004","0438","1499","840","657","183","50","890","1511","0","58.9","43.48"
"65","000","00","004","0438","1500","850","682","168","64","914","1470","0","62.18","46.39"
"65","000","00","004","0438","1501","878","701","177","43","921","1580","0","58.29","44.37"
"65","000","00","004","0439","0000","2228","1799","429","122","2350","3789","0","62.02","47.48"
"65","000","00","004","0439","1502","848","679","169","59","907","1438","0","63.07","47.22"
"65","000","00","004","0439","1503","771","628","143","36","807","1305","0","61.84","48.12"
"65","000","00","004","0439","1504","609","492","117","27","636","1046","0","60.8","47.04"
"65","000","00","004","0440","0000","1580","1267","313","103","1683","2938","0","57.28","43.12"
"65","000","00","004","0440","1545","790","645","145","26","816","1516","0","53.83","42.55"
"65","000","00","004","0440","1546","790","622","168","77","867","1422","0","60.97","43.74"
"65","000","00","004","0441","0000","377","303","74","49","426","768","0","55.47","39.45"
"65","000","00","004","0441","1596","377","303","74","49","426","768","0","55.47","39.45"
"65","000","00","004","0442","0000","485","391","94","40","525","853","0","61.55","45.84"
"65","000","00","004","0442","1595","485","391","94","40","525","853","0","61.55","45.84"
"65","000","00","004","0443","0000","1028","801","227","51","1079","1898","0","56.85","42.2"
"65","000","00","004","0443","1572","1028","801","227","51","1079","1898","0","56.85","42.2"
"65","000","00","004","0444","0000","2392","1849","543","185","2577","4271","0","60.34","43.29"
"65","000","00","004","0444","1573","861","657","204","63","924","1508","0","61.27","43.57"
"65","000","00","004","0444","1574","751","589","162","69","820","1341","0","61.15","43.92"
"65","000","00","004","0444","1575","780","603","177","53","833","1422","0","58.58","42.41"
"65","000","00","004","0445","0000","1126","891","235","120","1246","2011","0","61.96","44.31"
"65","000","00","004","0445","1612","581","458","123","63","644","1044","0","61.69","43.87"
"65","000","00","004","0445","1613","545","433","112","57","602","967","0","62.25","44.78"
"65","000","00","004","0446","0000","1909","1474","435","161","2070","3545","0","58.39","41.58"
"65","000","00","004","0446","1593","1022","794","228","92","1114","1938","0","57.48","40.97"
"65","000","00","004","0446","1594","887","680","207","69","956","1607","0","59.49","42.31"
"65","000","00","004","0447","0000","2423","1877","546","196","2619","4361","0","60.06","43.04"
"65","000","00","004","0447","1511","870","697","173","100","970","1649","0","58.82","42.27"
"65","000","00","004","0447","1512","705","527","178","41","746","1206","0","61.86","43.7"
"65","000","00","004","0447","1513","848","653","195","55","903","1506","0","59.96","43.36"
"65","000","00","004","0448","0000","1517","1167","350","100","1617","2823","0","57.28","41.34"
"65","000","00","004","0448","1509","868","684","184","66","934","1720","0","54.3","39.77"
"65","000","00","004","0448","1510","649","483","166","34","683","1103","0","61.92","43.79"
"65","000","00","004","0449","0000","1901","1478","423","160","2061","3465","0","59.48","42.66"
"65","000","00","004","0449","1533","580","460","120","26","606","1115","0","54.35","41.26"
"65","000","00","004","0449","1534","657","506","151","70","727","1133","0","64.17","44.66"
"65","000","00","004","0449","1535","664","512","152","64","728","1217","0","59.82","42.07"
"65","000","00","004","0450","0000","1283","1025","258","84","1367","2331","0","58.64","43.97"
"65","000","00","004","0450","1529","676","561","115","24","700","1223","0","57.24","45.87"
"65","000","00","004","0450","1530","607","464","143","60","667","1108","0","60.2","41.88"
"65","000","00","004","0451","0000","1695","1363","332","109","1804","3104","0","58.12","43.91"
"65","000","00","004","0451","1484","917","708","209","62","979","1650","0","59.33","42.91"
"65","000","00","004","0451","1485","778","655","123","47","825","1454","0","56.74","45.05"
"65","000","00","004","0452","0000","574","466","108","22","596","1065","0","55.96","43.76"
"65","000","00","004","0452","1477","574","466","108","22","596","1065","0","55.96","43.76"
"65","000","00","004","0453","0000","1114","874","240","80","1194","2025","0","58.96","43.16"
"65","000","00","004","0453","1493","601","477","124","49","650","1084","0","59.96","44.0"
"65","000","00","004","0453","1494","513","397","116","31","544","941","0","57.81","42.19"
"65","000","00","004","0454","0000","1456","1186","270","115","1571","2835","0","55.41","41.83"
"65","000","00","004","0454","1491","715","580","135","65","780","1397","0","55.83","41.52"
"65","000","00","004","0454","1492","741","606","135","50","791","1438","0","55.01","42.14"
"65","000","00","004","0455","0000","1688","1368","320","88","1776","3298","0","53.85","41.48"
"65","000","00","004","0455","1482","884","705","179","60","944","1735","0","54.41","40.63"
"65","000","00","004","0455","1483","804","663","141","28","832","1563","0","53.23","42.42"
"65","000","00","004","0456","0000","1982","1615","367","98","2080","3653","0","56.94","44.21"
"65","000","00","004","0456","1554","1033","798","235","57","1090","1872","0","58.23","42.63"
"65","000","00","004","0456","1555","949","817","132","41","990","1781","0","55.59","45.87"
"65","000","00","004","0457","0000","1310","1017","293","79","1389","2411","0","57.61","42.18"
"65","000","00","004","0457","1603","721","564","157","52","773","1368","0","56.51","41.23"
"65","000","00","004","0457","1604","589","453","136","27","616","1043","0","59.06","43.43"
"65","000","00","004","0458","0000","962","722","240","56","1018","1709","0","59.57","42.25"
"65","000","00","004","0458","1605","962","722","240","56","1018","1709","0","59.57","42.25"
"65","000","00","004","0459","0000","1414","1098","316","112","1526","2584","0","59.06","42.49"
"65","000","00","004","0459","1538","678","510","168","72","750","1327","0","56.52","38.43"
"65","000","00","004","0459","1539","736","588","148","40","776","1257","0","61.73","46.78"
"65","000","00","004","0460","0000","1509","1154","355","123","1632","2673","0","61.05","43.17"
"65","000","00","004","0460","1531","791","606","185","69","860","1408","0","61.08","43.04"
"65","000","00","004","0460","1532","718","548","170","54","772","1265","0","61.03","43.32"
"65","000","00","004","0461","0000","1251","956","295","118","1369","2166","0","63.2","44.14"
"65","000","00","004","0461","1561","613","469","144","58","671","1068","0","62.83","43.91"
"65","000","00","004","0461","1562","638","487","151","60","698","1098","0","63.57","44.35"
"65","000","00","004","0462","0000","5096","4036","1060","254","5350","8673","0","61.69","46.54"
"65","000","00","004","0462","1586","606","464","142","42","648","1077","0","60.17","43.08"
"65","000","00","004","0462","1587","665","504","161","38","703","1157","0","60.76","43.56"
"65","000","00","004","0462","1588","810","628","182","43","853","1339","0","63.7","46.9"
"65","000","00","004","0462","1589","778","620","158","18","796","1306","0","60.95","47.47"
"65","000","00","004","0462","1590","756","611","145","27","783","1236","0","63.35","49.43"
"65","000","00","004","0462","1591","667","534","133","36","703","1133","0","62.05","47.13"
"65","000","00","004","0462","1592","814","675","139","50","864","1425","0","60.63","47.37"
"65","000","00","005","0000","0000","179079","134468","44611","15707","194786","344981","417405","56.46","38.98"
"65","000","00","005","0501","0000","2647","1917","730","284","2931","4792","0","61.16","40.0"
"65","000","00","005","0501","0302","579","411","168","81","660","1123","0","58.77","36.6"
"65","000","00","005","0501","0303","701","506","195","78","779","1278","0","60.95","39.59"
"65","000","00","005","0501","0304","670","512","158","68","738","1163","0","63.46","44.02"
"65","000","00","005","0501","0305","697","488","209","57","754","1228","0","61.4","39.74"
"65","000","00","005","0502","0000","3697","2811","886","241","3938","7166","0","54.95","39.23"
"65","000","00","005","0502","0328","643","474","169","36","679","1382","0","49.13","34.3"
"65","000","00","005","0502","0329","799","610","189","60","859","1475","0","58.24","41.36"
"65","000","00","005","0502","0330","791","609","182","31","822","1462","0","56.22","41.66"
"65","000","00","005","0502","0331","742","597","145","46","788","1426","0","55.26","41.87"
"65","000","00","005","0502","0332","722","521","201","68","790","1421","0","55.59","36.66"
"65","000","00","005","0503","0000","649","492","157","120","769","1341","0","57.35","36.69"
"65","000","00","005","0503","0449","649","492","157","120","769","1341","0","57.35","36.69"
"65","000","00","005","0504","0000","2152","1539","613","182","2334","3923","0","59.5","39.23"
"65","000","00","005","0504","0306","642","454","188","65","707","1211","0","58.38","37.49"
"65","000","00","005","0504","0307","639","439","200","61","700","1176","0","59.52","37.33"
"65","000","00","005","0504","0308","871","646","225","56","927","1536","0","60.35","42.06"
"65","000","00","005","0505","0000","2024","1561","463","144","2168","3872","0","55.99","40.32"
"65","000","00","005","0505","0333","793","609","184","63","856","1536","0","55.73","39.65"
"65","000","00","005","0505","0334","860","671","189","60","920","1587","0","57.97","42.28"
"65","000","00","005","0505","0335","371","281","90","21","392","749","0","52.34","37.52"
"65","000","00","005","0506","0000","1811","1354","457","192","2003","3313","0","60.46","40.87"
"65","000","00","005","0506","0446","592","457","135","64","656","1107","0","59.26","41.28"
"65","000","00","005","0506","0447","616","464","152","64","680","1063","0","63.97","43.65"
"65","000","00","005","0506","0448","603","433","170","64","667","1143","0","58.36","37.88"
"65","000","00","005","0507","0000","2238","1701","537","200","2438","4240","0","57.5","40.12"
"65","000","00","005","0507","0312","679","512","167","89","768","1353","0","56.76","37.84"
"65","000","00","005","0507","0313","797","588","209","76","873","1409","0","61.96","41.73"
"65","000","00","005","0507","0314","762","601","161","35","797","1478","0","53.92","40.66"
"65","000","00","005","0508","0000","2023","1474","549","255","2278","3930","0","57.96","37.51"
"65","000","00","005","0508","0383","700","503","197","81","781","1342","0","58.2","37.48"
"65","000","00","005","0508","0384","686","500","186","94","780","1341","0","58.17","37.29"
"65","000","00","005","0508","0385","637","471","166","80","717","1247","0","57.5","37.77"
"65","000","00","005","0509","0000","3270","2430","840","232","3502","6296","0","55.62","38.6"
"65","000","00","005","0509","0501","781","581","200","47","828","1539","0","53.8","37.75"
"65","000","00","005","0509","0502","837","604","233","47","884","1586","0","55.74","38.08"
"65","000","00","005","0509","0503","857","647","210","78","935","1631","0","57.33","39.67"
"65","000","00","005","0509","0504","795","598","197","60","855","1540","0","55.52","38.83"
"65","000","00","005","0510","0000","1075","765","310","110","1185","1892","0","62.63","40.43"
"65","000","00","005","0510","0315","513","366","147","62","575","921","0","62.43","39.74"
"65","000","00","005","0510","0316","562","399","163","48","610","971","0","62.82","41.09"
"65","000","00","005","0511","0000","2689","1989","700","284","2973","5088","0","58.43","39.09"
"65","000","00","005","0511","0379","648","444","204","82","730","1167","0","62.55","38.05"
"65","000","00","005","0511","0380","640","476","164","79","719","1299","0","55.35","36.64"
"65","000","00","005","0511","0381","639","486","153","59","698","1207","0","57.83","40.27"
"65","000","00","005","0511","0382","762","583","179","64","826","1415","0","58.37","41.2"
"65","000","00","005","0512","0000","1358","993","365","133","1491","2771","0","53.81","35.84"
"65","000","00","005","0512","0518","663","494","169","59","722","1371","0","52.66","36.03"
"65","000","00","005","0512","0519","695","499","196","74","769","1400","0","54.93","35.64"
"65","000","00","005","0513","0000","1619","1241","378","136","1755","3070","0","57.17","40.42"
"65","000","00","005","0513","0319","365","271","94","45","410","697","0","58.82","38.88"
"65","000","00","005","0513","0320","659","532","127","40","699","1235","0","56.6","43.08"
"65","000","00","005","0513","0321","595","438","157","51","646","1138","0","56.77","38.49"
"65","000","00","005","0514","0000","2196","1638","558","222","2418","4068","0","59.44","40.27"
"65","000","00","005","0514","0390","719","549","170","55","774","1346","0","57.5","40.79"
"65","000","00","005","0514","0391","734","524","210","84","818","1372","0","59.62","38.19"
"65","000","00","005","0514","0392","743","565","178","83","826","1350","0","61.19","41.85"
"65","000","00","005","0515","0000","5020","3835","1185","337","5357","9838","0","54.45","38.98"
"65","000","00","005","0515","0547","626","483","143","48","674","1126","0","59.86","42.9"
"65","000","00","005","0515","0548","679","506","173","41","720","1240","0","58.06","40.81"
"65","000","00","005","0515","0549","764","586","178","62","826","1460","0","56.58","40.14"
"65","000","00","005","0515","0550","555","403","152","44","599","1072","0","55.88","37.59"
"65","000","00","005","0515","0551","533","410","123","52","585","1127","0","51.91","36.38"
"65","000","00","005","0515","0552","732","573","159","41","773","1332","0","58.03","43.02"
"65","000","00","005","0515","0553","665","527","138","23","688","1341","0","51.3","39.3"
"65","000","00","005","0515","0554","466","347","119","26","492","1140","0","43.16","30.44"
"65","000","00","005","0516","0000","1291","935","356","98","1389","4462","0","31.13","20.95"
"65","000","00","005","0516","0322","517","379","138","31","548","1063","0","51.55","35.65"
"65","000","00","005","0516","0323","774","556","218","67","841","3399","0","24.74","16.36"
"65","000","00","005","0517","0000","2006","1483","523","279","2285","3947","0","57.89","37.57"
"65","000","00","005","0517","0393","643","481","162","89","732","1307","0","56.01","36.8"
"65","000","00","005","0517","0394","674","498","176","101","775","1353","0","57.28","36.81"
"65","000","00","005","0517","0395","689","504","185","89","778","1287","0","60.45","39.16"
"65","000","00","005","0518","0000","2684","1961","723","250","2934","5155","0","56.92","38.04"
"65","000","00","005","0518","0452","696","526","170","52","748","1309","0","57.14","40.18"
"65","000","00","005","0518","0453","666","475","191","59","725","1216","0","59.62","39.06"
"65","000","00","005","0518","0454","625","468","157","61","686","1278","0","53.68","36.62"
"65","000","00","005","0518","0455","697","492","205","78","775","1352","0","57.32","36.39"
"65","000","00","005","0519","0000","856","643","213","78","934","1575","0","59.3","40.83"
"65","000","00","005","0519","0324","856","643","213","78","934","1575","0","59.3","40.83"
"65","000","00","005","0520","0000","948","693","255","148","1096","1907","0","57.47","36.34"
"65","000","00","005","0520","0413","491","358","133","67","558","955","0","58.43","37.49"
"65","000","00","005","0520","0414","457","335","122","81","538","952","0","56.51","35.19"
"65","000","00","005","0521","0000","2915","2168","747","332","3247","6100","0","53.23","35.54"
"65","000","00","005","0521","0485","731","540","191","94","825","1505","0","54.82","35.88"
"65","000","00","005","0521","0486","734","532","202","88","822","1527","0","53.83","34.84"
"65","000","00","005","0521","0487","716","530","186","64","780","1482","0","52.63","35.76"
"65","000","00","005","0521","0488","734","566","168","86","820","1586","0","51.7","35.69"
"65","000","00","005","0522","0000","934","690","244","82","1016","1615","0","62.91","42.72"
"65","000","00","005","0522","0325","934","690","244","82","1016","1615","0","62.91","42.72"
"65","000","00","005","0523","0000","3011","2213","798","260","3271","5541","0","59.03","39.94"
"65","000","00","005","0523","0415","743","541","202","44","787","1412","0","55.74","38.31"
"65","000","00","005","0523","0416","749","536","213","73","822","1415","0","58.09","37.88"
"65","000","00","005","0523","0417","773","581","192","80","853","1421","0","60.03","40.89"
"65","000","00","005","0523","0418","746","555","191","63","809","1293","0","62.57","42.92"
"65","000","00","005","0524","0000","1097","817","280","132","1229","2161","0","56.87","37.81"
"65","000","00","005","0524","0491","546","403","143","63","609","1090","0","55.87","36.97"
"65","000","00","005","0524","0492","551","414","137","69","620","1071","0","57.89","38.66"
"65","000","00","005","0525","0000","2356","1758","598","235","2591","4748","0","54.57","37.03"
"65","000","00","005","0525","0371","780","578","202","89","869","1571","0","55.32","36.79"
"65","000","00","005","0525","0372","785","596","189","77","862","1594","0","54.08","37.39"
"65","000","00","005","0525","0373","791","584","207","69","860","1583","0","54.33","36.89"
"65","000","00","005","0526","0000","1190","964","226","89","1279","2027","0","63.1","47.56"
"65","000","00","005","0526","0386","604","512","92","34","638","984","0","64.84","52.03"
"65","000","00","005","0526","0387","586","452","134","55","641","1043","0","61.46","43.34"
"65","000","00","005","0527","0000","2475","1805","670","228","2703","4704","0","57.46","38.37"
"65","000","00","005","0527","0508","579","431","148","51","630","1181","0","53.34","36.49"
"65","000","00","005","0527","0509","591","416","175","70","661","1135","0","58.24","36.65"
"65","000","00","005","0527","0510","646","447","199","60","706","1173","0","60.19","38.11"
"65","000","00","005","0527","0511","659","511","148","47","706","1215","0","58.11","42.06"
"65","000","00","005","0528","0000","1150","605","545","201","1351","2406","0","56.15","25.15"
"65","000","00","005","0528","0362","545","151","394","87","632","1170","0","54.02","12.91"
"65","000","00","005","0528","0363","605","454","151","114","719","1236","0","58.17","36.73"
"65","000","00","005","0529","0000","1340","1002","338","104","1444","2320","0","62.24","43.19"
"65","000","00","005","0529","0388","712","526","186","47","759","1135","0","66.87","46.34"
"65","000","00","005","0529","0389","628","476","152","57","685","1185","0","57.81","40.17"
"65","000","00","005","0530","0000","2367","1763","604","268","2635","4728","0","55.73","37.29"
"65","000","00","005","0530","0353","840","635","205","99","939","1558","0","60.27","40.76"
"65","000","00","005","0530","0354","674","503","171","84","758","1567","0","48.37","32.1"
"65","000","00","005","0530","0355","853","625","228","85","938","1603","0","58.52","38.99"
"65","000","00","005","0531","0000","2505","1924","581","248","2753","4477","0","61.49","42.98"
"65","000","00","005","0531","0443","813","623","190","84","897","1535","0","58.44","40.59"
"65","000","00","005","0531","0444","874","662","212","71","945","1492","0","63.34","44.37"
"65","000","00","005","0531","0445","818","639","179","93","911","1450","0","62.83","44.07"
"65","000","00","005","0532","0000","2795","2173","622","234","3029","5219","0","58.04","41.64"
"65","000","00","005","0532","0523","649","485","164","81","730","1318","0","55.39","36.8"
"65","000","00","005","0532","0524","763","593","170","66","829","1411","0","58.75","42.03"
"65","000","00","005","0532","0525","695","545","150","34","729","1262","0","57.77","43.19"
"65","000","00","005","0532","0526","688","550","138","53","741","1228","0","60.34","44.79"
"65","000","00","005","0533","0000","2123","1591","532","201","2324","4251","0","54.67","37.43"
"65","000","00","005","0533","0344","618","456","162","62","680","1351","0","50.33","33.75"
"65","000","00","005","0533","0345","746","574","172","66","812","1403","0","57.88","40.91"
"65","000","00","005","0533","0346","759","561","198","73","832","1497","0","55.58","37.47"
"65","000","00","005","0534","0000","1507","1118","389","150","1657","3285","0","50.44","34.03"
"65","000","00","005","0534","0438","704","526","178","72","776","1633","0","47.52","32.21"
"65","000","00","005","0534","0439","803","592","211","78","881","1652","0","53.33","35.84"
"65","000","00","005","0535","0000","1230","911","319","144","1374","2670","0","51.46","34.12"
"65","000","00","005","0535","0529","629","472","157","75","704","1326","0","53.09","35.6"
"65","000","00","005","0535","0530","601","439","162","69","670","1344","0","49.85","32.66"
"65","000","00","005","0536","0000","1512","1075","437","164","1676","3126","0","53.61","34.39"
"65","000","00","005","0536","0326","772","548","224","80","852","1612","0","52.85","34.0"
"65","000","00","005","0536","0327","740","527","213","84","824","1514","0","54.43","34.81"
"65","000","00","005","0537","0000","1916","1401","515","153","2069","3484","0","59.39","40.21"
"65","000","00","005","0537","0400","623","459","164","80","703","1148","0","61.24","39.98"
"65","000","00","005","0537","0401","630","458","172","10","640","1201","0","53.29","38.13"
"65","000","00","005","0537","0402","663","484","179","63","726","1135","0","63.96","42.64"
"65","000","00","005","0538","0000","3102","2379","723","277","3379","6209","0","54.42","38.32"
"65","000","00","005","0538","0542","622","480","142","36","658","1245","0","52.85","38.55"
"65","000","00","005","0538","0543","588","442","146","53","641","1212","0","52.89","36.47"
"65","000","00","005","0538","0544","598","451","147","85","683","1253","0","54.51","35.99"
"65","000","00","005","0538","0545","609","461","148","66","675","1272","0","53.07","36.24"
"65","000","00","005","0538","0546","685","545","140","37","722","1227","0","58.84","44.42"
"65","000","00","005","0539","0000","2036","1543","493","184","2220","3713","0","59.79","41.56"
"65","000","00","005","0539","0374","687","532","155","65","752","1245","0","60.4","42.73"
"65","000","00","005","0539","0375","621","452","169","53","674","1203","0","56.03","37.57"
"65","000","00","005","0539","0376","728","559","169","66","794","1265","0","62.77","44.19"
"65","000","00","005","0540","0000","1100","803","297","81","1181","1990","0","59.35","40.35"
"65","000","00","005","0540","0458","439","330","109","27","466","881","0","52.89","37.46"
"65","000","00","005","0540","0459","661","473","188","54","715","1109","0","64.47","42.65"
"65","000","00","005","0541","0000","2001","1558","443","150","2151","3833","0","56.12","40.65"
"65","000","00","005","0541","0537","673","539","134","31","704","1301","0","54.11","41.43"
"65","000","00","005","0541","0538","656","515","141","67","723","1262","0","57.29","40.81"
"65","000","00","005","0541","0539","672","504","168","52","724","1270","0","57.01","39.69"
"65","000","00","005","0542","0000","1154","872","282","94","1248","2442","0","51.11","35.71"
"65","000","00","005","0542","0369","578","435","143","55","633","1225","0","51.67","35.51"
"65","000","00","005","0542","0370","576","437","139","39","615","1217","0","50.53","35.91"
"65","000","00","005","0543","0000","3788","2915","873","276","4064","7475","0","54.37","39.0"
"65","000","00","005","0543","0460","658","492","166","58","716","1291","0","55.46","38.11"
"65","000","00","005","0543","0461","646","507","139","34","680","1293","0","52.59","39.21"
"65","000","00","005","0543","0462","716","519","197","71","787","1336","0","58.91","38.85"
"65","000","00","005","0543","0463","687","536","151","54","741","1384","0","53.54","38.73"
"65","000","00","005","0543","0464","585","476","109","24","609","1231","0","49.47","38.67"
"65","000","00","005","0543","0465","496","385","111","35","531","940","0","56.49","40.96"
"65","000","00","005","0544","0000","2159","1644","515","176","2335","4010","0","58.23","41.0"
"65","000","00","005","0544","0531","714","558","156","54","768","1355","0","56.68","41.18"
"65","000","00","005","0544","0532","684","512","172","76","760","1306","0","58.19","39.2"
"65","000","00","005","0544","0533","761","574","187","46","807","1349","0","59.82","42.55"
"65","000","00","005","0545","0000","2304","1678","626","254","2558","4756","0","53.78","35.28"
"65","000","00","005","0545","0366","858","624","234","58","916","1586","0","57.76","39.34"
"65","000","00","005","0545","0367","756","556","200","73","829","1597","0","51.91","34.82"
"65","000","00","005","0545","0368","690","498","192","123","813","1573","0","51.68","31.66"
"65","000","00","005","0546","0000","2012","1483","529","262","2274","4025","0","56.5","36.84"
"65","000","00","005","0546","0466","663","486","177","102","765","1369","0","55.88","35.5"
"65","000","00","005","0546","0467","694","506","188","77","771","1384","0","55.71","36.56"
"65","000","00","005","0546","0468","655","491","164","83","738","1272","0","58.02","38.6"
"65","000","00","005","0547","0000","1965","1468","497","215","2180","3876","0","56.24","37.87"
"65","000","00","005","0547","0347","681","507","174","91","772","1272","0","60.69","39.86"
"65","000","00","005","0547","0348","574","442","132","46","620","1269","0","48.86","34.83"
"65","000","00","005","0547","0349","710","519","191","78","788","1335","0","59.03","38.88"
"65","000","00","005","0548","0000","4800","3752","1048","341","5141","9217","0","55.78","40.71"
"65","000","00","005","0548","0471","802","630","172","25","827","1528","0","54.12","41.23"
"65","000","00","005","0548","0472","622","504","118","57","679","1244","0","54.58","40.51"
"65","000","00","005","0548","0473","665","518","147","60","725","1356","0","53.47","38.2"
"65","000","00","005","0548","0474","575","470","105","36","611","1164","0","52.49","40.38"
"65","000","00","005","0548","0475","758","592","166","82","840","1423","0","59.03","41.6"
"65","000","00","005","0548","0476","731","553","178","43","774","1250","0","61.92","44.24"
"65","000","00","005","0548","0477","647","485","162","38","685","1252","0","54.71","38.74"
"65","000","00","005","0549","0000","1108","796","312","132","1240","2200","0","56.36","36.18"
"65","000","00","005","0549","0364","519","389","130","75","594","1071","0","55.46","36.32"
"65","000","00","005","0549","0365","589","407","182","57","646","1129","0","57.22","36.05"
"65","000","00","005","0550","0000","4156","3150","1006","300","4456","7788","0","57.22","40.45"
"65","000","00","005","0550","0480","894","669","225","56","950","1646","0","57.72","40.64"
"65","000","00","005","0550","0481","772","580","192","74","846","1551","0","54.55","37.4"
"65","000","00","005","0550","0482","839","622","217","66","905","1526","0","59.31","40.76"
"65","000","00","005","0550","0483","802","616","186","50","852","1518","0","56.13","40.58"
"65","000","00","005","0550","0484","849","663","186","54","903","1547","0","58.37","42.86"
"65","000","00","005","0551","0000","1374","1029","345","127","1501","2542","0","59.05","40.48"
"65","000","00","005","0551","0377","675","510","165","75","750","1255","0","59.76","40.64"
"65","000","00","005","0551","0378","699","519","180","52","751","1287","0","58.35","40.33"
"65","000","00","005","0552","0000","2047","1522","525","187","2234","4004","0","55.79","38.01"
"65","000","00","005","0552","0435","809","591","218","80","889","1584","0","56.12","37.31"
"65","000","00","005","0552","0436","822","633","189","41","863","1602","0","53.87","39.51"
"65","000","00","005","0552","0437","416","298","118","66","482","818","0","58.92","36.43"
"65","000","00","005","0553","0000","4862","3706","1156","280","5142","9369","0","54.88","39.56"
"65","000","00","005","0553","0429","788","601","187","45","833","1641","0","50.76","36.62"
"65","000","00","005","0553","0430","797","596","201","42","839","1633","0","51.38","36.5"
"65","000","00","005","0553","0431","832","631","201","26","858","1531","0","56.04","41.21"
"65","000","00","005","0553","0432","844","646","198","61","905","1517","0","59.66","42.58"
"65","000","00","005","0553","0433","772","585","187","50","822","1487","0","55.28","39.34"
"65","000","00","005","0553","0434","829","647","182","56","885","1560","0","56.73","41.47"
"65","000","00","005","0554","0000","3734","2830","904","312","4046","7331","0","55.19","38.6"
"65","000","00","005","0554","0419","711","526","185","25","736","1475","0","49.9","35.66"
"65","000","00","005","0554","0420","735","567","168","81","816","1429","0","57.1","39.68"
"65","000","00","005","0554","0421","779","593","186","64","843","1481","0","56.92","40.04"
"65","000","00","005","0554","0422","699","524","175","93","792","1472","0","53.8","35.6"
"65","000","00","005","0554","0423","810","620","190","49","859","1474","0","58.28","42.06"
"65","000","00","005","0555","0000","1878","1374","504","227","2105","4163","0","50.56","33.01"
"65","000","00","005","0555","0505","634","448","186","64","698","1388","0","50.29","32.28"
"65","000","00","005","0555","0506","625","467","158","90","715","1388","0","51.51","33.65"
"65","000","00","005","0555","0507","619","459","160","73","692","1387","0","49.89","33.09"
"65","000","00","005","0556","0000","1237","936","301","135","1372","2241","0","61.22","41.77"
"65","000","00","005","0556","0499","619","474","145","61","680","1130","0","60.18","41.95"
"65","000","00","005","0556","0500","618","462","156","74","692","1111","0","62.29","41.58"
"65","000","00","005","0557","0000","1579","1223","356","133","1712","3276","0","52.26","37.33"
"65","000","00","005","0557","0396","657","508","149","36","693","1567","0","44.22","32.42"
"65","000","00","005","0557","0397","922","715","207","97","1019","1709","0","59.63","41.84"
"65","000","00","005","0558","0000","1474","1132","342","124","1598","3244","0","49.26","34.9"
"65","000","00","005","0558","0398","743","585","158","44","787","1616","0","48.7","36.2"
"65","000","00","005","0558","0399","731","547","184","80","811","1628","0","49.82","33.6"
"65","000","00","005","0559","0000","2186","1264","922","185","2371","4258","0","55.68","29.69"
"65","000","00","005","0559","0440","749","178","571","79","828","1498","0","55.27","11.88"
"65","000","00","005","0559","0441","694","514","180","48","742","1379","0","53.81","37.27"
"65","000","00","005","0559","0442","743","572","171","58","801","1381","0","58.0","41.42"
"65","000","00","005","0560","0000","2597","2042","555","234","2831","4394","0","64.43","46.47"
"65","000","00","005","0560","0309","897","812","85","73","970","1486","0","65.28","54.64"
"65","000","00","005","0560","0310","899","662","237","73","972","1513","0","64.24","43.75"
"65","000","00","005","0560","0311","801","568","233","88","889","1395","0","63.73","40.72"
"65","000","00","005","0561","0000","1688","1279","409","238","1926","3322","0","57.98","38.5"
"65","000","00","005","0561","0360","891","676","215","135","1026","1696","0","60.5","39.86"
"65","000","00","005","0561","0361","797","603","194","103","900","1626","0","55.35","37.08"
"65","000","00","005","0562","0000","2957","2318","639","229","3186","5442","0","58.54","42.59"
"65","000","00","005","0562","0409","694","613","81","74","768","1389","0","55.29","44.13"
"65","000","00","005","0562","0410","681","522","159","46","727","1272","0","57.15","41.04"
"65","000","00","005","0562","0411","822","648","174","53","875","1409","0","62.1","45.99"
"65","000","00","005","0562","0412","760","535","225","56","816","1372","0","59.48","38.99"
"65","000","00","005","0563","0000","1699","1275","424","112","1811","3243","0","55.84","39.32"
"65","000","00","005","0563","0358","820","603","217","54","874","1698","0","51.47","35.51"
"65","000","00","005","0563","0359","879","672","207","58","937","1545","0","60.65","43.5"
"65","000","00","005","0564","0000","3128","2422","706","154","3282","5852","0","56.08","41.39"
"65","000","00","005","0564","0340","812","637","175","36","848","1493","0","56.8","42.67"
"65","000","00","005","0564","0341","814","614","200","62","876","1507","0","58.13","40.74"
"65","000","00","005","0564","0342","755","592","163","24","779","1456","0","53.5","40.66"
"65","000","00","005","0564","0343","747","579","168","32","779","1396","0","55.8","41.48"
"65","000","00","005","0565","0000","1666","1264","402","130","1796","3050","0","58.89","41.44"
"65","000","00","005","0565","0317","889","678","211","75","964","1534","0","62.84","44.2"
"65","000","00","005","0565","0318","777","586","191","55","832","1516","0","54.88","38.65"
"65","000","00","005","0566","0000","1711","1307","404","185","1896","3301","0","57.44","39.59"
"65","000","00","005","0566","0497","876","658","218","85","961","1689","0","56.9","38.96"
"65","000","00","005","0566","0498","835","649","186","100","935","1612","0","58.0","40.26"
"65","000","00","005","0567","0000","1150","877","273","145","1295","2105","0","61.52","41.66"
"65","000","00","005","0567","0489","530","392","138","91","621","1065","0","58.31","36.81"
"65","000","00","005","0567","0490","620","485","135","54","674","1040","0","64.81","46.63"
"65","000","00","005","0568","0000","1170","847","323","116","1286","2340","0","54.96","36.2"
"65","000","00","005","0568","0456","616","445","171","61","677","1298","0","52.16","34.28"
"65","000","00","005","0568","0457","554","402","152","55","609","1042","0","58.45","38.58"
"65","000","00","005","0569","0000","1521","1149","372","102","1623","2712","0","59.85","42.37"
"65","000","00","005","0569","0495","783","590","193","61","844","1362","0","61.97","43.32"
"65","000","00","005","0569","0496","738","559","179","41","779","1350","0","57.7","41.41"
"65","000","00","005","0570","0000","3113","2347","766","190","3303","5880","0","56.17","39.91"
"65","000","00","005","0570","0512","803","706","97","56","859","1488","0","57.73","47.45"
"65","000","00","005","0570","0513","765","575","190","57","822","1444","0","56.93","39.82"
"65","000","00","005","0570","0514","780","514","266","49","829","1499","0","55.3","34.29"
"65","000","00","005","0570","0515","765","552","213","28","793","1449","0","54.73","38.1"
"65","000","00","005","0571","0000","2168","1638","530","257","2425","4371","0","55.48","37.47"
"65","000","00","005","0571","0520","729","561","168","86","815","1457","0","55.94","38.5"
"65","000","00","005","0571","0521","732","551","181","93","825","1502","0","54.93","36.68"
"65","000","00","005","0571","0522","707","526","181","78","785","1412","0","55.59","37.25"
"65","000","00","005","0572","0000","2796","2159","637","229","3025","5129","0","58.98","42.09"
"65","000","00","005","0572","0336","724","574","150","55","779","1276","0","61.05","44.98"
"65","000","00","005","0572","0337","669","505","164","39","708","1303","0","54.34","38.76"
"65","000","00","005","0572","0338","687","520","167","76","763","1259","0","60.6","41.3"
"65","000","00","005","0572","0339","716","560","156","59","775","1291","0","60.03","43.38"
"65","000","00","005","0573","0000","1664","1233","431","100","1764","3209","0","54.97","38.42"
"65","000","00","005","0573","0356","810","607","203","43","853","1538","0","55.46","39.47"
"65","000","00","005","0573","0357","854","626","228","57","911","1671","0","54.52","37.46"
"65","000","00","005","0574","0000","2239","1730","509","159","2398","3841","0","62.43","45.04"
"65","000","00","005","0574","0350","745","569","176","49","794","1300","0","61.08","43.77"
"65","000","00","005","0574","0351","728","575","153","51","779","1286","0","60.58","44.71"
"65","000","00","005","0574","0352","766","586","180","59","825","1255","0","65.74","46.69"
"65","000","00","005","0575","0000","4092","3146","946","190","4282","7288","0","58.75","43.17"
"65","000","00","005","0575","0424","862","677","185","27","889","1462","0","60.81","46.31"
"65","000","00","005","0575","0425","841","637","204","42","883","1484","0","59.5","42.92"
"65","000","00","005","0575","0426","781","607","174","55","836","1461","0","57.22","41.55"
"65","000","00","005","0575","0427","796","603","193","36","832","1444","0","57.62","41.76"
"65","000","00","005","0575","0428","812","622","190","30","842","1437","0","58.59","43.28"
"65","000","00","005","0576","0000","5157","3979","1178","340","5497","9313","0","59.03","42.73"
"65","000","00","005","0576","0403","869","643","226","70","939","1495","0","62.81","43.01"
"65","000","00","005","0576","0404","792","582","210","81","873","1486","0","58.75","39.17"
"65","000","00","005","0576","0405","851","672","179","54","905","1483","0","61.02","45.31"
"65","000","00","005","0576","0406","794","634","160","57","851","1553","0","54.8","40.82"
"65","000","00","005","0576","0407","963","752","211","43","1006","1625","0","61.91","46.28"
"65","000","00","005","0576","0408","888","696","192","35","923","1671","0","55.24","41.65"
"65","000","00","005","0577","0000","1176","872","304","106","1282","2159","0","59.38","40.39"
"65","000","00","005","0577","0450","580","442","138","46","626","1063","0","58.89","41.58"
"65","000","00","005","0577","0451","596","430","166","60","656","1096","0","59.85","39.23"
"65","000","00","005","0578","0000","1594","1207","387","83","1677","3402","0","49.29","35.48"
"65","000","00","005","0578","0493","803","595","208","35","838","1704","0","49.18","34.92"
"65","000","00","005","0578","0494","791","612","179","48","839","1698","0","49.41","36.04"
"65","000","00","005","0579","0000","1038","771","267","78","1116","1981","0","56.34","38.92"
"65","000","00","005","0579","0478","518","396","122","34","552","1022","0","54.01","38.75"
"65","000","00","005","0579","0479","520","375","145","44","564","959","0","58.81","39.1"
"65","000","00","005","0580","0000","1144","891","253","89","1233","2131","0","57.86","41.81"
"65","000","00","005","0580","0469","584","467","117","51","635","1073","0","59.18","43.52"
"65","000","00","005","0580","0470","560","424","136","38","598","1058","0","56.52","40.08"
"65","000","00","005","0581","0000","1658","1268","390","171","1829","3288","0","55.63","38.56"
"65","000","00","005","0581","0516","844","660","184","82","926","1640","0","56.46","40.24"
"65","000","00","005","0581","0517","814","608","206","89","903","1648","0","54.79","36.89"
"65","000","00","005","0582","0000","1886","1451","435","155","2041","3509","0","58.16","41.35"
"65","000","00","005","0582","0527","946","723","223","73","1019","1748","0","58.3","41.36"
"65","000","00","005","0582","0528","940","728","212","82","1022","1761","0","58.04","41.34"
"65","000","00","005","0583","0000","2063","1594","469","165","2228","3784","0","58.88","42.12"
"65","000","00","005","0583","0534","668","510","158","39","707","1265","0","55.89","40.32"
"65","000","00","005","0583","0535","709","542","167","67","776","1282","0","60.53","42.28"
"65","000","00","005","0583","0536","686","542","144","59","745","1237","0","60.23","43.82"
"65","000","00","005","0584","0000","1272","912","360","148","1420","2465","0","57.61","37.0"
"65","000","00","005","0584","0540","663","476","187","70","733","1245","0","58.88","38.23"
"65","000","00","005","0584","0541","609","436","173","78","687","1220","0","56.31","35.74"
"65","000","00","006","0000","0000","139229","111123","28106","9000","148229","264053","302055","56.14","42.08"
"65","000","00","006","0601","0000","1614","1289","325","147","1761","3019","0","58.33","42.7"
"65","000","00","006","0601","2049","848","675","173","71","919","1552","0","59.21","43.49"
"65","000","00","006","0601","2050","766","614","152","76","842","1467","0","57.4","41.85"
"65","000","00","006","0602","0000","1980","1599","381","159","2139","3593","0","59.53","44.5"
"65","000","00","006","0602","2051","747","601","146","50","797","1371","0","58.13","43.84"
"65","000","00","006","0602","2052","554","443","111","44","598","991","0","60.34","44.7"
"65","000","00","006","0602","2053","679","555","124","65","744","1231","0","60.44","45.09"
"65","000","00","006","0603","0000","1758","1436","322","117","1875","3408","0","55.02","42.14"
"65","000","00","006","0603","2054","932","733","199","64","996","1701","0","58.55","43.09"
"65","000","00","006","0603","2055","826","703","123","53","879","1707","0","51.49","41.18"
"65","000","00","006","0604","0000","1884","1510","374","97","1981","3639","0","54.44","41.49"
"65","000","00","006","0604","2056","948","767","181","40","988","1773","0","55.72","43.26"
"65","000","00","006","0604","2057","936","743","193","57","993","1866","0","53.22","39.82"
"65","000","00","006","0605","0000","2845","2262","583","168","3013","4958","0","60.77","45.62"
"65","000","00","006","0605","2058","979","768","211","51","1030","1735","0","59.37","44.27"
"65","000","00","006","0605","2059","978","763","215","57","1035","1632","0","63.42","46.75"
"65","000","00","006","0605","2060","888","731","157","60","948","1591","0","59.59","45.95"
"65","000","00","006","0606","0000","2719","2177","542","159","2878","4790","0","60.08","45.45"
"65","000","00","006","0606","2063","677","527","150","58","735","1260","0","58.33","41.83"
"65","000","00","006","0606","2064","1123","922","201","43","1166","1948","0","59.86","47.33"
"65","000","00","006","0606","2065","919","728","191","58","977","1582","0","61.76","46.02"
"65","000","00","006","0607","0000","2696","2194","502","153","2849","5031","0","56.63","43.61"
"65","000","00","006","0607","2070","934","763","171","33","967","1735","0","55.73","43.98"
"65","000","00","006","0607","2071","899","746","153","59","958","1716","0","55.83","43.47"
"65","000","00","006","0607","2072","863","685","178","61","924","1580","0","58.48","43.35"
"65","000","00","006","0608","0000","3298","2560","738","222","3520","5947","0","59.19","43.05"
"65","000","00","006","0608","2073","793","623","170","50","843","1358","0","62.08","45.88"
"65","000","00","006","0608","2074","912","696","216","90","1002","1610","0","62.24","43.23"
"65","000","00","006","0608","2075","730","551","179","43","773","1383","0","55.89","39.84"
"65","000","00","006","0608","2076","863","690","173","39","902","1596","0","56.52","43.23"
"65","000","00","006","0609","0000","1250","1060","190","67","1317","2520","0","52.26","42.06"
"65","000","00","006","0609","2077","678","567","111","46","724","1360","0","53.24","41.69"
"65","000","00","006","0609","2078","572","493","79","21","593","1160","0","51.12","42.5"
"65","000","00","006","0610","0000","1536","1311","225","70","1606","2470","0","65.02","53.08"
"65","000","00","006","0610","2079","771","670","101","41","812","1236","0","65.7","54.21"
"65","000","00","006","0610","2080","765","641","124","29","794","1234","0","64.34","51.94"
"65","000","00","006","0611","0000","1516","1221","295","110","1626","2820","0","57.66","43.3"
"65","000","00","006","0611","2081","850","668","182","67","917","1579","0","58.07","42.31"
"65","000","00","006","0611","2082","666","553","113","43","709","1241","0","57.13","44.56"
"65","000","00","006","0612","0000","716","545","171","72","788","1578","0","49.94","34.54"
"65","000","00","006","0612","2085","716","545","171","72","788","1578","0","49.94","34.54"
"65","000","00","006","0613","0000","1456","1122","334","128","1584","2917","0","54.3","38.46"
"65","000","00","006","0613","2086","747","582","165","48","795","1442","0","55.13","40.36"
"65","000","00","006","0613","2087","709","540","169","80","789","1475","0","53.49","36.61"
"65","000","00","006","0614","0000","4119","3259","860","288","4407","7921","0","55.64","41.14"
"65","000","00","006","0614","2088","872","689","183","54","926","1580","0","58.61","43.61"
"65","000","00","006","0614","2089","791","621","170","44","835","1585","0","52.68","39.18"
"65","000","00","006","0614","2090","812","621","191","76","888","1586","0","55.99","39.16"
"65","000","00","006","0614","2091","999","797","202","74","1073","1931","0","55.57","41.27"
"65","000","00","006","0614","2092","645","531","114","40","685","1239","0","55.29","42.86"
"65","000","00","006","0615","0000","2324","1853","471","192","2516","4617","0","54.49","40.13"
"65","000","00","006","0615","2097","930","766","164","59","989","1885","0","52.47","40.64"
"65","000","00","006","0615","2098","664","522","142","69","733","1345","0","54.5","38.81"
"65","000","00","006","0615","2099","730","565","165","64","794","1387","0","57.25","40.74"
"65","000","00","006","0616","0000","5375","4250","1125","396","5771","10556","0","54.67","40.26"
"65","000","00","006","0616","2105","910","703","207","77","987","1835","0","53.79","38.31"
"65","000","00","006","0616","2106","1000","782","218","84","1084","2009","0","53.96","38.92"
"65","000","00","006","0616","2107","751","578","173","61","812","1450","0","56.0","39.86"
"65","000","00","006","0616","2108","900","729","171","60","960","1726","0","55.62","42.24"
"65","000","00","006","0616","2109","903","724","179","69","972","1797","0","54.09","40.29"
"65","000","00","006","0616","2110","911","734","177","45","956","1739","0","54.97","42.21"
"65","000","00","006","0617","0000","2690","2090","600","154","2844","5599","0","50.79","37.33"
"65","000","00","006","0617","2114","785","609","176","44","829","1662","0","49.88","36.64"
"65","000","00","006","0617","2115","1117","875","242","62","1179","2067","0","57.04","42.33"
"65","000","00","006","0617","2116","788","606","182","48","836","1870","0","44.71","32.41"
"65","000","00","006","0618","0000","2673","2026","647","170","2843","5222","0","54.44","38.8"
"65","000","00","006","0618","2123","502","361","141","40","542","1079","0","50.23","33.46"
"65","000","00","006","0618","2124","562","428","134","26","588","1140","0","51.58","37.54"
"65","000","00","006","0618","2125","935","723","212","66","1001","1825","0","54.85","39.62"
"65","000","00","006","0618","2126","674","514","160","38","712","1178","0","60.44","43.63"
"65","000","00","006","0619","0000","2378","1711","667","202","2580","5277","0","48.89","32.42"
"65","000","00","006","0619","2133","878","666","212","86","964","1992","0","48.39","33.43"
"65","000","00","006","0619","2134","765","576","189","58","823","1668","0","49.34","34.53"
"65","000","00","006","0619","2135","735","469","266","58","793","1617","0","49.04","29.0"
"65","000","00","006","0620","0000","2819","2265","554","206","3025","5428","0","55.73","41.73"
"65","000","00","006","0620","2136","982","786","196","97","1079","2013","0","53.6","39.05"
"65","000","00","006","0620","2137","969","785","184","59","1028","1791","0","57.4","43.83"
"65","000","00","006","0620","2138","868","694","174","50","918","1624","0","56.53","42.73"
"65","000","00","006","0621","0000","408","291","117","27","435","939","0","46.33","30.99"
"65","000","00","006","0621","2142","408","291","117","27","435","939","0","46.33","30.99"
"65","000","00","006","0622","0000","2526","2033","493","141","2667","4725","0","56.44","43.03"
"65","000","00","006","0622","2148","1019","807","212","53","1072","1860","0","57.63","43.39"
"65","000","00","006","0622","2149","816","658","158","44","860","1743","0","49.34","37.75"
"65","000","00","006","0622","2150","691","568","123","44","735","1122","0","65.51","50.62"
"65","000","00","006","0623","0000","2364","1890","474","134","2498","4575","0","54.6","41.31"
"65","000","00","006","0623","2151","771","628","143","40","811","1468","0","55.25","42.78"
"65","000","00","006","0623","2152","927","755","172","45","972","1763","0","55.13","42.82"
"65","000","00","006","0623","2153","666","507","159","49","715","1344","0","53.2","37.72"
"65","000","00","006","0624","0000","352","267","85","53","405","753","0","53.78","35.46"
"65","000","00","006","0624","2154","352","267","85","53","405","753","0","53.78","35.46"
"65","000","00","006","0625","0000","1381","1023","358","83","1464","2839","0","51.57","36.03"
"65","000","00","006","0625","2155","290","206","84","10","300","602","0","49.83","34.22"
"65","000","00","006","0625","2156","1091","817","274","73","1164","2237","0","52.03","36.52"
"65","000","00","006","0626","0000","1031","779","252","92","1123","2239","0","50.16","34.79"
"65","000","00","006","0626","2157","552","416","136","34","586","1096","0","53.47","37.96"
"65","000","00","006","0626","2158","479","363","116","58","537","1143","0","46.98","31.76"
"65","000","00","006","0627","0000","729","521","208","84","813","1569","0","51.82","33.21"
"65","000","00","006","0627","2159","729","521","208","84","813","1569","0","51.82","33.21"
"65","000","00","006","0628","0000","626","465","161","70","696","1284","0","54.21","36.21"
"65","000","00","006","0628","2160","626","465","161","70","696","1284","0","54.21","36.21"
"65","000","00","006","0629","0000","513","355","158","57","570","1189","0","47.94","29.86"
"65","000","00","006","0629","2161","121","84","37","15","136","439","0","30.98","19.13"
"65","000","00","006","0629","2162","392","271","121","42","434","750","0","57.87","36.13"
"65","000","00","006","0630","0000","2417","1975","442","180","2597","4840","0","53.66","40.81"
"65","000","00","006","0630","2145","885","773","112","66","951","1838","0","51.74","42.06"
"65","000","00","006","0630","2146","766","600","166","51","817","1453","0","56.23","41.29"
"65","000","00","006","0630","2147","766","602","164","63","829","1549","0","53.52","38.86"
"65","000","00","006","0631","0000","812","637","175","61","873","1603","0","54.46","39.74"
"65","000","00","006","0631","1987","812","637","175","61","873","1603","0","54.46","39.74"
"65","000","00","006","0632","0000","1024","802","222","50","1074","1921","0","55.91","41.75"
"65","000","00","006","0632","1988","1024","802","222","50","1074","1921","0","55.91","41.75"
"65","000","00","006","0633","0000","1218","919","299","75","1293","2317","0","55.8","39.66"
"65","000","00","006","0633","1989","555","418","137","24","579","1082","0","53.51","38.63"
"65","000","00","006","0633","1990","663","501","162","51","714","1235","0","57.81","40.57"
"65","000","00","006","0634","0000","872","714","158","38","910","1568","0","58.04","45.54"
"65","000","00","006","0634","1991","872","714","158","38","910","1568","0","58.04","45.54"
"65","000","00","006","0635","0000","415","304","111","39","454","771","0","58.88","39.43"
"65","000","00","006","0635","1992","415","304","111","39","454","771","0","58.88","39.43"
"65","000","00","006","0636","0000","1198","923","275","97","1295","2264","0","57.2","40.77"
"65","000","00","006","0636","1993","650","487","163","44","694","1256","0","55.25","38.77"
"65","000","00","006","0636","1994","548","436","112","53","601","1008","0","59.62","43.25"
"65","000","00","006","0637","0000","2634","2115","519","162","2796","4701","0","59.48","44.99"
"65","000","00","006","0637","1995","830","697","133","50","880","1515","0","58.09","46.01"
"65","000","00","006","0637","1996","958","772","186","56","1014","1637","0","61.94","47.16"
"65","000","00","006","0637","1997","846","646","200","56","902","1549","0","58.23","41.7"
"65","000","00","006","0638","0000","2910","2349","561","227","3137","5335","0","58.8","44.03"
"65","000","00","006","0638","1998","1189","981","208","62","1251","2011","0","62.21","48.78"
"65","000","00","006","0638","1999","803","633","170","97","900","1554","0","57.92","40.73"
"65","000","00","006","0638","2000","918","735","183","68","986","1770","0","55.71","41.53"
"65","000","00","006","0639","0000","1307","1035","272","114","1421","2442","0","58.19","42.38"
"65","000","00","006","0639","2001","727","577","150","54","781","1316","0","59.35","43.84"
"65","000","00","006","0639","2002","580","458","122","60","640","1126","0","56.84","40.67"
"65","000","00","006","0640","0000","4312","3432","880","261","4573","7834","0","58.37","43.81"
"65","000","00","006","0640","2003","737","582","155","58","795","1460","0","54.45","39.86"
"65","000","00","006","0640","2004","865","672","193","63","928","1584","0","58.59","42.42"
"65","000","00","006","0640","2005","781","602","179","46","827","1449","0","57.07","41.55"
"65","000","00","006","0640","2006","899","725","174","53","952","1520","0","62.63","47.7"
"65","000","00","006","0640","2007","1030","851","179","41","1071","1821","0","58.81","46.73"
"65","000","00","006","0641","0000","3705","2901","804","177","3882","6728","0","57.7","43.12"
"65","000","00","006","0641","2008","1049","800","249","45","1094","1956","0","55.93","40.9"
"65","000","00","006","0641","2009","922","705","217","56","978","1665","0","58.74","42.34"
"65","000","00","006","0641","2010","911","742","169","53","964","1588","0","60.71","46.73"
"65","000","00","006","0641","2011","823","654","169","23","846","1519","0","55.69","43.05"
"65","000","00","006","0642","0000","2196","1735","461","156","2352","5969","0","39.4","29.07"
"65","000","00","006","0642","2014","626","500","126","62","688","1106","0","62.21","45.21"
"65","000","00","006","0642","2015","384","293","91","22","406","2700","0","15.04","10.85"
"65","000","00","006","0642","2016","560","444","116","27","587","995","0","58.99","44.62"
"65","000","00","006","0642","2017","626","498","128","45","671","1168","0","57.45","42.64"
"65","000","00","006","0643","0000","1353","1090","263","108","1461","2208","0","66.17","49.37"
"65","000","00","006","0643","2018","697","575","122","62","759","1123","0","67.59","51.2"
"65","000","00","006","0643","2019","656","515","141","46","702","1085","0","64.7","47.47"
"65","000","00","006","0644","0000","3148","2548","600","205","3353","5645","0","59.4","45.14"
"65","000","00","006","0644","2020","822","656","166","58","880","1412","0","62.32","46.46"
"65","000","00","006","0644","2021","897","720","177","61","958","1659","0","57.75","43.4"
"65","000","00","006","0644","2022","720","608","112","51","771","1198","0","64.36","50.75"
"65","000","00","006","0644","2023","709","564","145","35","744","1376","0","54.07","40.99"
"65","000","00","006","0645","0000","2141","1744","397","119","2260","3926","0","57.56","44.42"
"65","000","00","006","0645","2024","671","549","122","39","710","1300","0","54.62","42.23"
"65","000","00","006","0645","2025","677","536","141","49","726","1238","0","58.64","43.3"
"65","000","00","006","0645","2026","793","659","134","31","824","1388","0","59.37","47.48"
"65","000","00","006","0646","0000","1081","844","237","85","1166","1841","0","63.34","45.84"
"65","000","00","006","0646","2027","538","410","128","47","585","933","0","62.7","43.94"
"65","000","00","006","0646","2028","543","434","109","38","581","908","0","63.99","47.8"
"65","000","00","006","0647","0000","1968","1605","363","172","2140","3508","0","61.0","45.75"
"65","000","00","006","0647","2031","537","436","101","66","603","971","0","62.1","44.9"
"65","000","00","006","0647","2032","650","529","121","51","701","1145","0","61.22","46.2"
"65","000","00","006","0647","2033","781","640","141","55","836","1392","0","60.06","45.98"
"65","000","00","006","0648","0000","1641","1296","345","110","1751","2892","0","60.55","44.81"
"65","000","00","006","0648","2034","860","689","171","57","917","1452","0","63.15","47.45"
"65","000","00","006","0648","2035","781","607","174","53","834","1440","0","57.92","42.15"
"65","000","00","006","0649","0000","1926","1529","397","147","2073","3611","0","57.41","42.34"
"65","000","00","006","0649","2036","930","729","201","88","1018","1786","0","57.0","40.82"
"65","000","00","006","0649","2037","996","800","196","59","1055","1825","0","57.81","43.84"
"65","000","00","006","0650","0000","1822","1556","266","92","1914","3227","0","59.31","48.22"
"65","000","00","006","0650","2038","851","687","164","33","884","1477","0","59.85","46.51"
"65","000","00","006","0650","2039","971","869","102","59","1030","1750","0","58.86","49.66"
"65","000","00","006","0651","0000","2011","1686","325","132","2143","3771","0","56.83","44.71"
"65","000","00","006","0651","2040","964","803","161","62","1026","1792","0","57.25","44.81"
"65","000","00","006","0651","2041","1047","883","164","70","1117","1979","0","56.44","44.62"
"65","000","00","006","0652","0000","2395","2002","393","91","2486","4133","0","60.15","48.44"
"65","000","00","006","0652","2042","477","398","79","24","501","826","0","60.65","48.18"
"65","000","00","006","0652","2043","1095","922","173","46","1141","1924","0","59.3","47.92"
"65","000","00","006","0652","2044","823","682","141","21","844","1383","0","61.03","49.31"
"65","000","00","006","0653","0000","386","307","79","39","425","830","0","51.2","36.99"
"65","000","00","006","0653","2045","386","307","79","39","425","830","0","51.2","36.99"
"65","000","00","006","0654","0000","3006","2486","520","135","3141","5197","0","60.44","47.84"
"65","000","00","006","0654","2046","1020","841","179","43","1063","1759","0","60.43","47.81"
"65","000","00","006","0654","2047","1125","941","184","55","1180","1957","0","60.3","48.08"
"65","000","00","006","0654","2048","861","704","157","37","898","1481","0","60.63","47.54"
"65","000","00","006","0655","0000","1847","1491","356","71","1918","3135","0","61.18","47.56"
"65","000","00","006","0655","2119","993","799","194","41","1034","1712","0","60.4","46.67"
"65","000","00","006","0655","2120","854","692","162","30","884","1423","0","62.12","48.63"
"65","000","00","006","0656","0000","3370","2695","675","224","3594","6684","0","53.77","40.32"
"65","000","00","006","0656","2093","985","798","187","59","1044","1892","0","55.18","42.18"
"65","000","00","006","0656","2094","732","567","165","60","792","1529","0","51.8","37.08"
"65","000","00","006","0656","2095","729","620","109","59","788","1358","0","58.03","45.66"
"65","000","00","006","0656","2096","924","710","214","46","970","1905","0","50.92","37.27"
"65","000","00","006","0657","0000","2395","1983","412","128","2523","4334","0","58.21","45.75"
"65","000","00","006","0657","2139","685","568","117","28","713","1178","0","60.53","48.22"
"65","000","00","006","0657","2140","714","596","118","33","747","1277","0","58.5","46.67"
"65","000","00","006","0657","2141","996","819","177","67","1063","1879","0","56.57","43.59"
"65","000","00","006","0658","0000","3475","2775","700","197","3672","6377","0","57.58","43.52"
"65","000","00","006","0658","2066","717","545","172","49","766","1315","0","58.25","41.44"
"65","000","00","006","0658","2067","790","622","168","55","845","1562","0","54.1","39.82"
"65","000","00","006","0658","2068","1127","953","174","35","1162","1982","0","58.63","48.08"
"65","000","00","006","0658","2069","841","655","186","58","899","1518","0","59.22","43.15"
"65","000","00","006","0659","0000","1960","1592","368","124","2084","3435","0","60.67","46.35"
"65","000","00","006","0659","2121","941","749","192","67","1008","1666","0","60.5","44.96"
"65","000","00","006","0659","2122","1019","843","176","57","1076","1769","0","60.83","47.65"
"65","000","00","006","0660","0000","4633","3805","828","232","4865","9469","0","51.38","40.18"
"65","000","00","006","0660","2127","746","591","155","48","794","1463","0","54.27","40.4"
"65","000","00","006","0660","2128","614","496","118","41","655","1152","0","56.86","43.06"
"65","000","00","006","0660","2129","895","734","161","41","936","2008","0","46.61","36.55"
"65","000","00","006","0660","2130","930","787","143","43","973","2120","0","45.9","37.12"
"65","000","00","006","0660","2131","659","553","106","16","675","1153","0","58.54","47.96"
"65","000","00","006","0660","2132","789","644","145","43","832","1573","0","52.89","40.94"
"65","000","00","006","0661","0000","1577","1259","318","110","1687","2829","0","59.63","44.5"
"65","000","00","006","0661","2029","850","669","181","61","911","1582","0","57.59","42.29"
"65","000","00","006","0661","2030","727","590","137","49","776","1247","0","62.23","47.31"
"65","000","00","006","0662","0000","1466","1182","284","100","1566","3006","0","52.1","39.32"
"65","000","00","006","0662","2061","744","585","159","72","816","1495","0","54.58","39.13"
"65","000","00","006","0662","2062","722","597","125","28","750","1511","0","49.64","39.51"
"65","000","00","006","0663","0000","1262","991","271","87","1349","2489","0","54.2","39.82"
"65","000","00","006","0663","2083","669","512","157","34","703","1275","0","55.14","40.16"
"65","000","00","006","0663","2084","593","479","114","53","646","1214","0","53.21","39.46"
"65","000","00","006","0664","0000","2534","2091","443","93","2627","4809","0","54.63","43.48"
"65","000","00","006","0664","2111","812","657","155","34","846","1523","0","55.55","43.14"
"65","000","00","006","0664","2112","841","711","130","34","875","1642","0","53.29","43.3"
"65","000","00","006","0664","2113","881","723","158","25","906","1644","0","55.11","43.98"
"65","000","00","006","0665","0000","1376","1078","298","61","1437","2280","0","63.03","47.28"
"65","000","00","006","0665","2012","707","538","169","37","744","1185","0","62.78","45.4"
"65","000","00","006","0665","2013","669","540","129","24","693","1095","0","63.29","49.32"
"65","000","00","006","0666","0000","1951","1558","393","152","2103","3797","0","55.39","41.03"
"65","000","00","006","0666","2100","1002","800","202","74","1076","1960","0","54.9","40.82"
"65","000","00","006","0666","2101","949","758","191","78","1027","1837","0","55.91","41.26"
"65","000","00","006","0667","0000","2732","2168","564","161","2893","4983","0","58.06","43.51"
"65","000","00","006","0667","2102","890","701","189","54","944","1662","0","56.8","42.18"
"65","000","00","006","0667","2103","933","757","176","62","995","1617","0","61.53","46.82"
"65","000","00","006","0667","2104","909","710","199","45","954","1704","0","55.99","41.67"
"65","000","00","006","0668","0000","1824","1502","322","102","1926","3528","0","54.59","42.57"
"65","000","00","006","0668","2117","1004","823","181","64","1068","1982","0","53.88","41.52"
"65","000","00","006","0668","2118","820","679","141","38","858","1546","0","55.5","43.92"
"65","000","00","006","0669","0000","1353","1055","298","68","1421","2394","0","59.36","44.07"
"65","000","00","006","0669","2143","512","398","114","37","549","960","0","57.19","41.46"
"65","000","00","006","0669","2144","841","657","184","31","872","1434","0","60.81","45.82"
"65","000","00","007","0000","0000","76843","57950","18893","6359","83202","152102","183780","54.7","38.1"
"65","000","00","007","0701","0000","1626","1214","412","177","1803","3613","0","49.9","33.6"
"65","000","00","007","0701","1620","789","589","200","100","889","1897","0","46.86","31.05"
"65","000","00","007","0701","1621","837","625","212","77","914","1716","0","53.26","36.42"
"65","000","00","007","0702","0000","1847","1369","478","170","2017","3470","0","58.13","39.45"
"65","000","00","007","0702","1617","603","453","150","68","671","1211","0","55.41","37.41"
"65","000","00","007","0702","1618","595","435","160","57","652","1125","0","57.96","38.67"
"65","000","00","007","0702","1619","649","481","168","45","694","1134","0","61.2","42.42"
"65","000","00","007","0703","0000","1973","1469","504","193","2166","4252","0","50.94","34.55"
"65","000","00","007","0703","1614","661","494","167","80","741","1408","0","52.63","35.09"
"65","000","00","007","0703","1615","632","468","164","38","670","1310","0","51.15","35.73"
"65","000","00","007","0703","1616","680","507","173","75","755","1534","0","49.22","33.05"
"65","000","00","007","0704","0000","1604","1165","439","144","1748","3296","0","53.03","35.35"
"65","000","00","007","0704","1643","575","415","160","77","652","1116","0","58.42","37.19"
"65","000","00","007","0704","1644","520","364","156","45","565","1077","0","52.46","33.8"
"65","000","00","007","0704","1645","509","386","123","22","531","1103","0","48.14","35.0"
"65","000","00","007","0705","0000","2821","2118","703","197","3018","5619","0","53.71","37.69"
"65","000","00","007","0705","1639","728","539","189","45","773","1483","0","52.12","36.35"
"65","000","00","007","0705","1640","754","570","184","40","794","1524","0","52.1","37.4"
"65","000","00","007","0705","1641","753","572","181","42","795","1431","0","55.56","39.97"
"65","000","00","007","0705","1642","586","437","149","70","656","1181","0","55.55","37.0"
"65","000","00","007","0706","0000","1855","1366","489","214","2069","4297","0","48.15","31.79"
"65","000","00","007","0706","1633","623","462","161","92","715","1927","0","37.1","23.98"
"65","000","00","007","0706","1634","471","343","128","48","519","914","0","56.78","37.53"
"65","000","00","007","0706","1635","761","561","200","74","835","1456","0","57.35","38.53"
"65","000","00","007","0707","0000","2173","1618","555","163","2336","4468","0","52.28","36.21"
"65","000","00","007","0707","1624","734","535","199","63","797","1542","0","51.69","34.7"
"65","000","00","007","0707","1625","790","598","192","69","859","1470","0","58.44","40.68"
"65","000","00","007","0707","1626","649","485","164","31","680","1456","0","46.7","33.31"
"65","000","00","007","0708","0000","1700","1286","414","150","1850","3218","0","57.49","39.96"
"65","000","00","007","0708","1652","464","358","106","33","497","870","0","57.13","41.15"
"65","000","00","007","0708","1653","742","547","195","78","820","1338","0","61.29","40.88"
"65","000","00","007","0708","1654","494","381","113","39","533","1010","0","52.77","37.72"
"65","000","00","007","0709","0000","2424","1829","595","220","2644","4558","0","58.01","40.13"
"65","000","00","007","0709","1657","794","633","161","91","885","1405","0","62.99","45.05"
"65","000","00","007","0709","1658","819","592","227","69","888","1587","0","55.95","37.3"
"65","000","00","007","0709","1659","811","604","207","60","871","1566","0","55.62","38.57"
"65","000","00","007","0710","0000","2056","1398","658","169","2225","3749","0","59.35","37.29"
"65","000","00","007","0710","1667","701","518","183","72","773","1268","0","60.96","40.85"
"65","000","00","007","0710","1668","693","501","192","43","736","1281","0","57.46","39.11"
"65","000","00","007","0710","1669","662","379","283","54","716","1200","0","59.67","31.58"
"65","000","00","007","0711","0000","1553","1230","323","122","1675","2979","0","56.23","41.29"
"65","000","00","007","0711","1663","891","706","185","61","952","1701","0","55.97","41.5"
"65","000","00","007","0711","1664","662","524","138","61","723","1278","0","56.57","41.0"
"65","000","00","007","0712","0000","734","543","191","37","771","1491","0","51.71","36.42"
"65","000","00","007","0712","1670","734","543","191","37","771","1491","0","51.71","36.42"
"65","000","00","007","0713","0000","522","410","112","28","550","1066","0","51.59","38.46"
"65","000","00","007","0713","1671","522","410","112","28","550","1066","0","51.59","38.46"
"65","000","00","007","0714","0000","1620","1278","342","97","1717","3132","0","54.82","40.8"
"65","000","00","007","0714","1686","815","660","155","61","876","1566","0","55.94","42.15"
"65","000","00","007","0714","1687","805","618","187","36","841","1566","0","53.7","39.46"
"65","000","00","007","0715","0000","1772","1318","454","137","1909","3427","0","55.7","38.46"
"65","000","00","007","0715","1676","634","471","163","47","681","1144","0","59.53","41.17"
"65","000","00","007","0715","1677","521","402","119","30","551","1059","0","52.03","37.96"
"65","000","00","007","0715","1678","617","445","172","60","677","1224","0","55.31","36.36"
"65","000","00","007","0716","0000","2187","1646","541","200","2387","4452","0","53.62","36.97"
"65","000","00","007","0716","1683","750","569","181","82","832","1514","0","54.95","37.58"
"65","000","00","007","0716","1684","724","556","168","57","781","1546","0","50.52","35.96"
"65","000","00","007","0716","1685","713","521","192","61","774","1392","0","55.6","37.43"
"65","000","00","007","0717","0000","2207","1680","527","201","2408","4572","0","52.67","36.75"
"65","000","00","007","0717","1673","807","609","198","68","875","1616","0","54.15","37.69"
"65","000","00","007","0717","1674","672","508","164","66","738","1589","0","46.44","31.97"
"65","000","00","007","0717","1675","728","563","165","67","795","1367","0","58.16","41.19"
"65","000","00","007","0718","0000","1408","1018","390","154","1562","2883","0","54.18","35.31"
"65","000","00","007","0718","1699","773","551","222","73","846","1606","0","52.68","34.31"
"65","000","00","007","0718","1700","635","467","168","81","716","1277","0","56.07","36.57"
"65","000","00","007","0719","0000","2617","2044","573","243","2860","5231","0","54.67","39.07"
"65","000","00","007","0719","1695","624","488","136","74","698","1247","0","55.97","39.13"
"65","000","00","007","0719","1696","677","561","116","76","753","1390","0","54.17","40.36"
"65","000","00","007","0719","1697","691","532","159","50","741","1293","0","57.31","41.14"
"65","000","00","007","0719","1698","625","463","162","43","668","1301","0","51.35","35.59"
"65","000","00","007","0720","0000","2312","1732","580","198","2510","4264","0","58.86","40.62"
"65","000","00","007","0720","1692","911","688","223","84","995","1661","0","59.9","41.42"
"65","000","00","007","0720","1693","835","616","219","65","900","1585","0","56.78","38.86"
"65","000","00","007","0720","1694","566","428","138","49","615","1018","0","60.41","42.04"
"65","000","00","007","0721","0000","679","519","160","42","721","1683","0","42.84","30.84"
"65","000","00","007","0721","1708","679","519","160","42","721","1683","0","42.84","30.84"
"65","000","00","007","0722","0000","665","496","169","47","712","1565","0","45.5","31.69"
"65","000","00","007","0722","1722","665","496","169","47","712","1565","0","45.5","31.69"
"65","000","00","007","0723","0000","845","595","250","87","932","1638","0","56.9","36.32"
"65","000","00","007","0723","1714","845","595","250","87","932","1638","0","56.9","36.32"
"65","000","00","007","0724","0000","6177","4828","1349","426","6603","11772","0","56.09","41.01"
"65","000","00","007","0724","1715","825","615","210","52","877","1592","0","55.09","38.63"
"65","000","00","007","0724","1716","830","658","172","56","886","1521","0","58.25","43.26"
"65","000","00","007","0724","1717","968","753","215","60","1028","1707","0","60.22","44.11"
"65","000","00","007","0724","1718","947","745","202","68","1015","1741","0","58.3","42.79"
"65","000","00","007","0724","1719","865","697","168","44","909","1655","0","54.92","42.11"
"65","000","00","007","0724","1720","838","638","200","79","917","1775","0","51.66","35.94"
"65","000","00","007","0724","1721","904","722","182","67","971","1781","0","54.52","40.54"
"65","000","00","007","0725","0000","988","701","287","68","1056","1966","0","53.71","35.66"
"65","000","00","007","0725","1723","457","326","131","45","502","936","0","53.63","34.83"
"65","000","00","007","0725","1724","531","375","156","23","554","1030","0","53.79","36.41"
"65","000","00","007","0726","0000","4233","3348","885","215","4448","7662","0","58.05","43.7"
"65","000","00","007","0726","1709","777","593","184","59","836","1452","0","57.58","40.84"
"65","000","00","007","0726","1710","886","711","175","38","924","1592","0","58.04","44.66"
"65","000","00","007","0726","1711","886","707","179","45","931","1619","0","57.5","43.67"
"65","000","00","007","0726","1712","962","774","188","42","1004","1642","0","61.14","47.14"
"65","000","00","007","0726","1713","722","563","159","31","753","1357","0","55.49","41.49"
"65","000","00","007","0727","0000","483","372","111","74","557","877","0","63.51","42.42"
"65","000","00","007","0727","1672","483","372","111","74","557","877","0","63.51","42.42"
"65","000","00","007","0728","0000","1900","1415","485","181","2081","3846","0","54.11","36.79"
"65","000","00","007","0728","1646","697","520","177","70","767","1385","0","55.38","37.55"
"65","000","00","007","0728","1647","610","459","151","54","664","1266","0","52.45","36.26"
"65","000","00","007","0728","1648","593","436","157","57","650","1195","0","54.39","36.49"
"65","000","00","007","0729","0000","1607","1191","416","150","1757","3245","0","54.14","36.7"
"65","000","00","007","0729","1660","478","364","114","27","505","997","0","50.65","36.51"
"65","000","00","007","0729","1661","612","439","173","61","673","1187","0","56.7","36.98"
"65","000","00","007","0729","1662","517","388","129","62","579","1061","0","54.57","36.57"
"65","000","00","007","0730","0000","1787","1318","469","140","1927","3196","0","60.29","41.24"
"65","000","00","007","0730","1655","880","662","218","75","955","1658","0","57.6","39.93"
"65","000","00","007","0730","1656","907","656","251","65","972","1538","0","63.2","42.65"
"65","000","00","007","0731","0000","1841","1377","464","101","1942","3571","0","54.38","38.56"
"65","000","00","007","0731","1627","583","437","146","30","613","1124","0","54.54","38.88"
"65","000","00","007","0731","1628","625","482","143","34","659","1235","0","53.36","39.03"
"65","000","00","007","0731","1629","633","458","175","37","670","1212","0","55.28","37.79"
"65","000","00","007","0732","0000","1811","1368","443","166","1977","3764","0","52.52","36.34"
"65","000","00","007","0732","1630","563","430","133","35","598","1223","0","48.9","35.16"
"65","000","00","007","0732","1631","634","479","155","83","717","1335","0","53.71","35.88"
"65","000","00","007","0732","1632","614","459","155","48","662","1206","0","54.89","38.06"
"65","000","00","007","0733","0000","2353","1761","592","217","2570","5192","0","49.5","33.92"
"65","000","00","007","0733","1679","521","388","133","51","572","1141","0","50.13","34.01"
"65","000","00","007","0733","1680","559","460","99","32","591","1396","0","42.34","32.95"
"65","000","00","007","0733","1681","589","421","168","45","634","1157","0","54.8","36.39"
"65","000","00","007","0733","1682","684","492","192","89","773","1498","0","51.6","32.84"
"65","000","00","007","0734","0000","2295","1727","568","203","2498","4454","0","56.08","38.77"
"65","000","00","007","0734","1636","683","525","158","53","736","1409","0","52.24","37.26"
"65","000","00","007","0734","1637","820","581","239","78","898","1500","0","59.87","38.73"
"65","000","00","007","0734","1638","792","621","171","72","864","1545","0","55.92","40.19"
"65","000","00","007","0735","0000","2574","1975","599","187","2761","4995","0","55.28","39.54"
"65","000","00","007","0735","1701","619","460","159","71","690","1219","0","56.6","37.74"
"65","000","00","007","0735","1702","690","537","153","42","732","1454","0","50.34","36.93"
"65","000","00","007","0735","1703","653","508","145","46","699","1314","0","53.2","38.66"
"65","000","00","007","0735","1704","612","470","142","28","640","1008","0","63.49","46.63"
"65","000","00","007","0736","0000","2252","1702","550","210","2462","4615","0","53.35","36.88"
"65","000","00","007","0736","1705","760","591","169","87","847","1574","0","53.81","37.55"
"65","000","00","007","0736","1706","722","551","171","43","765","1364","0","56.09","40.4"
"65","000","00","007","0736","1707","770","560","210","80","850","1677","0","50.69","33.39"
"65","000","00","007","0737","0000","1505","1156","349","150","1655","2739","0","60.42","42.21"
"65","000","00","007","0737","1665","784","598","186","73","857","1433","0","59.8","41.73"
"65","000","00","007","0737","1666","721","558","163","77","798","1306","0","61.1","42.73"
"65","000","00","007","0738","0000","1526","1168","358","112","1638","2998","0","54.64","38.96"
"65","000","00","007","0738","1688","759","584","175","66","825","1517","0","54.38","38.5"
"65","000","00","007","0738","1689","767","584","183","46","813","1481","0","54.9","39.43"
"65","000","00","007","0739","0000","1159","898","261","81","1240","2424","0","51.16","37.05"
"65","000","00","007","0739","1690","587","446","141","47","634","1261","0","50.28","35.37"
"65","000","00","007","0739","1691","572","452","120","34","606","1163","0","52.11","38.87"
"65","000","00","007","0740","0000","1293","965","328","107","1400","2517","0","55.62","38.34"
"65","000","00","007","0740","1649","620","463","157","56","676","1254","0","53.91","36.92"
"65","000","00","007","0740","1650","673","502","171","51","724","1263","0","57.32","39.75"
"65","000","00","007","0741","0000","806","570","236","88","894","1473","0","60.69","38.7"
"65","000","00","007","0741","1651","806","570","236","88","894","1473","0","60.69","38.7"
"65","000","00","007","0742","0000","1053","769","284","93","1146","1873","0","61.19","41.06"
"65","000","00","007","0742","1622","399","285","114","58","457","736","0","62.09","38.72"
"65","000","00","007","0742","1623","654","484","170","35","689","1137","0","60.6","42.57"
"65","000","00","008","0000","0000","34575","26086","8489","2638","37213","71645","86223","51.94","36.41"
"65","000","00","008","0801","0000","532","390","142","47","579","965","0","60.0","40.41"
"65","000","00","008","0801","1726","532","390","142","47","579","965","0","60.0","40.41"
"65","000","00","008","0802","0000","1002","752","250","66","1068","2019","0","52.9","37.25"
"65","000","00","008","0802","1729","541","414","127","49","590","1057","0","55.82","39.17"
"65","000","00","008","0802","1730","461","338","123","17","478","962","0","49.69","35.14"
"65","000","00","008","0803","0000","2542","1887","655","193","2735","5052","0","54.14","37.35"
"65","000","00","008","0803","1732","974","712","262","81","1055","1742","0","60.56","40.87"
"65","000","00","008","0803","1733","794","587","207","66","860","1634","0","52.63","35.92"
"65","000","00","008","0803","1734","774","588","186","46","820","1676","0","48.93","35.08"
"65","000","00","008","0804","0000","1791","1374","417","154","1945","3728","0","52.17","36.86"
"65","000","00","008","0804","1727","966","746","220","94","1060","1931","0","54.89","38.63"
"65","000","00","008","0804","1728","825","628","197","60","885","1797","0","49.25","34.95"
"65","000","00","008","0805","0000","540","403","137","42","582","934","0","62.31","43.15"
"65","000","00","008","0805","1731","540","403","137","42","582","934","0","62.31","43.15"
"65","000","00","008","0806","0000","277","194","83","17","294","515","0","57.09","37.67"
"65","000","00","008","0806","1725","277","194","83","17","294","515","0","57.09","37.67"
"65","000","00","008","0807","0000","785","589","196","58","843","1440","0","58.54","40.9"
"65","000","00","008","0807","1750","785","589","196","58","843","1440","0","58.54","40.9"
"65","000","00","008","0808","0000","3831","2802","1029","284","4115","7315","0","56.25","38.3"
"65","000","00","008","0808","1751","918","610","308","74","992","1809","0","54.84","33.72"
"65","000","00","008","0808","1752","918","703","215","69","987","1758","0","56.14","39.99"
"65","000","00","008","0808","1753","801","607","194","61","862","1589","0","54.25","38.2"
"65","000","00","008","0808","1754","595","438","157","37","632","1067","0","59.23","41.05"
"65","000","00","008","0808","1755","599","444","155","43","642","1092","0","58.79","40.66"
"65","000","00","008","0809","0000","1497","1110","387","130","1627","3208","0","50.72","34.6"
"65","000","00","008","0809","1747","459","343","116","41","500","942","0","53.08","36.41"
"65","000","00","008","0809","1748","638","460","178","68","706","1317","0","53.61","34.93"
"65","000","00","008","0809","1749","400","307","93","21","421","949","0","44.36","32.35"
"65","000","00","008","0810","0000","3041","2340","701","220","3261","6702","0","48.66","34.91"
"65","000","00","008","0810","1743","818","646","172","51","869","1737","0","50.03","37.19"
"65","000","00","008","0810","1744","769","618","151","67","836","1669","0","50.09","37.03"
"65","000","00","008","0810","1745","774","581","193","48","822","1842","0","44.63","31.54"
"65","000","00","008","0810","1746","680","495","185","54","734","1454","0","50.48","34.04"
"65","000","00","008","0811","0000","3283","2449","834","223","3506","7102","0","49.37","34.48"
"65","000","00","008","0811","1739","861","655","206","56","917","1782","0","51.46","36.76"
"65","000","00","008","0811","1740","735","582","153","56","791","1496","0","52.87","38.9"
"65","000","00","008","0811","1741","933","682","251","53","986","2071","0","47.61","32.93"
"65","000","00","008","0811","1742","754","530","224","58","812","1753","0","46.32","30.23"
"65","000","00","008","0812","0000","352","260","92","27","379","850","0","44.59","30.59"
"65","000","00","008","0812","1738","352","260","92","27","379","850","0","44.59","30.59"
"65","000","00","008","0813","0000","92","74","18","6","98","227","0","43.17","32.6"
"65","000","00","008","0813","1774","92","74","18","6","98","227","0","43.17","32.6"
"65","000","00","008","0814","0000","2229","1688","541","167","2396","4604","0","52.04","36.66"
"65","000","00","008","0814","1768","629","478","151","44","673","1479","0","45.5","32.32"
"65","000","00","008","0814","1769","835","624","211","55","890","1736","0","51.27","35.94"
"65","000","00","008","0814","1770","765","586","179","68","833","1389","0","59.97","42.19"
"65","000","00","008","0815","0000","1866","1439","427","139","2005","4064","0","49.34","35.41"
"65","000","00","008","0815","1762","457","374","83","25","482","1026","0","46.98","36.45"
"65","000","00","008","0815","1763","794","612","182","43","837","1721","0","48.63","35.56"
"65","000","00","008","0815","1764","615","453","162","71","686","1317","0","52.09","34.4"
"65","000","00","008","0816","0000","1801","1291","510","184","1985","3526","0","56.3","36.61"
"65","000","00","008","0816","1765","564","399","165","62","626","1046","0","59.85","38.15"
"65","000","00","008","0816","1766","633","454","179","53","686","1144","0","59.97","39.69"
"65","000","00","008","0816","1767","604","438","166","69","673","1336","0","50.37","32.78"
"65","000","00","008","0817","0000","2243","1731","512","172","2415","4249","0","56.84","40.74"
"65","000","00","008","0817","1756","891","676","215","57","948","1730","0","54.8","39.08"
"65","000","00","008","0817","1757","652","515","137","61","713","1281","0","55.66","40.2"
"65","000","00","008","0817","1758","700","540","160","54","754","1238","0","60.9","43.62"
"65","000","00","008","0818","0000","2110","1714","396","182","2292","5137","0","44.62","33.37"
"65","000","00","008","0818","1771","739","717","22","86","825","1956","0","42.18","36.66"
"65","000","00","008","0818","1772","684","464","220","53","737","1371","0","53.76","33.84"
"65","000","00","008","0818","1773","687","533","154","43","730","1810","0","40.33","29.45"
"65","000","00","008","0819","0000","1885","1448","437","159","2044","4022","0","50.82","36.0"
"65","000","00","008","0819","1759","793","611","182","76","869","1568","0","55.42","38.97"
"65","000","00","008","0819","1760","628","482","146","56","684","1271","0","53.82","37.92"
"65","000","00","008","0819","1761","464","355","109","27","491","1183","0","41.5","30.01"
"65","000","00","008","0820","0000","2876","2151","725","168","3044","5986","0","50.85","35.93"
"65","000","00","008","0820","1735","1021","745","276","100","1121","2052","0","54.63","36.31"
"65","000","00","008","0820","1736","859","656","203","43","902","1977","0","45.62","33.18"
"65","000","00","008","0820","1737","996","750","246","25","1021","1957","0","52.17","38.32"
"65","000","00","009","0000","0000","45536","35036","10500","3548","49084","94291","115712","52.06","37.16"
"65","000","00","009","0901","0000","161","124","37","25","186","274","0","67.88","45.26"
"65","000","00","009","0901","1917","161","124","37","25","186","274","0","67.88","45.26"
"65","000","00","009","0902","0000","280","211","69","42","322","583","0","55.23","36.19"
"65","000","00","009","0902","1918","280","211","69","42","322","583","0","55.23","36.19"
"65","000","00","009","0903","0000","1582","1159","423","92","1674","3479","0","48.12","33.31"
"65","000","00","009","0903","1919","739","546","193","31","770","1765","0","43.63","30.93"
"65","000","00","009","0903","1920","843","613","230","61","904","1714","0","52.74","35.76"
"65","000","00","009","0904","0000","1343","1068","275","77","1420","2684","0","52.91","39.79"
"65","000","00","009","0904","1921","642","514","128","33","675","1355","0","49.82","37.93"
"65","000","00","009","0904","1922","701","554","147","44","745","1329","0","56.06","41.69"
"65","000","00","009","0905","0000","493","367","126","58","551","1059","0","52.03","34.66"
"65","000","00","009","0905","1923","493","367","126","58","551","1059","0","52.03","34.66"
"65","000","00","009","0906","0000","3315","2465","850","294","3609","6529","0","55.28","37.75"
"65","000","00","009","0906","1924","721","534","187","60","781","1364","0","57.26","39.15"
"65","000","00","009","0906","1925","589","433","156","57","646","1098","0","58.83","39.44"
"65","000","00","009","0906","1926","648","496","152","62","710","1296","0","54.78","38.27"
"65","000","00","009","0906","1927","599","421","178","65","664","1240","0","53.55","33.95"
"65","000","00","009","0906","1928","758","581","177","50","808","1531","0","52.78","37.95"
"65","000","00","009","0907","0000","2421","1843","578","194","2615","5025","0","52.04","36.68"
"65","000","00","009","0907","1952","762","591","171","60","822","1634","0","50.31","36.17"
"65","000","00","009","0907","1953","857","638","219","65","922","1716","0","53.73","37.18"
"65","000","00","009","0907","1954","802","614","188","69","871","1675","0","52.0","36.66"
"65","000","00","009","0908","0000","3999","3080","919","332","4331","8724","0","49.64","35.3"
"65","000","00","009","0908","1929","653","533","120","44","697","1444","0","48.27","36.91"
"65","000","00","009","0908","1930","654","477","177","80","734","1347","0","54.49","35.41"
"65","000","00","009","0908","1931","715","559","156","65","780","1455","0","53.61","38.42"
"65","000","00","009","0908","1932","667","505","162","41","708","1556","0","45.5","32.46"
"65","000","00","009","0908","1933","545","414","131","47","592","1390","0","42.59","29.78"
"65","000","00","009","0908","1934","765","592","173","55","820","1532","0","53.52","38.64"
"65","000","00","009","0909","0000","3977","3096","881","230","4207","8053","0","52.24","38.45"
"65","000","00","009","0909","1935","597","462","135","71","668","1377","0","48.51","33.55"
"65","000","00","009","0909","1936","836","652","184","57","893","1731","0","51.59","37.67"
"65","000","00","009","0909","1937","814","620","194","35","849","1705","0","49.79","36.36"
"65","000","00","009","0909","1938","839","670","169","35","874","1590","0","54.97","42.14"
"65","000","00","009","0909","1939","891","692","199","32","923","1650","0","55.94","41.94"
"65","000","00","009","0910","0000","1654","1288","366","208","1862","3638","0","51.18","35.4"
"65","000","00","009","0910","1966","561","425","136","70","631","1389","0","45.43","30.6"
"65","000","00","009","0910","1967","574","441","133","88","662","1315","0","50.34","33.54"
"65","000","00","009","0910","1968","519","422","97","50","569","934","0","60.92","45.18"
"65","000","00","009","0911","0000","961","709","252","88","1049","2199","0","47.7","32.24"
"65","000","00","009","0911","1969","553","417","136","38","591","1270","0","46.54","32.83"
"65","000","00","009","0911","1970","408","292","116","50","458","929","0","49.3","31.43"
"65","000","00","009","0912","0000","485","363","122","17","502","1035","0","48.5","35.07"
"65","000","00","009","0912","1971","485","363","122","17","502","1035","0","48.5","35.07"
"65","000","00","009","0913","0000","203","161","42","19","222","502","0","44.22","32.07"
"65","000","00","009","0913","1972","203","161","42","19","222","502","0","44.22","32.07"
"65","000","00","009","0914","0000","348","272","76","59","407","836","0","48.68","32.54"
"65","000","00","009","0914","1973","348","272","76","59","407","836","0","48.68","32.54"
"65","000","00","009","0915","0000","268","195","73","59","327","669","0","48.88","29.15"
"65","000","00","009","0915","1974","268","195","73","59","327","669","0","48.88","29.15"
"65","000","00","009","0916","0000","358","271","87","72","430","733","0","58.66","36.97"
"65","000","00","009","0916","1975","358","271","87","72","430","733","0","58.66","36.97"
"65","000","00","009","0917","0000","1027","762","265","82","1109","2138","0","51.87","35.64"
"65","000","00","009","0917","1979","398","295","103","46","444","771","0","57.59","38.26"
"65","000","00","009","0917","1980","629","467","162","36","665","1367","0","48.65","34.16"
"65","000","00","009","0918","0000","602","458","144","56","658","1394","0","47.2","32.86"
"65","000","00","009","0918","1978","602","458","144","56","658","1394","0","47.2","32.86"
"65","000","00","009","0919","0000","1247","983","264","108","1355","2761","0","49.08","35.6"
"65","000","00","009","0919","1981","572","453","119","72","644","1241","0","51.89","36.5"
"65","000","00","009","0919","1982","675","530","145","36","711","1520","0","46.78","34.87"
"65","000","00","009","0920","0000","505","375","130","51","556","873","0","63.69","42.96"
"65","000","00","009","0920","1983","505","375","130","51","556","873","0","63.69","42.96"
"65","000","00","009","0921","0000","491","359","132","76","567","1322","0","42.89","27.16"
"65","000","00","009","0921","1986","491","359","132","76","567","1322","0","42.89","27.16"
"65","000","00","009","0922","0000","783","566","217","99","882","1865","0","47.29","30.35"
"65","000","00","009","0922","1984","308","215","93","66","374","768","0","48.7","27.99"
"65","000","00","009","0922","1985","475","351","124","33","508","1097","0","46.31","32.0"
"65","000","00","009","0923","0000","2731","2078","653","201","2932","5947","0","49.3","34.94"
"65","000","00","009","0923","1959","649","483","166","77","726","1363","0","53.26","35.44"
"65","000","00","009","0923","1960","799","639","160","40","839","1624","0","51.66","39.35"
"65","000","00","009","0923","1961","703","523","180","56","759","1352","0","56.14","38.68"
"65","000","00","009","0923","1962","580","433","147","28","608","1608","0","37.81","26.93"
"65","000","00","009","0924","0000","3043","2351","692","262","3305","6635","0","49.81","35.43"
"65","000","00","009","0924","1955","667","506","161","55","722","1649","0","43.78","30.69"
"65","000","00","009","0924","1956","706","528","178","80","786","1489","0","52.79","35.46"
"65","000","00","009","0924","1957","804","624","180","57","861","1771","0","48.62","35.23"
"65","000","00","009","0924","1958","866","693","173","70","936","1726","0","54.23","40.15"
"65","000","00","009","0925","0000","2145","1613","532","219","2364","4629","0","51.07","34.85"
"65","000","00","009","0925","1963","714","529","185","61","775","1458","0","53.16","36.28"
"65","000","00","009","0925","1964","729","557","172","50","779","1641","0","47.47","33.94"
"65","000","00","009","0925","1965","702","527","175","108","810","1530","0","52.94","34.44"
"65","000","00","009","0926","0000","1667","1296","371","113","1780","3198","0","55.66","40.53"
"65","000","00","009","0926","1976","874","676","198","63","937","1560","0","60.06","43.33"
"65","000","00","009","0926","1977","793","620","173","50","843","1638","0","51.47","37.85"
"65","000","00","009","0927","0000","6556","5250","1306","288","6844","12019","0","56.94","43.68"
"65","000","00","009","0927","1944","821","641","180","32","853","1579","0","54.02","40.6"
"65","000","00","009","0927","1945","737","585","152","26","763","1435","0","53.17","40.77"
"65","000","00","009","0927","1946","938","749","189","32","970","1659","0","58.47","45.15"
"65","000","00","009","0927","1947","867","697","170","48","915","1512","0","60.52","46.1"
"65","000","00","009","0927","1948","797","634","163","49","846","1463","0","57.83","43.34"
"65","000","00","009","0927","1949","806","663","143","29","835","1465","0","57.0","45.26"
"65","000","00","009","0927","1950","811","649","162","28","839","1463","0","57.35","44.36"
"65","000","00","009","0927","1951","779","632","147","44","823","1443","0","57.03","43.8"
"65","000","00","009","0928","0000","2891","2273","618","127","3018","5488","0","54.99","41.42"
"65","000","00","009","0928","1940","750","580","170","36","786","1441","0","54.55","40.25"
"65","000","00","009","0928","1941","786","632","154","26","812","1404","0","57.83","45.01"
"65","000","00","009","0928","1942","736","597","139","33","769","1295","0","59.38","46.1"
"65","000","00","009","0928","1943","619","464","155","32","651","1348","0","48.29","34.42"
"65","000","00","010","0000","0000","71981","55441","16540","4862","76843","147272","172677","52.18","37.65"
"65","000","00","010","1001","0000","249","169","80","39","288","544","0","52.94","31.07"
"65","000","00","010","1001","0029","249","169","80","39","288","544","0","52.94","31.07"
"65","000","00","010","1002","0000","516","397","119","63","579","1044","0","55.46","38.03"
"65","000","00","010","1002","0030","516","397","119","63","579","1044","0","55.46","38.03"
"65","000","00","010","1003","0000","685","523","162","40","725","1462","0","49.59","35.77"
"65","000","00","010","1003","0031","685","523","162","40","725","1462","0","49.59","35.77"
"65","000","00","010","1004","0000","731","539","192","64","795","1525","0","52.13","35.34"
"65","000","00","010","1004","0032","731","539","192","64","795","1525","0","52.13","35.34"
"65","000","00","010","1005","0000","430","334","96","46","476","986","0","48.28","33.87"
"65","000","00","010","1005","0033","430","334","96","46","476","986","0","48.28","33.87"
"65","000","00","010","1006","0000","1142","874","268","139","1281","2516","0","50.91","34.74"
"65","000","00","010","1006","0035","569","426","143","88","657","1173","0","56.01","36.32"
"65","000","00","010","1006","0036","573","448","125","51","624","1343","0","46.46","33.36"
"65","000","00","010","1007","0000","408","310","98","37","445","806","0","55.21","38.46"
"65","000","00","010","1007","0034","408","310","98","37","445","806","0","55.21","38.46"
"65","000","00","010","1008","0000","5449","4329","1120","255","5704","12236","0","46.62","35.38"
"65","000","00","010","1008","0065","923","747","176","52","975","1837","0","53.08","40.66"
"65","000","00","010","1008","0066","633","508","125","18","651","1924","0","33.84","26.4"
"65","000","00","010","1008","0067","1144","901","243","34","1178","2340","0","50.34","38.5"
"65","000","00","010","1008","0068","730","571","159","53","783","1704","0","45.95","33.51"
"65","000","00","010","1008","0069","671","530","141","47","718","1363","0","52.68","38.88"
"65","000","00","010","1008","0070","1348","1072","276","51","1399","3068","0","45.6","34.94"
"65","000","00","010","1009","0000","704","565","139","41","745","1528","0","48.76","36.98"
"65","000","00","010","1009","0071","704","565","139","41","745","1528","0","48.76","36.98"
"65","000","00","010","1010","0000","3073","2383","690","202","3275","6351","0","51.57","37.52"
"65","000","00","010","1010","0079","699","528","171","81","780","1373","0","56.81","38.46"
"65","000","00","010","1010","0080","875","701","174","41","916","1732","0","52.89","40.47"
"65","000","00","010","1010","0081","711","533","178","52","763","1519","0","50.23","35.09"
"65","000","00","010","1010","0082","788","621","167","28","816","1727","0","47.25","35.96"
"65","000","00","010","1011","0000","2463","1893","570","216","2679","5041","0","53.14","37.55"
"65","000","00","010","1011","0072","739","556","183","62","801","1600","0","50.06","34.75"
"65","000","00","010","1011","0073","971","750","221","74","1045","1874","0","55.76","40.02"
"65","000","00","010","1011","0074","753","587","166","80","833","1567","0","53.16","37.46"
"65","000","00","010","1012","0000","4317","3377","940","234","4551","8417","0","54.07","40.12"
"65","000","00","010","1012","0093","899","737","162","63","962","1804","0","53.33","40.85"
"65","000","00","010","1012","0094","649","497","152","47","696","1322","0","52.65","37.59"
"65","000","00","010","1012","0095","991","784","207","37","1028","2019","0","50.92","38.83"
"65","000","00","010","1012","0096","944","737","207","45","989","1696","0","58.31","43.46"
"65","000","00","010","1012","0097","834","622","212","42","876","1576","0","55.58","39.47"
"65","000","00","010","1013","0000","818","580","238","80","898","2027","0","44.3","28.61"
"65","000","00","010","1013","0037","453","339","114","33","486","1153","0","42.15","29.4"
"65","000","00","010","1013","0038","365","241","124","47","412","874","0","47.14","27.57"
"65","000","00","010","1014","0000","500","348","152","88","588","1063","0","55.32","32.74"
"65","000","00","010","1014","0039","500","348","152","88","588","1063","0","55.32","32.74"
"65","000","00","010","1015","0000","577","439","138","41","618","1309","0","47.21","33.54"
"65","000","00","010","1015","0040","577","439","138","41","618","1309","0","47.21","33.54"
"65","000","00","010","1016","0000","637","475","162","55","692","1290","0","53.64","36.82"
"65","000","00","010","1016","0041","637","475","162","55","692","1290","0","53.64","36.82"
"65","000","00","010","1017","0000","3191","2499","692","197","3388","6129","0","55.28","40.77"
"65","000","00","010","1017","0042","897","712","185","39","936","1675","0","55.88","42.51"
"65","000","00","010","1017","0043","817","642","175","57","874","1589","0","55.0","40.4"
"65","000","00","010","1017","0044","870","680","190","53","923","1624","0","56.83","41.87"
"65","000","00","010","1017","0045","607","465","142","48","655","1241","0","52.78","37.47"
"65","000","00","010","1018","0000","2925","2244","681","196","3121","5578","0","55.95","40.23"
"65","000","00","010","1018","0046","643","480","163","64","707","1317","0","53.68","36.45"
"65","000","00","010","1018","0047","650","496","154","38","688","1225","0","56.16","40.49"
"65","000","00","010","1018","0048","750","593","157","40","790","1426","0","55.4","41.58"
"65","000","00","010","1018","0049","882","675","207","54","936","1610","0","58.14","41.93"
"65","000","00","010","1019","0000","3197","2489","708","260","3457","6426","0","53.8","38.73"
"65","000","00","010","1019","0052","862","658","204","59","921","1822","0","50.55","36.11"
"65","000","00","010","1019","0053","657","493","164","78","735","1232","0","59.66","40.02"
"65","000","00","010","1019","0054","836","646","190","69","905","1588","0","56.99","40.68"
"65","000","00","010","1019","0055","842","692","150","54","896","1784","0","50.22","38.79"
"65","000","00","010","1020","0000","2572","1939","633","183","2755","5205","0","52.93","37.25"
"65","000","00","010","1020","0056","845","611","234","79","924","1762","0","52.44","34.68"
"65","000","00","010","1020","0057","766","595","171","51","817","1546","0","52.85","38.49"
"65","000","00","010","1020","0058","961","733","228","53","1014","1897","0","53.45","38.64"
"65","000","00","010","1021","0000","4555","3545","1010","218","4773","9332","0","51.15","37.99"
"65","000","00","010","1021","0059","751","587","164","45","796","1489","0","53.46","39.42"
"65","000","00","010","1021","0060","805","610","195","55","860","1679","0","51.22","36.33"
"65","000","00","010","1021","0061","803","619","184","41","844","1693","0","49.85","36.56"
"65","000","00","010","1021","0062","763","585","178","25","788","1674","0","47.07","34.95"
"65","000","00","010","1021","0063","696","548","148","25","721","1330","0","54.21","41.2"
"65","000","00","010","1021","0064","737","596","141","27","764","1467","0","52.08","40.63"
"65","000","00","010","1022","0000","2871","2282","589","181","3052","5459","0","55.91","41.8"
"65","000","00","010","1022","0098","957","832","125","48","1005","1781","0","56.43","46.72"
"65","000","00","010","1022","0099","910","688","222","61","971","1665","0","58.32","41.32"
"65","000","00","010","1022","0100","1004","762","242","72","1076","2013","0","53.45","37.85"
"65","000","00","010","1023","0000","1809","1379","430","122","1931","3659","0","52.77","37.69"
"65","000","00","010","1023","0106","548","402","146","37","585","1289","0","45.38","31.19"
"65","000","00","010","1023","0107","730","571","159","52","782","1319","0","59.29","43.29"
"65","000","00","010","1023","0108","531","406","125","33","564","1051","0","53.66","38.63"
"65","000","00","010","1024","0000","671","524","147","42","713","1348","0","52.89","38.87"
"65","000","00","010","1024","0109","671","524","147","42","713","1348","0","52.89","38.87"
"65","000","00","010","1025","0000","515","400","115","47","562","1106","0","50.81","36.17"
"65","000","00","010","1025","0110","515","400","115","47","562","1106","0","50.81","36.17"
"65","000","00","010","1026","0000","384","274","110","34","418","717","0","58.3","38.21"
"65","000","00","010","1026","0111","384","274","110","34","418","717","0","58.3","38.21"
"65","000","00","010","1027","0000","674","494","180","41","715","1385","0","51.62","35.67"
"65","000","00","010","1027","0112","674","494","180","41","715","1385","0","51.62","35.67"
"65","000","00","010","1028","0000","457","332","125","46","503","841","0","59.81","39.48"
"65","000","00","010","1028","0113","457","332","125","46","503","841","0","59.81","39.48"
"65","000","00","010","1029","0000","344","263","81","34","378","665","0","56.84","39.55"
"65","000","00","010","1029","0114","344","263","81","34","378","665","0","56.84","39.55"
"65","000","00","010","1030","0000","228","176","52","23","251","419","0","59.9","42.0"
"65","000","00","010","1030","0115","228","176","52","23","251","419","0","59.9","42.0"
"65","000","00","010","1031","0000","845","653","192","35","880","1599","0","55.03","40.84"
"65","000","00","010","1031","0116","845","653","192","35","880","1599","0","55.03","40.84"
"65","000","00","010","1032","0000","2442","1946","496","184","2626","4930","0","53.27","39.47"
"65","000","00","010","1032","0117","822","628","194","55","877","1670","0","52.51","37.6"
"65","000","00","010","1032","0118","891","760","131","65","956","1683","0","56.8","45.16"
"65","000","00","010","1032","0119","729","558","171","64","793","1577","0","50.29","35.38"
"65","000","00","010","1033","0000","1726","1337","389","101","1827","3832","0","47.68","34.89"
"65","000","00","010","1033","0120","754","588","166","55","809","1618","0","50.0","36.34"
"65","000","00","010","1033","0121","972","749","223","46","1018","2214","0","45.98","33.83"
"65","000","00","010","1034","0000","1895","1348","547","147","2042","3750","0","54.45","35.95"
"65","000","00","010","1034","0083","669","401","268","38","707","1297","0","54.51","30.92"
"65","000","00","010","1034","0084","517","397","120","52","569","1066","0","53.38","37.24"
"65","000","00","010","1034","0085","709","550","159","57","766","1387","0","55.23","39.65"
"65","000","00","010","1035","0000","3685","2817","868","232","3917","7408","0","52.88","38.03"
"65","000","00","010","1035","0086","973","723","250","62","1035","1909","0","54.22","37.87"
"65","000","00","010","1035","0087","885","678","207","63","948","1770","0","53.56","38.31"
"65","000","00","010","1035","0088","956","747","209","70","1026","2049","0","50.07","36.46"
"65","000","00","010","1035","0089","871","669","202","37","908","1680","0","54.05","39.82"
"65","000","00","010","1036","0000","2197","1659","538","176","2373","4250","0","55.84","39.04"
"65","000","00","010","1036","0090","775","571","204","69","844","1433","0","58.9","39.85"
"65","000","00","010","1036","0091","676","518","158","42","718","1365","0","52.6","37.95"
"65","000","00","010","1036","0092","746","570","176","65","811","1452","0","55.85","39.26"
"65","000","00","010","1037","0000","2063","1615","448","91","2154","4020","0","53.58","40.17"
"65","000","00","010","1037","0077","1047","814","233","51","1098","1992","0","55.12","40.86"
"65","000","00","010","1037","0078","1016","801","215","40","1056","2028","0","52.07","39.5"
"65","000","00","010","1038","0000","1260","931","329","70","1330","2456","0","54.15","37.91"
"65","000","00","010","1038","0075","660","490","170","38","698","1245","0","56.06","39.36"
"65","000","00","010","1038","0076","600","441","159","32","632","1211","0","52.19","36.42"
"65","000","00","010","1039","0000","1852","1407","445","108","1960","3906","0","50.18","36.02"
"65","000","00","010","1039","0050","1015","780","235","50","1065","1982","0","53.73","39.35"
"65","000","00","010","1039","0051","837","627","210","58","895","1924","0","46.52","32.59"
"65","000","00","010","1040","0000","1813","1341","472","135","1948","3612","0","53.93","37.13"
"65","000","00","010","1040","0101","551","396","155","43","594","1108","0","53.61","35.74"
"65","000","00","010","1040","0102","653","504","149","68","721","1305","0","55.25","38.62"
"65","000","00","010","1040","0103","609","441","168","24","633","1199","0","52.79","36.78"
"65","000","00","010","1041","0000","1940","1481","459","150","2090","4142","0","50.46","35.76"
"65","000","00","010","1041","0104","990","777","213","71","1061","2017","0","52.6","38.52"
"65","000","00","010","1041","0105","950","704","246","79","1029","2125","0","48.42","33.13"
"65","000","00","010","1042","0000","3171","2531","640","169","3340","6953","0","48.04","36.4"
"65","000","00","010","1042","0122","887","674","213","66","953","1832","0","52.02","36.79"
"65","000","00","010","1042","0123","1035","807","228","71","1106","2123","0","52.1","38.01"
"65","000","00","010","1042","0124","1249","1050","199","32","1281","2998","0","42.73","35.02"
"65","000","00","011","0000","0000","84893","65487","19406","6318","91211","173831","200217","52.47","37.67"
"65","000","00","011","1101","0000","653","515","138","53","706","1262","0","55.94","40.81"
"65","000","00","011","1101","2337","653","515","138","53","706","1262","0","55.94","40.81"
"65","000","00","011","1102","0000","471","352","119","70","541","917","0","59.0","38.39"
"65","000","00","011","1102","2338","471","352","119","70","541","917","0","59.0","38.39"
"65","000","00","011","1103","0000","2101","1618","483","143","2244","4156","0","53.99","38.93"
"65","000","00","011","1103","2339","1000","774","226","66","1066","1929","0","55.26","40.12"
"65","000","00","011","1103","2340","1101","844","257","77","1178","2227","0","52.9","37.9"
"65","000","00","011","1104","0000","152","110","42","21","173","322","0","53.73","34.16"
"65","000","00","011","1104","2343","152","110","42","21","173","322","0","53.73","34.16"
"65","000","00","011","1105","0000","1222","930","292","102","1324","2564","0","51.64","36.27"
"65","000","00","011","1105","2373","604","459","145","59","663","1244","0","53.3","36.9"
"65","000","00","011","1105","2374","618","471","147","43","661","1320","0","50.08","35.68"
"65","000","00","011","1106","0000","1689","1276","413","135","1824","4797","0","38.02","26.6"
"65","000","00","011","1106","2350","326","225","101","30","356","1809","0","19.68","12.44"
"65","000","00","011","1106","2351","696","524","172","34","730","1601","0","45.6","32.73"
"65","000","00","011","1106","2352","667","527","140","71","738","1387","0","53.21","38.0"
"65","000","00","011","1107","0000","2342","1758","584","140","2482","4840","0","51.28","36.32"
"65","000","00","011","1107","2344","776","576","200","4","780","1460","0","53.42","39.45"
"65","000","00","011","1107","2345","804","593","211","71","875","1719","0","50.9","34.5"
"65","000","00","011","1107","2346","762","589","173","65","827","1661","0","49.79","35.46"
"65","000","00","011","1108","0000","3125","2382","743","164","3289","6144","0","53.53","38.77"
"65","000","00","011","1108","2355","1056","824","232","54","1110","2072","0","53.57","39.77"
"65","000","00","011","1108","2356","1164","884","280","65","1229","2120","0","57.97","41.7"
"65","000","00","011","1108","2357","905","674","231","45","950","1952","0","48.67","34.53"
"65","000","00","011","1109","0000","1842","1334","508","180","2022","3964","0","51.01","33.65"
"65","000","00","011","1109","2365","647","468","179","71","718","1363","0","52.68","34.34"
"65","000","00","011","1109","2366","635","459","176","58","693","1368","0","50.66","33.55"
"65","000","00","011","1109","2367","560","407","153","51","611","1233","0","49.55","33.01"
"65","000","00","011","1110","0000","674","505","169","65","739","1481","0","49.9","34.1"
"65","000","00","011","1110","2378","674","505","169","65","739","1481","0","49.9","34.1"
"65","000","00","011","1111","0000","702","533","169","70","772","1497","0","51.57","35.6"
"65","000","00","011","1111","2379","702","533","169","70","772","1497","0","51.57","35.6"
"65","000","00","011","1112","0000","1851","1467","384","118","1969","3940","0","49.97","37.23"
"65","000","00","011","1112","2381","893","698","195","63","956","1913","0","49.97","36.49"
"65","000","00","011","1112","2382","958","769","189","55","1013","2027","0","49.98","37.94"
"65","000","00","011","1113","0000","977","764","213","73","1050","2127","0","49.37","35.92"
"65","000","00","011","1113","2385","977","764","213","73","1050","2127","0","49.37","35.92"
"65","000","00","011","1114","0000","2439","1853","586","198","2637","5447","0","48.41","34.02"
"65","000","00","011","1114","2386","709","548","161","56","765","1642","0","46.59","33.37"
"65","000","00","011","1114","2387","905","671","234","91","996","1912","0","52.09","35.09"
"65","000","00","011","1114","2388","825","634","191","51","876","1893","0","46.28","33.49"
"65","000","00","011","1115","0000","2072","1601","471","211","2283","4554","0","50.13","35.16"
"65","000","00","011","1115","2389","635","481","154","76","711","1466","0","48.5","32.81"
"65","000","00","011","1115","2390","707","552","155","83","790","1538","0","51.37","35.89"
"65","000","00","011","1115","2391","730","568","162","52","782","1550","0","50.45","36.65"
"65","000","00","011","1116","0000","660","509","151","72","732","1456","0","50.27","34.96"
"65","000","00","011","1116","2392","660","509","151","72","732","1456","0","50.27","34.96"
"65","000","00","011","1117","0000","514","403","111","58","572","947","0","60.4","42.56"
"65","000","00","011","1117","2393","514","403","111","58","572","947","0","60.4","42.56"
"65","000","00","011","1118","0000","810","604","206","43","853","1988","0","42.91","30.38"
"65","000","00","011","1118","2400","810","604","206","43","853","1988","0","42.91","30.38"
"65","000","00","011","1119","0000","1775","1303","472","209","1984","4055","0","48.93","32.13"
"65","000","00","011","1119","2395","898","673","225","128","1026","2043","0","50.22","32.94"
"65","000","00","011","1119","2396","877","630","247","81","958","2012","0","47.61","31.31"
"65","000","00","011","1120","0000","2722","2112","610","267","2989","5100","0","58.61","41.41"
"65","000","00","011","1120","2431","695","542","153","70","765","1335","0","57.3","40.6"
"65","000","00","011","1120","2432","746","597","149","61","807","1324","0","60.95","45.09"
"65","000","00","011","1120","2433","695","534","161","86","781","1286","0","60.73","41.52"
"65","000","00","011","1120","2434","586","439","147","50","636","1155","0","55.06","38.01"
"65","000","00","011","1121","0000","1671","1317","354","109","1780","3847","0","46.27","34.23"
"65","000","00","011","1121","2363","811","651","160","58","869","1941","0","44.77","33.54"
"65","000","00","011","1121","2364","860","666","194","51","911","1906","0","47.8","34.94"
"65","000","00","011","1122","0000","2088","1596","492","219","2307","4215","0","54.73","37.86"
"65","000","00","011","1122","2438","1079","816","263","124","1203","2184","0","55.08","37.36"
"65","000","00","011","1122","2439","1009","780","229","95","1104","2031","0","54.36","38.4"
"65","000","00","011","1123","0000","284","224","60","19","303","556","0","54.5","40.29"
"65","000","00","011","1123","2380","284","224","60","19","303","556","0","54.5","40.29"
"65","000","00","011","1124","0000","1722","1325","397","142","1864","3336","0","55.88","39.72"
"65","000","00","011","1124","2440","891","688","203","81","972","1759","0","55.26","39.11"
"65","000","00","011","1124","2441","831","637","194","61","892","1577","0","56.56","40.39"
"65","000","00","011","1125","0000","1436","1116","320","60","1496","2765","0","54.1","40.36"
"65","000","00","011","1125","2442","693","534","159","18","711","1364","0","52.13","39.15"
"65","000","00","011","1125","2443","743","582","161","42","785","1401","0","56.03","41.54"
"65","000","00","011","1126","0000","3173","2424","749","255","3428","6938","0","49.41","34.94"
"65","000","00","011","1126","2411","829","631","198","59","888","1765","0","50.31","35.75"
"65","000","00","011","1126","2412","746","571","175","43","789","1815","0","43.47","31.46"
"65","000","00","011","1126","2413","808","603","205","71","879","1778","0","49.44","33.91"
"65","000","00","011","1126","2414","790","619","171","82","872","1580","0","55.19","39.18"
"65","000","00","011","1127","0000","2566","2011","555","149","2715","5304","0","51.19","37.91"
"65","000","00","011","1127","2422","928","701","227","58","986","2035","0","48.45","34.45"
"65","000","00","011","1127","2423","886","688","198","69","955","1895","0","50.4","36.31"
"65","000","00","011","1127","2424","752","622","130","22","774","1374","0","56.33","45.27"
"65","000","00","011","1128","0000","768","598","170","87","855","1595","0","53.61","37.49"
"65","000","00","011","1128","2336","768","598","170","87","855","1595","0","53.61","37.49"
"65","000","00","011","1129","0000","3117","2439","678","186","3303","6514","0","50.71","37.44"
"65","000","00","011","1129","2405","742","581","161","34","776","1511","0","51.36","38.45"
"65","000","00","011","1129","2406","762","591","171","38","800","1691","0","47.31","34.95"
"65","000","00","011","1129","2407","815","641","174","51","866","1636","0","52.93","39.18"
"65","000","00","011","1129","2408","798","626","172","63","861","1676","0","51.37","37.35"
"65","000","00","011","1130","0000","3538","2757","781","267","3805","7292","0","52.18","37.81"
"65","000","00","011","1130","2401","1034","802","232","55","1089","2198","0","49.55","36.49"
"65","000","00","011","1130","2402","805","628","177","61","866","1712","0","50.58","36.68"
"65","000","00","011","1130","2403","931","730","201","74","1005","1806","0","55.65","40.42"
"65","000","00","011","1130","2404","768","597","171","77","845","1576","0","53.62","37.88"
"65","000","00","011","1131","0000","2399","1837","562","197","2596","4725","0","54.94","38.88"
"65","000","00","011","1131","2358","800","610","190","78","878","1654","0","53.08","36.88"
"65","000","00","011","1131","2359","689","527","162","68","757","1444","0","52.42","36.5"
"65","000","00","011","1131","2360","910","700","210","51","961","1627","0","59.07","43.02"
"65","000","00","011","1132","0000","1879","1463","416","113","1992","3817","0","52.19","38.33"
"65","000","00","011","1132","2361","845","639","206","64","909","1751","0","51.91","36.49"
"65","000","00","011","1132","2362","1034","824","210","49","1083","2066","0","52.42","39.88"
"65","000","00","011","1133","0000","2141","1668","473","162","2303","4604","0","50.02","36.23"
"65","000","00","011","1133","2397","625","500","125","40","665","1471","0","45.21","33.99"
"65","000","00","011","1133","2398","751","582","169","63","814","1603","0","50.78","36.31"
"65","000","00","011","1133","2399","765","586","179","59","824","1530","0","53.86","38.3"
"65","000","00","011","1134","0000","1402","1065","337","114","1516","2941","0","51.55","36.21"
"65","000","00","011","1134","2415","752","569","183","54","806","1516","0","53.17","37.53"
"65","000","00","011","1134","2416","650","496","154","60","710","1425","0","49.82","34.81"
"65","000","00","011","1135","0000","1426","1087","339","108","1534","2824","0","54.32","38.49"
"65","000","00","011","1135","2417","714","557","157","44","758","1388","0","54.61","40.13"
"65","000","00","011","1135","2418","712","530","182","64","776","1436","0","54.04","36.91"
"65","000","00","011","1136","0000","2223","1734","489","111","2334","4624","0","50.48","37.5"
"65","000","00","011","1136","2419","795","611","184","44","839","1591","0","52.73","38.4"
"65","000","00","011","1136","2420","770","607","163","41","811","1639","0","49.48","37.03"
"65","000","00","011","1136","2421","658","516","142","26","684","1394","0","49.07","37.02"
"65","000","00","011","1137","0000","1853","1460","393","113","1966","3176","0","61.9","45.97"
"65","000","00","011","1137","2435","986","767","219","49","1035","1682","0","61.53","45.6"
"65","000","00","011","1137","2436","867","693","174","64","931","1494","0","62.32","46.39"
"65","000","00","011","1138","0000","629","443","186","68","697","1166","0","59.78","37.99"
"65","000","00","011","1138","2437","629","443","186","68","697","1166","0","59.78","37.99"
"65","000","00","011","1139","0000","1991","1572","419","114","2105","3753","0","56.09","41.89"
"65","000","00","011","1139","2444","641","482","159","52","693","1173","0","59.08","41.09"
"65","000","00","011","1139","2445","554","456","98","26","580","993","0","58.41","45.92"
"65","000","00","011","1139","2446","796","634","162","36","832","1587","0","52.43","39.95"
"65","000","00","011","1140","0000","1164","914","250","89","1253","2429","0","51.59","37.63"
"65","000","00","011","1140","2409","604","479","125","50","654","1264","0","51.74","37.9"
"65","000","00","011","1140","2410","560","435","125","39","599","1165","0","51.42","37.34"
"65","000","00","011","1141","0000","1292","963","329","105","1397","2510","0","55.66","38.37"
"65","000","00","011","1141","2341","583","409","174","62","645","1143","0","56.43","35.78"
"65","000","00","011","1141","2342","709","554","155","43","752","1367","0","55.01","40.53"
"65","000","00","011","1142","0000","2132","1670","462","102","2234","4378","0","51.03","38.15"
"65","000","00","011","1142","2368","731","579","152","32","763","1554","0","49.1","37.26"
"65","000","00","011","1142","2369","803","616","187","40","843","1700","0","49.59","36.24"
"65","000","00","011","1142","2370","598","475","123","30","628","1124","0","55.87","42.26"
"65","000","00","011","1143","0000","3037","2377","660","189","3226","5763","0","55.98","41.25"
"65","000","00","011","1143","2427","808","635","173","45","853","1548","0","55.1","41.02"
"65","000","00","011","1143","2428","740","587","153","33","773","1350","0","57.26","43.48"
"65","000","00","011","1143","2429","775","599","176","39","814","1499","0","54.3","39.96"
"65","000","00","011","1143","2430","714","556","158","72","786","1366","0","57.54","40.7"
"65","000","00","011","1144","0000","483","360","123","27","510","923","0","55.25","39.0"
"65","000","00","011","1144","2394","483","360","123","27","510","923","0","55.25","39.0"
"65","000","00","011","1145","0000","2546","2007","539","194","2740","4938","0","55.49","40.64"
"65","000","00","011","1145","2347","827","644","183","73","900","1590","0","56.6","40.5"
"65","000","00","011","1145","2348","816","645","171","55","871","1599","0","54.47","40.34"
"65","000","00","011","1145","2349","903","718","185","66","969","1749","0","55.4","41.05"
"65","000","00","011","1146","0000","2079","1530","549","171","2250","3853","0","58.4","39.71"
"65","000","00","011","1146","2353","1000","679","321","94","1094","1779","0","61.5","38.17"
"65","000","00","011","1146","2354","1079","851","228","77","1156","2074","0","55.74","41.03"
"65","000","00","011","1147","0000","2389","1904","485","166","2555","4541","0","56.27","41.93"
"65","000","00","011","1147","2375","773","594","179","52","825","1473","0","56.01","40.33"
"65","000","00","011","1147","2376","922","730","192","70","992","1802","0","55.05","40.51"
"65","000","00","011","1147","2377","694","580","114","44","738","1266","0","58.29","45.81"
"65","000","00","011","1148","0000","2025","1599","426","150","2175","3950","0","55.06","40.48"
"65","000","00","011","1148","2371","998","773","225","85","1083","1900","0","57.0","40.68"
"65","000","00","011","1148","2372","1027","826","201","65","1092","2050","0","53.27","40.29"
"65","000","00","011","1149","0000","1398","1135","263","56","1454","2373","0","61.27","47.83"
"65","000","00","011","1149","2425","600","484","116","26","626","1061","0","59.0","45.62"
"65","000","00","011","1149","2426","798","651","147","30","828","1312","0","63.11","49.62"
"65","000","00","011","1150","0000","1249","963","286","84","1333","2623","0","50.82","36.71"
"65","000","00","011","1150","2383","906","718","188","38","944","1927","0","48.99","37.26"
"65","000","00","011","1150","2384","343","245","98","46","389","696","0","55.89","35.2"
"65","000","00","012","0000","0000","15423","11838","3585","1369","16792","35036","40022","47.93","33.79"
"65","000","00","012","1201","0000","384","302","82","35","419","725","0","57.79","41.66"
"65","000","00","012","1201","2220","384","302","82","35","419","725","0","57.79","41.66"
"65","000","00","012","1202","0000","952","753","199","73","1025","1899","0","53.98","39.65"
"65","000","00","012","1202","2221","551","431","120","53","604","1074","0","56.24","40.13"
"65","000","00","012","1202","2222","401","322","79","20","421","825","0","51.03","39.03"
"65","000","00","012","1203","0000","618","479","139","38","656","1242","0","52.82","38.57"
"65","000","00","012","1203","2223","618","479","139","38","656","1242","0","52.82","38.57"
"65","000","00","012","1204","0000","753","591","162","81","834","1632","0","51.1","36.21"
"65","000","00","012","1204","2225","426","337","89","42","468","872","0","53.67","38.65"
"65","000","00","012","1204","2226","327","254","73","39","366","760","0","48.16","33.42"
"65","000","00","012","1205","0000","582","463","119","37","619","1330","0","46.54","34.81"
"65","000","00","012","1205","2227","582","463","119","37","619","1330","0","46.54","34.81"
"65","000","00","012","1206","0000","297","241","56","31","328","598","0","54.85","40.3"
"65","000","00","012","1206","2224","297","241","56","31","328","598","0","54.85","40.3"
"65","000","00","012","1207","0000","1640","1247","393","165","1805","3609","0","50.01","34.55"
"65","000","00","012","1207","2228","711","535","176","73","784","1683","0","46.58","31.79"
"65","000","00","012","1207","2229","475","368","107","45","520","980","0","53.06","37.55"
"65","000","00","012","1207","2230","454","344","110","47","501","946","0","52.96","36.36"
"65","000","00","012","1208","0000","503","372","131","59","562","1089","0","51.61","34.16"
"65","000","00","012","1208","2235","503","372","131","59","562","1089","0","51.61","34.16"
"65","000","00","012","1209","0000","677","512","165","57","734","1623","0","45.22","31.55"
"65","000","00","012","1209","2233","391","307","84","28","419","978","0","42.84","31.39"
"65","000","00","012","1209","2234","286","205","81","29","315","645","0","48.84","31.78"
"65","000","00","012","1210","0000","541","438","103","57","598","1291","0","46.32","33.93"
"65","000","00","012","1210","2245","319","265","54","45","364","673","0","54.09","39.38"
"65","000","00","012","1210","2246","222","173","49","12","234","618","0","37.86","27.99"
"65","000","00","012","1211","0000","825","642","183","95","920","1701","0","54.09","37.74"
"65","000","00","012","1211","2240","410","316","94","40","450","817","0","55.08","38.68"
"65","000","00","012","1211","2241","415","326","89","55","470","884","0","53.17","36.88"
"65","000","00","012","1212","0000","1312","1026","286","92","1404","2985","0","47.04","34.37"
"65","000","00","012","1212","2242","584","442","142","49","633","1333","0","47.49","33.16"
"65","000","00","012","1212","2243","224","189","35","7","231","607","0","38.06","31.14"
"65","000","00","012","1212","2244","504","395","109","36","540","1045","0","51.67","37.8"
"65","000","00","012","1213","0000","889","700","189","72","961","1923","0","49.97","36.4"
"65","000","00","012","1213","2247","471","379","92","25","496","1063","0","46.66","35.65"
"65","000","00","012","1213","2248","418","321","97","47","465","860","0","54.07","37.33"
"65","000","00","012","1214","0000","199","147","52","31","230","461","0","49.89","31.89"
"65","000","00","012","1214","2237","199","147","52","31","230","461","0","49.89","31.89"
"65","000","00","012","1215","0000","115","91","24","22","137","274","0","50.0","33.21"
"65","000","00","012","1215","2238","115","91","24","22","137","274","0","50.0","33.21"
"65","000","00","012","1216","0000","106","84","22","15","121","286","0","42.31","29.37"
"65","000","00","012","1216","2236","106","84","22","15","121","286","0","42.31","29.37"
"65","000","00","012","1217","0000","82","60","22","11","93","155","0","60.0","38.71"
"65","000","00","012","1217","2239","82","60","22","11","93","155","0","60.0","38.71"
"65","000","00","012","1218","0000","125","102","23","6","131","432","0","30.32","23.61"
"65","000","00","012","1218","2249","125","102","23","6","131","432","0","30.32","23.61"
"65","000","00","012","1219","0000","162","130","32","8","170","445","0","38.2","29.21"
"65","000","00","012","1219","2250","162","130","32","8","170","445","0","38.2","29.21"
"65","000","00","012","1220","0000","125","106","19","9","134","318","0","42.14","33.33"
"65","000","00","012","1220","2251","125","106","19","9","134","318","0","42.14","33.33"
"65","000","00","012","1221","0000","67","53","14","10","77","159","0","48.43","33.33"
"65","000","00","012","1221","2252","67","53","14","10","77","159","0","48.43","33.33"
"65","000","00","012","1222","0000","128","101","27","17","145","337","0","43.03","29.97"
"65","000","00","012","1222","2253","128","101","27","17","145","337","0","43.03","29.97"
"65","000","00","012","1223","0000","167","128","39","24","191","369","0","51.76","34.69"
"65","000","00","012","1223","2256","167","128","39","24","191","369","0","51.76","34.69"
"65","000","00","012","1224","0000","87","67","20","11","98","180","0","54.44","37.22"
"65","000","00","012","1224","2254","87","67","20","11","98","180","0","54.44","37.22"
"65","000","00","012","1225","0000","66","56","10","15","81","187","0","43.32","29.95"
"65","000","00","012","1225","2255","66","56","10","15","81","187","0","43.32","29.95"
"65","000","00","012","1226","0000","162","115","47","24","186","335","0","55.52","34.33"
"65","000","00","012","1226","2257","162","115","47","24","186","335","0","55.52","34.33"
"65","000","00","012","1227","0000","109","80","29","7","116","297","0","39.06","26.94"
"65","000","00","012","1227","2259","109","80","29","7","116","297","0","39.06","26.94"
"65","000","00","012","1228","0000","182","131","51","18","200","470","0","42.55","27.87"
"65","000","00","012","1228","2258","182","131","51","18","200","470","0","42.55","27.87"
"65","000","00","012","1229","0000","431","299","132","31","462","1241","0","37.23","24.09"
"65","000","00","012","1229","2262","431","299","132","31","462","1241","0","37.23","24.09"
"65","000","00","012","1230","0000","918","605","313","112","1030","1946","0","52.93","31.09"
"65","000","00","012","1230","2263","468","310","158","62","530","998","0","53.11","31.06"
"65","000","00","012","1230","2264","450","295","155","50","500","948","0","52.74","31.12"
"65","000","00","012","1231","0000","497","335","162","24","521","1308","0","39.83","25.61"
"65","000","00","012","1231","2265","497","335","162","24","521","1308","0","39.83","25.61"
"65","000","00","012","1232","0000","161","133","28","3","164","267","0","61.42","49.81"
"65","000","00","012","1232","2260","161","133","28","3","164","267","0","61.42","49.81"
"65","000","00","012","1233","0000","210","161","49","11","221","876","0","25.23","18.38"
"65","000","00","012","1233","2261","210","161","49","11","221","876","0","25.23","18.38"
"65","000","00","012","1234","0000","1351","1088","263","68","1419","3046","0","46.59","35.72"
"65","000","00","012","1234","2231","570","465","105","28","598","1375","0","43.49","33.82"
"65","000","00","012","1234","2232","781","623","158","40","821","1671","0","49.13","37.28"
"65","000","00","013","0000","0000","100764","76760","24004","8642","109406","200783","236964","54.49","38.23"
"65","000","00","013","1301","0000","1678","1296","382","169","1847","4869","0","37.93","26.62"
"65","000","00","013","1301","1799","485","361","124","52","537","2518","0","21.33","14.34"
"65","000","00","013","1301","1800","613","467","146","48","661","1218","0","54.27","38.34"
"65","000","00","013","1301","1801","580","468","112","69","649","1133","0","57.28","41.31"
"65","000","00","013","1302","0000","940","692","248","98","1038","1825","0","56.88","37.92"
"65","000","00","013","1302","1802","450","329","121","41","491","894","0","54.92","36.8"
"65","000","00","013","1302","1803","490","363","127","57","547","931","0","58.75","38.99"
"65","000","00","013","1303","0000","2798","2161","637","209","3007","5283","0","56.92","40.9"
"65","000","00","013","1303","1808","731","566","165","52","783","1378","0","56.82","41.07"
"65","000","00","013","1303","1809","766","584","182","60","826","1421","0","58.13","41.1"
"65","000","00","013","1303","1810","677","534","143","43","720","1340","0","53.73","39.85"
"65","000","00","013","1303","1811","624","477","147","54","678","1144","0","59.27","41.7"
"65","000","00","013","1304","0000","2449","1950","499","203","2652","4954","0","53.53","39.36"
"65","000","00","013","1304","1795","652","484","168","42","694","1292","0","53.72","37.46"
"65","000","00","013","1304","1796","661","521","140","33","694","1324","0","52.42","39.35"
"65","000","00","013","1304","1797","548","502","46","65","613","1155","0","53.07","43.46"
"65","000","00","013","1304","1798","588","443","145","63","651","1183","0","55.03","37.45"
"65","000","00","013","1305","0000","1078","915","163","71","1149","1820","0","63.13","50.27"
"65","000","00","013","1305","1804","1078","915","163","71","1149","1820","0","63.13","50.27"
"65","000","00","013","1306","0000","2113","1588","525","244","2357","4161","0","56.65","38.16"
"65","000","00","013","1306","1820","688","501","187","91","779","1356","0","57.45","36.95"
"65","000","00","013","1306","1821","762","587","175","71","833","1496","0","55.68","39.24"
"65","000","00","013","1306","1822","663","500","163","82","745","1309","0","56.91","38.2"
"65","000","00","013","1307","0000","2715","2009","706","275","2990","5067","0","59.01","39.65"
"65","000","00","013","1307","1816","644","475","169","60","704","1230","0","57.24","38.62"
"65","000","00","013","1307","1817","681","502","179","87","768","1342","0","57.23","37.41"
"65","000","00","013","1307","1818","691","510","181","53","744","1268","0","58.68","40.22"
"65","000","00","013","1307","1819","699","522","177","75","774","1227","0","63.08","42.54"
"65","000","00","013","1308","0000","1961","1497","464","200","2161","3900","0","55.41","38.38"
"65","000","00","013","1308","1827","585","439","146","80","665","1182","0","56.26","37.14"
"65","000","00","013","1308","1828","777","600","177","57","834","1558","0","53.53","38.51"
"65","000","00","013","1308","1829","599","458","141","63","662","1160","0","57.07","39.48"
"65","000","00","013","1309","0000","1537","1167","370","117","1654","2965","0","55.78","39.36"
"65","000","00","013","1309","1858","715","529","186","59","774","1445","0","53.56","36.61"
"65","000","00","013","1309","1859","822","638","184","58","880","1520","0","57.89","41.97"
"65","000","00","013","1310","0000","3927","3010","917","321","4248","7503","0","56.62","40.12"
"65","000","00","013","1310","1840","782","590","192","84","866","1576","0","54.95","37.44"
"65","000","00","013","1310","1841","757","585","172","69","826","1458","0","56.65","40.12"
"65","000","00","013","1310","1842","790","594","196","80","870","1517","0","57.35","39.16"
"65","000","00","013","1310","1843","804","630","174","43","847","1489","0","56.88","42.31"
"65","000","00","013","1310","1844","794","611","183","45","839","1463","0","57.35","41.76"
"65","000","00","013","1311","0000","1362","991","371","188","1550","2821","0","54.95","35.13"
"65","000","00","013","1311","1830","689","501","188","72","761","1357","0","56.08","36.92"
"65","000","00","013","1311","1831","673","490","183","116","789","1464","0","53.89","33.47"
"65","000","00","013","1312","0000","3583","2735","848","297","3880","7204","0","53.86","37.97"
"65","000","00","013","1312","1875","715","530","185","73","788","1402","0","56.21","37.8"
"65","000","00","013","1312","1876","692","531","161","62","754","1379","0","54.68","38.51"
"65","000","00","013","1312","1877","706","550","156","49","755","1471","0","51.33","37.39"
"65","000","00","013","1312","1878","698","549","149","49","747","1410","0","52.98","38.94"
"65","000","00","013","1312","1879","772","575","197","64","836","1542","0","54.22","37.29"
"65","000","00","013","1313","0000","2545","1863","682","239","2784","5586","0","49.84","33.35"
"65","000","00","013","1313","1864","603","394","209","52","655","1337","0","48.99","29.47"
"65","000","00","013","1313","1865","536","397","139","56","592","1325","0","44.68","29.96"
"65","000","00","013","1313","1866","655","485","170","52","707","1390","0","50.86","34.89"
"65","000","00","013","1313","1867","751","587","164","79","830","1534","0","54.11","38.27"
"65","000","00","013","1314","0000","2042","1577","465","157","2199","3850","0","57.12","40.96"
"65","000","00","013","1314","1880","626","462","164","57","683","1238","0","55.17","37.32"
"65","000","00","013","1314","1881","621","492","129","55","676","1301","0","51.96","37.82"
"65","000","00","013","1314","1882","795","623","172","45","840","1311","0","64.07","47.52"
"65","000","00","013","1315","0000","702","535","167","86","788","1484","0","53.1","36.05"
"65","000","00","013","1315","1868","702","535","167","86","788","1484","0","53.1","36.05"
"65","000","00","013","1316","0000","3083","2428","655","286","3369","6156","0","54.73","39.44"
"65","000","00","013","1316","1869","712","559","153","86","798","1532","0","52.09","36.49"
"65","000","00","013","1316","1870","761","605","156","83","844","1507","0","56.01","40.15"
"65","000","00","013","1316","1871","805","632","173","64","869","1550","0","56.06","40.77"
"65","000","00","013","1316","1872","805","632","173","53","858","1567","0","54.75","40.33"
"65","000","00","013","1317","0000","3143","2379","764","292","3435","6530","0","52.6","36.43"
"65","000","00","013","1317","1892","634","485","149","68","702","1312","0","53.51","36.97"
"65","000","00","013","1317","1893","621","476","145","57","678","1301","0","52.11","36.59"
"65","000","00","013","1317","1894","609","442","167","54","663","1254","0","52.87","35.25"
"65","000","00","013","1317","1895","572","431","141","47","619","1215","0","50.95","35.47"
"65","000","00","013","1317","1896","707","545","162","66","773","1448","0","53.38","37.64"
"65","000","00","013","1318","0000","3128","2396","732","263","3391","6194","0","54.75","38.68"
"65","000","00","013","1318","1906","771","594","177","57","828","1550","0","53.42","38.32"
"65","000","00","013","1318","1907","825","636","189","85","910","1606","0","56.66","39.6"
"65","000","00","013","1318","1908","777","587","190","52","829","1509","0","54.94","38.9"
"65","000","00","013","1318","1909","755","579","176","69","824","1529","0","53.89","37.87"
"65","000","00","013","1319","0000","2263","1702","561","138","2401","4283","0","56.06","39.74"
"65","000","00","013","1319","1886","736","538","198","52","788","1335","0","59.03","40.3"
"65","000","00","013","1319","1887","751","586","165","53","804","1459","0","55.11","40.16"
"65","000","00","013","1319","1888","776","578","198","33","809","1489","0","54.33","38.82"
"65","000","00","013","1320","0000","2176","1627","549","215","2391","4330","0","55.22","37.58"
"65","000","00","013","1320","1792","611","452","159","82","693","1206","0","57.46","37.48"
"65","000","00","013","1320","1793","679","498","181","50","729","1255","0","58.09","39.68"
"65","000","00","013","1320","1794","886","677","209","83","969","1869","0","51.85","36.22"
"65","000","00","013","1321","0000","3597","2703","894","262","3859","7156","0","53.93","37.77"
"65","000","00","013","1321","1787","670","494","176","67","737","1424","0","51.76","34.69"
"65","000","00","013","1321","1788","728","539","189","57","785","1455","0","53.95","37.04"
"65","000","00","013","1321","1789","689","495","194","47","736","1419","0","51.87","34.88"
"65","000","00","013","1321","1790","761","594","167","41","802","1357","0","59.1","43.77"
"65","000","00","013","1321","1791","749","581","168","50","799","1501","0","53.23","38.71"
"65","000","00","013","1322","0000","1972","1497","475","183","2155","4013","0","53.7","37.3"
"65","000","00","013","1322","1784","642","493","149","60","702","1378","0","50.94","35.78"
"65","000","00","013","1322","1785","613","457","156","54","667","1256","0","53.11","36.39"
"65","000","00","013","1322","1786","717","547","170","69","786","1379","0","57.0","39.67"
"65","000","00","013","1323","0000","2149","1647","502","203","2352","4405","0","53.39","37.39"
"65","000","00","013","1323","1781","754","578","176","66","820","1499","0","54.7","38.56"
"65","000","00","013","1323","1782","719","569","150","53","772","1495","0","51.64","38.06"
"65","000","00","013","1323","1783","676","500","176","84","760","1411","0","53.86","35.44"
"65","000","00","013","1324","0000","2201","1635","566","216","2417","4638","0","52.11","35.25"
"65","000","00","013","1324","1778","719","529","190","88","807","1474","0","54.75","35.89"
"65","000","00","013","1324","1779","692","509","183","61","753","1489","0","50.57","34.18"
"65","000","00","013","1324","1780","790","597","193","67","857","1675","0","51.16","35.64"
"65","000","00","013","1325","0000","1382","1096","286","75","1457","2448","0","59.52","44.77"
"65","000","00","013","1325","1776","704","573","131","40","744","1242","0","59.9","46.14"
"65","000","00","013","1325","1777","678","523","155","35","713","1206","0","59.12","43.37"
"65","000","00","013","1326","0000","731","542","189","72","803","1505","0","53.36","36.01"
"65","000","00","013","1326","1775","731","542","189","72","803","1505","0","53.36","36.01"
"65","000","00","013","1327","0000","2336","1804","532","204","2540","4640","0","54.74","38.88"
"65","000","00","013","1327","1847","834","639","195","68","902","1598","0","56.45","39.99"
"65","000","00","013","1327","1848","711","545","166","88","799","1500","0","53.27","36.33"
"65","000","00","013","1327","1849","791","620","171","48","839","1542","0","54.41","40.21"
"65","000","00","013","1328","0000","2406","1824","582","182","2588","5032","0","51.43","36.25"
"65","000","00","013","1328","1835","784","582","202","68","852","1639","0","51.98","35.51"
"65","000","00","013","1328","1836","905","683","222","74","979","1728","0","56.66","39.53"
"65","000","00","013","1328","1837","717","559","158","40","757","1665","0","45.47","33.57"
"65","000","00","013","1329","0000","1590","1217","373","125","1715","3140","0","54.62","38.76"
"65","000","00","013","1329","1850","883","678","205","85","968","1619","0","59.79","41.88"
"65","000","00","013","1329","1851","707","539","168","40","747","1521","0","49.11","35.44"
"65","000","00","013","1330","0000","2056","1549","507","201","2257","3975","0","56.78","38.97"
"65","000","00","013","1330","1900","739","534","205","75","814","1366","0","59.59","39.09"
"65","000","00","013","1330","1901","675","520","155","55","730","1292","0","56.5","40.25"
"65","000","00","013","1330","1902","642","495","147","71","713","1317","0","54.14","37.59"
"65","000","00","013","1331","0000","2166","1609","557","232","2398","4421","0","54.24","36.39"
"65","000","00","013","1331","1910","673","506","167","93","766","1458","0","52.54","34.71"
"65","000","00","013","1331","1911","745","548","197","86","831","1468","0","56.61","37.33"
"65","000","00","013","1331","1912","748","555","193","53","801","1495","0","53.58","37.12"
"65","000","00","013","1332","0000","1356","1032","324","87","1443","2605","0","55.39","39.62"
"65","000","00","013","1332","1862","634","485","149","40","674","1262","0","53.41","38.43"
"65","000","00","013","1332","1863","722","547","175","47","769","1343","0","57.26","40.73"
"65","000","00","013","1333","0000","2618","1995","623","241","2859","4947","0","57.79","40.33"
"65","000","00","013","1333","1812","660","496","164","63","723","1268","0","57.02","39.12"
"65","000","00","013","1333","1813","604","458","146","83","687","1196","0","57.44","38.29"
"65","000","00","013","1333","1814","724","551","173","54","778","1308","0","59.48","42.13"
"65","000","00","013","1333","1815","630","490","140","41","671","1175","0","57.11","41.7"
"65","000","00","013","1334","0000","1799","1302","497","210","2009","3896","0","51.57","33.42"
"65","000","00","013","1334","1897","640","474","166","69","709","1321","0","53.67","35.88"
"65","000","00","013","1334","1898","520","376","144","82","602","1150","0","52.35","32.7"
"65","000","00","013","1334","1899","639","452","187","59","698","1425","0","48.98","31.72"
"65","000","00","013","1335","0000","2083","1542","541","219","2302","4116","0","55.93","37.46"
"65","000","00","013","1335","1832","621","464","157","73","694","1335","0","51.99","34.76"
"65","000","00","013","1335","1833","654","487","167","89","743","1346","0","55.2","36.18"
"65","000","00","013","1335","1834","808","591","217","57","865","1435","0","60.28","41.18"
"65","000","00","013","1336","0000","2512","1890","622","256","2768","4896","0","56.54","38.6"
"65","000","00","013","1336","1823","620","444","176","73","693","1175","0","58.98","37.79"
"65","000","00","013","1336","1824","614","458","156","78","692","1237","0","55.94","37.03"
"65","000","00","013","1336","1825","650","494","156","68","718","1256","0","57.17","39.33"
"65","000","00","013","1336","1826","628","494","134","37","665","1228","0","54.15","40.23"
"65","000","00","013","1337","0000","1969","1500","469","141","2110","3975","0","53.08","37.74"
"65","000","00","013","1337","1805","653","505","148","34","687","1320","0","52.05","38.26"
"65","000","00","013","1337","1806","604","454","150","47","651","1241","0","52.46","36.58"
"65","000","00","013","1337","1807","712","541","171","60","772","1414","0","54.6","38.26"
"65","000","00","013","1338","0000","2221","1676","545","182","2403","4680","0","51.35","35.81"
"65","000","00","013","1338","1883","694","537","157","37","731","1511","0","48.38","35.54"
"65","000","00","013","1338","1884","736","541","195","76","812","1531","0","53.04","35.34"
"65","000","00","013","1338","1885","791","598","193","69","860","1638","0","52.5","36.51"
"65","000","00","013","1339","0000","1585","1195","390","129","1714","2900","0","59.1","41.21"
"65","000","00","013","1339","1838","732","546","186","76","808","1333","0","60.62","40.96"
"65","000","00","013","1339","1839","853","649","204","53","906","1567","0","57.82","41.42"
"65","000","00","013","1340","0000","2876","2213","663","262","3138","5663","0","55.41","39.08"
"65","000","00","013","1340","1913","669","487","182","71","740","1303","0","56.79","37.38"
"65","000","00","013","1340","1914","705","517","188","61","766","1365","0","56.12","37.88"
"65","000","00","013","1340","1915","729","563","166","91","820","1476","0","55.56","38.14"
"65","000","00","013","1340","1916","773","646","127","39","812","1519","0","53.46","42.53"
"65","000","00","013","1341","0000","1328","1037","291","69","1397","2846","0","49.09","36.44"
"65","000","00","013","1341","1860","643","518","125","29","672","1484","0","45.28","34.91"
"65","000","00","013","1341","1861","685","519","166","40","725","1362","0","53.23","38.11"
"65","000","00","013","1342","0000","2339","1749","590","131","2470","4173","0","59.19","41.91"
"65","000","00","013","1342","1855","758","583","175","20","778","1423","0","54.67","40.97"
"65","000","00","013","1342","1856","775","575","200","52","827","1321","0","62.6","43.53"
"65","000","00","013","1342","1857","806","591","215","59","865","1429","0","60.53","41.36"
"65","000","00","013","1343","0000","2659","2036","623","148","2807","5120","0","54.82","39.77"
"65","000","00","013","1343","1852","859","647","212","43","902","1691","0","53.34","38.26"
"65","000","00","013","1343","1853","822","638","184","57","879","1657","0","53.05","38.5"
"65","000","00","013","1343","1854","978","751","227","48","1026","1772","0","57.9","42.38"
"65","000","00","013","1344","0000","1565","1221","344","84","1649","3048","0","54.1","40.06"
"65","000","00","013","1344","1845","821","641","180","31","852","1584","0","53.79","40.47"
"65","000","00","013","1344","1846","744","580","164","53","797","1464","0","54.44","39.62"
"65","000","00","013","1345","0000","1361","1067","294","113","1474","2660","0","55.41","40.11"
"65","000","00","013","1345","1873","728","569","159","51","779","1367","0","56.99","41.62"
"65","000","00","013","1345","1874","633","498","135","62","695","1293","0","53.75","38.52"
"65","000","00","013","1346","0000","2755","2194","561","151","2906","5364","0","54.18","40.9"
"65","000","00","013","1346","1889","907","726","181","31","938","1774","0","52.87","40.92"
"65","000","00","013","1346","1890","925","727","198","52","977","1792","0","54.52","40.57"
"65","000","00","013","1346","1891","923","741","182","68","991","1798","0","55.12","41.21"
"65","000","00","013","1347","0000","1929","1470","459","196","2125","3736","0","56.88","39.35"
"65","000","00","013","1347","1903","697","543","154","60","757","1324","0","57.18","41.01"
"65","000","00","013","1347","1904","603","460","143","57","660","1189","0","55.51","38.69"
"65","000","00","013","1347","1905","629","467","162","79","708","1223","0","57.89","38.18"
"65","000","00","014","0000","0000","81533","60780","20753","7713","89246","167457","201173","53.29","36.3"
"65","000","00","014","1401","0000","5687","4371","1316","338","6025","10484","0","57.47","41.69"
"65","000","00","014","1401","0581","986","709","277","62","1048","1791","0","58.51","39.59"
"65","000","00","014","1401","0582","969","775","194","68","1037","1714","0","60.5","45.22"
"65","000","00","014","1401","0583","963","741","222","44","1007","1780","0","56.57","41.63"
"65","000","00","014","1401","0584","917","713","204","55","972","1713","0","56.74","41.62"
"65","000","00","014","1401","0585","936","719","217","53","989","1720","0","57.5","41.8"
"65","000","00","014","1401","0586","916","714","202","56","972","1766","0","55.04","40.43"
"65","000","00","014","1402","0000","2514","1896","618","259","2773","4958","0","55.93","38.24"
"65","000","00","014","1402","0573","851","622","229","98","949","1652","0","57.45","37.65"
"65","000","00","014","1402","0574","798","597","201","104","902","1650","0","54.67","36.18"
"65","000","00","014","1402","0575","865","677","188","57","922","1656","0","55.68","40.88"
"65","000","00","014","1403","0000","1534","1141","393","118","1652","3576","0","46.2","31.91"
"65","000","00","014","1403","0561","643","489","154","50","693","1779","0","38.95","27.49"
"65","000","00","014","1403","0562","891","652","239","68","959","1797","0","53.37","36.28"
"65","000","00","014","1404","0000","2367","1720","647","290","2657","4665","0","56.96","36.87"
"65","000","00","014","1404","0555","801","572","229","110","911","1600","0","56.94","35.75"
"65","000","00","014","1404","0556","778","561","217","79","857","1549","0","55.33","36.22"
"65","000","00","014","1404","0557","788","587","201","101","889","1516","0","58.64","38.72"
"65","000","00","014","1405","0000","1601","1179","422","207","1808","3361","0","53.79","35.08"
"65","000","00","014","1405","0655","774","562","212","92","866","1673","0","51.76","33.59"
"65","000","00","014","1405","0656","827","617","210","115","942","1688","0","55.81","36.55"
"65","000","00","014","1406","0000","4214","3137","1077","390","4604","9051","0","50.87","34.66"
"65","000","00","014","1406","0640","914","681","233","96","1010","1851","0","54.57","36.79"
"65","000","00","014","1406","0641","805","608","197","69","874","1791","0","48.8","33.95"
"65","000","00","014","1406","0642","835","616","219","83","918","1853","0","49.54","33.24"
"65","000","00","014","1406","0643","782","573","209","52","834","1758","0","47.44","32.59"
"65","000","00","014","1406","0644","878","659","219","90","968","1798","0","53.84","36.65"
"65","000","00","014","1407","0000","2575","1915","660","241","2816","5589","0","50.38","34.26"
"65","000","00","014","1407","0604","881","646","235","80","961","1806","0","53.21","35.77"
"65","000","00","014","1407","0605","913","672","241","81","994","1910","0","52.04","35.18"
"65","000","00","014","1407","0606","781","597","184","80","861","1873","0","45.97","31.87"
"65","000","00","014","1408","0000","2439","1806","633","221","2660","4826","0","55.12","37.42"
"65","000","00","014","1408","0616","807","590","217","76","883","1634","0","54.04","36.11"
"65","000","00","014","1408","0617","786","607","179","81","867","1573","0","55.12","38.59"
"65","000","00","014","1408","0618","846","609","237","64","910","1619","0","56.21","37.62"
"65","000","00","014","1409","0000","2745","2044","701","251","2996","5491","0","54.56","37.22"
"65","000","00","014","1409","0619","907","687","220","108","1015","1878","0","54.05","36.58"
"65","000","00","014","1409","0620","873","642","231","97","970","1797","0","53.98","35.73"
"65","000","00","014","1409","0621","965","715","250","46","1011","1816","0","55.67","39.37"
"65","000","00","014","1410","0000","1494","1065","429","166","1660","2836","0","58.53","37.55"
"65","000","00","014","1410","0622","707","520","187","92","799","1344","0","59.45","38.69"
"65","000","00","014","1410","0623","787","545","242","74","861","1492","0","57.71","36.53"
"65","000","00","014","1411","0000","1447","1041","406","130","1577","2963","0","53.22","35.13"
"65","000","00","014","1411","0636","810","592","218","73","883","1602","0","55.12","36.95"
"65","000","00","014","1411","0637","637","449","188","57","694","1361","0","50.99","32.99"
"65","000","00","014","1412","0000","1168","817","351","164","1332","2287","0","58.24","35.72"
"65","000","00","014","1412","0634","560","385","175","76","636","1111","0","57.25","34.65"
"65","000","00","014","1412","0635","608","432","176","88","696","1176","0","59.18","36.73"
"65","000","00","014","1413","0000","914","674","240","135","1049","1959","0","53.55","34.41"
"65","000","00","014","1413","0624","914","674","240","135","1049","1959","0","53.55","34.41"
"65","000","00","014","1414","0000","1367","988","379","168","1535","2980","0","51.51","33.15"
"65","000","00","014","1414","0630","661","478","183","70","731","1332","0","54.88","35.89"
"65","000","00","014","1414","0631","706","510","196","98","804","1648","0","48.79","30.95"
"65","000","00","014","1415","0000","2633","2014","619","214","2847","5122","0","55.58","39.32"
"65","000","00","014","1415","0587","804","627","177","79","883","1623","0","54.41","38.63"
"65","000","00","014","1415","0588","891","670","221","58","949","1740","0","54.54","38.51"
"65","000","00","014","1415","0589","938","717","221","77","1015","1759","0","57.7","40.76"
"65","000","00","014","1416","0000","2899","2130","769","264","3163","5489","0","57.62","38.8"
"65","000","00","014","1416","0590","939","686","253","85","1024","1775","0","57.69","38.65"
"65","000","00","014","1416","0591","1010","750","260","79","1089","1909","0","57.05","39.29"
"65","000","00","014","1416","0592","950","694","256","100","1050","1805","0","58.17","38.45"
"65","000","00","014","1417","0000","2897","2162","735","226","3123","5952","0","52.47","36.32"
"65","000","00","014","1417","0597","691","521","170","64","755","1434","0","52.65","36.33"
"65","000","00","014","1417","0598","719","519","200","75","794","1450","0","54.76","35.79"
"65","000","00","014","1417","0599","725","529","196","30","755","1543","0","48.93","34.28"
"65","000","00","014","1417","0600","762","593","169","57","819","1525","0","53.7","38.89"
"65","000","00","014","1418","0000","1578","1156","422","131","1709","3545","0","48.21","32.61"
"65","000","00","014","1418","0607","784","586","198","58","842","1785","0","47.17","32.83"
"65","000","00","014","1418","0608","794","570","224","73","867","1760","0","49.26","32.39"
"65","000","00","014","1419","0000","2438","1881","557","213","2651","5146","0","51.52","36.55"
"65","000","00","014","1419","0609","939","732","207","81","1020","1841","0","55.4","39.76"
"65","000","00","014","1419","0610","854","669","185","47","901","1855","0","48.57","36.06"
"65","000","00","014","1419","0611","645","480","165","85","730","1450","0","50.34","33.1"
"65","000","00","014","1420","0000","1414","1046","368","193","1607","3126","0","51.41","33.46"
"65","000","00","014","1420","0612","742","554","188","83","825","1585","0","52.05","34.95"
"65","000","00","014","1420","0613","672","492","180","110","782","1541","0","50.75","31.93"
"65","000","00","014","1421","0000","3786","2864","922","349","4135","8323","0","49.68","34.41"
"65","000","00","014","1421","0645","833","637","196","60","893","1645","0","54.29","38.72"
"65","000","00","014","1421","0646","717","539","178","73","790","1612","0","49.01","33.44"
"65","000","00","014","1421","0647","759","582","177","95","854","1784","0","47.87","32.62"
"65","000","00","014","1421","0648","713","526","187","75","788","1701","0","46.33","30.92"
"65","000","00","014","1421","0649","764","580","184","46","810","1581","0","51.23","36.69"
"65","000","00","014","1422","0000","2419","1771","648","233","2652","4648","0","57.06","38.1"
"65","000","00","014","1422","0650","782","565","217","58","840","1534","0","54.76","36.83"
"65","000","00","014","1422","0651","838","605","233","88","926","1620","0","57.16","37.35"
"65","000","00","014","1422","0652","799","601","198","87","886","1494","0","59.3","40.23"
"65","000","00","014","1423","0000","1429","1095","334","148","1577","2881","0","54.74","38.01"
"65","000","00","014","1423","0579","644","497","147","79","723","1367","0","52.89","36.36"
"65","000","00","014","1423","0580","785","598","187","69","854","1514","0","56.41","39.5"
"65","000","00","014","1424","0000","2296","1727","569","211","2507","4810","0","52.12","35.9"
"65","000","00","014","1424","0566","751","563","188","57","808","1524","0","53.02","36.94"
"65","000","00","014","1424","0567","746","551","195","81","827","1612","0","51.3","34.18"
"65","000","00","014","1424","0568","799","613","186","73","872","1674","0","52.09","36.62"
"65","000","00","014","1425","0000","1478","1084","394","125","1603","2938","0","54.56","36.9"
"65","000","00","014","1425","0571","755","519","236","55","810","1473","0","54.99","35.23"
"65","000","00","014","1425","0572","723","565","158","70","793","1465","0","54.13","38.57"
"65","000","00","014","1426","0000","1304","956","348","85","1389","2726","0","50.95","35.07"
"65","000","00","014","1426","0632","651","486","165","37","688","1355","0","50.77","35.87"
"65","000","00","014","1426","0633","653","470","183","48","701","1371","0","51.13","34.28"
"65","000","00","014","1427","0000","2434","1883","551","283","2717","4838","0","56.16","38.92"
"65","000","00","014","1427","0625","773","558","215","110","883","1611","0","54.81","34.64"
"65","000","00","014","1427","0626","829","698","131","88","917","1574","0","58.26","44.35"
"65","000","00","014","1427","0627","832","627","205","85","917","1653","0","55.47","37.93"
"65","000","00","014","1428","0000","1860","1367","493","164","2024","4897","0","41.33","27.92"
"65","000","00","014","1428","0628","975","735","240","81","1056","3085","0","34.23","23.82"
"65","000","00","014","1428","0629","885","632","253","83","968","1812","0","53.42","34.88"
"65","000","00","014","1429","0000","2117","1624","493","246","2363","4270","0","55.34","38.03"
"65","000","00","014","1429","0558","679","524","155","95","774","1404","0","55.13","37.32"
"65","000","00","014","1429","0559","652","473","179","99","751","1381","0","54.38","34.25"
"65","000","00","014","1429","0560","786","627","159","52","838","1485","0","56.43","42.22"
"65","000","00","014","1430","0000","1423","1099","324","136","1559","2725","0","57.21","40.33"
"65","000","00","014","1430","0657","728","575","153","55","783","1249","0","62.69","46.04"
"65","000","00","014","1430","0658","695","524","171","81","776","1476","0","52.57","35.5"
"65","000","00","014","1431","0000","2241","1631","610","209","2450","4569","0","53.62","35.7"
"65","000","00","014","1431","0576","751","524","227","68","819","1571","0","52.13","33.35"
"65","000","00","014","1431","0577","733","523","210","86","819","1523","0","53.78","34.34"
"65","000","00","014","1431","0578","757","584","173","55","812","1475","0","55.05","39.59"
"65","000","00","014","1432","0000","1197","899","298","110","1307","2455","0","53.24","36.62"
"65","000","00","014","1432","0638","753","568","185","27","780","1530","0","50.98","37.12"
"65","000","00","014","1432","0639","444","331","113","83","527","925","0","56.97","35.78"
"65","000","00","014","1433","0000","1113","785","328","109","1222","2168","0","56.37","36.21"
"65","000","00","014","1433","0653","604","463","141","53","657","1183","0","55.54","39.14"
"65","000","00","014","1433","0654","509","322","187","56","565","985","0","57.36","32.69"
"65","000","00","014","1434","0000","1425","1052","373","155","1580","2867","0","55.11","36.69"
"65","000","00","014","1434","0614","784","578","206","82","866","1626","0","53.26","35.55"
"65","000","00","014","1434","0615","641","474","167","73","714","1241","0","57.53","38.2"
"65","000","00","014","1435","0000","2221","1666","555","214","2435","4566","0","53.33","36.49"
"65","000","00","014","1435","0563","709","526","183","79","788","1364","0","57.77","38.56"
"65","000","00","014","1435","0564","836","642","194","79","915","1635","0","55.96","39.27"
"65","000","00","014","1435","0565","676","498","178","56","732","1567","0","46.71","31.78"
"65","000","00","014","1436","0000","1622","1211","411","133","1755","3652","0","48.06","33.16"
"65","000","00","014","1436","0569","862","649","213","78","940","1838","0","51.14","35.31"
"65","000","00","014","1436","0570","760","562","198","55","815","1814","0","44.93","30.98"
"65","000","00","014","1437","0000","3275","2417","858","272","3547","6697","0","52.96","36.09"
"65","000","00","014","1437","0593","808","596","212","59","867","1642","0","52.8","36.3"
"65","000","00","014","1437","0594","845","633","212","64","909","1713","0","53.06","36.95"
"65","000","00","014","1437","0595","816","592","224","79","895","1746","0","51.26","33.91"
"65","000","00","014","1437","0596","806","596","210","70","876","1596","0","54.89","37.34"
"65","000","00","014","1438","0000","1968","1466","502","212","2180","4021","0","54.22","36.46"
"65","000","00","014","1438","0601","655","491","164","78","733","1419","0","51.66","34.6"
"65","000","00","014","1438","0602","682","509","173","58","740","1298","0","57.01","39.21"
"65","000","00","014","1438","0603","631","466","165","76","707","1304","0","54.22","35.74"
"65","000","00","015","0000","0000","34892","26234","8658","3268","38160","72443","86156","52.68","36.21"
"65","000","00","015","1501","0000","2038","1454","584","261","2299","4225","0","54.41","34.41"
"65","000","00","015","1501","0207","684","479","205","109","793","1456","0","54.46","32.9"
"65","000","00","015","1501","0208","697","515","182","87","784","1482","0","52.9","34.75"
"65","000","00","015","1501","0209","657","460","197","65","722","1287","0","56.1","35.74"
"65","000","00","015","1502","0000","513","320","193","39","552","1106","0","49.91","28.93"
"65","000","00","015","1502","0210","513","320","193","39","552","1106","0","49.91","28.93"
"65","000","00","015","1503","0000","1695","1255","440","161","1856","3437","0","54.0","36.51"
"65","000","00","015","1503","0212","854","615","239","64","918","1833","0","50.08","33.55"
"65","000","00","015","1503","0213","595","463","132","60","655","1141","0","57.41","40.58"
"65","000","00","015","1503","0214","246","177","69","37","283","463","0","61.12","38.23"
"65","000","00","015","1504","0000","583","421","162","93","676","1283","0","52.69","32.81"
"65","000","00","015","1504","0211","583","421","162","93","676","1283","0","52.69","32.81"
"65","000","00","015","1505","0000","2373","1754","619","239","2612","5271","0","49.55","33.28"
"65","000","00","015","1505","0219","831","607","224","134","965","1832","0","52.67","33.13"
"65","000","00","015","1505","0220","750","562","188","45","795","1542","0","51.56","36.45"
"65","000","00","015","1505","0221","792","585","207","60","852","1897","0","44.91","30.84"
"65","000","00","015","1506","0000","2425","1797","628","311","2736","5478","0","49.95","32.8"
"65","000","00","015","1506","0222","833","618","215","124","957","1964","0","48.73","31.47"
"65","000","00","015","1506","0223","796","582","214","89","885","1779","0","49.75","32.72"
"65","000","00","015","1506","0224","796","597","199","98","894","1735","0","51.53","34.41"
"65","000","00","015","1507","0000","551","385","166","47","598","1281","0","46.68","30.05"
"65","000","00","015","1507","0229","551","385","166","47","598","1281","0","46.68","30.05"
"65","000","00","015","1508","0000","1851","1345","506","190","2041","3910","0","52.2","34.4"
"65","000","00","015","1508","0236","474","347","127","42","516","1333","0","38.71","26.03"
"65","000","00","015","1508","0237","701","501","200","66","767","1263","0","60.73","39.67"
"65","000","00","015","1508","0238","676","497","179","82","758","1314","0","57.69","37.82"
"65","000","00","015","1509","0000","1408","1061","347","130","1538","3126","0","49.2","33.94"
"65","000","00","015","1509","0230","753","564","189","90","843","1566","0","53.83","36.02"
"65","000","00","015","1509","0231","655","497","158","40","695","1560","0","44.55","31.86"
"65","000","00","015","1510","0000","2274","1717","557","167","2441","4643","0","52.57","36.98"
"65","000","00","015","1510","0239","709","544","165","41","750","1513","0","49.57","35.96"
"65","000","00","015","1510","0240","774","603","171","46","820","1517","0","54.05","39.75"
"65","000","00","015","1510","0241","791","570","221","80","871","1613","0","54.0","35.34"
"65","000","00","015","1511","0000","1098","947","151","76","1174","2281","0","51.47","41.52"
"65","000","00","015","1511","0253","541","460","81","32","573","1127","0","50.84","40.82"
"65","000","00","015","1511","0254","557","487","70","44","601","1154","0","52.08","42.2"
"65","000","00","015","1512","0000","1500","1241","259","131","1631","2709","0","60.21","45.81"
"65","000","00","015","1512","0251","790","646","144","61","851","1397","0","60.92","46.24"
"65","000","00","015","1512","0252","710","595","115","70","780","1312","0","59.45","45.35"
"65","000","00","015","1513","0000","2051","1589","462","156","2207","3916","0","56.36","40.58"
"65","000","00","015","1513","0248","702","549","153","33","735","1441","0","51.01","38.1"
"65","000","00","015","1513","0249","691","548","143","61","752","1305","0","57.62","41.99"
"65","000","00","015","1513","0250","658","492","166","62","720","1170","0","61.54","42.05"
"65","000","00","015","1514","0000","1376","1020","356","194","1570","2819","0","55.69","36.18"
"65","000","00","015","1514","0217","752","549","203","93","845","1534","0","55.08","35.79"
"65","000","00","015","1514","0218","624","471","153","101","725","1285","0","56.42","36.65"
"65","000","00","015","1515","0000","1698","1302","396","101","1799","3401","0","52.9","38.28"
"65","000","00","015","1515","0232","800","602","198","51","851","1622","0","52.47","37.11"
"65","000","00","015","1515","0233","898","700","198","50","948","1779","0","53.29","39.35"
"65","000","00","015","1516","0000","1680","1233","447","111","1791","3446","0","51.97","35.78"
"65","000","00","015","1516","0215","878","677","201","68","946","1786","0","52.97","37.91"
"65","000","00","015","1516","0216","802","556","246","43","845","1660","0","50.9","33.49"
"65","000","00","015","1517","0000","1486","1132","354","142","1628","3054","0","53.31","37.07"
"65","000","00","015","1517","0234","684","512","172","86","770","1487","0","51.78","34.43"
"65","000","00","015","1517","0235","802","620","182","56","858","1567","0","54.75","39.57"
"65","000","00","015","1518","0000","3511","2644","867","297","3808","7389","0","51.54","35.78"
"65","000","00","015","1518","0225","1065","822","243","57","1122","2299","0","48.8","35.75"
"65","000","00","015","1518","0226","776","581","195","68","844","1755","0","48.09","33.11"
"65","000","00","015","1518","0227","848","645","203","78","926","1674","0","55.32","38.53"
"65","000","00","015","1518","0228","822","596","226","94","916","1661","0","55.15","35.88"
"65","000","00","015","1519","0000","3315","2518","797","280","3595","6815","0","52.75","36.95"
"65","000","00","015","1519","0242","787","605","182","82","869","1616","0","53.77","37.44"
"65","000","00","015","1519","0243","784","579","205","81","865","1616","0","53.53","35.83"
"65","000","00","015","1519","0244","837","625","212","79","916","1689","0","54.23","37.0"
"65","000","00","015","1519","0245","907","709","198","38","945","1894","0","49.89","37.43"
"65","000","00","015","1520","0000","1466","1099","367","142","1608","2853","0","56.36","38.52"
"65","000","00","015","1520","0246","690","513","177","72","762","1210","0","62.98","42.4"
"65","000","00","015","1520","0247","776","586","190","70","846","1643","0","51.49","35.67"
"65","000","00","016","0000","0000","32570","24980","7590","2522","35092","64252","78683","54.62","38.88"
"65","000","00","016","1601","0000","399","302","97","39","438","829","0","52.83","36.43"
"65","000","00","016","1601","0255","291","213","78","33","324","643","0","50.39","33.13"
"65","000","00","016","1601","0256","108","89","19","6","114","186","0","61.29","47.85"
"65","000","00","016","1602","0000","1490","1128","362","125","1615","3051","0","52.93","36.97"
"65","000","00","016","1602","0257","675","502","173","52","727","1457","0","49.9","34.45"
"65","000","00","016","1602","0258","815","626","189","73","888","1594","0","55.71","39.27"
"65","000","00","016","1603","0000","2815","2188","627","247","3062","5921","0","51.71","36.95"
"65","000","00","016","1603","0259","740","598","142","64","804","1598","0","50.31","37.42"
"65","000","00","016","1603","0260","700","550","150","47","747","1503","0","49.7","36.59"
"65","000","00","016","1603","0261","672","522","150","77","749","1436","0","52.16","36.35"
"65","000","00","016","1603","0262","703","518","185","59","762","1384","0","55.06","37.43"
"65","000","00","016","1604","0000","1247","934","313","95","1342","2526","0","53.13","36.98"
"65","000","00","016","1604","0263","629","478","151","59","688","1231","0","55.89","38.83"
"65","000","00","016","1604","0264","618","456","162","36","654","1295","0","50.5","35.21"
"65","000","00","016","1605","0000","1987","1487","500","139","2126","3901","0","54.5","38.12"
"65","000","00","016","1605","0267","634","478","156","40","674","1253","0","53.79","38.15"
"65","000","00","016","1605","0268","612","464","148","52","664","1294","0","51.31","35.86"
"65","000","00","016","1605","0269","741","545","196","47","788","1354","0","58.2","40.25"
"65","000","00","016","1606","0000","1822","1406","416","106","1928","3605","0","53.48","39.0"
"65","000","00","016","1606","0270","631","497","134","44","675","1259","0","53.61","39.48"
"65","000","00","016","1606","0271","663","504","159","32","695","1252","0","55.51","40.26"
"65","000","00","016","1606","0272","528","405","123","30","558","1094","0","51.01","37.02"
"65","000","00","016","1607","0000","2058","1667","391","203","2261","4048","0","55.85","41.18"
"65","000","00","016","1607","0280","673","612","61","61","734","1201","0","61.12","50.96"
"65","000","00","016","1607","0281","586","440","146","70","656","1182","0","55.5","37.23"
"65","000","00","016","1607","0282","799","615","184","72","871","1665","0","52.31","36.94"
"65","000","00","016","1608","0000","1712","1315","397","158","1870","3306","0","56.56","39.78"
"65","000","00","016","1608","0287","553","437","116","43","596","1152","0","51.74","37.93"
"65","000","00","016","1608","0288","569","417","152","58","627","1114","0","56.28","37.43"
"65","000","00","016","1608","0289","590","461","129","57","647","1040","0","62.21","44.33"
"65","000","00","016","1609","0000","1782","1360","422","131","1913","3517","0","54.39","38.67"
"65","000","00","016","1609","0294","627","473","154","44","671","1211","0","55.41","39.06"
"65","000","00","016","1609","0295","630","473","157","36","666","1237","0","53.84","38.24"
"65","000","00","016","1609","0296","525","414","111","51","576","1069","0","53.88","38.73"
"65","000","00","016","1610","0000","2250","1699","551","132","2382","4348","0","54.78","39.08"
"65","000","00","016","1610","0299","685","524","161","38","723","1420","0","50.92","36.9"
"65","000","00","016","1610","0300","710","541","169","45","755","1337","0","56.47","40.46"
"65","000","00","016","1610","0301","855","634","221","49","904","1591","0","56.82","39.85"
"65","000","00","016","1611","0000","1630","1177","453","167","1797","3224","0","55.74","36.51"
"65","000","00","016","1611","0273","815","598","217","75","890","1590","0","55.97","37.61"
"65","000","00","016","1611","0274","815","579","236","92","907","1634","0","55.51","35.43"
"65","000","00","016","1612","0000","3576","2756","820","306","3882","7245","0","53.58","38.04"
"65","000","00","016","1612","0283","925","698","227","84","1009","1855","0","54.39","37.63"
"65","000","00","016","1612","0284","920","701","219","107","1027","1866","0","55.04","37.57"
"65","000","00","016","1612","0285","968","768","200","62","1030","1935","0","53.23","39.69"
"65","000","00","016","1612","0286","763","589","174","53","816","1589","0","51.35","37.07"
"65","000","00","016","1613","0000","1094","843","251","74","1168","1978","0","59.05","42.62"
"65","000","00","016","1613","0290","555","446","109","46","601","1003","0","59.92","44.47"
"65","000","00","016","1613","0291","539","397","142","28","567","975","0","58.15","40.72"
"65","000","00","016","1614","0000","1470","1099","371","73","1543","2920","0","52.84","37.64"
"65","000","00","016","1614","0292","739","544","195","46","785","1440","0","54.51","37.78"
"65","000","00","016","1614","0293","731","555","176","27","758","1480","0","51.22","37.5"
"65","000","00","016","1615","0000","1776","1360","416","127","1903","3331","0","57.13","40.83"
"65","000","00","016","1615","0297","921","718","203","75","996","1680","0","59.29","42.74"
"65","000","00","016","1615","0298","855","642","213","52","907","1651","0","54.94","38.89"
"65","000","00","016","1616","0000","1681","1322","359","141","1822","3173","0","57.42","41.66"
"65","000","00","016","1616","0265","824","643","181","73","897","1563","0","57.39","41.14"
"65","000","00","016","1616","0266","857","679","178","68","925","1610","0","57.45","42.17"
"65","000","00","016","1617","0000","3781","2937","844","259","4040","7329","0","55.12","40.07"
"65","000","00","016","1617","0275","677","495","182","52","729","1536","0","47.46","32.23"
"65","000","00","016","1617","0276","828","627","201","57","885","1534","0","57.69","40.87"
"65","000","00","016","1617","0277","888","715","173","60","948","1545","0","61.36","46.28"
"65","000","00","016","1617","0278","725","592","133","57","782","1399","0","55.9","42.32"
"65","000","00","016","1617","0279","663","508","155","33","696","1315","0","52.93","38.63"
"65","000","00","017","0000","0000","45188","34725","10463","2983","48171","86203","108950","55.88","40.28"
"65","000","00","017","1701","0000","1785","1281","504","199","1984","3657","0","54.25","35.03"
"65","000","00","017","1701","0145","594","420","174","84","678","1268","0","53.47","33.12"
"65","000","00","017","1701","0146","554","391","163","53","607","1171","0","51.84","33.39"
"65","000","00","017","1701","0147","637","470","167","62","699","1218","0","57.39","38.59"
"65","000","00","017","1702","0000","2285","1749","536","212","2497","4861","0","51.37","35.98"
"65","000","00","017","1702","0148","862","671","191","56","918","1788","0","51.34","37.53"
"65","000","00","017","1702","0149","742","562","180","84","826","1625","0","50.83","34.58"
"65","000","00","017","1702","0150","681","516","165","72","753","1448","0","52.0","35.64"
"65","000","00","017","1703","0000","4230","3315","915","331","4561","8259","0","55.22","40.14"
"65","000","00","017","1703","0151","601","461","140","84","685","1328","0","51.58","34.71"
"65","000","00","017","1703","0152","633","496","137","73","706","1523","0","46.36","32.57"
"65","000","00","017","1703","0153","632","506","126","51","683","1245","0","54.86","40.64"
"65","000","00","017","1703","0154","779","636","143","47","826","1329","0","62.15","47.86"
"65","000","00","017","1703","0155","814","633","181","42","856","1465","0","58.43","43.21"
"65","000","00","017","1703","0156","771","583","188","34","805","1369","0","58.8","42.59"
"65","000","00","017","1704","0000","2072","1472","600","159","2231","3818","0","58.43","38.55"
"65","000","00","017","1704","0157","729","509","220","57","786","1346","0","58.4","37.82"
"65","000","00","017","1704","0158","578","404","174","71","649","1181","0","54.95","34.21"
"65","000","00","017","1704","0159","765","559","206","31","796","1291","0","61.66","43.3"
"65","000","00","017","1705","0000","1901","1392","509","150","2051","3654","0","56.13","38.1"
"65","000","00","017","1705","0160","627","458","169","47","674","1213","0","55.56","37.76"
"65","000","00","017","1705","0161","685","528","157","48","733","1256","0","58.36","42.04"
"65","000","00","017","1705","0162","589","406","183","55","644","1185","0","54.35","34.26"
"65","000","00","017","1706","0000","686","509","177","51","737","1361","0","54.15","37.4"
"65","000","00","017","1706","0163","686","509","177","51","737","1361","0","54.15","37.4"
"65","000","00","017","1707","0000","9165","7313","1852","430","9595","17256","0","55.6","42.38"
"65","000","00","017","1707","0164","864","737","127","32","896","1756","0","51.03","41.97"
"65","000","00","017","1707","0165","829","662","167","33","862","1676","0","51.43","39.5"
"65","000","00","017","1707","0166","845","675","170","24","869","1540","0","56.43","43.83"
"65","000","00","017","1707","0167","804","658","146","49","853","1569","0","54.37","41.94"
"65","000","00","017","1707","0168","803","641","162","34","837","1514","0","55.28","42.34"
"65","000","00","017","1707","0169","664","538","126","29","693","1193","0","58.09","45.1"
"65","000","00","017","1707","0170","883","702","181","34","917","1610","0","56.96","43.6"
"65","000","00","017","1707","0171","737","582","155","37","774","1338","0","57.85","43.5"
"65","000","00","017","1707","0172","616","467","149","37","653","1141","0","57.23","40.93"
"65","000","00","017","1707","0173","686","529","157","52","738","1307","0","56.47","40.47"
"65","000","00","017","1707","0174","728","571","157","33","761","1327","0","57.35","43.03"
"65","000","00","017","1707","0175","706","551","155","36","742","1285","0","57.74","42.88"
"65","000","00","017","1708","0000","8390","6604","1786","384","8774","15777","0","55.61","41.86"
"65","000","00","017","1708","0176","784","588","196","48","832","1481","0","56.18","39.7"
"65","000","00","017","1708","0177","820","638","182","32","852","1510","0","56.42","42.25"
"65","000","00","017","1708","0178","918","719","199","48","966","1785","0","54.12","40.28"
"65","000","00","017","1708","0179","939","710","229","33","972","1792","0","54.24","39.62"
"65","000","00","017","1708","0180","821","652","169","38","859","1517","0","56.62","42.98"
"65","000","00","017","1708","0181","865","691","174","35","900","1564","0","57.54","44.18"
"65","000","00","017","1708","0182","852","701","151","43","895","1560","0","57.37","44.94"
"65","000","00","017","1708","0183","801","635","166","38","839","1544","0","54.34","41.13"
"65","000","00","017","1708","0184","819","665","154","38","857","1593","0","53.8","41.75"
"65","000","00","017","1708","0185","771","605","166","31","802","1431","0","56.04","42.28"
"65","000","00","017","1709","0000","2862","2144","718","194","3056","5291","0","57.76","40.52"
"65","000","00","017","1709","0195","761","590","171","56","817","1380","0","59.2","42.75"
"65","000","00","017","1709","0196","704","533","171","62","766","1367","0","56.04","38.99"
"65","000","00","017","1709","0197","744","523","221","31","775","1350","0","57.41","38.74"
"65","000","00","017","1709","0198","653","498","155","45","698","1194","0","58.46","41.71"
"65","000","00","017","1710","0000","441","309","132","60","501","1026","0","48.83","30.12"
"65","000","00","017","1710","0202","441","309","132","60","501","1026","0","48.83","30.12"
"65","000","00","017","1711","0000","615","420","195","58","673","1210","0","55.62","34.71"
"65","000","00","017","1711","0203","615","420","195","58","673","1210","0","55.62","34.71"
"65","000","00","017","1712","0000","448","327","121","65","513","912","0","56.25","35.86"
"65","000","00","017","1712","0204","448","327","121","65","513","912","0","56.25","35.86"
"65","000","00","017","1713","0000","437","302","135","43","480","824","0","58.25","36.65"
"65","000","00","017","1713","0205","437","302","135","43","480","824","0","58.25","36.65"
"65","000","00","017","1714","0000","737","543","194","95","832","1411","0","58.97","38.48"
"65","000","00","017","1714","0206","737","543","194","95","832","1411","0","58.97","38.48"
"65","000","00","017","1715","0000","3168","2425","743","191","3359","5852","0","57.4","41.44"
"65","000","00","017","1715","0186","796","607","189","48","844","1571","0","53.72","38.64"
"65","000","00","017","1715","0187","792","614","178","42","834","1439","0","57.96","42.67"
"65","000","00","017","1715","0188","794","608","186","48","842","1451","0","58.03","41.9"
"65","000","00","017","1715","0189","786","596","190","53","839","1391","0","60.32","42.85"
"65","000","00","017","1716","0000","4041","3155","886","204","4245","7417","0","57.23","42.54"
"65","000","00","017","1716","0190","779","611","168","33","812","1461","0","55.58","41.82"
"65","000","00","017","1716","0191","877","682","195","33","910","1691","0","53.81","40.33"
"65","000","00","017","1716","0192","792","597","195","55","847","1524","0","55.58","39.17"
"65","000","00","017","1716","0193","795","630","165","43","838","1343","0","62.4","46.91"
"65","000","00","017","1716","0194","798","635","163","40","838","1398","0","59.94","45.42"
"65","000","00","017","1717","0000","1925","1465","460","157","2082","3617","0","57.56","40.5"
"65","000","00","017","1717","0199","668","498","170","68","736","1344","0","54.76","37.05"
"65","000","00","017","1717","0200","610","465","145","43","653","1154","0","56.59","40.29"
"65","000","00","017","1717","0201","647","502","145","46","693","1119","0","61.93","44.86"
"65","000","00","018","0000","0000","10408","7992","2416","793","11201","20624","23617","54.31","38.75"
"65","000","00","018","1801","0000","1425","1115","310","99","1524","3004","0","50.73","37.12"
"65","000","00","018","1801","2169","634","497","137","28","662","1496","0","44.25","33.22"
"65","000","00","018","1801","2170","791","618","173","71","862","1508","0","57.16","40.98"
"65","000","00","018","1802","0000","1167","874","293","90","1257","2281","0","55.11","38.32"
"65","000","00","018","1802","2163","552","418","134","37","589","1142","0","51.58","36.6"
"65","000","00","018","1802","2164","615","456","159","53","668","1139","0","58.65","40.04"
"65","000","00","018","1803","0000","1256","972","284","103","1359","2710","0","50.15","35.87"
"65","000","00","018","1803","2167","617","482","135","57","674","1330","0","50.68","36.24"
"65","000","00","018","1803","2168","639","490","149","46","685","1380","0","49.64","35.51"
"65","000","00","018","1804","0000","997","782","215","51","1048","1946","0","53.85","40.18"
"65","000","00","018","1804","2174","358","274","84","21","379","782","0","48.47","35.04"
"65","000","00","018","1804","2175","639","508","131","30","669","1164","0","57.47","43.64"
"65","000","00","018","1805","0000","306","240","66","33","339","556","0","60.97","43.17"
"65","000","00","018","1805","2178","306","240","66","33","339","556","0","60.97","43.17"
"65","000","00","018","1806","0000","2931","2243","688","206","3137","5579","0","56.23","40.2"
"65","000","00","018","1806","2171","855","647","208","69","924","1624","0","56.9","39.84"
"65","000","00","018","1806","2172","1098","853","245","64","1162","2165","0","53.67","39.4"
"65","000","00","018","1806","2173","978","743","235","73","1051","1790","0","58.72","41.51"
"65","000","00","018","1807","0000","1170","877","293","117","1287","2465","0","52.21","35.58"
"65","000","00","018","1807","2165","511","366","145","60","571","1065","0","53.62","34.37"
"65","000","00","018","1807","2166","659","511","148","57","716","1400","0","51.14","36.5"
"65","000","00","018","1808","0000","1156","889","267","94","1250","2083","0","60.01","42.68"
"65","000","00","018","1808","2176","732","565","167","63","795","1344","0","59.15","42.04"
"65","000","00","018","1808","2177","424","324","100","31","455","739","0","61.57","43.84"
"65","000","00","019","0000","0000","3061","2232","829","329","3390","6861","7727","49.41","32.53"
"65","000","00","019","1901","0000","218","160","58","22","240","391","0","61.38","40.92"
"65","000","00","019","1901","2179","218","160","58","22","240","391","0","61.38","40.92"
"65","000","00","019","1902","0000","351","276","75","47","398","789","0","50.44","34.98"
"65","000","00","019","1902","2180","351","276","75","47","398","789","0","50.44","34.98"
"65","000","00","019","1903","0000","261","187","74","47","308","683","0","45.1","27.38"
"65","000","00","019","1903","2185","261","187","74","47","308","683","0","45.1","27.38"
"65","000","00","019","1904","0000","250","187","63","26","276","662","0","41.69","28.25"
"65","000","00","019","1904","2181","250","187","63","26","276","662","0","41.69","28.25"
"65","000","00","019","1905","0000","140","101","39","15","155","310","0","50.0","32.58"
"65","000","00","019","1905","2182","140","101","39","15","155","310","0","50.0","32.58"
"65","000","00","019","1906","0000","168","123","45","18","186","373","0","49.87","32.98"
"65","000","00","019","1906","2183","135","101","34","13","148","280","0","52.86","36.07"
"65","000","00","019","1906","2184","33","22","11","5","38","93","0","40.86","23.66"
"65","000","00","019","1907","0000","281","193","88","34","315","591","0","53.3","32.66"
"65","000","00","019","1907","2188","281","193","88","34","315","591","0","53.3","32.66"
"65","000","00","019","1908","0000","246","177","69","9","255","726","0","35.12","24.38"
"65","000","00","019","1908","2187","246","177","69","9","255","726","0","35.12","24.38"
"65","000","00","019","1909","0000","165","114","51","24","189","282","0","67.02","40.43"
"65","000","00","019","1909","2189","165","114","51","24","189","282","0","67.02","40.43"
"65","000","00","019","1910","0000","193","152","41","9","202","323","0","62.54","47.06"
"65","000","00","019","1910","2186","193","152","41","9","202","323","0","62.54","47.06"
"65","000","00","019","1911","0000","297","232","65","16","313","788","0","39.72","29.44"
"65","000","00","019","1911","2190","297","232","65","16","313","788","0","39.72","29.44"
"65","000","00","019","1912","0000","491","330","161","62","553","943","0","58.64","34.99"
"65","000","00","019","1912","2191","491","330","161","62","553","943","0","58.64","34.99"
"65","000","00","020","0000","0000","2575","1957","618","356","2931","5891","6570","49.75","33.22"
"65","000","00","020","2001","0000","410","313","97","73","483","843","0","57.3","37.13"
"65","000","00","020","2001","2196","280","209","71","51","331","595","0","55.63","35.13"
"65","000","00","020","2001","2197","130","104","26","22","152","248","0","61.29","41.94"
"65","000","00","020","2002","0000","581","443","138","55","636","1248","0","50.96","35.5"
"65","000","00","020","2002","2192","581","443","138","55","636","1248","0","50.96","35.5"
"65","000","00","020","2003","0000","546","412","134","104","650","1141","0","56.97","36.11"
"65","000","00","020","2003","2194","546","412","134","104","650","1141","0","56.97","36.11"
"65","000","00","020","2004","0000","154","106","48","7","161","417","0","38.61","25.42"
"65","000","00","020","2004","2195","154","106","48","7","161","417","0","38.61","25.42"
"65","000","00","020","2005","0000","333","259","74","36","369","816","0","45.22","31.74"
"65","000","00","020","2005","2198","147","110","37","15","162","338","0","47.93","32.54"
"65","000","00","020","2005","2199","186","149","37","21","207","478","0","43.31","31.17"
"65","000","00","020","2006","0000","248","198","50","43","291","612","0","47.55","32.35"
"65","000","00","020","2006","2193","248","198","50","43","291","612","0","47.55","32.35"
"65","000","00","020","2007","0000","303","226","77","38","341","814","0","41.89","27.76"
"65","000","00","020","2007","2200","136","102","34","11","147","390","0","37.69","26.15"
"65","000","00","020","2007","2201","167","124","43","27","194","424","0","45.75","29.25"
"65","000","00","021","0000","0000","8877","6742","2135","788","9665","20119","23010","48.04","33.51"
"65","000","00","021","2101","0000","136","106","30","12","148","312","0","47.44","33.97"
"65","000","00","021","2101","0011","136","106","30","12","148","312","0","47.44","33.97"
"65","000","00","021","2102","0000","2261","1782","479","172","2433","4806","0","50.62","37.08"
"65","000","00","021","2102","0012","644","521","123","40","684","1421","0","48.14","36.66"
"65","000","00","021","2102","0013","742","574","168","59","801","1557","0","51.45","36.87"
"65","000","00","021","2102","0014","875","687","188","73","948","1828","0","51.86","37.58"
"65","000","00","021","2103","0000","490","370","120","50","540","1060","0","50.94","34.91"
"65","000","00","021","2103","0015","490","370","120","50","540","1060","0","50.94","34.91"
"65","000","00","021","2104","0000","322","232","90","34","356","819","0","43.47","28.33"
"65","000","00","021","2104","0016","322","232","90","34","356","819","0","43.47","28.33"
"65","000","00","021","2105","0000","2561","1941","620","231","2792","6140","0","45.47","31.61"
"65","000","00","021","2105","0017","675","519","156","42","717","1701","0","42.15","30.51"
"65","000","00","021","2105","0018","759","580","179","78","837","1740","0","48.1","33.33"
"65","000","00","021","2105","0019","611","451","160","52","663","1451","0","45.69","31.08"
"65","000","00","021","2105","0020","516","391","125","59","575","1248","0","46.07","31.33"
"65","000","00","021","2106","0000","301","231","70","20","321","629","0","51.03","36.72"
"65","000","00","021","2106","0021","301","231","70","20","321","629","0","51.03","36.72"
"65","000","00","021","2107","0000","215","165","50","18","233","504","0","46.23","32.74"
"65","000","00","021","2107","0022","215","165","50","18","233","504","0","46.23","32.74"
"65","000","00","021","2108","0000","291","218","73","15","306","698","0","43.84","31.23"
"65","000","00","021","2108","0023","291","218","73","15","306","698","0","43.84","31.23"
"65","000","00","021","2109","0000","890","708","182","65","955","2069","0","46.16","34.22"
"65","000","00","021","2109","0024","890","708","182","65","955","2069","0","46.16","34.22"
"65","000","00","021","2110","0000","376","287","89","38","414","784","0","52.81","36.61"
"65","000","00","021","2110","0025","376","287","89","38","414","784","0","52.81","36.61"
"65","000","00","021","2111","0000","234","160","74","29","263","522","0","50.38","30.65"
"65","000","00","021","2111","0026","234","160","74","29","263","522","0","50.38","30.65"
"65","000","00","021","2112","0000","250","176","74","53","303","587","0","51.62","29.98"
"65","000","00","021","2112","0027","250","176","74","53","303","587","0","51.62","29.98"
"65","000","00","021","2113","0000","550","366","184","51","601","1189","0","50.55","30.78"
"65","000","00","021","2113","0028","550","366","184","51","601","1189","0","50.55","30.78"
"65","000","00","022","0000","0000","4866","3696","1170","563","5429","10528","12158","51.57","35.11"
"65","000","00","022","2201","0000","527","376","151","52","579","1121","0","51.65","33.54"
"65","000","00","022","2201","0001","527","376","151","52","579","1121","0","51.65","33.54"
"65","000","00","022","2202","0000","592","440","152","78","670","1389","0","48.24","31.68"
"65","000","00","022","2202","0002","592","440","152","78","670","1389","0","48.24","31.68"
"65","000","00","022","2203","0000","980","763","217","130","1110","2177","0","50.99","35.05"
"65","000","00","022","2203","0003","431","330","101","61","492","933","0","52.73","35.37"
"65","000","00","022","2203","0004","549","433","116","69","618","1244","0","49.68","34.81"
"65","000","00","022","2204","0000","414","324","90","71","485","883","0","54.93","36.69"
"65","000","00","022","2204","0005","414","324","90","71","485","883","0","54.93","36.69"
"65","000","00","022","2205","0000","755","588","167","70","825","1564","0","52.75","37.6"
"65","000","00","022","2205","0006","755","588","167","70","825","1564","0","52.75","37.6"
"65","000","00","022","2206","0000","730","523","207","65","795","1500","0","53.0","34.87"
"65","000","00","022","2206","0007","730","523","207","65","795","1500","0","53.0","34.87"
"65","000","00","022","2207","0000","138","110","28","13","151","328","0","46.04","33.54"
"65","000","00","022","2207","0008","138","110","28","13","151","328","0","46.04","33.54"
"65","000","00","022","2208","0000","362","281","81","41","403","651","0","61.9","43.16"
"65","000","00","022","2208","0009","362","281","81","41","403","651","0","61.9","43.16"
"65","000","00","022","2209","0000","368","291","77","43","411","915","0","44.92","31.8"
"65","000","00","022","2209","0010","368","291","77","43","411","915","0","44.92","31.8"
"65","000","00","023","0000","0000","15922","11981","3941","1485","17407","32970","38861","52.8","36.34"
"65","000","00","023","2301","0000","3095","2353","742","268","3363","6595","0","50.99","35.68"
"65","000","00","023","2301","0125","672","511","161","70","742","1498","0","49.53","34.11"
"65","000","00","023","2301","0126","839","651","188","47","886","1939","0","45.69","33.57"
"65","000","00","023","2301","0127","726","551","175","80","806","1516","0","53.17","36.35"
"65","000","00","023","2301","0128","858","640","218","71","929","1642","0","56.58","38.98"
"65","000","00","023","2302","0000","1465","1127","338","163","1628","3203","0","50.83","35.19"
"65","000","00","023","2302","0129","832","630","202","106","938","1927","0","48.68","32.69"
"65","000","00","023","2302","0130","633","497","136","57","690","1276","0","54.08","38.95"
"65","000","00","023","2303","0000","1441","1087","354","129","1570","2752","0","57.05","39.5"
"65","000","00","023","2303","0131","730","552","178","55","785","1349","0","58.19","40.92"
"65","000","00","023","2303","0132","711","535","176","74","785","1403","0","55.95","38.13"
"65","000","00","023","2304","0000","1738","1331","407","130","1868","3497","0","53.42","38.06"
"65","000","00","023","2304","0133","823","616","207","64","887","1644","0","53.95","37.47"
"65","000","00","023","2304","0134","915","715","200","66","981","1853","0","52.94","38.59"
"65","000","00","023","2305","0000","937","742","195","102","1039","1793","0","57.95","41.38"
"65","000","00","023","2305","0135","937","742","195","102","1039","1793","0","57.95","41.38"
"65","000","00","023","2306","0000","3159","2367","792","278","3437","6457","0","53.23","36.66"
"65","000","00","023","2306","0136","820","598","222","63","883","1644","0","53.71","36.37"
"65","000","00","023","2306","0137","888","682","206","76","964","1846","0","52.22","36.94"
"65","000","00","023","2306","0138","649","484","165","70","719","1346","0","53.42","35.96"
"65","000","00","023","2306","0139","802","603","199","69","871","1621","0","53.73","37.2"
"65","000","00","023","2307","0000","1764","1330","434","178","1942","4077","0","47.63","32.62"
"65","000","00","023","2307","0140","856","656","200","86","942","2110","0","44.64","31.09"
"65","000","00","023","2307","0141","908","674","234","92","1000","1967","0","50.84","34.27"
"65","000","00","023","2308","0000","830","626","204","64","894","1626","0","54.98","38.5"
"65","000","00","023","2308","0142","830","626","204","64","894","1626","0","54.98","38.5"
"65","000","00","023","2309","0000","755","554","201","77","832","1514","0","54.95","36.59"
"65","000","00","023","2309","0143","755","554","201","77","832","1514","0","54.95","36.59"
"65","000","00","023","2310","0000","738","464","274","96","834","1456","0","57.28","31.87"
"65","000","00","023","2310","0144","738","464","274","96","834","1456","0","57.28","31.87"
"65","000","00","024","0000","0000","1780","1333","447","245","2025","4321","4687","46.86","30.85"
"65","000","00","024","2401","0000","165","121","44","22","187","384","0","48.7","31.51"
"65","000","00","024","2401","2208","165","121","44","22","187","384","0","48.7","31.51"
"65","000","00","024","2402","0000","94","74","20","1","95","232","0","40.95","31.9"
"65","000","00","024","2402","2209","94","74","20","1","95","232","0","40.95","31.9"
"65","000","00","024","2403","0000","122","84","38","18","140","249","0","56.22","33.73"
"65","000","00","024","2403","2210","122","84","38","18","140","249","0","56.22","33.73"
"65","000","00","024","2404","0000","216","159","57","37","253","458","0","55.24","34.72"
"65","000","00","024","2404","2211","216","159","57","37","253","458","0","55.24","34.72"
"65","000","00","024","2405","0000","110","78","32","19","129","232","0","55.6","33.62"
"65","000","00","024","2405","2212","110","78","32","19","129","232","0","55.6","33.62"
"65","000","00","024","2406","0000","241","182","59","16","257","635","0","40.47","28.66"
"65","000","00","024","2406","2213","241","182","59","16","257","635","0","40.47","28.66"
"65","000","00","024","2407","0000","194","148","46","42","236","427","0","55.27","34.66"
"65","000","00","024","2407","2214","194","148","46","42","236","427","0","55.27","34.66"
"65","000","00","024","2408","0000","69","52","17","4","73","147","0","49.66","35.37"
"65","000","00","024","2408","2216","69","52","17","4","73","147","0","49.66","35.37"
"65","000","00","024","2409","0000","120","96","24","15","135","365","0","36.99","26.3"
"65","000","00","024","2409","2217","120","96","24","15","135","365","0","36.99","26.3"
"65","000","00","024","2410","0000","89","65","24","20","109","177","0","61.58","36.72"
"65","000","00","024","2410","2219","89","65","24","20","109","177","0","61.58","36.72"
"65","000","00","024","2411","0000","300","233","67","43","343","862","0","39.79","27.03"
"65","000","00","024","2411","2215","300","233","67","43","343","862","0","39.79","27.03"
"65","000","00","024","2412","0000","60","41","19","8","68","153","0","44.44","26.8"
"65","000","00","024","2412","2218","60","41","19","8","68","153","0","44.44","26.8"
"65","000","00","025","0000","0000","3413","2599","814","440","3853","7999","8872","48.17","32.49"
"65","000","00","025","2501","0000","194","158","36","21","215","455","0","47.25","34.73"
"65","000","00","025","2501","2266","194","158","36","21","215","455","0","47.25","34.73"
"65","000","00","025","2502","0000","171","140","31","28","199","391","0","50.9","35.81"
"65","000","00","025","2502","2278","55","48","7","10","65","120","0","54.17","40.0"
"65","000","00","025","2502","2279","116","92","24","18","134","271","0","49.45","33.95"
"65","000","00","025","2503","0000","382","290","92","41","423","782","0","54.09","37.08"
"65","000","00","025","2503","2267","134","99","35","14","148","286","0","51.75","34.62"
"65","000","00","025","2503","2268","248","191","57","27","275","496","0","55.44","38.51"
"65","000","00","025","2504","0000","344","260","84","61","405","733","0","55.25","35.47"
"65","000","00","025","2504","2280","185","142","43","27","212","362","0","58.56","39.23"
"65","000","00","025","2504","2281","159","118","41","34","193","371","0","52.02","31.81"
"65","000","00","025","2505","0000","147","116","31","13","160","383","0","41.78","30.29"
"65","000","00","025","2505","2269","147","116","31","13","160","383","0","41.78","30.29"
"65","000","00","025","2506","0000","574","443","131","79","653","1539","0","42.43","28.78"
"65","000","00","025","2506","2270","332","254","78","45","377","887","0","42.5","28.64"
"65","000","00","025","2506","2271","242","189","53","34","276","652","0","42.33","28.99"
"65","000","00","025","2507","0000","150","119","31","17","167","333","0","50.15","35.74"
"65","000","00","025","2507","2272","150","119","31","17","167","333","0","50.15","35.74"
"65","000","00","025","2508","0000","411","299","112","43","454","924","0","49.13","32.36"
"65","000","00","025","2508","2273","291","216","75","29","320","642","0","49.84","33.64"
"65","000","00","025","2508","2274","120","83","37","14","134","282","0","47.52","29.43"
"65","000","00","025","2509","0000","237","176","61","32","269","621","0","43.32","28.34"
"65","000","00","025","2509","2275","237","176","61","32","269","621","0","43.32","28.34"
"65","000","00","025","2510","0000","155","119","36","11","166","422","0","39.34","28.2"
"65","000","00","025","2510","2276","155","119","36","11","166","422","0","39.34","28.2"
"65","000","00","025","2511","0000","105","70","35","29","134","369","0","36.31","18.97"
"65","000","00","025","2511","2277","105","70","35","29","134","369","0","36.31","18.97"
"65","000","00","025","2512","0000","543","409","134","65","608","1047","0","58.07","39.06"
"65","000","00","025","2512","2282","543","409","134","65","608","1047","0","58.07","39.06"
"65","000","00","026","0000","0000","4338","3171","1167","466","4804","11279","12364","42.59","28.11"
"65","000","00","026","2601","0000","391","307","84","44","435","876","0","49.66","35.05"
"65","000","00","026","2601","2283","391","307","84","44","435","876","0","49.66","35.05"
"65","000","00","026","2602","0000","180","142","38","16","196","516","0","37.98","27.52"
"65","000","00","026","2602","2285","180","142","38","16","196","516","0","37.98","27.52"
"65","000","00","026","2603","0000","246","180","66","54","300","686","0","43.73","26.24"
"65","000","00","026","2603","2286","125","91","34","26","151","373","0","40.48","24.4"
"65","000","00","026","2603","2287","121","89","32","28","149","313","0","47.6","28.43"
"65","000","00","026","2604","0000","191","142","49","27","218","433","0","50.35","32.79"
"65","000","00","026","2604","2284","191","142","49","27","218","433","0","50.35","32.79"
"65","000","00","026","2605","0000","230","151","79","31","261","676","0","38.61","22.34"
"65","000","00","026","2605","2292","230","151","79","31","261","676","0","38.61","22.34"
"65","000","00","026","2606","0000","672","483","189","64","736","1673","0","43.99","28.87"
"65","000","00","026","2606","2290","307","224","83","17","324","812","0","39.9","27.59"
"65","000","00","026","2606","2291","365","259","106","47","412","861","0","47.85","30.08"
"65","000","00","026","2607","0000","696","500","196","48","744","1731","0","42.98","28.89"
"65","000","00","026","2607","2295","270","206","64","10","280","769","0","36.41","26.79"
"65","000","00","026","2607","2296","426","294","132","38","464","962","0","48.23","30.56"
"65","000","00","026","2608","0000","696","493","203","77","773","2046","0","37.78","24.1"
"65","000","00","026","2608","2293","362","254","108","25","387","1091","0","35.47","23.28"
"65","000","00","026","2608","2294","334","239","95","52","386","955","0","40.42","25.03"
"65","000","00","026","2609","0000","397","295","102","48","445","900","0","49.44","32.78"
"65","000","00","026","2609","2288","221","173","48","14","235","485","0","48.45","35.67"
"65","000","00","026","2609","2289","176","122","54","34","210","415","0","50.6","29.4"
"65","000","00","026","2610","0000","326","243","83","12","338","739","0","45.74","32.88"
"65","000","00","026","2610","2297","180","133","47","11","191","390","0","48.97","34.1"
"65","000","00","026","2610","2298","146","110","36","1","147","349","0","42.12","31.52"
"65","000","00","026","2611","0000","313","235","78","45","358","1003","0","35.69","23.43"
"65","000","00","026","2611","2299","166","124","42","31","197","508","0","38.78","24.41"
"65","000","00","026","2611","2300","147","111","36","14","161","495","0","32.53","22.42"
"65","000","00","027","0000","0000","8617","6535","2082","943","9560","18978","21821","50.37","34.43"
"65","000","00","027","2701","0000","227","184","43","35","262","481","0","54.47","38.25"
"65","000","00","027","2701","2301","227","184","43","35","262","481","0","54.47","38.25"
"65","000","00","027","2702","0000","344","245","99","35","379","715","0","53.01","34.27"
"65","000","00","027","2702","2302","344","245","99","35","379","715","0","53.01","34.27"
"65","000","00","027","2703","0000","184","137","47","30","214","481","0","44.49","28.48"
"65","000","00","027","2703","2303","184","137","47","30","214","481","0","44.49","28.48"
"65","000","00","027","2704","0000","748","581","167","78","826","1792","0","46.09","32.42"
"65","000","00","027","2704","2304","748","581","167","78","826","1792","0","46.09","32.42"
"65","000","00","027","2705","0000","1813","1374","439","166","1979","3791","0","52.2","36.24"
"65","000","00","027","2705","2305","824","621","203","85","909","1781","0","51.04","34.87"
"65","000","00","027","2705","2306","989","753","236","81","1070","2010","0","53.23","37.46"
"65","000","00","027","2706","0000","817","616","201","65","882","1716","0","51.4","35.9"
"65","000","00","027","2706","2310","396","313","83","36","432","828","0","52.17","37.8"
"65","000","00","027","2706","2311","421","303","118","29","450","888","0","50.68","34.12"
"65","000","00","027","2707","0000","522","397","125","85","607","1211","0","50.12","32.78"
"65","000","00","027","2707","2312","522","397","125","85","607","1211","0","50.12","32.78"
"65","000","00","027","2708","0000","221","170","51","18","239","416","0","57.45","40.87"
"65","000","00","027","2708","2313","221","170","51","18","239","416","0","57.45","40.87"
"65","000","00","027","2709","0000","351","260","91","47","398","682","0","58.36","38.12"
"65","000","00","027","2709","2314","351","260","91","47","398","682","0","58.36","38.12"
"65","000","00","027","2710","0000","291","227","64","57","348","644","0","54.04","35.25"
"65","000","00","027","2710","2315","291","227","64","57","348","644","0","54.04","35.25"
"65","000","00","027","2711","0000","371","281","90","38","409","830","0","49.28","33.86"
"65","000","00","027","2711","2316","371","281","90","38","409","830","0","49.28","33.86"
"65","000","00","027","2712","0000","230","163","67","29","259","469","0","55.22","34.75"
"65","000","00","027","2712","2318","230","163","67","29","259","469","0","55.22","34.75"
"65","000","00","027","2713","0000","87","59","28","12","99","188","0","52.66","31.38"
"65","000","00","027","2713","2317","87","59","28","12","99","188","0","52.66","31.38"
"65","000","00","027","2714","0000","179","134","45","34","213","582","0","36.6","23.02"
"65","000","00","027","2714","2319","179","134","45","34","213","582","0","36.6","23.02"
"65","000","00","027","2715","0000","2232","1707","525","214","2446","4980","0","49.12","34.28"
"65","000","00","027","2715","2307","705","522","183","60","765","1572","0","48.66","33.21"
"65","000","00","027","2715","2308","822","634","188","85","907","1777","0","51.04","35.68"
"65","000","00","027","2715","2309","705","551","154","69","774","1631","0","47.46","33.78"
"65","000","00","028","0000","0000","8618","6579","2039","914","9532","19297","22102","49.4","34.09"
"65","000","00","028","2801","0000","2083","1601","482","160","2243","4309","0","52.05","37.15"
"65","000","00","028","2801","2320","651","504","147","43","694","1286","0","53.97","39.19"
"65","000","00","028","2801","2321","795","601","194","65","860","1576","0","54.57","38.13"
"65","000","00","028","2801","2322","637","496","141","52","689","1447","0","47.62","34.28"
"65","000","00","028","2802","0000","1043","799","244","118","1161","2532","0","45.85","31.56"
"65","000","00","028","2802","2325","416","315","101","59","475","1215","0","39.09","25.93"
"65","000","00","028","2802","2326","627","484","143","59","686","1317","0","52.09","36.75"
"65","000","00","028","2803","0000","1302","1025","277","154","1456","3226","0","45.13","31.77"
"65","000","00","028","2803","2327","644","510","134","73","717","1676","0","42.78","30.43"
"65","000","00","028","2803","2328","658","515","143","81","739","1550","0","47.68","33.23"
"65","000","00","028","2804","0000","1398","1050","348","137","1535","2705","0","56.75","38.82"
"65","000","00","028","2804","2329","525","391","134","55","580","945","0","61.38","41.38"
"65","000","00","028","2804","2330","873","659","214","82","955","1760","0","54.26","37.44"
"65","000","00","028","2805","0000","262","204","58","24","286","570","0","50.18","35.79"
"65","000","00","028","2805","2331","262","204","58","24","286","570","0","50.18","35.79"
"65","000","00","028","2806","0000","402","275","127","41","443","952","0","46.53","28.89"
"65","000","00","028","2806","2332","402","275","127","41","443","952","0","46.53","28.89"
"65","000","00","028","2807","0000","332","247","85","63","395","674","0","58.61","36.65"
"65","000","00","028","2807","2333","332","247","85","63","395","674","0","58.61","36.65"
"65","000","00","028","2808","0000","189","144","45","19","208","405","0","51.36","35.56"
"65","000","00","028","2808","2334","189","144","45","19","208","405","0","51.36","35.56"
"65","000","00","028","2809","0000","485","369","116","65","550","1089","0","50.51","33.88"
"65","000","00","028","2809","2335","485","369","116","65","550","1089","0","50.51","33.88"
"65","000","00","028","2810","0000","1122","865","257","133","1255","2835","0","44.27","30.51"
"65","000","00","028","2810","2323","594","465","129","75","669","1466","0","45.63","31.72"
"65","000","00","028","2810","2324","528","400","128","58","586","1369","0","42.8","29.22"
"65","000","00","029","0000","0000","2524","1982","542","183","2707","5264","6383","51.42","37.65"
"65","000","00","029","2901","0000","1075","845","230","51","1126","2367","0","47.57","35.7"
"65","000","00","029","2901","2203","559","434","125","21","580","1198","0","48.41","36.23"
"65","000","00","029","2901","2204","516","411","105","30","546","1169","0","46.71","35.16"
"65","000","00","029","2902","0000","867","676","191","66","933","1568","0","59.5","43.11"
"65","000","00","029","2902","2202","867","676","191","66","933","1568","0","59.5","43.11"
"65","000","00","029","2903","0000","248","200","48","24","272","615","0","44.23","32.52"
"65","000","00","029","2903","2207","248","200","48","24","272","615","0","44.23","32.52"
"65","000","00","029","2904","0000","225","174","51","38","263","486","0","54.12","35.8"
"65","000","00","029","2904","2206","225","174","51","38","263","486","0","54.12","35.8"
"65","000","00","029","2905","0000","109","87","22","4","113","228","0","49.56","38.16"
"65","000","00","029","2905","2205","109","87","22","4","113","228","0","49.56","38.16"
"68","000","00","000","0000","0000","862406","669790","192616","57577","919983","1801823","2215615","51.06","37.17"
"68","000","00","001","0000","0000","169897","130494","39403","10996","180893","359790","446246","50.28","36.27"
"68","000","00","001","0101","0000","344","251","93","17","361","690","0","52.32","36.38"
"68","000","00","001","0101","0032","344","251","93","17","361","690","0","52.32","36.38"
"68","000","00","001","0102","0000","716","524","192","68","784","1353","0","57.95","38.73"
"68","000","00","001","0102","0034","716","524","192","68","784","1353","0","57.95","38.73"
"68","000","00","001","0103","0000","671","486","185","48","719","1582","0","45.45","30.72"
"68","000","00","001","0103","0043","671","486","185","48","719","1582","0","45.45","30.72"
"68","000","00","001","0104","0000","2999","2310","689","207","3206","6636","0","48.31","34.81"
"68","000","00","001","0104","0001","743","563","180","61","804","1593","0","50.47","35.34"
"68","000","00","001","0104","0002","796","599","197","40","836","1934","0","43.23","30.97"
"68","000","00","001","0104","0003","835","644","191","73","908","1661","0","54.67","38.77"
"68","000","00","001","0104","0004","625","504","121","33","658","1448","0","45.44","34.81"
"68","000","00","001","0105","0000","1569","1213","356","78","1647","3483","0","47.29","34.83"
"68","000","00","001","0105","0190","807","635","172","44","851","1790","0","47.54","35.47"
"68","000","00","001","0105","0191","762","578","184","34","796","1693","0","47.02","34.14"
"68","000","00","001","0106","0000","4053","3208","845","185","4238","9063","0","46.76","35.4"
"68","000","00","001","0106","0204","842","670","172","51","893","1796","0","49.72","37.31"
"68","000","00","001","0106","0205","877","700","177","29","906","1878","0","48.24","37.27"
"68","000","00","001","0106","0206","807","613","194","38","845","1729","0","48.87","35.45"
"68","000","00","001","0106","0207","785","625","160","29","814","1843","0","44.17","33.91"
"68","000","00","001","0106","0208","742","600","142","38","780","1817","0","42.93","33.02"
"68","000","00","001","0107","0000","532","371","161","45","577","1028","0","56.13","36.09"
"68","000","00","001","0107","0044","532","371","161","45","577","1028","0","56.13","36.09"
"68","000","00","001","0108","0000","677","489","188","66","743","1452","0","51.17","33.68"
"68","000","00","001","0108","0036","677","489","188","66","743","1452","0","51.17","33.68"
"68","000","00","001","0109","0000","804","586","218","69","873","1681","0","51.93","34.86"
"68","000","00","001","0109","0037","804","586","218","69","873","1681","0","51.93","34.86"
"68","000","00","001","0110","0000","2415","1753","662","157","2572","5078","0","50.65","34.52"
"68","000","00","001","0110","0187","765","463","302","59","824","1764","0","46.71","26.25"
"68","000","00","001","0110","0188","955","750","205","78","1033","1899","0","54.4","39.49"
"68","000","00","001","0110","0189","695","540","155","20","715","1415","0","50.53","38.16"
"68","000","00","001","0111","0000","2169","1592","577","198","2367","4509","0","52.5","35.31"
"68","000","00","001","0111","0113","607","450","157","73","680","1308","0","51.99","34.4"
"68","000","00","001","0111","0114","747","559","188","58","805","1583","0","50.85","35.31"
"68","000","00","001","0111","0115","815","583","232","67","882","1618","0","54.51","36.03"
"68","000","00","001","0112","0000","2043","1534","509","148","2191","4668","0","46.94","32.86"
"68","000","00","001","0112","0131","751","566","185","60","811","1689","0","48.02","33.51"
"68","000","00","001","0112","0132","617","457","160","42","659","1542","0","42.74","29.64"
"68","000","00","001","0112","0133","675","511","164","46","721","1437","0","50.17","35.56"
"68","000","00","001","0113","0000","1410","1059","351","80","1490","2928","0","50.89","36.17"
"68","000","00","001","0113","0193","627","473","154","33","660","1434","0","46.03","32.98"
"68","000","00","001","0113","0194","783","586","197","47","830","1494","0","55.56","39.22"
"68","000","00","001","0114","0000","760","639","121","54","814","1916","0","42.48","33.35"
"68","000","00","001","0114","0192","760","639","121","54","814","1916","0","42.48","33.35"
"68","000","00","001","0115","0000","511","371","140","42","553","979","0","56.49","37.9"
"68","000","00","001","0115","0209","511","371","140","42","553","979","0","56.49","37.9"
"68","000","00","001","0116","0000","1573","1192","381","122","1695","3565","0","47.55","33.44"
"68","000","00","001","0116","0134","770","578","192","52","822","1679","0","48.96","34.43"
"68","000","00","001","0116","0135","803","614","189","70","873","1886","0","46.29","32.56"
"68","000","00","001","0117","0000","1219","922","297","85","1304","2210","0","59.0","41.72"
"68","000","00","001","0117","0105","646","497","149","44","690","1149","0","60.05","43.26"
"68","000","00","001","0117","0106","573","425","148","41","614","1061","0","57.87","40.06"
"68","000","00","001","0118","0000","1426","1114","312","106","1532","3058","0","50.1","36.43"
"68","000","00","001","0118","0127","899","715","184","58","957","1995","0","47.97","35.84"
"68","000","00","001","0118","0128","527","399","128","48","575","1063","0","54.09","37.54"
"68","000","00","001","0119","0000","720","539","181","44","764","1587","0","48.14","33.96"
"68","000","00","001","0119","0041","720","539","181","44","764","1587","0","48.14","33.96"
"68","000","00","001","0120","0000","706","516","190","82","788","1375","0","57.31","37.53"
"68","000","00","001","0120","0028","706","516","190","82","788","1375","0","57.31","37.53"
"68","000","00","001","0121","0000","475","343","132","41","516","852","0","60.56","40.26"
"68","000","00","001","0121","0033","475","343","132","41","516","852","0","60.56","40.26"
"68","000","00","001","0122","0000","4489","3483","1006","249","4738","9234","0","51.31","37.72"
"68","000","00","001","0122","0155","860","680","180","49","909","1807","0","50.3","37.63"
"68","000","00","001","0122","0156","907","714","193","41","948","1857","0","51.05","38.45"
"68","000","00","001","0122","0157","823","628","195","70","893","1589","0","56.2","39.52"
"68","000","00","001","0122","0158","996","753","243","45","1041","2088","0","49.86","36.06"
"68","000","00","001","0122","0159","903","708","195","44","947","1893","0","50.03","37.4"
"68","000","00","001","0123","0000","3292","2510","782","138","3430","6570","0","52.21","38.2"
"68","000","00","001","0123","0050","750","596","154","41","791","1489","0","53.12","40.03"
"68","000","00","001","0123","0051","966","720","246","35","1001","1821","0","54.97","39.54"
"68","000","00","001","0123","0052","704","532","172","24","728","1563","0","46.58","34.04"
"68","000","00","001","0123","0053","872","662","210","38","910","1697","0","53.62","39.01"
"68","000","00","001","0124","0000","2813","2166","647","210","3023","6075","0","49.76","35.65"
"68","000","00","001","0124","0151","670","508","162","53","723","1569","0","46.08","32.38"
"68","000","00","001","0124","0152","698","542","156","45","743","1505","0","49.37","36.01"
"68","000","00","001","0124","0153","697","523","174","58","755","1496","0","50.47","34.96"
"68","000","00","001","0124","0154","748","593","155","54","802","1505","0","53.29","39.4"
"68","000","00","001","0125","0000","727","540","187","71","798","1451","0","55.0","37.22"
"68","000","00","001","0125","0042","727","540","187","71","798","1451","0","55.0","37.22"
"68","000","00","001","0126","0000","2773","2105","668","209","2982","5866","0","50.84","35.88"
"68","000","00","001","0126","0045","885","691","194","79","964","1934","0","49.84","35.73"
"68","000","00","001","0126","0046","497","388","109","56","553","1016","0","54.43","38.19"
"68","000","00","001","0126","0047","546","396","150","32","578","1079","0","53.57","36.7"
"68","000","00","001","0126","0048","845","630","215","42","887","1837","0","48.29","34.3"
"68","000","00","001","0127","0000","684","488","196","68","752","1390","0","54.1","35.11"
"68","000","00","001","0127","0049","684","488","196","68","752","1390","0","54.1","35.11"
"68","000","00","001","0128","0000","2367","1746","621","228","2595","4944","0","52.49","35.32"
"68","000","00","001","0128","0081","745","537","208","82","827","1449","0","57.07","37.06"
"68","000","00","001","0128","0082","790","595","195","80","870","1803","0","48.25","33.0"
"68","000","00","001","0128","0083","832","614","218","66","898","1692","0","53.07","36.29"
"68","000","00","001","0129","0000","2277","1711","566","142","2419","4421","0","54.72","38.7"
"68","000","00","001","0129","0060","618","480","138","47","665","1115","0","59.64","43.05"
"68","000","00","001","0129","0061","802","568","234","57","859","1562","0","54.99","36.36"
"68","000","00","001","0129","0062","857","663","194","38","895","1744","0","51.32","38.02"
"68","000","00","001","0130","0000","2619","2023","596","165","2784","5152","0","54.04","39.27"
"68","000","00","001","0130","0057","944","766","178","50","994","1766","0","56.29","43.37"
"68","000","00","001","0130","0058","770","561","209","62","832","1555","0","53.5","36.08"
"68","000","00","001","0130","0059","905","696","209","53","958","1831","0","52.32","38.01"
"68","000","00","001","0131","0000","594","494","100","37","631","1698","0","37.16","29.09"
"68","000","00","001","0131","0035","594","494","100","37","631","1698","0","37.16","29.09"
"68","000","00","001","0132","0000","3008","2319","689","200","3208","5981","0","53.64","38.77"
"68","000","00","001","0132","0013","730","547","183","43","773","1482","0","52.16","36.91"
"68","000","00","001","0132","0014","720","552","168","55","775","1423","0","54.46","38.79"
"68","000","00","001","0132","0015","757","580","177","53","810","1509","0","53.68","38.44"
"68","000","00","001","0132","0016","801","640","161","49","850","1567","0","54.24","40.84"
"68","000","00","001","0133","0000","2890","2196","694","215","3105","5805","0","53.49","37.83"
"68","000","00","001","0133","0020","720","508","212","63","783","1399","0","55.97","36.31"
"68","000","00","001","0133","0021","801","610","191","58","859","1540","0","55.78","39.61"
"68","000","00","001","0133","0022","753","593","160","48","801","1638","0","48.9","36.2"
"68","000","00","001","0133","0023","616","485","131","46","662","1228","0","53.91","39.5"
"68","000","00","001","0134","0000","2353","1725","628","195","2548","4781","0","53.29","36.08"
"68","000","00","001","0134","0038","779","564","215","75","854","1669","0","51.17","33.79"
"68","000","00","001","0134","0039","782","574","208","58","840","1530","0","54.9","37.52"
"68","000","00","001","0134","0040","792","587","205","62","854","1582","0","53.98","37.1"
"68","000","00","001","0135","0000","1553","1203","350","141","1694","3529","0","48.0","34.09"
"68","000","00","001","0135","0086","539","396","143","48","587","1173","0","50.04","33.76"
"68","000","00","001","0135","0087","529","434","95","25","554","1162","0","47.68","37.35"
"68","000","00","001","0135","0088","485","373","112","68","553","1194","0","46.31","31.24"
"68","000","00","001","0136","0000","2595","2074","521","148","2743","5705","0","48.08","36.35"
"68","000","00","001","0136","0092","822","660","162","77","899","1780","0","50.51","37.08"
"68","000","00","001","0136","0093","824","651","173","42","866","1904","0","45.48","34.19"
"68","000","00","001","0136","0094","949","763","186","29","978","2021","0","48.39","37.75"
"68","000","00","001","0137","0000","1823","1342","481","81","1904","3870","0","49.2","34.68"
"68","000","00","001","0137","0185","923","689","234","34","957","1925","0","49.71","35.79"
"68","000","00","001","0137","0186","900","653","247","47","947","1945","0","48.69","33.57"
"68","000","00","001","0138","0000","2132","1556","576","177","2309","4271","0","54.06","36.43"
"68","000","00","001","0138","0195","648","475","173","70","718","1311","0","54.77","36.23"
"68","000","00","001","0138","0196","713","519","194","52","765","1476","0","51.83","35.16"
"68","000","00","001","0138","0197","771","562","209","55","826","1484","0","55.66","37.87"
"68","000","00","001","0139","0000","962","711","251","86","1048","1970","0","53.2","36.09"
"68","000","00","001","0139","0202","521","391","130","50","571","1015","0","56.26","38.52"
"68","000","00","001","0139","0203","441","320","121","36","477","955","0","49.95","33.51"
"68","000","00","001","0140","0000","2557","1897","660","193","2750","5333","0","51.57","35.57"
"68","000","00","001","0140","0029","882","644","238","55","937","1743","0","53.76","36.95"
"68","000","00","001","0140","0030","835","628","207","74","909","1862","0","48.82","33.73"
"68","000","00","001","0140","0031","840","625","215","64","904","1728","0","52.31","36.17"
"68","000","00","001","0141","0000","2928","2260","668","251","3179","6230","0","51.03","36.28"
"68","000","00","001","0141","0024","754","576","178","75","829","1649","0","50.27","34.93"
"68","000","00","001","0141","0025","780","606","174","52","832","1601","0","51.97","37.85"
"68","000","00","001","0141","0026","651","500","151","87","738","1477","0","49.97","33.85"
"68","000","00","001","0141","0027","743","578","165","37","780","1503","0","51.9","38.46"
"68","000","00","001","0142","0000","2342","1728","614","195","2537","5170","0","49.07","33.42"
"68","000","00","001","0142","0010","709","540","169","54","763","1590","0","47.99","33.96"
"68","000","00","001","0142","0011","762","552","210","69","831","1637","0","50.76","33.72"
"68","000","00","001","0142","0012","871","636","235","72","943","1943","0","48.53","32.73"
"68","000","00","001","0143","0000","2308","1732","576","211","2519","5024","0","50.14","34.47"
"68","000","00","001","0143","0007","816","605","211","61","877","1800","0","48.72","33.61"
"68","000","00","001","0143","0008","814","630","184","58","872","1598","0","54.57","39.42"
"68","000","00","001","0143","0009","678","497","181","92","770","1626","0","47.36","30.57"
"68","000","00","001","0144","0000","2063","1578","485","137","2200","4160","0","52.88","37.93"
"68","000","00","001","0144","0017","659","512","147","51","710","1305","0","54.41","39.23"
"68","000","00","001","0144","0018","633","496","137","48","681","1416","0","48.09","35.03"
"68","000","00","001","0144","0019","771","570","201","38","809","1439","0","56.22","39.61"
"68","000","00","001","0145","0000","2258","1783","475","106","2364","4197","0","56.33","42.48"
"68","000","00","001","0145","0173","828","667","161","29","857","1432","0","59.85","46.58"
"68","000","00","001","0145","0174","765","612","153","50","815","1421","0","57.35","43.07"
"68","000","00","001","0145","0175","665","504","161","27","692","1344","0","51.49","37.5"
"68","000","00","001","0146","0000","2349","1786","563","161","2510","5384","0","46.62","33.17"
"68","000","00","001","0146","0182","730","557","173","46","776","1860","0","41.72","29.95"
"68","000","00","001","0146","0183","799","623","176","68","867","1726","0","50.23","36.1"
"68","000","00","001","0146","0184","820","606","214","47","867","1798","0","48.22","33.7"
"68","000","00","001","0147","0000","2786","2133","653","190","2976","6097","0","48.81","34.98"
"68","000","00","001","0147","0198","718","543","175","50","768","1514","0","50.73","35.87"
"68","000","00","001","0147","0199","685","534","151","70","755","1446","0","52.21","36.93"
"68","000","00","001","0147","0200","708","533","175","23","731","1573","0","46.47","33.88"
"68","000","00","001","0147","0201","675","523","152","47","722","1564","0","46.16","33.44"
"68","000","00","001","0148","0000","3153","2393","760","229","3382","6901","0","49.01","34.68"
"68","000","00","001","0148","0139","859","648","211","67","926","1846","0","50.16","35.1"
"68","000","00","001","0148","0140","722","552","170","50","772","1644","0","46.96","33.58"
"68","000","00","001","0148","0141","737","562","175","63","800","1674","0","47.79","33.57"
"68","000","00","001","0148","0142","835","631","204","49","884","1737","0","50.89","36.33"
"68","000","00","001","0149","0000","2527","2043","484","145","2672","5873","0","45.5","34.79"
"68","000","00","001","0149","0107","804","614","190","43","847","1831","0","46.26","33.53"
"68","000","00","001","0149","0108","841","746","95","70","911","2168","0","42.02","34.41"
"68","000","00","001","0149","0109","882","683","199","32","914","1874","0","48.77","36.45"
"68","000","00","001","0150","0000","3972","3070","902","243","4215","8384","0","50.27","36.62"
"68","000","00","001","0150","0116","983","745","238","80","1063","2127","0","49.98","35.03"
"68","000","00","001","0150","0117","929","724","205","27","956","2033","0","47.02","35.61"
"68","000","00","001","0150","0118","1003","788","215","49","1052","2098","0","50.14","37.56"
"68","000","00","001","0150","0119","1057","813","244","87","1144","2126","0","53.81","38.24"
"68","000","00","001","0151","0000","4078","3052","1026","206","4284","8396","0","51.02","36.35"
"68","000","00","001","0151","0146","852","653","199","52","904","1774","0","50.96","36.81"
"68","000","00","001","0151","0147","826","663","163","37","863","1666","0","51.8","39.8"
"68","000","00","001","0151","0148","767","588","179","26","793","1528","0","51.9","38.48"
"68","000","00","001","0151","0149","808","590","218","58","866","1709","0","50.67","34.52"
"68","000","00","001","0151","0150","825","558","267","33","858","1719","0","49.91","32.46"
"68","000","00","001","0152","0000","1393","1032","361","94","1487","2598","0","57.24","39.72"
"68","000","00","001","0152","0079","723","512","211","65","788","1404","0","56.13","36.47"
"68","000","00","001","0152","0080","670","520","150","29","699","1194","0","58.54","43.55"
"68","000","00","001","0153","0000","1818","1366","452","123","1941","3728","0","52.07","36.64"
"68","000","00","001","0153","0084","932","702","230","57","989","1913","0","51.7","36.7"
"68","000","00","001","0153","0085","886","664","222","66","952","1815","0","52.45","36.58"
"68","000","00","001","0154","0000","1795","1362","433","121","1916","3914","0","48.95","34.8"
"68","000","00","001","0154","0074","878","644","234","63","941","1949","0","48.28","33.04"
"68","000","00","001","0154","0075","917","718","199","58","975","1965","0","49.62","36.54"
"68","000","00","001","0155","0000","2979","2324","655","198","3177","6512","0","48.79","35.69"
"68","000","00","001","0155","0076","1012","814","198","69","1081","2414","0","44.78","33.72"
"68","000","00","001","0155","0077","930","704","226","63","993","1942","0","51.13","36.25"
"68","000","00","001","0155","0078","1037","806","231","66","1103","2156","0","51.16","37.38"
"68","000","00","001","0156","0000","2300","1830","470","124","2424","4845","0","50.03","37.77"
"68","000","00","001","0156","0095","744","586","158","49","793","1545","0","51.33","37.93"
"68","000","00","001","0156","0096","747","597","150","34","781","1617","0","48.3","36.92"
"68","000","00","001","0156","0097","809","647","162","41","850","1683","0","50.51","38.44"
"68","000","00","001","0157","0000","2629","2069","560","138","2767","5884","0","47.03","35.16"
"68","000","00","001","0157","0176","857","663","194","44","901","1942","0","46.4","34.14"
"68","000","00","001","0157","0177","940","738","202","61","1001","2001","0","50.02","36.88"
"68","000","00","001","0157","0178","832","668","164","33","865","1941","0","44.56","34.42"
"68","000","00","001","0158","0000","3573","2788","785","223","3796","8196","0","46.32","34.02"
"68","000","00","001","0158","0213","1007","770","237","62","1069","2164","0","49.4","35.58"
"68","000","00","001","0158","0214","914","684","230","59","973","2020","0","48.17","33.86"
"68","000","00","001","0158","0215","803","646","157","50","853","1924","0","44.33","33.58"
"68","000","00","001","0158","0216","849","688","161","52","901","2088","0","43.15","32.95"
"68","000","00","001","0159","0000","3346","2632","714","175","3521","9237","0","38.12","28.49"
"68","000","00","001","0159","0101","872","680","192","45","917","1873","0","48.96","36.31"
"68","000","00","001","0159","0102","720","574","146","40","760","3687","0","20.61","15.57"
"68","000","00","001","0159","0103","895","686","209","40","935","1850","0","50.54","37.08"
"68","000","00","001","0159","0104","859","692","167","50","909","1827","0","49.75","37.88"
"68","000","00","001","0160","0000","2466","1886","580","155","2621","5084","0","51.55","37.1"
"68","000","00","001","0160","0089","838","624","214","63","901","1695","0","53.16","36.81"
"68","000","00","001","0160","0090","846","640","206","58","904","1797","0","50.31","35.61"
"68","000","00","001","0160","0091","782","622","160","34","816","1592","0","51.26","39.07"
"68","000","00","001","0161","0000","3483","2685","798","205","3688","7274","0","50.7","36.91"
"68","000","00","001","0161","0123","814","619","195","43","857","1691","0","50.68","36.61"
"68","000","00","001","0161","0124","915","720","195","43","958","1900","0","50.42","37.89"
"68","000","00","001","0161","0125","858","662","196","76","934","1761","0","53.04","37.59"
"68","000","00","001","0161","0126","896","684","212","43","939","1922","0","48.86","35.59"
"68","000","00","001","0162","0000","2627","2000","627","192","2819","5712","0","49.35","35.01"
"68","000","00","001","0162","0063","815","614","201","43","858","1838","0","46.68","33.41"
"68","000","00","001","0162","0064","937","705","232","87","1024","1889","0","54.21","37.32"
"68","000","00","001","0162","0065","875","681","194","62","937","1985","0","47.2","34.31"
"68","000","00","001","0163","0000","2392","1843","549","158","2550","4811","0","53.0","38.31"
"68","000","00","001","0163","0136","822","634","188","67","889","1657","0","53.65","38.26"
"68","000","00","001","0163","0137","675","513","162","47","722","1349","0","53.52","38.03"
"68","000","00","001","0163","0138","895","696","199","44","939","1805","0","52.02","38.56"
"68","000","00","001","0164","0000","2335","1847","488","126","2461","4605","0","53.44","40.11"
"68","000","00","001","0164","0054","886","705","181","52","938","1740","0","53.91","40.52"
"68","000","00","001","0164","0055","793","621","172","55","848","1626","0","52.15","38.19"
"68","000","00","001","0164","0056","656","521","135","19","675","1239","0","54.48","42.05"
"68","000","00","001","0165","0000","2516","1983","533","150","2666","4555","0","58.53","43.53"
"68","000","00","001","0165","0066","825","646","179","49","874","1524","0","57.35","42.39"
"68","000","00","001","0165","0067","825","655","170","51","876","1425","0","61.47","45.96"
"68","000","00","001","0165","0068","866","682","184","50","916","1606","0","57.04","42.47"
"68","000","00","001","0166","0000","2161","1742","419","80","2241","4066","0","55.12","42.84"
"68","000","00","001","0166","0069","1100","891","209","33","1133","2056","0","55.11","43.34"
"68","000","00","001","0166","0070","1061","851","210","47","1108","2010","0","55.12","42.34"
"68","000","00","001","0167","0000","2243","1713","530","136","2379","4702","0","50.6","36.43"
"68","000","00","001","0167","0143","771","571","200","59","830","1566","0","53.0","36.46"
"68","000","00","001","0167","0144","769","608","161","40","809","1517","0","53.33","40.08"
"68","000","00","001","0167","0145","703","534","169","37","740","1619","0","45.71","32.98"
"68","000","00","001","0168","0000","2891","2257","634","116","3007","5893","0","51.03","38.3"
"68","000","00","001","0168","0168","1185","944","241","50","1235","2204","0","56.03","42.83"
"68","000","00","001","0168","0169","887","651","236","43","930","2033","0","45.75","32.02"
"68","000","00","001","0168","0170","819","662","157","23","842","1656","0","50.85","39.98"
"68","000","00","001","0169","0000","2203","1688","515","112","2315","4541","0","50.98","37.17"
"68","000","00","001","0169","0110","671","510","161","28","699","1524","0","45.87","33.46"
"68","000","00","001","0169","0111","768","590","178","40","808","1528","0","52.88","38.61"
"68","000","00","001","0169","0112","764","588","176","44","808","1489","0","54.26","39.49"
"68","000","00","001","0170","0000","2725","2132","593","129","2854","5371","0","53.14","39.69"
"68","000","00","001","0170","0071","1044","827","217","61","1105","2245","0","49.22","36.84"
"68","000","00","001","0170","0072","796","612","184","38","834","1590","0","52.45","38.49"
"68","000","00","001","0170","0073","885","693","192","30","915","1536","0","59.57","45.12"
"68","000","00","001","0171","0000","2664","2096","568","160","2824","5717","0","49.4","36.66"
"68","000","00","001","0171","0098","925","725","200","73","998","1834","0","54.42","39.53"
"68","000","00","001","0171","0099","898","694","204","58","956","2055","0","46.52","33.77"
"68","000","00","001","0171","0100","841","677","164","29","870","1828","0","47.59","37.04"
"68","000","00","001","0172","0000","2778","2307","471","158","2936","5843","0","50.25","39.48"
"68","000","00","001","0172","0120","900","814","86","50","950","1917","0","49.56","42.46"
"68","000","00","001","0172","0121","921","728","193","55","976","1997","0","48.87","36.45"
"68","000","00","001","0172","0122","957","765","192","53","1010","1929","0","52.36","39.66"
"68","000","00","001","0173","0000","1571","1244","327","92","1663","3158","0","52.66","39.39"
"68","000","00","001","0173","0129","670","541","129","63","733","1412","0","51.91","38.31"
"68","000","00","001","0173","0130","901","703","198","29","930","1746","0","53.26","40.26"
"68","000","00","001","0174","0000","3593","2870","723","216","3809","7902","0","48.2","36.32"
"68","000","00","001","0174","0164","961","773","188","55","1016","2103","0","48.31","36.76"
"68","000","00","001","0174","0165","916","763","153","43","959","1943","0","49.36","39.27"
"68","000","00","001","0174","0166","911","701","210","64","975","1927","0","50.6","36.38"
"68","000","00","001","0174","0167","805","633","172","54","859","1929","0","44.53","32.81"
"68","000","00","001","0175","0000","2641","2029","612","170","2811","5729","0","49.07","35.42"
"68","000","00","001","0175","0160","551","423","128","40","591","1303","0","45.36","32.46"
"68","000","00","001","0175","0161","709","536","173","46","755","1416","0","53.32","37.85"
"68","000","00","001","0175","0162","620","481","139","41","661","1351","0","48.93","35.6"
"68","000","00","001","0175","0163","761","589","172","43","804","1659","0","48.46","35.5"
"68","000","00","001","0176","0000","1603","1215","388","114","1717","3450","0","49.77","35.22"
"68","000","00","001","0176","0171","786","588","198","58","844","1712","0","49.3","34.35"
"68","000","00","001","0176","0172","817","627","190","56","873","1738","0","50.23","36.08"
"68","000","00","001","0177","0000","1665","1260","405","139","1804","3856","0","46.78","32.68"
"68","000","00","001","0177","0005","889","678","211","53","942","1974","0","47.72","34.35"
"68","000","00","001","0177","0006","776","582","194","86","862","1882","0","45.8","30.92"
"68","000","00","001","0178","0000","2364","1824","540","129","2493","4835","0","51.56","37.72"
"68","000","00","001","0178","0179","843","636","207","47","890","1702","0","52.29","37.37"
"68","000","00","001","0178","0180","776","596","180","45","821","1589","0","51.67","37.51"
"68","000","00","001","0178","0181","745","592","153","37","782","1544","0","50.65","38.34"
"68","000","00","001","0179","0000","2079","1611","468","94","2173","4217","0","51.53","38.2"
"68","000","00","001","0179","0210","710","536","174","40","750","1363","0","55.03","39.33"
"68","000","00","001","0179","0211","745","588","157","21","766","1546","0","49.55","38.03"
"68","000","00","001","0179","0212","624","487","137","33","657","1308","0","50.23","37.23"
"68","000","00","002","0000","0000","164789","130138","34651","10142","174931","334402","411135","52.31","38.92"
"68","000","00","002","0201","0000","1312","1095","217","107","1419","2916","0","48.66","37.55"
"68","000","00","002","0201","0617","608","522","86","23","631","1329","0","47.48","39.28"
"68","000","00","002","0201","0618","704","573","131","84","788","1587","0","49.65","36.11"
"68","000","00","002","0202","0000","2720","2247","473","124","2844","5418","0","52.49","41.47"
"68","000","00","002","0202","0614","996","828","168","47","1043","1818","0","57.37","45.54"
"68","000","00","002","0202","0615","923","758","165","50","973","1991","0","48.87","38.07"
"68","000","00","002","0202","0616","801","661","140","27","828","1609","0","51.46","41.08"
"68","000","00","002","0203","0000","1543","1234","309","85","1628","3033","0","53.68","40.69"
"68","000","00","002","0203","0654","795","616","179","48","843","1588","0","53.09","38.79"
"68","000","00","002","0203","0655","748","618","130","37","785","1445","0","54.33","42.77"
"68","000","00","002","0204","0000","452","355","97","45","497","943","0","52.7","37.65"
"68","000","00","002","0204","0763","452","355","97","45","497","943","0","52.7","37.65"
"68","000","00","002","0205","0000","1034","811","223","78","1112","2152","0","51.67","37.69"
"68","000","00","002","0205","0689","497","395","102","17","514","1087","0","47.29","36.34"
"68","000","00","002","0205","0690","537","416","121","61","598","1065","0","56.15","39.06"
"68","000","00","002","0206","0000","2056","1602","454","165","2221","4283","0","51.86","37.4"
"68","000","00","002","0206","0691","914","705","209","78","992","1844","0","53.8","38.23"
"68","000","00","002","0206","0692","528","426","102","48","576","1220","0","47.21","34.92"
"68","000","00","002","0206","0693","614","471","143","39","653","1219","0","53.57","38.64"
"68","000","00","002","0207","0000","2488","1939","549","138","2626","5415","0","48.49","35.81"
"68","000","00","002","0207","0771","957","747","210","65","1022","2156","0","47.4","34.65"
"68","000","00","002","0207","0772","645","487","158","33","678","1479","0","45.84","32.93"
"68","000","00","002","0207","0773","886","705","181","40","926","1780","0","52.02","39.61"
"68","000","00","002","0208","0000","2400","1917","483","208","2608","5136","0","50.78","37.32"
"68","000","00","002","0208","0679","786","550","236","40","826","1659","0","49.79","33.15"
"68","000","00","002","0208","0680","861","731","130","118","979","1874","0","52.24","39.01"
"68","000","00","002","0208","0681","753","636","117","50","803","1603","0","50.09","39.68"
"68","000","00","002","0209","0000","1745","1411","334","128","1873","3474","0","53.91","40.62"
"68","000","00","002","0209","0675","785","628","157","78","863","1659","0","52.02","37.85"
"68","000","00","002","0209","0676","960","783","177","50","1010","1815","0","55.65","43.14"
"68","000","00","002","0210","0000","1875","1553","322","99","1974","3758","0","52.53","41.33"
"68","000","00","002","0210","0662","740","609","131","37","777","1489","0","52.18","40.9"
"68","000","00","002","0210","0663","431","352","79","26","457","827","0","55.26","42.56"
"68","000","00","002","0210","0664","704","592","112","36","740","1442","0","51.32","41.05"
"68","000","00","002","0211","0000","2212","1776","436","140","2352","4303","0","54.66","41.27"
"68","000","00","002","0211","0602","701","573","128","51","752","1281","0","58.7","44.73"
"68","000","00","002","0211","0603","793","634","159","33","826","1462","0","56.5","43.37"
"68","000","00","002","0211","0604","718","569","149","56","774","1560","0","49.62","36.47"
"68","000","00","002","0212","0000","2591","2050","541","141","2732","5378","0","50.8","38.12"
"68","000","00","002","0212","0619","935","771","164","39","974","1955","0","49.82","39.44"
"68","000","00","002","0212","0620","839","621","218","46","885","1711","0","51.72","36.29"
"68","000","00","002","0212","0621","817","658","159","56","873","1712","0","50.99","38.43"
"68","000","00","002","0213","0000","1715","1339","376","96","1811","3009","0","60.19","44.5"
"68","000","00","002","0213","0652","904","721","183","50","954","1625","0","58.71","44.37"
"68","000","00","002","0213","0653","811","618","193","46","857","1384","0","61.92","44.65"
"68","000","00","002","0214","0000","1041","807","234","86","1127","2061","0","54.68","39.16"
"68","000","00","002","0214","0754","424","313","111","41","465","852","0","54.58","36.74"
"68","000","00","002","0214","0755","617","494","123","45","662","1209","0","54.76","40.86"
"68","000","00","002","0215","0000","2025","1533","492","58","2083","3498","0","59.55","43.83"
"68","000","00","002","0215","0721","812","640","172","38","850","1384","0","61.42","46.24"
"68","000","00","002","0215","0722","607","475","132","20","627","1122","0","55.88","42.34"
"68","000","00","002","0215","0723","606","418","188","0","606","992","0","61.09","42.14"
"68","000","00","002","0216","0000","2062","1629","433","112","2174","4141","0","52.5","39.34"
"68","000","00","002","0216","0627","626","486","140","44","670","1201","0","55.79","40.47"
"68","000","00","002","0216","0628","675","526","149","35","710","1353","0","52.48","38.88"
"68","000","00","002","0216","0629","761","617","144","33","794","1587","0","50.03","38.88"
"68","000","00","002","0217","0000","1727","1366","361","96","1823","5573","0","32.71","24.51"
"68","000","00","002","0217","0642","673","525","148","33","706","3474","0","20.32","15.11"
"68","000","00","002","0217","0643","1054","841","213","63","1117","2099","0","53.22","40.07"
"68","000","00","002","0218","0000","1590","1350","240","87","1677","3540","0","47.37","38.14"
"68","000","00","002","0218","0648","914","827","87","56","970","1900","0","51.05","43.53"
"68","000","00","002","0218","0649","676","523","153","31","707","1640","0","43.11","31.89"
"68","000","00","002","0219","0000","2365","1909","456","126","2491","4845","0","51.41","39.4"
"68","000","00","002","0219","0667","776","625","151","45","821","1764","0","46.54","35.43"
"68","000","00","002","0219","0668","796","659","137","28","824","1488","0","55.38","44.29"
"68","000","00","002","0219","0669","793","625","168","53","846","1593","0","53.11","39.23"
"68","000","00","002","0220","0000","1525","1227","298","48","1573","3362","0","46.79","36.5"
"68","000","00","002","0220","0665","846","668","178","22","868","1842","0","47.12","36.26"
"68","000","00","002","0220","0666","679","559","120","26","705","1520","0","46.38","36.78"
"68","000","00","002","0221","0000","1617","1262","355","124","1741","3334","0","52.22","37.85"
"68","000","00","002","0221","0732","904","693","211","69","973","1951","0","49.87","35.52"
"68","000","00","002","0221","0733","713","569","144","55","768","1383","0","55.53","41.14"
"68","000","00","002","0222","0000","2287","1725","562","157","2444","4872","0","50.16","35.41"
"68","000","00","002","0222","0787","498","362","136","64","562","1097","0","51.23","33.0"
"68","000","00","002","0222","0788","894","690","204","36","930","1917","0","48.51","35.99"
"68","000","00","002","0222","0789","895","673","222","57","952","1858","0","51.24","36.22"
"68","000","00","002","0223","0000","1254","982","272","61","1315","2506","0","52.47","39.19"
"68","000","00","002","0223","0673","587","441","146","30","617","1249","0","49.4","35.31"
"68","000","00","002","0223","0674","667","541","126","31","698","1257","0","55.53","43.04"
"68","000","00","002","0224","0000","1917","1446","471","143","2060","3776","0","54.56","38.29"
"68","000","00","002","0224","0768","518","404","114","42","560","1028","0","54.47","39.3"
"68","000","00","002","0224","0769","602","451","151","47","649","1157","0","56.09","38.98"
"68","000","00","002","0224","0770","797","591","206","54","851","1591","0","53.49","37.15"
"68","000","00","002","0225","0000","1754","1343","411","107","1861","3667","0","50.75","36.62"
"68","000","00","002","0225","0724","872","654","218","49","921","1820","0","50.6","35.93"
"68","000","00","002","0225","0725","882","689","193","58","940","1847","0","50.89","37.3"
"68","000","00","002","0226","0000","1839","1455","384","134","1973","3712","0","53.15","39.2"
"68","000","00","002","0226","0696","858","649","209","76","934","1733","0","53.89","37.45"
"68","000","00","002","0226","0697","981","806","175","58","1039","1979","0","52.5","40.73"
"68","000","00","002","0227","0000","3396","2638","758","171","3567","6638","0","53.74","39.74"
"68","000","00","002","0227","0716","876","670","206","43","919","1798","0","51.11","37.26"
"68","000","00","002","0227","0717","978","769","209","62","1040","1822","0","57.08","42.21"
"68","000","00","002","0227","0718","824","646","178","26","850","1613","0","52.7","40.05"
"68","000","00","002","0227","0719","718","553","165","40","758","1405","0","53.95","39.36"
"68","000","00","002","0228","0000","414","313","101","28","442","731","0","60.47","42.82"
"68","000","00","002","0228","0764","414","313","101","28","442","731","0","60.47","42.82"
"68","000","00","002","0229","0000","2368","1874","494","217","2585","4672","0","55.33","40.11"
"68","000","00","002","0229","0608","794","640","154","89","883","1627","0","54.27","39.34"
"68","000","00","002","0229","0609","810","632","178","49","859","1519","0","56.55","41.61"
"68","000","00","002","0229","0610","764","602","162","79","843","1526","0","55.24","39.45"
"68","000","00","002","0230","0000","1365","1091","274","111","1476","2836","0","52.05","38.47"
"68","000","00","002","0230","0658","726","580","146","63","789","1546","0","51.03","37.52"
"68","000","00","002","0230","0659","639","511","128","48","687","1290","0","53.26","39.61"
"68","000","00","002","0231","0000","1824","1428","396","136","1960","3544","0","55.3","40.29"
"68","000","00","002","0231","0737","917","703","214","73","990","1703","0","58.13","41.28"
"68","000","00","002","0231","0738","907","725","182","63","970","1841","0","52.69","39.38"
"68","000","00","002","0232","0000","1727","1350","377","73","1800","3507","0","51.33","38.49"
"68","000","00","002","0232","0752","949","763","186","43","992","1987","0","49.92","38.4"
"68","000","00","002","0232","0753","778","587","191","30","808","1520","0","53.16","38.62"
"68","000","00","002","0233","0000","4111","3335","776","218","4329","8947","0","48.38","37.28"
"68","000","00","002","0233","0701","878","702","176","48","926","1943","0","47.66","36.13"
"68","000","00","002","0233","0702","682","548","134","32","714","1363","0","52.38","40.21"
"68","000","00","002","0233","0703","925","744","181","61","986","2172","0","45.4","34.25"
"68","000","00","002","0233","0704","830","698","132","49","879","1798","0","48.89","38.82"
"68","000","00","002","0233","0705","796","643","153","28","824","1671","0","49.31","38.48"
"68","000","00","002","0234","0000","4137","3294","843","284","4421","8663","0","51.03","38.02"
"68","000","00","002","0234","0709","762","632","130","50","812","1923","0","42.23","32.87"
"68","000","00","002","0234","0710","827","654","173","67","894","1572","0","56.87","41.6"
"68","000","00","002","0234","0711","968","776","192","46","1014","1850","0","54.81","41.95"
"68","000","00","002","0234","0712","756","605","151","61","817","1583","0","51.61","38.22"
"68","000","00","002","0234","0713","824","627","197","60","884","1735","0","50.95","36.14"
"68","000","00","002","0235","0000","994","760","234","65","1059","1957","0","54.11","38.83"
"68","000","00","002","0235","0758","994","760","234","65","1059","1957","0","54.11","38.83"
"68","000","00","002","0236","0000","3625","2811","814","221","3846","7473","0","51.47","37.62"
"68","000","00","002","0236","0741","858","685","173","39","897","1636","0","54.83","41.87"
"68","000","00","002","0236","0742","838","672","166","32","870","1528","0","56.94","43.98"
"68","000","00","002","0236","0743","999","759","240","91","1090","2289","0","47.62","33.16"
"68","000","00","002","0236","0744","930","695","235","59","989","2020","0","48.96","34.41"
"68","000","00","002","0237","0000","2274","1744","530","110","2384","4365","0","54.62","39.95"
"68","000","00","002","0237","0636","643","498","145","16","659","1368","0","48.17","36.4"
"68","000","00","002","0237","0637","792","606","186","56","848","1424","0","59.55","42.56"
"68","000","00","002","0237","0638","839","640","199","38","877","1573","0","55.75","40.69"
"68","000","00","002","0238","0000","894","665","229","80","974","1730","0","56.3","38.44"
"68","000","00","002","0238","0720","894","665","229","80","974","1730","0","56.3","38.44"
"68","000","00","002","0239","0000","2471","2058","413","223","2694","4878","0","55.23","42.19"
"68","000","00","002","0239","0611","798","660","138","75","873","1618","0","53.96","40.79"
"68","000","00","002","0239","0612","832","684","148","71","903","1554","0","58.11","44.02"
"68","000","00","002","0239","0613","841","714","127","77","918","1706","0","53.81","41.85"
"68","000","00","002","0240","0000","514","377","137","39","553","1011","0","54.7","37.29"
"68","000","00","002","0240","0766","514","377","137","39","553","1011","0","54.7","37.29"
"68","000","00","002","0241","0000","1424","1114","310","107","1531","3045","0","50.28","36.58"
"68","000","00","002","0241","0756","708","532","176","85","793","1481","0","53.54","35.92"
"68","000","00","002","0241","0757","716","582","134","22","738","1564","0","47.19","37.21"
"68","000","00","002","0242","0000","2247","1779","468","164","2411","4841","0","49.8","36.75"
"68","000","00","002","0242","0591","686","568","118","54","740","1401","0","52.82","40.54"
"68","000","00","002","0242","0592","844","651","193","55","899","1798","0","50.0","36.21"
"68","000","00","002","0242","0593","717","560","157","55","772","1642","0","47.02","34.1"
"68","000","00","002","0243","0000","2703","2041","662","186","2889","6378","0","45.3","32.0"
"68","000","00","002","0243","0798","940","710","230","80","1020","2068","0","49.32","34.33"
"68","000","00","002","0243","0799","846","637","209","47","893","2152","0","41.5","29.6"
"68","000","00","002","0243","0800","917","694","223","59","976","2158","0","45.23","32.16"
"68","000","00","002","0244","0000","2976","2258","718","172","3148","6013","0","52.35","37.55"
"68","000","00","002","0244","0779","711","540","171","42","753","1426","0","52.81","37.87"
"68","000","00","002","0244","0780","733","540","193","37","770","1618","0","47.59","33.37"
"68","000","00","002","0244","0781","731","553","178","51","782","1441","0","54.27","38.38"
"68","000","00","002","0244","0782","801","625","176","42","843","1528","0","55.17","40.9"
"68","000","00","002","0245","0000","777","584","193","51","828","1532","0","54.05","38.12"
"68","000","00","002","0245","0767","777","584","193","51","828","1532","0","54.05","38.12"
"68","000","00","002","0246","0000","1561","1079","482","154","1715","3344","0","51.29","32.27"
"68","000","00","002","0246","0785","739","545","194","68","807","1534","0","52.61","35.53"
"68","000","00","002","0246","0786","822","534","288","86","908","1810","0","50.17","29.5"
"68","000","00","002","0247","0000","2637","1965","672","232","2869","5162","0","55.58","38.07"
"68","000","00","002","0247","0793","1010","754","256","102","1112","2037","0","54.59","37.02"
"68","000","00","002","0247","0794","640","483","157","52","692","1158","0","59.76","41.71"
"68","000","00","002","0247","0795","987","728","259","78","1065","1967","0","54.14","37.01"
"68","000","00","002","0248","0000","1419","1091","328","68","1487","3148","0","47.24","34.66"
"68","000","00","002","0248","0777","691","541","150","36","727","1609","0","45.18","33.62"
"68","000","00","002","0248","0778","728","550","178","32","760","1539","0","49.38","35.74"
"68","000","00","002","0249","0000","1698","1261","437","139","1837","3686","0","49.84","34.21"
"68","000","00","002","0249","0796","858","656","202","77","935","1830","0","51.09","35.85"
"68","000","00","002","0249","0797","840","605","235","62","902","1856","0","48.6","32.6"
"68","000","00","002","0250","0000","441","329","112","47","488","851","0","57.34","38.66"
"68","000","00","002","0250","0765","441","329","112","47","488","851","0","57.34","38.66"
"68","000","00","002","0251","0000","2387","1910","477","118","2505","4643","0","53.95","41.14"
"68","000","00","002","0251","0790","801","624","177","40","841","1576","0","53.36","39.59"
"68","000","00","002","0251","0791","784","687","97","40","824","1478","0","55.75","46.48"
"68","000","00","002","0251","0792","802","599","203","38","840","1589","0","52.86","37.7"
"68","000","00","002","0252","0000","2281","1832","449","116","2397","4812","0","49.81","38.07"
"68","000","00","002","0252","0729","662","521","141","46","708","1234","0","57.37","42.22"
"68","000","00","002","0252","0730","906","747","159","50","956","2023","0","47.26","36.93"
"68","000","00","002","0252","0731","713","564","149","20","733","1555","0","47.14","36.27"
"68","000","00","002","0253","0000","1429","1114","315","74","1503","2587","0","58.1","43.06"
"68","000","00","002","0253","0634","647","519","128","24","671","1177","0","57.01","44.1"
"68","000","00","002","0253","0635","782","595","187","50","832","1410","0","59.01","42.2"
"68","000","00","002","0254","0000","1484","1116","368","107","1591","2767","0","57.5","40.33"
"68","000","00","002","0254","0761","584","418","166","45","629","1066","0","59.01","39.21"
"68","000","00","002","0254","0762","900","698","202","62","962","1701","0","56.55","41.03"
"68","000","00","002","0255","0000","2630","2134","496","135","2765","5434","0","50.88","39.27"
"68","000","00","002","0255","0774","823","637","186","67","890","1651","0","53.91","38.58"
"68","000","00","002","0255","0775","964","828","136","42","1006","1870","0","53.8","44.28"
"68","000","00","002","0255","0776","843","669","174","26","869","1913","0","45.43","34.97"
"68","000","00","002","0256","0000","2777","2242","535","153","2930","5294","0","55.35","42.35"
"68","000","00","002","0256","0706","932","749","183","43","975","1969","0","49.52","38.04"
"68","000","00","002","0256","0707","921","751","170","61","982","1563","0","62.83","48.05"
"68","000","00","002","0256","0708","924","742","182","49","973","1762","0","55.22","42.11"
"68","000","00","002","0257","0000","2343","1833","510","108","2451","4543","0","53.95","40.35"
"68","000","00","002","0257","0698","808","628","180","29","837","1621","0","51.63","38.74"
"68","000","00","002","0257","0699","732","557","175","43","775","1391","0","55.72","40.04"
"68","000","00","002","0257","0700","803","648","155","36","839","1531","0","54.8","42.33"
"68","000","00","002","0258","0000","1493","1134","359","128","1621","2854","0","56.8","39.73"
"68","000","00","002","0258","0694","643","471","172","51","694","1260","0","55.08","37.38"
"68","000","00","002","0258","0695","850","663","187","77","927","1594","0","58.16","41.59"
"68","000","00","002","0259","0000","1274","997","277","56","1330","2557","0","52.01","38.99"
"68","000","00","002","0259","0714","641","481","160","30","671","1292","0","51.93","37.23"
"68","000","00","002","0259","0715","633","516","117","26","659","1265","0","52.09","40.79"
"68","000","00","002","0260","0000","1574","1304","270","85","1659","3331","0","49.8","39.15"
"68","000","00","002","0260","0630","860","757","103","53","913","1883","0","48.49","40.2"
"68","000","00","002","0260","0631","714","547","167","32","746","1448","0","51.52","37.78"
"68","000","00","002","0261","0000","1815","1461","354","114","1929","3726","0","51.77","39.21"
"68","000","00","002","0261","0632","916","740","176","33","949","1810","0","52.43","40.88"
"68","000","00","002","0261","0633","899","721","178","81","980","1916","0","51.15","37.63"
"68","000","00","002","0262","0000","2465","1941","524","120","2585","4657","0","55.51","41.68"
"68","000","00","002","0262","0594","834","645","189","53","887","1670","0","53.11","38.62"
"68","000","00","002","0262","0595","769","598","171","22","791","1456","0","54.33","41.07"
"68","000","00","002","0262","0596","862","698","164","45","907","1531","0","59.24","45.59"
"68","000","00","002","0263","0000","1721","1372","349","98","1819","3576","0","50.87","38.37"
"68","000","00","002","0263","0597","882","682","200","50","932","1623","0","57.42","42.02"
"68","000","00","002","0263","0598","839","690","149","48","887","1953","0","45.42","35.33"
"68","000","00","002","0264","0000","1796","1372","424","159","1955","3628","0","53.89","37.82"
"68","000","00","002","0264","0783","816","622","194","65","881","1683","0","52.35","36.96"
"68","000","00","002","0264","0784","980","750","230","94","1074","1945","0","55.22","38.56"
"68","000","00","002","0265","0000","2376","1927","449","108","2484","4082","0","60.85","47.21"
"68","000","00","002","0265","0605","883","711","172","42","925","1602","0","57.74","44.38"
"68","000","00","002","0265","0606","613","493","120","32","645","1006","0","64.12","49.01"
"68","000","00","002","0265","0607","880","723","157","34","914","1474","0","62.01","49.05"
"68","000","00","002","0266","0000","2205","1693","512","123","2328","4296","0","54.19","39.41"
"68","000","00","002","0266","0639","618","472","146","24","642","1152","0","55.73","40.97"
"68","000","00","002","0266","0640","609","466","143","24","633","1178","0","53.74","39.56"
"68","000","00","002","0266","0641","978","755","223","75","1053","1966","0","53.56","38.4"
"68","000","00","002","0267","0000","1242","1039","203","82","1324","2125","0","62.31","48.89"
"68","000","00","002","0267","0650","568","479","89","27","595","994","0","59.86","48.19"
"68","000","00","002","0267","0651","674","560","114","55","729","1131","0","64.46","49.51"
"68","000","00","002","0268","0000","2348","1759","589","112","2460","4658","0","52.81","37.76"
"68","000","00","002","0268","0670","762","604","158","41","803","1505","0","53.36","40.13"
"68","000","00","002","0268","0671","804","625","179","37","841","1661","0","50.63","37.63"
"68","000","00","002","0268","0672","782","530","252","34","816","1492","0","54.69","35.52"
"68","000","00","002","0269","0000","1404","1104","300","102","1506","2575","0","58.49","42.87"
"68","000","00","002","0269","0644","609","484","125","41","650","1178","0","55.18","41.09"
"68","000","00","002","0269","0645","795","620","175","61","856","1397","0","61.27","44.38"
"68","000","00","002","0270","0000","1812","1427","385","111","1923","3756","0","51.2","37.99"
"68","000","00","002","0270","0646","869","670","199","50","919","1669","0","55.06","40.14"
"68","000","00","002","0270","0647","943","757","186","61","1004","2087","0","48.11","36.27"
"68","000","00","002","0271","0000","1612","1294","318","144","1756","3596","0","48.83","35.98"
"68","000","00","002","0271","0660","948","775","173","94","1042","2145","0","48.58","36.13"
"68","000","00","002","0271","0661","664","519","145","50","714","1451","0","49.21","35.77"
"68","000","00","002","0272","0000","2280","1820","460","122","2402","4686","0","51.26","38.84"
"68","000","00","002","0272","0622","777","626","151","54","831","1448","0","57.39","43.23"
"68","000","00","002","0272","0623","771","607","164","51","822","1605","0","51.21","37.82"
"68","000","00","002","0272","0624","732","587","145","17","749","1633","0","45.87","35.95"
"68","000","00","002","0273","0000","2763","2233","530","146","2909","5990","0","48.56","37.28"
"68","000","00","002","0273","0745","994","788","206","59","1053","2027","0","51.95","38.88"
"68","000","00","002","0273","0746","796","638","158","35","831","1883","0","44.13","33.88"
"68","000","00","002","0273","0747","973","807","166","52","1025","2080","0","49.28","38.8"
"68","000","00","002","0274","0000","3010","2525","485","161","3171","5466","0","58.01","46.19"
"68","000","00","002","0274","0748","309","234","75","20","329","646","0","50.93","36.22"
"68","000","00","002","0274","0749","1046","1014","32","67","1113","1780","0","62.53","56.97"
"68","000","00","002","0274","0750","751","601","150","25","776","1372","0","56.56","43.8"
"68","000","00","002","0274","0751","904","676","228","49","953","1668","0","57.13","40.53"
"68","000","00","002","0275","0000","1572","1292","280","102","1674","3555","0","47.09","36.34"
"68","000","00","002","0275","0656","756","614","142","58","814","1743","0","46.7","35.23"
"68","000","00","002","0275","0657","816","678","138","44","860","1812","0","47.46","37.42"
"68","000","00","002","0276","0000","1841","1486","355","90","1931","3484","0","55.42","42.65"
"68","000","00","002","0276","0625","960","775","185","57","1017","1795","0","56.66","43.18"
"68","000","00","002","0276","0626","881","711","170","33","914","1689","0","54.11","42.1"
"68","000","00","002","0277","0000","1710","1432","278","97","1807","3448","0","52.41","41.53"
"68","000","00","002","0277","0685","912","774","138","56","968","1739","0","55.66","44.51"
"68","000","00","002","0277","0686","798","658","140","41","839","1709","0","49.09","38.5"
"68","000","00","002","0278","0000","1703","1391","312","87","1790","3319","0","53.93","41.91"
"68","000","00","002","0278","0687","870","678","192","43","913","1655","0","55.17","40.97"
"68","000","00","002","0278","0688","833","713","120","44","877","1664","0","52.7","42.85"
"68","000","00","002","0279","0000","2323","1829","494","134","2457","4416","0","55.64","41.42"
"68","000","00","002","0279","0734","655","513","142","49","704","1164","0","60.48","44.07"
"68","000","00","002","0279","0735","772","630","142","36","808","1482","0","54.52","42.51"
"68","000","00","002","0279","0736","896","686","210","49","945","1770","0","53.39","38.76"
"68","000","00","002","0280","0000","1289","966","323","118","1407","2405","0","58.5","40.17"
"68","000","00","002","0280","0759","675","498","177","64","739","1223","0","60.43","40.72"
"68","000","00","002","0280","0760","614","468","146","54","668","1182","0","56.51","39.59"
"68","000","00","002","0281","0000","1590","1273","317","70","1660","3243","0","51.19","39.25"
"68","000","00","002","0281","0677","808","653","155","49","857","1702","0","50.35","38.37"
"68","000","00","002","0281","0678","782","620","162","21","803","1541","0","52.11","40.23"
"68","000","00","002","0282","0000","2235","1799","436","115","2350","4712","0","49.87","38.18"
"68","000","00","002","0282","0599","628","486","142","29","657","1155","0","56.88","42.08"
"68","000","00","002","0282","0600","793","637","156","49","842","1800","0","46.78","35.39"
"68","000","00","002","0282","0601","814","676","138","37","851","1757","0","48.43","38.47"
"68","000","00","002","0283","0000","2714","2198","516","108","2822","5423","0","52.04","40.53"
"68","000","00","002","0283","0682","832","660","172","49","881","1735","0","50.78","38.04"
"68","000","00","002","0283","0683","887","717","170","22","909","1815","0","50.08","39.5"
"68","000","00","002","0283","0684","995","821","174","37","1032","1873","0","55.1","43.83"
"68","000","00","002","0284","0000","2084","1632","452","148","2232","3731","0","59.82","43.74"
"68","000","00","002","0284","0726","713","572","141","53","766","1302","0","58.83","43.93"
"68","000","00","002","0284","0727","640","490","150","45","685","1203","0","56.94","40.73"
"68","000","00","002","0284","0728","731","570","161","50","781","1226","0","63.7","46.49"
"68","000","00","002","0285","0000","2064","1655","409","102","2166","3970","0","54.56","41.69"
"68","000","00","002","0285","0739","1005","808","197","45","1050","1941","0","54.1","41.63"
"68","000","00","002","0285","0740","1059","847","212","57","1116","2029","0","55.0","41.74"
"68","000","00","003","0000","0000","37453","28638","8815","3444","40897","78285","94862","52.24","36.58"
"68","000","00","003","0301","0000","753","535","218","74","827","1477","0","55.99","36.22"
"68","000","00","003","0301","0522","753","535","218","74","827","1477","0","55.99","36.22"
"68","000","00","003","0302","0000","498","359","139","45","543","1006","0","53.98","35.69"
"68","000","00","003","0302","0523","498","359","139","45","543","1006","0","53.98","35.69"
"68","000","00","003","0303","0000","2143","1627","516","145","2288","4752","0","48.15","34.24"
"68","000","00","003","0303","0527","700","519","181","50","750","1585","0","47.32","32.74"
"68","000","00","003","0303","0528","780","588","192","55","835","1612","0","51.8","36.48"
"68","000","00","003","0303","0529","663","520","143","40","703","1555","0","45.21","33.44"
"68","000","00","003","0304","0000","2741","2069","672","266","3007","5544","0","54.24","37.32"
"68","000","00","003","0304","0530","712","529","183","60","772","1282","0","60.22","41.26"
"68","000","00","003","0304","0531","659","522","137","71","730","1392","0","52.44","37.5"
"68","000","00","003","0304","0532","659","481","178","58","717","1422","0","50.42","33.83"
"68","000","00","003","0304","0533","711","537","174","77","788","1448","0","54.42","37.09"
"68","000","00","003","0305","0000","705","508","197","70","775","1269","0","61.07","40.03"
"68","000","00","003","0305","0534","705","508","197","70","775","1269","0","61.07","40.03"
"68","000","00","003","0306","0000","509","345","164","82","591","977","0","60.49","35.31"
"68","000","00","003","0306","0535","509","345","164","82","591","977","0","60.49","35.31"
"68","000","00","003","0307","0000","1416","1058","358","152","1568","3036","0","51.65","34.85"
"68","000","00","003","0307","0539","482","354","128","39","521","1056","0","49.34","33.52"
"68","000","00","003","0307","0540","591","458","133","60","651","1263","0","51.54","36.26"
"68","000","00","003","0307","0541","343","246","97","53","396","717","0","55.23","34.31"
"68","000","00","003","0308","0000","986","728","258","81","1067","2275","0","46.9","32.0"
"68","000","00","003","0308","0542","508","363","145","21","529","1299","0","40.72","27.94"
"68","000","00","003","0308","0543","478","365","113","60","538","976","0","55.12","37.4"
"68","000","00","003","0309","0000","447","345","102","59","506","938","0","53.94","36.78"
"68","000","00","003","0309","0544","447","345","102","59","506","938","0","53.94","36.78"
"68","000","00","003","0310","0000","371","289","82","34","405","832","0","48.68","34.74"
"68","000","00","003","0310","0545","371","289","82","34","405","832","0","48.68","34.74"
"68","000","00","003","0311","0000","704","512","192","48","752","1359","0","55.33","37.67"
"68","000","00","003","0311","0536","704","512","192","48","752","1359","0","55.33","37.67"
"68","000","00","003","0312","0000","920","636","284","114","1034","1795","0","57.6","35.43"
"68","000","00","003","0312","0537","607","425","182","75","682","1135","0","60.09","37.44"
"68","000","00","003","0312","0538","313","211","102","39","352","660","0","53.33","31.97"
"68","000","00","003","0313","0000","1188","865","323","116","1304","2713","0","48.06","31.88"
"68","000","00","003","0313","0548","611","420","191","48","659","1410","0","46.74","29.79"
"68","000","00","003","0313","0549","577","445","132","68","645","1303","0","49.5","34.15"
"68","000","00","003","0314","0000","659","487","172","58","717","1560","0","45.96","31.22"
"68","000","00","003","0314","0546","362","285","77","24","386","866","0","44.57","32.91"
"68","000","00","003","0314","0547","297","202","95","34","331","694","0","47.69","29.11"
"68","000","00","003","0315","0000","1239","1035","204","128","1367","2852","0","47.93","36.29"
"68","000","00","003","0315","0557","676","558","118","67","743","1446","0","51.38","38.59"
"68","000","00","003","0315","0558","563","477","86","61","624","1406","0","44.38","33.93"
"68","000","00","003","0316","0000","1299","1085","214","78","1377","2542","0","54.17","42.68"
"68","000","00","003","0316","0555","628","551","77","49","677","1173","0","57.72","46.97"
"68","000","00","003","0316","0556","671","534","137","29","700","1369","0","51.13","39.01"
"68","000","00","003","0317","0000","1839","1412","427","148","1987","3603","0","55.15","39.19"
"68","000","00","003","0317","0550","543","421","122","46","589","1125","0","52.36","37.42"
"68","000","00","003","0317","0551","593","461","132","43","636","1170","0","54.36","39.4"
"68","000","00","003","0317","0552","703","530","173","59","762","1308","0","58.26","40.52"
"68","000","00","003","0318","0000","2509","2073","436","162","2671","5012","0","53.29","41.36"
"68","000","00","003","0318","0562","793","614","179","30","823","1684","0","48.87","36.46"
"68","000","00","003","0318","0563","1012","915","97","62","1074","1959","0","54.82","46.71"
"68","000","00","003","0318","0564","704","544","160","70","774","1369","0","56.54","39.74"
"68","000","00","003","0319","0000","1334","1025","309","102","1436","3088","0","46.5","33.19"
"68","000","00","003","0319","0565","725","555","170","70","795","1431","0","55.56","38.78"
"68","000","00","003","0319","0566","609","470","139","32","641","1657","0","38.68","28.36"
"68","000","00","003","0320","0000","665","497","168","35","700","1514","0","46.24","32.83"
"68","000","00","003","0320","0575","665","497","168","35","700","1514","0","46.24","32.83"
"68","000","00","003","0321","0000","2092","1547","545","285","2377","4947","0","48.05","31.27"
"68","000","00","003","0321","0570","691","526","165","93","784","1511","0","51.89","34.81"
"68","000","00","003","0321","0571","706","513","193","91","797","1719","0","46.36","29.84"
"68","000","00","003","0321","0572","695","508","187","101","796","1717","0","46.36","29.59"
"68","000","00","003","0322","0000","1815","1388","427","161","1976","3732","0","52.95","37.19"
"68","000","00","003","0322","0578","448","340","108","22","470","831","0","56.56","40.91"
"68","000","00","003","0322","0579","722","554","168","64","786","1407","0","55.86","39.37"
"68","000","00","003","0322","0580","645","494","151","75","720","1494","0","48.19","33.07"
"68","000","00","003","0323","0000","1160","924","236","160","1320","2395","0","55.11","38.58"
"68","000","00","003","0323","0573","574","435","139","74","648","1207","0","53.69","36.04"
"68","000","00","003","0323","0574","586","489","97","86","672","1188","0","56.57","41.16"
"68","000","00","003","0324","0000","1473","1190","283","123","1596","2789","0","57.22","42.67"
"68","000","00","003","0324","0576","783","633","150","72","855","1529","0","55.92","41.4"
"68","000","00","003","0324","0577","690","557","133","51","741","1260","0","58.81","44.21"
"68","000","00","003","0325","0000","2153","1610","543","246","2399","4508","0","53.22","35.71"
"68","000","00","003","0325","0524","721","538","183","92","813","1553","0","52.35","34.64"
"68","000","00","003","0325","0525","780","570","210","84","864","1597","0","54.1","35.69"
"68","000","00","003","0325","0526","652","502","150","70","722","1358","0","53.17","36.97"
"68","000","00","003","0326","0000","1825","1419","406","131","1956","3875","0","50.48","36.62"
"68","000","00","003","0326","0567","560","413","147","33","593","1387","0","42.75","29.78"
"68","000","00","003","0326","0568","524","429","95","44","568","1085","0","52.35","39.54"
"68","000","00","003","0326","0569","741","577","164","54","795","1403","0","56.66","41.13"
"68","000","00","003","0327","0000","2389","1833","556","203","2592","4648","0","55.77","39.44"
"68","000","00","003","0327","0559","820","672","148","38","858","1592","0","53.89","42.21"
"68","000","00","003","0327","0560","770","574","196","83","853","1497","0","56.98","38.34"
"68","000","00","003","0327","0561","799","587","212","82","881","1559","0","56.51","37.65"
"68","000","00","003","0328","0000","1621","1237","384","138","1759","3247","0","54.17","38.1"
"68","000","00","003","0328","0553","547","393","154","67","614","1094","0","56.12","35.92"
"68","000","00","003","0328","0554","1074","844","230","71","1145","2153","0","53.18","39.2"
"68","000","00","004","0000","0000","65737","51985","13752","3973","69710","137917","169991","50.54","37.69"
"68","000","00","004","0401","0000","1942","1480","462","100","2042","3705","0","55.11","39.95"
"68","000","00","004","0401","0960","980","798","182","57","1037","1943","0","53.37","41.07"
"68","000","00","004","0401","0961","962","682","280","43","1005","1762","0","57.04","38.71"
"68","000","00","004","0402","0000","534","443","91","38","572","1083","0","52.82","40.9"
"68","000","00","004","0402","0962","534","443","91","38","572","1083","0","52.82","40.9"
"68","000","00","004","0403","0000","1392","1116","276","117","1509","2633","0","57.31","42.39"
"68","000","00","004","0403","0964","664","524","140","64","728","1274","0","57.14","41.13"
"68","000","00","004","0403","0965","728","592","136","53","781","1359","0","57.47","43.56"
"68","000","00","004","0404","0000","2790","2219","571","142","2932","6964","0","42.1","31.86"
"68","000","00","004","0404","0966","810","634","176","54","864","2444","0","35.35","25.94"
"68","000","00","004","0404","0967","941","754","187","40","981","2298","0","42.69","32.81"
"68","000","00","004","0404","0968","1039","831","208","48","1087","2222","0","48.92","37.4"
"68","000","00","004","0405","0000","1552","1208","344","162","1714","3237","0","52.95","37.32"
"68","000","00","004","0405","0969","777","602","175","71","848","1610","0","52.67","37.39"
"68","000","00","004","0405","0970","775","606","169","91","866","1627","0","53.23","37.25"
"68","000","00","004","0406","0000","1152","875","277","90","1242","2776","0","44.74","31.52"
"68","000","00","004","0406","0973","706","522","184","65","771","1776","0","43.41","29.39"
"68","000","00","004","0406","0974","446","353","93","25","471","1000","0","47.1","35.3"
"68","000","00","004","0407","0000","2179","1745","434","145","2324","4112","0","56.52","42.44"
"68","000","00","004","0407","1003","760","620","140","30","790","1448","0","54.56","42.82"
"68","000","00","004","0407","1004","716","554","162","55","771","1351","0","57.07","41.01"
"68","000","00","004","0407","1005","703","571","132","60","763","1313","0","58.11","43.49"
"68","000","00","004","0408","0000","1316","1019","297","52","1368","2602","0","52.57","39.16"
"68","000","00","004","0408","0989","592","465","127","33","625","1194","0","52.35","38.94"
"68","000","00","004","0408","0990","724","554","170","19","743","1408","0","52.77","39.35"
"68","000","00","004","0409","0000","987","788","199","61","1048","2027","0","51.7","38.88"
"68","000","00","004","0409","0963","987","788","199","61","1048","2027","0","51.7","38.88"
"68","000","00","004","0410","0000","1718","1385","333","94","1812","3300","0","54.91","41.97"
"68","000","00","004","0410","0956","843","673","170","33","876","1713","0","51.14","39.29"
"68","000","00","004","0410","0957","875","712","163","61","936","1587","0","58.98","44.86"
"68","000","00","004","0411","0000","731","570","161","62","793","1434","0","55.3","39.75"
"68","000","00","004","0411","0929","731","570","161","62","793","1434","0","55.3","39.75"
"68","000","00","004","0412","0000","620","505","115","33","653","1137","0","57.43","44.42"
"68","000","00","004","0412","0932","620","505","115","33","653","1137","0","57.43","44.42"
"68","000","00","004","0413","0000","2439","1886","553","193","2632","5314","0","49.53","35.49"
"68","000","00","004","0413","0936","748","570","178","64","812","1449","0","56.04","39.34"
"68","000","00","004","0413","0937","798","628","170","68","866","1877","0","46.14","33.46"
"68","000","00","004","0413","0938","893","688","205","61","954","1988","0","47.99","34.61"
"68","000","00","004","0414","0000","2018","1623","395","70","2088","4219","0","49.49","38.47"
"68","000","00","004","0414","0933","1060","871","189","38","1098","2211","0","49.66","39.39"
"68","000","00","004","0414","0934","958","752","206","32","990","2008","0","49.3","37.45"
"68","000","00","004","0415","0000","1799","1402","397","68","1867","3730","0","50.05","37.59"
"68","000","00","004","0415","0942","889","686","203","32","921","1848","0","49.84","37.12"
"68","000","00","004","0415","0943","910","716","194","36","946","1882","0","50.27","38.04"
"68","000","00","004","0416","0000","1646","1342","304","68","1714","3657","0","46.87","36.7"
"68","000","00","004","0416","0991","739","595","144","37","776","1737","0","44.67","34.25"
"68","000","00","004","0416","0992","907","747","160","31","938","1920","0","48.85","38.91"
"68","000","00","004","0417","0000","1662","1335","327","98","1760","3378","0","52.1","39.52"
"68","000","00","004","0417","0997","827","644","183","63","890","1692","0","52.6","38.06"
"68","000","00","004","0417","0998","835","691","144","35","870","1686","0","51.6","40.98"
"68","000","00","004","0418","0000","2147","1720","427","151","2298","3923","0","58.58","43.84"
"68","000","00","004","0418","0926","651","506","145","56","707","1269","0","55.71","39.87"
"68","000","00","004","0418","0927","714","577","137","55","769","1246","0","61.72","46.31"
"68","000","00","004","0418","0928","782","637","145","40","822","1408","0","58.38","45.24"
"68","000","00","004","0419","0000","1444","1179","265","117","1561","3172","0","49.21","37.17"
"68","000","00","004","0419","0930","702","594","108","62","764","1515","0","50.43","39.21"
"68","000","00","004","0419","0931","742","585","157","55","797","1657","0","48.1","35.3"
"68","000","00","004","0420","0000","842","671","171","75","917","1861","0","49.27","36.06"
"68","000","00","004","0420","0977","842","671","171","75","917","1861","0","49.27","36.06"
"68","000","00","004","0421","0000","1718","1357","361","142","1860","3841","0","48.42","35.33"
"68","000","00","004","0421","0975","962","787","175","81","1043","2290","0","45.55","34.37"
"68","000","00","004","0421","0976","756","570","186","61","817","1551","0","52.68","36.75"
"68","000","00","004","0422","0000","1300","991","309","121","1421","2685","0","52.92","36.91"
"68","000","00","004","0422","0980","729","569","160","70","799","1498","0","53.34","37.98"
"68","000","00","004","0422","0981","571","422","149","51","622","1187","0","52.4","35.55"
"68","000","00","004","0423","0000","1734","1339","395","78","1812","3752","0","48.29","35.69"
"68","000","00","004","0423","1006","829","629","200","45","874","1689","0","51.75","37.24"
"68","000","00","004","0423","1007","905","710","195","33","938","2063","0","45.47","34.42"
"68","000","00","004","0424","0000","1337","1050","287","107","1444","2694","0","53.6","38.98"
"68","000","00","004","0424","0982","649","505","144","60","709","1270","0","55.83","39.76"
"68","000","00","004","0424","0983","688","545","143","47","735","1424","0","51.62","38.27"
"68","000","00","004","0425","0000","2339","1849","490","168","2507","5412","0","46.32","34.16"
"68","000","00","004","0425","0986","734","552","182","80","814","1783","0","45.65","30.96"
"68","000","00","004","0425","0987","784","638","146","25","809","1709","0","47.34","37.33"
"68","000","00","004","0425","0988","821","659","162","63","884","1920","0","46.04","34.32"
"68","000","00","004","0426","0000","1617","1291","326","33","1650","3007","0","54.87","42.93"
"68","000","00","004","0426","0958","779","610","169","0","779","1416","0","55.01","43.08"
"68","000","00","004","0426","0959","838","681","157","33","871","1591","0","54.75","42.8"
"68","000","00","004","0427","0000","2943","2346","597","149","3092","6381","0","48.46","36.77"
"68","000","00","004","0427","0950","942","728","214","49","991","2101","0","47.17","34.65"
"68","000","00","004","0427","0951","1013","802","211","64","1077","2054","0","52.43","39.05"
"68","000","00","004","0427","0952","988","816","172","36","1024","2226","0","46.0","36.66"
"68","000","00","004","0428","0000","1776","1303","473","87","1863","3687","0","50.53","35.34"
"68","000","00","004","0428","0946","667","525","142","20","687","1562","0","43.98","33.61"
"68","000","00","004","0428","0947","1109","778","331","67","1176","2125","0","55.34","36.61"
"68","000","00","004","0429","0000","1551","1213","338","64","1615","3248","0","49.72","37.35"
"68","000","00","004","0429","0953","725","573","152","23","748","1405","0","53.24","40.78"
"68","000","00","004","0429","0954","826","640","186","41","867","1843","0","47.04","34.73"
"68","000","00","004","0430","0000","1661","1310","351","133","1794","3347","0","53.6","39.14"
"68","000","00","004","0430","0971","804","647","157","57","861","1589","0","54.19","40.72"
"68","000","00","004","0430","0972","857","663","194","76","933","1758","0","53.07","37.71"
"68","000","00","004","0431","0000","1693","1339","354","83","1776","3883","0","45.74","34.48"
"68","000","00","004","0431","0995","892","697","195","49","941","2020","0","46.58","34.5"
"68","000","00","004","0431","0996","801","642","159","34","835","1863","0","44.82","34.46"
"68","000","00","004","0432","0000","1708","1326","382","151","1859","3492","0","53.24","37.97"
"68","000","00","004","0432","1001","870","678","192","64","934","1603","0","58.27","42.3"
"68","000","00","004","0432","1002","838","648","190","87","925","1889","0","48.97","34.3"
"68","000","00","004","0433","0000","1637","1295","342","95","1732","3183","0","54.41","40.68"
"68","000","00","004","0433","0999","821","637","184","73","894","1626","0","54.98","39.18"
"68","000","00","004","0433","1000","816","658","158","22","838","1557","0","53.82","42.26"
"68","000","00","004","0434","0000","2712","2226","486","112","2824","5546","0","50.92","40.14"
"68","000","00","004","0434","0939","949","752","197","35","984","1931","0","50.96","38.94"
"68","000","00","004","0434","0940","907","746","161","47","954","1938","0","49.23","38.49"
"68","000","00","004","0434","0941","856","728","128","30","886","1677","0","52.83","43.41"
"68","000","00","004","0435","0000","968","762","206","33","1001","1911","0","52.38","39.87"
"68","000","00","004","0435","0935","968","762","206","33","1001","1911","0","52.38","39.87"
"68","000","00","004","0436","0000","1469","1186","283","69","1538","3479","0","44.21","34.09"
"68","000","00","004","0436","0944","582","472","110","18","600","1541","0","38.94","30.63"
"68","000","00","004","0436","0945","887","714","173","51","938","1938","0","48.4","36.84"
"68","000","00","004","0437","0000","1386","1069","317","101","1487","2725","0","54.57","39.23"
"68","000","00","004","0437","0993","624","479","145","34","658","1234","0","53.32","38.82"
"68","000","00","004","0437","0994","762","590","172","67","829","1491","0","55.6","39.57"
"68","000","00","004","0438","0000","1289","1010","279","105","1394","2926","0","47.64","34.52"
"68","000","00","004","0438","0978","486","370","116","52","538","1141","0","47.15","32.43"
"68","000","00","004","0438","0979","803","640","163","53","856","1785","0","47.96","35.85"
"68","000","00","004","0439","0000","998","794","204","62","1060","2324","0","45.61","34.17"
"68","000","00","004","0439","0955","998","794","204","62","1060","2324","0","45.61","34.17"
"68","000","00","004","0440","0000","1688","1330","358","86","1774","3323","0","53.39","40.02"
"68","000","00","004","0440","0948","837","653","184","48","885","1516","0","58.38","43.07"
"68","000","00","004","0440","0949","851","677","174","38","889","1807","0","49.2","37.47"
"68","000","00","004","0441","0000","1303","1088","215","58","1361","2807","0","48.49","38.76"
"68","000","00","004","0441","0984","652","604","48","20","672","1273","0","52.79","47.45"
"68","000","00","004","0441","0985","651","484","167","38","689","1534","0","44.92","31.55"
"68","000","00","005","0000","0000","60752","46150","14602","4314","65066","129252","164057","50.34","35.71"
"68","000","00","005","0501","0000","1282","893","389","189","1471","2896","0","50.79","30.84"
"68","000","00","005","0501","0396","612","428","184","89","701","1358","0","51.62","31.52"
"68","000","00","005","0501","0397","670","465","205","100","770","1538","0","50.07","30.23"
"68","000","00","005","0502","0000","1670","1256","414","150","1820","3791","0","48.01","33.13"
"68","000","00","005","0502","0398","822","617","205","73","895","2118","0","42.26","29.13"
"68","000","00","005","0502","0399","848","639","209","77","925","1673","0","55.29","38.19"
"68","000","00","005","0503","0000","2073","1608","465","140","2213","4816","0","45.95","33.39"
"68","000","00","005","0503","0404","618","478","140","28","646","1446","0","44.67","33.06"
"68","000","00","005","0503","0405","679","515","164","72","751","1623","0","46.27","31.73"
"68","000","00","005","0503","0406","776","615","161","40","816","1747","0","46.71","35.2"
"68","000","00","005","0504","0000","2111","1608","503","142","2253","4687","0","48.07","34.31"
"68","000","00","005","0504","0411","1023","757","266","66","1089","2189","0","49.75","34.58"
"68","000","00","005","0504","0412","1088","851","237","76","1164","2498","0","46.6","34.07"
"68","000","00","005","0506","0000","1645","1208","437","175","1820","4088","0","44.52","29.55"
"68","000","00","005","0506","0414","751","551","200","91","842","1991","0","42.29","27.67"
"68","000","00","005","0506","0415","894","657","237","84","978","2097","0","46.64","31.33"
"68","000","00","005","0507","0000","1632","1226","406","112","1744","3567","0","48.89","34.37"
"68","000","00","005","0507","0430","883","650","233","79","962","1864","0","51.61","34.87"
"68","000","00","005","0507","0431","749","576","173","33","782","1703","0","45.92","33.82"
"68","000","00","005","0508","0000","1848","1386","462","119","1967","3815","0","51.56","36.33"
"68","000","00","005","0508","0432","866","656","210","43","909","1893","0","48.02","34.65"
"68","000","00","005","0508","0433","982","730","252","76","1058","1922","0","55.05","37.98"
"68","000","00","005","0509","0000","1229","975","254","90","1319","2380","0","55.42","40.97"
"68","000","00","005","0509","0440","650","517","133","62","712","1181","0","60.29","43.78"
"68","000","00","005","0509","0441","579","458","121","28","607","1199","0","50.63","38.2"
"68","000","00","005","0510","0000","1166","967","199","158","1324","2521","0","52.52","38.36"
"68","000","00","005","0510","0459","509","385","124","56","565","1318","0","42.87","29.21"
"68","000","00","005","0510","0460","657","582","75","102","759","1203","0","63.09","48.38"
"68","000","00","005","0511","0000","774","574","200","29","803","1771","0","45.34","32.41"
"68","000","00","005","0511","0461","774","574","200","29","803","1771","0","45.34","32.41"
"68","000","00","005","0512","0000","1542","1084","458","209","1751","3595","0","48.71","30.15"
"68","000","00","005","0512","0462","761","518","243","101","862","1832","0","47.05","28.28"
"68","000","00","005","0512","0463","781","566","215","108","889","1763","0","50.43","32.1"
"68","000","00","005","0513","0000","573","381","192","23","596","1497","0","39.81","25.45"
"68","000","00","005","0513","0464","573","381","192","23","596","1497","0","39.81","25.45"
"68","000","00","005","0514","0000","852","610","242","133","985","1671","0","58.95","36.51"
"68","000","00","005","0514","0465","852","610","242","133","985","1671","0","58.95","36.51"
"68","000","00","005","0515","0000","1204","832","372","200","1404","2488","0","56.43","33.44"
"68","000","00","005","0515","0466","455","321","134","78","533","929","0","57.37","34.55"
"68","000","00","005","0515","0467","749","511","238","122","871","1559","0","55.87","32.78"
"68","000","00","005","0516","0000","1532","1160","372","119","1651","2938","0","56.19","39.48"
"68","000","00","005","0516","0468","705","552","153","34","739","1497","0","49.37","36.87"
"68","000","00","005","0516","0469","827","608","219","85","912","1441","0","63.29","42.19"
"68","000","00","005","0517","0000","1447","1097","350","73","1520","3161","0","48.09","34.7"
"68","000","00","005","0517","0428","676","498","178","33","709","1668","0","42.51","29.86"
"68","000","00","005","0517","0429","771","599","172","40","811","1493","0","54.32","40.12"
"68","000","00","005","0518","0000","2455","1918","537","150","2605","5039","0","51.7","38.06"
"68","000","00","005","0518","0416","798","619","179","45","843","1558","0","54.11","39.73"
"68","000","00","005","0518","0417","937","735","202","53","990","1891","0","52.35","38.87"
"68","000","00","005","0518","0418","720","564","156","52","772","1590","0","48.55","35.47"
"68","000","00","005","0519","0000","1192","904","288","66","1258","2588","0","48.61","34.93"
"68","000","00","005","0519","0438","582","423","159","30","612","1232","0","49.68","34.33"
"68","000","00","005","0519","0439","610","481","129","36","646","1356","0","47.64","35.47"
"68","000","00","005","0520","0000","1495","1106","389","114","1609","3150","0","51.08","35.11"
"68","000","00","005","0520","0436","814","620","194","43","857","1688","0","50.77","36.73"
"68","000","00","005","0520","0437","681","486","195","71","752","1462","0","51.44","33.24"
"68","000","00","005","0521","0000","653","454","199","35","688","1322","0","52.04","34.34"
"68","000","00","005","0521","0413","653","454","199","35","688","1322","0","52.04","34.34"
"68","000","00","005","0522","0000","1642","1208","434","133","1775","3425","0","51.82","35.27"
"68","000","00","005","0522","0407","944","683","261","77","1021","1988","0","51.36","34.36"
"68","000","00","005","0522","0408","698","525","173","56","754","1437","0","52.47","36.53"
"68","000","00","005","0523","0000","1434","1118","316","112","1546","2979","0","51.9","37.53"
"68","000","00","005","0523","0409","784","596","188","72","856","1532","0","55.87","38.9"
"68","000","00","005","0523","0410","650","522","128","40","690","1447","0","47.68","36.07"
"68","000","00","005","0524","0000","1580","1212","368","116","1696","3172","0","53.47","38.21"
"68","000","00","005","0524","0457","788","591","197","66","854","1483","0","57.59","39.85"
"68","000","00","005","0524","0458","792","621","171","50","842","1689","0","49.85","36.77"
"68","000","00","005","0525","0000","2078","1625","453","94","2172","4595","0","47.27","35.36"
"68","000","00","005","0525","0453","1257","992","265","54","1311","2727","0","48.07","36.38"
"68","000","00","005","0525","0454","821","633","188","40","861","1868","0","46.09","33.89"
"68","000","00","005","0526","0000","2009","1556","453","96","2105","4233","0","49.73","36.76"
"68","000","00","005","0526","0446","966","746","220","53","1019","2055","0","49.59","36.3"
"68","000","00","005","0526","0447","1043","810","233","43","1086","2178","0","49.86","37.19"
"68","000","00","005","0527","0000","1669","1320","349","90","1759","3551","0","49.54","37.17"
"68","000","00","005","0527","0425","787","612","175","46","833","1731","0","48.12","35.36"
"68","000","00","005","0527","0426","882","708","174","44","926","1820","0","50.88","38.9"
"68","000","00","005","0528","0000","2211","1698","513","110","2321","4926","0","47.12","34.47"
"68","000","00","005","0528","0419","1012","762","250","59","1071","2404","0","44.55","31.7"
"68","000","00","005","0528","0420","1199","936","263","51","1250","2522","0","49.56","37.11"
"68","000","00","005","0529","0000","1629","1255","374","90","1719","3348","0","51.34","37.49"
"68","000","00","005","0529","0421","809","623","186","32","841","1633","0","51.5","38.15"
"68","000","00","005","0529","0422","820","632","188","58","878","1715","0","51.2","36.85"
"68","000","00","005","0530","0000","811","634","177","64","875","1633","0","53.58","38.82"
"68","000","00","005","0530","0427","811","634","177","64","875","1633","0","53.58","38.82"
"68","000","00","005","0531","0000","2770","2170","600","157","2927","5379","0","54.42","40.34"
"68","000","00","005","0531","0449","859","674","185","55","914","1667","0","54.83","40.43"
"68","000","00","005","0531","0450","883","708","175","47","930","1745","0","53.3","40.57"
"68","000","00","005","0531","0451","1028","788","240","55","1083","1967","0","55.06","40.06"
"68","000","00","005","0532","0000","1821","1420","401","76","1897","3511","0","54.03","40.44"
"68","000","00","005","0532","0448","875","680","195","37","912","1709","0","53.36","39.79"
"68","000","00","005","0532","0452","946","740","206","39","985","1802","0","54.66","41.07"
"68","000","00","005","0533","0000","1523","1193","330","90","1613","3133","0","51.48","38.08"
"68","000","00","005","0533","0442","857","685","172","52","909","1710","0","53.16","40.06"
"68","000","00","005","0533","0443","666","508","158","38","704","1423","0","49.47","35.7"
"68","000","00","005","0534","0000","1590","1226","364","93","1683","3161","0","53.24","38.79"
"68","000","00","005","0534","0444","764","582","182","49","813","1522","0","53.42","38.24"
"68","000","00","005","0534","0445","826","644","182","44","870","1639","0","53.08","39.29"
"68","000","00","005","0535","0000","1385","1046","339","86","1471","2731","0","53.86","38.3"
"68","000","00","005","0535","0434","704","535","169","33","737","1393","0","52.91","38.41"
"68","000","00","005","0535","0435","681","511","170","53","734","1338","0","54.86","38.19"
"68","000","00","005","0536","0000","2076","1606","470","101","2177","4604","0","47.28","34.88"
"68","000","00","005","0536","0402","1070","828","242","72","1142","2250","0","50.76","36.8"
"68","000","00","005","0536","0403","1006","778","228","29","1035","2354","0","43.97","33.05"
"68","000","00","005","0537","0000","1596","1214","382","91","1687","3199","0","52.74","37.95"
"68","000","00","005","0537","0400","752","569","183","30","782","1500","0","52.13","37.93"
"68","000","00","005","0537","0401","844","645","199","61","905","1699","0","53.27","37.96"
"68","000","00","005","0538","0000","1522","1153","369","98","1620","3153","0","51.38","36.57"
"68","000","00","005","0538","0455","733","562","171","45","778","1537","0","50.62","36.56"
"68","000","00","005","0538","0456","789","591","198","53","842","1616","0","52.1","36.57"
"68","000","00","005","0539","0000","1865","1405","460","87","1952","4244","0","45.99","33.11"
"68","000","00","005","0539","0423","941","697","244","36","977","2215","0","44.11","31.47"
"68","000","00","005","0539","0424","924","708","216","51","975","2029","0","48.05","34.89"
"68","000","00","005","0540","0000","1166","844","322","104","1270","2494","0","50.92","33.84"
"68","000","00","005","0540","0470","675","499","176","62","737","1465","0","50.31","34.06"
"68","000","00","005","0540","0471","491","345","146","42","533","1029","0","51.8","33.53"
"68","000","00","006","0000","0000","33824","25568","8256","2421","36245","73900","90407","49.05","34.6"
"68","000","00","006","0601","0000","2788","2084","704","196","2984","6145","0","48.56","33.91"
"68","000","00","006","0601","0472","654","487","167","50","704","1538","0","45.77","31.66"
"68","000","00","006","0601","0473","595","444","151","36","631","1616","0","39.05","27.48"
"68","000","00","006","0601","0474","752","556","196","60","812","1437","0","56.51","38.69"
"68","000","00","006","0601","0475","787","597","190","50","837","1554","0","53.86","38.42"
"68","000","00","006","0602","0000","2954","2241","713","240","3194","6471","0","49.36","34.63"
"68","000","00","006","0602","0476","593","436","157","47","640","1237","0","51.74","35.25"
"68","000","00","006","0602","0477","626","478","148","67","693","1347","0","51.45","35.49"
"68","000","00","006","0602","0478","580","434","146","31","611","1261","0","48.45","34.42"
"68","000","00","006","0602","0479","579","444","135","57","636","1256","0","50.64","35.35"
"68","000","00","006","0602","0480","576","449","127","38","614","1370","0","44.82","32.77"
"68","000","00","006","0603","0000","1937","1442","495","139","2076","4617","0","44.96","31.23"
"68","000","00","006","0603","0481","696","517","179","51","747","1610","0","46.4","32.11"
"68","000","00","006","0603","0482","649","469","180","61","710","1419","0","50.04","33.05"
"68","000","00","006","0603","0483","592","456","136","27","619","1588","0","38.98","28.72"
"68","000","00","006","0604","0000","757","572","185","49","806","1612","0","50.0","35.48"
"68","000","00","006","0604","0484","757","572","185","49","806","1612","0","50.0","35.48"
"68","000","00","006","0605","0000","4838","3692","1146","328","5166","10011","0","51.6","36.88"
"68","000","00","006","0605","0485","662","501","161","48","710","1440","0","49.31","34.79"
"68","000","00","006","0605","0486","603","440","163","43","646","1326","0","48.72","33.18"
"68","000","00","006","0605","0487","750","579","171","66","816","1455","0","56.08","39.79"
"68","000","00","006","0605","0488","765","574","191","70","835","1562","0","53.46","36.75"
"68","000","00","006","0605","0489","677","523","154","36","713","1284","0","55.53","40.73"
"68","000","00","006","0605","0490","658","514","144","29","687","1454","0","47.25","35.35"
"68","000","00","006","0605","0491","723","561","162","36","759","1490","0","50.94","37.65"
"68","000","00","006","0606","0000","2158","1584","574","206","2364","4861","0","48.63","32.59"
"68","000","00","006","0606","0492","666","483","183","43","709","1617","0","43.85","29.87"
"68","000","00","006","0606","0493","727","519","208","95","822","1594","0","51.57","32.56"
"68","000","00","006","0606","0494","765","582","183","68","833","1650","0","50.48","35.27"
"68","000","00","006","0607","0000","2716","2035","681","165","2881","5896","0","48.86","34.51"
"68","000","00","006","0607","0495","679","478","201","26","705","1467","0","48.06","32.58"
"68","000","00","006","0607","0496","693","527","166","43","736","1494","0","49.26","35.27"
"68","000","00","006","0607","0497","705","544","161","66","771","1538","0","50.13","35.37"
"68","000","00","006","0607","0498","639","486","153","30","669","1397","0","47.89","34.79"
"68","000","00","006","0608","0000","729","556","173","27","756","1637","0","46.18","33.96"
"68","000","00","006","0608","0499","729","556","173","27","756","1637","0","46.18","33.96"
"68","000","00","006","0610","0000","1371","1071","300","121","1492","2866","0","52.06","37.37"
"68","000","00","006","0610","0500","639","493","146","60","699","1452","0","48.14","33.95"
"68","000","00","006","0610","0501","732","578","154","61","793","1414","0","56.08","40.88"
"68","000","00","006","0611","0000","2911","2221","690","203","3114","6871","0","45.32","32.32"
"68","000","00","006","0611","0502","761","571","190","44","805","1670","0","48.2","34.19"
"68","000","00","006","0611","0503","754","599","155","62","816","1701","0","47.97","35.21"
"68","000","00","006","0611","0504","688","520","168","41","729","1813","0","40.21","28.68"
"68","000","00","006","0611","0505","708","531","177","56","764","1687","0","45.29","31.48"
"68","000","00","006","0612","0000","1622","1239","383","72","1694","3206","0","52.84","38.65"
"68","000","00","006","0612","0506","799","608","191","18","817","1650","0","49.52","36.85"
"68","000","00","006","0612","0507","823","631","192","54","877","1556","0","56.36","40.55"
"68","000","00","006","0613","0000","778","597","181","40","818","1844","0","44.36","32.38"
"68","000","00","006","0613","0508","778","597","181","40","818","1844","0","44.36","32.38"
"68","000","00","006","0614","0000","1304","971","333","135","1439","2750","0","52.33","35.31"
"68","000","00","006","0614","0509","586","461","125","67","653","1336","0","48.88","34.51"
"68","000","00","006","0614","0510","718","510","208","68","786","1414","0","55.59","36.07"
"68","000","00","006","0615","0000","1357","1020","337","114","1471","2465","0","59.68","41.38"
"68","000","00","006","0615","0511","676","509","167","57","733","1238","0","59.21","41.11"
"68","000","00","006","0615","0512","681","511","170","57","738","1227","0","60.15","41.65"
"68","000","00","006","0616","0000","1119","830","289","59","1178","2548","0","46.23","32.57"
"68","000","00","006","0616","0513","554","406","148","27","581","1199","0","48.46","33.86"
"68","000","00","006","0616","0514","565","424","141","32","597","1349","0","44.26","31.43"
"68","000","00","006","0617","0000","1020","771","249","75","1095","2200","0","49.77","35.05"
"68","000","00","006","0617","0515","512","375","137","39","551","1120","0","49.2","33.48"
"68","000","00","006","0617","0516","508","396","112","36","544","1080","0","50.37","36.67"
"68","000","00","006","0618","0000","1281","960","321","93","1374","2686","0","51.15","35.74"
"68","000","00","006","0618","0517","604","459","145","54","658","1341","0","49.07","34.23"
"68","000","00","006","0618","0518","677","501","176","39","716","1345","0","53.23","37.25"
"68","000","00","006","0619","0000","2184","1682","502","159","2343","5214","0","44.94","32.26"
"68","000","00","006","0619","0519","643","496","147","57","700","1565","0","44.73","31.69"
"68","000","00","006","0619","0520","625","468","157","31","656","1519","0","43.19","30.81"
"68","000","00","006","0619","0521","916","718","198","71","987","2130","0","46.34","33.71"
"68","000","00","007","0000","0000","60205","45663","14542","3969","64174","131702","160182","48.73","34.67"
"68","000","00","007","0701","0000","1827","1372","455","109","1936","3735","0","51.83","36.73"
"68","000","00","007","0701","0270","682","505","177","39","721","1455","0","49.55","34.71"
"68","000","00","007","0701","0271","1145","867","278","70","1215","2280","0","53.29","38.03"
"68","000","00","007","0702","0000","3173","2375","798","253","3426","6706","0","51.09","35.42"
"68","000","00","007","0702","0231","1044","794","250","65","1109","2178","0","50.92","36.46"
"68","000","00","007","0702","0232","810","595","215","87","897","1672","0","53.65","35.59"
"68","000","00","007","0702","0233","628","487","141","44","672","1376","0","48.84","35.39"
"68","000","00","007","0702","0234","691","499","192","57","748","1480","0","50.54","33.72"
"68","000","00","007","0703","0000","1955","1429","526","170","2125","4353","0","48.82","32.83"
"68","000","00","007","0703","0261","397","294","103","32","429","841","0","51.01","34.96"
"68","000","00","007","0703","0262","980","723","257","66","1046","2284","0","45.8","31.65"
"68","000","00","007","0703","0263","578","412","166","72","650","1228","0","52.93","33.55"
"68","000","00","007","0704","0000","2763","2122","641","210","2973","5735","0","51.84","37.0"
"68","000","00","007","0704","0235","635","482","153","49","684","1258","0","54.37","38.31"
"68","000","00","007","0704","0236","720","559","161","32","752","1464","0","51.37","38.18"
"68","000","00","007","0704","0237","831","638","193","102","933","1844","0","50.6","34.6"
"68","000","00","007","0704","0238","577","443","134","27","604","1169","0","51.67","37.9"
"68","000","00","007","0705","0000","1490","1154","336","115","1605","3253","0","49.34","35.47"
"68","000","00","007","0705","0245","852","668","184","55","907","1788","0","50.73","37.36"
"68","000","00","007","0705","0246","638","486","152","60","698","1465","0","47.65","33.17"
"68","000","00","007","0706","0000","2376","1815","561","130","2506","5386","0","46.53","33.7"
"68","000","00","007","0706","0239","702","536","166","32","734","1921","0","38.21","27.9"
"68","000","00","007","0706","0240","759","576","183","32","791","1694","0","46.69","34.0"
"68","000","00","007","0706","0241","915","703","212","66","981","1771","0","55.39","39.7"
"68","000","00","007","0707","0000","1833","1566","267","128","1961","3629","0","54.04","43.15"
"68","000","00","007","0707","0220","880","771","109","65","945","1744","0","54.19","44.21"
"68","000","00","007","0707","0221","953","795","158","63","1016","1885","0","53.9","42.18"
"68","000","00","007","0708","0000","2447","1979","468","146","2593","5033","0","51.52","39.32"
"68","000","00","007","0708","0217","454","398","56","25","479","874","0","54.81","45.54"
"68","000","00","007","0708","0218","998","821","177","83","1081","2014","0","53.67","40.76"
"68","000","00","007","0708","0219","995","760","235","38","1033","2145","0","48.16","35.43"
"68","000","00","007","0709","0000","568","416","152","47","615","1156","0","53.2","35.99"
"68","000","00","007","0709","0276","568","416","152","47","615","1156","0","53.2","35.99"
"68","000","00","007","0710","0000","1638","1218","420","95","1733","3553","0","48.78","34.28"
"68","000","00","007","0710","0272","793","594","199","48","841","1668","0","50.42","35.61"
"68","000","00","007","0710","0273","845","624","221","47","892","1885","0","47.32","33.1"
"68","000","00","007","0711","0000","878","626","252","100","978","1840","0","53.15","34.02"
"68","000","00","007","0711","0289","878","626","252","100","978","1840","0","53.15","34.02"
"68","000","00","007","0712","0000","843","651","192","56","899","1917","0","46.9","33.96"
"68","000","00","007","0712","0267","843","651","192","56","899","1917","0","46.9","33.96"
"68","000","00","007","0713","0000","2079","1380","699","170","2249","4707","0","47.78","29.32"
"68","000","00","007","0713","0222","695","355","340","59","754","1546","0","48.77","22.96"
"68","000","00","007","0713","0223","767","577","190","72","839","1684","0","49.82","34.26"
"68","000","00","007","0713","0224","617","448","169","39","656","1477","0","44.41","30.33"
"68","000","00","007","0714","0000","2080","1551","529","210","2290","4832","0","47.39","32.1"
"68","000","00","007","0714","0242","721","551","170","65","786","1665","0","47.21","33.09"
"68","000","00","007","0714","0243","645","466","179","75","720","1439","0","50.03","32.38"
"68","000","00","007","0714","0244","714","534","180","70","784","1728","0","45.37","30.9"
"68","000","00","007","0715","0000","2705","2009","696","229","2934","5448","0","53.85","36.88"
"68","000","00","007","0715","0227","766","570","196","66","832","1525","0","54.56","37.38"
"68","000","00","007","0715","0228","547","412","135","60","607","1041","0","58.31","39.58"
"68","000","00","007","0715","0229","649","473","176","34","683","1404","0","48.65","33.69"
"68","000","00","007","0715","0230","743","554","189","69","812","1478","0","54.94","37.48"
"68","000","00","007","0716","0000","1851","1385","466","162","2013","3952","0","50.94","35.05"
"68","000","00","007","0716","0256","471","326","145","64","535","1005","0","53.23","32.44"
"68","000","00","007","0716","0257","723","575","148","36","759","1449","0","52.38","39.68"
"68","000","00","007","0716","0258","657","484","173","62","719","1498","0","48.0","32.31"
"68","000","00","007","0717","0000","802","568","234","79","881","1752","0","50.29","32.42"
"68","000","00","007","0717","0250","802","568","234","79","881","1752","0","50.29","32.42"
"68","000","00","007","0718","0000","1076","818","258","80","1156","2439","0","47.4","33.54"
"68","000","00","007","0718","0265","586","457","129","38","624","1378","0","45.28","33.16"
"68","000","00","007","0718","0266","490","361","129","42","532","1061","0","50.14","34.02"
"68","000","00","007","0719","0000","1601","1227","374","104","1705","4057","0","42.03","30.24"
"68","000","00","007","0719","0277","816","635","181","69","885","2114","0","41.86","30.04"
"68","000","00","007","0719","0278","785","592","193","35","820","1943","0","42.2","30.47"
"68","000","00","007","0720","0000","2766","2074","692","162","2928","6056","0","48.35","34.25"
"68","000","00","007","0720","0286","1044","788","256","62","1106","2187","0","50.57","36.03"
"68","000","00","007","0720","0287","897","689","208","59","956","1959","0","48.8","35.17"
"68","000","00","007","0720","0288","825","597","228","41","866","1910","0","45.34","31.26"
"68","000","00","007","0721","0000","1072","815","257","55","1127","2266","0","49.74","35.97"
"68","000","00","007","0721","0290","1072","815","257","55","1127","2266","0","49.74","35.97"
"68","000","00","007","0722","0000","1975","1533","442","105","2080","5170","0","40.23","29.65"
"68","000","00","007","0722","0247","641","493","148","46","687","1659","0","41.41","29.72"
"68","000","00","007","0722","0248","686","539","147","39","725","1693","0","42.82","31.84"
"68","000","00","007","0722","0249","648","501","147","20","668","1818","0","36.74","27.56"
"68","000","00","007","0723","0000","825","638","187","52","877","1979","0","44.32","32.24"
"68","000","00","007","0723","0264","825","638","187","52","877","1979","0","44.32","32.24"
"68","000","00","007","0724","0000","1575","1160","415","69","1644","3317","0","49.56","34.97"
"68","000","00","007","0724","0251","845","605","240","43","888","1818","0","48.84","33.28"
"68","000","00","007","0724","0252","730","555","175","26","756","1499","0","50.43","37.02"
"68","000","00","007","0725","0000","2659","1982","677","164","2823","5847","0","48.28","33.9"
"68","000","00","007","0725","0253","884","664","220","61","945","1916","0","49.32","34.66"
"68","000","00","007","0725","0254","833","619","214","57","890","1804","0","49.33","34.31"
"68","000","00","007","0725","0255","942","699","243","46","988","2127","0","46.45","32.86"
"68","000","00","007","0726","0000","1507","1154","353","105","1612","3920","0","41.12","29.44"
"68","000","00","007","0726","0259","894","669","225","63","957","2149","0","44.53","31.13"
"68","000","00","007","0726","0260","613","485","128","42","655","1771","0","36.98","27.39"
"68","000","00","007","0727","0000","2398","1824","574","139","2537","5139","0","49.37","35.49"
"68","000","00","007","0727","0279","795","597","198","39","834","1800","0","46.33","33.17"
"68","000","00","007","0727","0280","914","673","241","57","971","2020","0","48.07","33.32"
"68","000","00","007","0727","0281","689","554","135","43","732","1319","0","55.5","42.0"
"68","000","00","007","0728","0000","4028","3078","950","189","4217","8591","0","49.09","35.83"
"68","000","00","007","0728","0282","1119","852","267","48","1167","2229","0","52.36","38.22"
"68","000","00","007","0728","0283","940","702","238","26","966","1992","0","48.49","35.24"
"68","000","00","007","0728","0284","985","749","236","71","1056","2237","0","47.21","33.48"
"68","000","00","007","0728","0285","984","775","209","44","1028","2133","0","48.2","36.33"
"68","000","00","007","0729","0000","1774","1271","503","72","1846","3553","0","51.96","35.77"
"68","000","00","007","0729","0274","867","628","239","37","904","1849","0","48.89","33.96"
"68","000","00","007","0729","0275","907","643","264","35","942","1704","0","55.28","37.73"
"68","000","00","007","0730","0000","1074","867","207","71","1145","2956","0","38.73","29.33"
"68","000","00","007","0730","0225","799","660","139","55","854","1528","0","55.89","43.19"
"68","000","00","007","0730","0226","275","207","68","16","291","1428","0","20.38","14.5"
"68","000","00","007","0731","0000","2970","2330","640","113","3083","6452","0","47.78","36.11"
"68","000","00","007","0731","0291","1029","826","203","31","1060","2387","0","44.41","34.6"
"68","000","00","007","0731","0292","747","570","177","35","782","1692","0","46.22","33.69"
"68","000","00","007","0731","0293","438","334","104","21","459","904","0","50.77","36.95"
"68","000","00","007","0731","0294","756","600","156","26","782","1469","0","53.23","40.84"
"68","000","00","007","0732","0000","1597","1276","321","80","1677","2973","0","56.41","42.92"
"68","000","00","007","0732","0268","857","687","170","46","903","1540","0","58.64","44.61"
"68","000","00","007","0732","0269","740","589","151","34","774","1433","0","54.01","41.1"
"68","000","00","008","0000","0000","77028","59933","17095","5780","82808","165065","201493","50.17","36.31"
"68","000","00","008","0801","0000","2691","2081","610","192","2883","7162","0","40.25","29.06"
"68","000","00","008","0801","0295","747","583","164","89","836","1761","0","47.47","33.11"
"68","000","00","008","0801","0296","693","520","173","24","717","1804","0","39.75","28.82"
"68","000","00","008","0801","0297","484","364","120","37","521","1813","0","28.74","20.08"
"68","000","00","008","0801","0298","767","614","153","42","809","1784","0","45.35","34.42"
"68","000","00","008","0802","0000","3442","2725","717","222","3664","8278","0","44.26","32.92"
"68","000","00","008","0802","0299","884","718","166","59","943","2257","0","41.78","31.81"
"68","000","00","008","0802","0300","712","549","163","34","746","1857","0","40.17","29.56"
"68","000","00","008","0802","0301","947","742","205","53","1000","2261","0","44.23","32.82"
"68","000","00","008","0802","0302","899","716","183","76","975","1903","0","51.23","37.62"
"68","000","00","008","0803","0000","1602","1255","347","85","1687","3620","0","46.6","34.67"
"68","000","00","008","0803","0303","911","721","190","71","982","1955","0","50.23","36.88"
"68","000","00","008","0803","0304","691","534","157","14","705","1665","0","42.34","32.07"
"68","000","00","008","0804","0000","1508","1195","313","121","1629","3216","0","50.65","37.16"
"68","000","00","008","0804","0310","811","639","172","83","894","1630","0","54.85","39.2"
"68","000","00","008","0804","0311","697","556","141","38","735","1586","0","46.34","35.06"
"68","000","00","008","0805","0000","1583","1211","372","174","1757","3559","0","49.37","34.03"
"68","000","00","008","0805","0312","790","599","191","75","865","1649","0","52.46","36.33"
"68","000","00","008","0805","0313","793","612","181","99","892","1910","0","46.7","32.04"
"68","000","00","008","0806","0000","1615","1295","320","133","1748","3252","0","53.75","39.82"
"68","000","00","008","0806","0314","807","624","183","85","892","1612","0","55.33","38.71"
"68","000","00","008","0806","0315","808","671","137","48","856","1640","0","52.2","40.91"
"68","000","00","008","0807","0000","1558","1191","367","145","1703","3273","0","52.03","36.39"
"68","000","00","008","0807","0318","802","583","219","63","865","1711","0","50.56","34.07"
"68","000","00","008","0807","0319","756","608","148","82","838","1562","0","53.65","38.92"
"68","000","00","008","0808","0000","2187","1711","476","149","2336","4415","0","52.91","38.75"
"68","000","00","008","0808","0320","823","657","166","59","882","1735","0","50.84","37.87"
"68","000","00","008","0808","0321","803","631","172","41","844","1658","0","50.9","38.06"
"68","000","00","008","0808","0322","561","423","138","49","610","1022","0","59.69","41.39"
"68","000","00","008","0809","0000","1507","1168","339","96","1603","3414","0","46.95","34.21"
"68","000","00","008","0809","0323","717","545","172","55","772","1673","0","46.14","32.58"
"68","000","00","008","0809","0324","790","623","167","41","831","1741","0","47.73","35.78"
"68","000","00","008","0810","0000","987","774","213","80","1067","2110","0","50.57","36.68"
"68","000","00","008","0810","0325","987","774","213","80","1067","2110","0","50.57","36.68"
"68","000","00","008","0811","0000","1331","1028","303","107","1438","2519","0","57.09","40.81"
"68","000","00","008","0811","0331","714","552","162","46","760","1341","0","56.67","41.16"
"68","000","00","008","0811","0332","617","476","141","61","678","1178","0","57.56","40.41"
"68","000","00","008","0812","0000","1543","1091","452","159","1702","3871","0","43.97","28.18"
"68","000","00","008","0812","0335","775","598","177","65","840","1943","0","43.23","30.78"
"68","000","00","008","0812","0336","768","493","275","94","862","1928","0","44.71","25.57"
"68","000","00","008","0813","0000","1453","1090","363","91","1544","3147","0","49.06","34.64"
"68","000","00","008","0813","0339","840","630","210","44","884","1947","0","45.4","32.36"
"68","000","00","008","0813","0340","613","460","153","47","660","1200","0","55.0","38.33"
"68","000","00","008","0814","0000","1656","1254","402","152","1808","3883","0","46.56","32.29"
"68","000","00","008","0814","0341","808","603","205","85","893","1895","0","47.12","31.82"
"68","000","00","008","0814","0342","848","651","197","67","915","1988","0","46.03","32.75"
"68","000","00","008","0815","0000","1731","1328","403","142","1873","3410","0","54.93","38.94"
"68","000","00","008","0815","0348","646","486","160","65","711","1317","0","53.99","36.9"
"68","000","00","008","0815","0349","1085","842","243","77","1162","2093","0","55.52","40.23"
"68","000","00","008","0816","0000","1704","1340","364","99","1803","3545","0","50.86","37.8"
"68","000","00","008","0816","0351","839","643","196","65","904","1782","0","50.73","36.08"
"68","000","00","008","0816","0352","865","697","168","34","899","1763","0","50.99","39.53"
"68","000","00","008","0817","0000","3253","2608","645","198","3451","6933","0","49.78","37.62"
"68","000","00","008","0817","0359","956","749","207","69","1025","1998","0","51.3","37.49"
"68","000","00","008","0817","0360","478","368","110","31","509","916","0","55.57","40.17"
"68","000","00","008","0817","0361","874","706","168","54","928","1943","0","47.76","36.34"
"68","000","00","008","0817","0362","945","785","160","44","989","2076","0","47.64","37.81"
"68","000","00","008","0818","0000","768","618","150","70","838","1505","0","55.68","41.06"
"68","000","00","008","0818","0371","768","618","150","70","838","1505","0","55.68","41.06"
"68","000","00","008","0819","0000","1584","1195","389","140","1724","3303","0","52.19","36.18"
"68","000","00","008","0819","0373","802","579","223","74","876","1618","0","54.14","35.78"
"68","000","00","008","0819","0374","782","616","166","66","848","1685","0","50.33","36.56"
"68","000","00","008","0820","0000","1656","1333","323","139","1795","3716","0","48.3","35.87"
"68","000","00","008","0820","0375","784","641","143","63","847","1835","0","46.16","34.93"
"68","000","00","008","0820","0376","872","692","180","76","948","1881","0","50.4","36.79"
"68","000","00","008","0821","0000","781","607","174","54","835","1766","0","47.28","34.37"
"68","000","00","008","0821","0377","781","607","174","54","835","1766","0","47.28","34.37"
"68","000","00","008","0822","0000","2860","2263","597","181","3041","5083","0","59.83","44.52"
"68","000","00","008","0822","0385","913","709","204","59","972","1685","0","57.69","42.08"
"68","000","00","008","0822","0386","888","684","204","56","944","1748","0","54.0","39.13"
"68","000","00","008","0822","0387","1059","870","189","66","1125","1650","0","68.18","52.73"
"68","000","00","008","0823","0000","1907","1480","427","161","2068","3923","0","52.71","37.73"
"68","000","00","008","0823","0390","936","727","209","82","1018","1841","0","55.3","39.49"
"68","000","00","008","0823","0391","971","753","218","79","1050","2082","0","50.43","36.17"
"68","000","00","008","0824","0000","1506","1144","362","153","1659","3578","0","46.37","31.97"
"68","000","00","008","0824","0365","679","507","172","75","754","1474","0","51.15","34.4"
"68","000","00","008","0824","0366","153","131","22","22","175","718","0","24.37","18.25"
"68","000","00","008","0824","0367","674","506","168","56","730","1386","0","52.67","36.51"
"68","000","00","008","0825","0000","1290","1022","268","85","1375","2483","0","55.38","41.16"
"68","000","00","008","0825","0355","618","477","141","46","664","1170","0","56.75","40.77"
"68","000","00","008","0825","0356","672","545","127","39","711","1313","0","54.15","41.51"
"68","000","00","008","0826","0000","1781","1314","467","87","1868","4169","0","44.81","31.52"
"68","000","00","008","0826","0344","889","667","222","13","902","2061","0","43.77","32.36"
"68","000","00","008","0826","0345","892","647","245","74","966","2108","0","45.83","30.69"
"68","000","00","008","0827","0000","1901","1540","361","138","2039","4015","0","50.78","38.36"
"68","000","00","008","0827","0378","827","655","172","93","920","1817","0","50.63","36.05"
"68","000","00","008","0827","0379","1074","885","189","45","1119","2198","0","50.91","40.26"
"68","000","00","008","0828","0000","2125","1636","489","167","2292","4185","0","54.77","39.09"
"68","000","00","008","0828","0307","804","614","190","80","884","1583","0","55.84","38.79"
"68","000","00","008","0828","0308","637","490","147","47","684","1246","0","54.9","39.33"
"68","000","00","008","0828","0309","684","532","152","40","724","1356","0","53.39","39.23"
"68","000","00","008","0829","0000","1378","1037","341","129","1507","2854","0","52.8","36.33"
"68","000","00","008","0829","0363","657","502","155","69","726","1363","0","53.26","36.83"
"68","000","00","008","0829","0364","721","535","186","60","781","1491","0","52.38","35.88"
"68","000","00","008","0830","0000","1966","1542","424","127","2093","3951","0","52.97","39.03"
"68","000","00","008","0830","0382","639","488","151","35","674","1257","0","53.62","38.82"
"68","000","00","008","0830","0383","587","441","146","69","656","1267","0","51.78","34.81"
"68","000","00","008","0830","0384","740","613","127","23","763","1427","0","53.47","42.96"
"68","000","00","008","0831","0000","1539","1182","357","121","1660","3085","0","53.81","38.31"
"68","000","00","008","0831","0388","748","558","190","53","801","1478","0","54.19","37.75"
"68","000","00","008","0831","0389","791","624","167","68","859","1607","0","53.45","38.83"
"68","000","00","008","0832","0000","960","729","231","83","1043","2006","0","51.99","36.34"
"68","000","00","008","0832","0343","960","729","231","83","1043","2006","0","51.99","36.34"
"68","000","00","008","0833","0000","1623","1348","275","89","1712","3543","0","48.32","38.05"
"68","000","00","008","0833","0346","829","728","101","60","889","1862","0","47.74","39.1"
"68","000","00","008","0833","0347","794","620","174","29","823","1681","0","48.96","36.88"
"68","000","00","008","0834","0000","779","570","209","70","849","1499","0","56.64","38.03"
"68","000","00","008","0834","0350","779","570","209","70","849","1499","0","56.64","38.03"
"68","000","00","008","0835","0000","627","464","163","74","701","1436","0","48.82","32.31"
"68","000","00","008","0835","0372","627","464","163","74","701","1436","0","48.82","32.31"
"68","000","00","008","0836","0000","1070","823","247","60","1130","2209","0","51.15","37.26"
"68","000","00","008","0836","0393","1070","823","247","60","1130","2209","0","51.15","37.26"
"68","000","00","008","0837","0000","834","646","188","64","898","1959","0","45.84","32.98"
"68","000","00","008","0837","0392","834","646","188","64","898","1959","0","45.84","32.98"
"68","000","00","008","0838","0000","1980","1529","451","110","2090","4531","0","46.13","33.75"
"68","000","00","008","0838","0328","765","587","178","26","791","1848","0","42.8","31.76"
"68","000","00","008","0838","0329","670","516","154","50","720","1334","0","53.97","38.68"
"68","000","00","008","0838","0330","545","426","119","34","579","1349","0","42.92","31.58"
"68","000","00","008","0839","0000","1326","991","335","107","1433","3075","0","46.6","32.23"
"68","000","00","008","0839","0337","597","447","150","37","634","1403","0","45.19","31.86"
"68","000","00","008","0839","0338","729","544","185","70","799","1672","0","47.79","32.54"
"68","000","00","008","0840","0000","1351","1028","323","113","1464","2694","0","54.34","38.16"
"68","000","00","008","0840","0305","709","538","171","72","781","1431","0","54.58","37.6"
"68","000","00","008","0840","0306","642","490","152","41","683","1263","0","54.08","38.8"
"68","000","00","008","0841","0000","1288","983","305","99","1387","2537","0","54.67","38.75"
"68","000","00","008","0841","0353","608","456","152","59","667","1226","0","54.4","37.19"
"68","000","00","008","0841","0354","680","527","153","40","720","1311","0","54.92","40.2"
"68","000","00","008","0842","0000","1867","1472","395","105","1972","3821","0","51.61","38.52"
"68","000","00","008","0842","0380","833","651","182","69","902","1732","0","52.08","37.59"
"68","000","00","008","0842","0381","1034","821","213","36","1070","2089","0","51.22","39.3"
"68","000","00","008","0843","0000","1819","1446","373","123","1942","3864","0","50.26","37.42"
"68","000","00","008","0843","0394","917","759","158","56","973","1864","0","52.2","40.72"
"68","000","00","008","0843","0395","902","687","215","67","969","2000","0","48.45","34.35"
"68","000","00","008","0844","0000","1359","1045","314","107","1466","2716","0","53.98","38.48"
"68","000","00","008","0844","0316","610","445","165","54","664","1303","0","50.96","34.15"
"68","000","00","008","0844","0317","749","600","149","53","802","1413","0","56.76","42.46"
"68","000","00","008","0845","0000","1126","949","177","68","1194","2155","0","55.41","44.04"
"68","000","00","008","0845","0326","577","486","91","30","607","1145","0","53.01","42.45"
"68","000","00","008","0845","0327","549","463","86","38","587","1010","0","58.12","45.84"
"68","000","00","008","0846","0000","1990","1651","339","207","2197","4294","0","51.16","38.45"
"68","000","00","008","0846","0368","699","557","142","72","771","1487","0","51.85","37.46"
"68","000","00","008","0846","0369","732","623","109","80","812","1552","0","52.32","40.14"
"68","000","00","008","0846","0370","559","471","88","55","614","1255","0","48.92","37.53"
"68","000","00","008","0847","0000","1351","997","354","122","1473","2836","0","51.94","35.16"
"68","000","00","008","0847","0333","691","529","162","46","737","1374","0","53.64","38.5"
"68","000","00","008","0847","0334","660","468","192","76","736","1462","0","50.34","32.01"
"68","000","00","008","0848","0000","1285","1004","281","82","1367","2667","0","51.26","37.65"
"68","000","00","008","0848","0357","614","492","122","32","646","1186","0","54.47","41.48"
"68","000","00","008","0848","0358","671","512","159","50","721","1481","0","48.68","34.57"
"68","000","00","009","0000","0000","50584","40185","10399","3133","53717","101574","122981","52.88","39.56"
"68","000","00","009","0901","0000","2152","1711","441","127","2279","4513","0","50.5","37.91"
"68","000","00","009","0901","1008","707","568","139","28","735","1482","0","49.6","38.33"
"68","000","00","009","0901","1009","720","565","155","51","771","1528","0","50.46","36.98"
"68","000","00","009","0901","1010","725","578","147","48","773","1503","0","51.43","38.46"
"68","000","00","009","0902","0000","2763","2200","563","211","2974","5661","0","52.53","38.86"
"68","000","00","009","0902","1013","867","670","197","82","949","2088","0","45.45","32.09"
"68","000","00","009","0902","1014","1033","828","205","79","1112","1987","0","55.96","41.67"
"68","000","00","009","0902","1015","863","702","161","50","913","1586","0","57.57","44.26"
"68","000","00","009","0903","0000","1749","1263","486","105","1854","4006","0","46.28","31.53"
"68","000","00","009","0903","1018","919","716","203","62","981","2081","0","47.14","34.41"
"68","000","00","009","0903","1019","830","547","283","43","873","1925","0","45.35","28.42"
"68","000","00","009","0904","0000","1465","1181","284","86","1551","3188","0","48.65","37.05"
"68","000","00","009","0904","1064","771","625","146","42","813","1649","0","49.3","37.9"
"68","000","00","009","0904","1065","694","556","138","44","738","1539","0","47.95","36.13"
"68","000","00","009","0906","0000","1744","1327","417","155","1899","3662","0","51.86","36.24"
"68","000","00","009","0906","1022","822","630","192","59","881","1790","0","49.22","35.2"
"68","000","00","009","0906","1023","922","697","225","96","1018","1872","0","54.38","37.23"
"68","000","00","009","0907","0000","2030","1622","408","133","2163","4152","0","52.1","39.07"
"68","000","00","009","0907","1026","693","548","145","38","731","1398","0","52.29","39.2"
"68","000","00","009","0907","1027","618","489","129","44","662","1345","0","49.22","36.36"
"68","000","00","009","0907","1028","719","585","134","51","770","1409","0","54.65","41.52"
"68","000","00","009","0908","0000","287","188","99","30","317","678","0","46.76","27.73"
"68","000","00","009","0908","1071","287","188","99","30","317","678","0","46.76","27.73"
"68","000","00","009","0909","0000","2144","1680","464","134","2278","4282","0","53.2","39.23"
"68","000","00","009","0909","1031","788","623","165","44","832","1597","0","52.1","39.01"
"68","000","00","009","0909","1032","700","546","154","36","736","1410","0","52.2","38.72"
"68","000","00","009","0909","1033","656","511","145","54","710","1275","0","55.69","40.08"
"68","000","00","009","0910","0000","2768","2239","529","133","2901","5372","0","54.0","41.68"
"68","000","00","009","0910","1037","956","751","205","52","1008","1786","0","56.44","42.05"
"68","000","00","009","0910","1038","850","707","143","44","894","1756","0","50.91","40.26"
"68","000","00","009","0910","1039","962","781","181","37","999","1830","0","54.59","42.68"
"68","000","00","009","0911","0000","1021","771","250","66","1087","1909","0","56.94","40.39"
"68","000","00","009","0911","1034","1021","771","250","66","1087","1909","0","56.94","40.39"
"68","000","00","009","0912","0000","2172","1683","489","148","2320","4369","0","53.1","38.52"
"68","000","00","009","0912","1066","727","551","176","60","787","1541","0","51.07","35.76"
"68","000","00","009","0912","1067","695","545","150","55","750","1375","0","54.55","39.64"
"68","000","00","009","0912","1068","750","587","163","33","783","1453","0","53.89","40.4"
"68","000","00","009","0913","0000","1607","1307","300","92","1699","3597","0","47.23","36.34"
"68","000","00","009","0913","1042","837","674","163","50","887","1805","0","49.14","37.34"
"68","000","00","009","0913","1043","770","633","137","42","812","1792","0","45.31","35.32"
"68","000","00","009","0914","0000","2020","1599","421","130","2150","4268","0","50.37","37.46"
"68","000","00","009","0914","1049","630","491","139","64","694","1297","0","53.51","37.86"
"68","000","00","009","0914","1050","667","545","122","17","684","1407","0","48.61","38.73"
"68","000","00","009","0914","1051","723","563","160","49","772","1564","0","49.36","36.0"
"68","000","00","009","0915","0000","1764","1424","340","131","1895","3485","0","54.38","40.86"
"68","000","00","009","0915","1054","858","670","188","62","920","1721","0","53.46","38.93"
"68","000","00","009","0915","1055","906","754","152","69","975","1764","0","55.27","42.74"
"68","000","00","009","0916","0000","1306","1050","256","65","1371","2373","0","57.77","44.25"
"68","000","00","009","0916","1069","568","443","125","49","617","1074","0","57.45","41.25"
"68","000","00","009","0916","1070","738","607","131","16","754","1299","0","58.04","46.73"
"68","000","00","009","0917","0000","731","467","264","71","802","1499","0","53.5","31.15"
"68","000","00","009","0917","1056","731","467","264","71","802","1499","0","53.5","31.15"
"68","000","00","009","0918","0000","946","766","180","52","998","2151","0","46.4","35.61"
"68","000","00","009","0918","1057","946","766","180","52","998","2151","0","46.4","35.61"
"68","000","00","009","0919","0000","1648","1370","278","60","1708","2980","0","57.32","45.97"
"68","000","00","009","0919","1058","815","691","124","31","846","1524","0","55.51","45.34"
"68","000","00","009","0919","1059","833","679","154","29","862","1456","0","59.2","46.63"
"68","000","00","009","0920","0000","1302","1019","283","121","1423","2784","0","51.11","36.6"
"68","000","00","009","0920","1011","740","570","170","54","794","1568","0","50.64","36.35"
"68","000","00","009","0920","1012","562","449","113","67","629","1216","0","51.73","36.92"
"68","000","00","009","0921","0000","1157","856","301","100","1257","2355","0","53.38","36.35"
"68","000","00","009","0921","1016","572","407","165","46","618","1221","0","50.61","33.33"
"68","000","00","009","0921","1017","585","449","136","54","639","1134","0","56.35","39.59"
"68","000","00","009","0922","0000","2183","1879","304","96","2279","4135","0","55.11","45.44"
"68","000","00","009","0922","1020","1082","928","154","37","1119","2095","0","53.41","44.3"
"68","000","00","009","0922","1021","1101","951","150","59","1160","2040","0","56.86","46.62"
"68","000","00","009","0923","0000","1812","1401","411","137","1949","3518","0","55.4","39.82"
"68","000","00","009","0923","1024","898","692","206","77","975","1726","0","56.49","40.09"
"68","000","00","009","0923","1025","914","709","205","60","974","1792","0","54.35","39.56"
"68","000","00","009","0924","0000","1487","1138","349","83","1570","3012","0","52.12","37.78"
"68","000","00","009","0924","1029","606","470","136","28","634","1362","0","46.55","34.51"
"68","000","00","009","0924","1030","881","668","213","55","936","1650","0","56.73","40.48"
"68","000","00","009","0925","0000","2073","1663","410","92","2165","4026","0","53.78","41.31"
"68","000","00","009","0925","1035","1056","851","205","33","1089","2024","0","53.8","42.05"
"68","000","00","009","0925","1036","1017","812","205","59","1076","2002","0","53.75","40.56"
"68","000","00","009","0926","0000","1750","1450","300","70","1820","3216","0","56.59","45.09"
"68","000","00","009","0926","1040","964","791","173","32","996","1697","0","58.69","46.61"
"68","000","00","009","0926","1041","786","659","127","38","824","1519","0","54.25","43.38"
"68","000","00","009","0927","0000","810","657","153","65","875","1500","0","58.33","43.8"
"68","000","00","009","0927","1044","810","657","153","65","875","1500","0","58.33","43.8"
"68","000","00","009","0928","0000","1926","1527","399","130","2056","3980","0","51.66","38.37"
"68","000","00","009","0928","1046","610","480","130","45","655","1444","0","45.36","33.24"
"68","000","00","009","0928","1047","626","505","121","45","671","1321","0","50.79","38.23"
"68","000","00","009","0928","1048","690","542","148","40","730","1215","0","60.08","44.61"
"68","000","00","009","0929","0000","1104","881","223","105","1209","2340","0","51.67","37.65"
"68","000","00","009","0929","1052","643","498","145","58","701","1317","0","53.23","37.81"
"68","000","00","009","0929","1053","461","383","78","47","508","1023","0","49.66","37.44"
"68","000","00","009","0930","0000","2157","1828","329","80","2237","3746","0","59.72","48.8"
"68","000","00","009","0930","1060","1061","905","156","48","1109","1847","0","60.04","49.0"
"68","000","00","009","0930","1061","1096","923","173","32","1128","1899","0","59.4","48.6"
"68","000","00","009","0931","0000","1846","1516","330","94","1940","3390","0","57.23","44.72"
"68","000","00","009","0931","1062","891","730","161","38","929","1725","0","53.86","42.32"
"68","000","00","009","0931","1063","955","786","169","56","1011","1665","0","60.72","47.21"
"68","000","00","009","0932","0000","660","522","138","31","691","1427","0","48.42","36.58"
"68","000","00","009","0932","1045","660","522","138","31","691","1427","0","48.42","36.58"
"68","000","00","010","0000","0000","90897","71904","18993","5495","96392","183560","225897","52.51","39.17"
"68","000","00","010","1001","0000","2295","1758","537","138","2433","4781","0","50.89","36.77"
"68","000","00","010","1001","0864","782","641","141","31","813","1717","0","47.35","37.33"
"68","000","00","010","1001","0865","666","503","163","45","711","1319","0","53.9","38.13"
"68","000","00","010","1001","0866","847","614","233","62","909","1745","0","52.09","35.19"
"68","000","00","010","1002","0000","2213","1747","466","160","2373","4129","0","57.47","42.31"
"68","000","00","010","1002","0867","862","668","194","78","940","1721","0","54.62","38.81"
"68","000","00","010","1002","0868","618","494","124","38","656","1206","0","54.39","40.96"
"68","000","00","010","1002","0869","733","585","148","44","777","1202","0","64.64","48.67"
"68","000","00","010","1003","0000","2777","2244","533","104","2881","5256","0","54.81","42.69"
"68","000","00","010","1003","0850","637","482","155","33","670","1044","0","64.18","46.17"
"68","000","00","010","1003","0851","598","483","115","14","612","1124","0","54.45","42.97"
"68","000","00","010","1003","0852","760","653","107","28","788","1517","0","51.94","43.05"
"68","000","00","010","1003","0853","782","626","156","29","811","1571","0","51.62","39.85"
"68","000","00","010","1004","0000","2804","2149","655","205","3009","5442","0","55.29","39.49"
"68","000","00","010","1004","0840","654","514","140","56","710","1307","0","54.32","39.33"
"68","000","00","010","1004","0841","688","530","158","46","734","1337","0","54.9","39.64"
"68","000","00","010","1004","0842","589","460","129","46","635","980","0","64.8","46.94"
"68","000","00","010","1004","0843","873","645","228","57","930","1818","0","51.16","35.48"
"68","000","00","010","1005","0000","2497","2116","381","115","2612","5083","0","51.39","41.63"
"68","000","00","010","1005","0857","821","644","177","43","864","1555","0","55.56","41.41"
"68","000","00","010","1005","0858","925","906","19","35","960","2051","0","46.81","44.17"
"68","000","00","010","1005","0859","751","566","185","37","788","1477","0","53.35","38.32"
"68","000","00","010","1006","0000","1840","1421","419","92","1932","3895","0","49.6","36.48"
"68","000","00","010","1006","0835","956","719","237","60","1016","1901","0","53.45","37.82"
"68","000","00","010","1006","0836","884","702","182","32","916","1994","0","45.94","35.21"
"68","000","00","010","1007","0000","1934","1617","317","105","2039","3585","0","56.88","45.1"
"68","000","00","010","1007","0875","534","528","6","47","581","1010","0","57.52","52.28"
"68","000","00","010","1007","0876","667","508","159","30","697","1261","0","55.27","40.29"
"68","000","00","010","1007","0877","733","581","152","28","761","1314","0","57.91","44.22"
"68","000","00","010","1008","0000","2873","2269","604","162","3035","6426","0","47.23","35.31"
"68","000","00","010","1008","0883","618","494","124","34","652","2213","0","29.46","22.32"
"68","000","00","010","1008","0884","551","433","118","33","584","949","0","61.54","45.63"
"68","000","00","010","1008","0885","907","713","194","54","961","1621","0","59.28","43.99"
"68","000","00","010","1008","0886","797","629","168","41","838","1643","0","51.0","38.28"
"68","000","00","010","1009","0000","1352","1064","288","99","1451","2475","0","58.63","42.99"
"68","000","00","010","1009","0870","655","527","128","50","705","1208","0","58.36","43.63"
"68","000","00","010","1009","0871","697","537","160","49","746","1267","0","58.88","42.38"
"68","000","00","010","1010","0000","2113","1652","461","130","2243","3993","0","56.17","41.37"
"68","000","00","010","1010","0891","575","430","145","32","607","1039","0","58.42","41.39"
"68","000","00","010","1010","0892","725","566","159","51","776","1318","0","58.88","42.94"
"68","000","00","010","1010","0893","813","656","157","47","860","1636","0","52.57","40.1"
"68","000","00","010","1011","0000","1972","1578","394","119","2091","4038","0","51.78","39.08"
"68","000","00","010","1011","0896","643","513","130","61","704","1480","0","47.57","34.66"
"68","000","00","010","1011","0897","680","555","125","27","707","1330","0","53.16","41.73"
"68","000","00","010","1011","0898","649","510","139","31","680","1228","0","55.37","41.53"
"68","000","00","010","1012","0000","2126","1640","486","164","2290","4431","0","51.68","37.01"
"68","000","00","010","1012","0801","670","505","165","57","727","1487","0","48.89","33.96"
"68","000","00","010","1012","0802","697","555","142","57","754","1453","0","51.89","38.2"
"68","000","00","010","1012","0803","759","580","179","50","809","1491","0","54.26","38.9"
"68","000","00","010","1013","0000","2747","2211","536","148","2895","5762","0","50.24","38.37"
"68","000","00","010","1013","0806","843","679","164","47","890","1921","0","46.33","35.35"
"68","000","00","010","1013","0807","1011","823","188","59","1070","1974","0","54.2","41.69"
"68","000","00","010","1013","0808","893","709","184","42","935","1867","0","50.08","37.98"
"68","000","00","010","1014","0000","2287","1748","539","157","2444","4440","0","55.05","39.37"
"68","000","00","010","1014","0827","515","403","112","46","561","1048","0","53.53","38.45"
"68","000","00","010","1014","0828","650","524","126","58","708","1259","0","56.24","41.62"
"68","000","00","010","1014","0829","519","337","182","22","541","1061","0","50.99","31.76"
"68","000","00","010","1014","0830","603","484","119","31","634","1072","0","59.14","45.15"
"68","000","00","010","1015","0000","1087","873","214","63","1150","2326","0","49.44","37.53"
"68","000","00","010","1015","0820","506","411","95","19","525","1130","0","46.46","36.37"
"68","000","00","010","1015","0821","581","462","119","44","625","1196","0","52.26","38.63"
"68","000","00","010","1016","0000","2368","1902","466","96","2464","5300","0","46.49","35.89"
"68","000","00","010","1016","0824","767","607","160","34","801","1564","0","51.21","38.81"
"68","000","00","010","1016","0825","729","602","127","30","759","1824","0","41.61","33.0"
"68","000","00","010","1016","0826","872","693","179","32","904","1912","0","47.28","36.24"
"68","000","00","010","1017","0000","1365","1103","262","121","1486","2780","0","53.45","39.68"
"68","000","00","010","1017","0917","664","536","128","83","747","1385","0","53.94","38.7"
"68","000","00","010","1017","0918","701","567","134","38","739","1395","0","52.97","40.65"
"68","000","00","010","1018","0000","1588","1305","283","95","1683","3342","0","50.36","39.05"
"68","000","00","010","1018","0919","810","666","144","40","850","1711","0","49.68","38.92"
"68","000","00","010","1018","0920","778","639","139","55","833","1631","0","51.07","39.18"
"68","000","00","010","1019","0000","1271","1040","231","115","1386","2541","0","54.55","40.93"
"68","000","00","010","1019","0923","573","459","114","44","617","1127","0","54.75","40.73"
"68","000","00","010","1019","0924","698","581","117","71","769","1414","0","54.38","41.09"
"68","000","00","010","1020","0000","995","832","163","52","1047","1931","0","54.22","43.09"
"68","000","00","010","1020","0922","995","832","163","52","1047","1931","0","54.22","43.09"
"68","000","00","010","1021","0000","583","483","100","21","604","1110","0","54.41","43.51"
"68","000","00","010","1021","0921","583","483","100","21","604","1110","0","54.41","43.51"
"68","000","00","010","1022","0000","797","678","119","43","840","1609","0","52.21","42.14"
"68","000","00","010","1022","0925","797","678","119","43","840","1609","0","52.21","42.14"
"68","000","00","010","1023","0000","2121","1666","455","163","2284","4199","0","54.39","39.68"
"68","000","00","010","1023","0902","651","490","161","62","713","1243","0","57.36","39.42"
"68","000","00","010","1023","0903","792","646","146","47","839","1590","0","52.77","40.63"
"68","000","00","010","1023","0904","678","530","148","54","732","1366","0","53.59","38.8"
"68","000","00","010","1024","0000","2574","2020","554","184","2758","5390","0","51.17","37.48"
"68","000","00","010","1024","0913","474","364","110","33","507","1052","0","48.19","34.6"
"68","000","00","010","1024","0914","652","511","141","55","707","1154","0","61.27","44.28"
"68","000","00","010","1024","0915","762","607","155","35","797","1645","0","48.45","36.9"
"68","000","00","010","1024","0916","686","538","148","61","747","1539","0","48.54","34.96"
"68","000","00","010","1025","0000","1264","1024","240","101","1365","2811","0","48.56","36.43"
"68","000","00","010","1025","0908","638","512","126","67","705","1351","0","52.18","37.9"
"68","000","00","010","1025","0909","626","512","114","34","660","1460","0","45.21","35.07"
"68","000","00","010","1026","0000","2068","1672","396","95","2163","4327","0","49.99","38.64"
"68","000","00","010","1026","0910","880","700","180","42","922","1841","0","50.08","38.02"
"68","000","00","010","1026","0911","661","557","104","21","682","1475","0","46.24","37.76"
"68","000","00","010","1026","0912","527","415","112","32","559","1011","0","55.29","41.05"
"68","000","00","010","1027","0000","1411","1072","339","104","1515","3006","0","50.4","35.66"
"68","000","00","010","1027","0804","643","478","165","57","700","1346","0","52.01","35.51"
"68","000","00","010","1027","0805","768","594","174","47","815","1660","0","49.1","35.78"
"68","000","00","010","1028","0000","3139","2431","708","189","3328","6483","0","51.33","37.5"
"68","000","00","010","1028","0860","751","583","168","28","779","1501","0","51.9","38.84"
"68","000","00","010","1028","0861","710","556","154","65","775","1405","0","55.16","39.57"
"68","000","00","010","1028","0862","825","620","205","58","883","1656","0","53.32","37.44"
"68","000","00","010","1028","0863","853","672","181","38","891","1921","0","46.38","34.98"
"68","000","00","010","1029","0000","835","644","191","62","897","1788","0","50.17","36.02"
"68","000","00","010","1029","0831","835","644","191","62","897","1788","0","50.17","36.02"
"68","000","00","010","1030","0000","2139","1715","424","157","2296","4320","0","53.15","39.7"
"68","000","00","010","1030","0832","756","629","127","35","791","1510","0","52.38","41.66"
"68","000","00","010","1030","0833","685","542","143","53","738","1403","0","52.6","38.63"
"68","000","00","010","1030","0834","698","544","154","69","767","1407","0","54.51","38.66"
"68","000","00","010","1031","0000","1994","1515","479","125","2119","3761","0","56.34","40.28"
"68","000","00","010","1031","0844","753","571","182","50","803","1463","0","54.89","39.03"
"68","000","00","010","1031","0845","669","507","162","32","701","1213","0","57.79","41.8"
"68","000","00","010","1031","0846","572","437","135","43","615","1085","0","56.68","40.28"
"68","000","00","010","1032","0000","1637","1278","359","96","1733","3217","0","53.87","39.73"
"68","000","00","010","1032","0822","831","667","164","38","869","1685","0","51.57","39.58"
"68","000","00","010","1032","0823","806","611","195","58","864","1532","0","56.4","39.88"
"68","000","00","010","1033","0000","2854","2275","579","132","2986","6014","0","49.65","37.83"
"68","000","00","010","1033","0809","877","704","173","46","923","1786","0","51.68","39.42"
"68","000","00","010","1033","0810","653","522","131","34","687","1634","0","42.04","31.95"
"68","000","00","010","1033","0811","560","449","111","24","584","1080","0","54.07","41.57"
"68","000","00","010","1033","0812","764","600","164","28","792","1514","0","52.31","39.63"
"68","000","00","010","1034","0000","2060","1578","482","146","2206","4262","0","51.76","37.02"
"68","000","00","010","1034","0847","684","536","148","33","717","1458","0","49.18","36.76"
"68","000","00","010","1034","0848","715","550","165","56","771","1408","0","54.76","39.06"
"68","000","00","010","1034","0849","661","492","169","57","718","1396","0","51.43","35.24"
"68","000","00","010","1035","0000","1528","1187","341","99","1627","3094","0","52.59","38.36"
"68","000","00","010","1035","0889","717","547","170","64","781","1577","0","49.52","34.69"
"68","000","00","010","1035","0890","811","640","171","35","846","1517","0","55.77","42.19"
"68","000","00","010","1036","0000","2152","1667","485","114","2266","3806","0","59.54","43.8"
"68","000","00","010","1036","0899","752","575","177","47","799","1377","0","58.02","41.76"
"68","000","00","010","1036","0900","692","555","137","30","722","1198","0","60.27","46.33"
"68","000","00","010","1036","0901","708","537","171","37","745","1231","0","60.52","43.62"
"68","000","00","010","1037","0000","2490","1900","590","134","2624","5039","0","52.07","37.71"
"68","000","00","010","1037","0880","708","536","172","36","744","1399","0","53.18","38.31"
"68","000","00","010","1037","0881","930","713","217","57","987","1968","0","50.15","36.23"
"68","000","00","010","1037","0882","852","651","201","41","893","1672","0","53.41","38.94"
"68","000","00","010","1038","0000","1942","1552","390","120","2062","4201","0","49.08","36.94"
"68","000","00","010","1038","0905","668","545","123","49","717","1332","0","53.83","40.92"
"68","000","00","010","1038","0906","544","440","104","25","569","1201","0","47.38","36.64"
"68","000","00","010","1038","0907","730","567","163","46","776","1668","0","46.52","33.99"
"68","000","00","010","1039","0000","1459","1190","269","124","1583","2790","0","56.74","42.65"
"68","000","00","010","1039","0894","675","574","101","95","770","1316","0","58.51","43.62"
"68","000","00","010","1039","0895","784","616","168","29","813","1474","0","55.16","41.79"
"68","000","00","010","1040","0000","795","575","220","73","868","1561","0","55.61","36.84"
"68","000","00","010","1040","0878","383","294","89","38","421","722","0","58.31","40.72"
"68","000","00","010","1040","0879","412","281","131","35","447","839","0","53.28","33.49"
"68","000","00","010","1041","0000","2034","1616","418","103","2137","3703","0","57.71","43.64"
"68","000","00","010","1041","0872","580","473","107","27","607","1094","0","55.48","43.24"
"68","000","00","010","1041","0873","756","580","176","62","818","1394","0","58.68","41.61"
"68","000","00","010","1041","0874","698","563","135","14","712","1215","0","58.6","46.34"
"68","000","00","010","1042","0000","2687","2109","578","115","2802","4896","0","57.23","43.08"
"68","000","00","010","1042","0854","932","744","188","36","968","1752","0","55.25","42.47"
"68","000","00","010","1042","0855","823","634","189","31","854","1434","0","59.55","44.21"
"68","000","00","010","1042","0856","932","731","201","48","980","1710","0","57.31","42.75"
"68","000","00","010","1043","0000","2691","2139","552","144","2835","5358","0","52.91","39.92"
"68","000","00","010","1043","0837","840","663","177","56","896","1730","0","51.79","38.32"
"68","000","00","010","1043","0838","953","764","189","51","1004","1905","0","52.7","40.1"
"68","000","00","010","1043","0839","898","712","186","37","935","1723","0","54.27","41.32"
"68","000","00","010","1044","0000","1864","1488","376","96","1960","3596","0","54.51","41.38"
"68","000","00","010","1044","0887","961","773","188","48","1009","1844","0","54.72","41.92"
"68","000","00","010","1044","0888","903","715","188","48","951","1752","0","54.28","40.81"
"68","000","00","010","1045","0000","2157","1682","475","185","2342","4767","0","49.13","35.28"
"68","000","00","010","1045","0813","816","665","151","69","885","1918","0","46.14","34.67"
"68","000","00","010","1045","0814","580","425","155","73","653","1182","0","55.25","35.96"
"68","000","00","010","1045","0815","761","592","169","43","804","1667","0","48.23","35.51"
"68","000","00","010","1046","0000","3118","2479","639","130","3248","6496","0","50.0","38.16"
"68","000","00","010","1046","0816","716","559","157","41","757","1640","0","46.16","34.09"
"68","000","00","010","1046","0817","783","623","160","31","814","1603","0","50.78","38.86"
"68","000","00","010","1046","0818","832","669","163","16","848","1556","0","54.5","42.99"
"68","000","00","010","1046","0819","787","628","159","42","829","1697","0","48.85","37.01"
"68","000","00","011","0000","0000","21237","16095","5142","1573","22810","41461","49159","55.02","38.82"
"68","000","00","011","1101","0000","1544","1187","357","75","1619","2862","0","56.57","41.47"
"68","000","00","011","1101","1072","727","581","146","29","756","1306","0","57.89","44.49"
"68","000","00","011","1101","1073","817","606","211","46","863","1556","0","55.46","38.95"
"68","000","00","011","1102","0000","2182","1673","509","150","2332","3945","0","59.11","42.41"
"68","000","00","011","1102","1074","1041","811","230","76","1117","1849","0","60.41","43.86"
"68","000","00","011","1102","1075","1141","862","279","74","1215","2096","0","57.97","41.13"
"68","000","00","011","1103","0000","744","545","199","52","796","1517","0","52.47","35.93"
"68","000","00","011","1103","1076","744","545","199","52","796","1517","0","52.47","35.93"
"68","000","00","011","1104","0000","1938","1503","435","120","2058","3951","0","52.09","38.04"
"68","000","00","011","1104","1077","1128","881","247","72","1200","2095","0","57.28","42.05"
"68","000","00","011","1104","1078","810","622","188","48","858","1856","0","46.23","33.51"
"68","000","00","011","1105","0000","2148","1648","500","122","2270","4024","0","56.41","40.95"
"68","000","00","011","1105","1086","1036","812","224","42","1078","1992","0","54.12","40.76"
"68","000","00","011","1105","1087","1112","836","276","80","1192","2032","0","58.66","41.14"
"68","000","00","011","1106","0000","1374","1023","351","88","1462","2542","0","57.51","40.24"
"68","000","00","011","1106","1082","730","537","193","51","781","1271","0","61.45","42.25"
"68","000","00","011","1106","1083","644","486","158","37","681","1271","0","53.58","38.24"
"68","000","00","011","1107","0000","1199","873","326","109","1308","2319","0","56.4","37.65"
"68","000","00","011","1107","1084","649","467","182","54","703","1234","0","56.97","37.84"
"68","000","00","011","1107","1085","550","406","144","55","605","1085","0","55.76","37.42"
"68","000","00","011","1108","0000","636","487","149","37","673","1385","0","48.59","35.16"
"68","000","00","011","1108","1081","636","487","149","37","673","1385","0","48.59","35.16"
"68","000","00","011","1109","0000","632","475","157","52","684","1425","0","48.0","33.33"
"68","000","00","011","1109","1080","632","475","157","52","684","1425","0","48.0","33.33"
"68","000","00","011","1110","0000","1024","782","242","71","1095","1986","0","55.14","39.38"
"68","000","00","011","1110","1079","1024","782","242","71","1095","1986","0","55.14","39.38"
"68","000","00","011","1111","0000","377","292","85","25","402","741","0","54.25","39.41"
"68","000","00","011","1111","1098","377","292","85","25","402","741","0","54.25","39.41"
"68","000","00","011","1112","0000","779","584","195","99","878","1714","0","51.23","34.07"
"68","000","00","011","1112","1100","779","584","195","99","878","1714","0","51.23","34.07"
"68","000","00","011","1113","0000","517","368","149","65","582","943","0","61.72","39.02"
"68","000","00","011","1113","1099","517","368","149","65","582","943","0","61.72","39.02"
"68","000","00","011","1114","0000","682","535","147","19","701","1340","0","52.31","39.93"
"68","000","00","011","1114","1101","682","535","147","19","701","1340","0","52.31","39.93"
"68","000","00","011","1115","0000","445","311","134","38","483","995","0","48.54","31.26"
"68","000","00","011","1115","1097","445","311","134","38","483","995","0","48.54","31.26"
"68","000","00","011","1116","0000","1203","951","252","120","1323","2265","0","58.41","41.99"
"68","000","00","011","1116","1095","475","373","102","30","505","896","0","56.36","41.63"
"68","000","00","011","1116","1096","728","578","150","90","818","1369","0","59.75","42.22"
"68","000","00","011","1117","0000","615","460","155","54","669","1050","0","63.71","43.81"
"68","000","00","011","1117","1094","615","460","155","54","669","1050","0","63.71","43.81"
"68","000","00","011","1118","0000","369","267","102","39","408","663","0","61.54","40.27"
"68","000","00","011","1118","1092","369","267","102","39","408","663","0","61.54","40.27"
"68","000","00","011","1119","0000","437","323","114","18","455","908","0","50.11","35.57"
"68","000","00","011","1119","1091","437","323","114","18","455","908","0","50.11","35.57"
"68","000","00","011","1120","0000","523","393","130","54","577","1088","0","53.03","36.12"
"68","000","00","011","1120","1093","523","393","130","54","577","1088","0","53.03","36.12"
"68","000","00","011","1121","0000","594","446","148","53","647","1106","0","58.5","40.33"
"68","000","00","011","1121","1090","594","446","148","53","647","1106","0","58.5","40.33"
"68","000","00","011","1122","0000","635","482","153","70","705","1291","0","54.61","37.34"
"68","000","00","011","1122","1088","635","482","153","70","705","1291","0","54.61","37.34"
"68","000","00","011","1123","0000","640","487","153","43","683","1401","0","48.75","34.76"
"68","000","00","011","1123","1089","640","487","153","43","683","1401","0","48.75","34.76"
"68","000","00","012","0000","0000","25475","19477","5998","1935","27410","55149","67208","49.7","35.32"
"68","000","00","012","1201","0000","1104","858","246","71","1175","2733","0","42.99","31.39"
"68","000","00","012","1201","1102","581","452","129","38","619","1371","0","45.15","32.97"
"68","000","00","012","1201","1103","523","406","117","33","556","1362","0","40.82","29.81"
"68","000","00","012","1202","0000","462","334","128","74","536","997","0","53.76","33.5"
"68","000","00","012","1202","1104","462","334","128","74","536","997","0","53.76","33.5"
"68","000","00","012","1203","0000","605","484","121","34","639","1407","0","45.42","34.4"
"68","000","00","012","1203","1105","605","484","121","34","639","1407","0","45.42","34.4"
"68","000","00","012","1204","0000","831","637","194","38","869","1692","0","51.36","37.65"
"68","000","00","012","1204","1106","831","637","194","38","869","1692","0","51.36","37.65"
"68","000","00","012","1205","0000","462","352","110","41","503","892","0","56.39","39.46"
"68","000","00","012","1205","1109","462","352","110","41","503","892","0","56.39","39.46"
"68","000","00","012","1206","0000","1006","787","219","44","1050","2070","0","50.72","38.02"
"68","000","00","012","1206","1107","617","484","133","25","642","1279","0","50.2","37.84"
"68","000","00","012","1206","1108","389","303","86","19","408","791","0","51.58","38.31"
"68","000","00","012","1207","0000","507","398","109","25","532","886","0","60.05","44.92"
"68","000","00","012","1207","1110","507","398","109","25","532","886","0","60.05","44.92"
"68","000","00","012","1208","0000","355","273","82","40","395","712","0","55.48","38.34"
"68","000","00","012","1208","1111","355","273","82","40","395","712","0","55.48","38.34"
"68","000","00","012","1209","0000","703","507","196","110","813","1609","0","50.53","31.51"
"68","000","00","012","1209","1112","703","507","196","110","813","1609","0","50.53","31.51"
"68","000","00","012","1210","0000","1200","920","280","82","1282","2625","0","48.84","35.05"
"68","000","00","012","1210","1113","648","489","159","57","705","1274","0","55.34","38.38"
"68","000","00","012","1210","1114","552","431","121","25","577","1351","0","42.71","31.9"
"68","000","00","012","1211","0000","1307","996","311","131","1438","2504","0","57.43","39.78"
"68","000","00","012","1211","1115","673","522","151","55","728","1262","0","57.69","41.36"
"68","000","00","012","1211","1116","634","474","160","76","710","1242","0","57.17","38.16"
"68","000","00","012","1212","0000","1457","1108","349","125","1582","3074","0","51.46","36.04"
"68","000","00","012","1212","1117","695","525","170","71","766","1461","0","52.43","35.93"
"68","000","00","012","1212","1118","762","583","179","54","816","1613","0","50.59","36.14"
"68","000","00","012","1213","0000","735","550","185","59","794","1479","0","53.68","37.19"
"68","000","00","012","1213","1119","735","550","185","59","794","1479","0","53.68","37.19"
"68","000","00","012","1214","0000","2163","1549","614","160","2323","4760","0","48.8","32.54"
"68","000","00","012","1214","1120","683","494","189","55","738","1552","0","47.55","31.83"
"68","000","00","012","1214","1121","715","494","221","34","749","1517","0","49.37","32.56"
"68","000","00","012","1214","1122","765","561","204","71","836","1691","0","49.44","33.18"
"68","000","00","012","1215","0000","1866","1447","419","114","1980","3762","0","52.63","38.46"
"68","000","00","012","1215","1123","608","471","137","23","631","1157","0","54.54","40.71"
"68","000","00","012","1215","1124","685","516","169","55","740","1455","0","50.86","35.46"
"68","000","00","012","1215","1125","573","460","113","36","609","1150","0","52.96","40.0"
"68","000","00","012","1216","0000","1172","1004","168","60","1232","2363","0","52.14","42.49"
"68","000","00","012","1216","1126","587","444","143","39","626","1112","0","56.29","39.93"
"68","000","00","012","1216","1127","585","560","25","21","606","1251","0","48.44","44.76"
"68","000","00","012","1217","0000","1375","1043","332","193","1568","2939","0","53.35","35.49"
"68","000","00","012","1217","1128","686","541","145","97","783","1446","0","54.15","37.41"
"68","000","00","012","1217","1129","689","502","187","96","785","1493","0","52.58","33.62"
"68","000","00","012","1218","0000","1258","968","290","99","1357","2476","0","54.81","39.1"
"68","000","00","012","1218","1130","638","487","151","64","702","1339","0","52.43","36.37"
"68","000","00","012","1218","1131","620","481","139","35","655","1137","0","57.61","42.3"
"68","000","00","012","1219","0000","476","372","104","48","524","1043","0","50.24","35.67"
"68","000","00","012","1219","1132","476","372","104","48","524","1043","0","50.24","35.67"
"68","000","00","012","1220","0000","870","623","247","70","940","1968","0","47.76","31.66"
"68","000","00","012","1220","1133","417","312","105","42","459","993","0","46.22","31.42"
"68","000","00","012","1220","1134","453","311","142","28","481","975","0","49.33","31.9"
"68","000","00","012","1221","0000","819","624","195","43","862","2029","0","42.48","30.75"
"68","000","00","012","1221","1135","819","624","195","43","862","2029","0","42.48","30.75"
"68","000","00","012","1222","0000","1387","1075","312","107","1494","3802","0","39.3","28.27"
"68","000","00","012","1222","1139","748","595","153","61","809","1870","0","43.26","31.82"
"68","000","00","012","1222","1140","639","480","159","46","685","1932","0","35.46","24.84"
"68","000","00","012","1223","0000","738","572","166","33","771","1884","0","40.92","30.36"
"68","000","00","012","1223","1141","348","261","87","14","362","899","0","40.27","29.03"
"68","000","00","012","1223","1142","390","311","79","19","409","985","0","41.52","31.57"
"68","000","00","012","1224","0000","2617","1996","621","134","2751","5443","0","50.54","36.67"
"68","000","00","012","1224","1136","899","678","221","41","940","1765","0","53.26","38.41"
"68","000","00","012","1224","1137","865","668","197","51","916","1809","0","50.64","36.93"
"68","000","00","012","1224","1138","853","650","203","42","895","1869","0","47.89","34.78"
"68","000","00","013","0000","0000","4528","3560","968","402","4930","9766","11997","50.48","36.45"
"68","000","00","013","1301","0000","985","752","233","106","1091","1991","0","54.8","37.77"
"68","000","00","013","1301","0581","985","752","233","106","1091","1991","0","54.8","37.77"
"68","000","00","013","1302","0000","699","553","146","84","783","1392","0","56.25","39.73"
"68","000","00","013","1302","0582","699","553","146","84","783","1392","0","56.25","39.73"
"68","000","00","013","1303","0000","318","255","63","23","341","716","0","47.63","35.61"
"68","000","00","013","1303","0584","318","255","63","23","341","716","0","47.63","35.61"
"68","000","00","013","1304","0000","277","221","56","16","293","564","0","51.95","39.18"
"68","000","00","013","1304","0583","277","221","56","16","293","564","0","51.95","39.18"
"68","000","00","013","1305","0000","246","191","55","17","263","669","0","39.31","28.55"
"68","000","00","013","1305","0586","246","191","55","17","263","669","0","39.31","28.55"
"68","000","00","013","1306","0000","222","179","43","10","232","683","0","33.97","26.21"
"68","000","00","013","1306","0589","222","179","43","10","232","683","0","33.97","26.21"
"68","000","00","013","1307","0000","327","264","63","25","352","760","0","46.32","34.74"
"68","000","00","013","1307","0587","327","264","63","25","352","760","0","46.32","34.74"
"68","000","00","013","1308","0000","551","431","120","41","592","1224","0","48.37","35.21"
"68","000","00","013","1308","0590","551","431","120","41","592","1224","0","48.37","35.21"
"68","000","00","013","1309","0000","564","445","119","62","626","1016","0","61.61","43.8"
"68","000","00","013","1309","0585","564","445","119","62","626","1016","0","61.61","43.8"
"68","000","00","013","1310","0000","339","269","70","18","357","751","0","47.54","35.82"
"68","000","00","013","1310","0588","339","269","70","18","357","751","0","47.54","35.82"
"66","000","00","000","0000","0000","1224785","950822","273963","93034","1317819","2295642","2799254","57.41","41.42"
"66","000","00","001","0000","0000","7473","5704","1769","656","8129","14696","18557","55.31","38.81"
"66","000","00","001","0101","0000","796","569","227","56","852","1531","0","55.65","37.17"
"66","000","00","001","0101","1071","796","569","227","56","852","1531","0","55.65","37.17"
"66","000","00","001","0102","0000","1078","791","287","103","1181","2046","0","57.72","38.66"
"66","000","00","001","0102","1075","621","455","166","65","686","1191","0","57.6","38.2"
"66","000","00","001","0102","1076","457","336","121","38","495","855","0","57.89","39.3"
"66","000","00","001","0103","0000","919","669","250","93","1012","1652","0","61.26","40.5"
"66","000","00","001","0103","1070","919","669","250","93","1012","1652","0","61.26","40.5"
"66","000","00","001","0104","0000","738","537","201","54","792","1431","0","55.35","37.53"
"66","000","00","001","0104","1072","738","537","201","54","792","1431","0","55.35","37.53"
"66","000","00","001","0105","0000","1045","818","227","114","1159","2042","0","56.76","40.06"
"66","000","00","001","0105","1073","555","429","126","59","614","1060","0","57.92","40.47"
"66","000","00","001","0105","1074","490","389","101","55","545","982","0","55.5","39.61"
"66","000","00","001","0106","0000","862","684","178","70","932","1840","0","50.65","37.17"
"66","000","00","001","0106","1077","485","380","105","47","532","1135","0","46.87","33.48"
"66","000","00","001","0106","1078","377","304","73","23","400","705","0","56.74","43.12"
"66","000","00","001","0107","0000","1197","894","303","124","1321","2313","0","57.11","38.65"
"66","000","00","001","0107","1079","568","429","139","35","603","1009","0","59.76","42.52"
"66","000","00","001","0107","1080","629","465","164","89","718","1304","0","55.06","35.66"
"66","000","00","001","0108","0000","838","742","96","42","880","1841","0","47.8","40.3"
"66","000","00","001","0108","1081","838","742","96","42","880","1841","0","47.8","40.3"
"66","000","00","002","0000","0000","34594","26338","8256","2732","37326","64291","76070","58.06","40.97"
"66","000","00","002","0201","0000","1405","1065","340","103","1508","2999","0","50.28","35.51"
"66","000","00","002","0201","1148","399","291","108","31","430","1138","0","37.79","25.57"
"66","000","00","002","0201","1149","529","412","117","29","558","984","0","56.71","41.87"
"66","000","00","002","0201","1150","477","362","115","43","520","877","0","59.29","41.28"
"66","000","00","002","0202","0000","1748","1297","451","192","1940","3129","0","62.0","41.45"
"66","000","00","002","0202","1151","629","464","165","55","684","1070","0","63.93","43.36"
"66","000","00","002","0202","1152","613","443","170","66","679","1106","0","61.39","40.05"
"66","000","00","002","0202","1153","506","390","116","71","577","953","0","60.55","40.92"
"66","000","00","002","0203","0000","1929","1436","493","132","2061","3636","0","56.68","39.49"
"66","000","00","002","0203","1154","662","507","155","29","691","1195","0","57.82","42.43"
"66","000","00","002","0203","1155","660","515","145","44","704","1251","0","56.27","41.17"
"66","000","00","002","0203","1156","607","414","193","59","666","1190","0","55.97","34.79"
"66","000","00","002","0204","0000","1550","1159","391","110","1660","2837","0","58.51","40.85"
"66","000","00","002","0204","1157","737","577","160","49","786","1394","0","56.38","41.39"
"66","000","00","002","0204","1158","813","582","231","61","874","1443","0","60.57","40.33"
"66","000","00","002","0205","0000","1121","839","282","105","1226","1966","0","62.36","42.68"
"66","000","00","002","0205","1161","669","475","194","77","746","1211","0","61.6","39.22"
"66","000","00","002","0205","1162","452","364","88","28","480","755","0","63.58","48.21"
"66","000","00","002","0206","0000","1073","794","279","86","1159","1902","0","60.94","41.75"
"66","000","00","002","0206","1159","401","290","111","35","436","762","0","57.22","38.06"
"66","000","00","002","0206","1160","672","504","168","51","723","1140","0","63.42","44.21"
"66","000","00","002","0207","0000","1256","935","321","112","1368","2491","0","54.92","37.54"
"66","000","00","002","0207","1163","759","570","189","79","838","1491","0","56.2","38.23"
"66","000","00","002","0207","1164","497","365","132","33","530","1000","0","53.0","36.5"
"66","000","00","002","0208","0000","1184","875","309","112","1296","2215","0","58.51","39.5"
"66","000","00","002","0208","1165","612","438","174","64","676","1114","0","60.68","39.32"
"66","000","00","002","0208","1166","572","437","135","48","620","1101","0","56.31","39.69"
"66","000","00","002","0209","0000","3642","2712","930","313","3955","6563","0","60.26","41.32"
"66","000","00","002","0209","1167","671","486","185","82","753","1169","0","64.41","41.57"
"66","000","00","002","0209","1168","720","542","178","82","802","1283","0","62.51","42.24"
"66","000","00","002","0209","1169","690","517","173","45","735","1168","0","62.93","44.26"
"66","000","00","002","0209","1170","708","524","184","40","748","1386","0","53.97","37.81"
"66","000","00","002","0209","1171","853","643","210","64","917","1557","0","58.9","41.3"
"66","000","00","002","0210","0000","2579","1908","671","195","2774","4658","0","59.55","40.96"
"66","000","00","002","0210","1172","738","534","204","77","815","1380","0","59.06","38.7"
"66","000","00","002","0210","1173","899","658","241","65","964","1674","0","57.59","39.31"
"66","000","00","002","0210","1174","942","716","226","53","995","1604","0","62.03","44.64"
"66","000","00","002","0211","0000","2155","1688","467","143","2298","3743","0","61.39","45.1"
"66","000","00","002","0211","1179","710","580","130","40","750","1252","0","59.9","46.33"
"66","000","00","002","0211","1180","741","557","184","48","789","1250","0","63.12","44.56"
"66","000","00","002","0211","1181","704","551","153","55","759","1241","0","61.16","44.4"
"66","000","00","002","0212","0000","1320","1010","310","120","1440","2606","0","55.26","38.76"
"66","000","00","002","0212","1182","652","494","158","55","707","1318","0","53.64","37.48"
"66","000","00","002","0212","1183","668","516","152","65","733","1288","0","56.91","40.06"
"66","000","00","002","0213","0000","2252","1812","440","211","2463","4096","0","60.13","44.24"
"66","000","00","002","0213","1184","804","635","169","88","892","1442","0","61.86","44.04"
"66","000","00","002","0213","1185","651","508","143","63","714","1202","0","59.4","42.26"
"66","000","00","002","0213","1186","797","669","128","60","857","1452","0","59.02","46.07"
"66","000","00","002","0214","0000","816","674","142","65","881","1693","0","52.04","39.81"
"66","000","00","002","0214","1190","816","674","142","65","881","1693","0","52.04","39.81"
"66","000","00","002","0215","0000","2159","1739","420","147","2306","4083","0","56.48","42.59"
"66","000","00","002","0215","1187","784","608","176","44","828","1480","0","55.95","41.08"
"66","000","00","002","0215","1188","932","800","132","51","983","1736","0","56.62","46.08"
"66","000","00","002","0215","1189","443","331","112","52","495","867","0","57.09","38.18"
"66","000","00","002","0216","0000","4741","3573","1168","398","5139","8717","0","58.95","40.99"
"66","000","00","002","0216","1191","857","669","188","78","935","1538","0","60.79","43.5"
"66","000","00","002","0216","1192","890","624","266","110","1000","1593","0","62.77","39.17"
"66","000","00","002","0216","1193","774","604","170","36","810","1481","0","54.69","40.78"
"66","000","00","002","0216","1194","805","634","171","50","855","1414","0","60.47","44.84"
"66","000","00","002","0216","1195","663","497","166","44","707","1297","0","54.51","38.32"
"66","000","00","002","0216","1196","752","545","207","80","832","1394","0","59.68","39.1"
"66","000","00","002","0217","0000","3664","2822","842","188","3852","6957","0","55.37","40.56"
"66","000","00","002","0217","1175","1030","792","238","60","1090","1815","0","60.06","43.64"
"66","000","00","002","0217","1176","872","670","202","65","937","1700","0","55.12","39.41"
"66","000","00","002","0217","1177","854","652","202","53","907","1592","0","56.97","40.95"
"66","000","00","002","0217","1178","908","708","200","10","918","1850","0","49.62","38.27"
"66","000","00","003","0000","0000","58902","45430","13472","4366","63268","103643","125726","61.04","43.83"
"66","000","00","003","0301","0000","1997","1496","501","227","2224","3607","0","61.66","41.47"
"66","000","00","003","0301","1201","629","467","162","85","714","1130","0","63.19","41.33"
"66","000","00","003","0301","1202","710","538","172","73","783","1239","0","63.2","43.42"
"66","000","00","003","0301","1203","658","491","167","69","727","1238","0","58.72","39.66"
"66","000","00","003","0302","0000","2147","1556","591","210","2357","3862","0","61.03","40.29"
"66","000","00","003","0302","1204","720","516","204","67","787","1272","0","61.87","40.57"
"66","000","00","003","0302","1205","704","519","185","61","765","1273","0","60.09","40.77"
"66","000","00","003","0302","1206","723","521","202","82","805","1317","0","61.12","39.56"
"66","000","00","003","0303","0000","2091","1589","502","167","2258","3476","0","64.96","45.71"
"66","000","00","003","0303","1207","741","575","166","47","788","1160","0","67.93","49.57"
"66","000","00","003","0303","1208","716","539","177","70","786","1205","0","65.23","44.73"
"66","000","00","003","0303","1209","634","475","159","50","684","1111","0","61.57","42.75"
"66","000","00","003","0304","0000","1656","1276","380","120","1776","2826","0","62.85","45.15"
"66","000","00","003","0304","1210","858","659","199","65","923","1407","0","65.6","46.84"
"66","000","00","003","0304","1211","798","617","181","55","853","1419","0","60.11","43.48"
"66","000","00","003","0305","0000","1418","1079","339","116","1534","2572","0","59.64","41.95"
"66","000","00","003","0305","1212","665","503","162","71","736","1157","0","63.61","43.47"
"66","000","00","003","0305","1213","753","576","177","45","798","1415","0","56.4","40.71"
"66","000","00","003","0306","0000","1573","1190","383","144","1717","2743","0","62.6","43.38"
"66","000","00","003","0306","1214","770","578","192","77","847","1289","0","65.71","44.84"
"66","000","00","003","0306","1215","803","612","191","67","870","1454","0","59.83","42.09"
"66","000","00","003","0307","0000","2383","1871","512","158","2541","4315","0","58.89","43.36"
"66","000","00","003","0307","1216","793","641","152","69","862","1491","0","57.81","42.99"
"66","000","00","003","0307","1217","787","627","160","38","825","1394","0","59.18","44.98"
"66","000","00","003","0307","1218","803","603","200","51","854","1430","0","59.72","42.17"
"66","000","00","003","0308","0000","2223","1699","524","241","2464","3836","0","64.23","44.29"
"66","000","00","003","0308","1219","744","564","180","93","837","1342","0","62.37","42.03"
"66","000","00","003","0308","1220","779","587","192","103","882","1304","0","67.64","45.02"
"66","000","00","003","0308","1221","700","548","152","45","745","1190","0","62.61","46.05"
"66","000","00","003","0309","0000","3010","2359","651","276","3286","5320","0","61.77","44.34"
"66","000","00","003","0309","1222","682","568","114","71","753","1273","0","59.15","44.62"
"66","000","00","003","0309","1223","827","650","177","77","904","1387","0","65.18","46.86"
"66","000","00","003","0309","1224","755","562","193","59","814","1356","0","60.03","41.45"
"66","000","00","003","0309","1225","746","579","167","69","815","1304","0","62.5","44.4"
"66","000","00","003","0310","0000","2116","1612","504","157","2273","3842","0","59.16","41.96"
"66","000","00","003","0310","1230","736","549","187","63","799","1308","0","61.09","41.97"
"66","000","00","003","0310","1231","687","545","142","47","734","1250","0","58.72","43.6"
"66","000","00","003","0310","1232","693","518","175","47","740","1284","0","57.63","40.34"
"66","000","00","003","0311","0000","4476","3576","900","266","4742","7672","0","61.81","46.61"
"66","000","00","003","0311","1240","984","765","219","58","1042","1643","0","63.42","46.56"
"66","000","00","003","0311","1241","834","622","212","47","881","1423","0","61.91","43.71"
"66","000","00","003","0311","1242","869","681","188","44","913","1542","0","59.21","44.16"
"66","000","00","003","0311","1243","878","800","78","39","917","1533","0","59.82","52.19"
"66","000","00","003","0311","1244","911","708","203","78","989","1531","0","64.6","46.24"
"66","000","00","003","0312","0000","6001","4696","1305","370","6371","10764","0","59.19","43.63"
"66","000","00","003","0312","1248","919","703","216","59","978","1799","0","54.36","39.08"
"66","000","00","003","0312","1249","1023","821","202","62","1085","1708","0","63.52","48.07"
"66","000","00","003","0312","1250","915","708","207","65","980","1700","0","57.65","41.65"
"66","000","00","003","0312","1251","1023","822","201","52","1075","1751","0","61.39","46.94"
"66","000","00","003","0312","1252","1182","927","255","69","1251","2109","0","59.32","43.95"
"66","000","00","003","0312","1253","939","715","224","63","1002","1697","0","59.05","42.13"
"66","000","00","003","0313","0000","4786","3731","1055","298","5084","7918","0","64.21","47.12"
"66","000","00","003","0313","1258","741","576","165","46","787","1274","0","61.77","45.21"
"66","000","00","003","0313","1259","871","675","196","48","919","1390","0","66.12","48.56"
"66","000","00","003","0313","1260","774","560","214","45","819","1295","0","63.24","43.24"
"66","000","00","003","0313","1261","737","582","155","68","805","1312","0","61.36","44.36"
"66","000","00","003","0313","1262","856","692","164","45","901","1417","0","63.59","48.84"
"66","000","00","003","0313","1263","807","646","161","46","853","1230","0","69.35","52.52"
"66","000","00","003","0314","0000","2302","1790","512","211","2513","4174","0","60.21","42.88"
"66","000","00","003","0314","1264","723","557","166","58","781","1308","0","59.71","42.58"
"66","000","00","003","0314","1265","794","595","199","81","875","1467","0","59.65","40.56"
"66","000","00","003","0314","1266","785","638","147","72","857","1399","0","61.26","45.6"
"66","000","00","003","0315","0000","1128","835","293","100","1228","1938","0","63.36","43.09"
"66","000","00","003","0315","1197","528","386","142","44","572","937","0","61.05","41.2"
"66","000","00","003","0315","1198","600","449","151","56","656","1001","0","65.53","44.86"
"66","000","00","003","0316","0000","1519","1132","387","121","1640","2451","0","66.91","46.19"
"66","000","00","003","0316","1199","756","570","186","66","822","1249","0","65.81","45.64"
"66","000","00","003","0316","1200","763","562","201","55","818","1202","0","68.05","46.76"
"66","000","00","003","0317","0000","3181","2418","763","188","3369","5388","0","62.53","44.88"
"66","000","00","003","0317","1226","757","579","178","29","786","1256","0","62.58","46.1"
"66","000","00","003","0317","1227","830","629","201","38","868","1364","0","63.64","46.11"
"66","000","00","003","0317","1228","764","558","206","82","846","1361","0","62.16","41.0"
"66","000","00","003","0317","1229","830","652","178","39","869","1407","0","61.76","46.34"
"66","000","00","003","0318","0000","2061","1534","527","179","2240","3501","0","63.98","43.82"
"66","000","00","003","0318","1233","680","509","171","74","754","1175","0","64.17","43.32"
"66","000","00","003","0318","1234","717","523","194","52","769","1158","0","66.41","45.16"
"66","000","00","003","0318","1235","664","502","162","53","717","1168","0","61.39","42.98"
"66","000","00","003","0319","0000","3646","2864","782","210","3856","7241","0","53.25","39.55"
"66","000","00","003","0319","1236","977","767","210","58","1035","1626","0","63.65","47.17"
"66","000","00","003","0319","1237","831","619","212","46","877","2115","0","41.47","29.27"
"66","000","00","003","0319","1238","946","769","177","53","999","1805","0","55.35","42.6"
"66","000","00","003","0319","1239","892","709","183","53","945","1695","0","55.75","41.83"
"66","000","00","003","0320","0000","2397","1854","543","143","2540","4415","0","57.53","41.99"
"66","000","00","003","0320","1245","707","536","171","37","744","1392","0","53.45","38.51"
"66","000","00","003","0320","1246","853","671","182","50","903","1592","0","56.72","42.15"
"66","000","00","003","0320","1247","837","647","190","56","893","1431","0","62.4","45.21"
"66","000","00","003","0321","0000","3798","2947","851","265","4063","6474","0","62.76","45.52"
"66","000","00","003","0321","1254","807","635","172","57","864","1456","0","59.34","43.61"
"66","000","00","003","0321","1255","1088","831","257","58","1146","1726","0","66.4","48.15"
"66","000","00","003","0321","1256","998","779","219","84","1082","1723","0","62.8","45.21"
"66","000","00","003","0321","1257","905","702","203","66","971","1569","0","61.89","44.74"
"66","000","00","003","0322","0000","2993","2326","667","199","3192","5308","0","60.14","43.82"
"66","000","00","003","0322","1267","664","503","161","68","732","1207","0","60.65","41.67"
"66","000","00","003","0322","1268","721","571","150","52","773","1317","0","58.69","43.36"
"66","000","00","003","0322","1269","868","652","216","47","915","1563","0","58.54","41.71"
"66","000","00","003","0322","1270","740","600","140","32","772","1221","0","63.23","49.14"
"66","000","00","004","0000","0000","51490","39299","12191","3481","54971","95040","115551","57.84","41.35"
"66","000","00","004","0401","0000","1074","800","274","76","1150","1798","0","63.96","44.49"
"66","000","00","004","0401","1085","591","432","159","46","637","1020","0","62.45","42.35"
"66","000","00","004","0401","1086","483","368","115","30","513","778","0","65.94","47.3"
"66","000","00","004","0402","0000","796","623","173","43","839","1416","0","59.25","44.0"
"66","000","00","004","0402","1084","796","623","173","43","839","1416","0","59.25","44.0"
"66","000","00","004","0403","0000","995","780","215","60","1055","2261","0","46.66","34.5"
"66","000","00","004","0403","1082","470","387","83","41","511","1400","0","36.5","27.64"
"66","000","00","004","0403","1083","525","393","132","19","544","861","0","63.18","45.64"
"66","000","00","004","0404","0000","1285","1035","250","103","1388","2295","0","60.48","45.1"
"66","000","00","004","0404","1090","654","567","87","50","704","1251","0","56.27","45.32"
"66","000","00","004","0404","1091","631","468","163","53","684","1044","0","65.52","44.83"
"66","000","00","004","0405","0000","759","596","163","41","800","1465","0","54.61","40.68"
"66","000","00","004","0405","1087","759","596","163","41","800","1465","0","54.61","40.68"
"66","000","00","004","0406","0000","1063","815","248","62","1125","1885","0","59.68","43.24"
"66","000","00","004","0406","1088","562","427","135","25","587","1017","0","57.72","41.99"
"66","000","00","004","0406","1089","501","388","113","37","538","868","0","61.98","44.7"
"66","000","00","004","0407","0000","2618","1994","624","188","2806","4791","0","58.57","41.62"
"66","000","00","004","0407","1092","808","611","197","40","848","1487","0","57.03","41.09"
"66","000","00","004","0407","1093","835","635","200","71","906","1573","0","57.6","40.37"
"66","000","00","004","0407","1094","975","748","227","77","1052","1731","0","60.77","43.21"
"66","000","00","004","0408","0000","2207","1697","510","130","2337","3948","0","59.19","42.98"
"66","000","00","004","0408","1095","686","512","174","35","721","1209","0","59.64","42.35"
"66","000","00","004","0408","1096","838","655","183","50","888","1564","0","56.78","41.88"
"66","000","00","004","0408","1097","683","530","153","45","728","1175","0","61.96","45.11"
"66","000","00","004","0409","0000","2960","2200","760","154","3114","5680","0","54.82","38.73"
"66","000","00","004","0409","1098","805","604","201","33","838","1505","0","55.68","40.13"
"66","000","00","004","0409","1099","799","604","195","49","848","1418","0","59.8","42.6"
"66","000","00","004","0409","1100","655","507","148","17","672","1497","0","44.89","33.87"
"66","000","00","004","0409","1101","701","485","216","55","756","1260","0","60.0","38.49"
"66","000","00","004","0410","0000","1201","871","330","118","1319","2330","0","56.61","37.38"
"66","000","00","004","0410","1116","579","439","140","76","655","1129","0","58.02","38.88"
"66","000","00","004","0410","1117","622","432","190","42","664","1201","0","55.29","35.97"
"66","000","00","004","0411","0000","1649","1289","360","121","1770","3196","0","55.38","40.33"
"66","000","00","004","0411","1114","886","704","182","76","962","1822","0","52.8","38.64"
"66","000","00","004","0411","1115","763","585","178","45","808","1374","0","58.81","42.58"
"66","000","00","004","0412","0000","1857","1402","455","155","2012","3502","0","57.45","40.03"
"66","000","00","004","0412","1118","851","653","198","72","923","1639","0","56.31","39.84"
"66","000","00","004","0412","1119","1006","749","257","83","1089","1863","0","58.45","40.2"
"66","000","00","004","0413","0000","1556","1182","374","119","1675","2846","0","58.85","41.53"
"66","000","00","004","0413","1102","781","589","192","67","848","1399","0","60.61","42.1"
"66","000","00","004","0413","1103","775","593","182","52","827","1447","0","57.15","40.98"
"66","000","00","004","0414","0000","3523","2755","768","247","3770","6488","0","58.11","42.46"
"66","000","00","004","0414","1104","915","700","215","67","982","1683","0","58.35","41.59"
"66","000","00","004","0414","1105","890","697","193","63","953","1585","0","60.13","43.97"
"66","000","00","004","0414","1106","883","695","188","48","931","1557","0","59.79","44.64"
"66","000","00","004","0414","1107","835","663","172","69","904","1663","0","54.36","39.87"
"66","000","00","004","0415","0000","3132","2394","738","213","3345","5656","0","59.14","42.33"
"66","000","00","004","0415","1122","703","522","181","58","761","1308","0","58.18","39.91"
"66","000","00","004","0415","1123","773","602","171","68","841","1433","0","58.69","42.01"
"66","000","00","004","0415","1124","778","585","193","37","815","1450","0","56.21","40.34"
"66","000","00","004","0415","1125","878","685","193","50","928","1465","0","63.34","46.76"
"66","000","00","004","0416","0000","2966","2267","699","194","3160","5663","0","55.8","40.03"
"66","000","00","004","0416","1140","636","491","145","41","677","1139","0","59.44","43.11"
"66","000","00","004","0416","1141","618","482","136","56","674","1105","0","61.0","43.62"
"66","000","00","004","0416","1142","808","616","192","57","865","1498","0","57.74","41.12"
"66","000","00","004","0416","1143","904","678","226","40","944","1921","0","49.14","35.29"
"66","000","00","004","0417","0000","3439","2648","791","217","3656","6075","0","60.18","43.59"
"66","000","00","004","0417","1133","913","716","197","50","963","1613","0","59.7","44.39"
"66","000","00","004","0417","1134","785","605","180","62","847","1454","0","58.25","41.61"
"66","000","00","004","0417","1135","900","660","240","53","953","1597","0","59.67","41.33"
"66","000","00","004","0417","1136","841","667","174","52","893","1411","0","63.29","47.27"
"66","000","00","004","0418","0000","2903","2151","752","178","3081","5581","0","55.21","38.54"
"66","000","00","004","0418","1108","1053","776","277","67","1120","1921","0","58.3","40.4"
"66","000","00","004","0418","1109","959","712","247","57","1016","1952","0","52.05","36.48"
"66","000","00","004","0418","1110","891","663","228","54","945","1708","0","55.33","38.82"
"66","000","00","004","0419","0000","3165","2388","777","233","3398","5667","0","59.96","42.14"
"66","000","00","004","0419","1144","709","523","186","68","777","1340","0","57.99","39.03"
"66","000","00","004","0419","1145","891","669","222","43","934","1536","0","60.81","43.55"
"66","000","00","004","0419","1146","717","519","198","81","798","1361","0","58.63","38.13"
"66","000","00","004","0419","1147","848","677","171","41","889","1430","0","62.17","47.34"
"66","000","00","004","0420","0000","1471","1092","379","107","1578","2794","0","56.48","39.08"
"66","000","00","004","0420","1128","799","578","221","55","854","1428","0","59.8","40.48"
"66","000","00","004","0420","1129","672","514","158","52","724","1366","0","53.0","37.63"
"66","000","00","004","0421","0000","1899","1363","536","137","2036","3600","0","56.56","37.86"
"66","000","00","004","0421","1126","925","669","256","74","999","1818","0","54.95","36.8"
"66","000","00","004","0421","1127","974","694","280","63","1037","1782","0","58.19","38.95"
"66","000","00","004","0422","0000","2633","2021","612","196","2829","4803","0","58.9","42.08"
"66","000","00","004","0422","1137","813","623","190","73","886","1493","0","59.34","41.73"
"66","000","00","004","0422","1138","918","716","202","59","977","1600","0","61.06","44.75"
"66","000","00","004","0422","1139","902","682","220","64","966","1710","0","56.49","39.88"
"66","000","00","004","0423","0000","2314","1804","510","149","2463","4187","0","58.82","43.09"
"66","000","00","004","0423","1130","791","611","180","58","849","1498","0","56.68","40.79"
"66","000","00","004","0423","1131","753","593","160","56","809","1350","0","59.93","43.93"
"66","000","00","004","0423","1132","770","600","170","35","805","1339","0","60.12","44.81"
"66","000","00","004","0424","0000","1619","1252","367","115","1734","2791","0","62.13","44.86"
"66","000","00","004","0424","1120","758","601","157","62","820","1287","0","63.71","46.7"
"66","000","00","004","0424","1121","861","651","210","53","914","1504","0","60.77","43.28"
"66","000","00","004","0425","0000","2406","1880","526","125","2531","4322","0","58.56","43.5"
"66","000","00","004","0425","1111","682","532","150","32","714","1131","0","63.13","47.04"
"66","000","00","004","0425","1112","980","787","193","65","1045","1916","0","54.54","41.08"
"66","000","00","004","0425","1113","744","561","183","28","772","1275","0","60.55","44.0"
"66","000","00","005","0000","0000","65117","50598","14519","4179","69296","124621","147528","55.61","40.6"
"66","000","00","005","0501","0000","1041","806","235","74","1115","2047","0","54.47","39.37"
"66","000","00","005","0501","0985","502","399","103","39","541","1051","0","51.47","37.96"
"66","000","00","005","0501","0986","539","407","132","35","574","996","0","57.63","40.86"
"66","000","00","005","0502","0000","1863","1493","370","130","1993","3365","0","59.23","44.37"
"66","000","00","005","0502","0987","834","707","127","30","864","1504","0","57.45","47.01"
"66","000","00","005","0502","0988","548","405","143","59","607","975","0","62.26","41.54"
"66","000","00","005","0502","0989","481","381","100","41","522","886","0","58.92","43.0"
"66","000","00","005","0503","0000","683","520","163","87","770","1404","0","54.84","37.04"
"66","000","00","005","0503","0992","683","520","163","87","770","1404","0","54.84","37.04"
"66","000","00","005","0504","0000","799","655","144","56","855","1532","0","55.81","42.75"
"66","000","00","005","0504","0997","384","319","65","19","403","773","0","52.13","41.27"
"66","000","00","005","0504","0998","415","336","79","37","452","759","0","59.55","44.27"
"66","000","00","005","0505","0000","897","710","187","55","952","1683","0","56.57","42.19"
"66","000","00","005","0505","0995","411","330","81","20","431","704","0","61.22","46.88"
"66","000","00","005","0505","0996","486","380","106","35","521","979","0","53.22","38.82"
"66","000","00","005","0506","0000","1413","1205","208","71","1484","2650","0","56.0","45.47"
"66","000","00","005","0506","0999","813","700","113","50","863","1438","0","60.01","48.68"
"66","000","00","005","0506","1000","600","505","95","21","621","1212","0","51.24","41.67"
"66","000","00","005","0507","0000","1777","1362","415","80","1857","3176","0","58.47","42.88"
"66","000","00","005","0507","1001","933","707","226","40","973","1731","0","56.21","40.84"
"66","000","00","005","0507","1002","844","655","189","40","884","1445","0","61.18","45.33"
"66","000","00","005","0508","0000","2677","2117","560","187","2864","5461","0","52.44","38.77"
"66","000","00","005","0508","1003","966","743","223","56","1022","1855","0","55.09","40.05"
"66","000","00","005","0508","1004","802","653","149","69","871","1728","0","50.41","37.79"
"66","000","00","005","0508","1005","909","721","188","62","971","1878","0","51.7","38.39"
"66","000","00","005","0509","0000","1631","1313","318","85","1716","3340","0","51.38","39.31"
"66","000","00","005","0509","1008","812","648","164","44","856","1761","0","48.61","36.8"
"66","000","00","005","0509","1009","819","665","154","41","860","1579","0","54.46","42.12"
"66","000","00","005","0510","0000","1379","1093","286","90","1469","2482","0","59.19","44.04"
"66","000","00","005","0510","1012","789","623","166","62","851","1476","0","57.66","42.21"
"66","000","00","005","0510","1013","590","470","120","28","618","1006","0","61.43","46.72"
"66","000","00","005","0511","0000","2263","1757","506","139","2402","4309","0","55.74","40.78"
"66","000","00","005","0511","1014","760","590","170","50","810","1403","0","57.73","42.05"
"66","000","00","005","0511","1015","743","585","158","32","775","1446","0","53.6","40.46"
"66","000","00","005","0511","1016","760","582","178","57","817","1460","0","55.96","39.86"
"66","000","00","005","0512","0000","1295","1013","282","62","1357","2260","0","60.04","44.82"
"66","000","00","005","0512","1017","664","526","138","25","689","1233","0","55.88","42.66"
"66","000","00","005","0512","1018","631","487","144","37","668","1027","0","65.04","47.42"
"66","000","00","005","0513","0000","3066","2325","741","192","3258","5590","0","58.28","41.59"
"66","000","00","005","0513","1019","670","511","159","21","691","1207","0","57.25","42.34"
"66","000","00","005","0513","1020","664","514","150","47","711","1167","0","60.93","44.04"
"66","000","00","005","0513","1021","612","465","147","29","641","1150","0","55.74","40.43"
"66","000","00","005","0513","1022","577","419","158","49","626","1061","0","59.0","39.49"
"66","000","00","005","0513","1023","543","416","127","46","589","1005","0","58.61","41.39"
"66","000","00","005","0514","0000","2213","1734","479","165","2378","4077","0","58.33","42.53"
"66","000","00","005","0514","1024","668","515","153","28","696","1250","0","55.68","41.2"
"66","000","00","005","0514","1025","781","614","167","73","854","1448","0","58.98","42.4"
"66","000","00","005","0514","1026","764","605","159","64","828","1379","0","60.04","43.87"
"66","000","00","005","0515","0000","2168","1715","453","122","2290","5070","0","45.17","33.83"
"66","000","00","005","0515","1029","516","407","109","27","543","2078","0","26.13","19.59"
"66","000","00","005","0515","1030","885","695","190","58","943","1562","0","60.37","44.49"
"66","000","00","005","0515","1031","767","613","154","37","804","1430","0","56.22","42.87"
"66","000","00","005","0516","0000","2297","1793","504","113","2410","4440","0","54.28","40.38"
"66","000","00","005","0516","1045","711","559","152","31","742","1461","0","50.79","38.26"
"66","000","00","005","0516","1046","738","568","170","41","779","1310","0","59.47","43.36"
"66","000","00","005","0516","1047","848","666","182","41","889","1669","0","53.27","39.9"
"66","000","00","005","0517","0000","1951","1539","412","93","2044","3614","0","56.56","42.58"
"66","000","00","005","0517","1048","1066","860","206","52","1118","1932","0","57.87","44.51"
"66","000","00","005","0517","1049","885","679","206","41","926","1682","0","55.05","40.37"
"66","000","00","005","0518","0000","2548","1938","610","151","2699","4932","0","54.72","39.29"
"66","000","00","005","0518","1050","952","713","239","36","988","1891","0","52.25","37.7"
"66","000","00","005","0518","1051","976","740","236","84","1060","1882","0","56.32","39.32"
"66","000","00","005","0518","1052","620","485","135","31","651","1159","0","56.17","41.85"
"66","000","00","005","0519","0000","1390","1073","317","141","1531","2613","0","58.59","41.06"
"66","000","00","005","0519","1068","722","547","175","76","798","1346","0","59.29","40.64"
"66","000","00","005","0519","1069","668","526","142","65","733","1267","0","57.85","41.52"
"66","000","00","005","0520","0000","1941","1533","408","154","2095","3752","0","55.84","40.86"
"66","000","00","005","0520","1010","1070","849","221","96","1166","2192","0","53.19","38.73"
"66","000","00","005","0520","1011","871","684","187","58","929","1560","0","59.55","43.85"
"66","000","00","005","0521","0000","3356","2537","819","253","3609","6457","0","55.89","39.29"
"66","000","00","005","0521","1053","814","639","175","49","863","1553","0","55.57","41.15"
"66","000","00","005","0521","1054","816","617","199","63","879","1607","0","54.7","38.39"
"66","000","00","005","0521","1055","919","687","232","68","987","1773","0","55.67","38.75"
"66","000","00","005","0521","1056","807","594","213","73","880","1524","0","57.74","38.98"
"66","000","00","005","0522","0000","2931","2255","676","186","3117","5282","0","59.01","42.69"
"66","000","00","005","0522","1057","935","708","227","68","1003","1613","0","62.18","43.89"
"66","000","00","005","0522","1058","1041","831","210","54","1095","1877","0","58.34","44.27"
"66","000","00","005","0522","1059","955","716","239","64","1019","1792","0","56.86","39.96"
"66","000","00","005","0523","0000","3228","2551","677","178","3406","6037","0","56.42","42.26"
"66","000","00","005","0523","1062","885","657","228","49","934","1556","0","60.03","42.22"
"66","000","00","005","0523","1063","787","587","200","39","826","1497","0","55.18","39.21"
"66","000","00","005","0523","1064","709","635","74","48","757","1550","0","48.84","40.97"
"66","000","00","005","0523","1065","847","672","175","42","889","1434","0","61.99","46.86"
"66","000","00","005","0524","0000","1972","1517","455","124","2096","3734","0","56.13","40.63"
"66","000","00","005","0524","1040","677","514","163","34","711","1243","0","57.2","41.35"
"66","000","00","005","0524","1041","607","499","108","25","632","1219","0","51.85","40.94"
"66","000","00","005","0524","1042","688","504","184","65","753","1272","0","59.2","39.62"
"66","000","00","005","0525","0000","2053","1621","432","110","2163","3777","0","57.27","42.92"
"66","000","00","005","0525","1034","751","596","155","38","789","1432","0","55.1","41.62"
"66","000","00","005","0525","1035","654","507","147","37","691","1157","0","59.72","43.82"
"66","000","00","005","0525","1036","648","518","130","35","683","1188","0","57.49","43.6"
"66","000","00","005","0526","0000","713","537","176","43","756","1437","0","52.61","37.37"
"66","000","00","005","0526","0983","713","537","176","43","756","1437","0","52.61","37.37"
"66","000","00","005","0527","0000","824","507","317","85","909","1708","0","53.22","29.68"
"66","000","00","005","0527","0984","824","507","317","85","909","1708","0","53.22","29.68"
"66","000","00","005","0528","0000","963","720","243","89","1052","2214","0","47.52","32.52"
"66","000","00","005","0528","0990","519","381","138","50","569","1276","0","44.59","29.86"
"66","000","00","005","0528","0991","444","339","105","39","483","938","0","51.49","36.14"
"66","000","00","005","0529","0000","973","727","246","74","1047","1865","0","56.14","38.98"
"66","000","00","005","0529","0993","534","409","125","20","554","996","0","55.62","41.06"
"66","000","00","005","0529","0994","439","318","121","54","493","869","0","56.73","36.59"
"66","000","00","005","0530","0000","1664","1303","361","166","1830","3348","0","54.66","38.92"
"66","000","00","005","0530","1006","847","653","194","84","931","1793","0","51.92","36.42"
"66","000","00","005","0530","1007","817","650","167","82","899","1555","0","57.81","41.8"
"66","000","00","005","0531","0000","1858","1433","425","113","1971","3519","0","56.01","40.72"
"66","000","00","005","0531","1027","889","687","202","68","957","1652","0","57.93","41.59"
"66","000","00","005","0531","1028","969","746","223","45","1014","1867","0","54.31","39.96"
"66","000","00","005","0532","0000","2279","1786","493","128","2407","4305","0","55.91","41.49"
"66","000","00","005","0532","1037","752","595","157","52","804","1419","0","56.66","41.93"
"66","000","00","005","0532","1038","848","673","175","23","871","1653","0","52.69","40.71"
"66","000","00","005","0532","1039","679","518","161","53","732","1233","0","59.37","42.01"
"66","000","00","005","0533","0000","1444","1109","335","101","1545","2689","0","57.46","41.24"
"66","000","00","005","0533","1060","765","592","173","58","823","1392","0","59.12","42.53"
"66","000","00","005","0533","1061","679","517","162","43","722","1297","0","55.67","39.86"
"66","000","00","005","0534","0000","1957","1527","430","115","2072","3659","0","56.63","41.73"
"66","000","00","005","0534","1066","960","752","208","68","1028","1793","0","57.33","41.94"
"66","000","00","005","0534","1067","997","775","222","47","1044","1866","0","55.95","41.53"
"66","000","00","005","0535","0000","1700","1299","401","70","1770","3065","0","57.75","42.38"
"66","000","00","005","0535","1043","715","553","162","27","742","1285","0","57.74","43.04"
"66","000","00","005","0535","1044","985","746","239","43","1028","1780","0","57.75","41.91"
"66","000","00","005","0536","0000","1910","1475","435","97","2007","3728","0","53.84","39.57"
"66","000","00","005","0536","1032","1100","830","270","54","1154","2018","0","57.19","41.13"
"66","000","00","005","0536","1033","810","645","165","43","853","1710","0","49.88","37.72"
"66","000","00","006","0000","0000","99643","78086","21557","6371","106014","183814","228128","57.67","42.48"
"66","000","00","006","0601","0000","2620","2024","596","166","2786","4749","0","58.66","42.62"
"66","000","00","006","0601","0625","949","725","224","68","1017","1638","0","62.09","44.26"
"66","000","00","006","0601","0626","682","512","170","48","730","1335","0","54.68","38.35"
"66","000","00","006","0601","0627","989","787","202","50","1039","1776","0","58.5","44.31"
"66","000","00","006","0602","0000","2800","2139","661","175","2975","5323","0","55.89","40.18"
"66","000","00","006","0602","0634","898","657","241","68","966","1749","0","55.23","37.56"
"66","000","00","006","0602","0635","1021","821","200","63","1084","1877","0","57.75","43.74"
"66","000","00","006","0602","0636","881","661","220","44","925","1697","0","54.51","38.95"
"66","000","00","006","0603","0000","2600","1982","618","166","2766","5447","0","50.78","36.39"
"66","000","00","006","0603","0637","851","659","192","52","903","1480","0","61.01","44.53"
"66","000","00","006","0603","0638","909","685","224","60","969","1483","0","65.34","46.19"
"66","000","00","006","0603","0639","840","638","202","54","894","2484","0","35.99","25.68"
"66","000","00","006","0604","0000","474","357","117","47","521","781","0","66.71","45.71"
"66","000","00","006","0604","0640","474","357","117","47","521","781","0","66.71","45.71"
"66","000","00","006","0605","0000","7239","5758","1481","387","7626","13148","0","58.0","43.79"
"66","000","00","006","0605","0641","825","645","180","66","891","1477","0","60.32","43.67"
"66","000","00","006","0605","0642","958","759","199","37","995","1784","0","55.77","42.54"
"66","000","00","006","0605","0643","940","768","172","29","969","1686","0","57.47","45.55"
"66","000","00","006","0605","0644","922","720","202","44","966","1692","0","57.09","42.55"
"66","000","00","006","0605","0645","861","723","138","32","893","1659","0","53.83","43.58"
"66","000","00","006","0605","0646","896","721","175","78","974","1648","0","59.1","43.75"
"66","000","00","006","0605","0647","899","695","204","40","939","1536","0","61.13","45.25"
"66","000","00","006","0605","0648","938","727","211","61","999","1666","0","59.96","43.64"
"66","000","00","006","0606","0000","2581","2063","518","150","2731","4812","0","56.75","42.87"
"66","000","00","006","0606","0649","791","631","160","56","847","1428","0","59.31","44.19"
"66","000","00","006","0606","0650","932","749","183","59","991","1810","0","54.75","41.38"
"66","000","00","006","0606","0651","858","683","175","35","893","1574","0","56.73","43.39"
"66","000","00","006","0607","0000","2366","1861","505","151","2517","4314","0","58.34","43.14"
"66","000","00","006","0607","0658","927","719","208","50","977","1714","0","57.0","41.95"
"66","000","00","006","0607","0659","787","629","158","56","843","1424","0","59.2","44.17"
"66","000","00","006","0607","0660","652","513","139","45","697","1176","0","59.27","43.62"
"66","000","00","006","0608","0000","1613","1387","226","81","1694","2739","0","61.85","50.64"
"66","000","00","006","0608","0665","785","679","106","54","839","1355","0","61.92","50.11"
"66","000","00","006","0608","0666","828","708","120","27","855","1384","0","61.78","51.16"
"66","000","00","006","0609","0000","2553","1995","558","181","2734","5068","0","53.95","39.36"
"66","000","00","006","0609","0679","885","691","194","80","965","1699","0","56.8","40.67"
"66","000","00","006","0609","0680","834","646","188","48","882","1715","0","51.43","37.67"
"66","000","00","006","0609","0681","834","658","176","53","887","1654","0","53.63","39.78"
"66","000","00","006","0610","0000","1739","1343","396","127","1866","3175","0","58.77","42.3"
"66","000","00","006","0610","0667","902","706","196","62","964","1613","0","59.76","43.77"
"66","000","00","006","0610","0668","837","637","200","65","902","1562","0","57.75","40.78"
"66","000","00","006","0611","0000","2250","1676","574","155","2405","3774","0","63.73","44.41"
"66","000","00","006","0611","0695","704","511","193","30","734","1221","0","60.11","41.85"
"66","000","00","006","0611","0696","798","600","198","62","860","1252","0","68.69","47.92"
"66","000","00","006","0611","0697","748","565","183","63","811","1301","0","62.34","43.43"
"66","000","00","006","0612","0000","1240","1079","161","95","1335","2162","0","61.75","49.91"
"66","000","00","006","0612","0698","619","532","87","41","660","1049","0","62.92","50.71"
"66","000","00","006","0612","0699","621","547","74","54","675","1113","0","60.65","49.15"
"66","000","00","006","0613","0000","1651","1308","343","111","1762","3197","0","55.11","40.91"
"66","000","00","006","0613","0700","803","663","140","56","859","1557","0","55.17","42.58"
"66","000","00","006","0613","0701","848","645","203","55","903","1640","0","55.06","39.33"
"66","000","00","006","0614","0000","2566","2011","555","234","2800","4807","0","58.25","41.83"
"66","000","00","006","0614","0702","854","655","199","81","935","1402","0","66.69","46.72"
"66","000","00","006","0614","0703","832","669","163","78","910","1717","0","53.0","38.96"
"66","000","00","006","0614","0704","880","687","193","75","955","1688","0","56.58","40.7"
"66","000","00","006","0615","0000","2521","1978","543","205","2726","4904","0","55.59","40.33"
"66","000","00","006","0615","0705","626","472","154","95","721","1168","0","61.73","40.41"
"66","000","00","006","0615","0706","889","697","192","52","941","1729","0","54.42","40.31"
"66","000","00","006","0615","0707","1006","809","197","58","1064","2007","0","53.01","40.31"
"66","000","00","006","0616","0000","1196","949","247","129","1325","2364","0","56.05","40.14"
"66","000","00","006","0616","0708","696","549","147","99","795","1296","0","61.34","42.36"
"66","000","00","006","0616","0709","500","400","100","30","530","1068","0","49.63","37.45"
"66","000","00","006","0617","0000","1717","1384","333","160","1877","3343","0","56.15","41.4"
"66","000","00","006","0617","0710","806","655","151","103","909","1707","0","53.25","38.37"
"66","000","00","006","0617","0711","911","729","182","57","968","1636","0","59.17","44.56"
"66","000","00","006","0618","0000","6244","4993","1251","346","6590","12239","0","53.84","40.8"
"66","000","00","006","0618","0712","693","620","73","48","741","1761","0","42.08","35.21"
"66","000","00","006","0618","0713","716","558","158","49","765","1314","0","58.22","42.47"
"66","000","00","006","0618","0714","745","577","168","42","787","1233","0","63.83","46.8"
"66","000","00","006","0618","0715","791","625","166","52","843","1549","0","54.42","40.35"
"66","000","00","006","0618","0716","837","674","163","35","872","1639","0","53.2","41.12"
"66","000","00","006","0618","0717","753","599","154","60","813","1486","0","54.71","40.31"
"66","000","00","006","0618","0718","949","736","213","31","980","1806","0","54.26","40.75"
"66","000","00","006","0618","0719","760","604","156","29","789","1451","0","54.38","41.63"
"66","000","00","006","0619","0000","1526","1214","312","87","1613","2655","0","60.75","45.73"
"66","000","00","006","0619","0720","735","615","120","35","770","1302","0","59.14","47.24"
"66","000","00","006","0619","0721","791","599","192","52","843","1353","0","62.31","44.27"
"66","000","00","006","0620","0000","2536","1916","620","181","2717","4520","0","60.11","42.39"
"66","000","00","006","0620","0741","612","470","142","57","669","1206","0","55.47","38.97"
"66","000","00","006","0620","0742","633","461","172","50","683","1086","0","62.89","42.45"
"66","000","00","006","0620","0743","646","496","150","39","685","1088","0","62.96","45.59"
"66","000","00","006","0620","0744","645","489","156","35","680","1140","0","59.65","42.89"
"66","000","00","006","0621","0000","3350","2573","777","174","3524","6178","0","57.04","41.65"
"66","000","00","006","0621","0682","860","675","185","25","885","1636","0","54.1","41.26"
"66","000","00","006","0621","0683","679","515","164","33","712","1298","0","54.85","39.68"
"66","000","00","006","0621","0684","786","587","199","49","835","1391","0","60.03","42.2"
"66","000","00","006","0621","0685","1025","796","229","67","1092","1853","0","58.93","42.96"
"66","000","00","006","0622","0000","1923","1495","428","123","2046","3629","0","56.38","41.2"
"66","000","00","006","0622","0686","941","747","194","64","1005","1820","0","55.22","41.04"
"66","000","00","006","0622","0687","982","748","234","59","1041","1809","0","57.55","41.35"
"66","000","00","006","0623","0000","3690","2849","841","228","3918","6663","0","58.8","42.76"
"66","000","00","006","0623","0691","927","694","233","56","983","1674","0","58.72","41.46"
"66","000","00","006","0623","0692","938","712","226","69","1007","1610","0","62.55","44.22"
"66","000","00","006","0623","0693","940","745","195","44","984","1695","0","58.05","43.95"
"66","000","00","006","0623","0694","885","698","187","59","944","1684","0","56.06","41.45"
"66","000","00","006","0624","0000","2515","2003","512","165","2680","4890","0","54.81","40.96"
"66","000","00","006","0624","0631","854","686","168","41","895","1710","0","52.34","40.12"
"66","000","00","006","0624","0632","783","590","193","63","846","1595","0","53.04","36.99"
"66","000","00","006","0624","0633","878","727","151","61","939","1585","0","59.24","45.87"
"66","000","00","006","0625","0000","2403","1858","545","113","2516","4205","0","59.83","44.19"
"66","000","00","006","0625","0672","869","683","186","56","925","1494","0","61.91","45.72"
"66","000","00","006","0625","0673","741","579","162","20","761","1325","0","57.43","43.7"
"66","000","00","006","0625","0674","793","596","197","37","830","1386","0","59.88","43.0"
"66","000","00","006","0626","0000","2366","1827","539","139","2505","4271","0","58.65","42.78"
"66","000","00","006","0626","0628","734","568","166","35","769","1351","0","56.92","42.04"
"66","000","00","006","0626","0629","755","572","183","59","814","1338","0","60.84","42.75"
"66","000","00","006","0626","0630","877","687","190","45","922","1582","0","58.28","43.43"
"66","000","00","006","0627","0000","2653","2050","603","173","2826","4987","0","56.67","41.11"
"66","000","00","006","0627","0652","899","713","186","30","929","1650","0","56.3","43.21"
"66","000","00","006","0627","0653","894","681","213","78","972","1681","0","57.82","40.51"
"66","000","00","006","0627","0654","860","656","204","65","925","1656","0","55.86","39.61"
"66","000","00","006","0628","0000","2401","1929","472","184","2585","4145","0","62.36","46.54"
"66","000","00","006","0628","0655","688","565","123","72","760","1243","0","61.14","45.45"
"66","000","00","006","0628","0656","861","669","192","71","932","1471","0","63.36","45.48"
"66","000","00","006","0628","0657","852","695","157","41","893","1431","0","62.4","48.57"
"66","000","00","006","0629","0000","3090","2471","619","215","3305","5327","0","62.04","46.39"
"66","000","00","006","0629","0661","815","640","175","67","882","1456","0","60.58","43.96"
"66","000","00","006","0629","0662","856","699","157","51","907","1451","0","62.51","48.17"
"66","000","00","006","0629","0663","652","537","115","40","692","1063","0","65.1","50.52"
"66","000","00","006","0629","0664","767","595","172","57","824","1357","0","60.72","43.85"
"66","000","00","006","0630","0000","2018","1505","513","168","2186","3585","0","60.98","41.98"
"66","000","00","006","0630","0669","720","543","177","71","791","1219","0","64.89","44.54"
"66","000","00","006","0630","0670","672","494","178","44","716","1235","0","57.98","40.0"
"66","000","00","006","0630","0671","626","468","158","53","679","1131","0","60.04","41.38"
"66","000","00","006","0631","0000","3786","2971","815","270","4056","7145","0","56.77","41.58"
"66","000","00","006","0631","0675","996","766","230","75","1071","1816","0","58.98","42.18"
"66","000","00","006","0631","0676","880","699","181","49","929","1734","0","53.58","40.31"
"66","000","00","006","0631","0677","998","782","216","71","1069","1777","0","60.16","44.01"
"66","000","00","006","0631","0678","912","724","188","75","987","1818","0","54.29","39.82"
"66","000","00","006","0632","0000","2478","1922","556","152","2630","4359","0","60.33","44.09"
"66","000","00","006","0632","0688","781","617","164","64","845","1352","0","62.5","45.64"
"66","000","00","006","0632","0689","850","662","188","32","882","1521","0","57.99","43.52"
"66","000","00","006","0632","0690","847","643","204","56","903","1486","0","60.77","43.27"
"66","000","00","006","0633","0000","2428","1811","617","210","2638","4285","0","61.56","42.26"
"66","000","00","006","0633","0733","850","624","226","58","908","1526","0","59.5","40.89"
"66","000","00","006","0633","0734","794","601","193","70","864","1425","0","60.63","42.18"
"66","000","00","006","0633","0735","784","586","198","82","866","1334","0","64.92","43.93"
"66","000","00","006","0634","0000","1773","1379","394","71","1844","3215","0","57.36","42.89"
"66","000","00","006","0634","0736","952","745","207","40","992","1649","0","60.16","45.18"
"66","000","00","006","0634","0737","821","634","187","31","852","1566","0","54.41","40.49"
"66","000","00","006","0635","0000","2714","2133","581","129","2843","4699","0","60.5","45.39"
"66","000","00","006","0635","0738","941","753","188","50","991","1629","0","60.83","46.22"
"66","000","00","006","0635","0739","921","691","230","42","963","1628","0","59.15","42.44"
"66","000","00","006","0635","0740","852","689","163","37","889","1442","0","61.65","47.78"
"66","000","00","006","0636","0000","1468","1156","312","86","1554","3043","0","51.07","37.99"
"66","000","00","006","0636","0731","680","534","146","42","722","1541","0","46.85","34.65"
"66","000","00","006","0636","0732","788","622","166","44","832","1502","0","55.39","41.41"
"66","000","00","006","0637","0000","1543","1226","317","79","1622","2917","0","55.61","42.03"
"66","000","00","006","0637","0729","777","625","152","41","818","1402","0","58.35","44.58"
"66","000","00","006","0637","0730","766","601","165","38","804","1515","0","53.07","39.67"
"66","000","00","006","0638","0000","3963","3088","875","192","4155","7133","0","58.25","43.29"
"66","000","00","006","0638","0725","986","760","226","61","1047","1847","0","56.69","41.15"
"66","000","00","006","0638","0726","968","766","202","39","1007","1738","0","57.94","44.07"
"66","000","00","006","0638","0727","956","757","199","49","1005","1640","0","61.28","46.16"
"66","000","00","006","0638","0728","1053","805","248","43","1096","1908","0","57.44","42.19"
"66","000","00","006","0639","0000","3049","2423","626","166","3215","5617","0","57.24","43.14"
"66","000","00","006","0639","0722","1227","976","251","73","1300","2162","0","60.13","45.14"
"66","000","00","006","0639","0723","810","622","188","58","868","1520","0","57.11","40.92"
"66","000","00","006","0639","0724","1012","825","187","35","1047","1935","0","54.11","42.64"
"66","000","00","007","0000","0000","76114","59274","16840","5177","81291","135448","170160","60.02","43.76"
"66","000","00","007","0701","0000","4777","3697","1080","314","5091","8349","0","60.98","44.28"
"66","000","00","007","0701","0745","732","547","185","75","807","1321","0","61.09","41.41"
"66","000","00","007","0701","0746","769","553","216","66","835","1346","0","62.04","41.08"
"66","000","00","007","0701","0747","783","590","193","72","855","1428","0","59.87","41.32"
"66","000","00","007","0701","0748","788","625","163","40","828","1442","0","57.42","43.34"
"66","000","00","007","0701","0749","875","700","175","32","907","1408","0","64.42","49.72"
"66","000","00","007","0701","0750","830","682","148","29","859","1404","0","61.18","48.58"
"66","000","00","007","0702","0000","6339","4973","1366","415","6754","10909","0","61.91","45.59"
"66","000","00","007","0702","0751","801","631","170","61","862","1354","0","63.66","46.6"
"66","000","00","007","0702","0752","762","581","181","72","834","1332","0","62.61","43.62"
"66","000","00","007","0702","0753","875","674","201","49","924","1463","0","63.16","46.07"
"66","000","00","007","0702","0754","777","695","82","65","842","1413","0","59.59","49.19"
"66","000","00","007","0702","0755","729","549","180","40","769","1218","0","63.14","45.07"
"66","000","00","007","0702","0756","719","558","161","36","755","1308","0","57.72","42.66"
"66","000","00","007","0702","0757","912","697","215","50","962","1527","0","63.0","45.65"
"66","000","00","007","0702","0758","764","588","176","42","806","1294","0","62.29","45.44"
"66","000","00","007","0703","0000","3134","2435","699","263","3397","5848","0","58.09","41.64"
"66","000","00","007","0703","0759","761","593","168","54","815","1516","0","53.76","39.12"
"66","000","00","007","0703","0760","838","650","188","98","936","1529","0","61.22","42.51"
"66","000","00","007","0703","0761","794","611","183","64","858","1397","0","61.42","43.74"
"66","000","00","007","0703","0762","741","581","160","47","788","1406","0","56.05","41.32"
"66","000","00","007","0704","0000","2176","1673","503","182","2358","4409","0","53.48","37.95"
"66","000","00","007","0704","0763","762","596","166","54","816","1497","0","54.51","39.81"
"66","000","00","007","0704","0764","736","572","164","81","817","1424","0","57.37","40.17"
"66","000","00","007","0704","0765","678","505","173","47","725","1488","0","48.72","33.94"
"66","000","00","007","0705","0000","3174","2505","669","210","3384","6387","0","52.98","39.22"
"66","000","00","007","0705","0768","662","507","155","69","731","1190","0","61.43","42.61"
"66","000","00","007","0705","0769","622","494","128","43","665","1174","0","56.64","42.08"
"66","000","00","007","0705","0770","688","536","152","24","712","1224","0","58.17","43.79"
"66","000","00","007","0705","0771","657","528","129","45","702","1466","0","47.89","36.02"
"66","000","00","007","0705","0772","545","440","105","29","574","1333","0","43.06","33.01"
"66","000","00","007","0706","0000","452","352","100","67","519","814","0","63.76","43.24"
"66","000","00","007","0706","0773","452","352","100","67","519","814","0","63.76","43.24"
"66","000","00","007","0707","0000","5166","4068","1098","361","5527","9662","0","57.2","42.1"
"66","000","00","007","0707","0774","722","544","178","62","784","1436","0","54.6","37.88"
"66","000","00","007","0707","0775","839","649","190","61","900","1515","0","59.41","42.84"
"66","000","00","007","0707","0776","743","600","143","52","795","1545","0","51.46","38.83"
"66","000","00","007","0707","0777","761","603","158","53","814","1383","0","58.86","43.6"
"66","000","00","007","0707","0778","809","643","166","38","847","1433","0","59.11","44.87"
"66","000","00","007","0707","0779","577","436","141","48","625","1134","0","55.11","38.45"
"66","000","00","007","0707","0780","715","593","122","47","762","1216","0","62.66","48.77"
"66","000","00","007","0708","0000","760","587","173","50","810","1397","0","57.98","42.02"
"66","000","00","007","0708","0785","760","587","173","50","810","1397","0","57.98","42.02"
"66","000","00","007","0709","0000","2654","2055","599","183","2837","4800","0","59.1","42.81"
"66","000","00","007","0709","0786","847","633","214","79","926","1607","0","57.62","39.39"
"66","000","00","007","0709","0787","896","702","194","49","945","1582","0","59.73","44.37"
"66","000","00","007","0709","0788","911","720","191","55","966","1611","0","59.96","44.69"
"66","000","00","007","0710","0000","3888","3018","870","217","4105","6621","0","62.0","45.58"
"66","000","00","007","0710","0789","789","588","201","52","841","1322","0","63.62","44.48"
"66","000","00","007","0710","0790","799","622","177","54","853","1321","0","64.57","47.09"
"66","000","00","007","0710","0791","760","612","148","51","811","1360","0","59.63","45.0"
"66","000","00","007","0710","0792","790","630","160","24","814","1361","0","59.81","46.29"
"66","000","00","007","0710","0793","750","566","184","36","786","1257","0","62.53","45.03"
"66","000","00","007","0711","0000","3038","2359","679","209","3247","5151","0","63.04","45.8"
"66","000","00","007","0711","0809","699","552","147","48","747","1171","0","63.79","47.14"
"66","000","00","007","0711","0810","736","557","179","74","810","1349","0","60.04","41.29"
"66","000","00","007","0711","0811","835","644","191","39","874","1368","0","63.89","47.08"
"66","000","00","007","0711","0812","768","606","162","48","816","1263","0","64.61","47.98"
"66","000","00","007","0712","0000","3417","2592","825","225","3642","6052","0","60.18","42.83"
"66","000","00","007","0712","0822","991","776","215","46","1037","1544","0","67.16","50.26"
"66","000","00","007","0712","0823","913","687","226","55","968","1482","0","65.32","46.36"
"66","000","00","007","0712","0824","749","532","217","78","827","1488","0","55.58","35.75"
"66","000","00","007","0712","0825","764","597","167","46","810","1538","0","52.67","38.82"
"66","000","00","007","0713","0000","2568","2024","544","177","2745","4239","0","64.76","47.75"
"66","000","00","007","0713","0805","642","500","142","46","688","981","0","70.13","50.97"
"66","000","00","007","0713","0806","642","506","136","59","701","1097","0","63.9","46.13"
"66","000","00","007","0713","0807","604","480","124","42","646","991","0","65.19","48.44"
"66","000","00","007","0713","0808","680","538","142","30","710","1170","0","60.68","45.98"
"66","000","00","007","0714","0000","818","605","213","118","936","1421","0","65.87","42.58"
"66","000","00","007","0714","0766","361","275","86","47","408","608","0","67.11","45.23"
"66","000","00","007","0714","0767","457","330","127","71","528","813","0","64.94","40.59"
"66","000","00","007","0715","0000","2774","2134","640","173","2947","4733","0","62.26","45.09"
"66","000","00","007","0715","0836","725","565","160","33","758","1278","0","59.31","44.21"
"66","000","00","007","0715","0837","700","543","157","54","754","1144","0","65.91","47.47"
"66","000","00","007","0715","0838","654","495","159","42","696","1140","0","61.05","43.42"
"66","000","00","007","0715","0839","695","531","164","44","739","1171","0","63.11","45.35"
"66","000","00","007","0716","0000","2085","1634","451","172","2257","3673","0","61.45","44.49"
"66","000","00","007","0716","0829","718","576","142","65","783","1217","0","64.34","47.33"
"66","000","00","007","0716","0830","741","569","172","61","802","1347","0","59.54","42.24"
"66","000","00","007","0716","0831","626","489","137","46","672","1109","0","60.6","44.09"
"66","000","00","007","0717","0000","2891","2229","662","186","3077","5144","0","59.82","43.33"
"66","000","00","007","0717","0832","847","675","172","50","897","1546","0","58.02","43.66"
"66","000","00","007","0717","0833","851","657","194","54","905","1408","0","64.28","46.66"
"66","000","00","007","0717","0834","562","424","138","20","582","1057","0","55.06","40.11"
"66","000","00","007","0717","0835","631","473","158","62","693","1133","0","61.17","41.75"
"66","000","00","007","0718","0000","2632","2053","579","211","2843","5184","0","54.84","39.6"
"66","000","00","007","0718","0826","971","761","210","86","1057","1674","0","63.14","45.46"
"66","000","00","007","0718","0827","806","609","197","58","864","1996","0","43.29","30.51"
"66","000","00","007","0718","0828","855","683","172","67","922","1514","0","60.9","45.11"
"66","000","00","007","0719","0000","2093","1626","467","157","2250","3517","0","63.97","46.23"
"66","000","00","007","0719","0843","681","515","166","51","732","1139","0","64.27","45.22"
"66","000","00","007","0719","0844","724","562","162","56","780","1216","0","64.14","46.22"
"66","000","00","007","0719","0845","688","549","139","50","738","1162","0","63.51","47.25"
"66","000","00","007","0720","0000","2361","1846","515","166","2527","4276","0","59.1","43.17"
"66","000","00","007","0720","0840","779","600","179","58","837","1303","0","64.24","46.05"
"66","000","00","007","0720","0841","724","570","154","53","777","1402","0","55.42","40.66"
"66","000","00","007","0720","0842","858","676","182","55","913","1571","0","58.12","43.03"
"66","000","00","007","0721","0000","3506","2681","825","218","3724","6405","0","58.14","41.86"
"66","000","00","007","0721","0813","918","699","219","44","962","1547","0","62.18","45.18"
"66","000","00","007","0721","0814","927","716","211","63","990","1649","0","60.04","43.42"
"66","000","00","007","0721","0815","860","660","200","52","912","1629","0","55.99","40.52"
"66","000","00","007","0721","0816","801","606","195","59","860","1580","0","54.43","38.35"
"66","000","00","007","0722","0000","4121","3226","895","214","4335","7096","0","61.09","45.46"
"66","000","00","007","0722","0817","905","709","196","41","946","1444","0","65.51","49.1"
"66","000","00","007","0722","0818","790","644","146","27","817","1413","0","57.82","45.58"
"66","000","00","007","0722","0819","761","613","148","45","806","1377","0","58.53","44.52"
"66","000","00","007","0722","0820","879","654","225","54","933","1527","0","61.1","42.83"
"66","000","00","007","0722","0821","786","606","180","47","833","1335","0","62.4","45.39"
"66","000","00","007","0723","0000","2753","2101","652","220","2973","5132","0","57.93","40.94"
"66","000","00","007","0723","0781","653","495","158","82","735","1271","0","57.83","38.95"
"66","000","00","007","0723","0782","627","486","141","38","665","1203","0","55.28","40.4"
"66","000","00","007","0723","0783","704","543","161","38","742","1268","0","58.52","42.82"
"66","000","00","007","0723","0784","769","577","192","62","831","1390","0","59.78","41.51"
"66","000","00","007","0724","0000","4720","3786","934","277","4997","7974","0","62.67","47.48"
"66","000","00","007","0724","0799","645","505","140","56","701","1102","0","63.61","45.83"
"66","000","00","007","0724","0800","1005","816","189","48","1053","1630","0","64.6","50.06"
"66","000","00","007","0724","0801","791","641","150","41","832","1333","0","62.42","48.09"
"66","000","00","007","0724","0802","771","608","163","43","814","1292","0","63.0","47.06"
"66","000","00","007","0724","0803","745","589","156","43","788","1272","0","61.95","46.31"
"66","000","00","007","0724","0804","763","627","136","46","809","1345","0","60.15","46.62"
"66","000","00","007","0725","0000","3817","3015","802","192","4009","6255","0","64.09","48.2"
"66","000","00","007","0725","0794","751","606","145","31","782","1207","0","64.79","50.21"
"66","000","00","007","0725","0795","782","623","159","32","814","1282","0","63.49","48.6"
"66","000","00","007","0725","0796","780","611","169","38","818","1248","0","65.54","48.96"
"66","000","00","007","0725","0797","805","623","182","47","852","1304","0","65.34","47.78"
"66","000","00","007","0725","0798","699","552","147","44","743","1214","0","61.2","45.47"
"66","000","00","008","0000","0000","121689","95846","25843","7633","129322","227720","278096","56.79","42.09"
"66","000","00","008","0801","0000","1643","1286","357","103","1746","3258","0","53.59","39.47"
"66","000","00","008","0801","0850","571","442","129","19","590","1107","0","53.3","39.93"
"66","000","00","008","0801","0851","1072","844","228","84","1156","2151","0","53.74","39.24"
"66","000","00","008","0802","0000","1840","1504","336","129","1969","3376","0","58.32","44.55"
"66","000","00","008","0802","0846","977","830","147","64","1041","1670","0","62.34","49.7"
"66","000","00","008","0802","0847","863","674","189","65","928","1706","0","54.4","39.51"
"66","000","00","008","0803","0000","3748","2915","833","172","3920","7049","0","55.61","41.35"
"66","000","00","008","0803","0852","924","705","219","29","953","1612","0","59.12","43.73"
"66","000","00","008","0803","0853","927","727","200","52","979","1743","0","56.17","41.71"
"66","000","00","008","0803","0854","1038","810","228","54","1092","2099","0","52.02","38.59"
"66","000","00","008","0803","0855","859","673","186","37","896","1595","0","56.18","42.19"
"66","000","00","008","0804","0000","2912","2261","651","161","3073","5567","0","55.2","40.61"
"66","000","00","008","0804","0924","855","650","205","34","889","1640","0","54.21","39.63"
"66","000","00","008","0804","0925","1045","813","232","69","1114","2052","0","54.29","39.62"
"66","000","00","008","0804","0926","1012","798","214","58","1070","1875","0","57.07","42.56"
"66","000","00","008","0805","0000","2760","2164","596","166","2926","5056","0","57.87","42.8"
"66","000","00","008","0805","0943","934","731","203","64","998","1661","0","60.08","44.01"
"66","000","00","008","0805","0944","928","729","199","44","972","1667","0","58.31","43.73"
"66","000","00","008","0805","0945","898","704","194","58","956","1728","0","55.32","40.74"
"66","000","00","008","0806","0000","2237","1844","393","143","2380","4533","0","52.5","40.68"
"66","000","00","008","0806","0860","793","690","103","52","845","1563","0","54.06","44.15"
"66","000","00","008","0806","0861","774","602","172","66","840","1559","0","53.88","38.61"
"66","000","00","008","0806","0862","670","552","118","25","695","1411","0","49.26","39.12"
"66","000","00","008","0807","0000","3211","2530","681","185","3396","5930","0","57.27","42.66"
"66","000","00","008","0807","0894","814","643","171","60","874","1445","0","60.48","44.5"
"66","000","00","008","0807","0895","926","716","210","42","968","1842","0","52.55","38.87"
"66","000","00","008","0807","0896","676","532","144","39","715","1187","0","60.24","44.82"
"66","000","00","008","0807","0897","795","639","156","44","839","1456","0","57.62","43.89"
"66","000","00","008","0808","0000","7275","5721","1554","419","7694","12981","0","59.27","44.07"
"66","000","00","008","0808","0863","988","782","206","43","1031","1761","0","58.55","44.41"
"66","000","00","008","0808","0864","798","628","170","57","855","1361","0","62.82","46.14"
"66","000","00","008","0808","0865","973","757","216","76","1049","1852","0","56.64","40.87"
"66","000","00","008","0808","0866","1055","831","224","53","1108","1928","0","57.47","43.1"
"66","000","00","008","0808","0867","911","725","186","41","952","1492","0","63.81","48.59"
"66","000","00","008","0808","0868","1033","823","210","65","1098","1998","0","54.95","41.19"
"66","000","00","008","0808","0869","780","600","180","45","825","1272","0","64.86","47.17"
"66","000","00","008","0808","0870","737","575","162","39","776","1317","0","58.92","43.66"
"66","000","00","008","0809","0000","6169","4878","1291","471","6640","11817","0","56.19","41.28"
"66","000","00","008","0809","0871","640","476","164","100","740","1327","0","55.76","35.87"
"66","000","00","008","0809","0872","641","491","150","32","673","1280","0","52.58","38.36"
"66","000","00","008","0809","0873","911","746","165","64","975","1865","0","52.28","40.0"
"66","000","00","008","0809","0874","723","564","159","64","787","1230","0","63.98","45.85"
"66","000","00","008","0809","0875","671","524","147","56","727","1356","0","53.61","38.64"
"66","000","00","008","0809","0876","927","747","180","61","988","1732","0","57.04","43.13"
"66","000","00","008","0809","0877","885","717","168","48","933","1586","0","58.83","45.21"
"66","000","00","008","0809","0878","771","613","158","46","817","1441","0","56.7","42.54"
"66","000","00","008","0810","0000","5128","3975","1153","317","5445","9996","0","54.47","39.77"
"66","000","00","008","0810","0879","1033","802","231","78","1111","2045","0","54.33","39.22"
"66","000","00","008","0810","0880","925","612","313","78","1003","1914","0","52.4","31.97"
"66","000","00","008","0810","0881","1032","834","198","57","1089","1918","0","56.78","43.48"
"66","000","00","008","0810","0882","1047","868","179","37","1084","2079","0","52.14","41.75"
"66","000","00","008","0810","0883","1091","859","232","67","1158","2040","0","56.76","42.11"
"66","000","00","008","0811","0000","953","707","246","42","995","2037","0","48.85","34.71"
"66","000","00","008","0811","0890","953","707","246","42","995","2037","0","48.85","34.71"
"66","000","00","008","0812","0000","528","421","107","52","580","985","0","58.88","42.74"
"66","000","00","008","0812","0889","528","421","107","52","580","985","0","58.88","42.74"
"66","000","00","008","0813","0000","4816","3793","1023","239","5055","9749","0","51.85","38.91"
"66","000","00","008","0813","0884","959","683","276","50","1009","2027","0","49.78","33.7"
"66","000","00","008","0813","0885","733","580","153","56","789","1402","0","56.28","41.37"
"66","000","00","008","0813","0886","998","801","197","64","1062","1826","0","58.16","43.87"
"66","000","00","008","0813","0887","1043","857","186","37","1080","2162","0","49.95","39.64"
"66","000","00","008","0813","0888","1083","872","211","32","1115","2332","0","47.81","37.39"
"66","000","00","008","0814","0000","1174","930","244","81","1255","2094","0","59.93","44.41"
"66","000","00","008","0814","0891","588","454","134","46","634","1032","0","61.43","43.99"
"66","000","00","008","0814","0892","586","476","110","35","621","1062","0","58.47","44.82"
"66","000","00","008","0815","0000","472","380","92","54","526","909","0","57.87","41.8"
"66","000","00","008","0815","0893","472","380","92","54","526","909","0","57.87","41.8"
"66","000","00","008","0816","0000","4573","3583","990","323","4896","8139","0","60.15","44.02"
"66","000","00","008","0816","0915","812","631","181","73","885","1458","0","60.7","43.28"
"66","000","00","008","0816","0916","954","781","173","69","1023","1571","0","65.12","49.71"
"66","000","00","008","0816","0917","865","656","209","71","936","1579","0","59.28","41.55"
"66","000","00","008","0816","0918","1021","779","242","66","1087","1849","0","58.79","42.13"
"66","000","00","008","0816","0919","921","736","185","44","965","1682","0","57.37","43.76"
"66","000","00","008","0817","0000","4253","3320","933","211","4464","8903","0","50.14","37.29"
"66","000","00","008","0817","0949","1153","892","261","62","1215","2078","0","58.47","42.93"
"66","000","00","008","0817","0950","1098","869","229","63","1161","2059","0","56.39","42.2"
"66","000","00","008","0817","0951","993","771","222","47","1040","1792","0","58.04","43.02"
"66","000","00","008","0817","0952","1009","788","221","39","1048","2974","0","35.24","26.5"
"66","000","00","008","0818","0000","4656","3668","988","232","4888","7936","0","61.59","46.22"
"66","000","00","008","0818","0954","1310","1076","234","64","1374","2099","0","65.46","51.26"
"66","000","00","008","0818","0955","1118","835","283","50","1168","1823","0","64.07","45.8"
"66","000","00","008","0818","0956","1159","907","252","75","1234","2022","0","61.03","44.86"
"66","000","00","008","0818","0957","1069","850","219","43","1112","1992","0","55.82","42.67"
"66","000","00","008","0819","0000","905","712","193","56","961","1585","0","60.63","44.92"
"66","000","00","008","0819","0958","905","712","193","56","961","1585","0","60.63","44.92"
"66","000","00","008","0820","0000","5545","4488","1057","303","5848","9652","0","60.59","46.5"
"66","000","00","008","0820","0962","1002","839","163","46","1048","1755","0","59.72","47.81"
"66","000","00","008","0820","0963","956","747","209","46","1002","1497","0","66.93","49.9"
"66","000","00","008","0820","0964","936","755","181","57","993","1567","0","63.37","48.18"
"66","000","00","008","0820","0965","855","701","154","54","909","1624","0","55.97","43.17"
"66","000","00","008","0820","0966","924","739","185","62","986","1614","0","61.09","45.79"
"66","000","00","008","0820","0967","872","707","165","38","910","1595","0","57.05","44.33"
"66","000","00","008","0821","0000","2833","2234","599","175","3008","5219","0","57.64","42.81"
"66","000","00","008","0821","0959","899","701","198","60","959","1565","0","61.28","44.79"
"66","000","00","008","0821","0960","838","648","190","57","895","1780","0","50.28","36.4"
"66","000","00","008","0821","0961","1096","885","211","58","1154","1874","0","61.58","47.23"
"66","000","00","008","0822","0000","575","432","143","55","630","1072","0","58.77","40.3"
"66","000","00","008","0822","0953","575","432","143","55","630","1072","0","58.77","40.3"
"66","000","00","008","0823","0000","3622","2812","810","287","3909","6608","0","59.16","42.55"
"66","000","00","008","0823","0979","951","736","215","82","1033","1785","0","57.87","41.23"
"66","000","00","008","0823","0980","912","725","187","67","979","1596","0","61.34","45.43"
"66","000","00","008","0823","0981","985","759","226","63","1048","1731","0","60.54","43.85"
"66","000","00","008","0823","0982","774","592","182","75","849","1496","0","56.75","39.57"
"66","000","00","008","0824","0000","2515","2001","514","197","2712","4576","0","59.27","43.73"
"66","000","00","008","0824","0971","699","554","145","62","761","1372","0","55.47","40.38"
"66","000","00","008","0824","0972","785","635","150","61","846","1415","0","59.79","44.88"
"66","000","00","008","0824","0973","1031","812","219","74","1105","1789","0","61.77","45.39"
"66","000","00","008","0825","0000","2084","1668","416","179","2263","4210","0","53.75","39.62"
"66","000","00","008","0825","0968","873","706","167","77","950","1782","0","53.31","39.62"
"66","000","00","008","0825","0969","656","517","139","35","691","1357","0","50.92","38.1"
"66","000","00","008","0825","0970","555","445","110","67","622","1071","0","58.08","41.55"
"66","000","00","008","0826","0000","2750","2156","594","231","2981","5209","0","57.23","41.39"
"66","000","00","008","0826","0930","1040","830","210","57","1097","1889","0","58.07","43.94"
"66","000","00","008","0826","0931","896","697","199","100","996","1728","0","57.64","40.34"
"66","000","00","008","0826","0932","814","629","185","74","888","1592","0","55.78","39.51"
"66","000","00","008","0827","0000","1589","1235","354","154","1743","3180","0","54.81","38.84"
"66","000","00","008","0827","0933","835","646","189","80","915","1656","0","55.25","39.01"
"66","000","00","008","0827","0934","754","589","165","74","828","1524","0","54.33","38.65"
"66","000","00","008","0828","0000","3197","2452","745","193","3390","6168","0","54.96","39.75"
"66","000","00","008","0828","0940","998","774","224","67","1065","2033","0","52.39","38.07"
"66","000","00","008","0828","0941","1009","799","210","58","1067","1947","0","54.8","41.04"
"66","000","00","008","0828","0942","1190","879","311","68","1258","2188","0","57.5","40.17"
"66","000","00","008","0829","0000","2535","1932","603","178","2713","4803","0","56.49","40.22"
"66","000","00","008","0829","0908","910","686","224","60","970","1601","0","60.59","42.85"
"66","000","00","008","0829","0909","797","592","205","58","855","1527","0","55.99","38.77"
"66","000","00","008","0829","0910","828","654","174","60","888","1675","0","53.01","39.04"
"66","000","00","008","0830","0000","2769","2209","560","155","2924","5216","0","56.06","42.35"
"66","000","00","008","0830","0898","987","775","212","73","1060","1866","0","56.81","41.53"
"66","000","00","008","0830","0899","853","683","170","52","905","1667","0","54.29","40.97"
"66","000","00","008","0830","0900","929","751","178","30","959","1683","0","56.98","44.62"
"66","000","00","008","0831","0000","2676","2119","557","147","2823","4895","0","57.67","43.29"
"66","000","00","008","0831","0976","820","651","169","57","877","1541","0","56.91","42.25"
"66","000","00","008","0831","0977","938","734","204","59","997","1669","0","59.74","43.98"
"66","000","00","008","0831","0978","918","734","184","31","949","1685","0","56.32","43.56"
"66","000","00","008","0832","0000","3452","2766","686","130","3582","6364","0","56.29","43.46"
"66","000","00","008","0832","0901","873","658","215","42","915","1642","0","55.72","40.07"
"66","000","00","008","0832","0902","816","651","165","25","841","1475","0","57.02","44.14"
"66","000","00","008","0832","0903","850","702","148","29","879","1644","0","53.47","42.7"
"66","000","00","008","0832","0904","913","755","158","34","947","1603","0","59.08","47.1"
"66","000","00","008","0833","0000","2942","2328","614","171","3113","5179","0","60.11","44.95"
"66","000","00","008","0833","0905","1086","857","229","68","1154","1949","0","59.21","43.97"
"66","000","00","008","0833","0906","1060","850","210","54","1114","1790","0","62.23","47.49"
"66","000","00","008","0833","0907","796","621","175","49","845","1440","0","58.68","43.13"
"66","000","00","008","0834","0000","1696","1343","353","148","1844","3159","0","58.37","42.51"
"66","000","00","008","0834","0848","775","621","154","87","862","1507","0","57.2","41.21"
"66","000","00","008","0834","0849","921","722","199","61","982","1652","0","59.44","43.7"
"66","000","00","008","0835","0000","2607","2070","537","141","2748","4735","0","58.04","43.72"
"66","000","00","008","0835","0935","835","638","197","47","882","1502","0","58.72","42.48"
"66","000","00","008","0835","0936","945","757","188","42","987","1772","0","55.7","42.72"
"66","000","00","008","0835","0937","827","675","152","52","879","1461","0","60.16","46.2"
"66","000","00","008","0836","0000","1908","1480","428","110","2018","3663","0","55.09","40.4"
"66","000","00","008","0836","0938","857","689","168","32","889","1769","0","50.25","38.95"
"66","000","00","008","0836","0939","1051","791","260","78","1129","1894","0","59.61","41.76"
"66","000","00","008","0837","0000","3111","2437","674","271","3382","6379","0","53.02","38.2"
"66","000","00","008","0837","0911","641","492","149","41","682","1579","0","43.19","31.16"
"66","000","00","008","0837","0912","786","620","166","95","881","1524","0","57.81","40.68"
"66","000","00","008","0837","0913","849","675","174","67","916","1677","0","54.62","40.25"
"66","000","00","008","0837","0914","835","650","185","68","903","1599","0","56.47","40.65"
"66","000","00","008","0838","0000","2658","2082","576","118","2776","4844","0","57.31","42.98"
"66","000","00","008","0838","0946","870","683","187","44","914","1688","0","54.15","40.46"
"66","000","00","008","0838","0947","813","644","169","30","843","1475","0","57.15","43.66"
"66","000","00","008","0838","0948","975","755","220","44","1019","1681","0","60.62","44.91"
"66","000","00","008","0839","0000","3650","2870","780","193","3843","6576","0","58.44","43.64"
"66","000","00","008","0839","0920","917","740","177","46","963","1760","0","54.72","42.05"
"66","000","00","008","0839","0921","920","735","185","71","991","1699","0","58.33","43.26"
"66","000","00","008","0839","0922","943","748","195","61","1004","1626","0","61.75","46.0"
"66","000","00","008","0839","0923","870","647","223","15","885","1491","0","59.36","43.39"
"66","000","00","008","0840","0000","2398","1885","513","176","2574","4436","0","58.03","42.49"
"66","000","00","008","0840","0927","830","669","161","29","859","1559","0","55.1","42.91"
"66","000","00","008","0840","0928","807","631","176","75","882","1480","0","59.59","42.64"
"66","000","00","008","0840","0929","761","585","176","72","833","1397","0","59.63","41.88"
"66","000","00","008","0841","0000","3088","2464","624","217","3305","5762","0","57.36","42.76"
"66","000","00","008","0841","0856","940","746","194","71","1011","1923","0","52.57","38.79"
"66","000","00","008","0841","0857","833","658","175","67","900","1641","0","54.84","40.1"
"66","000","00","008","0841","0858","695","557","138","35","730","1157","0","63.09","48.14"
"66","000","00","008","0841","0859","620","503","117","44","664","1041","0","63.78","48.32"
"66","000","00","008","0842","0000","2236","1791","445","148","2384","3915","0","60.89","45.75"
"66","000","00","008","0842","0974","1120","896","224","77","1197","1907","0","62.77","46.98"
"66","000","00","008","0842","0975","1116","895","221","71","1187","2008","0","59.11","44.57"
"66","000","00","009","0000","0000","75780","58195","17585","6078","81858","136658","166867","59.9","42.58"
"66","000","00","009","0901","0000","1226","910","316","112","1338","2292","0","58.38","39.7"
"66","000","00","009","0901","0394","502","372","130","56","558","983","0","56.77","37.84"
"66","000","00","009","0901","0395","724","538","186","56","780","1309","0","59.59","41.1"
"66","000","00","009","0902","0000","557","433","124","52","609","945","0","64.44","45.82"
"66","000","00","009","0902","0397","557","433","124","52","609","945","0","64.44","45.82"
"66","000","00","009","0903","0000","484","339","145","73","557","850","0","65.53","39.88"
"66","000","00","009","0903","0398","484","339","145","73","557","850","0","65.53","39.88"
"66","000","00","009","0904","0000","634","460","174","57","691","1116","0","61.92","41.22"
"66","000","00","009","0904","0396","634","460","174","57","691","1116","0","61.92","41.22"
"66","000","00","009","0905","0000","440","341","99","45","485","760","0","63.82","44.87"
"66","000","00","009","0905","0399","440","341","99","45","485","760","0","63.82","44.87"
"66","000","00","009","0906","0000","472","354","118","55","527","759","0","69.43","46.64"
"66","000","00","009","0906","0419","472","354","118","55","527","759","0","69.43","46.64"
"66","000","00","009","0907","0000","374","262","112","46","420","642","0","65.42","40.81"
"66","000","00","009","0907","0420","374","262","112","46","420","642","0","65.42","40.81"
"66","000","00","009","0908","0000","855","646","209","48","903","1647","0","54.83","39.22"
"66","000","00","009","0908","0415","855","646","209","48","903","1647","0","54.83","39.22"
"66","000","00","009","0909","0000","2898","2238","660","216","3114","4979","0","62.54","44.95"
"66","000","00","009","0909","0421","857","640","217","39","896","1528","0","58.64","41.88"
"66","000","00","009","0909","0422","1043","815","228","90","1133","1788","0","63.37","45.58"
"66","000","00","009","0909","0423","998","783","215","87","1085","1663","0","65.24","47.08"
"66","000","00","009","0910","0000","1281","999","282","112","1393","2162","0","64.43","46.21"
"66","000","00","009","0910","0424","795","608","187","75","870","1260","0","69.05","48.25"
"66","000","00","009","0910","0425","486","391","95","37","523","902","0","57.98","43.35"
"66","000","00","009","0911","0000","848","605","243","60","908","1457","0","62.32","41.52"
"66","000","00","009","0911","0437","848","605","243","60","908","1457","0","62.32","41.52"
"66","000","00","009","0912","0000","679","518","161","49","728","1184","0","61.49","43.75"
"66","000","00","009","0912","0438","679","518","161","49","728","1184","0","61.49","43.75"
"66","000","00","009","0913","0000","1323","1098","225","119","1442","2507","0","57.52","43.8"
"66","000","00","009","0913","0403","613","436","177","60","673","1145","0","58.78","38.08"
"66","000","00","009","0913","0404","710","662","48","59","769","1362","0","56.46","48.6"
"66","000","00","009","0914","0000","1659","1288","371","116","1775","2919","0","60.81","44.12"
"66","000","00","009","0914","0405","785","625","160","51","836","1389","0","60.19","45.0"
"66","000","00","009","0914","0406","874","663","211","65","939","1530","0","61.37","43.33"
"66","000","00","009","0915","0000","2164","1617","547","251","2415","4043","0","59.73","40.0"
"66","000","00","009","0915","0407","779","581","198","104","883","1471","0","60.03","39.5"
"66","000","00","009","0915","0408","770","573","197","90","860","1410","0","60.99","40.64"
"66","000","00","009","0915","0409","615","463","152","57","672","1162","0","57.83","39.85"
"66","000","00","009","0916","0000","4876","3738","1138","360","5236","8802","0","59.49","42.47"
"66","000","00","009","0916","0410","893","671","222","47","940","1656","0","56.76","40.52"
"66","000","00","009","0916","0411","988","762","226","56","1044","1838","0","56.8","41.46"
"66","000","00","009","0916","0412","859","651","208","81","940","1666","0","56.42","39.08"
"66","000","00","009","0916","0413","1004","766","238","96","1100","1821","0","60.41","42.06"
"66","000","00","009","0916","0414","1132","888","244","80","1212","1821","0","66.56","48.76"
"66","000","00","009","0917","0000","750","569","181","88","838","1256","0","66.72","45.3"
"66","000","00","009","0917","0416","750","569","181","88","838","1256","0","66.72","45.3"
"66","000","00","009","0918","0000","1913","1480","433","123","2036","3345","0","60.87","44.25"
"66","000","00","009","0918","0417","930","722","208","66","996","1552","0","64.18","46.52"
"66","000","00","009","0918","0418","983","758","225","57","1040","1793","0","58.0","42.28"
"66","000","00","009","0919","0000","5250","4104","1146","424","5674","9838","0","57.67","41.72"
"66","000","00","009","0919","0428","1004","815","189","95","1099","1873","0","58.68","43.51"
"66","000","00","009","0919","0429","991","785","206","67","1058","1867","0","56.67","42.05"
"66","000","00","009","0919","0430","965","749","216","95","1060","1823","0","58.15","41.09"
"66","000","00","009","0919","0431","963","759","204","78","1041","1962","0","53.06","38.69"
"66","000","00","009","0919","0432","1327","996","331","89","1416","2313","0","61.22","43.06"
"66","000","00","009","0920","0000","3536","2692","844","276","3812","6232","0","61.17","43.2"
"66","000","00","009","0920","0433","856","675","181","79","935","1510","0","61.92","44.7"
"66","000","00","009","0920","0434","1029","746","283","69","1098","1824","0","60.2","40.9"
"66","000","00","009","0920","0435","750","576","174","59","809","1363","0","59.35","42.26"
"66","000","00","009","0920","0436","901","695","206","69","970","1535","0","63.19","45.28"
"66","000","00","009","0921","0000","1577","1249","328","98","1675","2949","0","56.8","42.35"
"66","000","00","009","0921","0426","671","541","130","38","709","1357","0","52.25","39.87"
"66","000","00","009","0921","0427","906","708","198","60","966","1592","0","60.68","44.47"
"66","000","00","009","0922","0000","3144","2436","708","264","3408","6306","0","54.04","38.63"
"66","000","00","009","0922","0439","1013","790","223","96","1109","2299","0","48.24","34.36"
"66","000","00","009","0922","0440","1053","833","220","100","1153","1940","0","59.43","42.94"
"66","000","00","009","0922","0441","1078","813","265","68","1146","2067","0","55.44","39.33"
"66","000","00","009","0923","0000","5607","4093","1514","489","6096","10123","0","60.22","40.43"
"66","000","00","009","0923","0442","1066","851","215","89","1155","2038","0","56.67","41.76"
"66","000","00","009","0923","0443","1279","738","541","66","1345","1835","0","73.3","40.22"
"66","000","00","009","0923","0444","1045","776","269","95","1140","1979","0","57.6","39.21"
"66","000","00","009","0923","0445","1023","818","205","118","1141","2014","0","56.65","40.62"
"66","000","00","009","0923","0446","1194","910","284","121","1315","2257","0","58.26","40.32"
"66","000","00","009","0924","0000","2658","2104","554","201","2859","4596","0","62.21","45.78"
"66","000","00","009","0924","0447","806","614","192","78","884","1406","0","62.87","43.67"
"66","000","00","009","0924","0448","789","619","170","62","851","1418","0","60.01","43.65"
"66","000","00","009","0924","0449","1063","871","192","61","1124","1772","0","63.43","49.15"
"66","000","00","009","0925","0000","5933","4634","1299","424","6357","10381","0","61.24","44.64"
"66","000","00","009","0925","0452","971","732","239","106","1077","1758","0","61.26","41.64"
"66","000","00","009","0925","0453","916","705","211","72","988","1546","0","63.91","45.6"
"66","000","00","009","0925","0454","1053","871","182","69","1122","1815","0","61.82","47.99"
"66","000","00","009","0925","0455","1105","840","265","60","1165","1932","0","60.3","43.48"
"66","000","00","009","0925","0456","1067","832","235","64","1131","1770","0","63.9","47.01"
"66","000","00","009","0925","0457","821","654","167","53","874","1560","0","56.03","41.92"
"66","000","00","009","0926","0000","1560","1194","366","89","1649","2649","0","62.25","45.07"
"66","000","00","009","0926","0450","708","541","167","53","761","1202","0","63.31","45.01"
"66","000","00","009","0926","0451","852","653","199","36","888","1447","0","61.37","45.13"
"66","000","00","009","0927","0000","7101","5473","1628","610","7711","13032","0","59.17","42.0"
"66","000","00","009","0927","0458","985","765","220","63","1048","1810","0","57.9","42.27"
"66","000","00","009","0927","0459","961","735","226","65","1026","1653","0","62.07","44.46"
"66","000","00","009","0927","0460","793","620","173","66","859","1444","0","59.49","42.94"
"66","000","00","009","0927","0461","779","605","174","59","838","1318","0","63.58","45.9"
"66","000","00","009","0927","0462","865","647","218","95","960","1566","0","61.3","41.32"
"66","000","00","009","0927","0463","943","736","207","71","1014","1748","0","58.01","42.11"
"66","000","00","009","0927","0464","866","675","191","96","962","1772","0","54.29","38.09"
"66","000","00","009","0927","0465","909","690","219","95","1004","1721","0","58.34","40.09"
"66","000","00","009","0928","0000","2766","2175","591","130","2896","5065","0","57.18","42.94"
"66","000","00","009","0928","0400","881","663","218","10","891","1617","0","55.1","41.0"
"66","000","00","009","0928","0401","818","678","140","70","888","1677","0","52.95","40.43"
"66","000","00","009","0928","0402","1067","834","233","50","1117","1771","0","63.07","47.09"
"66","000","00","009","0929","0000","886","688","198","65","951","1578","0","60.27","43.6"
"66","000","00","009","0929","0466","886","688","198","65","951","1578","0","60.27","43.6"
"66","000","00","009","0930","0000","2823","2128","695","232","3055","5227","0","58.45","40.71"
"66","000","00","009","0930","0467","982","710","272","103","1085","1859","0","58.36","38.19"
"66","000","00","009","0930","0468","808","601","207","65","873","1479","0","59.03","40.64"
"66","000","00","009","0930","0469","1033","817","216","64","1097","1889","0","58.07","43.25"
"66","000","00","009","0931","0000","1714","1321","393","130","1844","3224","0","57.2","40.97"
"66","000","00","009","0931","0470","984","788","196","48","1032","1803","0","57.24","43.7"
"66","000","00","009","0931","0471","730","533","197","82","812","1421","0","57.14","37.51"
"66","000","00","009","0932","0000","1956","1596","360","164","2120","3359","0","63.11","47.51"
"66","000","00","009","0932","0472","914","676","238","87","1001","1585","0","63.15","42.65"
"66","000","00","009","0932","0473","1042","920","122","77","1119","1774","0","63.08","51.86"
"66","000","00","009","0933","0000","1174","920","254","84","1258","2132","0","59.01","43.15"
"66","000","00","009","0933","0474","1174","920","254","84","1258","2132","0","59.01","43.15"
"66","000","00","009","0934","0000","1492","1144","348","119","1611","2874","0","56.05","39.81"
"66","000","00","009","0934","0475","814","616","198","87","901","1515","0","59.47","40.66"
"66","000","00","009","0934","0476","678","528","150","32","710","1359","0","52.24","38.85"
"66","000","00","009","0935","0000","1197","871","326","111","1308","2082","0","62.82","41.83"
"66","000","00","009","0935","0477","548","409","139","49","597","948","0","62.97","43.14"
"66","000","00","009","0935","0478","649","462","187","62","711","1134","0","62.7","40.74"
"66","000","00","009","0936","0000","1973","1478","495","186","2159","3346","0","64.52","44.17"
"66","000","00","009","0936","0479","686","521","165","62","748","1114","0","67.15","46.77"
"66","000","00","009","0936","0480","583","412","171","54","637","1050","0","60.67","39.24"
"66","000","00","009","0936","0481","704","545","159","70","774","1182","0","65.48","46.11"
"66","000","00","010","0000","0000","22539","17561","4978","2316","24855","43181","50308","57.56","40.67"
"66","000","00","010","1001","0000","788","638","150","74","862","1357","0","63.52","47.02"
"66","000","00","010","1001","1540","788","638","150","74","862","1357","0","63.52","47.02"
"66","000","00","010","1002","0000","507","422","85","68","575","865","0","66.47","48.79"
"66","000","00","010","1002","1539","507","422","85","68","575","865","0","66.47","48.79"
"66","000","00","010","1003","0000","551","437","114","87","638","1031","0","61.88","42.39"
"66","000","00","010","1003","1538","551","437","114","87","638","1031","0","61.88","42.39"
"66","000","00","010","1004","0000","1052","843","209","90","1142","1850","0","61.73","45.57"
"66","000","00","010","1004","1536","534","426","108","46","580","984","0","58.94","43.29"
"66","000","00","010","1004","1537","518","417","101","44","562","866","0","64.9","48.15"
"66","000","00","010","1005","0000","1224","949","275","157","1381","2196","0","62.89","43.21"
"66","000","00","010","1005","1534","649","504","145","90","739","1169","0","63.22","43.11"
"66","000","00","010","1005","1535","575","445","130","67","642","1027","0","62.51","43.33"
"66","000","00","010","1006","0000","546","434","112","46","592","977","0","60.59","44.42"
"66","000","00","010","1006","1532","546","434","112","46","592","977","0","60.59","44.42"
"66","000","00","010","1007","0000","708","581","127","37","745","1395","0","53.41","41.65"
"66","000","00","010","1007","1533","708","581","127","37","745","1395","0","53.41","41.65"
"66","000","00","010","1008","0000","1856","1425","431","137","1993","3486","0","57.17","40.88"
"66","000","00","010","1008","1529","645","493","152","31","676","1222","0","55.32","40.34"
"66","000","00","010","1008","1530","731","569","162","74","805","1228","0","65.55","46.34"
"66","000","00","010","1008","1531","480","363","117","32","512","1036","0","49.42","35.04"
"66","000","00","010","1009","0000","934","735","199","97","1031","1878","0","54.9","39.14"
"66","000","00","010","1009","1527","434","354","80","31","465","872","0","53.33","40.6"
"66","000","00","010","1009","1528","500","381","119","66","566","1006","0","56.26","37.87"
"66","000","00","010","1010","0000","1997","1585","412","177","2174","3662","0","59.37","43.28"
"66","000","00","010","1010","1523","761","600","161","64","825","1372","0","60.13","43.73"
"66","000","00","010","1010","1524","784","626","158","49","833","1412","0","58.99","44.33"
"66","000","00","010","1010","1525","452","359","93","64","516","878","0","58.77","40.89"
"66","000","00","010","1011","0000","688","528","160","80","768","1475","0","52.07","35.8"
"66","000","00","010","1011","1526","688","528","160","80","768","1475","0","52.07","35.8"
"66","000","00","010","1012","0000","2628","2040","588","256","2884","4908","0","58.76","41.56"
"66","000","00","010","1012","1519","623","472","151","74","697","1335","0","52.21","35.36"
"66","000","00","010","1012","1520","644","499","145","54","698","1092","0","63.92","45.7"
"66","000","00","010","1012","1521","607","456","151","62","669","1050","0","63.71","43.43"
"66","000","00","010","1012","1522","754","613","141","66","820","1431","0","57.3","42.84"
"66","000","00","010","1013","0000","802","614","188","125","927","1628","0","56.94","37.71"
"66","000","00","010","1013","1518","802","614","188","125","927","1628","0","56.94","37.71"
"66","000","00","010","1014","0000","559","419","140","87","646","991","0","65.19","42.28"
"66","000","00","010","1014","1516","559","419","140","87","646","991","0","65.19","42.28"
"66","000","00","010","1015","0000","386","286","100","38","424","863","0","49.13","33.14"
"66","000","00","010","1015","1517","386","286","100","38","424","863","0","49.13","33.14"
"66","000","00","010","1016","0000","908","695","213","128","1036","1866","0","55.52","37.25"
"66","000","00","010","1016","1514","499","373","126","57","556","1007","0","55.21","37.04"
"66","000","00","010","1016","1515","409","322","87","71","480","859","0","55.88","37.49"
"66","000","00","010","1017","0000","650","503","147","67","717","1299","0","55.2","38.72"
"66","000","00","010","1017","1513","650","503","147","67","717","1299","0","55.2","38.72"
"66","000","00","010","1018","0000","1104","866","238","88","1192","1957","0","60.91","44.25"
"66","000","00","010","1018","1544","532","408","124","35","567","950","0","59.68","42.95"
"66","000","00","010","1018","1545","572","458","114","53","625","1007","0","62.07","45.48"
"66","000","00","010","1019","0000","1121","889","232","97","1218","2050","0","59.41","43.37"
"66","000","00","010","1019","1541","414","337","77","35","449","736","0","61.01","45.79"
"66","000","00","010","1019","1542","707","552","155","62","769","1314","0","58.52","42.01"
"66","000","00","010","1020","0000","799","601","198","108","907","1677","0","54.08","35.84"
"66","000","00","010","1020","1543","799","601","198","108","907","1677","0","54.08","35.84"
"66","000","00","010","1021","0000","556","384","172","64","620","1214","0","51.07","31.63"
"66","000","00","010","1021","1546","556","384","172","64","620","1214","0","51.07","31.63"
"66","000","00","010","1022","0000","921","722","199","98","1019","1809","0","56.33","39.91"
"66","000","00","010","1022","1547","470","370","100","50","520","907","0","57.33","40.79"
"66","000","00","010","1022","1548","451","352","99","48","499","902","0","55.32","39.02"
"66","000","00","010","1023","0000","300","235","65","19","319","720","0","44.31","32.64"
"66","000","00","010","1023","1549","300","235","65","19","319","720","0","44.31","32.64"
"66","000","00","010","1024","0000","292","214","78","13","305","666","0","45.8","32.13"
"66","000","00","010","1024","1550","292","214","78","13","305","666","0","45.8","32.13"
"66","000","00","010","1025","0000","662","516","146","78","740","1361","0","54.37","37.91"
"66","000","00","010","1025","1551","662","516","146","78","740","1361","0","54.37","37.91"
"66","000","00","011","0000","0000","33004","25384","7620","3018","36022","63069","77697","57.12","40.25"
"66","000","00","011","1101","0000","718","541","177","88","806","1356","0","59.44","39.9"
"66","000","00","011","1101","0001","718","541","177","88","806","1356","0","59.44","39.9"
"66","000","00","011","1102","0000","603","479","124","58","661","1059","0","62.42","45.23"
"66","000","00","011","1102","0002","603","479","124","58","661","1059","0","62.42","45.23"
"66","000","00","011","1103","0000","888","648","240","68","956","1568","0","60.97","41.33"
"66","000","00","011","1103","0003","401","302","99","37","438","694","0","63.11","43.52"
"66","000","00","011","1103","0004","487","346","141","31","518","874","0","59.27","39.59"
"66","000","00","011","1104","0000","395","297","98","34","429","763","0","56.23","38.93"
"66","000","00","011","1104","0005","395","297","98","34","429","763","0","56.23","38.93"
"66","000","00","011","1105","0000","1185","934","251","105","1290","2105","0","61.28","44.37"
"66","000","00","011","1105","0006","500","379","121","47","547","856","0","63.9","44.28"
"66","000","00","011","1105","0007","685","555","130","58","743","1249","0","59.49","44.44"
"66","000","00","011","1106","0000","1103","834","269","82","1185","2111","0","56.13","39.51"
"66","000","00","011","1106","0008","461","346","115","35","496","922","0","53.8","37.53"
"66","000","00","011","1106","0009","642","488","154","47","689","1189","0","57.95","41.04"
"66","000","00","011","1107","0000","1866","1470","396","224","2090","3374","0","61.94","43.57"
"66","000","00","011","1107","0010","616","501","115","67","683","1065","0","64.13","47.04"
"66","000","00","011","1107","0011","705","550","155","99","804","1252","0","64.22","43.93"
"66","000","00","011","1107","0012","545","419","126","58","603","1057","0","57.05","39.64"
"66","000","00","011","1108","0000","1160","866","294","101","1261","2091","0","60.31","41.42"
"66","000","00","011","1108","0013","557","413","144","35","592","1031","0","57.42","40.06"
"66","000","00","011","1108","0014","603","453","150","66","669","1060","0","63.11","42.74"
"66","000","00","011","1109","0000","2363","1851","512","204","2567","4405","0","58.27","42.02"
"66","000","00","011","1109","0015","698","533","165","67","765","1311","0","58.35","40.66"
"66","000","00","011","1109","0016","765","627","138","55","820","1424","0","57.58","44.03"
"66","000","00","011","1109","0017","900","691","209","82","982","1670","0","58.8","41.38"
"66","000","00","011","1110","0000","426","340","86","48","474","812","0","58.37","41.87"
"66","000","00","011","1110","0018","426","340","86","48","474","812","0","58.37","41.87"
"66","000","00","011","1111","0000","475","369","106","31","506","863","0","58.63","42.76"
"66","000","00","011","1111","0019","475","369","106","31","506","863","0","58.63","42.76"
"66","000","00","011","1112","0000","1735","1352","383","119","1854","3186","0","58.19","42.44"
"66","000","00","011","1112","0020","884","680","204","64","948","1598","0","59.32","42.55"
"66","000","00","011","1112","0021","851","672","179","55","906","1588","0","57.05","42.32"
"66","000","00","011","1113","0000","626","462","164","69","695","1197","0","58.06","38.6"
"66","000","00","011","1113","0022","626","462","164","69","695","1197","0","58.06","38.6"
"66","000","00","011","1114","0000","516","388","128","101","617","1106","0","55.79","35.08"
"66","000","00","011","1114","0023","516","388","128","101","617","1106","0","55.79","35.08"
"66","000","00","011","1115","0000","997","755","242","117","1114","1772","0","62.87","42.61"
"66","000","00","011","1115","0024","503","385","118","70","573","903","0","63.46","42.64"
"66","000","00","011","1115","0025","494","370","124","47","541","869","0","62.26","42.58"
"66","000","00","011","1116","0000","2857","2160","697","251","3108","5269","0","58.99","40.99"
"66","000","00","011","1116","0026","737","553","184","44","781","1350","0","57.85","40.96"
"66","000","00","011","1116","0027","577","428","149","102","679","1144","0","59.35","37.41"
"66","000","00","011","1116","0028","682","533","149","59","741","1208","0","61.34","44.12"
"66","000","00","011","1116","0029","861","646","215","46","907","1567","0","57.88","41.23"
"66","000","00","011","1117","0000","1166","888","278","92","1258","2013","0","62.49","44.11"
"66","000","00","011","1117","0030","746","574","172","45","791","1246","0","63.48","46.07"
"66","000","00","011","1117","0031","420","314","106","47","467","767","0","60.89","40.94"
"66","000","00","011","1118","0000","970","775","195","89","1059","1762","0","60.1","43.98"
"66","000","00","011","1118","0032","433","329","104","47","480","790","0","60.76","41.65"
"66","000","00","011","1118","0033","537","446","91","42","579","972","0","59.57","45.88"
"66","000","00","011","1119","0000","699","551","148","64","763","1388","0","54.97","39.7"
"66","000","00","011","1119","0034","699","551","148","64","763","1388","0","54.97","39.7"
"66","000","00","011","1120","0000","2390","1863","527","152","2542","4432","0","57.36","42.04"
"66","000","00","011","1120","0035","674","508","166","37","711","1331","0","53.42","38.17"
"66","000","00","011","1120","0036","672","512","160","53","725","1167","0","62.13","43.87"
"66","000","00","011","1120","0037","1044","843","201","62","1106","1934","0","57.19","43.59"
"66","000","00","011","1121","0000","602","470","132","58","660","1263","0","52.26","37.21"
"66","000","00","011","1121","0038","602","470","132","58","660","1263","0","52.26","37.21"
"66","000","00","011","1122","0000","1979","1617","362","140","2119","3973","0","53.34","40.7"
"66","000","00","011","1122","0039","730","656","74","61","791","1390","0","56.91","47.19"
"66","000","00","011","1122","0040","517","396","121","40","557","1186","0","46.96","33.39"
"66","000","00","011","1122","0041","732","565","167","39","771","1397","0","55.19","40.44"
"66","000","00","011","1123","0000","1159","891","268","106","1265","2571","0","49.2","34.66"
"66","000","00","011","1123","0042","472","360","112","24","496","1173","0","42.28","30.69"
"66","000","00","011","1123","0043","687","531","156","82","769","1398","0","55.01","37.98"
"66","000","00","011","1124","0000","2722","1963","759","231","2953","5453","0","54.15","36.0"
"66","000","00","011","1124","0044","578","431","147","61","639","1228","0","52.04","35.1"
"66","000","00","011","1124","0045","622","484","138","58","680","1258","0","54.05","38.47"
"66","000","00","011","1124","0046","740","469","271","51","791","1435","0","55.12","32.68"
"66","000","00","011","1124","0047","782","579","203","61","843","1532","0","55.03","37.79"
"66","000","00","011","1125","0000","712","541","171","86","798","1522","0","52.43","35.55"
"66","000","00","011","1125","0048","333","258","75","43","376","652","0","57.67","39.57"
"66","000","00","011","1125","0049","379","283","96","43","422","870","0","48.51","32.53"
"66","000","00","011","1126","0000","847","655","192","64","911","1675","0","54.39","39.1"
"66","000","00","011","1126","0050","429","329","100","31","460","891","0","51.63","36.92"
"66","000","00","011","1126","0051","418","326","92","33","451","784","0","57.53","41.58"
"66","000","00","011","1127","0000","654","488","166","95","749","1368","0","54.75","35.67"
"66","000","00","011","1127","0052","654","488","166","95","749","1368","0","54.75","35.67"
"66","000","00","011","1128","0000","543","426","117","58","601","1126","0","53.37","37.83"
"66","000","00","011","1128","0053","543","426","117","58","601","1126","0","53.37","37.83"
"66","000","00","011","1129","0000","648","510","138","83","731","1486","0","49.19","34.32"
"66","000","00","011","1129","0054","648","510","138","83","731","1486","0","49.19","34.32"
"66","000","00","012","0000","0000","38364","29604","8760","3373","41737","71528","86659","58.35","41.39"
"66","000","00","012","1201","0000","553","422","131","26","579","1076","0","53.81","39.22"
"66","000","00","012","1201","0091","553","422","131","26","579","1076","0","53.81","39.22"
"66","000","00","012","1202","0000","570","433","137","56","626","953","0","65.69","45.44"
"66","000","00","012","1202","0092","570","433","137","56","626","953","0","65.69","45.44"
"66","000","00","012","1203","0000","1188","896","292","110","1298","2057","0","63.1","43.56"
"66","000","00","012","1203","0093","511","373","138","56","567","914","0","62.04","40.81"
"66","000","00","012","1203","0094","677","523","154","54","731","1143","0","63.95","45.76"
"66","000","00","012","1204","0000","391","295","96","34","425","680","0","62.5","43.38"
"66","000","00","012","1204","0095","391","295","96","34","425","680","0","62.5","43.38"
"66","000","00","012","1205","0000","1030","785","245","107","1137","1797","0","63.27","43.68"
"66","000","00","012","1205","0096","511","394","117","53","564","904","0","62.39","43.58"
"66","000","00","012","1205","0097","519","391","128","54","573","893","0","64.17","43.78"
"66","000","00","012","1206","0000","853","621","232","63","916","1577","0","58.08","39.38"
"66","000","00","012","1206","0098","853","621","232","63","916","1577","0","58.08","39.38"
"66","000","00","012","1207","0000","367","280","87","36","403","690","0","58.41","40.58"
"66","000","00","012","1207","0099","367","280","87","36","403","690","0","58.41","40.58"
"66","000","00","012","1208","0000","224","161","63","22","246","403","0","61.04","39.95"
"66","000","00","012","1208","0100","224","161","63","22","246","403","0","61.04","39.95"
"66","000","00","012","1209","0000","1179","911","268","122","1301","2190","0","59.41","41.6"
"66","000","00","012","1209","0101","777","603","174","66","843","1413","0","59.66","42.68"
"66","000","00","012","1209","0102","402","308","94","56","458","777","0","58.94","39.64"
"66","000","00","012","1210","0000","5292","4104","1188","300","5592","9237","0","60.54","44.43"
"66","000","00","012","1210","0103","748","571","177","45","793","1313","0","60.4","43.49"
"66","000","00","012","1210","0104","826","629","197","64","890","1439","0","61.85","43.71"
"66","000","00","012","1210","0105","652","490","162","29","681","1265","0","53.83","38.74"
"66","000","00","012","1210","0106","763","599","164","32","795","1277","0","62.26","46.91"
"66","000","00","012","1210","0107","715","572","143","53","768","1276","0","60.19","44.83"
"66","000","00","012","1210","0108","826","642","184","39","865","1376","0","62.86","46.66"
"66","000","00","012","1210","0109","762","601","161","38","800","1291","0","61.97","46.55"
"66","000","00","012","1211","0000","843","651","192","75","918","1510","0","60.79","43.11"
"66","000","00","012","1211","0110","843","651","192","75","918","1510","0","60.79","43.11"
"66","000","00","012","1212","0000","826","649","177","80","906","1524","0","59.45","42.59"
"66","000","00","012","1212","0111","826","649","177","80","906","1524","0","59.45","42.59"
"66","000","00","012","1213","0000","2309","1779","530","193","2502","4302","0","58.16","41.35"
"66","000","00","012","1213","0112","734","574","160","49","783","1474","0","53.12","38.94"
"66","000","00","012","1213","0113","803","615","188","55","858","1507","0","56.93","40.81"
"66","000","00","012","1213","0114","772","590","182","89","861","1321","0","65.18","44.66"
"66","000","00","012","1214","0000","1740","1341","399","117","1857","3293","0","56.39","40.72"
"66","000","00","012","1214","0115","568","424","144","35","603","1157","0","52.12","36.65"
"66","000","00","012","1214","0116","713","563","150","43","756","1255","0","60.24","44.86"
"66","000","00","012","1214","0117","459","354","105","39","498","881","0","56.53","40.18"
"66","000","00","012","1215","0000","1157","930","227","90","1247","2034","0","61.31","45.72"
"66","000","00","012","1215","0118","608","493","115","61","669","1083","0","61.77","45.52"
"66","000","00","012","1215","0119","549","437","112","29","578","951","0","60.78","45.95"
"66","000","00","012","1216","0000","2592","1954","638","217","2809","5145","0","54.6","37.98"
"66","000","00","012","1216","0120","711","571","140","71","782","1424","0","54.92","40.1"
"66","000","00","012","1216","0121","613","443","170","62","675","1233","0","54.74","35.93"
"66","000","00","012","1216","0122","607","423","184","22","629","1288","0","48.84","32.84"
"66","000","00","012","1216","0123","661","517","144","62","723","1200","0","60.25","43.08"
"66","000","00","012","1217","0000","1586","1292","294","82","1668","2745","0","60.77","47.07"
"66","000","00","012","1217","0124","914","782","132","45","959","1609","0","59.6","48.6"
"66","000","00","012","1217","0125","672","510","162","37","709","1136","0","62.41","44.89"
"66","000","00","012","1218","0000","647","531","116","78","725","1302","0","55.68","40.78"
"66","000","00","012","1218","0126","647","531","116","78","725","1302","0","55.68","40.78"
"66","000","00","012","1219","0000","688","553","135","88","776","1373","0","56.52","40.28"
"66","000","00","012","1219","0127","688","553","135","88","776","1373","0","56.52","40.28"
"66","000","00","012","1220","0000","580","443","137","76","656","1257","0","52.19","35.24"
"66","000","00","012","1220","0128","580","443","137","76","656","1257","0","52.19","35.24"
"66","000","00","012","1221","0000","549","423","126","62","611","1184","0","51.6","35.73"
"66","000","00","012","1221","0129","549","423","126","62","611","1184","0","51.6","35.73"
"66","000","00","012","1222","0000","669","534","135","73","742","1322","0","56.13","40.39"
"66","000","00","012","1222","0130","669","534","135","73","742","1322","0","56.13","40.39"
"66","000","00","012","1223","0000","1064","788","276","119","1183","2120","0","55.8","37.17"
"66","000","00","012","1223","0131","586","435","151","45","631","1193","0","52.89","36.46"
"66","000","00","012","1223","0132","478","353","125","74","552","927","0","59.55","38.08"
"66","000","00","012","1224","0000","1237","940","297","151","1388","2236","0","62.08","42.04"
"66","000","00","012","1224","0133","605","464","141","64","669","1073","0","62.35","43.24"
"66","000","00","012","1224","0134","632","476","156","87","719","1163","0","61.82","40.93"
"66","000","00","012","1225","0000","840","630","210","137","977","1757","0","55.61","35.86"
"66","000","00","012","1225","0135","415","323","92","62","477","855","0","55.79","37.78"
"66","000","00","012","1225","0136","425","307","118","75","500","902","0","55.43","34.04"
"66","000","00","012","1226","0000","1286","981","305","108","1394","2481","0","56.19","39.54"
"66","000","00","012","1226","0137","746","579","167","70","816","1415","0","57.67","40.92"
"66","000","00","012","1226","0138","540","402","138","38","578","1066","0","54.22","37.71"
"66","000","00","012","1227","0000","3853","2909","944","293","4146","7264","0","57.08","40.05"
"66","000","00","012","1227","0139","711","535","176","68","779","1391","0","56.0","38.46"
"66","000","00","012","1227","0140","728","547","181","37","765","1449","0","52.8","37.75"
"66","000","00","012","1227","0141","760","571","189","67","827","1377","0","60.06","41.47"
"66","000","00","012","1227","0142","773","593","180","65","838","1423","0","58.89","41.67"
"66","000","00","012","1227","0143","881","663","218","56","937","1624","0","57.7","40.83"
"66","000","00","012","1228","0000","1422","1115","307","180","1602","2822","0","56.77","39.51"
"66","000","00","012","1228","0144","673","515","158","81","754","1358","0","55.52","37.92"
"66","000","00","012","1228","0145","749","600","149","99","848","1464","0","57.92","40.98"
"66","000","00","012","1229","0000","672","515","157","72","744","1211","0","61.44","42.53"
"66","000","00","012","1229","0146","672","515","157","72","744","1211","0","61.44","42.53"
"66","000","00","012","1230","0000","644","514","130","81","725","1162","0","62.39","44.23"
"66","000","00","012","1230","0148","644","514","130","81","725","1162","0","62.39","44.23"
"66","000","00","012","1231","0000","784","640","144","89","873","1368","0","63.82","46.78"
"66","000","00","012","1231","0149","784","640","144","89","873","1368","0","63.82","46.78"
"66","000","00","012","1232","0000","729","584","145","36","765","1456","0","52.54","40.11"
"66","000","00","012","1232","0147","729","584","145","36","765","1456","0","52.54","40.11"
"66","000","00","013","0000","0000","38963","29978","8985","2982","41945","74207","93720","56.52","40.4"
"66","000","00","013","1301","0000","676","544","132","60","736","1380","0","53.33","39.42"
"66","000","00","013","1301","0186","676","544","132","60","736","1380","0","53.33","39.42"
"66","000","00","013","1302","0000","1162","883","279","85","1247","2028","0","61.49","43.54"
"66","000","00","013","1302","0187","473","358","115","47","520","852","0","61.03","42.02"
"66","000","00","013","1302","0188","689","525","164","38","727","1176","0","61.82","44.64"
"66","000","00","013","1303","0000","564","406","158","81","645","958","0","67.33","42.38"
"66","000","00","013","1303","0189","564","406","158","81","645","958","0","67.33","42.38"
"66","000","00","013","1304","0000","307","236","71","30","337","488","0","69.06","48.36"
"66","000","00","013","1304","0190","307","236","71","30","337","488","0","69.06","48.36"
"66","000","00","013","1305","0000","1310","959","351","112","1422","2462","0","57.76","38.95"
"66","000","00","013","1305","0191","644","467","177","44","688","1177","0","58.45","39.68"
"66","000","00","013","1305","0192","666","492","174","68","734","1285","0","57.12","38.29"
"66","000","00","013","1306","0000","2357","1795","562","164","2521","4336","0","58.14","41.4"
"66","000","00","013","1306","0195","750","574","176","37","787","1469","0","53.57","39.07"
"66","000","00","013","1306","0196","830","633","197","42","872","1423","0","61.28","44.48"
"66","000","00","013","1306","0197","777","588","189","85","862","1444","0","59.7","40.72"
"66","000","00","013","1307","0000","2695","2041","654","250","2945","5046","0","58.36","40.45"
"66","000","00","013","1307","0198","772","586","186","89","861","1469","0","58.61","39.89"
"66","000","00","013","1307","0199","1000","748","252","97","1097","1902","0","57.68","39.33"
"66","000","00","013","1307","0200","923","707","216","64","987","1675","0","58.93","42.21"
"66","000","00","013","1308","0000","3640","2708","932","290","3930","6728","0","58.41","40.25"
"66","000","00","013","1308","0201","574","431","143","61","635","1098","0","57.83","39.25"
"66","000","00","013","1308","0202","857","628","229","75","932","1539","0","60.56","40.81"
"66","000","00","013","1308","0203","747","569","178","40","787","1329","0","59.22","42.81"
"66","000","00","013","1308","0204","635","458","177","54","689","1255","0","54.9","36.49"
"66","000","00","013","1308","0205","827","622","205","60","887","1507","0","58.86","41.27"
"66","000","00","013","1309","0000","3766","2921","845","392","4158","7300","0","56.96","40.01"
"66","000","00","013","1309","0206","771","598","173","95","866","1463","0","59.19","40.87"
"66","000","00","013","1309","0207","627","476","151","80","707","1279","0","55.28","37.22"
"66","000","00","013","1309","0208","490","399","91","43","533","1024","0","52.05","38.96"
"66","000","00","013","1309","0209","670","528","142","82","752","1388","0","54.18","38.04"
"66","000","00","013","1309","0210","598","452","146","50","648","1074","0","60.34","42.09"
"66","000","00","013","1309","0211","610","468","142","42","652","1072","0","60.82","43.66"
"66","000","00","013","1310","0000","623","493","130","68","691","1107","0","62.42","44.53"
"66","000","00","013","1310","0212","623","493","130","68","691","1107","0","62.42","44.53"
"66","000","00","013","1311","0000","2388","1907","481","111","2499","4771","0","52.38","39.97"
"66","000","00","013","1311","0215","946","792","154","3","949","1633","0","58.11","48.5"
"66","000","00","013","1311","0216","738","569","169","58","796","1533","0","51.92","37.12"
"66","000","00","013","1311","0217","704","546","158","50","754","1605","0","46.98","34.02"
"66","000","00","013","1312","0000","1753","1365","388","135","1888","3629","0","52.03","37.61"
"66","000","00","013","1312","0213","924","715","209","64","988","1947","0","50.74","36.72"
"66","000","00","013","1312","0214","829","650","179","71","900","1682","0","53.51","38.64"
"66","000","00","013","1313","0000","835","671","164","40","875","1694","0","51.65","39.61"
"66","000","00","013","1313","0218","835","671","164","40","875","1694","0","51.65","39.61"
"66","000","00","013","1314","0000","2599","2007","592","145","2744","4944","0","55.5","40.59"
"66","000","00","013","1314","0219","816","623","193","57","873","1628","0","53.62","38.27"
"66","000","00","013","1314","0220","934","725","209","30","964","1665","0","57.9","43.54"
"66","000","00","013","1314","0221","849","659","190","58","907","1651","0","54.94","39.92"
"66","000","00","013","1315","0000","1868","1448","420","122","1990","3289","0","60.5","44.03"
"66","000","00","013","1315","0222","655","500","155","37","692","1108","0","62.45","45.13"
"66","000","00","013","1315","0223","648","498","150","52","700","1142","0","61.3","43.61"
"66","000","00","013","1315","0224","565","450","115","33","598","1039","0","57.56","43.31"
"66","000","00","013","1316","0000","2697","2081","616","192","2889","5270","0","54.82","39.49"
"66","000","00","013","1316","0225","944","715","229","69","1013","1840","0","55.05","38.86"
"66","000","00","013","1316","0226","984","763","221","52","1036","1872","0","55.34","40.76"
"66","000","00","013","1316","0227","769","603","166","71","840","1558","0","53.92","38.7"
"66","000","00","013","1317","0000","2310","1808","502","146","2456","4314","0","56.93","41.91"
"66","000","00","013","1317","0232","846","647","199","57","903","1593","0","56.69","40.62"
"66","000","00","013","1317","0233","500","412","88","27","527","981","0","53.72","42.0"
"66","000","00","013","1317","0234","964","749","215","62","1026","1740","0","58.97","43.05"
"66","000","00","013","1318","0000","1277","1012","265","82","1359","2294","0","59.24","44.12"
"66","000","00","013","1318","0235","698","531","167","65","763","1247","0","61.19","42.58"
"66","000","00","013","1318","0236","579","481","98","17","596","1047","0","56.92","45.94"
"66","000","00","013","1319","0000","1113","848","265","99","1212","2144","0","56.53","39.55"
"66","000","00","013","1319","0237","589","458","131","74","663","1119","0","59.25","40.93"
"66","000","00","013","1319","0238","524","390","134","25","549","1025","0","53.56","38.05"
"66","000","00","013","1320","0000","1753","1294","459","183","1936","3364","0","57.55","38.47"
"66","000","00","013","1320","0193","842","607","235","99","941","1736","0","54.21","34.97"
"66","000","00","013","1320","0194","911","687","224","84","995","1628","0","61.12","42.2"
"66","000","00","013","1321","0000","3270","2551","719","195","3465","6661","0","52.02","38.3"
"66","000","00","013","1321","0228","842","665","177","56","898","1739","0","51.64","38.24"
"66","000","00","013","1321","0229","789","599","190","44","833","1672","0","49.82","35.83"
"66","000","00","013","1321","0230","866","676","190","43","909","1634","0","55.63","41.37"
"66","000","00","013","1321","0231","773","611","162","52","825","1616","0","51.05","37.81"
"66","000","00","014","0000","0000","24605","18726","5879","2163","26768","47040","58189","56.9","39.81"
"66","000","00","014","1401","0000","1615","1217","398","132","1747","3122","0","55.96","38.98"
"66","000","00","014","1401","0150","801","600","201","67","868","1541","0","56.33","38.94"
"66","000","00","014","1401","0151","814","617","197","65","879","1581","0","55.6","39.03"
"66","000","00","014","1402","0000","1074","806","268","90","1164","1959","0","59.42","41.14"
"66","000","00","014","1402","0152","579","423","156","57","636","1083","0","58.73","39.06"
"66","000","00","014","1402","0153","495","383","112","33","528","876","0","60.27","43.72"
"66","000","00","014","1403","0000","2047","1564","483","151","2198","3929","0","55.94","39.81"
"66","000","00","014","1403","0154","554","406","148","63","617","1043","0","59.16","38.93"
"66","000","00","014","1403","0155","740","563","177","45","785","1502","0","52.26","37.48"
"66","000","00","014","1403","0156","753","595","158","43","796","1384","0","57.51","42.99"
"66","000","00","014","1404","0000","317","221","96","38","355","517","0","68.67","42.75"
"66","000","00","014","1404","0157","317","221","96","38","355","517","0","68.67","42.75"
"66","000","00","014","1405","0000","680","537","143","65","745","1169","0","63.73","45.94"
"66","000","00","014","1405","0158","680","537","143","65","745","1169","0","63.73","45.94"
"66","000","00","014","1406","0000","487","343","144","37","524","863","0","60.72","39.75"
"66","000","00","014","1406","0159","487","343","144","37","524","863","0","60.72","39.75"
"66","000","00","014","1407","0000","3125","2286","839","262","3387","6128","0","55.27","37.3"
"66","000","00","014","1407","0160","593","468","125","48","641","1277","0","50.2","36.65"
"66","000","00","014","1407","0161","877","632","245","61","938","1742","0","53.85","36.28"
"66","000","00","014","1407","0162","724","499","225","63","787","1342","0","58.64","37.18"
"66","000","00","014","1407","0163","931","687","244","90","1021","1767","0","57.78","38.88"
"66","000","00","014","1408","0000","2411","1799","612","216","2627","4974","0","52.81","36.17"
"66","000","00","014","1408","0164","722","540","182","70","792","1542","0","51.36","35.02"
"66","000","00","014","1408","0165","833","616","217","64","897","1636","0","54.83","37.65"
"66","000","00","014","1408","0166","856","643","213","82","938","1796","0","52.23","35.8"
"66","000","00","014","1409","0000","2205","1695","510","243","2448","4364","0","56.1","38.84"
"66","000","00","014","1409","0167","729","573","156","68","797","1450","0","54.97","39.52"
"66","000","00","014","1409","0168","725","555","170","124","849","1548","0","54.84","35.85"
"66","000","00","014","1409","0169","751","567","184","51","802","1366","0","58.71","41.51"
"66","000","00","014","1410","0000","3993","3162","831","335","4328","7342","0","58.95","43.07"
"66","000","00","014","1410","0170","577","467","110","32","609","955","0","63.77","48.9"
"66","000","00","014","1410","0171","656","502","154","60","716","1305","0","54.87","38.47"
"66","000","00","014","1410","0172","684","515","169","45","729","1239","0","58.84","41.57"
"66","000","00","014","1410","0173","595","483","112","72","667","1079","0","61.82","44.76"
"66","000","00","014","1410","0174","630","539","91","49","679","1220","0","55.66","44.18"
"66","000","00","014","1410","0175","851","656","195","77","928","1544","0","60.1","42.49"
"66","000","00","014","1411","0000","2980","2266","714","256","3236","5607","0","57.71","40.41"
"66","000","00","014","1411","0176","817","613","204","61","878","1460","0","60.14","41.99"
"66","000","00","014","1411","0177","723","566","157","61","784","1292","0","60.68","43.81"
"66","000","00","014","1411","0178","677","529","148","62","739","1300","0","56.85","40.69"
"66","000","00","014","1411","0179","763","558","205","72","835","1555","0","53.7","35.88"
"66","000","00","014","1412","0000","1222","962","260","117","1339","2308","0","58.02","41.68"
"66","000","00","014","1412","0180","526","414","112","47","573","1031","0","55.58","40.16"
"66","000","00","014","1412","0181","696","548","148","70","766","1277","0","59.98","42.91"
"66","000","00","014","1413","0000","1160","866","294","119","1279","2224","0","57.51","38.94"
"66","000","00","014","1413","0182","524","387","137","49","573","1037","0","55.26","37.32"
"66","000","00","014","1413","0183","636","479","157","70","706","1187","0","59.48","40.35"
"66","000","00","014","1414","0000","1289","1002","287","102","1391","2534","0","54.89","39.54"
"66","000","00","014","1414","0184","696","541","155","55","751","1399","0","53.68","38.67"
"66","000","00","014","1414","0185","593","461","132","47","640","1135","0","56.39","40.62"
"66","000","00","015","0000","0000","23836","18679","5157","2124","25960","44962","54682","57.74","41.54"
"66","000","00","015","1501","0000","1072","851","221","119","1191","1987","0","59.94","42.83"
"66","000","00","015","1501","0357","495","402","93","48","543","852","0","63.73","47.18"
"66","000","00","015","1501","0358","577","449","128","71","648","1135","0","57.09","39.56"
"66","000","00","015","1502","0000","521","396","125","52","573","1079","0","53.1","36.7"
"66","000","00","015","1502","0359","521","396","125","52","573","1079","0","53.1","36.7"
"66","000","00","015","1503","0000","1680","1370","310","158","1838","3130","0","58.72","43.77"
"66","000","00","015","1503","0360","836","683","153","77","913","1539","0","59.32","44.38"
"66","000","00","015","1503","0361","844","687","157","81","925","1591","0","58.14","43.18"
"66","000","00","015","1504","0000","2082","1624","458","207","2289","3701","0","61.85","43.88"
"66","000","00","015","1504","0364","759","587","172","91","850","1428","0","59.52","41.11"
"66","000","00","015","1504","0365","719","557","162","63","782","1178","0","66.38","47.28"
"66","000","00","015","1504","0366","604","480","124","53","657","1095","0","60.0","43.84"
"66","000","00","015","1505","0000","1109","859","250","78","1187","2126","0","55.83","40.4"
"66","000","00","015","1505","0367","504","393","111","25","529","963","0","54.93","40.81"
"66","000","00","015","1505","0368","605","466","139","53","658","1163","0","56.58","40.07"
"66","000","00","015","1506","0000","2632","2128","504","214","2846","4712","0","60.4","45.16"
"66","000","00","015","1506","0369","578","463","115","37","615","1018","0","60.41","45.48"
"66","000","00","015","1506","0370","504","407","97","59","563","854","0","65.93","47.66"
"66","000","00","015","1506","0371","743","590","153","70","813","1485","0","54.75","39.73"
"66","000","00","015","1506","0372","807","668","139","48","855","1355","0","63.1","49.3"
"66","000","00","015","1507","0000","1030","786","244","122","1152","1986","0","58.01","39.58"
"66","000","00","015","1507","0373","405","313","92","62","467","840","0","55.6","37.26"
"66","000","00","015","1507","0374","625","473","152","60","685","1146","0","59.77","41.27"
"66","000","00","015","1508","0000","1865","1489","376","197","2062","3342","0","61.7","44.55"
"66","000","00","015","1508","0375","935","747","188","87","1022","1669","0","61.23","44.76"
"66","000","00","015","1508","0376","930","742","188","110","1040","1673","0","62.16","44.35"
"66","000","00","015","1509","0000","1856","1445","411","145","2001","3454","0","57.93","41.84"
"66","000","00","015","1509","0377","821","653","168","50","871","1493","0","58.34","43.74"
"66","000","00","015","1509","0378","585","451","134","67","652","1052","0","61.98","42.87"
"66","000","00","015","1509","0379","450","341","109","28","478","909","0","52.59","37.51"
"66","000","00","015","1510","0000","1336","1041","295","165","1501","2433","0","61.69","42.79"
"66","000","00","015","1510","0380","591","452","139","83","674","1091","0","61.78","41.43"
"66","000","00","015","1510","0381","745","589","156","82","827","1342","0","61.62","43.89"
"66","000","00","015","1511","0000","1108","844","264","117","1225","2115","0","57.92","39.91"
"66","000","00","015","1511","0382","572","413","159","65","637","1138","0","55.98","36.29"
"66","000","00","015","1511","0383","536","431","105","52","588","977","0","60.18","44.11"
"66","000","00","015","1512","0000","700","549","151","46","746","1584","0","47.1","34.66"
"66","000","00","015","1512","0384","700","549","151","46","746","1584","0","47.1","34.66"
"66","000","00","015","1513","0000","1140","886","254","116","1256","2140","0","58.69","41.4"
"66","000","00","015","1513","0385","481","370","111","39","520","915","0","56.83","40.44"
"66","000","00","015","1513","0386","659","516","143","77","736","1225","0","60.08","42.12"
"66","000","00","015","1514","0000","1642","1311","331","76","1718","3152","0","54.51","41.59"
"66","000","00","015","1514","0387","803","654","149","47","850","1552","0","54.77","42.14"
"66","000","00","015","1514","0388","839","657","182","29","868","1600","0","54.25","41.06"
"66","000","00","015","1515","0000","646","480","166","66","712","1340","0","53.13","35.82"
"66","000","00","015","1515","0393","646","480","166","66","712","1340","0","53.13","35.82"
"66","000","00","015","1516","0000","1079","835","244","112","1191","2122","0","56.13","39.35"
"66","000","00","015","1516","0391","510","403","107","51","561","1055","0","53.18","38.2"
"66","000","00","015","1516","0392","569","432","137","61","630","1067","0","59.04","40.49"
"66","000","00","015","1517","0000","994","754","240","66","1060","1885","0","56.23","40.0"
"66","000","00","015","1517","0389","496","396","100","40","536","942","0","56.9","42.04"
"66","000","00","015","1517","0390","498","358","140","26","524","943","0","55.57","37.96"
"66","000","00","015","1518","0000","1344","1031","313","68","1412","2674","0","52.8","38.56"
"66","000","00","015","1518","0362","657","509","148","44","701","1376","0","50.94","36.99"
"66","000","00","015","1518","0363","687","522","165","24","711","1298","0","54.78","40.22"
"66","000","00","016","0000","0000","29461","22607","6854","2490","31951","54565","65692","58.56","41.43"
"66","000","00","016","1601","0000","1791","1435","356","131","1922","3243","0","59.27","44.25"
"66","000","00","016","1601","0482","938","762","176","62","1000","1684","0","59.38","45.25"
"66","000","00","016","1601","0483","853","673","180","69","922","1559","0","59.14","43.17"
"66","000","00","016","1602","0000","1227","931","296","99","1326","2139","0","61.99","43.53"
"66","000","00","016","1602","0484","576","444","132","42","618","1095","0","56.44","40.55"
"66","000","00","016","1602","0485","651","487","164","57","708","1044","0","67.82","46.65"
"66","000","00","016","1603","0000","1490","1123","367","191","1681","2604","0","64.55","43.13"
"66","000","00","016","1603","0486","771","584","187","82","853","1310","0","65.11","44.58"
"66","000","00","016","1603","0487","719","539","180","109","828","1294","0","63.99","41.65"
"66","000","00","016","1604","0000","1209","937","272","111","1320","2165","0","60.97","43.28"
"66","000","00","016","1604","0488","633","491","142","53","686","1143","0","60.02","42.96"
"66","000","00","016","1604","0489","576","446","130","58","634","1022","0","62.04","43.64"
"66","000","00","016","1605","0000","3851","3026","825","269","4120","7265","0","56.71","41.65"
"66","000","00","016","1605","0498","771","614","157","51","822","1452","0","56.61","42.29"
"66","000","00","016","1605","0499","887","703","184","67","954","1551","0","61.51","45.33"
"66","000","00","016","1605","0500","782","624","158","79","861","1567","0","54.95","39.82"
"66","000","00","016","1605","0501","795","616","179","46","841","1449","0","58.04","42.51"
"66","000","00","016","1605","0502","616","469","147","26","642","1246","0","51.52","37.64"
"66","000","00","016","1606","0000","2986","2294","692","254","3240","5267","0","61.52","43.55"
"66","000","00","016","1606","0503","794","616","178","60","854","1431","0","59.68","43.05"
"66","000","00","016","1606","0504","654","501","153","81","735","1163","0","63.2","43.08"
"66","000","00","016","1606","0505","840","634","206","61","901","1402","0","64.27","45.22"
"66","000","00","016","1606","0506","698","543","155","52","750","1271","0","59.01","42.72"
"66","000","00","016","1607","0000","1394","1074","320","133","1527","2510","0","60.84","42.79"
"66","000","00","016","1607","0507","670","510","160","56","726","1198","0","60.6","42.57"
"66","000","00","016","1607","0508","724","564","160","77","801","1312","0","61.05","42.99"
"66","000","00","016","1608","0000","1561","1179","382","106","1667","2885","0","57.78","40.87"
"66","000","00","016","1608","0512","882","674","208","58","940","1483","0","63.39","45.45"
"66","000","00","016","1608","0513","679","505","174","48","727","1402","0","51.85","36.02"
"66","000","00","016","1609","0000","2202","1683","519","176","2378","4329","0","54.93","38.88"
"66","000","00","016","1609","0509","824","638","186","77","901","1590","0","56.67","40.13"
"66","000","00","016","1609","0510","673","510","163","48","721","1324","0","54.46","38.52"
"66","000","00","016","1609","0511","705","535","170","51","756","1415","0","53.43","37.81"
"66","000","00","016","1610","0000","3824","2910","914","334","4158","7224","0","57.56","40.28"
"66","000","00","016","1610","0514","663","524","139","48","711","1275","0","55.76","41.1"
"66","000","00","016","1610","0515","634","464","170","73","707","1288","0","54.89","36.02"
"66","000","00","016","1610","0516","552","420","132","64","616","1080","0","57.04","38.89"
"66","000","00","016","1610","0517","686","511","175","31","717","1344","0","53.35","38.02"
"66","000","00","016","1610","0518","599","458","141","67","666","1061","0","62.77","43.17"
"66","000","00","016","1610","0519","690","533","157","51","741","1176","0","63.01","45.32"
"66","000","00","016","1611","0000","1491","1134","357","136","1627","2562","0","63.51","44.26"
"66","000","00","016","1611","0520","706","529","177","71","777","1244","0","62.46","42.52"
"66","000","00","016","1611","0521","785","605","180","65","850","1318","0","64.49","45.9"
"66","000","00","016","1612","0000","1535","1163","372","140","1675","2794","0","59.95","41.62"
"66","000","00","016","1612","0522","746","578","168","53","799","1471","0","54.32","39.29"
"66","000","00","016","1612","0523","789","585","204","87","876","1323","0","66.21","44.22"
"66","000","00","016","1613","0000","1115","881","234","86","1201","2354","0","51.02","37.43"
"66","000","00","016","1613","0490","638","490","148","54","692","1269","0","54.53","38.61"
"66","000","00","016","1613","0491","477","391","86","32","509","1085","0","46.91","36.04"
"66","000","00","016","1614","0000","2129","1608","521","186","2315","4090","0","56.6","39.32"
"66","000","00","016","1614","0494","716","548","168","54","770","1390","0","55.4","39.42"
"66","000","00","016","1614","0495","778","578","200","90","868","1372","0","63.27","42.13"
"66","000","00","016","1614","0496","635","482","153","42","677","1328","0","50.98","36.3"
"66","000","00","016","1615","0000","1123","830","293","107","1230","2096","0","58.68","39.6"
"66","000","00","016","1615","0492","529","377","152","66","595","942","0","63.16","40.02"
"66","000","00","016","1615","0493","594","453","141","41","635","1154","0","55.03","39.25"
"66","000","00","016","1616","0000","533","399","134","31","564","1038","0","54.34","38.44"
"66","000","00","016","1616","0497","533","399","134","31","564","1038","0","54.34","38.44"
"66","000","00","017","0000","0000","47565","37158","10407","3331","50896","89487","108777","56.88","41.52"
"66","000","00","017","1701","0000","5808","4547","1261","378","6186","10976","0","56.36","41.43"
"66","000","00","017","1701","0573","918","728","190","82","1000","1630","0","61.35","44.66"
"66","000","00","017","1701","0574","838","666","172","40","878","1532","0","57.31","43.47"
"66","000","00","017","1701","0575","823","639","184","43","866","1677","0","51.64","38.1"
"66","000","00","017","1701","0576","850","660","190","70","920","1744","0","52.75","37.84"
"66","000","00","017","1701","0577","976","739","237","57","1033","1795","0","57.55","41.17"
"66","000","00","017","1701","0578","628","494","134","45","673","1171","0","57.47","42.19"
"66","000","00","017","1701","0579","775","621","154","41","816","1427","0","57.18","43.52"
"66","000","00","017","1702","0000","725","561","164","58","783","1306","0","59.95","42.96"
"66","000","00","017","1702","0570","725","561","164","58","783","1306","0","59.95","42.96"
"66","000","00","017","1703","0000","1313","981","332","119","1432","2287","0","62.61","42.89"
"66","000","00","017","1703","0571","630","464","166","57","687","1128","0","60.9","41.13"
"66","000","00","017","1703","0572","683","517","166","62","745","1159","0","64.28","44.61"
"66","000","00","017","1704","0000","5439","4304","1135","339","5778","10187","0","56.72","42.25"
"66","000","00","017","1704","0580","901","693","208","64","965","1709","0","56.47","40.55"
"66","000","00","017","1704","0581","937","751","186","42","979","1723","0","56.82","43.59"
"66","000","00","017","1704","0582","928","734","194","56","984","1782","0","55.22","41.19"
"66","000","00","017","1704","0583","725","575","150","42","767","1407","0","54.51","40.87"
"66","000","00","017","1704","0584","957","767","190","42","999","1771","0","56.41","43.31"
"66","000","00","017","1704","0585","991","784","207","93","1084","1795","0","60.39","43.68"
"66","000","00","017","1705","0000","2825","2229","596","170","2995","5195","0","57.65","42.91"
"66","000","00","017","1705","0586","950","758","192","61","1011","1612","0","62.72","47.02"
"66","000","00","017","1705","0587","984","783","201","50","1034","1894","0","54.59","41.34"
"66","000","00","017","1705","0588","891","688","203","59","950","1689","0","56.25","40.73"
"66","000","00","017","1706","0000","5044","3973","1071","334","5378","9343","0","57.56","42.52"
"66","000","00","017","1706","0599","933","749","184","60","993","1666","0","59.6","44.96"
"66","000","00","017","1706","0600","906","720","186","76","982","1750","0","56.11","41.14"
"66","000","00","017","1706","0601","755","609","146","55","810","1437","0","56.37","42.38"
"66","000","00","017","1706","0602","927","729","198","49","976","1735","0","56.25","42.02"
"66","000","00","017","1706","0603","846","635","211","66","912","1612","0","56.58","39.39"
"66","000","00","017","1706","0604","677","531","146","28","705","1143","0","61.68","46.46"
"66","000","00","017","1707","0000","6342","4975","1367","401","6743","11996","0","56.21","41.47"
"66","000","00","017","1707","0605","1063","853","210","60","1123","2096","0","53.58","40.7"
"66","000","00","017","1707","0606","868","653","215","67","935","1549","0","60.36","42.16"
"66","000","00","017","1707","0607","855","650","205","35","890","1573","0","56.58","41.32"
"66","000","00","017","1707","0608","789","635","154","48","837","1585","0","52.81","40.06"
"66","000","00","017","1707","0609","824","658","166","55","879","1572","0","55.92","41.86"
"66","000","00","017","1707","0610","976","779","197","53","1029","1738","0","59.21","44.82"
"66","000","00","017","1707","0611","967","747","220","83","1050","1883","0","55.76","39.67"
"66","000","00","017","1708","0000","1527","1161","366","104","1631","2753","0","59.24","42.17"
"66","000","00","017","1708","0612","756","582","174","43","799","1401","0","57.03","41.54"
"66","000","00","017","1708","0613","771","579","192","61","832","1352","0","61.54","42.83"
"66","000","00","017","1709","0000","3112","2437","675","236","3348","5805","0","57.67","41.98"
"66","000","00","017","1709","0614","1130","913","217","98","1228","2085","0","58.9","43.79"
"66","000","00","017","1709","0615","1140","895","245","101","1241","2047","0","60.63","43.72"
"66","000","00","017","1709","0616","842","629","213","37","879","1673","0","52.54","37.6"
"66","000","00","017","1710","0000","2417","1825","592","216","2633","4599","0","57.25","39.68"
"66","000","00","017","1710","0617","1009","773","236","107","1116","1874","0","59.55","41.25"
"66","000","00","017","1710","0618","573","418","155","57","630","1051","0","59.94","39.77"
"66","000","00","017","1710","0619","835","634","201","52","887","1674","0","52.99","37.87"
"66","000","00","017","1711","0000","1988","1523","465","170","2158","3834","0","56.29","39.72"
"66","000","00","017","1711","0620","993","761","232","84","1077","1831","0","58.82","41.56"
"66","000","00","017","1711","0621","995","762","233","86","1081","2003","0","53.97","38.04"
"66","000","00","017","1712","0000","780","605","175","51","831","1535","0","54.14","39.41"
"66","000","00","017","1712","0622","780","605","175","51","831","1535","0","54.14","39.41"
"66","000","00","017","1713","0000","1970","1555","415","193","2163","4147","0","52.16","37.5"
"66","000","00","017","1713","0623","1048","836","212","118","1166","2286","0","51.01","36.57"
"66","000","00","017","1713","0624","922","719","203","75","997","1861","0","53.57","38.64"
"66","000","00","017","1714","0000","2245","1741","504","185","2430","4347","0","55.9","40.05"
"66","000","00","017","1714","0589","751","593","158","53","804","1525","0","52.72","38.89"
"66","000","00","017","1714","0590","853","653","200","54","907","1622","0","55.92","40.26"
"66","000","00","017","1714","0591","641","495","146","78","719","1200","0","59.92","41.25"
"66","000","00","017","1715","0000","3501","2783","718","174","3675","6729","0","54.61","41.36"
"66","000","00","017","1715","0592","694","552","142","25","719","1355","0","53.06","40.74"
"66","000","00","017","1715","0593","923","724","199","38","961","1777","0","54.08","40.74"
"66","000","00","017","1715","0594","1041","836","205","33","1074","1923","0","55.85","43.47"
"66","000","00","017","1715","0595","843","671","172","78","921","1674","0","55.02","40.08"
"66","000","00","017","1716","0000","2529","1958","571","203","2732","4448","0","61.42","44.02"
"66","000","00","017","1716","0596","853","675","178","60","913","1451","0","62.92","46.52"
"66","000","00","017","1716","0597","829","628","201","73","902","1486","0","60.7","42.26"
"66","000","00","017","1716","0598","847","655","192","70","917","1511","0","60.69","43.35"
"66","000","00","018","0000","0000","40958","32177","8781","2890","43848","77189","95703","56.81","41.69"
"66","000","00","018","1801","0000","2487","1898","589","162","2649","4378","0","60.51","43.35"
"66","000","00","018","1801","0527","887","695","192","51","938","1537","0","61.03","45.22"
"66","000","00","018","1801","0528","814","612","202","60","874","1439","0","60.74","42.53"
"66","000","00","018","1801","0529","786","591","195","51","837","1402","0","59.7","42.15"
"66","000","00","018","1802","0000","5088","3923","1165","378","5466","9096","0","60.09","43.13"
"66","000","00","018","1802","0553","924","699","225","62","986","1568","0","62.88","44.58"
"66","000","00","018","1802","0554","941","685","256","69","1010","1761","0","57.35","38.9"
"66","000","00","018","1802","0555","979","755","224","91","1070","1752","0","61.07","43.09"
"66","000","00","018","1802","0556","719","571","148","36","755","1264","0","59.73","45.17"
"66","000","00","018","1802","0557","753","603","150","59","812","1302","0","62.37","46.31"
"66","000","00","018","1802","0558","772","610","162","61","833","1449","0","57.49","42.1"
"66","000","00","018","1803","0000","3216","2557","659","275","3491","6169","0","56.59","41.45"
"66","000","00","018","1803","0559","901","702","199","95","996","1621","0","61.44","43.31"
"66","000","00","018","1803","0560","824","661","163","101","925","1647","0","56.16","40.13"
"66","000","00","018","1803","0561","739","582","157","42","781","1441","0","54.2","40.39"
"66","000","00","018","1803","0562","752","612","140","37","789","1460","0","54.04","41.92"
"66","000","00","018","1804","0000","1841","1420","421","155","1996","3203","0","62.32","44.33"
"66","000","00","018","1804","0563","1044","799","245","82","1126","1832","0","61.46","43.61"
"66","000","00","018","1804","0564","797","621","176","73","870","1371","0","63.46","45.3"
"66","000","00","018","1805","0000","1760","1458","302","191","1951","3617","0","53.94","40.31"
"66","000","00","018","1805","0568","919","762","157","71","990","1733","0","57.13","43.97"
"66","000","00","018","1805","0569","841","696","145","120","961","1884","0","51.01","36.94"
"66","000","00","018","1806","0000","2211","1687","524","128","2339","4226","0","55.35","39.92"
"66","000","00","018","1806","0565","673","512","161","9","682","1418","0","48.1","36.11"
"66","000","00","018","1806","0566","818","637","181","47","865","1473","0","58.72","43.25"
"66","000","00","018","1806","0567","720","538","182","72","792","1335","0","59.33","40.3"
"66","000","00","018","1807","0000","2833","2206","627","183","3016","5183","0","58.19","42.56"
"66","000","00","018","1807","0533","1021","809","212","57","1078","1887","0","57.13","42.87"
"66","000","00","018","1807","0534","850","646","204","58","908","1480","0","61.35","43.65"
"66","000","00","018","1807","0535","962","751","211","68","1030","1816","0","56.72","41.35"
"66","000","00","018","1808","0000","2494","1939","555","196","2690","4728","0","56.9","41.01"
"66","000","00","018","1808","0542","849","674","175","81","930","1635","0","56.88","41.22"
"66","000","00","018","1808","0543","867","666","201","55","922","1565","0","58.91","42.56"
"66","000","00","018","1808","0544","778","599","179","60","838","1528","0","54.84","39.2"
"66","000","00","018","1809","0000","3016","2359","657","173","3189","6020","0","52.97","39.19"
"66","000","00","018","1809","0545","976","774","202","52","1028","1963","0","52.37","39.43"
"66","000","00","018","1809","0546","1002","780","222","58","1060","2073","0","51.13","37.63"
"66","000","00","018","1809","0547","1038","805","233","63","1101","1984","0","55.49","40.57"
"66","000","00","018","1810","0000","3045","2617","428","229","3274","5882","0","55.66","44.49"
"66","000","00","018","1810","0536","895","697","198","85","980","1898","0","51.63","36.72"
"66","000","00","018","1810","0537","1075","860","215","75","1150","2008","0","57.27","42.83"
"66","000","00","018","1810","0538","1075","1060","15","69","1144","1976","0","57.89","53.64"
"66","000","00","018","1811","0000","2520","1942","578","130","2650","4464","0","59.36","43.5"
"66","000","00","018","1811","0539","925","725","200","51","976","1673","0","58.34","43.34"
"66","000","00","018","1811","0540","828","634","194","41","869","1409","0","61.67","45.0"
"66","000","00","018","1811","0541","767","583","184","38","805","1382","0","58.25","42.19"
"66","000","00","018","1812","0000","2993","2378","615","171","3164","5906","0","53.57","40.26"
"66","000","00","018","1812","0524","1088","864","224","74","1162","2027","0","57.33","42.62"
"66","000","00","018","1812","0525","940","733","207","40","980","1967","0","49.82","37.26"
"66","000","00","018","1812","0526","965","781","184","57","1022","1912","0","53.45","40.85"
"66","000","00","018","1813","0000","3165","2425","740","175","3340","5941","0","56.22","40.82"
"66","000","00","018","1813","0530","1076","840","236","46","1122","2013","0","55.74","41.73"
"66","000","00","018","1813","0531","1051","796","255","80","1131","1917","0","59.0","41.52"
"66","000","00","018","1813","0532","1038","789","249","49","1087","2011","0","54.05","39.23"
"66","000","00","018","1814","0000","2583","2015","568","217","2800","4776","0","58.63","42.19"
"66","000","00","018","1814","0548","873","679","194","73","946","1688","0","56.04","40.23"
"66","000","00","018","1814","0549","772","603","169","50","822","1387","0","59.26","43.48"
"66","000","00","018","1814","0550","938","733","205","94","1032","1701","0","60.67","43.09"
"66","000","00","018","1815","0000","1706","1353","353","127","1833","3600","0","50.92","37.58"
"66","000","00","018","1815","0551","903","699","204","72","975","1721","0","56.65","40.62"
"66","000","00","018","1815","0552","803","654","149","55","858","1879","0","45.66","34.81"
"66","000","00","019","0000","0000","9806","7705","2101","956","10762","20860","24605","51.59","36.94"
"66","000","00","019","1901","0000","1734","1333","401","122","1856","3259","0","56.95","40.9"
"66","000","00","019","1901","1562","516","390","126","34","550","1011","0","54.4","38.58"
"66","000","00","019","1901","1563","636","483","153","43","679","1195","0","56.82","40.42"
"66","000","00","019","1901","1564","582","460","122","45","627","1053","0","59.54","43.68"
"66","000","00","019","1902","0000","817","637","180","50","867","1880","0","46.12","33.88"
"66","000","00","019","1902","1565","368","289","79","28","396","961","0","41.21","30.07"
"66","000","00","019","1902","1566","449","348","101","22","471","919","0","51.25","37.87"
"66","000","00","019","1903","0000","761","602","159","72","833","1367","0","60.94","44.04"
"66","000","00","019","1903","1567","761","602","159","72","833","1367","0","60.94","44.04"
"66","000","00","019","1904","0000","470","352","118","38","508","1010","0","50.3","34.85"
"66","000","00","019","1904","1568","470","352","118","38","508","1010","0","50.3","34.85"
"66","000","00","019","1905","0000","488","385","103","71","559","1169","0","47.82","32.93"
"66","000","00","019","1905","1569","488","385","103","71","559","1169","0","47.82","32.93"
"66","000","00","019","1906","0000","927","721","206","100","1027","1883","0","54.54","38.29"
"66","000","00","019","1906","1570","495","377","118","69","564","989","0","57.03","38.12"
"66","000","00","019","1906","1571","432","344","88","31","463","894","0","51.79","38.48"
"66","000","00","019","1907","0000","1247","987","260","85","1332","2936","0","45.37","33.62"
"66","000","00","019","1907","1572","488","392","96","22","510","1033","0","49.37","37.95"
"66","000","00","019","1907","1573","397","322","75","37","434","1058","0","41.02","30.43"
"66","000","00","019","1907","1574","362","273","89","26","388","845","0","45.92","32.31"
"66","000","00","019","1908","0000","349","276","73","34","383","576","0","66.49","47.92"
"66","000","00","019","1908","1575","349","276","73","34","383","576","0","66.49","47.92"
"66","000","00","019","1909","0000","1263","987","276","153","1416","2900","0","48.83","34.03"
"66","000","00","019","1909","1576","549","429","120","74","623","1229","0","50.69","34.91"
"66","000","00","019","1909","1577","363","281","82","38","401","890","0","45.06","31.57"
"66","000","00","019","1909","1578","351","277","74","41","392","781","0","50.19","35.47"
"66","000","00","019","1910","0000","605","491","114","74","679","1244","0","54.58","39.47"
"66","000","00","019","1910","1579","605","491","114","74","679","1244","0","54.58","39.47"
"66","000","00","019","1911","0000","331","264","67","56","387","889","0","43.53","29.7"
"66","000","00","019","1911","1580","63","52","11","15","78","213","0","36.62","24.41"
"66","000","00","019","1911","1581","268","212","56","41","309","676","0","45.71","31.36"
"66","000","00","019","1912","0000","244","200","44","35","279","585","0","47.69","34.19"
"66","000","00","019","1912","1582","244","200","44","35","279","585","0","47.69","34.19"
"66","000","00","019","1913","0000","570","470","100","66","636","1162","0","54.73","40.45"
"66","000","00","019","1913","1583","475","390","85","51","526","938","0","56.08","41.58"
"66","000","00","019","1913","1584","95","80","15","15","110","224","0","49.11","35.71"
"66","000","00","020","0000","0000","6914","5359","1555","695","7609","12880","14968","59.08","41.61"
"66","000","00","020","2001","0000","672","521","151","54","726","1244","0","58.36","41.88"
"66","000","00","020","2001","1552","672","521","151","54","726","1244","0","58.36","41.88"
"66","000","00","020","2002","0000","797","612","185","67","864","1539","0","56.14","39.77"
"66","000","00","020","2002","1553","797","612","185","67","864","1539","0","56.14","39.77"
"66","000","00","020","2003","0000","648","485","163","62","710","1202","0","59.07","40.35"
"66","000","00","020","2003","1554","648","485","163","62","710","1202","0","59.07","40.35"
"66","000","00","020","2004","0000","619","478","141","78","697","1272","0","54.8","37.58"
"66","000","00","020","2004","1555","619","478","141","78","697","1272","0","54.8","37.58"
"66","000","00","020","2005","0000","344","274","70","47","391","652","0","59.97","42.02"
"66","000","00","020","2005","1556","344","274","70","47","391","652","0","59.97","42.02"
"66","000","00","020","2006","0000","861","668","193","98","959","1457","0","65.82","45.85"
"66","000","00","020","2006","1557","861","668","193","98","959","1457","0","65.82","45.85"
"66","000","00","020","2007","0000","939","721","218","97","1036","1836","0","56.43","39.27"
"66","000","00","020","2007","1558","939","721","218","97","1036","1836","0","56.43","39.27"
"66","000","00","020","2008","0000","524","425","99","55","579","1001","0","57.84","42.46"
"66","000","00","020","2008","1559","524","425","99","55","579","1001","0","57.84","42.46"
"66","000","00","020","2009","0000","814","627","187","70","884","1448","0","61.05","43.3"
"66","000","00","020","2009","1560","814","627","187","70","884","1448","0","61.05","43.3"
"66","000","00","020","2010","0000","696","548","148","67","763","1229","0","62.08","44.59"
"66","000","00","020","2010","1561","696","548","148","67","763","1229","0","62.08","44.59"
"66","000","00","021","0000","0000","14389","11290","3099","1294","15683","27059","32202","57.96","41.72"
"66","000","00","021","2101","0000","534","416","118","66","600","1059","0","56.66","39.28"
"66","000","00","021","2101","0071","534","416","118","66","600","1059","0","56.66","39.28"
"66","000","00","021","2102","0000","1204","968","236","96","1300","2163","0","60.1","44.75"
"66","000","00","021","2102","0072","560","440","120","28","588","1013","0","58.05","43.44"
"66","000","00","021","2102","0073","644","528","116","68","712","1150","0","61.91","45.91"
"66","000","00","021","2103","0000","961","739","222","109","1070","1902","0","56.26","38.85"
"66","000","00","021","2103","0081","961","739","222","109","1070","1902","0","56.26","38.85"
"66","000","00","021","2104","0000","2681","2143","538","167","2848","4635","0","61.45","46.24"
"66","000","00","021","2104","0074","1106","904","202","72","1178","1855","0","63.5","48.73"
"66","000","00","021","2104","0075","753","587","166","41","794","1327","0","59.83","44.24"
"66","000","00","021","2104","0076","822","652","170","54","876","1453","0","60.29","44.87"
"66","000","00","021","2105","0000","1991","1547","444","196","2187","3446","0","63.46","44.89"
"66","000","00","021","2105","0082","669","515","154","62","731","1138","0","64.24","45.25"
"66","000","00","021","2105","0083","597","465","132","82","679","1065","0","63.76","43.66"
"66","000","00","021","2105","0084","725","567","158","52","777","1243","0","62.51","45.62"
"66","000","00","021","2106","0000","3220","2511","709","266","3486","6297","0","55.36","39.88"
"66","000","00","021","2106","0077","841","686","155","85","926","1653","0","56.02","41.5"
"66","000","00","021","2106","0078","817","637","180","56","873","1615","0","54.06","39.44"
"66","000","00","021","2106","0079","726","555","171","47","773","1470","0","52.59","37.76"
"66","000","00","021","2106","0080","836","633","203","78","914","1559","0","58.63","40.6"
"66","000","00","021","2107","0000","703","562","141","68","771","1391","0","55.43","40.4"
"66","000","00","021","2107","0088","703","562","141","68","771","1391","0","55.43","40.4"
"66","000","00","021","2108","0000","715","558","157","65","780","1216","0","64.14","45.89"
"66","000","00","021","2108","0087","715","558","157","65","780","1216","0","64.14","45.89"
"66","000","00","021","2109","0000","1072","847","225","110","1182","2131","0","55.47","39.75"
"66","000","00","021","2109","0085","480","375","105","49","529","962","0","54.99","38.98"
"66","000","00","021","2109","0086","592","472","120","61","653","1169","0","55.86","40.38"
"66","000","00","021","2110","0000","807","602","205","99","906","1616","0","56.06","37.25"
"66","000","00","021","2110","0089","807","602","205","99","906","1616","0","56.06","37.25"
"66","000","00","021","2111","0000","501","397","104","52","553","1203","0","45.97","33.0"
"66","000","00","021","2111","0090","501","397","104","52","553","1203","0","45.97","33.0"
"66","000","00","022","0000","0000","8684","6763","1921","1010","9694","16520","19250","58.68","40.94"
"66","000","00","022","2201","0000","500","399","101","70","570","1068","0","53.37","37.36"
"66","000","00","022","2201","0055","500","399","101","70","570","1068","0","53.37","37.36"
"66","000","00","022","2202","0000","538","428","110","75","613","1050","0","58.38","40.76"
"66","000","00","022","2202","0056","538","428","110","75","613","1050","0","58.38","40.76"
"66","000","00","022","2203","0000","1384","1041","343","146","1530","2643","0","57.89","39.39"
"66","000","00","022","2203","0057","672","502","170","80","752","1246","0","60.35","40.29"
"66","000","00","022","2203","0058","712","539","173","66","778","1397","0","55.69","38.58"
"66","000","00","022","2204","0000","834","669","165","106","940","1581","0","59.46","42.31"
"66","000","00","022","2204","0061","536","428","108","59","595","914","0","65.1","46.83"
"66","000","00","022","2204","0062","298","241","57","47","345","667","0","51.72","36.13"
"66","000","00","022","2205","0000","611","481","130","77","688","1170","0","58.8","41.11"
"66","000","00","022","2205","0060","611","481","130","77","688","1170","0","58.8","41.11"
"66","000","00","022","2206","0000","688","511","177","71","759","1227","0","61.86","41.65"
"66","000","00","022","2206","0059","688","511","177","71","759","1227","0","61.86","41.65"
"66","000","00","022","2207","0000","426","347","79","60","486","890","0","54.61","38.99"
"66","000","00","022","2207","0063","426","347","79","60","486","890","0","54.61","38.99"
"66","000","00","022","2208","0000","853","657","196","118","971","1744","0","55.68","37.67"
"66","000","00","022","2208","0064","647","502","145","83","730","1289","0","56.63","38.94"
"66","000","00","022","2208","0065","206","155","51","35","241","455","0","52.97","34.07"
"66","000","00","022","2209","0000","545","425","120","42","587","1028","0","57.1","41.34"
"66","000","00","022","2209","0066","545","425","120","42","587","1028","0","57.1","41.34"
"66","000","00","022","2210","0000","770","603","167","90","860","1446","0","59.47","41.7"
"66","000","00","022","2210","0067","770","603","167","90","860","1446","0","59.47","41.7"
"66","000","00","022","2211","0000","989","796","193","107","1096","1750","0","62.63","45.49"
"66","000","00","022","2211","0068","409","340","69","37","446","688","0","64.83","49.42"
"66","000","00","022","2211","0069","580","456","124","70","650","1062","0","61.21","42.94"
"66","000","00","022","2212","0000","546","406","140","48","594","923","0","64.36","43.99"
"66","000","00","022","2212","0070","546","406","140","48","594","923","0","64.36","43.99"
"66","000","00","023","0000","0000","32976","25559","7417","2718","35694","61705","75275","57.85","41.42"
"66","000","00","023","2301","0000","4641","3555","1086","383","5024","8455","0","59.42","42.05"
"66","000","00","023","2301","0317","866","637","229","65","931","1480","0","62.91","43.04"
"66","000","00","023","2301","0318","996","772","224","93","1089","1841","0","59.15","41.93"
"66","000","00","023","2301","0319","908","681","227","81","989","1751","0","56.48","38.89"
"66","000","00","023","2301","0320","873","672","201","94","967","1547","0","62.51","43.44"
"66","000","00","023","2301","0321","998","793","205","50","1048","1836","0","57.08","43.19"
"66","000","00","023","2302","0000","1401","1059","342","158","1559","2534","0","61.52","41.79"
"66","000","00","023","2302","0322","733","539","194","85","818","1239","0","66.02","43.5"
"66","000","00","023","2302","0323","668","520","148","73","741","1295","0","57.22","40.15"
"66","000","00","023","2303","0000","2460","1927","533","191","2651","4707","0","56.32","40.94"
"66","000","00","023","2303","0324","662","507","155","52","714","1263","0","56.53","40.14"
"66","000","00","023","2303","0325","865","678","187","40","905","1622","0","55.8","41.8"
"66","000","00","023","2303","0326","933","742","191","99","1032","1822","0","56.64","40.72"
"66","000","00","023","2304","0000","2614","2081","533","173","2787","4813","0","57.91","43.24"
"66","000","00","023","2304","0327","1026","819","207","69","1095","1966","0","55.7","41.66"
"66","000","00","023","2304","0328","885","706","179","62","947","1615","0","58.64","43.72"
"66","000","00","023","2304","0329","703","556","147","42","745","1232","0","60.47","45.13"
"66","000","00","023","2305","0000","1254","1034","220","77","1331","2512","0","52.99","41.16"
"66","000","00","023","2305","0330","677","557","120","37","714","1347","0","53.01","41.35"
"66","000","00","023","2305","0331","577","477","100","40","617","1165","0","52.96","40.94"
"66","000","00","023","2306","0000","6929","5224","1705","481","7410","12812","0","57.84","40.77"
"66","000","00","023","2306","0332","938","742","196","44","982","1664","0","59.01","44.59"
"66","000","00","023","2306","0333","719","560","159","62","781","1230","0","63.5","45.53"
"66","000","00","023","2306","0334","903","680","223","94","997","1574","0","63.34","43.2"
"66","000","00","023","2306","0335","863","655","208","54","917","1452","0","63.15","45.11"
"66","000","00","023","2306","0336","903","729","174","71","974","1879","0","51.84","38.8"
"66","000","00","023","2306","0337","844","639","205","48","892","1601","0","55.72","39.91"
"66","000","00","023","2306","0338","885","654","231","68","953","1546","0","61.64","42.3"
"66","000","00","023","2306","0339","874","565","309","40","914","1866","0","48.98","30.28"
"66","000","00","023","2307","0000","4062","3123","939","298","4360","7449","0","58.53","41.93"
"66","000","00","023","2307","0340","1081","793","288","86","1167","1938","0","60.22","40.92"
"66","000","00","023","2307","0341","957","738","219","75","1032","1759","0","58.67","41.96"
"66","000","00","023","2307","0342","1083","843","240","78","1161","2061","0","56.33","40.9"
"66","000","00","023","2307","0343","941","749","192","59","1000","1691","0","59.14","44.29"
"66","000","00","023","2308","0000","1325","966","359","82","1407","2260","0","62.26","42.74"
"66","000","00","023","2308","0344","641","460","181","43","684","1039","0","65.83","44.27"
"66","000","00","023","2308","0345","684","506","178","39","723","1221","0","59.21","41.44"
"66","000","00","023","2309","0000","876","657","219","101","977","1650","0","59.21","39.82"
"66","000","00","023","2309","0346","876","657","219","101","977","1650","0","59.21","39.82"
"66","000","00","023","2310","0000","1222","1057","165","93","1315","2157","0","60.96","49.0"
"66","000","00","023","2310","0347","540","511","29","42","582","937","0","62.11","54.54"
"66","000","00","023","2310","0348","682","546","136","51","733","1220","0","60.08","44.75"
"66","000","00","023","2311","0000","816","763","53","132","948","2139","0","44.32","35.67"
"66","000","00","023","2311","0349","816","763","53","132","948","2139","0","44.32","35.67"
"66","000","00","023","2312","0000","2350","1802","548","223","2573","4356","0","59.07","41.37"
"66","000","00","023","2312","0350","794","620","174","87","881","1371","0","64.26","45.22"
"66","000","00","023","2312","0351","688","535","153","61","749","1277","0","58.65","41.9"
"66","000","00","023","2312","0352","868","647","221","75","943","1708","0","55.21","37.88"
"66","000","00","023","2313","0000","1057","841","216","89","1146","2048","0","55.96","41.06"
"66","000","00","023","2313","0353","1057","841","216","89","1146","2048","0","55.96","41.06"
"66","000","00","023","2314","0000","818","617","201","88","906","1632","0","55.51","37.81"
"66","000","00","023","2314","0354","818","617","201","88","906","1632","0","55.51","37.81"
"66","000","00","023","2315","0000","727","535","192","78","805","1327","0","60.66","40.32"
"66","000","00","023","2315","0355","727","535","192","78","805","1327","0","60.66","40.32"
"66","000","00","023","2316","0000","424","318","106","71","495","854","0","57.96","37.24"
"66","000","00","023","2316","0356","424","318","106","71","495","854","0","57.96","37.24"
"66","000","00","024","0000","0000","25279","19777","5502","2139","27418","47457","57267","57.77","41.67"
"66","000","00","024","2401","0000","2285","1783","502","170","2455","4327","0","56.74","41.21"
"66","000","00","024","2401","0284","747","583","164","41","788","1415","0","55.69","41.2"
"66","000","00","024","2401","0285","683","530","153","63","746","1392","0","53.59","38.07"
"66","000","00","024","2401","0286","855","670","185","66","921","1520","0","60.59","44.08"
"66","000","00","024","2402","0000","527","403","124","56","583","862","0","67.63","46.75"
"66","000","00","024","2402","0287","527","403","124","56","583","862","0","67.63","46.75"
"66","000","00","024","2403","0000","1968","1533","435","171","2139","3558","0","60.12","43.09"
"66","000","00","024","2403","0288","720","555","165","57","777","1256","0","61.86","44.19"
"66","000","00","024","2403","0289","678","537","141","69","747","1292","0","57.82","41.56"
"66","000","00","024","2403","0290","570","441","129","45","615","1010","0","60.89","43.66"
"66","000","00","024","2404","0000","822","635","187","96","918","1485","0","61.82","42.76"
"66","000","00","024","2404","0291","822","635","187","96","918","1485","0","61.82","42.76"
"66","000","00","024","2405","0000","1362","1087","275","136","1498","2440","0","61.39","44.55"
"66","000","00","024","2405","0292","684","552","132","71","755","1190","0","63.45","46.39"
"66","000","00","024","2405","0293","678","535","143","65","743","1250","0","59.44","42.8"
"66","000","00","024","2406","0000","1402","1100","302","111","1513","2604","0","58.1","42.24"
"66","000","00","024","2406","0294","722","569","153","55","777","1310","0","59.31","43.44"
"66","000","00","024","2406","0295","680","531","149","56","736","1294","0","56.88","41.04"
"66","000","00","024","2407","0000","1673","1269","404","146","1819","3050","0","59.64","41.61"
"66","000","00","024","2407","0296","1008","757","251","65","1073","1734","0","61.88","43.66"
"66","000","00","024","2407","0297","665","512","153","81","746","1316","0","56.69","38.91"
"66","000","00","024","2408","0000","1208","1032","176","94","1302","2127","0","61.21","48.52"
"66","000","00","024","2408","0298","465","353","112","44","509","854","0","59.6","41.33"
"66","000","00","024","2408","0299","743","679","64","50","793","1273","0","62.29","53.34"
"66","000","00","024","2409","0000","509","396","113","25","534","851","0","62.75","46.53"
"66","000","00","024","2409","0300","509","396","113","25","534","851","0","62.75","46.53"
"66","000","00","024","2410","0000","855","693","162","48","903","1629","0","55.43","42.54"
"66","000","00","024","2410","0301","855","693","162","48","903","1629","0","55.43","42.54"
"66","000","00","024","2411","0000","853","674","179","109","962","1709","0","56.29","39.44"
"66","000","00","024","2411","0302","853","674","179","109","962","1709","0","56.29","39.44"
"66","000","00","024","2412","0000","456","362","94","53","509","953","0","53.41","37.99"
"66","000","00","024","2412","0303","456","362","94","53","509","953","0","53.41","37.99"
"66","000","00","024","2413","0000","751","574","177","62","813","1336","0","60.85","42.96"
"66","000","00","024","2413","0304","751","574","177","62","813","1336","0","60.85","42.96"
"66","000","00","024","2414","0000","3798","2941","857","288","4086","7282","0","56.11","40.39"
"66","000","00","024","2414","0305","1051","781","270","91","1142","2113","0","54.05","36.96"
"66","000","00","024","2414","0306","907","708","199","110","1017","1730","0","58.79","40.92"
"66","000","00","024","2414","0307","909","710","199","34","943","1692","0","55.73","41.96"
"66","000","00","024","2414","0308","931","742","189","53","984","1747","0","56.33","42.47"
"66","000","00","024","2415","0000","2576","2021","555","202","2778","5020","0","55.34","40.26"
"66","000","00","024","2415","0309","885","721","164","73","958","1672","0","57.3","43.12"
"66","000","00","024","2415","0310","826","627","199","57","883","1675","0","52.72","37.43"
"66","000","00","024","2415","0311","865","673","192","72","937","1673","0","56.01","40.23"
"66","000","00","024","2416","0000","2385","1788","597","200","2585","4732","0","54.63","37.79"
"66","000","00","024","2416","0312","907","683","224","56","963","1636","0","58.86","41.75"
"66","000","00","024","2416","0313","841","620","221","103","944","1753","0","53.85","35.37"
"66","000","00","024","2416","0314","637","485","152","41","678","1343","0","50.48","36.11"
"66","000","00","024","2417","0000","1849","1486","363","172","2021","3492","0","57.88","42.55"
"66","000","00","024","2417","0315","927","739","188","65","992","1822","0","54.45","40.56"
"66","000","00","024","2417","0316","922","747","175","107","1029","1670","0","61.62","44.73"
"66","000","00","025","0000","0000","32894","25170","7724","2476","35370","63584","77922","55.63","39.59"
"66","000","00","025","2501","0000","1642","1260","382","132","1774","3033","0","58.49","41.54"
"66","000","00","025","2501","0239","963","735","228","83","1046","1758","0","59.5","41.81"
"66","000","00","025","2501","0240","679","525","154","49","728","1275","0","57.1","41.18"
"66","000","00","025","2502","0000","1316","1107","209","94","1410","2782","0","50.68","39.79"
"66","000","00","025","2502","0241","639","590","49","29","668","1379","0","48.44","42.78"
"66","000","00","025","2502","0242","677","517","160","65","742","1403","0","52.89","36.85"
"66","000","00","025","2503","0000","996","754","242","100","1096","1875","0","58.45","40.21"
"66","000","00","025","2503","0243","515","380","135","47","562","974","0","57.7","39.01"
"66","000","00","025","2503","0244","481","374","107","53","534","901","0","59.27","41.51"
"66","000","00","025","2504","0000","1699","1277","422","151","1850","3388","0","54.6","37.69"
"66","000","00","025","2504","0245","814","595","219","80","894","1779","0","50.25","33.45"
"66","000","00","025","2504","0246","885","682","203","71","956","1609","0","59.42","42.39"
"66","000","00","025","2505","0000","503","373","130","29","532","1038","0","51.25","35.93"
"66","000","00","025","2505","0247","503","373","130","29","532","1038","0","51.25","35.93"
"66","000","00","025","2506","0000","1268","976","292","100","1368","2249","0","60.83","43.4"
"66","000","00","025","2506","0248","740","589","151","66","806","1328","0","60.69","44.35"
"66","000","00","025","2506","0249","528","387","141","34","562","921","0","61.02","42.02"
"66","000","00","025","2507","0000","2363","1747","616","186","2549","5028","0","50.7","34.75"
"66","000","00","025","2507","0250","777","593","184","67","844","1609","0","52.45","36.86"
"66","000","00","025","2507","0251","553","402","151","24","577","1227","0","47.03","32.76"
"66","000","00","025","2507","0252","652","487","165","71","723","1278","0","56.57","38.11"
"66","000","00","025","2507","0253","381","265","116","24","405","914","0","44.31","28.99"
"66","000","00","025","2508","0000","1320","1001","319","88","1408","2911","0","48.37","34.39"
"66","000","00","025","2508","0254","745","587","158","48","793","1678","0","47.26","34.98"
"66","000","00","025","2508","0255","575","414","161","40","615","1233","0","49.88","33.58"
"66","000","00","025","2509","0000","2527","1862","665","193","2720","4945","0","55.01","37.65"
"66","000","00","025","2509","0256","771","580","191","84","855","1520","0","56.25","38.16"
"66","000","00","025","2509","0257","924","697","227","44","968","1905","0","50.81","36.59"
"66","000","00","025","2509","0258","832","585","247","65","897","1520","0","59.01","38.49"
"66","000","00","025","2510","0000","2886","2198","688","225","3111","5692","0","54.66","38.62"
"66","000","00","025","2510","0259","663","512","151","85","748","1385","0","54.01","36.97"
"66","000","00","025","2510","0260","624","470","154","54","678","1212","0","55.94","38.78"
"66","000","00","025","2510","0261","772","593","179","37","809","1432","0","56.49","41.41"
"66","000","00","025","2510","0262","827","623","204","49","876","1663","0","52.68","37.46"
"66","000","00","025","2511","0000","3734","2843","891","247","3981","7249","0","54.92","39.22"
"66","000","00","025","2511","0263","704","535","169","44","748","1422","0","52.6","37.62"
"66","000","00","025","2511","0264","741","530","211","72","813","1616","0","50.31","32.8"
"66","000","00","025","2511","0265","758","595","163","67","825","1422","0","58.02","41.84"
"66","000","00","025","2511","0266","656","519","137","32","688","1165","0","59.06","44.55"
"66","000","00","025","2511","0267","875","664","211","32","907","1624","0","55.85","40.89"
"66","000","00","025","2512","0000","1388","1065","323","103","1491","2556","0","58.33","41.67"
"66","000","00","025","2512","0268","851","665","186","54","905","1613","0","56.11","41.23"
"66","000","00","025","2512","0269","537","400","137","49","586","943","0","62.14","42.42"
"66","000","00","025","2513","0000","3109","2386","723","282","3391","6091","0","55.67","39.17"
"66","000","00","025","2513","0270","752","578","174","99","851","1595","0","53.35","36.24"
"66","000","00","025","2513","0271","817","656","161","71","888","1508","0","58.89","43.5"
"66","000","00","025","2513","0272","730","540","190","51","781","1479","0","52.81","36.51"
"66","000","00","025","2513","0273","810","612","198","61","871","1509","0","57.72","40.56"
"66","000","00","025","2514","0000","870","681","189","78","948","1582","0","59.92","43.05"
"66","000","00","025","2514","0274","870","681","189","78","948","1582","0","59.92","43.05"
"66","000","00","025","2515","0000","2646","1993","653","190","2836","4692","0","60.44","42.48"
"66","000","00","025","2515","0280","614","490","124","48","662","1121","0","59.05","43.71"
"66","000","00","025","2515","0281","573","429","144","46","619","987","0","62.72","43.47"
"66","000","00","025","2515","0282","649","463","186","60","709","1206","0","58.79","38.39"
"66","000","00","025","2515","0283","810","611","199","36","846","1378","0","61.39","44.34"
"66","000","00","025","2516","0000","4627","3647","980","278","4905","8473","0","57.89","43.04"
"66","000","00","025","2516","0275","915","727","188","48","963","1725","0","55.83","42.14"
"66","000","00","025","2516","0276","862","717","145","47","909","1616","0","56.25","44.37"
"66","000","00","025","2516","0277","922","706","216","49","971","1657","0","58.6","42.61"
"66","000","00","025","2516","0278","970","760","210","61","1031","1774","0","58.12","42.84"
"66","000","00","025","2516","0279","958","737","221","73","1031","1701","0","60.61","43.33"
"66","000","00","026","0000","0000","30174","23502","6672","3067","33241","55225","65632","60.19","42.56"
"66","000","00","026","2601","0000","691","541","150","50","741","1205","0","61.49","44.9"
"66","000","00","026","2601","1470","691","541","150","50","741","1205","0","61.49","44.9"
"66","000","00","026","2602","0000","5012","3925","1087","390","5402","9281","0","58.2","42.29"
"66","000","00","026","2602","1471","860","651","209","63","923","1620","0","56.98","40.19"
"66","000","00","026","2602","1472","882","691","191","71","953","1559","0","61.13","44.32"
"66","000","00","026","2602","1473","878","686","192","73","951","1660","0","57.29","41.33"
"66","000","00","026","2602","1474","905","716","189","69","974","1602","0","60.8","44.69"
"66","000","00","026","2602","1475","672","527","145","54","726","1325","0","54.79","39.77"
"66","000","00","026","2602","1476","815","654","161","60","875","1515","0","57.76","43.17"
"66","000","00","026","2603","0000","2433","1835","598","215","2648","4738","0","55.89","38.73"
"66","000","00","026","2603","1477","798","596","202","82","880","1561","0","56.37","38.18"
"66","000","00","026","2603","1478","845","633","212","64","909","1691","0","53.76","37.43"
"66","000","00","026","2603","1479","790","606","184","69","859","1486","0","57.81","40.78"
"66","000","00","026","2604","0000","1313","1017","296","131","1444","2333","0","61.89","43.59"
"66","000","00","026","2604","1480","542","385","157","70","612","975","0","62.77","39.49"
"66","000","00","026","2604","1481","771","632","139","61","832","1358","0","61.27","46.54"
"66","000","00","026","2605","0000","1193","933","260","144","1337","1996","0","66.98","46.74"
"66","000","00","026","2605","1482","705","559","146","54","759","1141","0","66.52","48.99"
"66","000","00","026","2605","1483","488","374","114","90","578","855","0","67.6","43.74"
"66","000","00","026","2606","0000","637","508","129","82","719","1202","0","59.82","42.26"
"66","000","00","026","2606","1484","637","508","129","82","719","1202","0","59.82","42.26"
"66","000","00","026","2607","0000","548","427","121","54","602","1078","0","55.84","39.61"
"66","000","00","026","2607","1485","548","427","121","54","602","1078","0","55.84","39.61"
"66","000","00","026","2608","0000","3267","2587","680","293","3560","5834","0","61.02","44.34"
"66","000","00","026","2608","1486","805","613","192","89","894","1456","0","61.4","42.1"
"66","000","00","026","2608","1487","883","700","183","66","949","1573","0","60.33","44.5"
"66","000","00","026","2608","1488","870","707","163","68","938","1591","0","58.96","44.44"
"66","000","00","026","2608","1489","709","567","142","70","779","1214","0","64.17","46.71"
"66","000","00","026","2609","0000","1656","1316","340","164","1820","2936","0","61.99","44.82"
"66","000","00","026","2609","1508","774","634","140","82","856","1363","0","62.8","46.52"
"66","000","00","026","2609","1509","882","682","200","82","964","1573","0","61.28","43.36"
"66","000","00","026","2610","0000","2048","1616","432","212","2260","3910","0","57.8","41.33"
"66","000","00","026","2610","1490","657","507","150","66","723","1267","0","57.06","40.02"
"66","000","00","026","2610","1491","673","563","110","86","759","1277","0","59.44","44.09"
"66","000","00","026","2610","1492","718","546","172","60","778","1366","0","56.95","39.97"
"66","000","00","026","2611","0000","1118","847","271","115","1233","1857","0","66.4","45.61"
"66","000","00","026","2611","1493","619","466","153","69","688","994","0","69.22","46.88"
"66","000","00","026","2611","1494","499","381","118","46","545","863","0","63.15","44.15"
"66","000","00","026","2612","0000","1277","970","307","133","1410","2436","0","57.88","39.82"
"66","000","00","026","2612","1495","673","518","155","57","730","1274","0","57.3","40.66"
"66","000","00","026","2612","1496","604","452","152","76","680","1162","0","58.52","38.9"
"66","000","00","026","2613","0000","1396","1060","336","169","1565","2574","0","60.8","41.18"
"66","000","00","026","2613","1497","686","538","148","89","775","1252","0","61.9","42.97"
"66","000","00","026","2613","1498","710","522","188","80","790","1322","0","59.76","39.49"
"66","000","00","026","2614","0000","1360","1120","240","166","1526","2642","0","57.76","42.39"
"66","000","00","026","2614","1504","633","558","75","85","718","1314","0","54.64","42.47"
"66","000","00","026","2614","1505","727","562","165","81","808","1328","0","60.84","42.32"
"66","000","00","026","2615","0000","1110","859","251","155","1265","2077","0","60.91","41.36"
"66","000","00","026","2615","1506","510","379","131","72","582","989","0","58.85","38.32"
"66","000","00","026","2615","1507","600","480","120","83","683","1088","0","62.78","44.12"
"66","000","00","026","2616","0000","568","440","128","80","648","1117","0","58.01","39.39"
"66","000","00","026","2616","1510","568","440","128","80","648","1117","0","58.01","39.39"
"66","000","00","026","2617","0000","1355","1038","317","187","1542","2366","0","65.17","43.87"
"66","000","00","026","2617","1511","774","592","182","86","860","1342","0","64.08","44.11"
"66","000","00","026","2617","1512","581","446","135","101","682","1024","0","66.6","43.55"
"66","000","00","026","2618","0000","1287","950","337","153","1440","2272","0","63.38","41.81"
"66","000","00","026","2618","1499","634","477","157","72","706","1116","0","63.26","42.74"
"66","000","00","026","2618","1500","653","473","180","81","734","1156","0","63.49","40.92"
"66","000","00","026","2619","0000","1230","1000","230","120","1350","2075","0","65.06","48.19"
"66","000","00","026","2619","1501","662","542","120","60","722","1147","0","62.95","47.25"
"66","000","00","026","2619","1502","568","458","110","60","628","928","0","67.67","49.35"
"66","000","00","026","2620","0000","675","513","162","54","729","1296","0","56.25","39.58"
"66","000","00","026","2620","1503","675","513","162","54","729","1296","0","56.25","39.58"
"66","000","00","027","0000","0000","79295","61930","17365","6258","85553","157926","191097","54.17","39.21"
"66","000","00","027","2701","0000","2700","2060","640","262","2962","5448","0","54.37","37.81"
"66","000","00","027","2701","1271","895","678","217","99","994","1821","0","54.59","37.23"
"66","000","00","027","2701","1272","786","598","188","52","838","1680","0","49.88","35.6"
"66","000","00","027","2701","1273","1019","784","235","111","1130","1947","0","58.04","40.27"
"66","000","00","027","2702","0000","2980","2245","735","254","3234","5757","0","56.18","39.0"
"66","000","00","027","2702","1274","1028","764","264","120","1148","1910","0","60.1","40.0"
"66","000","00","027","2702","1275","948","704","244","61","1009","1894","0","53.27","37.17"
"66","000","00","027","2702","1276","1004","777","227","73","1077","1953","0","55.15","39.78"
"66","000","00","027","2703","0000","2009","1539","470","130","2139","4067","0","52.59","37.84"
"66","000","00","027","2703","1281","998","746","252","90","1088","2011","0","54.1","37.1"
"66","000","00","027","2703","1282","1011","793","218","40","1051","2056","0","51.12","38.57"
"66","000","00","027","2704","0000","1806","1342","464","177","1983","3317","0","59.78","40.46"
"66","000","00","027","2704","1287","1037","771","266","86","1123","1886","0","59.54","40.88"
"66","000","00","027","2704","1288","769","571","198","91","860","1431","0","60.1","39.9"
"66","000","00","027","2705","0000","1472","1096","376","153","1625","2924","0","55.57","37.48"
"66","000","00","027","2705","1297","711","521","190","77","788","1378","0","57.18","37.81"
"66","000","00","027","2705","1298","761","575","186","76","837","1546","0","54.14","37.19"
"66","000","00","027","2706","0000","2034","1611","423","167","2201","4083","0","53.91","39.46"
"66","000","00","027","2706","1291","1011","803","208","96","1107","2048","0","54.05","39.21"
"66","000","00","027","2706","1292","1023","808","215","71","1094","2035","0","53.76","39.71"
"66","000","00","027","2707","0000","2957","2287","670","231","3188","6114","0","52.14","37.41"
"66","000","00","027","2707","1316","865","695","170","48","913","1623","0","56.25","42.82"
"66","000","00","027","2707","1317","703","541","162","60","763","1548","0","49.29","34.95"
"66","000","00","027","2707","1318","707","539","168","84","791","1442","0","54.85","37.38"
"66","000","00","027","2707","1319","682","512","170","39","721","1501","0","48.03","34.11"
"66","000","00","027","2708","0000","1640","1328","312","122","1762","3605","0","48.88","36.84"
"66","000","00","027","2708","1312","918","737","181","77","995","1654","0","60.16","44.56"
"66","000","00","027","2708","1313","722","591","131","45","767","1951","0","39.31","30.29"
"66","000","00","027","2709","0000","1785","1436","349","160","1945","3281","0","59.28","43.77"
"66","000","00","027","2709","1301","861","702","159","88","949","1582","0","59.99","44.37"
"66","000","00","027","2709","1302","924","734","190","72","996","1699","0","58.62","43.2"
"66","000","00","027","2710","0000","2463","1945","518","120","2583","5163","0","50.03","37.67"
"66","000","00","027","2710","1307","841","657","184","53","894","1776","0","50.34","36.99"
"66","000","00","027","2710","1308","879","694","185","5","884","1729","0","51.13","40.14"
"66","000","00","027","2710","1309","743","594","149","62","805","1658","0","48.55","35.83"
"66","000","00","027","2711","0000","3769","2983","786","267","4036","7262","0","55.58","41.08"
"66","000","00","027","2711","1325","1130","900","230","85","1215","2075","0","58.55","43.37"
"66","000","00","027","2711","1326","829","628","201","68","897","1723","0","52.06","36.45"
"66","000","00","027","2711","1327","1065","855","210","79","1144","2049","0","55.83","41.73"
"66","000","00","027","2711","1328","745","600","145","35","780","1415","0","55.12","42.4"
"66","000","00","027","2712","0000","3823","2978","845","285","4108","7197","0","57.08","41.38"
"66","000","00","027","2712","1335","925","685","240","71","996","1667","0","59.75","41.09"
"66","000","00","027","2712","1336","927","718","209","92","1019","1793","0","56.83","40.04"
"66","000","00","027","2712","1337","1024","838","186","46","1070","1903","0","56.23","44.04"
"66","000","00","027","2712","1338","947","737","210","76","1023","1834","0","55.78","40.19"
"66","000","00","027","2713","0000","2902","2296","606","165","3067","5993","0","51.18","38.31"
"66","000","00","027","2713","1346","916","721","195","62","978","1974","0","49.54","36.52"
"66","000","00","027","2713","1347","969","768","201","53","1022","1828","0","55.91","42.01"
"66","000","00","027","2713","1348","1017","807","210","50","1067","2191","0","48.7","36.83"
"66","000","00","027","2714","0000","866","666","200","107","973","1825","0","53.32","36.49"
"66","000","00","027","2714","1349","866","666","200","107","973","1825","0","53.32","36.49"
"66","000","00","027","2715","0000","608","464","144","79","687","1225","0","56.08","37.88"
"66","000","00","027","2715","1351","608","464","144","79","687","1225","0","56.08","37.88"
"66","000","00","027","2716","0000","1560","1194","366","172","1732","3179","0","54.48","37.56"
"66","000","00","027","2716","1352","861","670","191","71","932","1678","0","55.54","39.93"
"66","000","00","027","2716","1353","699","524","175","101","800","1501","0","53.3","34.91"
"66","000","00","027","2717","0000","1478","1122","356","139","1617","3094","0","52.26","36.26"
"66","000","00","027","2717","1357","619","458","161","41","660","1428","0","46.22","32.07"
"66","000","00","027","2717","1358","859","664","195","98","957","1666","0","57.44","39.86"
"66","000","00","027","2718","0000","2210","1713","497","201","2411","4710","0","51.19","36.37"
"66","000","00","027","2718","1361","621","483","138","50","671","1166","0","57.55","41.42"
"66","000","00","027","2718","1362","843","635","208","86","929","1790","0","51.9","35.47"
"66","000","00","027","2718","1363","746","595","151","65","811","1754","0","46.24","33.92"
"66","000","00","027","2719","0000","395","300","95","55","450","699","0","64.38","42.92"
"66","000","00","027","2719","1356","395","300","95","55","450","699","0","64.38","42.92"
"66","000","00","027","2720","0000","3546","2784","762","242","3788","6563","0","57.72","42.42"
"66","000","00","027","2720","1277","977","769","208","83","1060","1846","0","57.42","41.66"
"66","000","00","027","2720","1278","829","648","181","48","877","1493","0","58.74","43.4"
"66","000","00","027","2720","1279","833","649","184","65","898","1605","0","55.95","40.44"
"66","000","00","027","2720","1280","907","718","189","46","953","1619","0","58.86","44.35"
"66","000","00","027","2721","0000","1988","1538","450","184","2172","4094","0","53.05","37.57"
"66","000","00","027","2721","1289","970","748","222","80","1050","1930","0","54.4","38.76"
"66","000","00","027","2721","1290","1018","790","228","104","1122","2164","0","51.85","36.51"
"66","000","00","027","2722","0000","1816","1385","431","198","2014","3870","0","52.04","35.79"
"66","000","00","027","2722","1293","822","628","194","110","932","1685","0","55.31","37.27"
"66","000","00","027","2722","1294","994","757","237","88","1082","2185","0","49.52","34.65"
"66","000","00","027","2723","0000","1380","1065","315","86","1466","2773","0","52.87","38.41"
"66","000","00","027","2723","1295","585","458","127","31","616","1176","0","52.38","38.95"
"66","000","00","027","2723","1296","795","607","188","55","850","1597","0","53.22","38.01"
"66","000","00","027","2724","0000","1849","1443","406","169","2018","3691","0","54.67","39.1"
"66","000","00","027","2724","1283","948","740","208","84","1032","1876","0","55.01","39.45"
"66","000","00","027","2724","1284","901","703","198","85","986","1815","0","54.33","38.73"
"66","000","00","027","2725","0000","1255","935","320","110","1365","2285","0","59.74","40.92"
"66","000","00","027","2725","1285","648","486","162","59","707","1281","0","55.19","37.94"
"66","000","00","027","2725","1286","607","449","158","51","658","1004","0","65.54","44.72"
"66","000","00","027","2726","0000","1397","1091","306","159","1556","2943","0","52.87","37.07"
"66","000","00","027","2726","1299","866","665","201","95","961","1890","0","50.85","35.19"
"66","000","00","027","2726","1300","531","426","105","64","595","1053","0","56.51","40.46"
"66","000","00","027","2727","0000","2548","2062","486","130","2678","4703","0","56.94","43.84"
"66","000","00","027","2727","1339","757","618","139","51","808","1526","0","52.95","40.5"
"66","000","00","027","2727","1340","878","708","170","38","916","1483","0","61.77","47.74"
"66","000","00","027","2727","1341","913","736","177","41","954","1694","0","56.32","43.45"
"66","000","00","027","2728","0000","3617","2884","733","200","3817","6795","0","56.17","42.44"
"66","000","00","027","2728","1342","920","723","197","50","970","1952","0","49.69","37.04"
"66","000","00","027","2728","1343","1018","809","209","54","1072","1995","0","53.73","40.55"
"66","000","00","027","2728","1344","721","576","145","38","759","1311","0","57.89","43.94"
"66","000","00","027","2728","1345","958","776","182","58","1016","1537","0","66.1","50.49"
"66","000","00","027","2729","0000","2824","2225","599","184","3008","5574","0","53.96","39.92"
"66","000","00","027","2729","1329","929","739","190","57","986","1778","0","55.46","41.56"
"66","000","00","027","2729","1330","837","642","195","62","899","1706","0","52.7","37.63"
"66","000","00","027","2729","1331","1058","844","214","65","1123","2090","0","53.73","40.38"
"66","000","00","027","2730","0000","2418","1974","444","171","2589","5269","0","49.14","37.46"
"66","000","00","027","2730","1332","977","792","185","71","1048","2093","0","50.07","37.84"
"66","000","00","027","2730","1333","742","596","146","49","791","1688","0","46.86","35.31"
"66","000","00","027","2730","1334","699","586","113","51","750","1488","0","50.4","39.38"
"66","000","00","027","2731","0000","2832","2205","627","195","3027","6065","0","49.91","36.36"
"66","000","00","027","2731","1320","928","733","195","40","968","2025","0","47.8","36.2"
"66","000","00","027","2731","1321","936","729","207","71","1007","1885","0","53.42","38.67"
"66","000","00","027","2731","1322","968","743","225","84","1052","2155","0","48.82","34.48"
"66","000","00","027","2732","0000","1636","1261","375","156","1792","3796","0","47.21","33.22"
"66","000","00","027","2732","1323","809","604","205","62","871","1775","0","49.07","34.03"
"66","000","00","027","2732","1324","827","657","170","94","921","2021","0","45.57","32.51"
"66","000","00","027","2733","0000","1855","1534","321","140","1995","3762","0","53.03","40.78"
"66","000","00","027","2733","1310","990","825","165","75","1065","2010","0","52.99","41.04"
"66","000","00","027","2733","1311","865","709","156","65","930","1752","0","53.08","40.47"
"66","000","00","027","2734","0000","2492","1936","556","168","2660","4401","0","60.44","43.99"
"66","000","00","027","2734","1314","1241","960","281","101","1342","2170","0","61.84","44.24"
"66","000","00","027","2734","1315","1251","976","275","67","1318","2231","0","59.08","43.75"
"66","000","00","027","2735","0000","1255","962","293","127","1382","2556","0","54.07","37.64"
"66","000","00","027","2735","1303","726","569","157","79","805","1493","0","53.92","38.11"
"66","000","00","027","2735","1304","529","393","136","48","577","1063","0","54.28","36.97"
"66","000","00","027","2736","0000","1218","987","231","111","1329","2201","0","60.38","44.84"
"66","000","00","027","2736","1305","626","500","126","55","681","1117","0","60.97","44.76"
"66","000","00","027","2736","1306","592","487","105","56","648","1084","0","59.78","44.93"
"66","000","00","027","2737","0000","722","562","160","15","737","1559","0","47.27","36.05"
"66","000","00","027","2737","1350","722","562","160","15","737","1559","0","47.27","36.05"
"66","000","00","027","2738","0000","1846","1419","427","160","2006","3576","0","56.1","39.68"
"66","000","00","027","2738","1354","843","623","220","78","921","1450","0","63.52","42.97"
"66","000","00","027","2738","1355","1003","796","207","82","1085","2126","0","51.03","37.44"
"66","000","00","027","2739","0000","1344","1073","271","107","1451","2507","0","57.88","42.8"
"66","000","00","027","2739","1359","649","524","125","41","690","1241","0","55.6","42.22"
"66","000","00","027","2739","1360","695","549","146","66","761","1266","0","60.11","43.36"
"66","000","00","028","0000","0000","89062","68915","20147","6611","95673","171769","211860","55.7","40.12"
"66","000","00","028","2801","0000","1841","1406","435","161","2002","3508","0","57.07","40.08"
"66","000","00","028","2801","1373","856","660","196","62","918","1697","0","54.1","38.89"
"66","000","00","028","2801","1374","985","746","239","99","1084","1811","0","59.86","41.19"
"66","000","00","028","2802","0000","5065","3925","1140","373","5438","9923","0","54.8","39.55"
"66","000","00","028","2802","1375","913","705","208","68","981","1830","0","53.61","38.52"
"66","000","00","028","2802","1376","870","670","200","98","968","2228","0","43.45","30.07"
"66","000","00","028","2802","1377","1055","836","219","94","1149","1997","0","57.54","41.86"
"66","000","00","028","2802","1378","1232","986","246","60","1292","2033","0","63.55","48.5"
"66","000","00","028","2802","1379","995","728","267","53","1048","1835","0","57.11","39.67"
"66","000","00","028","2803","0000","1692","1286","406","156","1848","3418","0","54.07","37.62"
"66","000","00","028","2803","1384","805","633","172","73","878","1621","0","54.16","39.05"
"66","000","00","028","2803","1385","887","653","234","83","970","1797","0","53.98","36.34"
"66","000","00","028","2804","0000","3582","2747","835","218","3800","7122","0","53.36","38.57"
"66","000","00","028","2804","1422","927","705","222","46","973","1875","0","51.89","37.6"
"66","000","00","028","2804","1423","888","674","214","66","954","1670","0","57.13","40.36"
"66","000","00","028","2804","1424","943","717","226","64","1007","1898","0","53.06","37.78"
"66","000","00","028","2804","1425","824","651","173","42","866","1679","0","51.58","38.77"
"66","000","00","028","2805","0000","3529","2716","813","314","3843","6924","0","55.5","39.23"
"66","000","00","028","2805","1386","613","488","125","28","641","1230","0","52.11","39.67"
"66","000","00","028","2805","1387","743","586","157","61","804","1488","0","54.03","39.38"
"66","000","00","028","2805","1388","712","531","181","82","794","1459","0","54.42","36.39"
"66","000","00","028","2805","1389","861","668","193","73","934","1647","0","56.71","40.56"
"66","000","00","028","2805","1390","600","443","157","70","670","1100","0","60.91","40.27"
"66","000","00","028","2806","0000","2125","1683","442","202","2327","3956","0","58.82","42.54"
"66","000","00","028","2806","1434","682","541","141","57","739","1103","0","67.0","49.05"
"66","000","00","028","2806","1435","728","590","138","68","796","1419","0","56.1","41.58"
"66","000","00","028","2806","1436","715","552","163","77","792","1434","0","55.23","38.49"
"66","000","00","028","2807","0000","2718","2107","611","147","2865","5587","0","51.28","37.71"
"66","000","00","028","2807","1437","829","644","185","51","880","1875","0","46.93","34.35"
"66","000","00","028","2807","1438","953","713","240","54","1007","1862","0","54.08","38.29"
"66","000","00","028","2807","1439","936","750","186","42","978","1850","0","52.86","40.54"
"66","000","00","028","2808","0000","4164","3223","941","293","4457","8258","0","53.97","39.03"
"66","000","00","028","2808","1391","747","575","172","58","805","1410","0","57.09","40.78"
"66","000","00","028","2808","1392","879","676","203","78","957","1807","0","52.96","37.41"
"66","000","00","028","2808","1393","707","523","184","54","761","1331","0","57.18","39.29"
"66","000","00","028","2808","1394","912","713","199","57","969","1801","0","53.8","39.59"
"66","000","00","028","2808","1395","919","736","183","46","965","1909","0","50.55","38.55"
"66","000","00","028","2809","0000","1676","1326","350","136","1812","3355","0","54.01","39.52"
"66","000","00","028","2809","1399","859","677","182","78","937","1753","0","53.45","38.62"
"66","000","00","028","2809","1400","817","649","168","58","875","1602","0","54.62","40.51"
"66","000","00","028","2810","0000","2522","1926","596","235","2757","5278","0","52.24","36.49"
"66","000","00","028","2810","1451","874","678","196","61","935","1759","0","53.16","38.54"
"66","000","00","028","2810","1452","849","647","202","90","939","1783","0","52.66","36.29"
"66","000","00","028","2810","1453","799","601","198","84","883","1736","0","50.86","34.62"
"66","000","00","028","2811","0000","3782","2983","799","328","4110","7599","0","54.09","39.26"
"66","000","00","028","2811","1458","959","741","218","82","1041","1836","0","56.7","40.36"
"66","000","00","028","2811","1459","960","758","202","87","1047","1913","0","54.73","39.62"
"66","000","00","028","2811","1460","926","723","203","95","1021","1913","0","53.37","37.79"
"66","000","00","028","2811","1461","937","761","176","64","1001","1937","0","51.68","39.29"
"66","000","00","028","2812","0000","2239","1686","553","189","2428","4237","0","57.3","39.79"
"66","000","00","028","2812","1401","590","460","130","68","658","1144","0","57.52","40.21"
"66","000","00","028","2812","1402","888","648","240","76","964","1655","0","58.25","39.15"
"66","000","00","028","2812","1403","761","578","183","45","806","1438","0","56.05","40.19"
"66","000","00","028","2813","0000","535","410","125","58","593","1000","0","59.3","41.0"
"66","000","00","028","2813","1404","535","410","125","58","593","1000","0","59.3","41.0"
"66","000","00","028","2814","0000","4321","3364","957","302","4623","8369","0","55.24","40.2"
"66","000","00","028","2814","1405","879","705","174","80","959","1711","0","56.05","41.2"
"66","000","00","028","2814","1406","848","694","154","12","860","1698","0","50.65","40.87"
"66","000","00","028","2814","1407","974","712","262","94","1068","1914","0","55.8","37.2"
"66","000","00","028","2814","1408","797","615","182","31","828","1465","0","56.52","41.98"
"66","000","00","028","2814","1409","823","638","185","85","908","1581","0","57.43","40.35"
"66","000","00","028","2815","0000","2000","1531","469","124","2124","4438","0","47.86","34.5"
"66","000","00","028","2815","1414","532","382","150","48","580","1204","0","48.17","31.73"
"66","000","00","028","2815","1415","804","624","180","39","843","1761","0","47.87","35.43"
"66","000","00","028","2815","1416","664","525","139","37","701","1473","0","47.59","35.64"
"66","000","00","028","2816","0000","4405","3465","940","388","4793","8428","0","56.87","41.11"
"66","000","00","028","2816","1417","890","704","186","62","952","1675","0","56.84","42.03"
"66","000","00","028","2816","1418","918","758","160","70","988","1755","0","56.3","43.19"
"66","000","00","028","2816","1419","842","632","210","95","937","1593","0","58.82","39.67"
"66","000","00","028","2816","1420","925","724","201","75","1000","1799","0","55.59","40.24"
"66","000","00","028","2816","1421","830","647","183","86","916","1606","0","57.04","40.29"
"66","000","00","028","2817","0000","6029","4687","1342","386","6415","11504","0","55.76","40.74"
"66","000","00","028","2817","1462","773","606","167","43","816","1508","0","54.11","40.19"
"66","000","00","028","2817","1463","744","582","162","33","777","1340","0","57.99","43.43"
"66","000","00","028","2817","1464","898","711","187","72","970","1656","0","58.57","42.93"
"66","000","00","028","2817","1465","674","521","153","45","719","1290","0","55.74","40.39"
"66","000","00","028","2817","1466","874","691","183","45","919","1655","0","55.53","41.75"
"66","000","00","028","2817","1467","580","439","141","28","608","1260","0","48.25","34.84"
"66","000","00","028","2817","1468","697","543","154","44","741","1247","0","59.42","43.54"
"66","000","00","028","2817","1469","789","594","195","76","865","1548","0","55.88","38.37"
"66","000","00","028","2818","0000","4903","3433","1470","472","5375","9578","0","56.12","35.84"
"66","000","00","028","2818","1445","811","611","200","85","896","1701","0","52.67","35.92"
"66","000","00","028","2818","1446","756","604","152","76","832","1549","0","53.71","38.99"
"66","000","00","028","2818","1447","863","666","197","76","939","1567","0","59.92","42.5"
"66","000","00","028","2818","1448","843","673","170","81","924","1614","0","57.25","41.7"
"66","000","00","028","2818","1449","935","719","216","101","1036","1811","0","57.21","39.7"
"66","000","00","028","2818","1450","695","160","535","53","748","1336","0","55.99","11.98"
"66","000","00","028","2819","0000","5009","3910","1099","326","5335","10155","0","52.54","38.5"
"66","000","00","028","2819","1364","800","626","174","52","852","1614","0","52.79","38.79"
"66","000","00","028","2819","1365","759","596","163","39","798","1599","0","49.91","37.27"
"66","000","00","028","2819","1366","819","625","194","53","872","1715","0","50.85","36.44"
"66","000","00","028","2819","1367","674","534","140","32","706","1264","0","55.85","42.25"
"66","000","00","028","2819","1368","696","555","141","44","740","1416","0","52.26","39.19"
"66","000","00","028","2819","1369","607","483","124","40","647","1188","0","54.46","40.66"
"66","000","00","028","2819","1370","654","491","163","66","720","1359","0","52.98","36.13"
"66","000","00","028","2820","0000","1542","1190","352","126","1668","2860","0","58.32","41.61"
"66","000","00","028","2820","1371","778","597","181","62","840","1457","0","57.65","40.97"
"66","000","00","028","2820","1372","764","593","171","64","828","1403","0","59.02","42.27"
"66","000","00","028","2821","0000","3244","2564","680","185","3429","5775","0","59.38","44.4"
"66","000","00","028","2821","1380","680","531","149","37","717","1268","0","56.55","41.88"
"66","000","00","028","2821","1381","894","704","190","62","956","1645","0","58.12","42.8"
"66","000","00","028","2821","1382","865","692","173","48","913","1561","0","58.49","44.33"
"66","000","00","028","2821","1383","805","637","168","38","843","1301","0","64.8","48.96"
"66","000","00","028","2822","0000","2111","1650","461","197","2308","4102","0","56.27","40.22"
"66","000","00","028","2822","1426","679","522","157","71","750","1373","0","54.62","38.02"
"66","000","00","028","2822","1427","679","533","146","72","751","1299","0","57.81","41.03"
"66","000","00","028","2822","1428","753","595","158","54","807","1430","0","56.43","41.61"
"66","000","00","028","2823","0000","5567","4427","1140","246","5813","9149","0","63.54","48.39"
"66","000","00","028","2823","1429","1088","845","243","50","1138","1805","0","63.05","46.81"
"66","000","00","028","2823","1430","1125","881","244","31","1156","1806","0","64.01","48.78"
"66","000","00","028","2823","1431","1138","911","227","56","1194","1826","0","65.39","49.89"
"66","000","00","028","2823","1432","1131","912","219","45","1176","1805","0","65.15","50.53"
"66","000","00","028","2823","1433","1085","878","207","64","1149","1907","0","60.25","46.04"
"66","000","00","028","2824","0000","4711","3654","1057","324","5035","8472","0","59.43","43.13"
"66","000","00","028","2824","1440","856","650","206","77","933","1622","0","57.52","40.07"
"66","000","00","028","2824","1441","941","736","205","71","1012","1638","0","61.78","44.93"
"66","000","00","028","2824","1442","931","688","243","89","1020","1633","0","62.46","42.13"
"66","000","00","028","2824","1443","893","688","205","42","935","1662","0","56.26","41.4"
"66","000","00","028","2824","1444","1090","892","198","45","1135","1917","0","59.21","46.53"
"66","000","00","028","2825","0000","2624","2075","549","217","2841","5238","0","54.24","39.61"
"66","000","00","028","2825","1396","771","598","173","89","860","1699","0","50.62","35.2"
"66","000","00","028","2825","1397","887","697","190","58","945","1627","0","58.08","42.84"
"66","000","00","028","2825","1398","966","780","186","70","1036","1912","0","54.18","40.79"
"66","000","00","028","2826","0000","4015","3146","869","267","4282","7648","0","55.99","41.13"
"66","000","00","028","2826","1454","984","780","204","66","1050","1874","0","56.03","41.62"
"66","000","00","028","2826","1455","996","775","221","71","1067","1889","0","56.48","41.03"
"66","000","00","028","2826","1456","971","744","227","65","1036","1947","0","53.21","38.21"
"66","000","00","028","2826","1457","1064","847","217","65","1129","1938","0","58.26","43.7"
"66","000","00","028","2827","0000","3111","2395","716","241","3352","5888","0","56.93","40.68"
"66","000","00","028","2827","1410","815","632","183","79","894","1509","0","59.24","41.88"
"66","000","00","028","2827","1411","780","631","149","36","816","1570","0","51.97","40.19"
"66","000","00","028","2827","1412","771","579","192","50","821","1425","0","57.61","40.63"
"66","000","00","028","2827","1413","745","553","192","76","821","1384","0","59.32","39.96"
"66","000","00","029","0000","0000","5215","4208","1007","450","5665","9498","11066","59.64","44.3"
"66","000","00","029","2901","0000","1140","878","262","95","1235","1919","0","64.36","45.75"
"66","000","00","029","2901","1585","572","435","137","39","611","956","0","63.91","45.5"
"66","000","00","029","2901","1586","568","443","125","56","624","963","0","64.8","46.0"
"66","000","00","029","2902","0000","234","181","53","23","257","456","0","56.36","39.69"
"66","000","00","029","2902","1587","234","181","53","23","257","456","0","56.36","39.69"
"66","000","00","029","2903","0000","922","754","168","89","1011","1647","0","61.38","45.78"
"66","000","00","029","2903","1588","575","471","104","63","638","1011","0","63.11","46.59"
"66","000","00","029","2903","1589","347","283","64","26","373","636","0","58.65","44.5"
"66","000","00","029","2904","0000","294","238","56","14","308","451","0","68.29","52.77"
"66","000","00","029","2904","1595","294","238","56","14","308","451","0","68.29","52.77"
"66","000","00","029","2905","0000","659","560","99","67","726","1051","0","69.08","53.28"
"66","000","00","029","2905","1590","118","97","21","9","127","270","0","47.04","35.93"
"66","000","00","029","2905","1591","318","282","36","39","357","460","0","77.61","61.3"
"66","000","00","029","2905","1592","223","181","42","19","242","321","0","75.39","56.39"
"66","000","00","029","2906","0000","648","517","131","47","695","1119","0","62.11","46.2"
"66","000","00","029","2906","1593","465","367","98","30","495","783","0","63.22","46.87"
"66","000","00","029","2906","1594","183","150","33","17","200","336","0","59.52","44.64"
"66","000","00","029","2907","0000","924","750","174","83","1007","1985","0","50.73","37.78"
"66","000","00","029","2907","1596","171","140","31","16","187","366","0","51.09","38.25"
"66","000","00","029","2907","1597","320","265","55","13","333","771","0","43.19","34.37"
"66","000","00","029","2907","1598","283","228","55","35","318","574","0","55.4","39.72"
"66","000","00","029","2907","1599","150","117","33","19","169","274","0","61.68","42.7"
"66","000","00","029","2908","0000","394","330","64","32","426","870","0","48.97","37.93"
"66","000","00","029","2908","1600","73","63","10","12","85","157","0","54.14","40.13"
"66","000","00","029","2908","1601","321","267","54","20","341","713","0","47.83","37.45"
"67","000","00","000","0000","0000","730176","541984","188192","67891","798067","1594821","1883804","50.04","33.98"
"67","000","00","001","0000","0000","29349","22398","6951","2136","31485","64949","77651","48.48","34.49"
"67","000","00","001","0101","0000","2247","1736","511","211","2458","4741","0","51.85","36.62"
"67","000","00","001","0101","0116","712","556","156","76","788","1693","0","46.54","32.84"
"67","000","00","001","0101","0117","794","628","166","74","868","1561","0","55.61","40.23"
"67","000","00","001","0101","0118","741","552","189","61","802","1487","0","53.93","37.12"
"67","000","00","001","0102","0000","1085","817","268","59","1144","2299","0","49.76","35.54"
"67","000","00","001","0102","0119","582","438","144","31","613","1232","0","49.76","35.55"
"67","000","00","001","0102","0120","503","379","124","28","531","1067","0","49.77","35.52"
"67","000","00","001","0103","0000","1312","993","319","69","1381","2885","0","47.87","34.42"
"67","000","00","001","0103","0121","580","416","164","40","620","1419","0","43.69","29.32"
"67","000","00","001","0103","0122","732","577","155","29","761","1466","0","51.91","39.36"
"67","000","00","001","0107","0000","1380","1031","349","86","1466","2940","0","49.86","35.07"
"67","000","00","001","0107","0126","455","346","109","44","499","888","0","56.19","38.96"
"67","000","00","001","0107","0127","522","373","149","20","542","1115","0","48.61","33.45"
"67","000","00","001","0107","0128","403","312","91","22","425","937","0","45.36","33.3"
"67","000","00","001","0108","0000","2016","1539","477","134","2150","4214","0","51.02","36.52"
"67","000","00","001","0108","0129","642","471","171","35","677","1387","0","48.81","33.96"
"67","000","00","001","0108","0130","695","550","145","56","751","1526","0","49.21","36.04"
"67","000","00","001","0108","0131","679","518","161","43","722","1301","0","55.5","39.82"
"67","000","00","001","0109","0000","630","460","170","49","679","1193","0","56.92","38.56"
"67","000","00","001","0109","0136","630","460","170","49","679","1193","0","56.92","38.56"
"67","000","00","001","0110","0000","493","389","104","16","509","1439","0","35.37","27.03"
"67","000","00","001","0110","0137","493","389","104","16","509","1439","0","35.37","27.03"
"67","000","00","001","0112","0000","921","704","217","58","979","2460","0","39.8","28.62"
"67","000","00","001","0112","0140","456","330","126","33","489","1233","0","39.66","26.76"
"67","000","00","001","0112","0141","465","374","91","25","490","1227","0","39.93","30.48"
"67","000","00","001","0113","0000","934","711","223","78","1012","1797","0","56.32","39.57"
"67","000","00","001","0113","0138","750","585","165","53","803","1438","0","55.84","40.68"
"67","000","00","001","0113","0139","184","126","58","25","209","359","0","58.22","35.1"
"67","000","00","001","0114","0000","1262","977","285","61","1323","3250","0","40.71","30.06"
"67","000","00","001","0114","0142","532","422","110","31","563","1320","0","42.65","31.97"
"67","000","00","001","0114","0143","730","555","175","30","760","1930","0","39.38","28.76"
"67","000","00","001","0115","0000","1944","1485","459","165","2109","4419","0","47.73","33.6"
"67","000","00","001","0115","0150","759","567","192","68","827","1595","0","51.85","35.55"
"67","000","00","001","0115","0151","376","298","78","21","397","959","0","41.4","31.07"
"67","000","00","001","0115","0152","809","620","189","76","885","1865","0","47.45","33.24"
"67","000","00","001","0116","0000","689","521","168","88","777","1678","0","46.31","31.05"
"67","000","00","001","0116","0153","689","521","168","88","777","1678","0","46.31","31.05"
"67","000","00","001","0117","0000","557","421","136","56","613","1373","0","44.65","30.66"
"67","000","00","001","0117","0154","557","421","136","56","613","1373","0","44.65","30.66"
"67","000","00","001","0118","0000","571","391","180","35","606","1722","0","35.19","22.71"
"67","000","00","001","0118","0155","482","328","154","31","513","1431","0","35.85","22.92"
"67","000","00","001","0118","0156","89","63","26","4","93","291","0","31.96","21.65"
"67","000","00","001","0119","0000","792","568","224","48","840","1749","0","48.03","32.48"
"67","000","00","001","0119","0157","792","568","224","48","840","1749","0","48.03","32.48"
"67","000","00","001","0120","0000","1665","1295","370","134","1799","3683","0","48.85","35.16"
"67","000","00","001","0120","0158","772","595","177","49","821","1862","0","44.09","31.95"
"67","000","00","001","0120","0159","893","700","193","85","978","1821","0","53.71","38.44"
"67","000","00","001","0121","0000","782","589","193","62","844","1845","0","45.75","31.92"
"67","000","00","001","0121","0160","782","589","193","62","844","1845","0","45.75","31.92"
"67","000","00","001","0125","0000","707","504","203","120","827","1644","0","50.3","30.66"
"67","000","00","001","0125","0163","333","240","93","77","410","703","0","58.32","34.14"
"67","000","00","001","0125","0164","374","264","110","43","417","941","0","44.31","28.06"
"67","000","00","001","0126","0000","305","219","86","17","322","944","0","34.11","23.2"
"67","000","00","001","0126","0161","176","128","48","12","188","542","0","34.69","23.62"
"67","000","00","001","0126","0162","129","91","38","5","134","402","0","33.33","22.64"
"67","000","00","001","0127","0000","2269","1779","490","161","2430","4729","0","51.39","37.62"
"67","000","00","001","0127","0144","732","569","163","55","787","1501","0","52.43","37.91"
"67","000","00","001","0127","0145","668","546","122","46","714","1475","0","48.41","37.02"
"67","000","00","001","0127","0146","869","664","205","60","929","1753","0","52.99","37.88"
"67","000","00","001","0128","0000","2260","1744","516","130","2390","4922","0","48.56","35.43"
"67","000","00","001","0128","0147","795","613","182","48","843","1748","0","48.23","35.07"
"67","000","00","001","0128","0148","822","643","179","55","877","1741","0","50.37","36.93"
"67","000","00","001","0128","0149","643","488","155","27","670","1433","0","46.76","34.05"
"67","000","00","001","0129","0000","3251","2573","678","185","3436","6235","0","55.11","41.27"
"67","000","00","001","0129","0132","812","655","157","54","866","1538","0","56.31","42.59"
"67","000","00","001","0129","0133","801","623","178","48","849","1584","0","53.6","39.33"
"67","000","00","001","0129","0134","855","693","162","41","896","1583","0","56.6","43.78"
"67","000","00","001","0129","0135","783","602","181","42","825","1530","0","53.92","39.35"
"67","000","00","001","0130","0000","1277","952","325","114","1391","2788","0","49.89","34.15"
"67","000","00","001","0130","0123","507","369","138","58","565","932","0","60.62","39.59"
"67","000","00","001","0130","0124","452","337","115","28","480","1099","0","43.68","30.66"
"67","000","00","001","0130","0125","318","246","72","28","346","757","0","45.71","32.5"
"67","000","00","002","0000","0000","9192","6743","2449","1001","10193","22121","25397","46.08","30.48"
"67","000","00","002","0201","0000","719","531","188","88","807","1517","0","53.2","35.0"
"67","000","00","002","0201","0085","484","360","124","66","550","1037","0","53.04","34.72"
"67","000","00","002","0201","0086","235","171","64","22","257","480","0","53.54","35.63"
"67","000","00","002","0208","0000","1587","1206","381","128","1715","3743","0","45.82","32.22"
"67","000","00","002","0208","0093","328","233","95","27","355","863","0","41.14","27.0"
"67","000","00","002","0208","0094","585","449","136","26","611","1373","0","44.5","32.7"
"67","000","00","002","0208","0095","674","524","150","75","749","1507","0","49.7","34.77"
"67","000","00","002","0210","0000","271","190","81","49","320","921","0","34.74","20.63"
"67","000","00","002","0210","0099","271","190","81","49","320","921","0","34.74","20.63"
"67","000","00","002","0211","0000","1634","1191","443","189","1823","3640","0","50.08","32.72"
"67","000","00","002","0211","0096","653","472","181","72","725","1374","0","52.77","34.35"
"67","000","00","002","0211","0097","505","378","127","58","563","1244","0","45.26","30.39"
"67","000","00","002","0211","0098","476","341","135","59","535","1022","0","52.35","33.37"
"67","000","00","002","0214","0000","645","477","168","69","714","1653","0","43.19","28.86"
"67","000","00","002","0214","0107","371","276","95","34","405","925","0","43.78","29.84"
"67","000","00","002","0214","0108","274","201","73","35","309","728","0","42.45","27.61"
"67","000","00","002","0226","0000","735","542","193","84","819","1454","0","56.33","37.28"
"67","000","00","002","0226","0087","341","249","92","36","377","636","0","59.28","39.15"
"67","000","00","002","0226","0088","136","100","36","12","148","321","0","46.11","31.15"
"67","000","00","002","0226","0089","258","193","65","36","294","497","0","59.15","38.83"
"67","000","00","002","0227","0000","787","609","178","60","847","1607","0","52.71","37.9"
"67","000","00","002","0227","0090","396","311","85","19","415","759","0","54.68","40.97"
"67","000","00","002","0227","0091","144","119","25","18","162","341","0","47.51","34.9"
"67","000","00","002","0227","0092","247","179","68","23","270","507","0","53.25","35.31"
"67","000","00","002","0228","0000","631","439","192","66","697","1539","0","45.29","28.53"
"67","000","00","002","0228","0102","318","222","96","16","334","761","0","43.89","29.17"
"67","000","00","002","0228","0103","126","93","33","11","137","285","0","48.07","32.63"
"67","000","00","002","0228","0104","187","124","63","39","226","493","0","45.84","25.15"
"67","000","00","002","0229","0000","617","428","189","55","672","1583","0","42.45","27.04"
"67","000","00","002","0229","0100","408","275","133","49","457","847","0","53.96","32.47"
"67","000","00","002","0229","0101","209","153","56","6","215","736","0","29.21","20.79"
"67","000","00","002","0230","0000","308","228","80","37","345","1013","0","34.06","22.51"
"67","000","00","002","0230","0105","198","144","54","23","221","621","0","35.59","23.19"
"67","000","00","002","0230","0106","110","84","26","14","124","392","0","31.63","21.43"
"67","000","00","002","0231","0000","374","258","116","55","429","1120","0","38.3","23.04"
"67","000","00","002","0231","0112","250","176","74","35","285","755","0","37.75","23.31"
"67","000","00","002","0231","0113","124","82","42","20","144","365","0","39.45","22.47"
"67","000","00","002","0232","0000","351","261","90","52","403","902","0","44.68","28.94"
"67","000","00","002","0232","0109","60","43","17","20","80","214","0","37.38","20.09"
"67","000","00","002","0232","0110","161","128","33","13","174","387","0","44.96","33.07"
"67","000","00","002","0232","0111","130","90","40","19","149","301","0","49.5","29.9"
"67","000","00","002","0233","0000","533","383","150","69","602","1429","0","42.13","26.8"
"67","000","00","002","0233","0114","353","257","96","36","389","935","0","41.6","27.49"
"67","000","00","002","0233","0115","180","126","54","33","213","494","0","43.12","25.51"
"67","000","00","003","0000","0000","9128","6685","2443","1081","10209","24894","28152","41.01","26.85"
"67","000","00","003","0301","0000","785","572","213","104","889","1722","0","51.63","33.22"
"67","000","00","003","0301","0030","538","386","152","85","623","1176","0","52.98","32.82"
"67","000","00","003","0301","0031","247","186","61","19","266","546","0","48.72","34.07"
"67","000","00","003","0302","0000","1383","1009","374","124","1507","2921","0","51.59","34.54"
"67","000","00","003","0302","0032","418","304","114","42","460","859","0","53.55","35.39"
"67","000","00","003","0302","0033","467","347","120","39","506","946","0","53.49","36.68"
"67","000","00","003","0302","0034","498","358","140","43","541","1116","0","48.48","32.08"
"67","000","00","003","0303","0000","464","346","118","33","497","1397","0","35.58","24.77"
"67","000","00","003","0303","0035","464","346","118","33","497","1397","0","35.58","24.77"
"67","000","00","003","0304","0000","628","481","147","71","699","1627","0","42.96","29.56"
"67","000","00","003","0304","0036","258","190","68","20","278","756","0","36.77","25.13"
"67","000","00","003","0304","0037","370","291","79","51","421","871","0","48.34","33.41"
"67","000","00","003","0305","0000","399","298","101","40","439","897","0","48.94","33.22"
"67","000","00","003","0305","0038","399","298","101","40","439","897","0","48.94","33.22"
"67","000","00","003","0306","0000","425","304","121","64","489","1356","0","36.06","22.42"
"67","000","00","003","0306","0039","217","158","59","41","258","784","0","32.91","20.15"
"67","000","00","003","0306","0040","208","146","62","23","231","572","0","40.38","25.52"
"67","000","00","003","0307","0000","126","97","29","8","134","457","0","29.32","21.23"
"67","000","00","003","0307","0041","126","97","29","8","134","457","0","29.32","21.23"
"67","000","00","003","0308","0000","175","129","46","21","196","600","0","32.67","21.5"
"67","000","00","003","0308","0042","175","129","46","21","196","600","0","32.67","21.5"
"67","000","00","003","0309","0000","97","74","23","9","106","375","0","28.27","19.73"
"67","000","00","003","0309","0043","97","74","23","9","106","375","0","28.27","19.73"
"67","000","00","003","0310","0000","112","84","28","10","122","508","0","24.02","16.54"
"67","000","00","003","0310","0044","112","84","28","10","122","508","0","24.02","16.54"
"67","000","00","003","0311","0000","347","258","89","45","392","1305","0","30.04","19.77"
"67","000","00","003","0311","0047","218","155","63","21","239","799","0","29.91","19.4"
"67","000","00","003","0311","0048","129","103","26","24","153","506","0","30.24","20.36"
"67","000","00","003","0312","0000","261","195","66","25","286","1022","0","27.98","19.08"
"67","000","00","003","0312","0045","166","122","44","11","177","631","0","28.05","19.33"
"67","000","00","003","0312","0046","95","73","22","14","109","391","0","27.88","18.67"
"67","000","00","003","0314","0000","443","324","119","39","482","1443","0","33.4","22.45"
"67","000","00","003","0314","0051","215","154","61","17","232","744","0","31.18","20.7"
"67","000","00","003","0314","0052","228","170","58","22","250","699","0","35.77","24.32"
"67","000","00","003","0318","0000","319","241","78","60","379","884","0","42.87","27.26"
"67","000","00","003","0318","0055","319","241","78","60","379","884","0","42.87","27.26"
"67","000","00","003","0319","0000","149","104","45","10","159","740","0","21.49","14.05"
"67","000","00","003","0319","0056","149","104","45","10","159","740","0","21.49","14.05"
"67","000","00","003","0320","0000","488","377","111","57","545","1334","0","40.85","28.26"
"67","000","00","003","0320","0057","488","377","111","57","545","1334","0","40.85","28.26"
"67","000","00","003","0321","0000","285","206","79","67","352","723","0","48.69","28.49"
"67","000","00","003","0321","0058","285","206","79","67","352","723","0","48.69","28.49"
"67","000","00","003","0322","0000","301","210","91","72","373","682","0","54.69","30.79"
"67","000","00","003","0322","0059","301","210","91","72","373","682","0","54.69","30.79"
"67","000","00","003","0325","0000","781","560","221","65","846","2011","0","42.07","27.85"
"67","000","00","003","0325","0049","301","217","84","26","327","832","0","39.3","26.08"
"67","000","00","003","0325","0050","480","343","137","39","519","1179","0","44.02","29.09"
"67","000","00","003","0326","0000","585","405","180","83","668","1492","0","44.77","27.14"
"67","000","00","003","0326","0053","198","137","61","12","210","633","0","33.18","21.64"
"67","000","00","003","0326","0054","387","268","119","71","458","859","0","53.32","31.2"
"67","000","00","003","0327","0000","575","411","164","74","649","1398","0","46.42","29.4"
"67","000","00","003","0327","0060","392","282","110","46","438","855","0","51.23","32.98"
"67","000","00","003","0327","0061","183","129","54","28","211","543","0","38.86","23.76"
"67","000","00","004","0000","0000","7992","6048","1944","1015","9007","18804","21212","47.9","32.16"
"67","000","00","004","0401","0000","809","587","222","82","891","1791","0","49.75","32.77"
"67","000","00","004","0401","0165","497","373","124","64","561","1166","0","48.11","31.99"
"67","000","00","004","0401","0166","312","214","98","18","330","625","0","52.8","34.24"
"67","000","00","004","0402","0000","688","534","154","49","737","1572","0","46.88","33.97"
"67","000","00","004","0402","0167","276","217","59","30","306","738","0","41.46","29.4"
"67","000","00","004","0402","0168","412","317","95","19","431","834","0","51.68","38.01"
"67","000","00","004","0403","0000","453","324","129","42","495","1104","0","44.84","29.35"
"67","000","00","004","0403","0169","453","324","129","42","495","1104","0","44.84","29.35"
"67","000","00","004","0404","0000","1193","916","277","157","1350","2735","0","49.36","33.49"
"67","000","00","004","0404","0170","396","301","95","20","416","1015","0","40.99","29.66"
"67","000","00","004","0404","0171","797","615","182","137","934","1720","0","54.3","35.76"
"67","000","00","004","0405","0000","576","425","151","79","655","1391","0","47.09","30.55"
"67","000","00","004","0405","0172","576","425","151","79","655","1391","0","47.09","30.55"
"67","000","00","004","0406","0000","268","209","59","34","302","743","0","40.65","28.13"
"67","000","00","004","0406","0173","168","133","35","10","178","425","0","41.88","31.29"
"67","000","00","004","0406","0174","100","76","24","24","124","318","0","38.99","23.9"
"67","000","00","004","0407","0000","632","484","148","86","718","1483","0","48.42","32.64"
"67","000","00","004","0407","0175","332","247","85","42","374","753","0","49.67","32.8"
"67","000","00","004","0407","0176","300","237","63","44","344","730","0","47.12","32.47"
"67","000","00","004","0408","0000","829","613","216","112","941","1809","0","52.02","33.89"
"67","000","00","004","0408","0177","307","234","73","41","348","725","0","48.0","32.28"
"67","000","00","004","0408","0178","387","283","104","37","424","787","0","53.88","35.96"
"67","000","00","004","0408","0179","135","96","39","34","169","297","0","56.9","32.32"
"67","000","00","004","0409","0000","619","473","146","108","727","1313","0","55.37","36.02"
"67","000","00","004","0409","0180","323","247","76","45","368","673","0","54.68","36.7"
"67","000","00","004","0409","0181","296","226","70","63","359","640","0","56.09","35.31"
"67","000","00","004","0410","0000","251","187","64","29","280","660","0","42.42","28.33"
"67","000","00","004","0410","0182","251","187","64","29","280","660","0","42.42","28.33"
"67","000","00","004","0411","0000","553","427","126","47","600","1414","0","42.43","30.2"
"67","000","00","004","0411","0183","468","362","106","42","510","1212","0","42.08","29.87"
"67","000","00","004","0411","0184","85","65","20","5","90","202","0","44.55","32.18"
"67","000","00","004","0412","0000","487","384","103","88","575","1207","0","47.64","31.81"
"67","000","00","004","0412","0185","419","333","86","85","504","1049","0","48.05","31.74"
"67","000","00","004","0412","0186","68","51","17","3","71","158","0","44.94","32.28"
"67","000","00","004","0413","0000","634","485","149","102","736","1582","0","46.52","30.66"
"67","000","00","004","0413","0187","389","288","101","75","464","921","0","50.38","31.27"
"67","000","00","004","0413","0188","186","151","35","21","207","504","0","41.07","29.96"
"67","000","00","004","0413","0189","59","46","13","6","65","157","0","41.4","29.3"
"67","000","00","005","0000","0000","8016","5961","2055","1231","9247","20841","23424","44.37","28.6"
"67","000","00","005","0501","0000","746","559","187","102","848","1641","0","51.68","34.06"
"67","000","00","005","0501","0001","354","256","98","72","426","743","0","57.34","34.45"
"67","000","00","005","0501","0002","392","303","89","30","422","898","0","46.99","33.74"
"67","000","00","005","0502","0000","517","365","152","118","635","1320","0","48.11","27.65"
"67","000","00","005","0502","0003","303","218","85","60","363","786","0","46.18","27.74"
"67","000","00","005","0502","0004","214","147","67","58","272","534","0","50.94","27.53"
"67","000","00","005","0503","0000","534","378","156","101","635","1266","0","50.16","29.86"
"67","000","00","005","0503","0005","451","329","122","78","529","1034","0","51.16","31.82"
"67","000","00","005","0503","0006","83","49","34","23","106","232","0","45.69","21.12"
"67","000","00","005","0504","0000","522","386","136","78","600","1316","0","45.59","29.33"
"67","000","00","005","0504","0007","188","135","53","45","233","479","0","48.64","28.18"
"67","000","00","005","0504","0008","334","251","83","33","367","837","0","43.85","29.99"
"67","000","00","005","0510","0000","504","386","118","51","555","1399","0","39.67","27.59"
"67","000","00","005","0510","0021","287","219","68","15","302","958","0","31.52","22.86"
"67","000","00","005","0510","0022","217","167","50","36","253","441","0","57.37","37.87"
"67","000","00","005","0511","0000","712","542","170","163","875","1673","0","52.3","32.4"
"67","000","00","005","0511","0023","282","210","72","75","357","677","0","52.73","31.02"
"67","000","00","005","0511","0024","430","332","98","88","518","996","0","52.01","33.33"
"67","000","00","005","0512","0000","490","357","133","31","521","1255","0","41.51","28.45"
"67","000","00","005","0512","0025","490","357","133","31","521","1255","0","41.51","28.45"
"67","000","00","005","0513","0000","456","350","106","24","480","1231","0","38.99","28.43"
"67","000","00","005","0513","0026","268","208","60","16","284","678","0","41.89","30.68"
"67","000","00","005","0513","0027","188","142","46","8","196","553","0","35.44","25.68"
"67","000","00","005","0514","0000","672","499","173","59","731","1805","0","40.5","27.65"
"67","000","00","005","0514","0028","187","141","46","18","205","616","0","33.28","22.89"
"67","000","00","005","0514","0029","485","358","127","41","526","1189","0","44.24","30.11"
"67","000","00","005","0518","0000","565","427","138","121","686","1475","0","46.51","28.95"
"67","000","00","005","0518","0013","142","111","31","30","172","371","0","46.36","29.92"
"67","000","00","005","0518","0014","265","187","78","59","324","676","0","47.93","27.66"
"67","000","00","005","0518","0015","158","129","29","32","190","428","0","44.39","30.14"
"67","000","00","005","0519","0000","353","245","108","72","425","1002","0","42.42","24.45"
"67","000","00","005","0519","0016","182","133","49","12","194","547","0","35.47","24.31"
"67","000","00","005","0519","0017","171","112","59","60","231","455","0","50.77","24.62"
"67","000","00","005","0522","0000","689","520","169","144","833","2003","0","41.59","25.96"
"67","000","00","005","0522","0018","322","237","85","78","400","984","0","40.65","24.09"
"67","000","00","005","0522","0019","177","131","46","33","210","483","0","43.48","27.12"
"67","000","00","005","0522","0020","190","152","38","33","223","536","0","41.6","28.36"
"67","000","00","005","0523","0000","728","542","186","65","793","2242","0","35.37","24.17"
"67","000","00","005","0523","0009","371","266","105","39","410","1085","0","37.79","24.52"
"67","000","00","005","0523","0010","357","276","81","26","383","1157","0","33.1","23.85"
"67","000","00","005","0524","0000","528","405","123","102","630","1213","0","51.94","33.39"
"67","000","00","005","0524","0011","318","244","74","66","384","755","0","50.86","32.32"
"67","000","00","005","0524","0012","210","161","49","36","246","458","0","53.71","35.15"
"67","000","00","006","0000","0000","5825","4312","1513","904","6729","18471","20870","36.43","23.34"
"67","000","00","006","0601","0000","544","403","141","70","614","1401","0","43.83","28.77"
"67","000","00","006","0601","0062","544","403","141","70","614","1401","0","43.83","28.77"
"67","000","00","006","0602","0000","873","653","220","112","985","2488","0","39.59","26.25"
"67","000","00","006","0602","0063","417","325","92","43","460","1185","0","38.82","27.43"
"67","000","00","006","0602","0064","456","328","128","69","525","1303","0","40.29","25.17"
"67","000","00","006","0603","0000","481","361","120","83","564","1453","0","38.82","24.85"
"67","000","00","006","0603","0065","253","194","59","40","293","732","0","40.03","26.5"
"67","000","00","006","0603","0066","228","167","61","43","271","721","0","37.59","23.16"
"67","000","00","006","0604","0000","320","254","66","43","363","943","0","38.49","26.94"
"67","000","00","006","0604","0068","320","254","66","43","363","943","0","38.49","26.94"
"67","000","00","006","0605","0000","340","233","107","54","394","1104","0","35.69","21.11"
"67","000","00","006","0605","0067","340","233","107","54","394","1104","0","35.69","21.11"
"67","000","00","006","0606","0000","339","263","76","85","424","1249","0","33.95","21.06"
"67","000","00","006","0606","0069","131","108","23","3","134","653","0","20.52","16.54"
"67","000","00","006","0606","0070","208","155","53","82","290","596","0","48.66","26.01"
"67","000","00","006","0607","0000","325","229","96","66","391","878","0","44.53","26.08"
"67","000","00","006","0607","0071","325","229","96","66","391","878","0","44.53","26.08"
"67","000","00","006","0608","0000","92","63","29","3","95","425","0","22.35","14.82"
"67","000","00","006","0608","0075","92","63","29","3","95","425","0","22.35","14.82"
"67","000","00","006","0609","0000","124","93","31","20","144","394","0","36.55","23.6"
"67","000","00","006","0609","0076","124","93","31","20","144","394","0","36.55","23.6"
"67","000","00","006","0610","0000","151","115","36","34","185","373","0","49.6","30.83"
"67","000","00","006","0610","0077","151","115","36","34","185","373","0","49.6","30.83"
"67","000","00","006","0611","0000","528","396","132","54","582","2144","0","27.15","18.47"
"67","000","00","006","0611","0078","341","262","79","47","388","1257","0","30.87","20.84"
"67","000","00","006","0611","0079","187","134","53","7","194","887","0","21.87","15.11"
"67","000","00","006","0612","0000","145","115","30","14","159","658","0","24.16","17.48"
"67","000","00","006","0612","0080","145","115","30","14","159","658","0","24.16","17.48"
"67","000","00","006","0613","0000","272","198","74","34","306","1101","0","27.79","17.98"
"67","000","00","006","0613","0081","272","198","74","34","306","1101","0","27.79","17.98"
"67","000","00","006","0614","0000","239","169","70","18","257","1057","0","24.31","15.99"
"67","000","00","006","0614","0082","239","169","70","18","257","1057","0","24.31","15.99"
"67","000","00","006","0615","0000","348","259","89","71","419","909","0","46.09","28.49"
"67","000","00","006","0615","0083","248","193","55","54","302","639","0","47.26","30.2"
"67","000","00","006","0615","0084","100","66","34","17","117","270","0","43.33","24.44"
"67","000","00","006","0616","0000","704","508","196","143","847","1894","0","44.72","26.82"
"67","000","00","006","0616","0072","257","171","86","62","319","771","0","41.37","22.18"
"67","000","00","006","0616","0073","180","133","47","29","209","483","0","43.27","27.54"
"67","000","00","006","0616","0074","267","204","63","52","319","640","0","49.84","31.88"
"67","000","00","007","0000","0000","16514","12101","4413","1309","17823","37963","44306","46.95","31.88"
"67","000","00","007","0703","0000","1336","984","352","105","1441","2587","0","55.7","38.04"
"67","000","00","007","0703","0385","642","473","169","59","701","1262","0","55.55","37.48"
"67","000","00","007","0703","0386","694","511","183","46","740","1325","0","55.85","38.57"
"67","000","00","007","0704","0000","1153","835","318","55","1208","2505","0","48.22","33.33"
"67","000","00","007","0704","0387","621","458","163","32","653","1384","0","47.18","33.09"
"67","000","00","007","0704","0388","532","377","155","23","555","1121","0","49.51","33.63"
"67","000","00","007","0705","0000","983","784","199","61","1044","2120","0","49.25","36.98"
"67","000","00","007","0705","0383","256","169","87","15","271","523","0","51.82","32.31"
"67","000","00","007","0705","0384","727","615","112","46","773","1597","0","48.4","38.51"
"67","000","00","007","0706","0000","866","612","254","62","928","1975","0","46.99","30.99"
"67","000","00","007","0706","0389","441","304","137","25","466","1021","0","45.64","29.77"
"67","000","00","007","0706","0390","425","308","117","37","462","954","0","48.43","32.29"
"67","000","00","007","0707","0000","597","419","178","29","626","1513","0","41.37","27.69"
"67","000","00","007","0707","0391","597","419","178","29","626","1513","0","41.37","27.69"
"67","000","00","007","0709","0000","1497","1120","377","130","1627","3530","0","46.09","31.73"
"67","000","00","007","0709","0392","678","495","183","56","734","1726","0","42.53","28.68"
"67","000","00","007","0709","0393","819","625","194","74","893","1804","0","49.5","34.65"
"67","000","00","007","0710","0000","457","319","138","38","495","1106","0","44.76","28.84"
"67","000","00","007","0710","0394","457","319","138","38","495","1106","0","44.76","28.84"
"67","000","00","007","0711","0000","1289","953","336","98","1387","2805","0","49.45","33.98"
"67","000","00","007","0711","0395","686","501","185","41","727","1503","0","48.37","33.33"
"67","000","00","007","0711","0396","603","452","151","57","660","1302","0","50.69","34.72"
"67","000","00","007","0714","0000","950","685","265","62","1012","2330","0","43.43","29.4"
"67","000","00","007","0714","0399","670","488","182","45","715","1612","0","44.35","30.27"
"67","000","00","007","0714","0400","280","197","83","17","297","718","0","41.36","27.44"
"67","000","00","007","0715","0000","624","456","168","28","652","1656","0","39.37","27.54"
"67","000","00","007","0715","0401","624","456","168","28","652","1656","0","39.37","27.54"
"67","000","00","007","0717","0000","906","671","235","114","1020","2332","0","43.74","28.77"
"67","000","00","007","0717","0402","575","416","159","82","657","1355","0","48.49","30.7"
"67","000","00","007","0717","0403","331","255","76","32","363","977","0","37.15","26.1"
"67","000","00","007","0719","0000","828","606","222","62","890","2105","0","42.28","28.79"
"67","000","00","007","0719","0404","406","292","114","29","435","1012","0","42.98","28.85"
"67","000","00","007","0719","0405","296","220","76","28","324","626","0","51.76","35.14"
"67","000","00","007","0719","0406","126","94","32","5","131","467","0","28.05","20.13"
"67","000","00","007","0721","0000","512","374","138","29","541","1260","0","42.94","29.68"
"67","000","00","007","0721","0407","512","374","138","29","541","1260","0","42.94","29.68"
"67","000","00","007","0722","0000","509","367","142","46","555","1111","0","49.95","33.03"
"67","000","00","007","0722","0408","509","367","142","46","555","1111","0","49.95","33.03"
"67","000","00","007","0724","0000","604","436","168","83","687","1348","0","50.96","32.34"
"67","000","00","007","0724","0409","253","194","59","31","284","550","0","51.64","35.27"
"67","000","00","007","0724","0410","351","242","109","52","403","798","0","50.5","30.33"
"67","000","00","007","0728","0000","359","262","97","15","374","941","0","39.74","27.84"
"67","000","00","007","0728","0413","359","262","97","15","374","941","0","39.74","27.84"
"67","000","00","007","0730","0000","870","614","256","92","962","1865","0","51.58","32.92"
"67","000","00","007","0730","0381","542","389","153","53","595","1205","0","49.38","32.28"
"67","000","00","007","0730","0382","328","225","103","39","367","660","0","55.61","34.09"
"67","000","00","007","0731","0000","724","539","185","94","818","1682","0","48.63","32.05"
"67","000","00","007","0731","0411","426","316","110","81","507","852","0","59.51","37.09"
"67","000","00","007","0731","0412","298","223","75","13","311","830","0","37.47","26.87"
"67","000","00","007","0732","0000","766","563","203","54","820","1770","0","46.33","31.81"
"67","000","00","007","0732","0414","517","383","134","43","560","1158","0","48.36","33.07"
"67","000","00","007","0732","0415","249","180","69","11","260","612","0","42.48","29.41"
"67","000","00","007","0733","0000","684","502","182","52","736","1422","0","51.76","35.3"
"67","000","00","007","0733","0397","281","209","72","18","299","645","0","46.36","32.4"
"67","000","00","007","0733","0398","403","293","110","34","437","777","0","56.24","37.71"
"67","000","00","008","0000","0000","8406","6324","2082","1044","9450","20947","23938","45.11","30.19"
"67","000","00","008","0801","0000","560","415","145","55","615","1558","0","39.47","26.64"
"67","000","00","008","0801","0343","560","415","145","55","615","1558","0","39.47","26.64"
"67","000","00","008","0802","0000","742","560","182","99","841","2005","0","41.95","27.93"
"67","000","00","008","0802","0344","386","283","103","33","419","1112","0","37.68","25.45"
"67","000","00","008","0802","0345","356","277","79","66","422","893","0","47.26","31.02"
"67","000","00","008","0803","0000","571","417","154","64","635","1623","0","39.13","25.69"
"67","000","00","008","0803","0346","571","417","154","64","635","1623","0","39.13","25.69"
"67","000","00","008","0804","0000","658","504","154","103","761","1568","0","48.53","32.14"
"67","000","00","008","0804","0347","658","504","154","103","761","1568","0","48.53","32.14"
"67","000","00","008","0805","0000","817","626","191","81","898","1938","0","46.34","32.3"
"67","000","00","008","0805","0348","444","332","112","60","504","985","0","51.17","33.71"
"67","000","00","008","0805","0349","373","294","79","21","394","953","0","41.34","30.85"
"67","000","00","008","0806","0000","947","718","229","107","1054","2108","0","50.0","34.06"
"67","000","00","008","0806","0350","428","328","100","30","458","1031","0","44.42","31.81"
"67","000","00","008","0806","0351","519","390","129","77","596","1077","0","55.34","36.21"
"67","000","00","008","0811","0000","818","628","190","98","916","1894","0","48.36","33.16"
"67","000","00","008","0811","0356","426","328","98","63","489","959","0","50.99","34.2"
"67","000","00","008","0811","0357","392","300","92","35","427","935","0","45.67","32.09"
"67","000","00","008","0812","0000","396","295","101","51","447","893","0","50.06","33.03"
"67","000","00","008","0812","0358","396","295","101","51","447","893","0","50.06","33.03"
"67","000","00","008","0813","0000","579","441","138","93","672","1293","0","51.97","34.11"
"67","000","00","008","0813","0359","579","441","138","93","672","1293","0","51.97","34.11"
"67","000","00","008","0816","0000","914","684","230","94","1008","2255","0","44.7","30.33"
"67","000","00","008","0816","0354","496","375","121","59","555","1164","0","47.68","32.22"
"67","000","00","008","0816","0355","418","309","109","35","453","1091","0","41.52","28.32"
"67","000","00","008","0817","0000","552","404","148","67","619","1557","0","39.76","25.95"
"67","000","00","008","0817","0352","236","166","70","44","280","703","0","39.83","23.61"
"67","000","00","008","0817","0353","316","238","78","23","339","854","0","39.7","27.87"
"67","000","00","008","0818","0000","852","632","220","132","984","2255","0","43.64","28.03"
"67","000","00","008","0818","0360","515","376","139","110","625","1185","0","52.74","31.73"
"67","000","00","008","0818","0361","337","256","81","22","359","1070","0","33.55","23.93"
"67","000","00","009","0000","0000","8070","5861","2209","1018","9088","19144","22196","47.47","30.62"
"67","000","00","009","0901","0000","1285","934","351","134","1419","2908","0","48.8","32.12"
"67","000","00","009","0901","0362","401","292","109","62","463","819","0","56.53","35.65"
"67","000","00","009","0901","0363","296","213","83","19","315","645","0","48.84","33.02"
"67","000","00","009","0901","0364","588","429","159","53","641","1444","0","44.39","29.71"
"67","000","00","009","0902","0000","1008","742","266","99","1107","2725","0","40.62","27.23"
"67","000","00","009","0902","0365","577","413","164","53","630","1554","0","40.54","26.58"
"67","000","00","009","0902","0366","431","329","102","46","477","1171","0","40.73","28.1"
"67","000","00","009","0903","0000","568","402","166","77","645","1351","0","47.74","29.76"
"67","000","00","009","0903","0367","568","402","166","77","645","1351","0","47.74","29.76"
"67","000","00","009","0905","0000","753","542","211","144","897","1929","0","46.5","28.1"
"67","000","00","009","0905","0368","384","277","107","81","465","1010","0","46.04","27.43"
"67","000","00","009","0905","0369","369","265","104","63","432","919","0","47.01","28.84"
"67","000","00","009","0906","0000","1482","1105","377","213","1695","3360","0","50.45","32.89"
"67","000","00","009","0906","0370","573","426","147","77","650","1369","0","47.48","31.12"
"67","000","00","009","0906","0371","423","333","90","77","500","976","0","51.23","34.12"
"67","000","00","009","0906","0372","486","346","140","59","545","1015","0","53.69","34.09"
"67","000","00","009","0907","0000","893","640","253","98","991","2115","0","46.86","30.26"
"67","000","00","009","0907","0373","471","344","127","40","511","1176","0","43.45","29.25"
"67","000","00","009","0907","0374","422","296","126","58","480","939","0","51.12","31.52"
"67","000","00","009","0908","0000","718","523","195","108","826","1593","0","51.85","32.83"
"67","000","00","009","0908","0375","313","221","92","56","369","712","0","51.83","31.04"
"67","000","00","009","0908","0376","405","302","103","52","457","881","0","51.87","34.28"
"67","000","00","009","0909","0000","618","452","166","68","686","1184","0","57.94","38.18"
"67","000","00","009","0909","0377","618","452","166","68","686","1184","0","57.94","38.18"
"67","000","00","009","0910","0000","326","229","97","36","362","599","0","60.43","38.23"
"67","000","00","009","0910","0378","326","229","97","36","362","599","0","60.43","38.23"
"67","000","00","009","0911","0000","207","155","52","9","216","759","0","28.46","20.42"
"67","000","00","009","0911","0379","207","155","52","9","216","759","0","28.46","20.42"
"67","000","00","009","0912","0000","212","137","75","32","244","621","0","39.29","22.06"
"67","000","00","009","0912","0380","212","137","75","32","244","621","0","39.29","22.06"
"67","000","00","010","0000","0000","7896","5689","2207","843","8739","18675","21329","46.8","30.46"
"67","000","00","010","1001","0000","867","634","233","73","940","2069","0","45.43","30.64"
"67","000","00","010","1001","0416","449","347","102","17","466","1104","0","42.21","31.43"
"67","000","00","010","1001","0417","418","287","131","56","474","965","0","49.12","29.74"
"67","000","00","010","1002","0000","1414","1023","391","166","1580","3055","0","51.72","33.49"
"67","000","00","010","1002","0418","627","477","150","49","676","1402","0","48.22","34.02"
"67","000","00","010","1002","0419","787","546","241","117","904","1653","0","54.69","33.03"
"67","000","00","010","1005","0000","102","79","23","7","109","402","0","27.11","19.65"
"67","000","00","010","1005","0422","102","79","23","7","109","402","0","27.11","19.65"
"67","000","00","010","1006","0000","807","577","230","61","868","1957","0","44.35","29.48"
"67","000","00","010","1006","0423","446","313","133","18","464","982","0","47.25","31.87"
"67","000","00","010","1006","0424","361","264","97","43","404","975","0","41.44","27.08"
"67","000","00","010","1007","0000","1532","1122","410","145","1677","3375","0","49.69","33.24"
"67","000","00","010","1007","0425","351","245","106","46","397","802","0","49.5","30.55"
"67","000","00","010","1007","0426","534","405","129","60","594","1118","0","53.13","36.23"
"67","000","00","010","1007","0427","647","472","175","39","686","1455","0","47.15","32.44"
"67","000","00","010","1008","0000","549","400","149","38","587","1208","0","48.59","33.11"
"67","000","00","010","1008","0428","549","400","149","38","587","1208","0","48.59","33.11"
"67","000","00","010","1013","0000","304","227","77","22","326","873","0","37.34","26.0"
"67","000","00","010","1013","0435","304","227","77","22","326","873","0","37.34","26.0"
"67","000","00","010","1014","0000","480","330","150","78","558","1250","0","44.64","26.4"
"67","000","00","010","1014","0420","372","258","114","64","436","966","0","45.13","26.71"
"67","000","00","010","1014","0421","108","72","36","14","122","284","0","42.96","25.35"
"67","000","00","010","1015","0000","1124","780","344","161","1285","2586","0","49.69","30.16"
"67","000","00","010","1015","0431","203","148","55","36","239","501","0","47.7","29.54"
"67","000","00","010","1015","0432","334","237","97","61","395","728","0","54.26","32.55"
"67","000","00","010","1015","0433","356","235","121","20","376","842","0","44.66","27.91"
"67","000","00","010","1015","0434","231","160","71","44","275","515","0","53.4","31.07"
"67","000","00","010","1016","0000","717","517","200","92","809","1900","0","42.58","27.21"
"67","000","00","010","1016","0429","510","366","144","66","576","1293","0","44.55","28.31"
"67","000","00","010","1016","0430","207","151","56","26","233","607","0","38.39","24.88"
"67","000","00","011","0000","0000","3499","2664","835","517","4016","8654","9643","46.41","30.78"
"67","000","00","011","1101","0000","348","247","101","58","406","1021","0","39.76","24.19"
"67","000","00","011","1101","0436","267","188","79","55","322","759","0","42.42","24.77"
"67","000","00","011","1101","0437","81","59","22","3","84","262","0","32.06","22.52"
"67","000","00","011","1102","0000","189","148","41","18","207","646","0","32.04","22.91"
"67","000","00","011","1102","0438","189","148","41","18","207","646","0","32.04","22.91"
"67","000","00","011","1103","0000","506","393","113","76","582","1473","0","39.51","26.68"
"67","000","00","011","1103","0439","506","393","113","76","582","1473","0","39.51","26.68"
"67","000","00","011","1104","0000","415","331","84","76","491","915","0","53.66","36.17"
"67","000","00","011","1104","0440","415","331","84","76","491","915","0","53.66","36.17"
"67","000","00","011","1105","0000","376","275","101","52","428","779","0","54.94","35.3"
"67","000","00","011","1105","0441","376","275","101","52","428","779","0","54.94","35.3"
"67","000","00","011","1106","0000","324","238","86","64","388","637","0","60.91","37.36"
"67","000","00","011","1106","0442","324","238","86","64","388","637","0","60.91","37.36"
"67","000","00","011","1107","0000","373","279","94","40","413","993","0","41.59","28.1"
"67","000","00","011","1107","0443","373","279","94","40","413","993","0","41.59","28.1"
"67","000","00","011","1108","0000","371","283","88","38","409","766","0","53.39","36.95"
"67","000","00","011","1108","0444","371","283","88","38","409","766","0","53.39","36.95"
"67","000","00","011","1109","0000","361","284","77","48","409","841","0","48.63","33.77"
"67","000","00","011","1109","0445","361","284","77","48","409","841","0","48.63","33.77"
"67","000","00","011","1110","0000","236","186","50","47","283","583","0","48.54","31.9"
"67","000","00","011","1110","0446","236","186","50","47","283","583","0","48.54","31.9"
"67","000","00","012","0000","0000","23531","17798","5733","2249","25780","50407","59087","51.14","35.31"
"67","000","00","012","1201","0000","1136","831","305","113","1249","2220","0","56.26","37.43"
"67","000","00","012","1201","0282","694","500","194","76","770","1391","0","55.36","35.95"
"67","000","00","012","1201","0283","442","331","111","37","479","829","0","57.78","39.93"
"67","000","00","012","1202","0000","1145","865","280","57","1202","2853","0","42.13","30.32"
"67","000","00","012","1202","0284","573","417","156","33","606","1401","0","43.25","29.76"
"67","000","00","012","1202","0285","572","448","124","24","596","1452","0","41.05","30.85"
"67","000","00","012","1203","0000","2629","1988","641","276","2905","5611","0","51.77","35.43"
"67","000","00","012","1203","0286","660","496","164","71","731","1382","0","52.89","35.89"
"67","000","00","012","1203","0287","685","521","164","80","765","1463","0","52.29","35.61"
"67","000","00","012","1203","0288","568","429","139","39","607","1280","0","47.42","33.52"
"67","000","00","012","1203","0289","716","542","174","86","802","1486","0","53.97","36.47"
"67","000","00","012","1204","0000","1906","1428","478","198","2104","4204","0","50.05","33.97"
"67","000","00","012","1204","0297","645","480","165","60","705","1425","0","49.47","33.68"
"67","000","00","012","1204","0298","598","446","152","55","653","1255","0","52.03","35.54"
"67","000","00","012","1204","0299","663","502","161","83","746","1524","0","48.95","32.94"
"67","000","00","012","1205","0000","2828","2162","666","324","3152","5877","0","53.63","36.79"
"67","000","00","012","1205","0290","685","525","160","69","754","1378","0","54.72","38.1"
"67","000","00","012","1205","0291","729","544","185","69","798","1505","0","53.02","36.15"
"67","000","00","012","1205","0292","871","676","195","96","967","1860","0","51.99","36.34"
"67","000","00","012","1205","0293","543","417","126","90","633","1134","0","55.82","36.77"
"67","000","00","012","1206","0000","1927","1483","444","106","2033","4059","0","50.09","36.54"
"67","000","00","012","1206","0303","658","495","163","48","706","1381","0","51.12","35.84"
"67","000","00","012","1206","0304","629","497","132","22","651","1364","0","47.73","36.44"
"67","000","00","012","1206","0305","640","491","149","36","676","1314","0","51.45","37.37"
"67","000","00","012","1207","0000","1018","757","261","129","1147","2125","0","53.98","35.62"
"67","000","00","012","1207","0306","566","421","145","69","635","1164","0","54.55","36.17"
"67","000","00","012","1207","0307","452","336","116","60","512","961","0","53.28","34.96"
"67","000","00","012","1212","0000","947","731","216","115","1062","2209","0","48.08","33.09"
"67","000","00","012","1212","0312","654","511","143","64","718","1507","0","47.64","33.91"
"67","000","00","012","1212","0313","293","220","73","51","344","702","0","49.0","31.34"
"67","000","00","012","1219","0000","675","519","156","84","759","1513","0","50.17","34.3"
"67","000","00","012","1219","0319","675","519","156","84","759","1513","0","50.17","34.3"
"67","000","00","012","1220","0000","969","705","264","101","1070","2410","0","44.4","29.25"
"67","000","00","012","1220","0320","265","196","69","22","287","714","0","40.2","27.45"
"67","000","00","012","1220","0321","316","224","92","50","366","745","0","49.13","30.07"
"67","000","00","012","1220","0322","388","285","103","29","417","951","0","43.85","29.97"
"67","000","00","012","1222","0000","474","350","124","42","516","1072","0","48.13","32.65"
"67","000","00","012","1222","0310","320","246","74","29","349","689","0","50.65","35.7"
"67","000","00","012","1222","0311","154","104","50","13","167","383","0","43.6","27.15"
"67","000","00","012","1223","0000","2531","1990","541","194","2725","5111","0","53.32","38.94"
"67","000","00","012","1223","0294","691","532","159","60","751","1426","0","52.66","37.31"
"67","000","00","012","1223","0295","858","679","179","71","929","1779","0","52.22","38.17"
"67","000","00","012","1223","0296","982","779","203","63","1045","1906","0","54.83","40.87"
"67","000","00","012","1224","0000","967","714","253","84","1051","2137","0","49.18","33.41"
"67","000","00","012","1224","0308","529","394","135","56","585","1218","0","48.03","32.35"
"67","000","00","012","1224","0309","438","320","118","28","466","919","0","50.71","34.82"
"67","000","00","012","1225","0000","928","687","241","107","1035","1844","0","56.13","37.26"
"67","000","00","012","1225","0314","434","331","103","49","483","907","0","53.25","36.49"
"67","000","00","012","1225","0315","494","356","138","58","552","937","0","58.91","37.99"
"67","000","00","012","1226","0000","1222","897","325","174","1396","2798","0","49.89","32.06"
"67","000","00","012","1226","0316","447","325","122","96","543","1030","0","52.72","31.55"
"67","000","00","012","1226","0317","450","326","124","53","503","981","0","51.27","33.23"
"67","000","00","012","1226","0318","325","246","79","25","350","787","0","44.47","31.26"
"67","000","00","012","1227","0000","2229","1691","538","145","2374","4364","0","54.4","38.75"
"67","000","00","012","1227","0300","764","595","169","49","813","1631","0","49.85","36.48"
"67","000","00","012","1227","0301","812","603","209","49","861","1546","0","55.69","39.0"
"67","000","00","012","1227","0302","653","493","160","47","700","1187","0","58.97","41.53"
"67","000","00","013","0000","0000","9515","7007","2508","926","10441","22567","25725","46.27","31.05"
"67","000","00","013","1301","0000","1781","1356","425","183","1964","3852","0","50.99","35.2"
"67","000","00","013","1301","0216","647","498","149","37","684","1370","0","49.93","36.35"
"67","000","00","013","1301","0217","542","414","128","60","602","1117","0","53.89","37.06"
"67","000","00","013","1301","0218","592","444","148","86","678","1365","0","49.67","32.53"
"67","000","00","013","1302","0000","995","743","252","52","1047","2235","0","46.85","33.24"
"67","000","00","013","1302","0221","480","345","135","23","503","1052","0","47.81","32.79"
"67","000","00","013","1302","0222","515","398","117","29","544","1183","0","45.98","33.64"
"67","000","00","013","1303","0000","400","283","117","34","434","1238","0","35.06","22.86"
"67","000","00","013","1303","0227","266","199","67","24","290","832","0","34.86","23.92"
"67","000","00","013","1303","0228","134","84","50","10","144","406","0","35.47","20.69"
"67","000","00","013","1304","0000","391","286","105","33","424","818","0","51.83","34.96"
"67","000","00","013","1304","0229","391","286","105","33","424","818","0","51.83","34.96"
"67","000","00","013","1305","0000","796","622","174","79","875","1900","0","46.05","32.74"
"67","000","00","013","1305","0213","287","224","63","37","324","635","0","51.02","35.28"
"67","000","00","013","1305","0214","343","273","70","23","366","822","0","44.53","33.21"
"67","000","00","013","1305","0215","166","125","41","19","185","443","0","41.76","28.22"
"67","000","00","013","1306","0000","1180","823","357","103","1283","2409","0","53.26","34.16"
"67","000","00","013","1306","0208","419","282","137","61","480","862","0","55.68","32.71"
"67","000","00","013","1306","0209","319","220","99","12","331","611","0","54.17","36.01"
"67","000","00","013","1306","0210","442","321","121","30","472","936","0","50.43","34.29"
"67","000","00","013","1307","0000","905","629","276","73","978","1935","0","50.54","32.51"
"67","000","00","013","1307","0211","460","311","149","40","500","1066","0","46.9","29.17"
"67","000","00","013","1307","0212","445","318","127","33","478","869","0","55.01","36.59"
"67","000","00","013","1308","0000","484","339","145","69","553","1241","0","44.56","27.32"
"67","000","00","013","1308","0224","484","339","145","69","553","1241","0","44.56","27.32"
"67","000","00","013","1309","0000","359","261","98","19","378","1052","0","35.93","24.81"
"67","000","00","013","1309","0230","359","261","98","19","378","1052","0","35.93","24.81"
"67","000","00","013","1310","0000","840","617","223","123","963","2116","0","45.51","29.16"
"67","000","00","013","1310","0219","631","472","159","80","711","1489","0","47.75","31.7"
"67","000","00","013","1310","0220","209","145","64","43","252","627","0","40.19","23.13"
"67","000","00","013","1311","0000","355","274","81","36","391","979","0","39.94","27.99"
"67","000","00","013","1311","0223","355","274","81","36","391","979","0","39.94","27.99"
"67","000","00","013","1312","0000","506","373","133","51","557","1369","0","40.69","27.25"
"67","000","00","013","1312","0231","211","145","66","16","227","578","0","39.27","25.09"
"67","000","00","013","1312","0232","146","103","43","21","167","430","0","38.84","23.95"
"67","000","00","013","1312","0233","149","125","24","14","163","361","0","45.15","34.63"
"67","000","00","013","1313","0000","523","401","122","71","594","1423","0","41.74","28.18"
"67","000","00","013","1313","0225","287","225","62","28","315","843","0","37.37","26.69"
"67","000","00","013","1313","0226","236","176","60","43","279","580","0","48.1","30.34"
"67","000","00","014","0000","0000","8838","6716","2122","739","9577","21564","24724","44.41","31.14"
"67","000","00","014","1401","0000","1415","1047","368","67","1482","3148","0","47.08","33.26"
"67","000","00","014","1401","0323","428","331","97","13","441","933","0","47.27","35.48"
"67","000","00","014","1401","0324","434","301","133","23","457","901","0","50.72","33.41"
"67","000","00","014","1401","0325","553","415","138","31","584","1314","0","44.44","31.58"
"67","000","00","014","1402","0000","938","698","240","74","1012","2401","0","42.15","29.07"
"67","000","00","014","1402","0329","658","499","159","61","719","1663","0","43.24","30.01"
"67","000","00","014","1402","0330","280","199","81","13","293","738","0","39.7","26.96"
"67","000","00","014","1403","0000","734","564","170","91","825","1593","0","51.79","35.4"
"67","000","00","014","1403","0331","582","452","130","64","646","1211","0","53.34","37.32"
"67","000","00","014","1403","0332","152","112","40","27","179","382","0","46.86","29.32"
"67","000","00","014","1404","0000","655","494","161","29","684","1624","0","42.12","30.42"
"67","000","00","014","1404","0333","308","227","81","15","323","786","0","41.09","28.88"
"67","000","00","014","1404","0334","347","267","80","14","361","838","0","43.08","31.86"
"67","000","00","014","1405","0000","518","378","140","47","565","1449","0","38.99","26.09"
"67","000","00","014","1405","0335","518","378","140","47","565","1449","0","38.99","26.09"
"67","000","00","014","1406","0000","519","388","131","32","551","1479","0","37.25","26.23"
"67","000","00","014","1406","0336","519","388","131","32","551","1479","0","37.25","26.23"
"67","000","00","014","1407","0000","343","263","80","76","419","763","0","54.91","34.47"
"67","000","00","014","1407","0337","343","263","80","76","419","763","0","54.91","34.47"
"67","000","00","014","1408","0000","493","380","113","27","520","1297","0","40.09","29.3"
"67","000","00","014","1408","0338","493","380","113","27","520","1297","0","40.09","29.3"
"67","000","00","014","1409","0000","560","517","43","38","598","1393","0","42.93","37.11"
"67","000","00","014","1409","0339","560","517","43","38","598","1393","0","42.93","37.11"
"67","000","00","014","1410","0000","511","377","134","40","551","1349","0","40.85","27.95"
"67","000","00","014","1410","0340","332","235","97","19","351","958","0","36.64","24.53"
"67","000","00","014","1410","0341","179","142","37","21","200","391","0","51.15","36.32"
"67","000","00","014","1411","0000","364","291","73","55","419","805","0","52.05","36.15"
"67","000","00","014","1411","0342","364","291","73","55","419","805","0","52.05","36.15"
"67","000","00","014","1412","0000","1788","1319","469","163","1951","4263","0","45.77","30.94"
"67","000","00","014","1412","0326","614","465","149","78","692","1349","0","51.3","34.47"
"67","000","00","014","1412","0327","502","360","142","56","558","1014","0","55.03","35.5"
"67","000","00","014","1412","0328","672","494","178","29","701","1900","0","36.89","26.0"
"67","000","00","015","0000","0000","7522","5675","1847","899","8421","19950","22810","42.21","28.45"
"67","000","00","015","1501","0000","439","324","115","36","475","1042","0","45.59","31.09"
"67","000","00","015","1501","0258","207","153","54","16","223","534","0","41.76","28.65"
"67","000","00","015","1501","0259","232","171","61","20","252","508","0","49.61","33.66"
"67","000","00","015","1502","0000","190","150","40","10","200","665","0","30.08","22.56"
"67","000","00","015","1502","0260","190","150","40","10","200","665","0","30.08","22.56"
"67","000","00","015","1504","0000","303","245","58","30","333","834","0","39.93","29.38"
"67","000","00","015","1504","0261","303","245","58","30","333","834","0","39.93","29.38"
"67","000","00","015","1505","0000","277","202","75","16","293","810","0","36.17","24.94"
"67","000","00","015","1505","0262","277","202","75","16","293","810","0","36.17","24.94"
"67","000","00","015","1506","0000","136","98","38","14","150","480","0","31.25","20.42"
"67","000","00","015","1506","0263","136","98","38","14","150","480","0","31.25","20.42"
"67","000","00","015","1507","0000","144","110","34","9","153","445","0","34.38","24.72"
"67","000","00","015","1507","0264","144","110","34","9","153","445","0","34.38","24.72"
"67","000","00","015","1508","0000","456","337","119","36","492","1618","0","30.41","20.83"
"67","000","00","015","1508","0266","234","169","65","11","245","838","0","29.24","20.17"
"67","000","00","015","1508","0267","222","168","54","25","247","780","0","31.67","21.54"
"67","000","00","015","1509","0000","163","118","45","19","182","350","0","52.0","33.71"
"67","000","00","015","1509","0268","163","118","45","19","182","350","0","52.0","33.71"
"67","000","00","015","1510","0000","439","325","114","98","537","907","0","59.21","35.83"
"67","000","00","015","1510","0269","439","325","114","98","537","907","0","59.21","35.83"
"67","000","00","015","1511","0000","289","226","63","22","311","780","0","39.87","28.97"
"67","000","00","015","1511","0270","289","226","63","22","311","780","0","39.87","28.97"
"67","000","00","015","1512","0000","970","760","210","78","1048","2571","0","40.76","29.56"
"67","000","00","015","1512","0271","628","493","135","43","671","1658","0","40.47","29.73"
"67","000","00","015","1512","0272","342","267","75","35","377","913","0","41.29","29.24"
"67","000","00","015","1515","0000","744","575","169","82","826","1898","0","43.52","30.3"
"67","000","00","015","1515","0273","519","390","129","70","589","1202","0","49.0","32.45"
"67","000","00","015","1515","0274","225","185","40","12","237","696","0","34.05","26.58"
"67","000","00","015","1517","0000","162","117","45","16","178","680","0","26.18","17.21"
"67","000","00","015","1517","0265","162","117","45","16","178","680","0","26.18","17.21"
"67","000","00","015","1518","0000","581","432","149","106","687","1269","0","54.14","34.04"
"67","000","00","015","1518","0275","263","190","73","39","302","647","0","46.68","29.37"
"67","000","00","015","1518","0276","318","242","76","67","385","622","0","61.9","38.91"
"67","000","00","015","1519","0000","839","635","204","125","964","1873","0","51.47","33.9"
"67","000","00","015","1519","0277","565","437","128","100","665","1175","0","56.6","37.19"
"67","000","00","015","1519","0278","274","198","76","25","299","698","0","42.84","28.37"
"67","000","00","015","1521","0000","429","315","114","81","510","983","0","51.88","32.04"
"67","000","00","015","1521","0279","429","315","114","81","510","983","0","51.88","32.04"
"67","000","00","015","1522","0000","445","322","123","36","481","1366","0","35.21","23.57"
"67","000","00","015","1522","0280","445","322","123","36","481","1366","0","35.21","23.57"
"67","000","00","015","1523","0000","516","384","132","85","601","1379","0","43.58","27.85"
"67","000","00","015","1523","0281","516","384","132","85","601","1379","0","43.58","27.85"
"67","000","00","016","0000","0000","6509","4896","1613","743","7252","17754","19691","40.85","27.58"
"67","000","00","016","1601","0000","556","413","143","68","624","1110","0","56.22","37.21"
"67","000","00","016","1601","0234","556","413","143","68","624","1110","0","56.22","37.21"
"67","000","00","016","1613","0000","287","205","82","15","302","849","0","35.57","24.15"
"67","000","00","016","1613","0250","287","205","82","15","302","849","0","35.57","24.15"
"67","000","00","016","1614","0000","220","166","54","33","253","645","0","39.22","25.74"
"67","000","00","016","1614","0251","220","166","54","33","253","645","0","39.22","25.74"
"67","000","00","016","1615","0000","385","287","98","40","425","1353","0","31.41","21.21"
"67","000","00","016","1615","0252","213","158","55","30","243","690","0","35.22","22.9"
"67","000","00","016","1615","0253","172","129","43","10","182","663","0","27.45","19.46"
"67","000","00","016","1616","0000","365","262","103","32","397","1175","0","33.79","22.3"
"67","000","00","016","1616","0254","365","262","103","32","397","1175","0","33.79","22.3"
"67","000","00","016","1617","0000","659","495","164","169","828","1898","0","43.62","26.08"
"67","000","00","016","1617","0255","242","184","58","31","273","837","0","32.62","21.98"
"67","000","00","016","1617","0256","417","311","106","138","555","1061","0","52.31","29.31"
"67","000","00","016","1618","0000","277","211","66","24","301","976","0","30.84","21.62"
"67","000","00","016","1618","0257","277","211","66","24","301","976","0","30.84","21.62"
"67","000","00","016","1619","0000","366","275","91","31","397","1223","0","32.46","22.49"
"67","000","00","016","1619","0245","202","146","56","13","215","650","0","33.08","22.46"
"67","000","00","016","1619","0246","164","129","35","18","182","573","0","31.76","22.51"
"67","000","00","016","1620","0000","980","756","224","58","1038","2387","0","43.49","31.67"
"67","000","00","016","1620","0235","590","469","121","27","617","1418","0","43.51","33.07"
"67","000","00","016","1620","0236","390","287","103","31","421","969","0","43.45","29.62"
"67","000","00","016","1621","0000","1038","780","258","122","1160","2482","0","46.74","31.43"
"67","000","00","016","1621","0237","253","192","61","46","299","519","0","57.61","36.99"
"67","000","00","016","1621","0238","455","354","101","23","478","1106","0","43.22","32.01"
"67","000","00","016","1621","0239","227","159","68","40","267","542","0","49.26","29.34"
"67","000","00","016","1621","0240","103","75","28","13","116","315","0","36.83","23.81"
"67","000","00","016","1622","0000","764","581","183","78","842","2032","0","41.44","28.59"
"67","000","00","016","1622","0241","203","158","45","31","234","584","0","40.07","27.05"
"67","000","00","016","1622","0242","164","127","37","8","172","398","0","43.22","31.91"
"67","000","00","016","1622","0243","204","153","51","17","221","608","0","36.35","25.16"
"67","000","00","016","1622","0244","193","143","50","22","215","442","0","48.64","32.35"
"67","000","00","016","1623","0000","612","465","147","73","685","1624","0","42.18","28.63"
"67","000","00","016","1623","0247","194","148","46","10","204","617","0","33.06","23.99"
"67","000","00","016","1623","0248","237","188","49","32","269","573","0","46.95","32.81"
"67","000","00","016","1623","0249","181","129","52","31","212","434","0","48.85","29.72"
"67","000","00","017","0000","0000","3442","2613","829","343","3785","9925","11099","38.14","26.33"
"67","000","00","017","1701","0000","488","383","105","27","515","1341","0","38.4","28.56"
"67","000","00","017","1701","0196","276","217","59","11","287","742","0","38.68","29.25"
"67","000","00","017","1701","0197","212","166","46","16","228","599","0","38.06","27.71"
"67","000","00","017","1702","0000","158","109","49","16","174","473","0","36.79","23.04"
"67","000","00","017","1702","0201","158","109","49","16","174","473","0","36.79","23.04"
"67","000","00","017","1705","0000","323","259","64","28","351","838","0","41.89","30.91"
"67","000","00","017","1705","0192","145","118","27","7","152","456","0","33.33","25.88"
"67","000","00","017","1705","0193","178","141","37","21","199","382","0","52.09","36.91"
"67","000","00","017","1706","0000","263","200","63","15","278","954","0","29.14","20.96"
"67","000","00","017","1706","0202","263","200","63","15","278","954","0","29.14","20.96"
"67","000","00","017","1707","0000","362","267","95","51","413","1200","0","34.42","22.25"
"67","000","00","017","1707","0204","202","154","48","14","216","679","0","31.81","22.68"
"67","000","00","017","1707","0205","160","113","47","37","197","521","0","37.81","21.69"
"67","000","00","017","1709","0000","274","193","81","38","312","745","0","41.88","25.91"
"67","000","00","017","1709","0194","144","102","42","32","176","356","0","49.44","28.65"
"67","000","00","017","1709","0195","130","91","39","6","136","389","0","34.96","23.39"
"67","000","00","017","1711","0000","347","277","70","40","387","737","0","52.51","37.58"
"67","000","00","017","1711","0203","347","277","70","40","387","737","0","52.51","37.58"
"67","000","00","017","1713","0000","330","251","79","30","360","885","0","40.68","28.36"
"67","000","00","017","1713","0190","185","131","54","12","197","484","0","40.7","27.07"
"67","000","00","017","1713","0191","145","120","25","18","163","401","0","40.65","29.93"
"67","000","00","017","1714","0000","514","382","132","65","579","1484","0","39.02","25.74"
"67","000","00","017","1714","0198","217","159","58","26","243","594","0","40.91","26.77"
"67","000","00","017","1714","0199","214","161","53","30","244","572","0","42.66","28.15"
"67","000","00","017","1714","0200","83","62","21","9","92","318","0","28.93","19.5"
"67","000","00","017","1715","0000","383","292","91","33","416","1268","0","32.81","23.03"
"67","000","00","017","1715","0206","189","144","45","18","207","632","0","32.75","22.78"
"67","000","00","017","1715","0207","194","148","46","15","209","636","0","32.86","23.27"
"67","000","00","018","0000","0000","17607","13258","4349","2058","19665","37296","43516","52.73","35.55"
"67","000","00","018","1801","0000","1573","1279","294","309","1882","3165","0","59.46","40.41"
"67","000","00","018","1801","0581","403","327","76","49","452","746","0","60.59","43.83"
"67","000","00","018","1801","0582","488","438","50","161","649","1102","0","58.89","39.75"
"67","000","00","018","1801","0583","192","148","44","22","214","370","0","57.84","40.0"
"67","000","00","018","1801","0584","490","366","124","77","567","947","0","59.87","38.65"
"67","000","00","018","1802","0000","1928","1473","455","236","2164","3951","0","54.77","37.28"
"67","000","00","018","1802","0585","543","414","129","66","609","1154","0","52.77","35.88"
"67","000","00","018","1802","0586","533","401","132","74","607","1082","0","56.1","37.06"
"67","000","00","018","1802","0587","543","425","118","68","611","1075","0","56.84","39.53"
"67","000","00","018","1802","0588","309","233","76","28","337","640","0","52.66","36.41"
"67","000","00","018","1803","0000","1202","895","307","115","1317","2757","0","47.77","32.46"
"67","000","00","018","1803","0589","177","129","48","23","200","410","0","48.78","31.46"
"67","000","00","018","1803","0590","240","188","52","30","270","533","0","50.66","35.27"
"67","000","00","018","1803","0591","400","288","112","29","429","836","0","51.32","34.45"
"67","000","00","018","1803","0592","385","290","95","33","418","978","0","42.74","29.65"
"67","000","00","018","1804","0000","2058","1531","527","192","2250","4380","0","51.37","34.95"
"67","000","00","018","1804","0593","658","473","185","53","711","1348","0","52.74","35.09"
"67","000","00","018","1804","0594","480","363","117","53","533","1015","0","52.51","35.76"
"67","000","00","018","1804","0595","521","405","116","34","555","1228","0","45.2","32.98"
"67","000","00","018","1804","0596","399","290","109","52","451","789","0","57.16","36.76"
"67","000","00","018","1809","0000","1566","1153","413","120","1686","3272","0","51.53","35.24"
"67","000","00","018","1809","0597","472","333","139","30","502","1022","0","49.12","32.58"
"67","000","00","018","1809","0598","455","340","115","23","478","1021","0","46.82","33.3"
"67","000","00","018","1809","0599","639","480","159","67","706","1229","0","57.45","39.06"
"67","000","00","018","1810","0000","917","683","234","57","974","2165","0","44.99","31.55"
"67","000","00","018","1810","0600","545","412","133","29","574","1153","0","49.78","35.73"
"67","000","00","018","1810","0601","372","271","101","28","400","1012","0","39.53","26.78"
"67","000","00","018","1811","0000","713","538","175","80","793","1458","0","54.39","36.9"
"67","000","00","018","1811","0602","713","538","175","80","793","1458","0","54.39","36.9"
"67","000","00","018","1812","0000","1608","1197","411","149","1757","3220","0","54.57","37.17"
"67","000","00","018","1812","0603","834","623","211","73","907","1645","0","55.14","37.87"
"67","000","00","018","1812","0604","521","383","138","63","584","1016","0","57.48","37.7"
"67","000","00","018","1812","0605","253","191","62","13","266","559","0","47.58","34.17"
"67","000","00","018","1813","0000","1488","1123","365","103","1591","2784","0","57.15","40.34"
"67","000","00","018","1813","0606","639","488","151","37","676","1222","0","55.32","39.93"
"67","000","00","018","1813","0607","849","635","214","66","915","1562","0","58.58","40.65"
"67","000","00","018","1814","0000","880","660","220","137","1017","2007","0","50.67","32.88"
"67","000","00","018","1814","0608","410","296","114","38","448","994","0","45.07","29.78"
"67","000","00","018","1814","0609","470","364","106","99","569","1013","0","56.17","35.93"
"67","000","00","018","1815","0000","1038","755","283","140","1178","2218","0","53.11","34.04"
"67","000","00","018","1815","0610","589","432","157","82","671","1197","0","56.06","36.09"
"67","000","00","018","1815","0611","449","323","126","58","507","1021","0","49.66","31.64"
"67","000","00","018","1816","0000","566","431","135","80","646","1428","0","45.24","30.18"
"67","000","00","018","1816","0612","566","431","135","80","646","1428","0","45.24","30.18"
"67","000","00","018","1817","0000","182","131","51","33","215","456","0","47.15","28.73"
"67","000","00","018","1817","0613","182","131","51","33","215","456","0","47.15","28.73"
"67","000","00","018","1818","0000","1038","786","252","150","1188","2134","0","55.67","36.83"
"67","000","00","018","1818","0614","518","389","129","58","576","1037","0","55.54","37.51"
"67","000","00","018","1818","0615","520","397","123","92","612","1097","0","55.79","36.19"
"67","000","00","018","1819","0000","439","320","119","58","497","902","0","55.1","35.48"
"67","000","00","018","1819","0616","439","320","119","58","497","902","0","55.1","35.48"
"67","000","00","018","1820","0000","411","303","108","99","510","999","0","51.05","30.33"
"67","000","00","018","1820","0617","411","303","108","99","510","999","0","51.05","30.33"
"67","000","00","019","0000","0000","18292","13391","4901","1754","20046","39950","48870","50.18","33.52"
"67","000","00","019","1901","0000","459","332","127","33","492","1132","0","43.46","29.33"
"67","000","00","019","1901","0492","459","332","127","33","492","1132","0","43.46","29.33"
"67","000","00","019","1902","0000","1766","1314","452","183","1949","3935","0","49.53","33.39"
"67","000","00","019","1902","0493","826","617","209","75","901","1845","0","48.83","33.44"
"67","000","00","019","1902","0494","940","697","243","108","1048","2090","0","50.14","33.35"
"67","000","00","019","1903","0000","2614","1933","681","242","2856","5301","0","53.88","36.46"
"67","000","00","019","1903","0495","780","607","173","91","871","1582","0","55.06","38.37"
"67","000","00","019","1903","0496","955","693","262","88","1043","1901","0","54.87","36.45"
"67","000","00","019","1903","0497","879","633","246","63","942","1818","0","51.82","34.82"
"67","000","00","019","1904","0000","1332","991","341","120","1452","2700","0","53.78","36.7"
"67","000","00","019","1904","0498","779","588","191","79","858","1639","0","52.35","35.88"
"67","000","00","019","1904","0499","553","403","150","41","594","1061","0","55.98","37.98"
"67","000","00","019","1905","0000","871","652","219","110","981","1786","0","54.93","36.51"
"67","000","00","019","1905","0500","871","652","219","110","981","1786","0","54.93","36.51"
"67","000","00","019","1908","0000","708","503","205","80","788","1581","0","49.84","31.82"
"67","000","00","019","1908","0502","708","503","205","80","788","1581","0","49.84","31.82"
"67","000","00","019","1909","0000","538","364","174","115","653","1240","0","52.66","29.35"
"67","000","00","019","1909","0503","538","364","174","115","653","1240","0","52.66","29.35"
"67","000","00","019","1910","0000","601","453","148","35","636","1743","0","36.49","25.99"
"67","000","00","019","1910","0504","601","453","148","35","636","1743","0","36.49","25.99"
"67","000","00","019","1911","0000","629","446","183","66","695","1246","0","55.78","35.79"
"67","000","00","019","1911","0505","629","446","183","66","695","1246","0","55.78","35.79"
"67","000","00","019","1912","0000","836","598","238","44","880","1899","0","46.34","31.49"
"67","000","00","019","1912","0506","429","298","131","29","458","961","0","47.66","31.01"
"67","000","00","019","1912","0507","407","300","107","15","422","938","0","44.99","31.98"
"67","000","00","019","1913","0000","335","242","93","18","353","722","0","48.89","33.52"
"67","000","00","019","1913","0508","335","242","93","18","353","722","0","48.89","33.52"
"67","000","00","019","1914","0000","425","320","105","24","449","1062","0","42.28","30.13"
"67","000","00","019","1914","0509","425","320","105","24","449","1062","0","42.28","30.13"
"67","000","00","019","1915","0000","771","596","175","95","866","1715","0","50.5","34.75"
"67","000","00","019","1915","0510","771","596","175","95","866","1715","0","50.5","34.75"
"67","000","00","019","1918","0000","739","525","214","77","816","1574","0","51.84","33.35"
"67","000","00","019","1918","0513","739","525","214","77","816","1574","0","51.84","33.35"
"67","000","00","019","1919","0000","628","446","182","63","691","1535","0","45.02","29.06"
"67","000","00","019","1919","0514","628","446","182","63","691","1535","0","45.02","29.06"
"67","000","00","019","1920","0000","507","353","154","71","578","1106","0","52.26","31.92"
"67","000","00","019","1920","0515","507","353","154","71","578","1106","0","52.26","31.92"
"67","000","00","019","1921","0000","1953","1414","539","198","2151","4240","0","50.73","33.35"
"67","000","00","019","1921","0516","595","432","163","53","648","1402","0","46.22","30.81"
"67","000","00","019","1921","0517","775","554","221","93","868","1458","0","59.53","38.0"
"67","000","00","019","1921","0518","583","428","155","52","635","1380","0","46.01","31.01"
"67","000","00","019","1922","0000","539","409","130","40","579","1147","0","50.48","35.66"
"67","000","00","019","1922","0501","539","409","130","40","579","1147","0","50.48","35.66"
"67","000","00","019","1923","0000","856","622","234","109","965","1985","0","48.61","31.34"
"67","000","00","019","1923","0511","482","368","114","54","536","1120","0","47.86","32.86"
"67","000","00","019","1923","0512","374","254","120","55","429","865","0","49.6","29.36"
"67","000","00","019","1924","0000","1185","878","307","31","1216","2301","0","52.85","38.16"
"67","000","00","019","1924","0519","625","468","157","17","642","1232","0","52.11","37.99"
"67","000","00","019","1924","0520","560","410","150","14","574","1069","0","53.7","38.35"
"67","000","00","020","0000","0000","14650","10793","3857","1357","16007","30386","36824","52.68","35.52"
"67","000","00","020","2001","0000","1393","1025","368","121","1514","2928","0","51.71","35.01"
"67","000","00","020","2001","0545","414","308","106","36","450","960","0","46.88","32.08"
"67","000","00","020","2001","0546","597","434","163","53","650","1118","0","58.14","38.82"
"67","000","00","020","2001","0547","382","283","99","32","414","850","0","48.71","33.29"
"67","000","00","020","2002","0000","3026","2273","753","283","3309","6063","0","54.58","37.49"
"67","000","00","020","2002","0548","589","463","126","72","661","1241","0","53.26","37.31"
"67","000","00","020","2002","0549","653","482","171","47","700","1297","0","53.97","37.16"
"67","000","00","020","2002","0550","490","395","95","50","540","962","0","56.13","41.06"
"67","000","00","020","2002","0551","635","463","172","62","697","1237","0","56.35","37.43"
"67","000","00","020","2002","0552","659","470","189","52","711","1326","0","53.62","35.44"
"67","000","00","020","2003","0000","1235","902","333","115","1350","2516","0","53.66","35.85"
"67","000","00","020","2003","0553","627","472","155","68","695","1211","0","57.39","38.98"
"67","000","00","020","2003","0554","608","430","178","47","655","1305","0","50.19","32.95"
"67","000","00","020","2004","0000","311","237","74","65","376","688","0","54.65","34.45"
"67","000","00","020","2004","0555","311","237","74","65","376","688","0","54.65","34.45"
"67","000","00","020","2005","0000","474","328","146","38","512","911","0","56.2","36.0"
"67","000","00","020","2005","0556","474","328","146","38","512","911","0","56.2","36.0"
"67","000","00","020","2006","0000","664","474","190","53","717","1525","0","47.02","31.08"
"67","000","00","020","2006","0557","664","474","190","53","717","1525","0","47.02","31.08"
"67","000","00","020","2007","0000","1408","1067","341","70","1478","3262","0","45.31","32.71"
"67","000","00","020","2007","0558","410","321","89","5","415","1091","0","38.04","29.42"
"67","000","00","020","2007","0559","532","406","126","31","563","1122","0","50.18","36.19"
"67","000","00","020","2007","0560","466","340","126","34","500","1049","0","47.66","32.41"
"67","000","00","020","2008","0000","2004","1467","537","121","2125","4457","0","47.68","32.91"
"67","000","00","020","2008","0561","625","451","174","25","650","1564","0","41.56","28.84"
"67","000","00","020","2008","0562","746","563","183","62","808","1515","0","53.33","37.16"
"67","000","00","020","2008","0563","633","453","180","34","667","1378","0","48.4","32.87"
"67","000","00","020","2009","0000","971","716","255","152","1123","1787","0","62.84","40.07"
"67","000","00","020","2009","0564","454","326","128","60","514","827","0","62.15","39.42"
"67","000","00","020","2009","0565","517","390","127","92","609","960","0","63.44","40.63"
"67","000","00","020","2010","0000","1606","1183","423","183","1789","3388","0","52.8","34.92"
"67","000","00","020","2010","0566","431","325","106","68","499","951","0","52.47","34.17"
"67","000","00","020","2010","0567","619","442","177","77","696","1264","0","55.06","34.97"
"67","000","00","020","2010","0568","556","416","140","38","594","1173","0","50.64","35.46"
"67","000","00","020","2011","0000","1558","1121","437","156","1714","2861","0","59.91","39.18"
"67","000","00","020","2011","0569","357","243","114","26","383","684","0","55.99","35.53"
"67","000","00","020","2011","0570","569","421","148","78","647","1055","0","61.33","39.91"
"67","000","00","020","2011","0571","632","457","175","52","684","1122","0","60.96","40.73"
"67","000","00","021","0000","0000","12309","9082","3227","1359","13668","26104","30522","52.36","34.79"
"67","000","00","021","2101","0000","1100","808","292","138","1238","2150","0","57.58","37.58"
"67","000","00","021","2101","0521","673","486","187","94","767","1251","0","61.31","38.85"
"67","000","00","021","2101","0522","427","322","105","44","471","899","0","52.39","35.82"
"67","000","00","021","2102","0000","980","723","257","147","1127","2054","0","54.87","35.2"
"67","000","00","021","2102","0523","515","383","132","87","602","1106","0","54.43","34.63"
"67","000","00","021","2102","0524","465","340","125","60","525","948","0","55.38","35.86"
"67","000","00","021","2103","0000","628","462","166","38","666","1442","0","46.19","32.04"
"67","000","00","021","2103","0525","628","462","166","38","666","1442","0","46.19","32.04"
"67","000","00","021","2104","0000","993","728","265","107","1100","2186","0","50.32","33.3"
"67","000","00","021","2104","0526","589","417","172","53","642","1385","0","46.35","30.11"
"67","000","00","021","2104","0527","404","311","93","54","458","801","0","57.18","38.83"
"67","000","00","021","2106","0000","657","485","172","77","734","1517","0","48.38","31.97"
"67","000","00","021","2106","0528","295","210","85","38","333","736","0","45.24","28.53"
"67","000","00","021","2106","0529","362","275","87","39","401","781","0","51.34","35.21"
"67","000","00","021","2107","0000","838","621","217","80","918","1657","0","55.4","37.48"
"67","000","00","021","2107","0530","392","281","111","22","414","795","0","52.08","35.35"
"67","000","00","021","2107","0531","446","340","106","58","504","862","0","58.47","39.44"
"67","000","00","021","2108","0000","1293","979","314","74","1367","2872","0","47.6","34.09"
"67","000","00","021","2108","0532","657","495","162","38","695","1487","0","46.74","33.29"
"67","000","00","021","2108","0533","636","484","152","36","672","1385","0","48.52","34.95"
"67","000","00","021","2109","0000","1207","884","323","101","1308","2612","0","50.08","33.84"
"67","000","00","021","2109","0534","632","443","189","40","672","1518","0","44.27","29.18"
"67","000","00","021","2109","0535","575","441","134","61","636","1094","0","58.14","40.31"
"67","000","00","021","2112","0000","348","258","90","52","400","716","0","55.87","36.03"
"67","000","00","021","2112","0538","348","258","90","52","400","716","0","55.87","36.03"
"67","000","00","021","2113","0000","1198","877","321","123","1321","2435","0","54.25","36.02"
"67","000","00","021","2113","0539","743","548","195","66","809","1492","0","54.22","36.73"
"67","000","00","021","2113","0540","455","329","126","57","512","943","0","54.29","34.89"
"67","000","00","021","2114","0000","1178","878","300","165","1343","2541","0","52.85","34.55"
"67","000","00","021","2114","0541","544","412","132","32","576","1157","0","49.78","35.61"
"67","000","00","021","2114","0542","634","466","168","133","767","1384","0","55.42","33.67"
"67","000","00","021","2117","0000","743","553","190","100","843","1578","0","53.42","35.04"
"67","000","00","021","2117","0543","455","330","125","65","520","967","0","53.77","34.13"
"67","000","00","021","2117","0544","288","223","65","35","323","611","0","52.86","36.5"
"67","000","00","021","2118","0000","1146","826","320","157","1303","2344","0","55.59","35.24"
"67","000","00","021","2118","0536","769","554","215","116","885","1590","0","55.66","34.84"
"67","000","00","021","2118","0537","377","272","105","41","418","754","0","55.44","36.07"
"67","000","00","022","0000","0000","2459","1824","635","302","2761","6511","7328","42.41","28.01"
"67","000","00","022","2201","0000","557","411","146","117","674","1691","0","39.86","24.31"
"67","000","00","022","2201","0572","288","210","78","70","358","855","0","41.87","24.56"
"67","000","00","022","2201","0573","269","201","68","47","316","836","0","37.8","24.04"
"67","000","00","022","2202","0000","649","481","168","87","736","1541","0","47.76","31.21"
"67","000","00","022","2202","0574","319","235","84","46","365","753","0","48.47","31.21"
"67","000","00","022","2202","0575","330","246","84","41","371","788","0","47.08","31.22"
"67","000","00","022","2203","0000","444","335","109","45","489","984","0","49.7","34.04"
"67","000","00","022","2203","0576","444","335","109","45","489","984","0","49.7","34.04"
"67","000","00","022","2204","0000","370","268","102","12","382","972","0","39.3","27.57"
"67","000","00","022","2204","0577","370","268","102","12","382","972","0","39.3","27.57"
"67","000","00","022","2205","0000","153","122","31","6","159","553","0","28.75","22.06"
"67","000","00","022","2205","0578","153","122","31","6","159","553","0","28.75","22.06"
"67","000","00","022","2206","0000","134","102","32","7","141","378","0","37.3","26.98"
"67","000","00","022","2206","0579","134","102","32","7","141","378","0","37.3","26.98"
"67","000","00","022","2207","0000","152","105","47","28","180","392","0","45.92","26.79"
"67","000","00","022","2207","0580","152","105","47","28","180","392","0","45.92","26.79"
"67","000","00","023","0000","0000","5245","4041","1204","549","5794","12357","14021","46.89","32.7"
"67","000","00","023","2301","0000","548","432","116","27","575","1242","0","46.3","34.78"
"67","000","00","023","2301","0466","548","432","116","27","575","1242","0","46.3","34.78"
"67","000","00","023","2302","0000","1656","1287","369","165","1821","3637","0","50.07","35.39"
"67","000","00","023","2302","0467","534","434","100","54","588","1141","0","51.53","38.04"
"67","000","00","023","2302","0468","292","212","80","30","322","698","0","46.13","30.37"
"67","000","00","023","2302","0469","377","280","97","27","404","849","0","47.59","32.98"
"67","000","00","023","2302","0470","453","361","92","54","507","949","0","53.42","38.04"
"67","000","00","023","2303","0000","493","382","111","37","530","1212","0","43.73","31.52"
"67","000","00","023","2303","0471","275","214","61","26","301","618","0","48.71","34.63"
"67","000","00","023","2303","0472","218","168","50","11","229","594","0","38.55","28.28"
"67","000","00","023","2304","0000","580","449","131","65","645","1439","0","44.82","31.2"
"67","000","00","023","2304","0473","358","282","76","16","374","927","0","40.35","30.42"
"67","000","00","023","2304","0474","222","167","55","49","271","512","0","52.93","32.62"
"67","000","00","023","2305","0000","213","161","52","29","242","509","0","47.54","31.63"
"67","000","00","023","2305","0475","213","161","52","29","242","509","0","47.54","31.63"
"67","000","00","023","2306","0000","230","172","58","30","260","496","0","52.42","34.68"
"67","000","00","023","2306","0476","230","172","58","30","260","496","0","52.42","34.68"
"67","000","00","023","2307","0000","303","222","81","15","318","759","0","41.9","29.25"
"67","000","00","023","2307","0477","303","222","81","15","318","759","0","41.9","29.25"
"67","000","00","023","2308","0000","536","415","121","83","619","1456","0","42.51","28.5"
"67","000","00","023","2308","0478","226","176","50","12","238","669","0","35.58","26.31"
"67","000","00","023","2308","0479","310","239","71","71","381","787","0","48.41","30.37"
"67","000","00","023","2309","0000","237","166","71","45","282","620","0","45.48","26.77"
"67","000","00","023","2309","0480","237","166","71","45","282","620","0","45.48","26.77"
"67","000","00","023","2310","0000","449","355","94","53","502","987","0","50.86","35.97"
"67","000","00","023","2310","0481","449","355","94","53","502","987","0","50.86","35.97"
"67","000","00","024","0000","0000","3279","2534","745","380","3659","8528","9572","42.91","29.71"
"67","000","00","024","2401","0000","840","628","212","109","949","1848","0","51.35","33.98"
"67","000","00","024","2401","0447","411","308","103","65","476","978","0","48.67","31.49"
"67","000","00","024","2401","0448","429","320","109","44","473","870","0","54.37","36.78"
"67","000","00","024","2402","0000","323","244","79","15","338","1160","0","29.14","21.03"
"67","000","00","024","2402","0449","323","244","79","15","338","1160","0","29.14","21.03"
"67","000","00","024","2403","0000","250","187","63","32","282","699","0","40.34","26.75"
"67","000","00","024","2403","0450","250","187","63","32","282","699","0","40.34","26.75"
"67","000","00","024","2404","0000","314","251","63","20","334","990","0","33.74","25.35"
"67","000","00","024","2404","0451","314","251","63","20","334","990","0","33.74","25.35"
"67","000","00","024","2405","0000","354","282","72","39","393","928","0","42.35","30.39"
"67","000","00","024","2405","0452","354","282","72","39","393","928","0","42.35","30.39"
"67","000","00","024","2406","0000","264","223","41","48","312","660","0","47.27","33.79"
"67","000","00","024","2406","0453","264","223","41","48","312","660","0","47.27","33.79"
"67","000","00","024","2407","0000","934","719","215","117","1051","2243","0","46.86","32.06"
"67","000","00","024","2407","0454","492","377","115","82","574","1187","0","48.36","31.76"
"67","000","00","024","2407","0455","442","342","100","35","477","1056","0","45.17","32.39"
"67","000","00","025","0000","0000","3235","2452","783","377","3612","7786","8741","46.39","31.49"
"67","000","00","025","2501","0000","642","478","164","106","748","1385","0","54.01","34.51"
"67","000","00","025","2501","0456","318","238","80","49","367","690","0","53.19","34.49"
"67","000","00","025","2501","0457","324","240","84","57","381","695","0","54.82","34.53"
"67","000","00","025","2502","0000","319","236","83","37","356","806","0","44.17","29.28"
"67","000","00","025","2502","0458","319","236","83","37","356","806","0","44.17","29.28"
"67","000","00","025","2503","0000","183","132","51","22","205","425","0","48.24","31.06"
"67","000","00","025","2503","0461","183","132","51","22","205","425","0","48.24","31.06"
"67","000","00","025","2504","0000","238","185","53","36","274","559","0","49.02","33.09"
"67","000","00","025","2504","0462","238","185","53","36","274","559","0","49.02","33.09"
"67","000","00","025","2505","0000","225","177","48","44","269","654","0","41.13","27.06"
"67","000","00","025","2505","0459","225","177","48","44","269","654","0","41.13","27.06"
"67","000","00","025","2506","0000","243","187","56","39","282","783","0","36.02","23.88"
"67","000","00","025","2506","0460","243","187","56","39","282","783","0","36.02","23.88"
"67","000","00","025","2507","0000","436","330","106","31","467","1189","0","39.28","27.75"
"67","000","00","025","2507","0463","436","330","106","31","467","1189","0","39.28","27.75"
"67","000","00","025","2508","0000","489","371","118","34","523","1044","0","50.1","35.54"
"67","000","00","025","2508","0464","489","371","118","34","523","1044","0","50.1","35.54"
"67","000","00","025","2509","0000","460","356","104","28","488","941","0","51.86","37.83"
"67","000","00","025","2509","0465","460","356","104","28","488","941","0","51.86","37.83"
"67","000","00","026","0000","0000","1631","1219","412","280","1911","4418","4801","43.25","27.59"
"67","000","00","026","2601","0000","157","119","38","32","189","392","0","48.21","30.36"
"67","000","00","026","2601","0482","157","119","38","32","189","392","0","48.21","30.36"
"67","000","00","026","2602","0000","280","226","54","55","335","644","0","52.02","35.09"
"67","000","00","026","2602","0483","280","226","54","55","335","644","0","52.02","35.09"
"67","000","00","026","2603","0000","167","131","36","16","183","468","0","39.1","27.99"
"67","000","00","026","2603","0484","167","131","36","16","183","468","0","39.1","27.99"
"67","000","00","026","2604","0000","268","187","81","44","312","753","0","41.43","24.83"
"67","000","00","026","2604","0485","268","187","81","44","312","753","0","41.43","24.83"
"67","000","00","026","2605","0000","130","97","33","27","157","345","0","45.51","28.12"
"67","000","00","026","2605","0486","130","97","33","27","157","345","0","45.51","28.12"
"67","000","00","026","2606","0000","146","114","32","18","164","393","0","41.73","29.01"
"67","000","00","026","2606","0487","146","114","32","18","164","393","0","41.73","29.01"
"67","000","00","026","2607","0000","163","110","53","55","218","504","0","43.25","21.83"
"67","000","00","026","2607","0491","163","110","53","55","218","504","0","43.25","21.83"
"67","000","00","026","2608","0000","158","118","40","17","175","420","0","41.67","28.1"
"67","000","00","026","2608","0488","158","118","40","17","175","420","0","41.67","28.1"
"67","000","00","026","2609","0000","101","74","27","13","114","313","0","36.42","23.64"
"67","000","00","026","2609","0489","101","74","27","13","114","313","0","36.42","23.64"
"67","000","00","026","2610","0000","61","43","18","3","64","186","0","34.41","23.12"
"67","000","00","026","2610","0490","61","43","18","3","64","186","0","34.41","23.12"
"67","000","00","027","0000","0000","30590","23085","7505","2993","33583","64632","75797","51.96","35.72"
"67","000","00","027","2701","0000","2611","1948","663","357","2968","5381","0","55.16","36.2"
"67","000","00","027","2701","1188","630","464","166","89","719","1318","0","54.55","35.2"
"67","000","00","027","2701","1189","687","534","153","82","769","1406","0","54.69","37.98"
"67","000","00","027","2701","1190","660","495","165","104","764","1465","0","52.15","33.79"
"67","000","00","027","2701","1191","634","455","179","82","716","1192","0","60.07","38.17"
"67","000","00","027","2702","0000","1334","981","353","211","1545","2749","0","56.2","35.69"
"67","000","00","027","2702","1192","749","561","188","73","822","1429","0","57.52","39.26"
"67","000","00","027","2702","1193","585","420","165","138","723","1320","0","54.77","31.82"
"67","000","00","027","2703","0000","1393","1069","324","188","1581","2703","0","58.49","39.55"
"67","000","00","027","2703","1194","711","564","147","112","823","1373","0","59.94","41.08"
"67","000","00","027","2703","1195","682","505","177","76","758","1330","0","56.99","37.97"
"67","000","00","027","2704","0000","3500","2691","809","249","3749","7201","0","52.06","37.37"
"67","000","00","027","2704","1196","880","677","203","36","916","1687","0","54.3","40.13"
"67","000","00","027","2704","1197","686","500","186","68","754","1491","0","50.57","33.53"
"67","000","00","027","2704","1198","493","364","129","45","538","1151","0","46.74","31.62"
"67","000","00","027","2704","1199","681","556","125","34","715","1407","0","50.82","39.52"
"67","000","00","027","2704","1200","760","594","166","66","826","1465","0","56.38","40.55"
"67","000","00","027","2705","0000","4520","3330","1190","409","4929","9066","0","54.37","36.73"
"67","000","00","027","2705","1201","691","507","184","57","748","1335","0","56.03","37.98"
"67","000","00","027","2705","1202","712","535","177","69","781","1490","0","52.42","35.91"
"67","000","00","027","2705","1203","785","583","202","67","852","1453","0","58.64","40.12"
"67","000","00","027","2705","1204","451","329","122","31","482","990","0","48.69","33.23"
"67","000","00","027","2705","1205","808","598","210","75","883","1573","0","56.13","38.02"
"67","000","00","027","2705","1206","494","371","123","70","564","1031","0","54.7","35.98"
"67","000","00","027","2705","1207","579","407","172","40","619","1194","0","51.84","34.09"
"67","000","00","027","2706","0000","1538","1145","393","127","1665","3342","0","49.82","34.26"
"67","000","00","027","2706","1208","592","455","137","57","649","1268","0","51.18","35.88"
"67","000","00","027","2706","1209","461","311","150","47","508","929","0","54.68","33.48"
"67","000","00","027","2706","1210","485","379","106","23","508","1145","0","44.37","33.1"
"67","000","00","027","2707","0000","4379","3226","1153","430","4809","9116","0","52.75","35.39"
"67","000","00","027","2707","1211","636","463","173","69","705","1413","0","49.89","32.77"
"67","000","00","027","2707","1212","675","491","184","109","784","1465","0","53.52","33.52"
"67","000","00","027","2707","1213","735","538","197","60","795","1390","0","57.19","38.71"
"67","000","00","027","2707","1214","682","492","190","79","761","1396","0","54.51","35.24"
"67","000","00","027","2707","1215","924","687","237","68","992","1906","0","52.05","36.04"
"67","000","00","027","2707","1216","727","555","172","45","772","1546","0","49.94","35.9"
"67","000","00","027","2708","0000","2709","2067","642","261","2970","5833","0","50.92","35.44"
"67","000","00","027","2708","1217","627","462","165","41","668","1546","0","43.21","29.88"
"67","000","00","027","2708","1218","679","530","149","62","741","1399","0","52.97","37.88"
"67","000","00","027","2708","1219","807","617","190","114","921","1748","0","52.69","35.3"
"67","000","00","027","2708","1220","596","458","138","44","640","1140","0","56.14","40.18"
"67","000","00","027","2711","0000","1168","875","293","85","1253","2763","0","45.35","31.67"
"67","000","00","027","2711","1223","601","450","151","49","650","1414","0","45.97","31.82"
"67","000","00","027","2711","1224","567","425","142","36","603","1349","0","44.7","31.5"
"67","000","00","027","2712","0000","2136","1647","489","151","2287","4659","0","49.09","35.35"
"67","000","00","027","2712","1225","661","494","167","41","702","1471","0","47.72","33.58"
"67","000","00","027","2712","1226","618","476","142","28","646","1324","0","48.79","35.95"
"67","000","00","027","2712","1227","574","470","104","54","628","1310","0","47.94","35.88"
"67","000","00","027","2712","1228","283","207","76","28","311","554","0","56.14","37.36"
"67","000","00","027","2713","0000","695","590","105","53","748","1395","0","53.62","42.29"
"67","000","00","027","2713","1229","695","590","105","53","748","1395","0","53.62","42.29"
"67","000","00","027","2714","0000","593","486","107","22","615","1264","0","48.66","38.45"
"67","000","00","027","2714","1230","593","486","107","22","615","1264","0","48.66","38.45"
"67","000","00","027","2715","0000","875","661","214","145","1020","2108","0","48.39","31.36"
"67","000","00","027","2715","1231","513","391","122","101","614","1180","0","52.03","33.14"
"67","000","00","027","2715","1232","362","270","92","44","406","928","0","43.75","29.09"
"67","000","00","027","2716","0000","852","638","214","66","918","2084","0","44.05","30.61"
"67","000","00","027","2716","1233","386","286","100","31","417","965","0","43.21","29.64"
"67","000","00","027","2716","1234","466","352","114","35","501","1119","0","44.77","31.46"
"67","000","00","027","2717","0000","1136","854","282","151","1287","2672","0","48.17","31.96"
"67","000","00","027","2717","1235","558","430","128","88","646","1206","0","53.57","35.66"
"67","000","00","027","2717","1236","578","424","154","63","641","1466","0","43.72","28.92"
"67","000","00","027","2719","0000","1151","877","274","88","1239","2296","0","53.96","38.2"
"67","000","00","027","2719","1221","567","431","136","31","598","1277","0","46.83","33.75"
"67","000","00","027","2719","1222","584","446","138","57","641","1019","0","62.9","43.77"
"67","000","00","028","0000","0000","27232","20119","7113","2388","29620","57387","68391","51.61","35.06"
"67","000","00","028","2801","0000","2838","2062","776","280","3118","5916","0","52.7","34.85"
"67","000","00","028","2801","1237","715","539","176","79","794","1560","0","50.9","34.55"
"67","000","00","028","2801","1238","759","537","222","75","834","1383","0","60.3","38.83"
"67","000","00","028","2801","1239","719","528","191","48","767","1491","0","51.44","35.41"
"67","000","00","028","2801","1240","645","458","187","78","723","1482","0","48.79","30.9"
"67","000","00","028","2802","0000","1553","1134","419","151","1704","3756","0","45.37","30.19"
"67","000","00","028","2802","1244","515","368","147","44","559","1336","0","41.84","27.54"
"67","000","00","028","2802","1245","506","371","135","79","585","1183","0","49.45","31.36"
"67","000","00","028","2802","1246","532","395","137","28","560","1237","0","45.27","31.93"
"67","000","00","028","2803","0000","1145","844","301","121","1266","2293","0","55.21","36.81"
"67","000","00","028","2803","1271","631","467","164","79","710","1245","0","57.03","37.51"
"67","000","00","028","2803","1272","514","377","137","42","556","1048","0","53.05","35.97"
"67","000","00","028","2804","0000","1640","1188","452","145","1785","3286","0","54.32","36.15"
"67","000","00","028","2804","1249","548","397","151","8","556","1105","0","50.32","35.93"
"67","000","00","028","2804","1250","538","388","150","62","600","1099","0","54.6","35.3"
"67","000","00","028","2804","1251","554","403","151","75","629","1082","0","58.13","37.25"
"67","000","00","028","2805","0000","1501","1135","366","125","1626","3301","0","49.26","34.38"
"67","000","00","028","2805","1254","520","372","148","50","570","1090","0","52.29","34.13"
"67","000","00","028","2805","1255","508","393","115","39","547","1131","0","48.36","34.75"
"67","000","00","028","2805","1256","473","370","103","36","509","1080","0","47.13","34.26"
"67","000","00","028","2806","0000","1575","1153","422","143","1718","3285","0","52.3","35.1"
"67","000","00","028","2806","1259","541","385","156","73","614","1128","0","54.43","34.13"
"67","000","00","028","2806","1260","496","361","135","31","527","1055","0","49.95","34.22"
"67","000","00","028","2806","1261","538","407","131","39","577","1102","0","52.36","36.93"
"67","000","00","028","2807","0000","1048","772","276","123","1171","2101","0","55.74","36.74"
"67","000","00","028","2807","1262","530","405","125","49","579","1068","0","54.21","37.92"
"67","000","00","028","2807","1263","518","367","151","74","592","1033","0","57.31","35.53"
"67","000","00","028","2808","0000","635","490","145","34","669","1772","0","37.75","27.65"
"67","000","00","028","2808","1264","635","490","145","34","669","1772","0","37.75","27.65"
"67","000","00","028","2809","0000","1420","1049","371","108","1528","2943","0","51.92","35.64"
"67","000","00","028","2809","1265","686","498","188","77","763","1399","0","54.54","35.6"
"67","000","00","028","2809","1266","734","551","183","31","765","1544","0","49.55","35.69"
"67","000","00","028","2810","0000","277","185","92","11","288","684","0","42.11","27.05"
"67","000","00","028","2810","1267","277","185","92","11","288","684","0","42.11","27.05"
"67","000","00","028","2811","0000","959","686","273","111","1070","1853","0","57.74","37.02"
"67","000","00","028","2811","1268","442","313","129","45","487","839","0","58.05","37.31"
"67","000","00","028","2811","1269","517","373","144","66","583","1014","0","57.5","36.79"
"67","000","00","028","2812","0000","654","487","167","38","692","1906","0","36.31","25.55"
"67","000","00","028","2812","1270","654","487","167","38","692","1906","0","36.31","25.55"
"67","000","00","028","2813","0000","1134","843","291","66","1200","2586","0","46.4","32.6"
"67","000","00","028","2813","1273","537","402","135","27","564","1175","0","48.0","34.21"
"67","000","00","028","2813","1274","597","441","156","39","636","1411","0","45.07","31.25"
"67","000","00","028","2814","0000","1622","1225","397","131","1753","3192","0","54.92","38.38"
"67","000","00","028","2814","1275","796","600","196","56","852","1514","0","56.27","39.63"
"67","000","00","028","2814","1276","826","625","201","75","901","1678","0","53.69","37.25"
"67","000","00","028","2815","0000","995","740","255","106","1101","1958","0","56.23","37.79"
"67","000","00","028","2815","1277","470","364","106","37","507","949","0","53.42","38.36"
"67","000","00","028","2815","1278","525","376","149","69","594","1009","0","58.87","37.26"
"67","000","00","028","2816","0000","967","699","268","51","1018","1740","0","58.51","40.17"
"67","000","00","028","2816","1279","570","407","163","4","574","984","0","58.33","41.36"
"67","000","00","028","2816","1280","397","292","105","47","444","756","0","58.73","38.62"
"67","000","00","028","2817","0000","1594","1200","394","152","1746","2945","0","59.29","40.75"
"67","000","00","028","2817","1281","801","603","198","71","872","1478","0","59.0","40.8"
"67","000","00","028","2817","1282","793","597","196","81","874","1467","0","59.58","40.7"
"67","000","00","028","2818","0000","2010","1489","521","121","2131","4145","0","51.41","35.92"
"67","000","00","028","2818","1241","638","472","166","36","674","1330","0","50.68","35.49"
"67","000","00","028","2818","1242","730","538","192","52","782","1399","0","55.9","38.46"
"67","000","00","028","2818","1243","642","479","163","33","675","1416","0","47.67","33.83"
"67","000","00","028","2819","0000","1087","816","271","120","1207","2457","0","49.12","33.21"
"67","000","00","028","2819","1257","461","355","106","26","487","1121","0","43.44","31.67"
"67","000","00","028","2819","1258","626","461","165","94","720","1336","0","53.89","34.51"
"67","000","00","028","2820","0000","1085","807","278","119","1204","2282","0","52.76","35.36"
"67","000","00","028","2820","1247","560","414","146","74","634","1133","0","55.96","36.54"
"67","000","00","028","2820","1248","525","393","132","45","570","1149","0","49.61","34.2"
"67","000","00","028","2821","0000","1493","1115","378","132","1625","2986","0","54.42","37.34"
"67","000","00","028","2821","1252","734","550","184","54","788","1519","0","51.88","36.21"
"67","000","00","028","2821","1253","759","565","194","78","837","1467","0","57.06","38.51"
"67","000","00","029","0000","0000","14007","10370","3637","1315","15322","29913","34387","51.22","34.67"
"67","000","00","029","2901","0000","1059","771","288","87","1146","2138","0","53.6","36.06"
"67","000","00","029","2901","1283","450","319","131","34","484","982","0","49.29","32.48"
"67","000","00","029","2901","1284","609","452","157","53","662","1156","0","57.27","39.1"
"67","000","00","029","2902","0000","992","698","294","100","1092","2049","0","53.29","34.07"
"67","000","00","029","2902","1285","428","316","112","34","462","1006","0","45.92","31.41"
"67","000","00","029","2902","1286","564","382","182","66","630","1043","0","60.4","36.63"
"67","000","00","029","2903","0000","1498","1124","374","159","1657","3319","0","49.92","33.87"
"67","000","00","029","2903","1287","489","362","127","92","581","1012","0","57.41","35.77"
"67","000","00","029","2903","1288","409","303","106","25","434","1013","0","42.84","29.91"
"67","000","00","029","2903","1289","600","459","141","42","642","1294","0","49.61","35.47"
"67","000","00","029","2904","0000","1119","808","311","87","1206","2430","0","49.63","33.25"
"67","000","00","029","2904","1290","572","421","151","43","615","1264","0","48.66","33.31"
"67","000","00","029","2904","1291","547","387","160","44","591","1166","0","50.69","33.19"
"67","000","00","029","2905","0000","460","347","113","1","461","1018","0","45.28","34.09"
"67","000","00","029","2905","1292","460","347","113","1","461","1018","0","45.28","34.09"
"67","000","00","029","2906","0000","295","219","76","46","341","733","0","46.52","29.88"
"67","000","00","029","2906","1293","295","219","76","46","341","733","0","46.52","29.88"
"67","000","00","029","2907","0000","1623","1243","380","117","1740","3152","0","55.2","39.44"
"67","000","00","029","2907","1294","568","426","142","37","605","1093","0","55.35","38.98"
"67","000","00","029","2907","1295","535","436","99","31","566","1081","0","52.36","40.33"
"67","000","00","029","2907","1296","520","381","139","49","569","978","0","58.18","38.96"
"67","000","00","029","2908","0000","1434","1040","394","185","1619","3133","0","51.68","33.2"
"67","000","00","029","2908","1297","470","342","128","30","500","1116","0","44.8","30.65"
"67","000","00","029","2908","1298","460","347","113","58","518","972","0","53.29","35.7"
"67","000","00","029","2908","1299","504","351","153","97","601","1045","0","57.51","33.59"
"67","000","00","029","2909","0000","943","700","243","83","1026","1879","0","54.6","37.25"
"67","000","00","029","2909","1300","425","319","106","33","458","872","0","52.52","36.58"
"67","000","00","029","2909","1301","518","381","137","50","568","1007","0","56.41","37.84"
"67","000","00","029","2912","0000","709","520","189","84","793","1524","0","52.03","34.12"
"67","000","00","029","2912","1306","389","283","106","67","456","804","0","56.72","35.2"
"67","000","00","029","2912","1307","320","237","83","17","337","720","0","46.81","32.92"
"67","000","00","029","2913","0000","484","380","104","32","516","1201","0","42.96","31.64"
"67","000","00","029","2913","1308","329","267","62","20","349","843","0","41.4","31.67"
"67","000","00","029","2913","1309","155","113","42","12","167","358","0","46.65","31.56"
"67","000","00","029","2916","0000","815","616","199","51","866","1867","0","46.38","32.99"
"67","000","00","029","2916","1312","381","290","91","22","403","904","0","44.58","32.08"
"67","000","00","029","2916","1313","434","326","108","29","463","963","0","48.08","33.85"
"67","000","00","029","2917","0000","234","169","65","6","240","489","0","49.08","34.56"
"67","000","00","029","2917","1314","234","169","65","6","240","489","0","49.08","34.56"
"67","000","00","029","2918","0000","1697","1244","453","201","1898","3475","0","54.62","35.8"
"67","000","00","029","2918","1302","394","271","123","61","455","763","0","59.63","35.52"
"67","000","00","029","2918","1303","294","222","72","40","334","630","0","53.02","35.24"
"67","000","00","029","2918","1304","488","346","142","63","551","959","0","57.46","36.08"
"67","000","00","029","2918","1305","521","405","116","37","558","1123","0","49.69","36.06"
"67","000","00","029","2919","0000","645","491","154","76","721","1506","0","47.88","32.6"
"67","000","00","029","2919","1310","363","276","87","62","425","797","0","53.32","34.63"
"67","000","00","029","2919","1311","282","215","67","14","296","709","0","41.75","30.32"
"67","000","00","030","0000","0000","1514","1137","377","184","1698","3713","3999","45.73","30.62"
"67","000","00","030","3001","0000","460","336","124","71","531","1047","0","50.72","32.09"
"67","000","00","030","3001","1315","460","336","124","71","531","1047","0","50.72","32.09"
"67","000","00","030","3002","0000","245","184","61","26","271","630","0","43.02","29.21"
"67","000","00","030","3002","1316","245","184","61","26","271","630","0","43.02","29.21"
"67","000","00","030","3003","0000","46","37","9","3","49","141","0","34.75","26.24"
"67","000","00","030","3003","1317","46","37","9","3","49","141","0","34.75","26.24"
"67","000","00","030","3004","0000","158","111","47","16","174","367","0","47.41","30.25"
"67","000","00","030","3004","1318","158","111","47","16","174","367","0","47.41","30.25"
"67","000","00","030","3005","0000","148","119","29","12","160","337","0","47.48","35.31"
"67","000","00","030","3005","1319","148","119","29","12","160","337","0","47.48","35.31"
"67","000","00","030","3006","0000","118","88","30","7","125","318","0","39.31","27.67"
"67","000","00","030","3006","1320","118","88","30","7","125","318","0","39.31","27.67"
"67","000","00","030","3007","0000","185","155","30","28","213","427","0","49.88","36.3"
"67","000","00","030","3007","1321","185","155","30","28","213","427","0","49.88","36.3"
"67","000","00","030","3008","0000","154","107","47","21","175","446","0","39.24","23.99"
"67","000","00","030","3008","1322","154","107","47","21","175","446","0","39.24","23.99"
"67","000","00","031","0000","0000","92215","69493","22722","7200","99415","195001","234921","50.98","35.64"
"67","000","00","031","3101","0000","2550","1910","640","216","2766","5671","0","48.77","33.68"
"67","000","00","031","3101","0708","690","504","186","72","762","1398","0","54.51","36.05"
"67","000","00","031","3101","0709","577","420","157","48","625","1478","0","42.29","28.42"
"67","000","00","031","3101","0710","665","512","153","48","713","1442","0","49.45","35.51"
"67","000","00","031","3101","0711","618","474","144","48","666","1353","0","49.22","35.03"
"67","000","00","031","3102","0000","3105","2281","824","257","3362","6821","0","49.29","33.44"
"67","000","00","031","3102","0719","759","527","232","71","830","1709","0","48.57","30.84"
"67","000","00","031","3102","0720","766","582","184","71","837","1717","0","48.75","33.9"
"67","000","00","031","3102","0721","784","563","221","54","838","1759","0","47.64","32.01"
"67","000","00","031","3102","0722","796","609","187","61","857","1636","0","52.38","37.22"
"67","000","00","031","3103","0000","3663","2796","867","303","3966","8791","0","45.11","31.81"
"67","000","00","031","3103","0728","713","525","188","38","751","1389","0","54.07","37.8"
"67","000","00","031","3103","0729","651","508","143","66","717","1369","0","52.37","37.11"
"67","000","00","031","3103","0730","669","512","157","96","765","1415","0","54.06","36.18"
"67","000","00","031","3103","0731","566","435","131","21","587","1386","0","42.35","31.39"
"67","000","00","031","3103","0732","379","295","84","9","388","1747","0","22.21","16.89"
"67","000","00","031","3103","0733","685","521","164","73","758","1485","0","51.04","35.08"
"67","000","00","031","3104","0000","3146","2381","765","273","3419","7088","0","48.24","33.59"
"67","000","00","031","3104","0734","791","602","189","95","886","1747","0","50.72","34.46"
"67","000","00","031","3104","0735","701","512","189","44","745","1744","0","42.72","29.36"
"67","000","00","031","3104","0736","763","582","181","60","823","1797","0","45.8","32.39"
"67","000","00","031","3104","0737","891","685","206","74","965","1800","0","53.61","38.06"
"67","000","00","031","3105","0000","2893","2136","757","200","3093","5710","0","54.17","37.41"
"67","000","00","031","3105","0745","760","555","205","63","823","1531","0","53.76","36.25"
"67","000","00","031","3105","0746","696","509","187","62","758","1327","0","57.12","38.36"
"67","000","00","031","3105","0747","715","540","175","23","738","1456","0","50.69","37.09"
"67","000","00","031","3105","0748","722","532","190","52","774","1396","0","55.44","38.11"
"67","000","00","031","3106","0000","1238","912","326","111","1349","2525","0","53.43","36.12"
"67","000","00","031","3106","0785","657","475","182","79","736","1285","0","57.28","36.96"
"67","000","00","031","3106","0786","581","437","144","32","613","1240","0","49.44","35.24"
"67","000","00","031","3107","0000","1311","959","352","119","1430","2670","0","53.56","35.92"
"67","000","00","031","3107","0787","605","433","172","64","669","1343","0","49.81","32.24"
"67","000","00","031","3107","0788","706","526","180","55","761","1327","0","57.35","39.64"
"67","000","00","031","3108","0000","948","724","224","43","991","1862","0","53.22","38.88"
"67","000","00","031","3108","0758","442","333","109","17","459","924","0","49.68","36.04"
"67","000","00","031","3108","0759","506","391","115","26","532","938","0","56.72","41.68"
"67","000","00","031","3109","0000","727","561","166","87","814","1453","0","56.02","38.61"
"67","000","00","031","3109","0760","493","395","98","45","538","957","0","56.22","41.27"
"67","000","00","031","3109","0761","234","166","68","42","276","496","0","55.65","33.47"
"67","000","00","031","3110","0000","2207","1623","584","151","2358","4886","0","48.26","33.22"
"67","000","00","031","3110","0762","828","611","217","76","904","1717","0","52.65","35.59"
"67","000","00","031","3110","0763","698","518","180","44","742","1615","0","45.94","32.07"
"67","000","00","031","3110","0764","681","494","187","31","712","1554","0","45.82","31.79"
"67","000","00","031","3111","0000","1196","886","310","144","1340","2276","0","58.88","38.93"
"67","000","00","031","3111","0772","461","350","111","54","515","890","0","57.87","39.33"
"67","000","00","031","3111","0773","547","392","155","64","611","1018","0","60.02","38.51"
"67","000","00","031","3111","0774","188","144","44","26","214","368","0","58.15","39.13"
"67","000","00","031","3112","0000","1620","1204","416","164","1784","3366","0","53.0","35.77"
"67","000","00","031","3112","0795","502","369","133","85","587","1117","0","52.55","33.03"
"67","000","00","031","3112","0796","464","325","139","36","500","1069","0","46.77","30.4"
"67","000","00","031","3112","0797","654","510","144","43","697","1180","0","59.07","43.22"
"67","000","00","031","3113","0000","1716","1245","471","243","1959","3542","0","55.31","35.15"
"67","000","00","031","3113","0798","549","418","131","95","644","1176","0","54.76","35.54"
"67","000","00","031","3113","0799","553","383","170","55","608","1158","0","52.5","33.07"
"67","000","00","031","3113","0800","614","444","170","93","707","1208","0","58.53","36.75"
"67","000","00","031","3114","0000","3628","2766","862","307","3935","7237","0","54.37","38.22"
"67","000","00","031","3114","0801","712","515","197","89","801","1501","0","53.36","34.31"
"67","000","00","031","3114","0802","658","490","168","38","696","1298","0","53.62","37.75"
"67","000","00","031","3114","0803","730","593","137","33","763","1542","0","49.48","38.46"
"67","000","00","031","3114","0804","789","611","178","68","857","1537","0","55.76","39.75"
"67","000","00","031","3114","0805","739","557","182","79","818","1359","0","60.19","40.99"
"67","000","00","031","3115","0000","1681","1200","481","185","1866","3835","0","48.66","31.29"
"67","000","00","031","3115","0806","471","343","128","46","517","1139","0","45.39","30.11"
"67","000","00","031","3115","0807","520","378","142","53","573","1158","0","49.48","32.64"
"67","000","00","031","3115","0808","690","479","211","86","776","1538","0","50.46","31.14"
"67","000","00","031","3116","0000","2818","1988","830","193","3011","5872","0","51.28","33.86"
"67","000","00","031","3116","0809","520","401","119","22","542","1166","0","46.48","34.39"
"67","000","00","031","3116","0810","546","434","112","24","570","1228","0","46.42","35.34"
"67","000","00","031","3116","0811","621","340","281","67","688","1200","0","57.33","28.33"
"67","000","00","031","3116","0812","587","411","176","46","633","1131","0","55.97","36.34"
"67","000","00","031","3116","0813","544","402","142","34","578","1147","0","50.39","35.05"
"67","000","00","031","3117","0000","1778","1366","412","143","1921","4027","0","47.7","33.92"
"67","000","00","031","3117","0814","665","502","163","62","727","1442","0","50.42","34.81"
"67","000","00","031","3117","0815","595","460","135","35","630","1325","0","47.55","34.72"
"67","000","00","031","3117","0816","518","404","114","46","564","1260","0","44.76","32.06"
"67","000","00","031","3118","0000","1062","779","283","160","1222","2099","0","58.22","37.11"
"67","000","00","031","3118","0793","486","357","129","89","575","983","0","58.49","36.32"
"67","000","00","031","3118","0794","576","422","154","71","647","1116","0","57.97","37.81"
"67","000","00","031","3119","0000","845","675","170","73","918","1988","0","46.18","33.95"
"67","000","00","031","3119","0820","447","359","88","49","496","1012","0","49.01","35.47"
"67","000","00","031","3119","0821","398","316","82","24","422","976","0","43.24","32.38"
"67","000","00","031","3120","0000","3914","2974","940","288","4202","8430","0","49.85","35.28"
"67","000","00","031","3120","0825","641","497","144","55","696","1307","0","53.25","38.03"
"67","000","00","031","3120","0826","637","514","123","35","672","1482","0","45.34","34.68"
"67","000","00","031","3120","0827","576","437","139","42","618","1341","0","46.09","32.59"
"67","000","00","031","3120","0828","643","505","138","52","695","1376","0","50.51","36.7"
"67","000","00","031","3120","0829","634","464","170","57","691","1390","0","49.71","33.38"
"67","000","00","031","3120","0830","783","557","226","47","830","1534","0","54.11","36.31"
"67","000","00","031","3121","0000","843","673","170","91","934","1796","0","52.0","37.47"
"67","000","00","031","3121","0823","422","343","79","51","473","859","0","55.06","39.93"
"67","000","00","031","3121","0824","421","330","91","40","461","937","0","49.2","35.22"
"67","000","00","031","3122","0000","537","427","110","51","588","1151","0","51.09","37.1"
"67","000","00","031","3122","0838","537","427","110","51","588","1151","0","51.09","37.1"
"67","000","00","031","3123","0000","2948","2273","675","269","3217","5980","0","53.8","38.01"
"67","000","00","031","3123","0789","752","563","189","60","812","1565","0","51.88","35.97"
"67","000","00","031","3123","0790","721","611","110","100","821","1476","0","55.62","41.4"
"67","000","00","031","3123","0791","704","529","175","49","753","1476","0","51.02","35.84"
"67","000","00","031","3123","0792","771","570","201","60","831","1463","0","56.8","38.96"
"67","000","00","031","3124","0000","1076","943","133","84","1160","2097","0","55.32","44.97"
"67","000","00","031","3124","0839","606","597","9","54","660","1026","0","64.33","58.19"
"67","000","00","031","3124","0840","470","346","124","30","500","1071","0","46.69","32.31"
"67","000","00","031","3125","0000","1616","1200","416","122","1738","3387","0","51.31","35.43"
"67","000","00","031","3125","0843","821","607","214","74","895","1687","0","53.05","35.98"
"67","000","00","031","3125","0844","795","593","202","48","843","1700","0","49.59","34.88"
"67","000","00","031","3126","0000","3580","2724","856","244","3824","7729","0","49.48","35.24"
"67","000","00","031","3126","0845","755","558","197","47","802","1444","0","55.54","38.64"
"67","000","00","031","3126","0846","708","554","154","50","758","1485","0","51.04","37.31"
"67","000","00","031","3126","0847","755","571","184","47","802","1717","0","46.71","33.26"
"67","000","00","031","3126","0848","734","560","174","60","794","1701","0","46.68","32.92"
"67","000","00","031","3126","0849","628","481","147","40","668","1382","0","48.34","34.8"
"67","000","00","031","3127","0000","2713","2035","678","267","2980","6072","0","49.08","33.51"
"67","000","00","031","3127","0778","651","497","154","79","730","1405","0","51.96","35.37"
"67","000","00","031","3127","0779","642","467","175","80","722","1445","0","49.97","32.32"
"67","000","00","031","3127","0780","782","599","183","67","849","1687","0","50.33","35.51"
"67","000","00","031","3127","0781","638","472","166","41","679","1535","0","44.23","30.75"
"67","000","00","031","3128","0000","259","206","53","24","283","531","0","53.3","38.79"
"67","000","00","031","3128","0822","259","206","53","24","283","531","0","53.3","38.79"
"67","000","00","031","3129","0000","2750","2033","717","140","2890","5725","0","50.48","35.51"
"67","000","00","031","3129","0768","697","518","179","29","726","1457","0","49.83","35.55"
"67","000","00","031","3129","0769","716","545","171","22","738","1451","0","50.86","37.56"
"67","000","00","031","3129","0770","634","453","181","49","683","1423","0","48.0","31.83"
"67","000","00","031","3129","0771","703","517","186","40","743","1394","0","53.3","37.09"
"67","000","00","031","3130","0000","3592","2769","823","254","3846","7784","0","49.41","35.57"
"67","000","00","031","3130","0723","685","533","152","78","763","1442","0","52.91","36.96"
"67","000","00","031","3130","0724","729","567","162","50","779","1545","0","50.42","36.7"
"67","000","00","031","3130","0725","736","589","147","51","787","1565","0","50.29","37.64"
"67","000","00","031","3130","0726","765","570","195","47","812","1684","0","48.22","33.85"
"67","000","00","031","3130","0727","677","510","167","28","705","1548","0","45.54","32.95"
"67","000","00","031","3131","0000","2683","2029","654","198","2881","5428","0","53.08","37.38"
"67","000","00","031","3131","0715","606","456","150","49","655","1317","0","49.73","34.62"
"67","000","00","031","3131","0716","647","509","138","58","705","1376","0","51.24","36.99"
"67","000","00","031","3131","0717","684","517","167","43","727","1361","0","53.42","37.99"
"67","000","00","031","3131","0718","746","547","199","48","794","1374","0","57.79","39.81"
"67","000","00","031","3132","0000","1623","1222","401","92","1715","3447","0","49.75","35.45"
"67","000","00","031","3132","0712","529","390","139","32","561","1160","0","48.36","33.62"
"67","000","00","031","3132","0713","556","438","118","39","595","1122","0","53.03","39.04"
"67","000","00","031","3132","0714","538","394","144","21","559","1165","0","47.98","33.82"
"67","000","00","031","3133","0000","2823","2080","743","176","2999","5917","0","50.68","35.15"
"67","000","00","031","3133","0749","774","551","223","66","840","1636","0","51.34","33.68"
"67","000","00","031","3133","0750","794","577","217","56","850","1592","0","53.39","36.24"
"67","000","00","031","3133","0751","924","703","221","33","957","2017","0","47.45","34.85"
"67","000","00","031","3133","0752","331","249","82","21","352","672","0","52.38","37.05"
"67","000","00","031","3134","0000","2032","1508","524","110","2142","4811","0","44.52","31.34"
"67","000","00","031","3134","0755","691","527","164","35","726","1660","0","43.73","31.75"
"67","000","00","031","3134","0756","642","484","158","38","680","1561","0","43.56","31.01"
"67","000","00","031","3134","0757","699","497","202","37","736","1590","0","46.29","31.26"
"67","000","00","031","3135","0000","1454","1103","351","86","1540","3113","0","49.47","35.43"
"67","000","00","031","3135","0753","713","535","178","32","745","1611","0","46.24","33.21"
"67","000","00","031","3135","0754","741","568","173","54","795","1502","0","52.93","37.82"
"67","000","00","031","3136","0000","1839","1294","545","129","1968","3776","0","52.12","34.27"
"67","000","00","031","3136","0775","657","458","199","56","713","1208","0","59.02","37.91"
"67","000","00","031","3136","0776","519","357","162","37","556","1187","0","46.84","30.08"
"67","000","00","031","3136","0777","663","479","184","36","699","1381","0","50.62","34.69"
"67","000","00","031","3137","0000","4625","3554","1071","271","4896","9284","0","52.74","38.28"
"67","000","00","031","3137","0831","755","582","173","47","802","1460","0","54.93","39.86"
"67","000","00","031","3137","0832","650","497","153","30","680","1383","0","49.17","35.94"
"67","000","00","031","3137","0833","614","465","149","44","658","1299","0","50.65","35.8"
"67","000","00","031","3137","0834","658","495","163","37","695","1264","0","54.98","39.16"
"67","000","00","031","3137","0835","715","557","158","49","764","1355","0","56.38","41.11"
"67","000","00","031","3137","0836","637","502","135","34","671","1414","0","47.45","35.5"
"67","000","00","031","3137","0837","596","456","140","30","626","1109","0","56.45","41.12"
"67","000","00","031","3138","0000","3799","2923","876","308","4107","7603","0","54.02","38.45"
"67","000","00","031","3138","0740","758","594","164","48","806","1519","0","53.06","39.1"
"67","000","00","031","3138","0741","736","547","189","103","839","1497","0","56.05","36.54"
"67","000","00","031","3138","0742","683","534","149","36","719","1509","0","47.65","35.39"
"67","000","00","031","3138","0743","815","623","192","90","905","1542","0","58.69","40.4"
"67","000","00","031","3138","0744","807","625","182","31","838","1536","0","54.56","40.69"
"67","000","00","031","3139","0000","1539","1136","403","128","1667","2764","0","60.31","41.1"
"67","000","00","031","3139","0841","786","588","198","78","864","1387","0","62.29","42.39"
"67","000","00","031","3139","0842","753","548","205","50","803","1377","0","58.32","39.8"
"67","000","00","031","3140","0000","2210","1668","542","160","2370","4846","0","48.91","34.42"
"67","000","00","031","3140","0817","738","549","189","61","799","1631","0","48.99","33.66"
"67","000","00","031","3140","0818","715","551","164","53","768","1549","0","49.58","35.57"
"67","000","00","031","3140","0819","757","568","189","46","803","1666","0","48.2","34.09"
"67","000","00","031","3141","0000","1634","1254","380","81","1715","3428","0","50.03","36.58"
"67","000","00","031","3141","0738","776","609","167","30","806","1720","0","46.86","35.41"
"67","000","00","031","3141","0739","858","645","213","51","909","1708","0","53.22","37.76"
"67","000","00","031","3142","0000","2245","1759","486","136","2381","4498","0","52.93","39.11"
"67","000","00","031","3142","0782","775","612","163","60","835","1542","0","54.15","39.69"
"67","000","00","031","3142","0783","765","597","168","40","805","1618","0","49.75","36.9"
"67","000","00","031","3142","0784","705","550","155","36","741","1338","0","55.38","41.11"
"67","000","00","031","3143","0000","1749","1314","435","119","1868","3685","0","50.69","35.66"
"67","000","00","031","3143","0765","521","386","135","35","556","1196","0","46.49","32.27"
"67","000","00","031","3143","0766","615","461","154","43","658","1274","0","51.65","36.19"
"67","000","00","031","3143","0767","613","467","146","41","654","1215","0","53.83","38.44"
"67","000","00","032","0000","0000","76539","56699","19840","5810","82349","153359","186117","53.7","36.97"
"67","000","00","032","3201","0000","1052","786","266","68","1120","2191","0","51.12","35.87"
"67","000","00","032","3201","1170","1052","786","266","68","1120","2191","0","51.12","35.87"
"67","000","00","032","3202","0000","1469","1085","384","155","1624","2944","0","55.16","36.85"
"67","000","00","032","3202","1166","621","459","162","88","709","1287","0","55.09","35.66"
"67","000","00","032","3202","1167","848","626","222","67","915","1657","0","55.22","37.78"
"67","000","00","032","3203","0000","3150","2459","691","240","3390","6583","0","51.5","37.35"
"67","000","00","032","3203","1113","915","696","219","131","1046","2067","0","50.6","33.67"
"67","000","00","032","3203","1114","1076","875","201","45","1121","2153","0","52.07","40.64"
"67","000","00","032","3203","1115","1159","888","271","64","1223","2363","0","51.76","37.58"
"67","000","00","032","3204","0000","1538","1125","413","147","1685","2869","0","58.73","39.21"
"67","000","00","032","3204","1097","837","606","231","94","931","1491","0","62.44","40.64"
"67","000","00","032","3204","1098","701","519","182","53","754","1378","0","54.72","37.66"
"67","000","00","032","3205","0000","2281","1594","687","213","2494","4730","0","52.73","33.7"
"67","000","00","032","3205","1180","738","527","211","47","785","1486","0","52.83","35.46"
"67","000","00","032","3205","1181","784","536","248","85","869","1560","0","55.71","34.36"
"67","000","00","032","3205","1182","759","531","228","81","840","1684","0","49.88","31.53"
"67","000","00","032","3206","0000","1948","1498","450","166","2114","4455","0","47.45","33.63"
"67","000","00","032","3206","1118","874","680","194","76","950","2115","0","44.92","32.15"
"67","000","00","032","3206","1119","1074","818","256","90","1164","2340","0","49.74","34.96"
"67","000","00","032","3207","0000","1444","1032","412","130","1574","2932","0","53.68","35.2"
"67","000","00","032","3207","1139","730","529","201","49","779","1489","0","52.32","35.53"
"67","000","00","032","3207","1140","714","503","211","81","795","1443","0","55.09","34.86"
"67","000","00","032","3208","0000","2602","1902","700","139","2741","4858","0","56.42","39.15"
"67","000","00","032","3208","1141","850","609","241","56","906","1498","0","60.48","40.65"
"67","000","00","032","3208","1142","849","615","234","26","875","1622","0","53.95","37.92"
"67","000","00","032","3208","1143","903","678","225","57","960","1738","0","55.24","39.01"
"67","000","00","032","3209","0000","1259","881","378","85","1344","2433","0","55.24","36.21"
"67","000","00","032","3209","1161","554","393","161","21","575","1101","0","52.23","35.69"
"67","000","00","032","3209","1162","705","488","217","64","769","1332","0","57.73","36.64"
"67","000","00","032","3210","0000","1565","1145","420","93","1658","3086","0","53.73","37.1"
"67","000","00","032","3210","1158","786","562","224","32","818","1589","0","51.48","35.37"
"67","000","00","032","3210","1159","779","583","196","61","840","1497","0","56.11","38.94"
"67","000","00","032","3211","0000","661","463","198","60","721","1386","0","52.02","33.41"
"67","000","00","032","3211","1160","661","463","198","60","721","1386","0","52.02","33.41"
"67","000","00","032","3212","0000","2103","1637","466","162","2265","4048","0","55.95","40.44"
"67","000","00","032","3212","1173","973","757","216","104","1077","1863","0","57.81","40.63"
"67","000","00","032","3212","1174","1130","880","250","58","1188","2185","0","54.37","40.27"
"67","000","00","032","3213","0000","2516","1862","654","199","2715","5122","0","53.01","36.35"
"67","000","00","032","3213","1129","809","594","215","71","880","1708","0","51.52","34.78"
"67","000","00","032","3213","1130","793","593","200","59","852","1560","0","54.62","38.01"
"67","000","00","032","3213","1131","914","675","239","69","983","1854","0","53.02","36.41"
"67","000","00","032","3214","0000","2385","1790","595","166","2551","4865","0","52.44","36.79"
"67","000","00","032","3214","1120","1232","912","320","83","1315","2474","0","53.15","36.86"
"67","000","00","032","3214","1121","1153","878","275","83","1236","2391","0","51.69","36.72"
"67","000","00","032","3215","0000","863","665","198","57","920","1602","0","57.43","41.51"
"67","000","00","032","3215","1177","863","665","198","57","920","1602","0","57.43","41.51"
"67","000","00","032","3216","0000","748","547","201","113","861","1556","0","55.33","35.15"
"67","000","00","032","3216","1176","748","547","201","113","861","1556","0","55.33","35.15"
"67","000","00","032","3217","0000","2198","1651","547","126","2324","4335","0","53.61","38.09"
"67","000","00","032","3217","1133","990","737","253","59","1049","2093","0","50.12","35.21"
"67","000","00","032","3217","1134","1208","914","294","67","1275","2242","0","56.87","40.77"
"67","000","00","032","3218","0000","704","517","187","53","757","1517","0","49.9","34.08"
"67","000","00","032","3218","1165","704","517","187","53","757","1517","0","49.9","34.08"
"67","000","00","032","3219","0000","2560","1857","703","210","2770","4992","0","55.49","37.2"
"67","000","00","032","3219","1102","877","628","249","62","939","1639","0","57.29","38.32"
"67","000","00","032","3219","1103","859","627","232","65","924","1724","0","53.6","36.37"
"67","000","00","032","3219","1104","824","602","222","83","907","1629","0","55.68","36.96"
"67","000","00","032","3220","0000","2183","1598","585","174","2357","4484","0","52.56","35.64"
"67","000","00","032","3220","1168","1094","811","283","118","1212","2238","0","54.16","36.24"
"67","000","00","032","3220","1169","1089","787","302","56","1145","2246","0","50.98","35.04"
"67","000","00","032","3221","0000","982","691","291","74","1056","1986","0","53.17","34.79"
"67","000","00","032","3221","1156","560","394","166","19","579","1090","0","53.12","36.15"
"67","000","00","032","3221","1157","422","297","125","55","477","896","0","53.24","33.15"
"67","000","00","032","3222","0000","2196","1672","524","178","2374","4242","0","55.96","39.42"
"67","000","00","032","3222","1148","777","603","174","44","821","1427","0","57.53","42.26"
"67","000","00","032","3222","1149","695","504","191","77","772","1427","0","54.1","35.32"
"67","000","00","032","3222","1150","724","565","159","57","781","1388","0","56.27","40.71"
"67","000","00","032","3223","0000","642","437","205","40","682","1131","0","60.3","38.64"
"67","000","00","032","3223","1151","642","437","205","40","682","1131","0","60.3","38.64"
"67","000","00","032","3224","0000","2408","1719","689","120","2528","4615","0","54.78","37.25"
"67","000","00","032","3224","1183","856","605","251","53","909","1653","0","54.99","36.6"
"67","000","00","032","3224","1184","804","565","239","31","835","1554","0","53.73","36.36"
"67","000","00","032","3224","1185","748","549","199","36","784","1408","0","55.68","38.99"
"67","000","00","032","3225","0000","2491","1838","653","177","2668","4874","0","54.74","37.71"
"67","000","00","032","3225","1122","870","622","248","60","930","1673","0","55.59","37.18"
"67","000","00","032","3225","1123","775","560","215","45","820","1594","0","51.44","35.13"
"67","000","00","032","3225","1124","846","656","190","72","918","1607","0","57.13","40.82"
"67","000","00","032","3226","0000","1520","1137","383","109","1629","2982","0","54.63","38.13"
"67","000","00","032","3226","1116","722","547","175","59","781","1427","0","54.73","38.33"
"67","000","00","032","3226","1117","798","590","208","50","848","1555","0","54.53","37.94"
"67","000","00","032","3227","0000","1729","1257","472","117","1846","3593","0","51.38","34.98"
"67","000","00","032","3227","1146","838","612","226","47","885","1829","0","48.39","33.46"
"67","000","00","032","3227","1147","891","645","246","70","961","1764","0","54.48","36.56"
"67","000","00","032","3228","0000","755","563","192","57","812","1721","0","47.18","32.71"
"67","000","00","032","3228","1175","755","563","192","57","812","1721","0","47.18","32.71"
"67","000","00","032","3229","0000","2167","1612","555","159","2326","4240","0","54.86","38.02"
"67","000","00","032","3229","1171","1003","746","257","72","1075","2063","0","52.11","36.16"
"67","000","00","032","3229","1172","1164","866","298","87","1251","2177","0","57.46","39.78"
"67","000","00","032","3230","0000","1279","989","290","121","1400","2447","0","57.21","40.42"
"67","000","00","032","3230","1163","606","463","143","61","667","1185","0","56.29","39.07"
"67","000","00","032","3230","1164","673","526","147","60","733","1262","0","58.08","41.68"
"67","000","00","032","3231","0000","1478","1056","422","139","1617","2983","0","54.21","35.4"
"67","000","00","032","3231","1144","721","520","201","71","792","1501","0","52.76","34.64"
"67","000","00","032","3231","1145","757","536","221","68","825","1482","0","55.67","36.17"
"67","000","00","032","3232","0000","2248","1705","543","181","2429","4472","0","54.32","38.13"
"67","000","00","032","3232","1099","698","594","104","73","771","1552","0","49.68","38.27"
"67","000","00","032","3232","1100","725","509","216","32","757","1326","0","57.09","38.39"
"67","000","00","032","3232","1101","825","602","223","76","901","1594","0","56.52","37.77"
"67","000","00","032","3233","0000","1069","795","274","105","1174","2296","0","51.13","34.63"
"67","000","00","032","3233","1111","523","386","137","61","584","1039","0","56.21","37.15"
"67","000","00","032","3233","1112","546","409","137","44","590","1257","0","46.94","32.54"
"67","000","00","032","3234","0000","1031","727","304","49","1080","2278","0","47.41","31.91"
"67","000","00","032","3234","1132","1031","727","304","49","1080","2278","0","47.41","31.91"
"67","000","00","032","3235","0000","1477","1144","333","88","1565","2933","0","53.36","39.0"
"67","000","00","032","3235","1105","704","542","162","45","749","1399","0","53.54","38.74"
"67","000","00","032","3235","1106","773","602","171","43","816","1534","0","53.19","39.24"
"67","000","00","032","3236","0000","904","626","278","139","1043","1882","0","55.42","33.26"
"67","000","00","032","3236","1154","442","319","123","56","498","935","0","53.26","34.12"
"67","000","00","032","3236","1155","462","307","155","83","545","947","0","57.55","32.42"
"67","000","00","032","3237","0000","974","737","237","113","1087","1996","0","54.46","36.92"
"67","000","00","032","3237","1152","474","354","120","60","534","1000","0","53.4","35.4"
"67","000","00","032","3237","1153","500","383","117","53","553","996","0","55.52","38.45"
"67","000","00","032","3238","0000","1328","975","353","152","1480","2905","0","50.95","33.56"
"67","000","00","032","3238","1178","708","543","165","87","795","1523","0","52.2","35.65"
"67","000","00","032","3238","1179","620","432","188","65","685","1382","0","49.57","31.26"
"67","000","00","032","3239","0000","2069","1521","548","143","2212","3980","0","55.58","38.22"
"67","000","00","032","3239","1186","1125","812","313","58","1183","2084","0","56.77","38.96"
"67","000","00","032","3239","1187","944","709","235","85","1029","1896","0","54.27","37.39"
"67","000","00","032","3240","0000","1825","1319","506","107","1932","4492","0","43.01","29.36"
"67","000","00","032","3240","1095","972","715","257","70","1042","2681","0","38.87","26.67"
"67","000","00","032","3240","1096","853","604","249","37","890","1811","0","49.14","33.35"
"67","000","00","032","3241","0000","3110","2370","740","232","3342","5929","0","56.37","39.97"
"67","000","00","032","3241","1107","860","633","227","73","933","1656","0","56.34","38.22"
"67","000","00","032","3241","1108","656","507","149","72","728","1322","0","55.07","38.35"
"67","000","00","032","3241","1109","832","633","199","42","874","1620","0","53.95","39.07"
"67","000","00","032","3241","1110","762","597","165","45","807","1331","0","60.63","44.85"
"67","000","00","032","3242","0000","1577","1133","444","170","1747","3308","0","52.81","34.25"
"67","000","00","032","3242","1127","784","574","210","120","904","1696","0","53.3","33.84"
"67","000","00","032","3242","1128","793","559","234","50","843","1612","0","52.3","34.68"
"67","000","00","032","3243","0000","2439","1852","587","98","2537","4456","0","56.93","41.56"
"67","000","00","032","3243","1125","1143","884","259","48","1191","2087","0","57.07","42.36"
"67","000","00","032","3243","1126","1296","968","328","50","1346","2369","0","56.82","40.86"
"67","000","00","032","3244","0000","1397","1068","329","78","1475","2470","0","59.72","43.24"
"67","000","00","032","3244","1135","623","467","156","56","679","1152","0","58.94","40.54"
"67","000","00","032","3244","1136","774","601","173","22","796","1318","0","60.39","45.6"
"67","000","00","032","3245","0000","2215","1662","553","108","2323","4160","0","55.84","39.95"
"67","000","00","032","3245","1137","1126","842","284","57","1183","2200","0","53.77","38.27"
"67","000","00","032","3245","1138","1089","820","269","51","1140","1960","0","58.16","41.84"
"67","000","00","033","0000","0000","49312","36014","13298","4974","54286","108650","124790","49.96","33.15"
"67","000","00","033","3301","0000","782","577","205","80","862","1637","0","52.66","35.25"
"67","000","00","033","3301","1024","782","577","205","80","862","1637","0","52.66","35.25"
"67","000","00","033","3303","0000","382","286","96","11","393","871","0","45.12","32.84"
"67","000","00","033","3303","1025","382","286","96","11","393","871","0","45.12","32.84"
"67","000","00","033","3304","0000","789","569","220","68","857","1390","0","61.65","40.94"
"67","000","00","033","3304","1026","312","226","86","22","334","589","0","56.71","38.37"
"67","000","00","033","3304","1027","477","343","134","46","523","801","0","65.29","42.82"
"67","000","00","033","3305","0000","1073","736","337","107","1180","2262","0","52.17","32.54"
"67","000","00","033","3305","1035","525","337","188","36","561","1127","0","49.78","29.9"
"67","000","00","033","3305","1036","548","399","149","71","619","1135","0","54.54","35.15"
"67","000","00","033","3306","0000","1042","776","266","115","1157","2277","0","50.81","34.08"
"67","000","00","033","3306","1037","593","436","157","76","669","1263","0","52.97","34.52"
"67","000","00","033","3306","1038","449","340","109","39","488","1014","0","48.13","33.53"
"67","000","00","033","3307","0000","1206","844","362","82","1288","2774","0","46.43","30.43"
"67","000","00","033","3307","1031","548","374","174","39","587","1204","0","48.75","31.06"
"67","000","00","033","3307","1032","658","470","188","43","701","1570","0","44.65","29.94"
"67","000","00","033","3308","0000","1699","1254","445","204","1903","3209","0","59.3","39.08"
"67","000","00","033","3308","1028","504","384","120","64","568","990","0","57.37","38.79"
"67","000","00","033","3308","1029","685","513","172","51","736","1222","0","60.23","41.98"
"67","000","00","033","3308","1030","510","357","153","89","599","997","0","60.08","35.81"
"67","000","00","033","3309","0000","1421","1035","386","177","1598","3006","0","53.16","34.43"
"67","000","00","033","3309","1047","757","552","205","71","828","1542","0","53.7","35.8"
"67","000","00","033","3309","1048","664","483","181","106","770","1464","0","52.6","32.99"
"67","000","00","033","3311","0000","1836","1358","478","229","2065","4217","0","48.97","32.2"
"67","000","00","033","3311","1052","581","425","156","92","673","1419","0","47.43","29.95"
"67","000","00","033","3311","1053","595","451","144","71","666","1333","0","49.96","33.83"
"67","000","00","033","3311","1054","660","482","178","66","726","1465","0","49.56","32.9"
"67","000","00","033","3313","0000","1615","1193","422","179","1794","3607","0","49.74","33.07"
"67","000","00","033","3313","1055","513","382","131","35","548","1099","0","49.86","34.76"
"67","000","00","033","3313","1056","505","392","113","32","537","1133","0","47.4","34.6"
"67","000","00","033","3313","1057","597","419","178","112","709","1375","0","51.56","30.47"
"67","000","00","033","3314","0000","826","597","229","92","918","2064","0","44.48","28.92"
"67","000","00","033","3314","1082","826","597","229","92","918","2064","0","44.48","28.92"
"67","000","00","033","3315","0000","954","692","262","117","1071","2173","0","49.29","31.85"
"67","000","00","033","3315","1079","567","428","139","80","647","1119","0","57.82","38.25"
"67","000","00","033","3315","1080","387","264","123","37","424","1054","0","40.23","25.05"
"67","000","00","033","3316","0000","526","372","154","113","639","1245","0","51.33","29.88"
"67","000","00","033","3316","1081","526","372","154","113","639","1245","0","51.33","29.88"
"67","000","00","033","3317","0000","1269","935","334","70","1339","3429","0","39.05","27.27"
"67","000","00","033","3317","1083","735","546","189","33","768","2056","0","37.35","26.56"
"67","000","00","033","3317","1084","534","389","145","37","571","1373","0","41.59","28.33"
"67","000","00","033","3318","0000","925","680","245","90","1015","2109","0","48.13","32.24"
"67","000","00","033","3318","1093","429","294","135","53","482","1093","0","44.1","26.9"
"67","000","00","033","3318","1094","496","386","110","37","533","1016","0","52.46","37.99"
"67","000","00","033","3319","0000","931","675","256","117","1048","2162","0","48.47","31.22"
"67","000","00","033","3319","1091","347","240","107","43","390","897","0","43.48","26.76"
"67","000","00","033","3319","1092","584","435","149","74","658","1265","0","52.02","34.39"
"67","000","00","033","3320","0000","1204","870","334","177","1381","2544","0","54.28","34.2"
"67","000","00","033","3320","1089","554","414","140","86","640","1186","0","53.96","34.91"
"67","000","00","033","3320","1090","650","456","194","91","741","1358","0","54.57","33.58"
"67","000","00","033","3321","0000","1194","926","268","80","1274","2272","0","56.07","40.76"
"67","000","00","033","3321","1017","619","478","141","45","664","1150","0","57.74","41.57"
"67","000","00","033","3321","1018","575","448","127","35","610","1122","0","54.37","39.93"
"67","000","00","033","3322","0000","2095","1535","560","186","2281","4507","0","50.61","34.06"
"67","000","00","033","3322","1019","634","467","167","53","687","1444","0","47.58","32.34"
"67","000","00","033","3322","1020","791","586","205","68","859","1765","0","48.67","33.2"
"67","000","00","033","3322","1021","670","482","188","65","735","1298","0","56.63","37.13"
"67","000","00","033","3323","0000","1528","1139","389","147","1675","3392","0","49.38","33.58"
"67","000","00","033","3323","1015","623","451","172","48","671","1221","0","54.95","36.94"
"67","000","00","033","3323","1016","905","688","217","99","1004","2171","0","46.25","31.69"
"67","000","00","033","3324","0000","1631","1341","290","85","1716","3398","0","50.5","39.46"
"67","000","00","033","3324","1022","753","609","144","44","797","1458","0","54.66","41.77"
"67","000","00","033","3324","1023","878","732","146","41","919","1940","0","47.37","37.73"
"67","000","00","033","3325","0000","1060","765","295","101","1161","2298","0","50.52","33.29"
"67","000","00","033","3325","1033","601","421","180","68","669","1222","0","54.75","34.45"
"67","000","00","033","3325","1034","459","344","115","33","492","1076","0","45.72","31.97"
"67","000","00","033","3326","0000","1503","1066","437","168","1671","3341","0","50.01","31.91"
"67","000","00","033","3326","1061","798","573","225","108","906","1640","0","55.24","34.94"
"67","000","00","033","3326","1062","705","493","212","60","765","1701","0","44.97","28.98"
"67","000","00","033","3327","0000","1605","1182","423","137","1742","3306","0","52.69","35.75"
"67","000","00","033","3327","1039","751","542","209","81","832","1491","0","55.8","36.35"
"67","000","00","033","3327","1040","854","640","214","56","910","1815","0","50.14","35.26"
"67","000","00","033","3328","0000","2318","1613","705","230","2548","5017","0","50.79","32.15"
"67","000","00","033","3328","1044","779","525","254","90","869","1626","0","53.44","32.29"
"67","000","00","033","3328","1045","768","542","226","45","813","1761","0","46.17","30.78"
"67","000","00","033","3328","1046","771","546","225","95","866","1630","0","53.13","33.5"
"67","000","00","033","3329","0000","1022","723","299","85","1107","2734","0","40.49","26.44"
"67","000","00","033","3329","1068","503","346","157","29","532","1657","0","32.11","20.88"
"67","000","00","033","3329","1069","519","377","142","56","575","1077","0","53.39","35.0"
"67","000","00","033","3330","0000","2348","1690","658","234","2582","5719","0","45.15","29.55"
"67","000","00","033","3330","1072","794","605","189","43","837","1985","0","42.17","30.48"
"67","000","00","033","3330","1073","812","560","252","93","905","2017","0","44.87","27.76"
"67","000","00","033","3330","1074","742","525","217","98","840","1717","0","48.92","30.58"
"67","000","00","033","3331","0000","813","593","220","87","900","1624","0","55.42","36.51"
"67","000","00","033","3331","1075","455","344","111","51","506","929","0","54.47","37.03"
"67","000","00","033","3331","1076","358","249","109","36","394","695","0","56.69","35.83"
"67","000","00","033","3332","0000","2436","1742","694","222","2658","5094","0","52.18","34.2"
"67","000","00","033","3332","1065","924","675","249","108","1032","1774","0","58.17","38.05"
"67","000","00","033","3332","1066","747","517","230","83","830","1613","0","51.46","32.05"
"67","000","00","033","3332","1067","765","550","215","31","796","1707","0","46.63","32.22"
"67","000","00","033","3333","0000","1526","1153","373","239","1765","3568","0","49.47","32.32"
"67","000","00","033","3333","1063","633","466","167","112","745","1541","0","48.35","30.24"
"67","000","00","033","3333","1064","893","687","206","127","1020","2027","0","50.32","33.89"
"67","000","00","033","3334","0000","2187","1604","583","166","2353","4809","0","48.93","33.35"
"67","000","00","033","3334","1058","722","518","204","49","771","1781","0","43.29","29.08"
"67","000","00","033","3334","1059","802","603","199","71","873","1542","0","56.61","39.11"
"67","000","00","033","3334","1060","663","483","180","46","709","1486","0","47.71","32.5"
"67","000","00","033","3335","0000","2340","1719","621","156","2496","5092","0","49.02","33.76"
"67","000","00","033","3335","1041","643","473","170","28","671","1398","0","48.0","33.83"
"67","000","00","033","3335","1042","835","611","224","57","892","2107","0","42.34","29.0"
"67","000","00","033","3335","1043","862","635","227","71","933","1587","0","58.79","40.01"
"67","000","00","033","3336","0000","697","551","146","56","753","1781","0","42.28","30.94"
"67","000","00","033","3336","1077","390","300","90","33","423","997","0","42.43","30.09"
"67","000","00","033","3336","1078","307","251","56","23","330","784","0","42.09","32.02"
"67","000","00","033","3337","0000","820","588","232","148","968","1775","0","54.54","33.13"
"67","000","00","033","3337","1087","476","335","141","84","560","1031","0","54.32","32.49"
"67","000","00","033","3337","1088","344","253","91","64","408","744","0","54.84","34.01"
"67","000","00","033","3338","0000","742","496","246","105","847","1762","0","48.07","28.15"
"67","000","00","033","3338","1085","371","249","122","37","408","1002","0","40.72","24.85"
"67","000","00","033","3338","1086","371","247","124","68","439","760","0","57.76","32.5"
"67","000","00","033","3339","0000","1175","876","299","106","1281","2434","0","52.63","35.99"
"67","000","00","033","3339","1070","578","451","127","47","625","1185","0","52.74","38.06"
"67","000","00","033","3339","1071","597","425","172","59","656","1249","0","52.52","34.03"
"67","000","00","033","3340","0000","1792","1263","529","208","2000","3751","0","53.32","33.67"
"67","000","00","033","3340","1049","787","545","242","118","905","1727","0","52.4","31.56"
"67","000","00","033","3340","1050","576","403","173","68","644","1085","0","59.35","37.14"
"67","000","00","033","3340","1051","429","315","114","22","451","939","0","48.03","33.55"
"67","000","00","034","0000","0000","53901","39802","14099","4263","58164","110906","132020","52.44","35.89"
"67","000","00","034","3401","0000","1537","1153","384","152","1689","3501","0","48.24","32.93"
"67","000","00","034","3401","0850","818","622","196","91","909","1793","0","50.7","34.69"
"67","000","00","034","3401","0851","719","531","188","61","780","1708","0","45.67","31.09"
"67","000","00","034","3404","0000","1103","825","278","87","1190","2030","0","58.62","40.64"
"67","000","00","034","3404","0862","573","455","118","50","623","1076","0","57.9","42.29"
"67","000","00","034","3404","0863","530","370","160","37","567","954","0","59.43","38.78"
"67","000","00","034","3405","0000","1259","945","314","96","1355","2451","0","55.28","38.56"
"67","000","00","034","3405","0858","566","421","145","48","614","1189","0","51.64","35.41"
"67","000","00","034","3405","0859","693","524","169","48","741","1262","0","58.72","41.52"
"67","000","00","034","3407","0000","962","718","244","46","1008","1964","0","51.32","36.56"
"67","000","00","034","3407","0867","475","357","118","19","494","974","0","50.72","36.65"
"67","000","00","034","3407","0868","487","361","126","27","514","990","0","51.92","36.46"
"67","000","00","034","3408","0000","1106","764","342","80","1186","2069","0","57.32","36.93"
"67","000","00","034","3408","0869","570","395","175","29","599","1016","0","58.96","38.88"
"67","000","00","034","3408","0870","536","369","167","51","587","1053","0","55.75","35.04"
"67","000","00","034","3418","0000","1928","1405","523","189","2117","4291","0","49.34","32.74"
"67","000","00","034","3418","0926","598","452","146","35","633","1502","0","42.14","30.09"
"67","000","00","034","3418","0927","723","535","188","57","780","1470","0","53.06","36.39"
"67","000","00","034","3418","0928","607","418","189","97","704","1319","0","53.37","31.69"
"67","000","00","034","3419","0000","965","739","226","59","1024","1864","0","54.94","39.65"
"67","000","00","034","3419","0860","564","433","131","31","595","1017","0","58.51","42.58"
"67","000","00","034","3419","0861","401","306","95","28","429","847","0","50.65","36.13"
"67","000","00","034","3420","0000","2548","1878","670","113","2661","4824","0","55.16","38.93"
"67","000","00","034","3420","0908","891","665","226","35","926","1709","0","54.18","38.91"
"67","000","00","034","3420","0909","858","638","220","50","908","1517","0","59.85","42.06"
"67","000","00","034","3420","0910","799","575","224","28","827","1598","0","51.75","35.98"
"67","000","00","034","3423","0000","1371","993","378","102","1473","3203","0","45.99","31.0"
"67","000","00","034","3423","0894","477","341","136","25","502","1091","0","46.01","31.26"
"67","000","00","034","3423","0895","453","325","128","35","488","993","0","49.14","32.73"
"67","000","00","034","3423","0896","441","327","114","42","483","1119","0","43.16","29.22"
"67","000","00","034","3424","0000","2190","1584","606","176","2366","4442","0","53.26","35.66"
"67","000","00","034","3424","0897","836","597","239","86","922","1685","0","54.72","35.43"
"67","000","00","034","3424","0898","678","491","187","24","702","1368","0","51.32","35.89"
"67","000","00","034","3424","0899","676","496","180","66","742","1389","0","53.42","35.71"
"67","000","00","034","3425","0000","1588","1166","422","100","1688","3296","0","51.21","35.38"
"67","000","00","034","3425","0919","819","600","219","65","884","1662","0","53.19","36.1"
"67","000","00","034","3425","0920","769","566","203","35","804","1634","0","49.2","34.64"
"67","000","00","034","3426","0000","2535","1883","652","263","2798","5387","0","51.94","34.95"
"67","000","00","034","3426","0923","888","634","254","119","1007","1874","0","53.74","33.83"
"67","000","00","034","3426","0924","829","625","204","73","902","1760","0","51.25","35.51"
"67","000","00","034","3426","0925","818","624","194","71","889","1753","0","50.71","35.6"
"67","000","00","034","3432","0000","656","456","200","94","750","1466","0","51.16","31.11"
"67","000","00","034","3432","0871","656","456","200","94","750","1466","0","51.16","31.11"
"67","000","00","034","3433","0000","867","615","252","122","989","1829","0","54.07","33.62"
"67","000","00","034","3433","0884","433","296","137","78","511","892","0","57.29","33.18"
"67","000","00","034","3433","0885","434","319","115","44","478","937","0","51.01","34.04"
"67","000","00","034","3438","0000","1729","1277","452","92","1821","3800","0","47.92","33.61"
"67","000","00","034","3438","0852","485","369","116","25","510","997","0","51.15","37.01"
"67","000","00","034","3438","0853","608","447","161","42","650","1452","0","44.77","30.79"
"67","000","00","034","3438","0854","636","461","175","25","661","1351","0","48.93","34.12"
"67","000","00","034","3439","0000","1478","1068","410","165","1643","3079","0","53.36","34.69"
"67","000","00","034","3439","0872","762","560","202","83","845","1535","0","55.05","36.48"
"67","000","00","034","3439","0873","716","508","208","82","798","1544","0","51.68","32.9"
"67","000","00","034","3440","0000","2281","1689","592","155","2436","4317","0","56.43","39.12"
"67","000","00","034","3440","0905","702","525","177","84","786","1340","0","58.66","39.18"
"67","000","00","034","3440","0906","750","551","199","42","792","1464","0","54.1","37.64"
"67","000","00","034","3440","0907","829","613","216","29","858","1513","0","56.71","40.52"
"67","000","00","034","3441","0000","1511","1127","384","106","1617","2975","0","54.35","37.88"
"67","000","00","034","3441","0915","701","505","196","50","751","1391","0","53.99","36.3"
"67","000","00","034","3441","0916","810","622","188","56","866","1584","0","54.67","39.27"
"67","000","00","034","3442","0000","1758","1249","509","155","1913","3665","0","52.2","34.08"
"67","000","00","034","3442","0921","912","677","235","102","1014","1793","0","56.55","37.76"
"67","000","00","034","3442","0922","846","572","274","53","899","1872","0","48.02","30.56"
"67","000","00","034","3443","0000","1789","1312","477","122","1911","3596","0","53.14","36.48"
"67","000","00","034","3443","0929","958","715","243","74","1032","1876","0","55.01","38.11"
"67","000","00","034","3443","0930","831","597","234","48","879","1720","0","51.1","34.71"
"67","000","00","034","3444","0000","1966","1535","431","186","2152","4008","0","53.69","38.3"
"67","000","00","034","3444","0864","609","476","133","76","685","1300","0","52.69","36.62"
"67","000","00","034","3444","0865","669","535","134","58","727","1390","0","52.3","38.49"
"67","000","00","034","3444","0866","688","524","164","52","740","1318","0","56.15","39.76"
"67","000","00","034","3445","0000","1880","1375","505","140","2020","3534","0","57.16","38.91"
"67","000","00","034","3445","0855","755","551","204","69","824","1323","0","62.28","41.65"
"67","000","00","034","3445","0856","547","396","151","35","582","1073","0","54.24","36.91"
"67","000","00","034","3445","0857","578","428","150","36","614","1138","0","53.95","37.61"
"67","000","00","034","3446","0000","2637","1964","673","223","2860","5305","0","53.91","37.02"
"67","000","00","034","3446","0874","903","698","205","72","975","1760","0","55.4","39.66"
"67","000","00","034","3446","0875","573","402","171","48","621","1372","0","45.26","29.3"
"67","000","00","034","3446","0876","535","406","129","51","586","1002","0","58.48","40.52"
"67","000","00","034","3446","0877","626","458","168","52","678","1171","0","57.9","39.11"
"67","000","00","034","3447","0000","1703","1213","490","160","1863","3964","0","47.0","30.6"
"67","000","00","034","3447","0891","683","497","186","49","732","1522","0","48.09","32.65"
"67","000","00","034","3447","0892","595","437","158","39","634","1278","0","49.61","34.19"
"67","000","00","034","3447","0893","425","279","146","72","497","1164","0","42.7","23.97"
"67","000","00","034","3448","0000","2345","1834","511","184","2529","4860","0","52.04","37.74"
"67","000","00","034","3448","0878","580","474","106","30","610","1285","0","47.47","36.89"
"67","000","00","034","3448","0879","494","394","100","45","539","1036","0","52.03","38.03"
"67","000","00","034","3448","0880","696","546","150","50","746","1392","0","53.59","39.22"
"67","000","00","034","3448","0881","575","420","155","59","634","1147","0","55.27","36.62"
"67","000","00","034","3449","0000","1337","985","352","98","1435","3085","0","46.52","31.93"
"67","000","00","034","3449","0882","607","451","156","52","659","1526","0","43.18","29.55"
"67","000","00","034","3449","0883","730","534","196","46","776","1559","0","49.78","34.25"
"67","000","00","034","3450","0000","1279","918","361","88","1367","2797","0","48.87","32.82"
"67","000","00","034","3450","0889","637","430","207","70","707","1346","0","52.53","31.95"
"67","000","00","034","3450","0890","642","488","154","18","660","1451","0","45.49","33.63"
"67","000","00","034","3451","0000","1762","1269","493","227","1989","4176","0","47.63","30.39"
"67","000","00","034","3451","0886","715","507","208","112","827","1449","0","57.07","34.99"
"67","000","00","034","3451","0887","536","394","142","34","570","1160","0","49.14","33.97"
"67","000","00","034","3451","0888","511","368","143","81","592","1567","0","37.78","23.48"
"67","000","00","034","3452","0000","1648","1245","403","108","1756","3124","0","56.21","39.85"
"67","000","00","034","3452","0900","777","579","198","31","808","1469","0","55.0","39.41"
"67","000","00","034","3452","0901","871","666","205","77","948","1655","0","57.28","40.24"
"67","000","00","034","3453","0000","2200","1682","518","77","2277","4187","0","54.38","40.17"
"67","000","00","034","3453","0902","672","500","172","39","711","1261","0","56.38","39.65"
"67","000","00","034","3453","0903","708","542","166","32","740","1490","0","49.66","36.38"
"67","000","00","034","3453","0904","820","640","180","6","826","1436","0","57.52","44.57"
"67","000","00","034","3454","0000","1249","905","344","119","1368","2613","0","52.35","34.63"
"67","000","00","034","3454","0911","677","493","184","59","736","1399","0","52.61","35.24"
"67","000","00","034","3454","0912","572","412","160","60","632","1214","0","52.06","33.94"
"67","000","00","034","3455","0000","1206","876","330","90","1296","2212","0","58.59","39.6"
"67","000","00","034","3455","0913","565","417","148","31","596","1064","0","56.02","39.19"
"67","000","00","034","3455","0914","641","459","182","59","700","1148","0","60.98","39.98"
"67","000","00","034","3456","0000","1528","1155","373","89","1617","2992","0","54.04","38.6"
"67","000","00","034","3456","0917","842","642","200","47","889","1595","0","55.74","40.25"
"67","000","00","034","3456","0918","686","513","173","42","728","1397","0","52.11","36.72"
"67","000","00","035","0000","0000","74664","54864","19800","7489","82153","159654","193163","51.46","34.36"
"67","000","00","035","3501","0000","1245","950","295","55","1300","2549","0","51.0","37.27"
"67","000","00","035","3501","0618","1245","950","295","55","1300","2549","0","51.0","37.27"
"67","000","00","035","3502","0000","2104","1599","505","167","2271","4600","0","49.37","34.76"
"67","000","00","035","3502","0624","883","644","239","62","945","2143","0","44.1","30.05"
"67","000","00","035","3502","0625","1221","955","266","105","1326","2457","0","53.97","38.87"
"67","000","00","035","3503","0000","2150","1598","552","175","2325","4477","0","51.93","35.69"
"67","000","00","035","3503","0619","1047","763","284","90","1137","2321","0","48.99","32.87"
"67","000","00","035","3503","0620","1103","835","268","85","1188","2156","0","55.1","38.73"
"67","000","00","035","3504","0000","2343","1753","590","321","2664","4799","0","55.51","36.53"
"67","000","00","035","3504","0621","861","634","227","108","969","1662","0","58.3","38.15"
"67","000","00","035","3504","0622","755","576","179","119","874","1512","0","57.8","38.1"
"67","000","00","035","3504","0623","727","543","184","94","821","1625","0","50.52","33.42"
"67","000","00","035","3505","0000","2188","1604","584","235","2423","4512","0","53.7","35.55"
"67","000","00","035","3505","0626","1065","771","294","132","1197","2148","0","55.73","35.89"
"67","000","00","035","3505","0627","1123","833","290","103","1226","2364","0","51.86","35.24"
"67","000","00","035","3506","0000","1451","1101","350","161","1612","2805","0","57.47","39.25"
"67","000","00","035","3506","0644","782","604","178","59","841","1447","0","58.12","41.74"
"67","000","00","035","3506","0645","669","497","172","102","771","1358","0","56.77","36.6"
"67","000","00","035","3507","0000","1782","1274","508","188","1970","3494","0","56.38","36.46"
"67","000","00","035","3507","0639","855","594","261","109","964","1721","0","56.01","34.51"
"67","000","00","035","3507","0640","927","680","247","79","1006","1773","0","56.74","38.35"
"67","000","00","035","3508","0000","1968","1464","504","183","2151","4546","0","47.32","32.2"
"67","000","00","035","3508","0631","917","683","234","89","1006","2291","0","43.91","29.81"
"67","000","00","035","3508","0632","1051","781","270","94","1145","2255","0","50.78","34.63"
"67","000","00","035","3509","0000","2765","2078","687","243","3008","5977","0","50.33","34.77"
"67","000","00","035","3509","0633","838","614","224","95","933","1940","0","48.09","31.65"
"67","000","00","035","3509","0634","994","746","248","44","1038","2013","0","51.56","37.06"
"67","000","00","035","3509","0635","933","718","215","104","1037","2024","0","51.24","35.47"
"67","000","00","035","3510","0000","2904","2174","730","221","3125","5933","0","52.67","36.64"
"67","000","00","035","3510","0628","810","604","206","51","861","1868","0","46.09","32.33"
"67","000","00","035","3510","0629","968","714","254","88","1056","1797","0","58.76","39.73"
"67","000","00","035","3510","0630","1126","856","270","82","1208","2268","0","53.26","37.74"
"67","000","00","035","3511","0000","1030","781","249","136","1166","2188","0","53.29","35.69"
"67","000","00","035","3511","0654","1030","781","249","136","1166","2188","0","53.29","35.69"
"67","000","00","035","3512","0000","882","254","628","142","1024","1835","0","55.8","13.84"
"67","000","00","035","3512","0659","882","254","628","142","1024","1835","0","55.8","13.84"
"67","000","00","035","3513","0000","2009","1494","515","188","2197","4646","0","47.29","32.16"
"67","000","00","035","3513","0655","1068","801","267","100","1168","2399","0","48.69","33.39"
"67","000","00","035","3513","0656","941","693","248","88","1029","2247","0","45.79","30.84"
"67","000","00","035","3514","0000","635","466","169","85","720","1165","0","61.8","40.0"
"67","000","00","035","3514","0657","635","466","169","85","720","1165","0","61.8","40.0"
"67","000","00","035","3515","0000","2352","1738","614","263","2615","5476","0","47.75","31.74"
"67","000","00","035","3515","0670","601","441","160","94","695","1547","0","44.93","28.51"
"67","000","00","035","3515","0671","805","578","227","93","898","1784","0","50.34","32.4"
"67","000","00","035","3515","0672","946","719","227","76","1022","2145","0","47.65","33.52"
"67","000","00","035","3516","0000","1314","985","329","143","1457","2728","0","53.41","36.11"
"67","000","00","035","3516","0668","860","634","226","82","942","1763","0","53.43","35.96"
"67","000","00","035","3516","0669","454","351","103","61","515","965","0","53.37","36.37"
"67","000","00","035","3517","0000","1059","759","300","156","1215","1978","0","61.43","38.37"
"67","000","00","035","3517","0693","488","340","148","64","552","905","0","60.99","37.57"
"67","000","00","035","3517","0694","571","419","152","92","663","1073","0","61.79","39.05"
"67","000","00","035","3518","0000","3439","2546","893","263","3702","7488","0","49.44","34.0"
"67","000","00","035","3518","0673","1204","922","282","92","1296","2443","0","53.05","37.74"
"67","000","00","035","3518","0674","1056","771","285","65","1121","2565","0","43.7","30.06"
"67","000","00","035","3518","0675","1179","853","326","106","1285","2480","0","51.81","34.4"
"67","000","00","035","3519","0000","544","390","154","76","620","977","0","63.46","39.92"
"67","000","00","035","3519","0662","544","390","154","76","620","977","0","63.46","39.92"
"67","000","00","035","3520","0000","1977","1453","524","226","2203","4517","0","48.77","32.17"
"67","000","00","035","3520","0676","931","692","239","121","1052","2349","0","44.79","29.46"
"67","000","00","035","3520","0677","1046","761","285","105","1151","2168","0","53.09","35.1"
"67","000","00","035","3521","0000","1457","1051","406","170","1627","3228","0","50.4","32.56"
"67","000","00","035","3521","0666","618","442","176","79","697","1319","0","52.84","33.51"
"67","000","00","035","3521","0667","839","609","230","91","930","1909","0","48.72","31.9"
"67","000","00","035","3522","0000","1553","1156","397","135","1688","3339","0","50.55","34.62"
"67","000","00","035","3522","0663","705","517","188","46","751","1642","0","45.74","31.49"
"67","000","00","035","3522","0664","848","639","209","89","937","1697","0","55.22","37.65"
"67","000","00","035","3523","0000","832","644","188","74","906","1966","0","46.08","32.76"
"67","000","00","035","3523","0665","832","644","188","74","906","1966","0","46.08","32.76"
"67","000","00","035","3524","0000","800","625","175","72","872","1501","0","58.09","41.64"
"67","000","00","035","3524","0707","800","625","175","72","872","1501","0","58.09","41.64"
"67","000","00","035","3525","0000","855","594","261","113","968","1797","0","53.87","33.06"
"67","000","00","035","3525","0660","855","594","261","113","968","1797","0","53.87","33.06"
"67","000","00","035","3526","0000","953","711","242","117","1070","2223","0","48.13","31.98"
"67","000","00","035","3526","0661","953","711","242","117","1070","2223","0","48.13","31.98"
"67","000","00","035","3527","0000","819","638","181","86","905","1579","0","57.31","40.41"
"67","000","00","035","3527","0695","819","638","181","86","905","1579","0","57.31","40.41"
"67","000","00","035","3528","0000","603","434","169","34","637","1462","0","43.57","29.69"
"67","000","00","035","3528","0700","603","434","169","34","637","1462","0","43.57","29.69"
"67","000","00","035","3529","0000","524","397","127","71","595","1044","0","56.99","38.03"
"67","000","00","035","3529","0701","524","397","127","71","595","1044","0","56.99","38.03"
"67","000","00","035","3530","0000","1375","1003","372","189","1564","3070","0","50.94","32.67"
"67","000","00","035","3530","0696","839","613","226","127","966","1876","0","51.49","32.68"
"67","000","00","035","3530","0697","536","390","146","62","598","1194","0","50.08","32.66"
"67","000","00","035","3531","0000","613","468","145","29","642","1380","0","46.52","33.91"
"67","000","00","035","3531","0699","613","468","145","29","642","1380","0","46.52","33.91"
"67","000","00","035","3532","0000","508","384","124","35","543","1475","0","36.81","26.03"
"67","000","00","035","3532","0698","508","384","124","35","543","1475","0","36.81","26.03"
"67","000","00","035","3533","0000","703","502","201","90","793","1293","0","61.33","38.82"
"67","000","00","035","3533","0702","337","237","100","58","395","603","0","65.51","39.3"
"67","000","00","035","3533","0703","366","265","101","32","398","690","0","57.68","38.41"
"67","000","00","035","3534","0000","651","469","182","65","716","1447","0","49.48","32.41"
"67","000","00","035","3534","0704","651","469","182","65","716","1447","0","49.48","32.41"
"67","000","00","035","3535","0000","550","426","124","47","597","910","0","65.6","46.81"
"67","000","00","035","3535","0705","550","426","124","47","597","910","0","65.6","46.81"
"67","000","00","035","3536","0000","780","589","191","102","882","1850","0","47.68","31.84"
"67","000","00","035","3536","0706","780","589","191","102","882","1850","0","47.68","31.84"
"67","000","00","035","3537","0000","1012","740","272","102","1114","2143","0","51.98","34.53"
"67","000","00","035","3537","0638","1012","740","272","102","1114","2143","0","51.98","34.53"
"67","000","00","035","3538","0000","1411","1042","369","157","1568","2791","0","56.18","37.33"
"67","000","00","035","3538","0636","871","634","237","107","978","1613","0","60.63","39.31"
"67","000","00","035","3538","0637","540","408","132","50","590","1178","0","50.08","34.63"
"67","000","00","035","3539","0000","2165","1577","588","187","2352","4412","0","53.31","35.74"
"67","000","00","035","3539","0641","694","515","179","33","727","1428","0","50.91","36.06"
"67","000","00","035","3539","0642","812","593","219","80","892","1626","0","54.86","36.47"
"67","000","00","035","3539","0643","659","469","190","74","733","1358","0","53.98","34.54"
"67","000","00","035","3540","0000","1589","1171","418","202","1791","3120","0","57.4","37.53"
"67","000","00","035","3540","0680","882","660","222","127","1009","1627","0","62.02","40.57"
"67","000","00","035","3540","0681","707","511","196","75","782","1493","0","52.38","34.23"
"67","000","00","035","3541","0000","2072","1414","658","211","2283","4273","0","53.43","33.09"
"67","000","00","035","3541","0682","692","495","197","92","784","1397","0","56.12","35.43"
"67","000","00","035","3541","0683","667","396","271","87","754","1416","0","53.25","27.97"
"67","000","00","035","3541","0684","713","523","190","32","745","1460","0","51.03","35.82"
"67","000","00","035","3542","0000","1560","1123","437","145","1705","3661","0","46.57","30.67"
"67","000","00","035","3542","0691","761","541","220","89","850","1815","0","46.83","29.81"
"67","000","00","035","3542","0692","799","582","217","56","855","1846","0","46.32","31.53"
"67","000","00","035","3543","0000","1939","1427","512","126","2065","4437","0","46.54","32.16"
"67","000","00","035","3543","0646","930","678","252","71","1001","2116","0","47.31","32.04"
"67","000","00","035","3543","0647","1009","749","260","55","1064","2321","0","45.84","32.27"
"67","000","00","035","3544","0000","1809","1339","470","150","1959","4044","0","48.44","33.11"
"67","000","00","035","3544","0648","946","725","221","62","1008","2117","0","47.61","34.25"
"67","000","00","035","3544","0649","863","614","249","88","951","1927","0","49.35","31.86"
"67","000","00","035","3545","0000","2028","1469","559","210","2238","4576","0","48.91","32.1"
"67","000","00","035","3545","0650","987","699","288","158","1145","2242","0","51.07","31.18"
"67","000","00","035","3545","0651","1041","770","271","52","1093","2334","0","46.83","32.99"
"67","000","00","035","3546","0000","1834","1372","462","208","2042","3809","0","53.61","36.02"
"67","000","00","035","3546","0686","974","729","245","122","1096","2070","0","52.95","35.22"
"67","000","00","035","3546","0687","860","643","217","86","946","1739","0","54.4","36.98"
"67","000","00","035","3547","0000","1440","1085","355","109","1549","3305","0","46.87","32.83"
"67","000","00","035","3547","0678","776","599","177","49","825","1630","0","50.61","36.75"
"67","000","00","035","3547","0679","664","486","178","60","724","1675","0","43.22","29.01"
"67","000","00","035","3548","0000","692","519","173","72","764","1539","0","49.64","33.72"
"67","000","00","035","3548","0658","692","519","173","72","764","1539","0","49.64","33.72"
"67","000","00","035","3549","0000","901","713","188","58","959","2222","0","43.16","32.09"
"67","000","00","035","3549","0685","901","713","188","58","959","2222","0","43.16","32.09"
"67","000","00","035","3550","0000","2710","2018","692","288","2998","5433","0","55.18","37.14"
"67","000","00","035","3550","0688","813","606","207","118","931","1830","0","50.87","33.11"
"67","000","00","035","3550","0689","964","728","236","90","1054","1803","0","58.46","40.38"
"67","000","00","035","3550","0690","933","684","249","80","1013","1800","0","56.28","38.0"
"67","000","00","035","3551","0000","1785","1303","482","208","1993","3635","0","54.83","35.85"
"67","000","00","035","3551","0652","906","673","233","84","990","1822","0","54.34","36.94"
"67","000","00","035","3551","0653","879","630","249","124","1003","1813","0","55.32","34.75"
"67","000","00","036","0000","0000","25664","19061","6603","1803","27467","55379","66677","49.6","34.42"
"67","000","00","036","3602","0000","903","714","189","84","987","2001","0","49.33","35.68"
"67","000","00","036","3602","1014","903","714","189","84","987","2001","0","49.33","35.68"
"67","000","00","036","3604","0000","167","132","35","12","179","438","0","40.87","30.14"
"67","000","00","036","3604","1007","167","132","35","12","179","438","0","40.87","30.14"
"67","000","00","036","3605","0000","2364","1741","623","148","2512","4954","0","50.71","35.14"
"67","000","00","036","3605","0986","1171","861","310","89","1260","2547","0","49.47","33.8"
"67","000","00","036","3605","0987","1193","880","313","59","1252","2407","0","52.01","36.56"
"67","000","00","036","3606","0000","1884","1388","496","100","1984","4202","0","47.22","33.03"
"67","000","00","036","3606","0988","865","644","221","59","924","2070","0","44.64","31.11"
"67","000","00","036","3606","0989","1019","744","275","41","1060","2132","0","49.72","34.9"
"67","000","00","036","3607","0000","2337","1727","610","127","2464","4810","0","51.23","35.9"
"67","000","00","036","3607","0990","735","553","182","23","758","1450","0","52.28","38.14"
"67","000","00","036","3607","0991","739","554","185","29","768","1605","0","47.85","34.52"
"67","000","00","036","3607","0992","863","620","243","75","938","1755","0","53.45","35.33"
"67","000","00","036","3608","0000","3192","2377","815","203","3395","7011","0","48.42","33.9"
"67","000","00","036","3608","0993","759","557","202","54","813","1728","0","47.05","32.23"
"67","000","00","036","3608","0994","686","496","190","33","719","1754","0","40.99","28.28"
"67","000","00","036","3608","0995","811","619","192","61","872","1686","0","51.72","36.71"
"67","000","00","036","3608","0996","936","705","231","55","991","1843","0","53.77","38.25"
"67","000","00","036","3609","0000","2416","1793","623","205","2621","4994","0","52.48","35.9"
"67","000","00","036","3609","0983","876","638","238","89","965","1753","0","55.05","36.39"
"67","000","00","036","3609","0984","884","680","204","63","947","1859","0","50.94","36.58"
"67","000","00","036","3609","0985","656","475","181","53","709","1382","0","51.3","34.37"
"67","000","00","036","3610","0000","3290","2438","852","235","3525","6842","0","51.52","35.63"
"67","000","00","036","3610","1003","844","644","200","77","921","1675","0","54.99","38.45"
"67","000","00","036","3610","1004","941","674","267","69","1010","1979","0","51.04","34.06"
"67","000","00","036","3610","1005","755","549","206","36","791","1602","0","49.38","34.27"
"67","000","00","036","3610","1006","750","571","179","53","803","1586","0","50.63","36.0"
"67","000","00","036","3611","0000","3435","2627","808","163","3598","7611","0","47.27","34.52"
"67","000","00","036","3611","0999","746","541","205","23","769","1653","0","46.52","32.73"
"67","000","00","036","3611","1000","768","602","166","32","800","1697","0","47.14","35.47"
"67","000","00","036","3611","1001","951","745","206","56","1007","2154","0","46.75","34.59"
"67","000","00","036","3611","1002","970","739","231","52","1022","2107","0","48.5","35.07"
"67","000","00","036","3612","0000","1450","1096","354","88","1538","2853","0","53.91","38.42"
"67","000","00","036","3612","0997","814","612","202","51","865","1565","0","55.27","39.11"
"67","000","00","036","3612","0998","636","484","152","37","673","1288","0","52.25","37.58"
"67","000","00","036","3615","0000","1517","1069","448","138","1655","3403","0","48.63","31.41"
"67","000","00","036","3615","1008","805","575","230","93","898","1780","0","50.45","32.3"
"67","000","00","036","3615","1009","712","494","218","45","757","1623","0","46.64","30.44"
"67","000","00","036","3616","0000","1498","1093","405","164","1662","3443","0","48.27","31.75"
"67","000","00","036","3616","1010","951","703","248","108","1059","2157","0","49.1","32.59"
"67","000","00","036","3616","1011","547","390","157","56","603","1286","0","46.89","30.33"
"67","000","00","036","3617","0000","1211","866","345","136","1347","2817","0","47.82","30.74"
"67","000","00","036","3617","1012","690","478","212","92","782","1492","0","52.41","32.04"
"67","000","00","036","3617","1013","521","388","133","44","565","1325","0","42.64","29.28"
"67","000","00","037","0000","0000","32587","23255","9332","3058","35645","65261","78093","54.62","35.63"
"67","000","00","037","3705","0000","1886","1310","576","227","2113","3854","0","54.83","33.99"
"67","000","00","037","3705","0931","669","464","205","65","734","1332","0","55.11","34.83"
"67","000","00","037","3705","0932","628","438","190","84","712","1246","0","57.14","35.15"
"67","000","00","037","3705","0933","589","408","181","78","667","1276","0","52.27","31.97"
"67","000","00","037","3707","0000","1592","1152","440","123","1715","3047","0","56.28","37.81"
"67","000","00","037","3707","0934","818","593","225","64","882","1583","0","55.72","37.46"
"67","000","00","037","3707","0935","774","559","215","59","833","1464","0","56.9","38.18"
"67","000","00","037","3709","0000","1328","909","419","83","1411","2602","0","54.23","34.93"
"67","000","00","037","3709","0936","600","402","198","28","628","1234","0","50.89","32.58"
"67","000","00","037","3709","0937","728","507","221","55","783","1368","0","57.24","37.06"
"67","000","00","037","3711","0000","1122","785","337","114","1236","2538","0","48.7","30.93"
"67","000","00","037","3711","0938","554","400","154","42","596","1322","0","45.08","30.26"
"67","000","00","037","3711","0939","568","385","183","72","640","1216","0","52.63","31.66"
"67","000","00","037","3716","0000","1240","859","381","107","1347","2526","0","53.33","34.01"
"67","000","00","037","3716","0940","608","412","196","48","656","1289","0","50.89","31.96"
"67","000","00","037","3716","0941","632","447","185","59","691","1237","0","55.86","36.14"
"67","000","00","037","3722","0000","1684","1192","492","174","1858","3455","0","53.78","34.5"
"67","000","00","037","3722","0942","510","342","168","39","549","1189","0","46.17","28.76"
"67","000","00","037","3722","0943","601","422","179","72","673","1201","0","56.04","35.14"
"67","000","00","037","3722","0944","573","428","145","63","636","1065","0","59.72","40.19"
"67","000","00","037","3725","0000","1908","1408","500","160","2068","3505","0","59.0","40.17"
"67","000","00","037","3725","0945","540","404","136","57","597","1055","0","56.59","38.29"
"67","000","00","037","3725","0946","667","476","191","45","712","1170","0","60.85","40.68"
"67","000","00","037","3725","0947","701","528","173","58","759","1280","0","59.3","41.25"
"67","000","00","037","3731","0000","1316","941","375","121","1437","2515","0","57.14","37.42"
"67","000","00","037","3731","0948","642","448","194","46","688","1223","0","56.26","36.63"
"67","000","00","037","3731","0949","674","493","181","75","749","1292","0","57.97","38.16"
"67","000","00","037","3733","0000","2862","2096","766","207","3069","5398","0","56.85","38.83"
"67","000","00","037","3733","0950","549","399","150","22","571","993","0","57.5","40.18"
"67","000","00","037","3733","0951","762","554","208","63","825","1541","0","53.54","35.95"
"67","000","00","037","3733","0952","901","663","238","85","986","1652","0","59.69","40.13"
"67","000","00","037","3733","0953","650","480","170","37","687","1212","0","56.68","39.6"
"67","000","00","037","3734","0000","2478","1760","718","215","2693","4876","0","55.23","36.1"
"67","000","00","037","3734","0954","838","603","235","83","921","1621","0","56.82","37.2"
"67","000","00","037","3734","0955","852","594","258","57","909","1660","0","54.76","35.78"
"67","000","00","037","3734","0956","788","563","225","75","863","1595","0","54.11","35.3"
"67","000","00","037","3739","0000","1816","1288","528","194","2010","3557","0","56.51","36.21"
"67","000","00","037","3739","0957","693","488","205","69","762","1436","0","53.06","33.98"
"67","000","00","037","3739","0958","652","461","191","71","723","1265","0","57.15","36.44"
"67","000","00","037","3739","0959","471","339","132","54","525","856","0","61.33","39.6"
"67","000","00","037","3740","0000","1719","1219","500","176","1895","3297","0","57.48","36.97"
"67","000","00","037","3740","0960","558","382","176","56","614","1168","0","52.57","32.71"
"67","000","00","037","3740","0961","603","435","168","55","658","1134","0","58.02","38.36"
"67","000","00","037","3740","0962","558","402","156","65","623","995","0","62.61","40.4"
"67","000","00","037","3741","0000","1442","1078","364","111","1553","2578","0","60.24","41.82"
"67","000","00","037","3741","0963","750","584","166","55","805","1313","0","61.31","44.48"
"67","000","00","037","3741","0964","692","494","198","56","748","1265","0","59.13","39.05"
"67","000","00","037","3742","0000","1544","1099","445","167","1711","3150","0","54.32","34.89"
"67","000","00","037","3742","0965","595","422","173","56","651","1215","0","53.58","34.73"
"67","000","00","037","3742","0966","618","466","152","65","683","1248","0","54.73","37.34"
"67","000","00","037","3742","0967","331","211","120","46","377","687","0","54.88","30.71"
"67","000","00","037","3743","0000","1055","774","281","145","1200","2110","0","56.87","36.68"
"67","000","00","037","3743","0968","544","387","157","90","634","1139","0","55.66","33.98"
"67","000","00","037","3743","0969","511","387","124","55","566","971","0","58.29","39.86"
"67","000","00","037","3744","0000","1770","1280","490","189","1959","3978","0","49.25","32.18"
"67","000","00","037","3744","0970","479","344","135","64","543","1254","0","43.3","27.43"
"67","000","00","037","3744","0971","478","340","138","52","530","979","0","54.14","34.73"
"67","000","00","037","3744","0972","813","596","217","73","886","1745","0","50.77","34.15"
"67","000","00","037","3745","0000","1196","825","371","91","1287","2510","0","51.27","32.87"
"67","000","00","037","3745","0973","536","365","171","43","579","1074","0","53.91","33.99"
"67","000","00","037","3745","0974","660","460","200","48","708","1436","0","49.3","32.03"
"67","000","00","037","3746","0000","1008","701","307","116","1124","2029","0","55.4","34.55"
"67","000","00","037","3746","0975","431","288","143","58","489","865","0","56.53","33.29"
"67","000","00","037","3746","0976","577","413","164","58","635","1164","0","54.55","35.48"
"67","000","00","037","3747","0000","1751","1232","519","158","1909","4067","0","46.94","30.29"
"67","000","00","037","3747","0977","558","386","172","39","597","1285","0","46.46","30.04"
"67","000","00","037","3747","0978","535","376","159","56","591","1078","0","54.82","34.88"
"67","000","00","037","3747","0979","658","470","188","63","721","1704","0","42.31","27.58"
"67","000","00","037","3748","0000","1870","1347","523","180","2050","3669","0","55.87","36.71"
"67","000","00","037","3748","0980","667","471","196","87","754","1296","0","58.18","36.34"
"67","000","00","037","3748","0981","569","429","140","51","620","1128","0","54.96","38.03"
"67","000","00","037","3748","0982","634","447","187","42","676","1245","0","54.3","35.9"
"64","000","00","000","0000","0000","1252565","944727","307838","100943","1353508","2353342","2772624","57.51","40.14"
"64","000","00","001","0000","0000","11192","8031","3161","705","11897","21617","24098","55.04","37.15"
"64","000","00","001","0101","0000","742","530","212","62","804","1304","0","61.66","40.64"
"64","000","00","001","0101","0845","742","530","212","62","804","1304","0","61.66","40.64"
"64","000","00","001","0102","0000","192","141","51","25","217","357","0","60.78","39.5"
"64","000","00","001","0102","0846","192","141","51","25","217","357","0","60.78","39.5"
"64","000","00","001","0103","0000","345","240","105","28","373","651","0","57.3","36.87"
"64","000","00","001","0103","0847","345","240","105","28","373","651","0","57.3","36.87"
"64","000","00","001","0104","0000","607","444","163","32","639","1322","0","48.34","33.59"
"64","000","00","001","0104","0848","607","444","163","32","639","1322","0","48.34","33.59"
"64","000","00","001","0105","0000","563","422","141","27","590","1056","0","55.87","39.96"
"64","000","00","001","0105","0849","563","422","141","27","590","1056","0","55.87","39.96"
"64","000","00","001","0106","0000","1069","771","298","51","1120","2034","0","55.06","37.91"
"64","000","00","001","0106","0850","499","348","151","19","518","904","0","57.3","38.5"
"64","000","00","001","0106","0851","570","423","147","32","602","1130","0","53.27","37.43"
"64","000","00","001","0107","0000","472","370","102","23","495","840","0","58.93","44.05"
"64","000","00","001","0107","0852","472","370","102","23","495","840","0","58.93","44.05"
"64","000","00","001","0108","0000","402","277","125","33","435","616","0","70.62","44.97"
"64","000","00","001","0108","0853","402","277","125","33","435","616","0","70.62","44.97"
"64","000","00","001","0109","0000","669","471","198","43","712","1397","0","50.97","33.72"
"64","000","00","001","0109","0854","669","471","198","43","712","1397","0","50.97","33.72"
"64","000","00","001","0110","0000","409","283","126","18","427","766","0","55.74","36.95"
"64","000","00","001","0110","0855","409","283","126","18","427","766","0","55.74","36.95"
"64","000","00","001","0111","0000","938","680","258","61","999","1644","0","60.77","41.36"
"64","000","00","001","0111","0856","475","343","132","43","518","839","0","61.74","40.88"
"64","000","00","001","0111","0857","463","337","126","18","481","805","0","59.75","41.86"
"64","000","00","001","0112","0000","375","275","100","23","398","750","0","53.07","36.67"
"64","000","00","001","0112","0858","375","275","100","23","398","750","0","53.07","36.67"
"64","000","00","001","0113","0000","495","353","142","38","533","986","0","54.06","35.8"
"64","000","00","001","0113","0859","495","353","142","38","533","986","0","54.06","35.8"
"64","000","00","001","0114","0000","481","361","120","13","494","1068","0","46.25","33.8"
"64","000","00","001","0114","0860","481","361","120","13","494","1068","0","46.25","33.8"
"64","000","00","001","0115","0000","571","397","174","59","630","1060","0","59.43","37.45"
"64","000","00","001","0115","0861","571","397","174","59","630","1060","0","59.43","37.45"
"64","000","00","001","0116","0000","402","289","113","38","440","805","0","54.66","35.9"
"64","000","00","001","0116","0862","402","289","113","38","440","805","0","54.66","35.9"
"64","000","00","001","0117","0000","925","658","267","52","977","1994","0","49.0","33.0"
"64","000","00","001","0117","0863","494","359","135","18","512","1073","0","47.72","33.46"
"64","000","00","001","0117","0864","431","299","132","34","465","921","0","50.49","32.46"
"64","000","00","001","0118","0000","599","436","163","23","622","1171","0","53.12","37.23"
"64","000","00","001","0118","0865","599","436","163","23","622","1171","0","53.12","37.23"
"64","000","00","001","0119","0000","316","205","111","22","338","594","0","56.9","34.51"
"64","000","00","001","0119","0866","316","205","111","22","338","594","0","56.9","34.51"
"64","000","00","001","0120","0000","326","241","85","19","345","592","0","58.28","40.71"
"64","000","00","001","0120","0867","326","241","85","19","345","592","0","58.28","40.71"
"64","000","00","001","0121","0000","294","187","107","15","309","610","0","50.66","30.66"
"64","000","00","001","0121","0868","294","187","107","15","309","610","0","50.66","30.66"
"64","000","00","002","0000","0000","62685","47801","14884","4110","66795","114979","139894","58.09","41.57"
"64","000","00","002","0201","0000","1067","833","234","79","1146","1959","0","58.5","42.52"
"64","000","00","002","0201","0768","465","361","104","25","490","959","0","51.09","37.64"
"64","000","00","002","0201","0769","602","472","130","54","656","1000","0","65.6","47.2"
"64","000","00","002","0202","0000","1146","930","216","68","1214","1995","0","60.85","46.62"
"64","000","00","002","0202","0770","490","392","98","13","503","910","0","55.27","43.08"
"64","000","00","002","0202","0771","656","538","118","55","711","1085","0","65.53","49.59"
"64","000","00","002","0203","0000","2212","1721","491","153","2365","4147","0","57.03","41.5"
"64","000","00","002","0203","0772","653","490","163","51","704","1484","0","47.44","33.02"
"64","000","00","002","0203","0773","780","621","159","31","811","1393","0","58.22","44.58"
"64","000","00","002","0203","0774","779","610","169","71","850","1270","0","66.93","48.03"
"64","000","00","002","0204","0000","1833","1347","486","133","1966","3402","0","57.79","39.59"
"64","000","00","002","0204","0775","534","402","132","47","581","1055","0","55.07","38.1"
"64","000","00","002","0204","0776","615","450","165","35","650","1172","0","55.46","38.4"
"64","000","00","002","0204","0777","684","495","189","51","735","1175","0","62.55","42.13"
"64","000","00","002","0205","0000","693","499","194","47","740","1274","0","58.08","39.17"
"64","000","00","002","0205","0778","693","499","194","47","740","1274","0","58.08","39.17"
"64","000","00","002","0206","0000","504","381","123","52","556","1085","0","51.24","35.12"
"64","000","00","002","0206","0779","504","381","123","52","556","1085","0","51.24","35.12"
"64","000","00","002","0207","0000","1342","996","346","120","1462","2444","0","59.82","40.75"
"64","000","00","002","0207","0780","758","579","179","69","827","1470","0","56.26","39.39"
"64","000","00","002","0207","0781","584","417","167","51","635","974","0","65.2","42.81"
"64","000","00","002","0208","0000","2000","1476","524","185","2185","3719","0","58.75","39.69"
"64","000","00","002","0208","0782","708","523","185","87","795","1275","0","62.35","41.02"
"64","000","00","002","0208","0783","617","445","172","67","684","1206","0","56.72","36.9"
"64","000","00","002","0208","0784","675","508","167","31","706","1238","0","57.03","41.03"
"64","000","00","002","0209","0000","477","436","41","19","496","721","0","68.79","60.47"
"64","000","00","002","0209","0785","477","436","41","19","496","721","0","68.79","60.47"
"64","000","00","002","0210","0000","608","460","148","35","643","1220","0","52.7","37.7"
"64","000","00","002","0210","0786","608","460","148","35","643","1220","0","52.7","37.7"
"64","000","00","002","0211","0000","865","645","220","46","911","1966","0","46.34","32.81"
"64","000","00","002","0211","0787","865","645","220","46","911","1966","0","46.34","32.81"
"64","000","00","002","0212","0000","1662","1213","449","107","1769","3442","0","51.39","35.24"
"64","000","00","002","0212","0788","825","580","245","78","903","1722","0","52.44","33.68"
"64","000","00","002","0212","0789","837","633","204","29","866","1720","0","50.35","36.8"
"64","000","00","002","0213","0000","1278","952","326","153","1431","2656","0","53.88","35.84"
"64","000","00","002","0213","0790","692","518","174","109","801","1287","0","62.24","40.25"
"64","000","00","002","0213","0791","586","434","152","44","630","1369","0","46.02","31.7"
"64","000","00","002","0214","0000","1582","1231","351","95","1677","2992","0","56.05","41.14"
"64","000","00","002","0214","0792","705","539","166","37","742","1222","0","60.72","44.11"
"64","000","00","002","0214","0793","877","692","185","58","935","1770","0","52.82","39.1"
"64","000","00","002","0215","0000","8382","6364","2018","438","8820","14867","0","59.33","42.81"
"64","000","00","002","0215","0794","974","771","203","48","1022","1860","0","54.95","41.45"
"64","000","00","002","0215","0795","990","749","241","58","1048","1857","0","56.44","40.33"
"64","000","00","002","0215","0796","1019","766","253","54","1073","1841","0","58.28","41.61"
"64","000","00","002","0215","0797","1049","799","250","71","1120","1830","0","61.2","43.66"
"64","000","00","002","0215","0798","1003","766","237","69","1072","1809","0","59.26","42.34"
"64","000","00","002","0215","0799","1085","854","231","51","1136","1894","0","59.98","45.09"
"64","000","00","002","0215","0800","1119","835","284","25","1144","1882","0","60.79","44.37"
"64","000","00","002","0215","0801","1143","824","319","62","1205","1894","0","63.62","43.51"
"64","000","00","002","0216","0000","12336","9438","2898","547","12883","20876","0","61.71","45.21"
"64","000","00","002","0216","0802","967","760","207","45","1012","1745","0","57.99","43.55"
"64","000","00","002","0216","0803","1010","825","185","26","1036","1887","0","54.9","43.72"
"64","000","00","002","0216","0804","1161","867","294","61","1222","1891","0","64.62","45.85"
"64","000","00","002","0216","0805","1101","839","262","60","1161","1903","0","61.01","44.09"
"64","000","00","002","0216","0806","1163","833","330","49","1212","1998","0","60.66","41.69"
"64","000","00","002","0216","0807","1110","850","260","67","1177","1912","0","61.56","44.46"
"64","000","00","002","0216","0808","1124","864","260","75","1199","1923","0","62.35","44.93"
"64","000","00","002","0216","0809","1130","859","271","38","1168","1888","0","61.86","45.5"
"64","000","00","002","0216","0810","1128","873","255","19","1147","1873","0","61.24","46.61"
"64","000","00","002","0216","0811","1265","951","314","48","1313","1959","0","67.02","48.55"
"64","000","00","002","0216","0812","1177","917","260","59","1236","1897","0","65.16","48.34"
"64","000","00","002","0217","0000","9176","7288","1888","404","9580","16100","0","59.5","45.27"
"64","000","00","002","0217","0813","1376","1076","300","47","1423","2362","0","60.25","45.55"
"64","000","00","002","0217","0814","1073","841","232","77","1150","1850","0","62.16","45.46"
"64","000","00","002","0217","0815","1139","1072","67","35","1174","1928","0","60.89","55.6"
"64","000","00","002","0217","0816","1055","842","213","37","1092","1937","0","56.38","43.47"
"64","000","00","002","0217","0817","1180","918","262","75","1255","2123","0","59.11","43.24"
"64","000","00","002","0217","0818","1059","785","274","39","1098","1861","0","59.0","42.18"
"64","000","00","002","0217","0819","1048","823","225","38","1086","1892","0","57.4","43.5"
"64","000","00","002","0217","0820","1246","931","315","56","1302","2147","0","60.64","43.36"
"64","000","00","002","0218","0000","2241","1713","528","76","2317","3938","0","58.84","43.5"
"64","000","00","002","0218","0821","1113","880","233","46","1159","1897","0","61.1","46.39"
"64","000","00","002","0218","0822","1128","833","295","30","1158","2041","0","56.74","40.81"
"64","000","00","002","0219","0000","1793","1363","430","119","1912","3176","0","60.2","42.92"
"64","000","00","002","0219","0823","719","567","152","55","774","1309","0","59.13","43.32"
"64","000","00","002","0219","0824","1074","796","278","64","1138","1867","0","60.95","42.64"
"64","000","00","002","0220","0000","1578","1237","341","104","1682","2556","0","65.81","48.4"
"64","000","00","002","0220","0825","736","580","156","45","781","1152","0","67.8","50.35"
"64","000","00","002","0220","0826","842","657","185","59","901","1404","0","64.17","46.79"
"64","000","00","002","0221","0000","419","322","97","27","446","1210","0","36.86","26.61"
"64","000","00","002","0221","0827","419","322","97","27","446","1210","0","36.86","26.61"
"64","000","00","002","0222","0000","577","399","178","51","628","1135","0","55.33","35.15"
"64","000","00","002","0222","0828","577","399","178","51","628","1135","0","55.33","35.15"
"64","000","00","002","0223","0000","578","430","148","84","662","1831","0","36.16","23.48"
"64","000","00","002","0223","0829","578","430","148","84","662","1831","0","36.16","23.48"
"64","000","00","002","0224","0000","680","526","154","76","756","1288","0","58.7","40.84"
"64","000","00","002","0224","0830","680","526","154","76","756","1288","0","58.7","40.84"
"64","000","00","002","0225","0000","615","476","139","40","655","1241","0","52.78","38.36"
"64","000","00","002","0225","0831","615","476","139","40","655","1241","0","52.78","38.36"
"64","000","00","002","0226","0000","740","568","172","83","823","1342","0","61.33","42.32"
"64","000","00","002","0226","0832","740","568","172","83","823","1342","0","61.33","42.32"
"64","000","00","002","0227","0000","763","555","208","105","868","1422","0","61.04","39.03"
"64","000","00","002","0227","0833","763","555","208","105","868","1422","0","61.04","39.03"
"64","000","00","002","0228","0000","813","617","196","104","917","1453","0","63.11","42.46"
"64","000","00","002","0228","0834","813","617","196","104","917","1453","0","63.11","42.46"
"64","000","00","002","0229","0000","349","246","103","49","398","616","0","64.61","39.94"
"64","000","00","002","0229","0835","349","246","103","49","398","616","0","64.61","39.94"
"64","000","00","002","0230","0000","420","292","128","81","501","834","0","60.07","35.01"
"64","000","00","002","0230","0836","420","292","128","81","501","834","0","60.07","35.01"
"64","000","00","002","0231","0000","493","349","144","60","553","969","0","57.07","36.02"
"64","000","00","002","0231","0837","493","349","144","60","553","969","0","57.07","36.02"
"64","000","00","002","0232","0000","482","335","147","88","570","978","0","58.28","34.25"
"64","000","00","002","0232","0838","482","335","147","88","570","978","0","58.28","34.25"
"64","000","00","002","0233","0000","412","282","130","74","486","760","0","63.95","37.11"
"64","000","00","002","0233","0839","412","282","130","74","486","760","0","63.95","37.11"
"64","000","00","002","0234","0000","668","491","177","71","739","1248","0","59.21","39.34"
"64","000","00","002","0234","0840","668","491","177","71","739","1248","0","59.21","39.34"
"64","000","00","002","0235","0000","534","369","165","23","557","1143","0","48.73","32.28"
"64","000","00","002","0235","0841","534","369","165","23","557","1143","0","48.73","32.28"
"64","000","00","002","0236","0000","592","439","153","80","672","1358","0","49.48","32.33"
"64","000","00","002","0236","0842","592","439","153","80","672","1358","0","49.48","32.33"
"64","000","00","002","0237","0000","490","386","104","19","509","1036","0","49.13","37.26"
"64","000","00","002","0237","0843","490","386","104","19","509","1036","0","49.13","37.26"
"64","000","00","002","0238","0000","285","196","89","15","300","580","0","51.72","33.79"
"64","000","00","002","0238","0844","285","196","89","15","300","580","0","51.72","33.79"
"64","000","00","003","0000","0000","90469","70034","20435","5819","96288","161367","196749","59.67","43.4"
"64","000","00","003","0301","0000","798","509","289","75","873","2604","0","33.53","19.55"
"64","000","00","003","0301","0534","798","509","289","75","873","2604","0","33.53","19.55"
"64","000","00","003","0302","0000","551","397","154","93","644","1037","0","62.1","38.28"
"64","000","00","003","0302","0535","551","397","154","93","644","1037","0","62.1","38.28"
"64","000","00","003","0303","0000","298","231","67","53","351","542","0","64.76","42.62"
"64","000","00","003","0303","0536","298","231","67","53","351","542","0","64.76","42.62"
"64","000","00","003","0304","0000","326","224","102","59","385","635","0","60.63","35.28"
"64","000","00","003","0304","0537","326","224","102","59","385","635","0","60.63","35.28"
"64","000","00","003","0305","0000","221","165","56","20","241","518","0","46.53","31.85"
"64","000","00","003","0305","0538","221","165","56","20","241","518","0","46.53","31.85"
"64","000","00","003","0306","0000","366","250","116","73","439","813","0","54.0","30.75"
"64","000","00","003","0306","0539","366","250","116","73","439","813","0","54.0","30.75"
"64","000","00","003","0307","0000","444","295","149","91","535","889","0","60.18","33.18"
"64","000","00","003","0307","0540","444","295","149","91","535","889","0","60.18","33.18"
"64","000","00","003","0308","0000","387","276","111","84","471","731","0","64.43","37.76"
"64","000","00","003","0308","0541","387","276","111","84","471","731","0","64.43","37.76"
"64","000","00","003","0309","0000","1643","1219","424","115","1758","3301","0","53.26","36.93"
"64","000","00","003","0309","0542","740","539","201","57","797","1592","0","50.06","33.86"
"64","000","00","003","0309","0543","903","680","223","58","961","1709","0","56.23","39.79"
"64","000","00","003","0311","0000","856","700","156","67","923","1588","0","58.12","44.08"
"64","000","00","003","0311","0544","856","700","156","67","923","1588","0","58.12","44.08"
"64","000","00","003","0312","0000","185","166","19","10","195","358","0","54.47","46.37"
"64","000","00","003","0312","0545","185","166","19","10","195","358","0","54.47","46.37"
"64","000","00","003","0313","0000","439","389","50","17","456","666","0","68.47","58.41"
"64","000","00","003","0313","0546","439","389","50","17","456","666","0","68.47","58.41"
"64","000","00","003","0315","0000","909","727","182","74","983","1748","0","56.24","41.59"
"64","000","00","003","0315","0547","909","727","182","74","983","1748","0","56.24","41.59"
"64","000","00","003","0316","0000","1403","1097","306","146","1549","2436","0","63.59","45.03"
"64","000","00","003","0316","0548","691","550","141","76","767","1196","0","64.13","45.99"
"64","000","00","003","0316","0549","712","547","165","70","782","1240","0","63.06","44.11"
"64","000","00","003","0317","0000","1537","1355","182","81","1618","2575","0","62.83","52.62"
"64","000","00","003","0317","0550","823","720","103","48","871","1402","0","62.13","51.36"
"64","000","00","003","0317","0551","714","635","79","33","747","1173","0","63.68","54.13"
"64","000","00","003","0319","0000","434","366","68","25","459","641","0","71.61","57.1"
"64","000","00","003","0319","0552","434","366","68","25","459","641","0","71.61","57.1"
"64","000","00","003","0321","0000","464","317","147","53","517","951","0","54.36","33.33"
"64","000","00","003","0321","0553","464","317","147","53","517","951","0","54.36","33.33"
"64","000","00","003","0322","0000","368","258","110","50","418","732","0","57.1","35.25"
"64","000","00","003","0322","0554","368","258","110","50","418","732","0","57.1","35.25"
"64","000","00","003","0323","0000","161","108","53","16","177","339","0","52.21","31.86"
"64","000","00","003","0323","0555","161","108","53","16","177","339","0","52.21","31.86"
"64","000","00","003","0324","0000","269","200","69","20","289","519","0","55.68","38.54"
"64","000","00","003","0324","0556","269","200","69","20","289","519","0","55.68","38.54"
"64","000","00","003","0325","0000","280","187","93","62","342","514","0","66.54","36.38"
"64","000","00","003","0325","0557","280","187","93","62","342","514","0","66.54","36.38"
"64","000","00","003","0326","0000","389","295","94","68","457","720","0","63.47","40.97"
"64","000","00","003","0326","0558","389","295","94","68","457","720","0","63.47","40.97"
"64","000","00","003","0327","0000","212","148","64","57","269","411","0","65.45","36.01"
"64","000","00","003","0327","0559","212","148","64","57","269","411","0","65.45","36.01"
"64","000","00","003","0328","0000","350","238","112","45","395","603","0","65.51","39.47"
"64","000","00","003","0328","0560","350","238","112","45","395","603","0","65.51","39.47"
"64","000","00","003","0329","0000","479","340","139","87","566","904","0","62.61","37.61"
"64","000","00","003","0329","0561","479","340","139","87","566","904","0","62.61","37.61"
"64","000","00","003","0330","0000","598","478","120","56","654","1318","0","49.62","36.27"
"64","000","00","003","0330","0562","598","478","120","56","654","1318","0","49.62","36.27"
"64","000","00","003","0331","0000","454","338","116","34","488","966","0","50.52","34.99"
"64","000","00","003","0331","0563","454","338","116","34","488","966","0","50.52","34.99"
"64","000","00","003","0332","0000","3214","2753","461","213","3427","5792","0","59.17","47.53"
"64","000","00","003","0332","0564","801","673","128","45","846","1440","0","58.75","46.74"
"64","000","00","003","0332","0565","1059","901","158","58","1117","1990","0","56.13","45.28"
"64","000","00","003","0332","0566","629","554","75","42","671","1090","0","61.56","50.83"
"64","000","00","003","0332","0567","725","625","100","68","793","1272","0","62.34","49.14"
"64","000","00","003","0334","0000","1862","1474","388","71","1933","3059","0","63.19","48.19"
"64","000","00","003","0334","0568","939","756","183","31","970","1558","0","62.26","48.52"
"64","000","00","003","0334","0569","923","718","205","40","963","1501","0","64.16","47.83"
"64","000","00","003","0335","0000","235","197","38","12","247","360","0","68.61","54.72"
"64","000","00","003","0335","0570","235","197","38","12","247","360","0","68.61","54.72"
"64","000","00","003","0336","0000","1515","1316","199","61","1576","2694","0","58.5","48.85"
"64","000","00","003","0336","0571","752","672","80","36","788","1335","0","59.03","50.34"
"64","000","00","003","0336","0572","763","644","119","25","788","1359","0","57.98","47.39"
"64","000","00","003","0337","0000","863","712","151","64","927","1487","0","62.34","47.88"
"64","000","00","003","0337","0573","863","712","151","64","927","1487","0","62.34","47.88"
"64","000","00","003","0338","0000","864","703","161","63","927","1637","0","56.63","42.94"
"64","000","00","003","0338","0574","864","703","161","63","927","1637","0","56.63","42.94"
"64","000","00","003","0339","0000","7603","5903","1700","523","8126","13089","0","62.08","45.1"
"64","000","00","003","0339","0575","936","754","182","50","986","1553","0","63.49","48.55"
"64","000","00","003","0339","0576","916","689","227","79","995","1564","0","63.62","44.05"
"64","000","00","003","0339","0577","1087","847","240","72","1159","1788","0","64.82","47.37"
"64","000","00","003","0339","0578","1152","886","266","89","1241","2028","0","61.19","43.69"
"64","000","00","003","0339","0579","1124","844","280","101","1225","2037","0","60.14","41.43"
"64","000","00","003","0339","0580","1228","962","266","64","1292","2101","0","61.49","45.79"
"64","000","00","003","0339","0581","1160","921","239","68","1228","2018","0","60.85","45.64"
"64","000","00","003","0340","0000","14346","10693","3653","779","15125","25058","0","60.36","42.67"
"64","000","00","003","0340","0582","1145","815","330","93","1238","1925","0","64.31","42.34"
"64","000","00","003","0340","0583","1100","800","300","42","1142","1989","0","57.42","40.22"
"64","000","00","003","0340","0584","884","666","218","40","924","1780","0","51.91","37.42"
"64","000","00","003","0340","0585","1040","770","270","40","1080","1778","0","60.74","43.31"
"64","000","00","003","0340","0586","881","689","192","33","914","1496","0","61.1","46.06"
"64","000","00","003","0340","0587","917","677","240","55","972","1538","0","63.2","44.02"
"64","000","00","003","0340","0588","1179","893","286","73","1252","2058","0","60.84","43.39"
"64","000","00","003","0340","0589","1128","843","285","40","1168","1992","0","58.63","42.32"
"64","000","00","003","0340","0590","1183","885","298","81","1264","2058","0","61.42","43.0"
"64","000","00","003","0340","0591","1205","917","288","60","1265","2090","0","60.53","43.88"
"64","000","00","003","0340","0592","1186","875","311","81","1267","2157","0","58.74","40.57"
"64","000","00","003","0340","0593","1243","939","304","58","1301","2096","0","62.07","44.8"
"64","000","00","003","0340","0594","1255","924","331","83","1338","2101","0","63.68","43.98"
"64","000","00","003","0341","0000","2663","1944","719","284","2947","4843","0","60.85","40.14"
"64","000","00","003","0341","0595","907","689","218","85","992","1649","0","60.16","41.78"
"64","000","00","003","0341","0596","793","528","265","102","895","1516","0","59.04","34.83"
"64","000","00","003","0341","0597","963","727","236","97","1060","1678","0","63.17","43.33"
"64","000","00","003","0342","0000","7310","5644","1666","384","7694","13054","0","58.94","43.24"
"64","000","00","003","0342","0598","1080","793","287","98","1178","1898","0","62.07","41.78"
"64","000","00","003","0342","0599","986","747","239","61","1047","1837","0","57.0","40.66"
"64","000","00","003","0342","0600","999","767","232","42","1041","1922","0","54.16","39.91"
"64","000","00","003","0342","0601","1042","801","241","61","1103","1785","0","61.79","44.87"
"64","000","00","003","0342","0602","1024","817","207","32","1056","1886","0","55.99","43.32"
"64","000","00","003","0342","0603","1108","870","238","50","1158","1895","0","61.11","45.91"
"64","000","00","003","0342","0604","1071","849","222","40","1111","1831","0","60.68","46.37"
"64","000","00","003","0343","0000","15999","12369","3630","776","16775","27814","0","60.31","44.47"
"64","000","00","003","0343","0605","1122","855","267","47","1169","2050","0","57.02","41.71"
"64","000","00","003","0343","0606","1405","1085","320","64","1469","2251","0","65.26","48.2"
"64","000","00","003","0343","0607","1274","983","291","45","1319","2126","0","62.04","46.24"
"64","000","00","003","0343","0608","1017","782","235","32","1049","1928","0","54.41","40.56"
"64","000","00","003","0343","0609","1169","872","297","68","1237","2166","0","57.11","40.26"
"64","000","00","003","0343","0610","1158","918","240","63","1221","2031","0","60.12","45.2"
"64","000","00","003","0343","0611","1165","910","255","60","1225","1987","0","61.65","45.8"
"64","000","00","003","0343","0612","1272","989","283","42","1314","2166","0","60.66","45.66"
"64","000","00","003","0343","0613","1060","804","256","77","1137","1856","0","61.26","43.32"
"64","000","00","003","0343","0614","1336","1011","325","60","1396","2289","0","60.99","44.17"
"64","000","00","003","0343","0615","1126","881","245","49","1175","1973","0","59.55","44.65"
"64","000","00","003","0343","0616","1034","802","232","93","1127","1818","0","61.99","44.11"
"64","000","00","003","0343","0617","858","666","192","31","889","1565","0","56.81","42.56"
"64","000","00","003","0343","0618","1003","811","192","45","1048","1608","0","65.17","50.44"
"64","000","00","003","0344","0000","19174","15053","4121","958","20132","33421","0","60.24","45.04"
"64","000","00","003","0344","0619","1104","864","240","71","1175","1812","0","64.85","47.68"
"64","000","00","003","0344","0620","963","768","195","25","988","1821","0","54.26","42.17"
"64","000","00","003","0344","0621","1108","840","268","72","1180","1907","0","61.88","44.05"
"64","000","00","003","0344","0622","996","829","167","53","1049","1812","0","57.89","45.75"
"64","000","00","003","0344","0623","1103","876","227","50","1153","1833","0","62.9","47.79"
"64","000","00","003","0344","0624","1082","818","264","72","1154","1850","0","62.38","44.22"
"64","000","00","003","0344","0625","947","737","210","79","1026","1738","0","59.03","42.41"
"64","000","00","003","0344","0626","1135","888","247","62","1197","1864","0","64.22","47.64"
"64","000","00","003","0344","0627","1127","873","254","63","1190","1887","0","63.06","46.26"
"64","000","00","003","0344","0628","1013","810","203","31","1044","1870","0","55.83","43.32"
"64","000","00","003","0344","0629","1050","849","201","32","1082","1866","0","57.98","45.5"
"64","000","00","003","0344","0630","1036","798","238","22","1058","1862","0","56.82","42.86"
"64","000","00","003","0344","0631","1056","834","222","39","1095","1816","0","60.3","45.93"
"64","000","00","003","0344","0632","1015","791","224","47","1062","1833","0","57.94","43.15"
"64","000","00","003","0344","0633","982","742","240","72","1054","1676","0","62.89","44.27"
"64","000","00","003","0344","0634","1067","839","228","66","1133","1843","0","61.48","45.52"
"64","000","00","003","0344","0635","1111","884","227","43","1154","1872","0","61.65","47.22"
"64","000","00","003","0344","0636","1279","1013","266","59","1338","2259","0","59.23","44.84"
"64","000","00","004","0000","0000","83382","63689","19693","7497","90879","153132","185318","59.35","41.59"
"64","000","00","004","0401","0000","11011","8507","2504","648","11659","20704","0","56.31","41.09"
"64","000","00","004","0401","0435","767","681","86","52","819","1309","0","62.57","52.02"
"64","000","00","004","0401","0436","792","598","194","29","821","1408","0","58.31","42.47"
"64","000","00","004","0401","0437","1038","772","266","58","1096","1851","0","59.21","41.71"
"64","000","00","004","0401","0438","903","655","248","75","978","1578","0","61.98","41.51"
"64","000","00","004","0401","0439","924","714","210","42","966","1715","0","56.33","41.63"
"64","000","00","004","0401","0440","857","651","206","30","887","1611","0","55.06","40.41"
"64","000","00","004","0401","0441","1037","824","213","72","1109","2024","0","54.79","40.71"
"64","000","00","004","0401","0442","963","749","214","39","1002","1890","0","53.02","39.63"
"64","000","00","004","0401","0443","851","658","193","25","876","1762","0","49.72","37.34"
"64","000","00","004","0401","0444","962","743","219","75","1037","1888","0","54.93","39.35"
"64","000","00","004","0401","0445","946","719","227","84","1030","1822","0","56.53","39.46"
"64","000","00","004","0401","0446","971","743","228","67","1038","1846","0","56.23","40.25"
"64","000","00","004","0402","0000","2343","1764","579","164","2507","3940","0","63.63","44.77"
"64","000","00","004","0402","0447","747","573","174","73","820","1268","0","64.67","45.19"
"64","000","00","004","0402","0448","749","580","169","56","805","1240","0","64.92","46.77"
"64","000","00","004","0402","0449","847","611","236","35","882","1432","0","61.59","42.67"
"64","000","00","004","0403","0000","3220","2457","763","285","3505","5991","0","58.5","41.01"
"64","000","00","004","0403","0450","819","641","178","62","881","1490","0","59.13","43.02"
"64","000","00","004","0403","0451","852","664","188","56","908","1464","0","62.02","45.36"
"64","000","00","004","0403","0452","733","523","210","84","817","1435","0","56.93","36.45"
"64","000","00","004","0403","0453","816","629","187","83","899","1602","0","56.12","39.26"
"64","000","00","004","0404","0000","1607","1186","421","168","1775","3091","0","57.42","38.37"
"64","000","00","004","0404","0454","785","580","205","62","847","1500","0","56.47","38.67"
"64","000","00","004","0404","0455","822","606","216","106","928","1591","0","58.33","38.09"
"64","000","00","004","0405","0000","1627","1205","422","191","1818","3197","0","56.87","37.69"
"64","000","00","004","0405","0458","789","593","196","97","886","1559","0","56.83","38.04"
"64","000","00","004","0405","0459","838","612","226","94","932","1638","0","56.9","37.36"
"64","000","00","004","0406","0000","1425","1033","392","131","1556","3138","0","49.59","32.92"
"64","000","00","004","0406","0456","595","410","185","63","658","1669","0","39.42","24.57"
"64","000","00","004","0406","0457","830","623","207","68","898","1469","0","61.13","42.41"
"64","000","00","004","0407","0000","2067","1533","534","239","2306","3872","0","59.56","39.59"
"64","000","00","004","0407","0460","1072","802","270","88","1160","1960","0","59.18","40.92"
"64","000","00","004","0407","0461","995","731","264","151","1146","1912","0","59.94","38.23"
"64","000","00","004","0408","0000","2524","1986","538","164","2688","4678","0","57.46","42.45"
"64","000","00","004","0408","0462","831","649","182","65","896","1559","0","57.47","41.63"
"64","000","00","004","0408","0463","749","595","154","53","802","1423","0","56.36","41.81"
"64","000","00","004","0408","0464","944","742","202","46","990","1696","0","58.37","43.75"
"64","000","00","004","0409","0000","1545","1081","464","263","1808","3020","0","59.87","35.79"
"64","000","00","004","0409","0465","719","504","215","156","875","1493","0","58.61","33.76"
"64","000","00","004","0409","0466","826","577","249","107","933","1527","0","61.1","37.79"
"64","000","00","004","0410","0000","1200","830","370","165","1365","2217","0","61.57","37.44"
"64","000","00","004","0410","0467","575","395","180","79","654","1020","0","64.12","38.73"
"64","000","00","004","0410","0468","625","435","190","86","711","1197","0","59.4","36.34"
"64","000","00","004","0411","0000","1611","1102","509","217","1828","3446","0","53.05","31.98"
"64","000","00","004","0411","0469","740","494","246","99","839","1528","0","54.91","32.33"
"64","000","00","004","0411","0470","871","608","263","118","989","1918","0","51.56","31.7"
"64","000","00","004","0412","0000","618","418","200","113","731","1458","0","50.14","28.67"
"64","000","00","004","0412","0471","618","418","200","113","731","1458","0","50.14","28.67"
"64","000","00","004","0413","0000","2070","1560","510","199","2269","3635","0","62.42","42.92"
"64","000","00","004","0413","0472","1011","742","269","112","1123","1790","0","62.74","41.45"
"64","000","00","004","0413","0473","1059","818","241","87","1146","1845","0","62.11","44.34"
"64","000","00","004","0414","0000","8559","6733","1826","585","9144","15761","0","58.02","42.72"
"64","000","00","004","0414","0474","1132","871","261","85","1217","2037","0","59.74","42.76"
"64","000","00","004","0414","0475","1043","825","218","65","1108","1964","0","56.42","42.01"
"64","000","00","004","0414","0476","1058","831","227","50","1108","2006","0","55.23","41.43"
"64","000","00","004","0414","0477","1046","790","256","63","1109","1951","0","56.84","40.49"
"64","000","00","004","0414","0478","1023","823","200","68","1091","1951","0","55.92","42.18"
"64","000","00","004","0414","0479","1117","894","223","86","1203","2008","0","59.91","44.52"
"64","000","00","004","0414","0480","1060","825","235","102","1162","1923","0","60.43","42.9"
"64","000","00","004","0414","0481","1080","874","206","66","1146","1921","0","59.66","45.5"
"64","000","00","004","0415","0000","521","382","139","35","556","832","0","66.83","45.91"
"64","000","00","004","0415","0482","521","382","139","35","556","832","0","66.83","45.91"
"64","000","00","004","0416","0000","1266","873","393","124","1390","2281","0","60.94","38.27"
"64","000","00","004","0416","0483","628","435","193","61","689","1156","0","59.6","37.63"
"64","000","00","004","0416","0484","638","438","200","63","701","1125","0","62.31","38.93"
"64","000","00","004","0417","0000","1485","1093","392","132","1617","2562","0","63.11","42.66"
"64","000","00","004","0417","0485","611","430","181","64","675","1060","0","63.68","40.57"
"64","000","00","004","0417","0486","874","663","211","68","942","1502","0","62.72","44.14"
"64","000","00","004","0418","0000","1501","1123","378","182","1683","2956","0","56.94","37.99"
"64","000","00","004","0418","0487","760","545","215","98","858","1404","0","61.11","38.82"
"64","000","00","004","0418","0488","741","578","163","84","825","1552","0","53.16","37.24"
"64","000","00","004","0419","0000","1412","1089","323","152","1564","2775","0","56.36","39.24"
"64","000","00","004","0419","0489","763","576","187","79","842","1460","0","57.67","39.45"
"64","000","00","004","0419","0490","649","513","136","73","722","1315","0","54.9","39.01"
"64","000","00","004","0420","0000","1183","919","264","146","1329","2140","0","62.1","42.94"
"64","000","00","004","0420","0491","595","450","145","74","669","1062","0","62.99","42.37"
"64","000","00","004","0420","0492","588","469","119","72","660","1078","0","61.22","43.51"
"64","000","00","004","0421","0000","1120","842","278","198","1318","1978","0","66.63","42.57"
"64","000","00","004","0421","0493","516","384","132","94","610","914","0","66.74","42.01"
"64","000","00","004","0421","0494","604","458","146","104","708","1064","0","66.54","43.05"
"64","000","00","004","0422","0000","2990","2362","628","246","3236","5350","0","60.49","44.15"
"64","000","00","004","0422","0495","943","709","234","96","1039","1705","0","60.94","41.58"
"64","000","00","004","0422","0496","975","784","191","69","1044","1728","0","60.42","45.37"
"64","000","00","004","0422","0497","1072","869","203","81","1153","1917","0","60.15","45.33"
"64","000","00","004","0423","0000","707","536","171","108","815","1439","0","56.64","37.25"
"64","000","00","004","0423","0498","707","536","171","108","815","1439","0","56.64","37.25"
"64","000","00","004","0424","0000","2451","1928","523","251","2702","4196","0","64.39","45.95"
"64","000","00","004","0424","0499","726","564","162","87","813","1287","0","63.17","43.82"
"64","000","00","004","0424","0500","870","675","195","88","958","1504","0","63.7","44.88"
"64","000","00","004","0424","0501","855","689","166","76","931","1405","0","66.26","49.04"
"64","000","00","004","0425","0000","1441","1086","355","146","1587","2582","0","61.46","42.06"
"64","000","00","004","0425","0502","697","509","188","88","785","1287","0","60.99","39.55"
"64","000","00","004","0425","0503","744","577","167","58","802","1295","0","61.93","44.56"
"64","000","00","004","0426","0000","1875","1436","439","143","2018","3132","0","64.43","45.85"
"64","000","00","004","0426","0504","858","646","212","69","927","1483","0","62.51","43.56"
"64","000","00","004","0426","0505","1017","790","227","74","1091","1649","0","66.16","47.91"
"64","000","00","004","0427","0000","1169","897","272","150","1319","2023","0","65.2","44.34"
"64","000","00","004","0427","0506","570","438","132","79","649","998","0","65.03","43.89"
"64","000","00","004","0427","0507","599","459","140","71","670","1025","0","65.37","44.78"
"64","000","00","004","0428","0000","1863","1403","460","189","2052","3124","0","65.69","44.91"
"64","000","00","004","0428","0508","1009","778","231","87","1096","1671","0","65.59","46.56"
"64","000","00","004","0428","0509","854","625","229","102","956","1453","0","65.79","43.01"
"64","000","00","004","0429","0000","1768","1372","396","164","1932","3326","0","58.09","41.25"
"64","000","00","004","0429","0510","884","656","228","101","985","1673","0","58.88","39.21"
"64","000","00","004","0429","0511","884","716","168","63","947","1653","0","57.29","43.32"
"64","000","00","004","0430","0000","1290","992","298","128","1418","2161","0","65.62","45.9"
"64","000","00","004","0430","0512","581","448","133","60","641","1034","0","61.99","43.33"
"64","000","00","004","0430","0513","709","544","165","68","777","1127","0","68.94","48.27"
"64","000","00","004","0431","0000","2419","1848","571","235","2654","4512","0","58.82","40.96"
"64","000","00","004","0431","0514","815","625","190","99","914","1575","0","58.03","39.68"
"64","000","00","004","0431","0515","875","665","210","74","949","1559","0","60.87","42.66"
"64","000","00","004","0431","0516","729","558","171","62","791","1378","0","57.4","40.49"
"64","000","00","004","0432","0000","1887","1432","455","174","2061","3435","0","60.0","41.69"
"64","000","00","004","0432","0517","944","708","236","87","1031","1714","0","60.15","41.31"
"64","000","00","004","0432","0518","943","724","219","87","1030","1721","0","59.85","42.07"
"64","000","00","004","0433","0000","4861","3801","1060","369","5230","8227","0","63.57","46.2"
"64","000","00","004","0433","0519","901","698","203","77","978","1628","0","60.07","42.87"
"64","000","00","004","0433","0520","977","765","212","90","1067","1590","0","67.11","48.11"
"64","000","00","004","0433","0521","918","722","196","77","995","1628","0","61.12","44.35"
"64","000","00","004","0433","0522","1076","822","254","50","1126","1739","0","64.75","47.27"
"64","000","00","004","0433","0523","989","794","195","75","1064","1642","0","64.8","48.36"
"64","000","00","004","0434","0000","2546","2038","508","213","2759","4997","0","55.21","40.78"
"64","000","00","004","0434","0524","898","695","203","88","986","1766","0","55.83","39.35"
"64","000","00","004","0434","0525","773","628","145","85","858","1482","0","57.89","42.38"
"64","000","00","004","0434","0526","875","715","160","40","915","1749","0","52.32","40.88"
"64","000","00","004","0435","0000","3865","3020","845","214","4079","6433","0","63.41","46.95"
"64","000","00","004","0435","0527","907","690","217","57","964","1591","0","60.59","43.37"
"64","000","00","004","0435","0528","947","758","189","45","992","1545","0","64.21","49.06"
"64","000","00","004","0435","0529","1025","803","222","45","1070","1651","0","64.81","48.64"
"64","000","00","004","0435","0530","986","769","217","67","1053","1646","0","63.97","46.72"
"64","000","00","004","0436","0000","761","637","124","97","858","1496","0","57.35","42.58"
"64","000","00","004","0436","0531","761","637","124","97","858","1496","0","57.35","42.58"
"64","000","00","004","0437","0000","1574","1185","389","169","1743","3027","0","57.58","39.15"
"64","000","00","004","0437","0532","698","517","181","103","801","1403","0","57.09","36.85"
"64","000","00","004","0437","0533","876","668","208","66","942","1624","0","58.0","41.13"
"64","000","00","005","0000","0000","155862","116063","39799","11491","167353","289519","341230","57.8","40.09"
"64","000","00","005","0501","0000","1944","1451","493","208","2152","3875","0","55.54","37.45"
"64","000","00","005","0501","0887","992","730","262","99","1091","1893","0","57.63","38.56"
"64","000","00","005","0501","0888","952","721","231","109","1061","1982","0","53.53","36.38"
"64","000","00","005","0502","0000","3896","2950","946","269","4165","7408","0","56.22","39.82"
"64","000","00","005","0502","0889","881","673","208","89","970","1661","0","58.4","40.52"
"64","000","00","005","0502","0890","968","749","219","32","1000","1894","0","52.8","39.55"
"64","000","00","005","0502","0891","970","730","240","70","1040","1839","0","56.55","39.7"
"64","000","00","005","0502","0892","1077","798","279","78","1155","2014","0","57.35","39.62"
"64","000","00","005","0503","0000","1954","1423","531","196","2150","3913","0","54.95","36.37"
"64","000","00","005","0503","0893","984","732","252","133","1117","1897","0","58.88","38.59"
"64","000","00","005","0503","0894","970","691","279","63","1033","2016","0","51.24","34.28"
"64","000","00","005","0504","0000","1929","1440","489","146","2075","3673","0","56.49","39.21"
"64","000","00","005","0504","0895","982","733","249","62","1044","1924","0","54.26","38.1"
"64","000","00","005","0504","0896","947","707","240","84","1031","1749","0","58.95","40.42"
"64","000","00","005","0505","0000","3822","2897","925","267","4089","7080","0","57.75","40.92"
"64","000","00","005","0505","0897","1093","840","253","77","1170","1845","0","63.41","45.53"
"64","000","00","005","0505","0898","846","649","197","53","899","1724","0","52.15","37.65"
"64","000","00","005","0505","0899","1016","771","245","55","1071","1889","0","56.7","40.82"
"64","000","00","005","0505","0900","867","637","230","82","949","1622","0","58.51","39.27"
"64","000","00","005","0506","0000","1889","1384","505","124","2013","3393","0","59.33","40.79"
"64","000","00","005","0506","0901","1010","743","267","46","1056","1870","0","56.47","39.73"
"64","000","00","005","0506","0902","879","641","238","78","957","1523","0","62.84","42.09"
"64","000","00","005","0507","0000","11263","8647","2616","681","11944","20639","0","57.87","41.9"
"64","000","00","005","0507","0903","949","703","246","70","1019","2006","0","50.8","35.04"
"64","000","00","005","0507","0904","1218","936","282","85","1303","2076","0","62.76","45.09"
"64","000","00","005","0507","0905","1131","887","244","38","1169","2073","0","56.39","42.79"
"64","000","00","005","0507","0906","1119","881","238","81","1200","2045","0","58.68","43.08"
"64","000","00","005","0507","0907","955","710","245","86","1041","2070","0","50.29","34.3"
"64","000","00","005","0507","0908","1034","743","291","80","1114","2035","0","54.74","36.51"
"64","000","00","005","0507","0909","1218","920","298","63","1281","2075","0","61.73","44.34"
"64","000","00","005","0507","0910","1158","926","232","24","1182","2053","0","57.57","45.1"
"64","000","00","005","0507","0911","1218","946","272","79","1297","2063","0","62.87","45.86"
"64","000","00","005","0507","0912","1263","995","268","75","1338","2143","0","62.44","46.43"
"64","000","00","005","0508","0000","4503","3368","1135","330","4833","8519","0","56.73","39.54"
"64","000","00","005","0508","0913","997","726","271","95","1092","1746","0","62.54","41.58"
"64","000","00","005","0508","0914","835","617","218","31","866","1735","0","49.91","35.56"
"64","000","00","005","0508","0915","838","624","214","79","917","1655","0","55.41","37.7"
"64","000","00","005","0508","0916","875","661","214","70","945","1583","0","59.7","41.76"
"64","000","00","005","0508","0917","958","740","218","55","1013","1800","0","56.28","41.11"
"64","000","00","005","0509","0000","3851","2881","970","222","4073","7001","0","58.18","41.15"
"64","000","00","005","0509","0918","965","743","222","49","1014","1730","0","58.61","42.95"
"64","000","00","005","0509","0919","911","681","230","41","952","1715","0","55.51","39.71"
"64","000","00","005","0509","0920","939","662","277","66","1005","1691","0","59.43","39.15"
"64","000","00","005","0509","0921","1036","795","241","66","1102","1865","0","59.09","42.63"
"64","000","00","005","0510","0000","1218","889","329","107","1325","1990","0","66.58","44.67"
"64","000","00","005","0510","0922","651","481","170","42","693","1073","0","64.59","44.83"
"64","000","00","005","0510","0923","567","408","159","65","632","917","0","68.92","44.49"
"64","000","00","005","0511","0000","904","623","281","73","977","1647","0","59.32","37.83"
"64","000","00","005","0511","0924","904","623","281","73","977","1647","0","59.32","37.83"
"64","000","00","005","0512","0000","2848","2141","707","216","3064","5126","0","59.77","41.77"
"64","000","00","005","0512","0925","913","682","231","90","1003","1654","0","60.64","41.23"
"64","000","00","005","0512","0926","899","651","248","57","956","1639","0","58.33","39.72"
"64","000","00","005","0512","0927","1036","808","228","69","1105","1833","0","60.28","44.08"
"64","000","00","005","0513","0000","2630","1981","649","132","2762","4401","0","62.76","45.01"
"64","000","00","005","0513","0928","840","636","204","38","878","1362","0","64.46","46.7"
"64","000","00","005","0513","0929","923","700","223","69","992","1557","0","63.71","44.96"
"64","000","00","005","0513","0930","867","645","222","25","892","1482","0","60.19","43.52"
"64","000","00","005","0514","0000","2680","1983","697","134","2814","4583","0","61.4","43.27"
"64","000","00","005","0514","0931","920","672","248","47","967","1563","0","61.87","42.99"
"64","000","00","005","0514","0932","851","622","229","45","896","1497","0","59.85","41.55"
"64","000","00","005","0514","0933","909","689","220","42","951","1523","0","62.44","45.24"
"64","000","00","005","0515","0000","4316","3205","1111","285","4601","7198","0","63.92","44.53"
"64","000","00","005","0515","0934","799","581","218","63","862","1293","0","66.67","44.93"
"64","000","00","005","0515","0935","987","756","231","58","1045","1662","0","62.88","45.49"
"64","000","00","005","0515","0936","796","603","193","63","859","1441","0","59.61","41.85"
"64","000","00","005","0515","0937","834","618","216","58","892","1326","0","67.27","46.61"
"64","000","00","005","0515","0938","900","647","253","43","943","1476","0","63.89","43.83"
"64","000","00","005","0516","0000","1735","1302","433","76","1811","3586","0","50.5","36.31"
"64","000","00","005","0516","0939","946","720","226","41","987","1968","0","50.15","36.59"
"64","000","00","005","0516","0940","789","582","207","35","824","1618","0","50.93","35.97"
"64","000","00","005","0517","0000","2680","1982","698","175","2855","5000","0","57.1","39.64"
"64","000","00","005","0517","0941","1008","771","237","69","1077","1873","0","57.5","41.16"
"64","000","00","005","0517","0942","828","608","220","72","900","1487","0","60.52","40.89"
"64","000","00","005","0517","0943","844","603","241","34","878","1640","0","53.54","36.77"
"64","000","00","005","0518","0000","1950","1517","433","85","2035","3858","0","52.75","39.32"
"64","000","00","005","0518","0944","955","740","215","40","995","1889","0","52.67","39.17"
"64","000","00","005","0518","0945","995","777","218","45","1040","1969","0","52.82","39.46"
"64","000","00","005","0519","0000","3586","2689","897","298","3884","6475","0","59.98","41.53"
"64","000","00","005","0519","0946","772","571","201","103","875","1466","0","59.69","38.95"
"64","000","00","005","0519","0947","986","741","245","60","1046","1697","0","61.64","43.67"
"64","000","00","005","0519","0948","923","698","225","83","1006","1663","0","60.49","41.97"
"64","000","00","005","0519","0949","905","679","226","52","957","1649","0","58.04","41.18"
"64","000","00","005","0520","0000","1539","1142","397","82","1621","2981","0","54.38","38.31"
"64","000","00","005","0520","0950","774","574","200","49","823","1486","0","55.38","38.63"
"64","000","00","005","0520","0951","765","568","197","33","798","1495","0","53.38","37.99"
"64","000","00","005","0521","0000","1766","1330","436","66","1832","3041","0","60.24","43.74"
"64","000","00","005","0521","0952","972","748","224","26","998","1548","0","64.47","48.32"
"64","000","00","005","0521","0953","794","582","212","40","834","1493","0","55.86","38.98"
"64","000","00","005","0522","0000","4222","3346","876","268","4490","7649","0","58.7","43.74"
"64","000","00","005","0522","0954","845","647","198","40","885","1445","0","61.25","44.78"
"64","000","00","005","0522","0955","723","668","55","46","769","1529","0","50.29","43.69"
"64","000","00","005","0522","0956","796","616","180","37","833","1506","0","55.31","40.9"
"64","000","00","005","0522","0957","906","700","206","67","973","1549","0","62.81","45.19"
"64","000","00","005","0522","0958","952","715","237","78","1030","1620","0","63.58","44.14"
"64","000","00","005","0523","0000","1796","1333","463","121","1917","3038","0","63.1","43.88"
"64","000","00","005","0523","0959","915","676","239","64","979","1550","0","63.16","43.61"
"64","000","00","005","0523","0960","881","657","224","57","938","1488","0","63.04","44.15"
"64","000","00","005","0524","0000","1515","1159","356","125","1640","2667","0","61.49","43.46"
"64","000","00","005","0524","0961","762","582","180","62","824","1335","0","61.72","43.6"
"64","000","00","005","0524","0962","753","577","176","63","816","1332","0","61.26","43.32"
"64","000","00","005","0525","0000","2943","2177","766","243","3186","5268","0","60.48","41.32"
"64","000","00","005","0525","0963","971","702","269","106","1077","1764","0","61.05","39.8"
"64","000","00","005","0525","0964","989","742","247","49","1038","1811","0","57.32","40.97"
"64","000","00","005","0525","0965","983","733","250","88","1071","1693","0","63.26","43.3"
"64","000","00","005","0526","0000","2833","2089","744","197","3030","4867","0","62.26","42.92"
"64","000","00","005","0526","0966","994","710","284","89","1083","1684","0","64.31","42.16"
"64","000","00","005","0526","0967","775","599","176","65","840","1464","0","57.38","40.92"
"64","000","00","005","0526","0968","1064","780","284","43","1107","1719","0","64.4","45.38"
"64","000","00","005","0527","0000","3713","2834","879","197","3910","6858","0","57.01","41.32"
"64","000","00","005","0527","0969","965","725","240","33","998","1749","0","57.06","41.45"
"64","000","00","005","0527","0970","985","766","219","48","1033","1908","0","54.14","40.15"
"64","000","00","005","0527","0971","902","700","202","62","964","1573","0","61.28","44.5"
"64","000","00","005","0527","0972","861","643","218","54","915","1628","0","56.2","39.5"
"64","000","00","005","0528","0000","2155","1636","519","185","2340","4095","0","57.14","39.95"
"64","000","00","005","0528","0973","646","476","170","61","707","1377","0","51.34","34.57"
"64","000","00","005","0528","0974","904","695","209","60","964","1530","0","63.01","45.42"
"64","000","00","005","0528","0975","605","465","140","64","669","1188","0","56.31","39.14"
"64","000","00","005","0529","0000","2731","2044","687","228","2959","6302","0","46.95","32.43"
"64","000","00","005","0529","0976","781","568","213","40","821","2791","0","29.42","20.35"
"64","000","00","005","0529","0977","1020","772","248","75","1095","1840","0","59.51","41.96"
"64","000","00","005","0529","0978","930","704","226","113","1043","1671","0","62.42","42.13"
"64","000","00","005","0530","0000","4659","3519","1140","306","4965","7969","0","62.3","44.16"
"64","000","00","005","0530","0979","906","674","232","74","980","1624","0","60.34","41.5"
"64","000","00","005","0530","0980","990","747","243","68","1058","1555","0","68.04","48.04"
"64","000","00","005","0530","0981","920","679","241","61","981","1489","0","65.88","45.6"
"64","000","00","005","0530","0982","966","744","222","71","1037","1662","0","62.39","44.77"
"64","000","00","005","0530","0983","877","675","202","32","909","1639","0","55.46","41.18"
"64","000","00","005","0531","0000","2073","1549","524","169","2242","3840","0","58.39","40.34"
"64","000","00","005","0531","0984","995","718","277","95","1090","1872","0","58.23","38.35"
"64","000","00","005","0531","0985","1078","831","247","74","1152","1968","0","58.54","42.23"
"64","000","00","005","0532","0000","1460","1114","346","200","1660","3005","0","55.24","37.07"
"64","000","00","005","0532","0986","665","518","147","121","786","1471","0","53.43","35.21"
"64","000","00","005","0532","0987","795","596","199","79","874","1534","0","56.98","38.85"
"64","000","00","005","0533","0000","2535","1947","588","221","2756","5282","0","52.18","36.86"
"64","000","00","005","0533","0988","800","623","177","105","905","1659","0","54.55","37.55"
"64","000","00","005","0533","0989","843","648","195","54","897","1815","0","49.42","35.7"
"64","000","00","005","0533","0990","892","676","216","62","954","1808","0","52.77","37.39"
"64","000","00","005","0534","0000","1328","974","354","85","1413","2630","0","53.73","37.03"
"64","000","00","005","0534","0991","593","426","167","48","641","1224","0","52.37","34.8"
"64","000","00","005","0534","0992","735","548","187","37","772","1406","0","54.91","38.98"
"64","000","00","005","0535","0000","1034","740","294","79","1113","1889","0","58.92","39.17"
"64","000","00","005","0535","0993","490","347","143","30","520","945","0","55.03","36.72"
"64","000","00","005","0535","0994","544","393","151","49","593","944","0","62.82","41.63"
"64","000","00","005","0536","0000","1688","1173","515","193","1881","3142","0","59.87","37.33"
"64","000","00","005","0536","0995","882","621","261","86","968","1669","0","58.0","37.21"
"64","000","00","005","0536","0996","806","552","254","107","913","1473","0","61.98","37.47"
"64","000","00","005","0537","0000","1471","1088","383","141","1612","3558","0","45.31","30.58"
"64","000","00","005","0537","0997","883","658","225","74","957","1876","0","51.01","35.07"
"64","000","00","005","0537","0998","588","430","158","67","655","1682","0","38.94","25.56"
"64","000","00","005","0538","0000","6177","4608","1569","343","6520","11459","0","56.9","40.21"
"64","000","00","005","0538","0999","915","652","263","49","964","1791","0","53.82","36.4"
"64","000","00","005","0538","1000","1018","737","281","73","1091","1808","0","60.34","40.76"
"64","000","00","005","0538","1001","913","684","229","74","987","1798","0","54.89","38.04"
"64","000","00","005","0538","1002","1125","835","290","72","1197","2030","0","58.97","41.13"
"64","000","00","005","0538","1003","1116","860","256","28","1144","2034","0","56.24","42.28"
"64","000","00","005","0538","1004","1090","840","250","47","1137","1998","0","56.91","42.04"
"64","000","00","005","0539","0000","1942","1498","444","97","2039","3879","0","52.57","38.62"
"64","000","00","005","0539","1005","942","731","211","39","981","1914","0","51.25","38.19"
"64","000","00","005","0539","1006","1000","767","233","58","1058","1965","0","53.84","39.03"
"64","000","00","005","0540","0000","991","805","186","104","1095","1885","0","58.09","42.71"
"64","000","00","005","0540","1007","991","805","186","104","1095","1885","0","58.09","42.71"
"64","000","00","005","0541","0000","1238","898","340","108","1346","2277","0","59.11","39.44"
"64","000","00","005","0541","1008","693","516","177","22","715","1220","0","58.61","42.3"
"64","000","00","005","0541","1009","545","382","163","86","631","1057","0","59.7","36.14"
"64","000","00","005","0542","0000","1200","909","291","87","1287","2784","0","46.23","32.65"
"64","000","00","005","0542","1010","616","456","160","33","649","1434","0","45.26","31.8"
"64","000","00","005","0542","1011","584","453","131","54","638","1350","0","47.26","33.56"
"64","000","00","005","0543","0000","845","624","221","50","895","1826","0","49.01","34.17"
"64","000","00","005","0543","1012","375","277","98","25","400","872","0","45.87","31.77"
"64","000","00","005","0543","1013","470","347","123","25","495","954","0","51.89","36.37"
"64","000","00","005","0544","0000","2355","1603","752","122","2477","4415","0","56.1","36.31"
"64","000","00","005","0544","1014","875","567","308","32","907","1689","0","53.7","33.57"
"64","000","00","005","0544","1015","737","524","213","28","765","1390","0","55.04","37.7"
"64","000","00","005","0544","1016","743","512","231","62","805","1336","0","60.25","38.32"
"64","000","00","005","0545","0000","2523","1834","689","196","2719","4402","0","61.77","41.66"
"64","000","00","005","0545","1017","884","643","241","63","947","1437","0","65.9","44.75"
"64","000","00","005","0545","1018","794","584","210","43","837","1452","0","57.64","40.22"
"64","000","00","005","0545","1019","845","607","238","90","935","1513","0","61.8","40.12"
"64","000","00","005","0546","0000","1696","1192","504","202","1898","2848","0","66.64","41.85"
"64","000","00","005","0546","1020","855","608","247","107","962","1467","0","65.58","41.45"
"64","000","00","005","0546","1021","841","584","257","95","936","1381","0","67.78","42.29"
"64","000","00","005","0547","0000","1362","1004","358","103","1465","2444","0","59.94","41.08"
"64","000","00","005","0547","1022","598","457","141","58","656","1117","0","58.73","40.91"
"64","000","00","005","0547","1023","764","547","217","45","809","1327","0","60.96","41.22"
"64","000","00","005","0548","0000","729","521","208","48","777","1304","0","59.59","39.95"
"64","000","00","005","0548","1024","729","521","208","48","777","1304","0","59.59","39.95"
"64","000","00","005","0549","0000","723","499","224","42","765","1483","0","51.58","33.65"
"64","000","00","005","0549","1025","723","499","224","42","765","1483","0","51.58","33.65"
"64","000","00","005","0550","0000","843","610","233","59","902","1473","0","61.24","41.41"
"64","000","00","005","0550","1026","843","610","233","59","902","1473","0","61.24","41.41"
"64","000","00","005","0551","0000","545","396","149","41","586","980","0","59.8","40.41"
"64","000","00","005","0551","1027","545","396","149","41","586","980","0","59.8","40.41"
"64","000","00","005","0552","0000","1486","1060","426","134","1620","2639","0","61.39","40.17"
"64","000","00","005","0552","1028","794","583","211","76","870","1409","0","61.75","41.38"
"64","000","00","005","0552","1029","692","477","215","58","750","1230","0","60.98","38.78"
"64","000","00","005","0553","0000","1255","889","366","140","1395","2154","0","64.76","41.27"
"64","000","00","005","0553","1030","610","433","177","73","683","1024","0","66.7","42.29"
"64","000","00","005","0553","1031","645","456","189","67","712","1130","0","63.01","40.35"
"64","000","00","005","0554","0000","914","658","256","45","959","1889","0","50.77","34.83"
"64","000","00","005","0554","1032","914","658","256","45","959","1889","0","50.77","34.83"
"64","000","00","005","0555","0000","778","551","227","41","819","1427","0","57.39","38.61"
"64","000","00","005","0555","1033","778","551","227","41","819","1427","0","57.39","38.61"
"64","000","00","005","0556","0000","446","318","128","23","469","791","0","59.29","40.2"
"64","000","00","005","0556","1034","446","318","128","23","469","791","0","59.29","40.2"
"64","000","00","005","0557","0000","659","474","185","95","754","1079","0","69.88","43.93"
"64","000","00","005","0557","1035","659","474","185","95","754","1079","0","69.88","43.93"
"64","000","00","005","0558","0000","802","550","252","92","894","1492","0","59.92","36.86"
"64","000","00","005","0558","1036","802","550","252","92","894","1492","0","59.92","36.86"
"64","000","00","005","0559","0000","1148","820","328","83","1231","2021","0","60.91","40.57"
"64","000","00","005","0559","1037","589","421","168","66","655","1020","0","64.22","41.27"
"64","000","00","005","0559","1038","559","399","160","17","576","1001","0","57.54","39.86"
"64","000","00","005","0560","0000","1626","1194","432","111","1737","3052","0","56.91","39.12"
"64","000","00","005","0560","1039","848","629","219","61","909","1581","0","57.5","39.78"
"64","000","00","005","0560","1040","778","565","213","50","828","1471","0","56.29","38.41"
"64","000","00","005","0561","0000","2106","1530","576","165","2271","3760","0","60.4","40.69"
"64","000","00","005","0561","1041","619","451","168","35","654","1151","0","56.82","39.18"
"64","000","00","005","0561","1042","767","542","225","79","846","1334","0","63.42","40.63"
"64","000","00","005","0561","1043","720","537","183","51","771","1275","0","60.47","42.12"
"64","000","00","005","0562","0000","2050","1447","603","126","2176","4051","0","53.72","35.72"
"64","000","00","005","0562","1044","709","485","224","52","761","1688","0","45.08","28.73"
"64","000","00","005","0562","1045","650","455","195","42","692","1214","0","57.0","37.48"
"64","000","00","005","0562","1046","691","507","184","32","723","1149","0","62.92","44.13"
"64","000","00","005","0563","0000","896","636","260","110","1006","1667","0","60.35","38.15"
"64","000","00","005","0563","1047","896","636","260","110","1006","1667","0","60.35","38.15"
"64","000","00","005","0564","0000","867","620","247","42","909","1786","0","50.9","34.71"
"64","000","00","005","0564","1048","867","620","247","42","909","1786","0","50.9","34.71"
"64","000","00","005","0565","0000","1023","754","269","93","1116","1821","0","61.29","41.41"
"64","000","00","005","0565","1049","507","363","144","30","537","896","0","59.93","40.51"
"64","000","00","005","0565","1050","516","391","125","63","579","925","0","62.59","42.27"
"64","000","00","005","0566","0000","412","298","114","60","472","684","0","69.01","43.57"
"64","000","00","005","0566","1051","412","298","114","60","472","684","0","69.01","43.57"
"64","000","00","005","0567","0000","594","593","1","66","660","981","0","67.28","60.45"
"64","000","00","005","0567","1052","594","593","1","66","660","981","0","67.28","60.45"
"64","000","00","005","0568","0000","661","472","189","96","757","1383","0","54.74","34.13"
"64","000","00","005","0568","1053","661","472","189","96","757","1383","0","54.74","34.13"
"64","000","00","005","0569","0000","724","526","198","67","791","1382","0","57.24","38.06"
"64","000","00","005","0569","1054","724","526","198","67","791","1382","0","57.24","38.06"
"64","000","00","005","0570","0000","409","306","103","40","449","808","0","55.57","37.87"
"64","000","00","005","0570","1055","409","306","103","40","449","808","0","55.57","37.87"
"64","000","00","005","0572","0000","677","489","188","32","709","1197","0","59.23","40.85"
"64","000","00","005","0572","1056","677","489","188","32","709","1197","0","59.23","40.85"
"64","000","00","005","0573","0000","2195","1621","574","156","2351","4047","0","58.09","40.05"
"64","000","00","005","0573","1057","694","529","165","65","759","1344","0","56.47","39.36"
"64","000","00","005","0573","1058","746","515","231","67","813","1344","0","60.49","38.32"
"64","000","00","005","0573","1059","755","577","178","24","779","1359","0","57.32","42.46"
"64","000","00","005","0574","0000","620","448","172","62","682","1073","0","63.56","41.75"
"64","000","00","005","0574","1060","620","448","172","62","682","1073","0","63.56","41.75"
"64","000","00","005","0575","0000","609","454","155","61","670","1186","0","56.49","38.28"
"64","000","00","005","0575","1061","609","454","155","61","670","1186","0","56.49","38.28"
"64","000","00","005","0576","0000","938","692","246","93","1031","1749","0","58.95","39.57"
"64","000","00","005","0576","1062","938","692","246","93","1031","1749","0","58.95","39.57"
"64","000","00","005","0577","0000","426","312","114","21","447","877","0","50.97","35.58"
"64","000","00","005","0577","1063","426","312","114","21","447","877","0","50.97","35.58"
"64","000","00","005","0578","0000","796","563","233","114","910","1402","0","64.91","40.16"
"64","000","00","005","0578","1064","796","563","233","114","910","1402","0","64.91","40.16"
"64","000","00","005","0579","0000","458","331","127","28","486","769","0","63.2","43.04"
"64","000","00","005","0579","1065","458","331","127","28","486","769","0","63.2","43.04"
"64","000","00","005","0581","0000","1279","950","329","124","1403","2477","0","56.64","38.35"
"64","000","00","005","0581","1066","673","501","172","73","746","1207","0","61.81","41.51"
"64","000","00","005","0581","1067","606","449","157","51","657","1270","0","51.73","35.35"
"64","000","00","005","0582","0000","663","494","169","62","725","1248","0","58.09","39.58"
"64","000","00","005","0582","1068","663","494","169","62","725","1248","0","58.09","39.58"
"64","000","00","005","0583","0000","690","530","160","94","784","1263","0","62.07","41.96"
"64","000","00","005","0583","1069","690","530","160","94","784","1263","0","62.07","41.96"
"64","000","00","005","0584","0000","600","434","166","43","643","1101","0","58.4","39.42"
"64","000","00","005","0584","1070","600","434","166","43","643","1101","0","58.4","39.42"
"64","000","00","005","0585","0000","620","475","145","30","650","1116","0","58.24","42.56"
"64","000","00","005","0585","1071","620","475","145","30","650","1116","0","58.24","42.56"
"64","000","00","005","0586","0000","625","465","160","40","665","1152","0","57.73","40.36"
"64","000","00","005","0586","1072","625","465","160","40","665","1152","0","57.73","40.36"
"64","000","00","005","0587","0000","576","429","147","86","662","1057","0","62.63","40.59"
"64","000","00","005","0587","1073","576","429","147","86","662","1057","0","62.63","40.59"
"64","000","00","005","0588","0000","1006","732","274","84","1090","2033","0","53.62","36.01"
"64","000","00","005","0588","1074","462","329","133","56","518","971","0","53.35","33.88"
"64","000","00","005","0588","1075","544","403","141","28","572","1062","0","53.86","37.95"
"64","000","00","006","0000","0000","24603","17858","6745","1859","26462","44355","50942","59.66","40.26"
"64","000","00","006","0601","0000","1022","750","272","104","1126","1791","0","62.87","41.88"
"64","000","00","006","0601","1098","456","336","120","36","492","828","0","59.42","40.58"
"64","000","00","006","0601","1099","566","414","152","68","634","963","0","65.84","42.99"
"64","000","00","006","0602","0000","542","397","145","37","579","1075","0","53.86","36.93"
"64","000","00","006","0602","1100","542","397","145","37","579","1075","0","53.86","36.93"
"64","000","00","006","0603","0000","1631","1222","409","75","1706","2926","0","58.3","41.76"
"64","000","00","006","0603","1101","829","621","208","32","861","1488","0","57.86","41.73"
"64","000","00","006","0603","1102","802","601","201","43","845","1438","0","58.76","41.79"
"64","000","00","006","0604","0000","610","446","164","31","641","1049","0","61.11","42.52"
"64","000","00","006","0604","1103","610","446","164","31","641","1049","0","61.11","42.52"
"64","000","00","006","0605","0000","820","556","264","93","913","1378","0","66.26","40.35"
"64","000","00","006","0605","1104","820","556","264","93","913","1378","0","66.26","40.35"
"64","000","00","006","0606","0000","396","300","96","40","436","666","0","65.47","45.05"
"64","000","00","006","0606","1105","396","300","96","40","436","666","0","65.47","45.05"
"64","000","00","006","0607","0000","572","368","204","32","604","981","0","61.57","37.51"
"64","000","00","006","0607","1106","572","368","204","32","604","981","0","61.57","37.51"
"64","000","00","006","0608","0000","1104","814","290","68","1172","1920","0","61.04","42.4"
"64","000","00","006","0608","1107","570","404","166","39","609","933","0","65.27","43.3"
"64","000","00","006","0608","1108","534","410","124","29","563","987","0","57.04","41.54"
"64","000","00","006","0609","0000","567","435","132","46","613","988","0","62.04","44.03"
"64","000","00","006","0609","1109","567","435","132","46","613","988","0","62.04","44.03"
"64","000","00","006","0610","0000","437","325","112","45","482","735","0","65.58","44.22"
"64","000","00","006","0610","1110","437","325","112","45","482","735","0","65.58","44.22"
"64","000","00","006","0611","0000","739","513","226","41","780","1317","0","59.23","38.95"
"64","000","00","006","0611","1111","739","513","226","41","780","1317","0","59.23","38.95"
"64","000","00","006","0612","0000","382","296","86","23","405","800","0","50.63","37.0"
"64","000","00","006","0612","1112","382","296","86","23","405","800","0","50.63","37.0"
"64","000","00","006","0613","0000","1081","785","296","72","1153","1881","0","61.3","41.73"
"64","000","00","006","0613","1113","554","389","165","43","597","968","0","61.67","40.19"
"64","000","00","006","0613","1114","527","396","131","29","556","913","0","60.9","43.37"
"64","000","00","006","0614","0000","1585","1121","464","89","1674","2617","0","63.97","42.84"
"64","000","00","006","0614","1115","811","564","247","37","848","1389","0","61.05","40.6"
"64","000","00","006","0614","1116","774","557","217","52","826","1228","0","67.26","45.36"
"64","000","00","006","0615","0000","1301","973","328","109","1410","2312","0","60.99","42.08"
"64","000","00","006","0615","1117","677","498","179","90","767","1211","0","63.34","41.12"
"64","000","00","006","0615","1118","624","475","149","19","643","1101","0","58.4","43.14"
"64","000","00","006","0616","0000","1017","750","267","75","1092","1625","0","67.2","46.15"
"64","000","00","006","0616","1119","450","338","112","22","472","752","0","62.77","44.95"
"64","000","00","006","0616","1120","567","412","155","53","620","873","0","71.02","47.19"
"64","000","00","006","0617","0000","1953","1397","556","106","2059","3345","0","61.55","41.76"
"64","000","00","006","0617","1121","926","647","279","45","971","1609","0","60.35","40.21"
"64","000","00","006","0617","1122","1027","750","277","61","1088","1736","0","62.67","43.2"
"64","000","00","006","0618","0000","672","512","160","27","699","1258","0","55.56","40.7"
"64","000","00","006","0618","1123","672","512","160","27","699","1258","0","55.56","40.7"
"64","000","00","006","0619","0000","630","463","167","59","689","1105","0","62.35","41.9"
"64","000","00","006","0619","1124","630","463","167","59","689","1105","0","62.35","41.9"
"64","000","00","006","0620","0000","442","303","139","63","505","851","0","59.34","35.61"
"64","000","00","006","0620","1125","442","303","139","63","505","851","0","59.34","35.61"
"64","000","00","006","0621","0000","584","411","173","50","634","1011","0","62.71","40.65"
"64","000","00","006","0621","1126","584","411","173","50","634","1011","0","62.71","40.65"
"64","000","00","006","0622","0000","1066","773","293","115","1181","1893","0","62.39","40.83"
"64","000","00","006","0622","1127","536","376","160","81","617","888","0","69.48","42.34"
"64","000","00","006","0622","1128","530","397","133","34","564","1005","0","56.12","39.5"
"64","000","00","006","0623","0000","1348","978","370","102","1450","2763","0","52.48","35.4"
"64","000","00","006","0623","1129","576","420","156","21","597","1375","0","43.42","30.55"
"64","000","00","006","0623","1130","772","558","214","81","853","1388","0","61.46","40.2"
"64","000","00","006","0624","0000","371","269","102","57","428","719","0","59.53","37.41"
"64","000","00","006","0624","1131","371","269","102","57","428","719","0","59.53","37.41"
"64","000","00","006","0625","0000","561","391","170","86","647","1077","0","60.07","36.3"
"64","000","00","006","0625","1132","561","391","170","86","647","1077","0","60.07","36.3"
"64","000","00","006","0626","0000","408","295","113","18","426","875","0","48.69","33.71"
"64","000","00","006","0626","1133","408","295","113","18","426","875","0","48.69","33.71"
"64","000","00","006","0627","0000","478","357","121","24","502","936","0","53.63","38.14"
"64","000","00","006","0627","1134","478","357","121","24","502","936","0","53.63","38.14"
"64","000","00","006","0628","0000","488","358","130","65","553","944","0","58.58","37.92"
"64","000","00","006","0628","1135","488","358","130","65","553","944","0","58.58","37.92"
"64","000","00","006","0629","0000","408","289","119","34","442","833","0","53.06","34.69"
"64","000","00","006","0629","1136","408","289","119","34","442","833","0","53.06","34.69"
"64","000","00","006","0630","0000","392","284","108","16","408","708","0","57.63","40.11"
"64","000","00","006","0630","1137","392","284","108","16","408","708","0","57.63","40.11"
"64","000","00","006","0631","0000","402","319","83","20","422","741","0","56.95","43.05"
"64","000","00","006","0631","1138","402","319","83","20","422","741","0","56.95","43.05"
"64","000","00","006","0632","0000","594","408","186","37","631","1235","0","51.09","33.04"
"64","000","00","006","0632","1139","594","408","186","37","631","1235","0","51.09","33.04"
"64","000","00","007","0000","0000","13178","9714","3464","953","14131","23928","26732","59.06","40.6"
"64","000","00","007","0701","0000","339","238","101","15","354","673","0","52.6","35.36"
"64","000","00","007","0701","1076","339","238","101","15","354","673","0","52.6","35.36"
"64","000","00","007","0702","0000","595","472","123","27","622","1022","0","60.86","46.18"
"64","000","00","007","0702","1077","595","472","123","27","622","1022","0","60.86","46.18"
"64","000","00","007","0703","0000","666","505","161","46","712","1324","0","53.78","38.14"
"64","000","00","007","0703","1078","666","505","161","46","712","1324","0","53.78","38.14"
"64","000","00","007","0704","0000","453","327","126","55","508","839","0","60.55","38.97"
"64","000","00","007","0704","1079","453","327","126","55","508","839","0","60.55","38.97"
"64","000","00","007","0705","0000","521","369","152","74","595","975","0","61.03","37.85"
"64","000","00","007","0705","1080","521","369","152","74","595","975","0","61.03","37.85"
"64","000","00","007","0706","0000","1965","1510","455","118","2083","3587","0","58.07","42.1"
"64","000","00","007","0706","1081","985","772","213","75","1060","1806","0","58.69","42.75"
"64","000","00","007","0706","1082","980","738","242","43","1023","1781","0","57.44","41.44"
"64","000","00","007","0707","0000","416","295","121","34","450","717","0","62.76","41.14"
"64","000","00","007","0707","1083","416","295","121","34","450","717","0","62.76","41.14"
"64","000","00","007","0708","0000","588","430","158","24","612","1097","0","55.79","39.2"
"64","000","00","007","0708","1084","588","430","158","24","612","1097","0","55.79","39.2"
"64","000","00","007","0709","0000","877","637","240","38","915","1633","0","56.03","39.01"
"64","000","00","007","0709","1085","877","637","240","38","915","1633","0","56.03","39.01"
"64","000","00","007","0710","0000","480","355","125","34","514","759","0","67.72","46.77"
"64","000","00","007","0710","1086","480","355","125","34","514","759","0","67.72","46.77"
"64","000","00","007","0711","0000","574","404","170","59","633","948","0","66.77","42.62"
"64","000","00","007","0711","1087","574","404","170","59","633","948","0","66.77","42.62"
"64","000","00","007","0712","0000","480","340","140","81","561","1009","0","55.6","33.7"
"64","000","00","007","0712","1088","480","340","140","81","561","1009","0","55.6","33.7"
"64","000","00","007","0713","0000","521","388","133","46","567","945","0","60.0","41.06"
"64","000","00","007","0713","1089","521","388","133","46","567","945","0","60.0","41.06"
"64","000","00","007","0714","0000","903","655","248","53","956","1529","0","62.52","42.84"
"64","000","00","007","0714","1090","446","334","112","21","467","772","0","60.49","43.26"
"64","000","00","007","0714","1091","457","321","136","32","489","757","0","64.6","42.4"
"64","000","00","007","0715","0000","612","459","153","37","649","1047","0","61.99","43.84"
"64","000","00","007","0715","1092","612","459","153","37","649","1047","0","61.99","43.84"
"64","000","00","007","0716","0000","573","415","158","52","625","985","0","63.45","42.13"
"64","000","00","007","0716","1093","573","415","158","52","625","985","0","63.45","42.13"
"64","000","00","007","0717","0000","874","650","224","30","904","1674","0","54.0","38.83"
"64","000","00","007","0717","1094","874","650","224","30","904","1674","0","54.0","38.83"
"64","000","00","007","0718","0000","584","425","159","34","618","1088","0","56.8","39.06"
"64","000","00","007","0718","1095","584","425","159","34","618","1088","0","56.8","39.06"
"64","000","00","007","0719","0000","541","395","146","59","600","893","0","67.19","44.23"
"64","000","00","007","0719","1096","541","395","146","59","600","893","0","67.19","44.23"
"64","000","00","007","0720","0000","616","445","171","37","653","1184","0","55.15","37.58"
"64","000","00","007","0720","1097","616","445","171","37","653","1184","0","55.15","37.58"
"64","000","00","008","0000","0000","81825","60364","21461","5570","87395","146786","169840","59.54","41.12"
"64","000","00","008","0801","0000","420","301","119","27","447","718","0","62.26","41.92"
"64","000","00","008","0801","1140","420","301","119","27","447","718","0","62.26","41.92"
"64","000","00","008","0802","0000","805","647","158","46","851","1492","0","57.04","43.36"
"64","000","00","008","0802","1141","805","647","158","46","851","1492","0","57.04","43.36"
"64","000","00","008","0803","0000","679","514","165","50","729","1210","0","60.25","42.48"
"64","000","00","008","0803","1142","679","514","165","50","729","1210","0","60.25","42.48"
"64","000","00","008","0804","0000","758","568","190","38","796","1617","0","49.23","35.13"
"64","000","00","008","0804","1143","758","568","190","38","796","1617","0","49.23","35.13"
"64","000","00","008","0805","0000","791","602","189","86","877","1428","0","61.41","42.16"
"64","000","00","008","0805","1144","791","602","189","86","877","1428","0","61.41","42.16"
"64","000","00","008","0806","0000","677","483","194","53","730","1444","0","50.55","33.45"
"64","000","00","008","0806","1145","677","483","194","53","730","1444","0","50.55","33.45"
"64","000","00","008","0807","0000","786","585","201","75","861","1452","0","59.3","40.29"
"64","000","00","008","0807","1146","786","585","201","75","861","1452","0","59.3","40.29"
"64","000","00","008","0808","0000","313","232","81","42","355","554","0","64.08","41.88"
"64","000","00","008","0808","1147","313","232","81","42","355","554","0","64.08","41.88"
"64","000","00","008","0809","0000","993","691","302","43","1036","1928","0","53.73","35.84"
"64","000","00","008","0809","1148","502","355","147","20","522","950","0","54.95","37.37"
"64","000","00","008","0809","1149","491","336","155","23","514","978","0","52.56","34.36"
"64","000","00","008","0810","0000","1795","1334","461","115","1910","3718","0","51.37","35.88"
"64","000","00","008","0810","1150","800","609","191","41","841","1673","0","50.27","36.4"
"64","000","00","008","0810","1151","995","725","270","74","1069","2045","0","52.27","35.45"
"64","000","00","008","0811","0000","519","381","138","72","591","939","0","62.94","40.58"
"64","000","00","008","0811","1152","519","381","138","72","591","939","0","62.94","40.58"
"64","000","00","008","0812","0000","652","487","165","42","694","1284","0","54.05","37.93"
"64","000","00","008","0812","1153","652","487","165","42","694","1284","0","54.05","37.93"
"64","000","00","008","0813","0000","950","721","229","49","999","1746","0","57.22","41.29"
"64","000","00","008","0813","1154","511","388","123","31","542","908","0","59.69","42.73"
"64","000","00","008","0813","1155","439","333","106","18","457","838","0","54.53","39.74"
"64","000","00","008","0814","0000","710","519","191","39","749","1267","0","59.12","40.96"
"64","000","00","008","0814","1156","710","519","191","39","749","1267","0","59.12","40.96"
"64","000","00","008","0815","0000","972","665","307","81","1053","1768","0","59.56","37.61"
"64","000","00","008","0815","1157","588","420","168","58","646","994","0","64.99","42.25"
"64","000","00","008","0815","1158","384","245","139","23","407","774","0","52.58","31.65"
"64","000","00","008","0816","0000","624","461","163","33","657","1121","0","58.61","41.12"
"64","000","00","008","0816","1159","624","461","163","33","657","1121","0","58.61","41.12"
"64","000","00","008","0817","0000","1658","1203","455","136","1794","2999","0","59.82","40.11"
"64","000","00","008","0817","1160","798","572","226","63","861","1474","0","58.41","38.81"
"64","000","00","008","0817","1161","860","631","229","73","933","1525","0","61.18","41.38"
"64","000","00","008","0818","0000","1216","896","320","74","1290","2161","0","59.69","41.46"
"64","000","00","008","0818","1162","614","460","154","36","650","1147","0","56.67","40.1"
"64","000","00","008","0818","1163","602","436","166","38","640","1014","0","63.12","43.0"
"64","000","00","008","0819","0000","1710","1211","499","136","1846","2995","0","61.64","40.43"
"64","000","00","008","0819","1164","844","584","260","62","906","1496","0","60.56","39.04"
"64","000","00","008","0819","1165","866","627","239","74","940","1499","0","62.71","41.83"
"64","000","00","008","0820","0000","1210","905","305","62","1272","1977","0","64.34","45.78"
"64","000","00","008","0820","1166","669","509","160","25","694","1138","0","60.98","44.73"
"64","000","00","008","0820","1167","541","396","145","37","578","839","0","68.89","47.2"
"64","000","00","008","0821","0000","671","511","160","50","721","2088","0","34.53","24.47"
"64","000","00","008","0821","1168","671","511","160","50","721","2088","0","34.53","24.47"
"64","000","00","008","0822","0000","1830","1348","482","82","1912","3271","0","58.45","41.21"
"64","000","00","008","0822","1169","953","694","259","11","964","1648","0","58.5","42.11"
"64","000","00","008","0822","1170","877","654","223","71","948","1623","0","58.41","40.3"
"64","000","00","008","0823","0000","1184","898","286","67","1251","1932","0","64.75","46.48"
"64","000","00","008","0823","1171","1184","898","286","67","1251","1932","0","64.75","46.48"
"64","000","00","008","0824","0000","1476","1117","359","51","1527","2283","0","66.89","48.93"
"64","000","00","008","0824","1172","733","552","181","26","759","1127","0","67.35","48.98"
"64","000","00","008","0824","1173","743","565","178","25","768","1156","0","66.44","48.88"
"64","000","00","008","0825","0000","861","623","238","37","898","1465","0","61.3","42.53"
"64","000","00","008","0825","1174","861","623","238","37","898","1465","0","61.3","42.53"
"64","000","00","008","0826","0000","334","245","89","26","360","690","0","52.17","35.51"
"64","000","00","008","0826","1175","334","245","89","26","360","690","0","52.17","35.51"
"64","000","00","008","0827","0000","632","456","176","103","735","1283","0","57.29","35.54"
"64","000","00","008","0827","1176","632","456","176","103","735","1283","0","57.29","35.54"
"64","000","00","008","0828","0000","1517","1106","411","130","1647","2745","0","60.0","40.29"
"64","000","00","008","0828","1177","780","563","217","82","862","1432","0","60.2","39.32"
"64","000","00","008","0828","1178","737","543","194","48","785","1313","0","59.79","41.36"
"64","000","00","008","0829","0000","800","570","230","31","831","1579","0","52.63","36.1"
"64","000","00","008","0829","1179","800","570","230","31","831","1579","0","52.63","36.1"
"64","000","00","008","0830","0000","1590","1183","407","144","1734","2834","0","61.19","41.74"
"64","000","00","008","0830","1180","761","533","228","73","834","1385","0","60.22","38.48"
"64","000","00","008","0830","1181","829","650","179","71","900","1449","0","62.11","44.86"
"64","000","00","008","0831","0000","1091","818","273","52","1143","1834","0","62.32","44.6"
"64","000","00","008","0831","1182","1091","818","273","52","1143","1834","0","62.32","44.6"
"64","000","00","008","0832","0000","1742","1230","512","71","1813","2867","0","63.24","42.9"
"64","000","00","008","0832","1183","886","602","284","11","897","1436","0","62.47","41.92"
"64","000","00","008","0832","1184","856","628","228","60","916","1431","0","64.01","43.89"
"64","000","00","008","0833","0000","1651","1233","418","72","1723","2718","0","63.39","45.36"
"64","000","00","008","0833","1185","767","567","200","24","791","1248","0","63.38","45.43"
"64","000","00","008","0833","1186","884","666","218","48","932","1470","0","63.4","45.31"
"64","000","00","008","0834","0000","926","713","213","89","1015","1540","0","65.91","46.3"
"64","000","00","008","0834","1187","926","713","213","89","1015","1540","0","65.91","46.3"
"64","000","00","008","0835","0000","1348","1011","337","60","1408","2213","0","63.62","45.68"
"64","000","00","008","0835","1188","821","613","208","35","856","1374","0","62.3","44.61"
"64","000","00","008","0835","1189","527","398","129","25","552","839","0","65.79","47.44"
"64","000","00","008","0836","0000","1297","986","311","60","1357","2084","0","65.12","47.31"
"64","000","00","008","0836","1190","647","485","162","42","689","1022","0","67.42","47.46"
"64","000","00","008","0836","1191","650","501","149","18","668","1062","0","62.9","47.18"
"64","000","00","008","0837","0000","1302","962","340","55","1357","2195","0","61.82","43.83"
"64","000","00","008","0837","1192","624","471","153","25","649","1078","0","60.2","43.69"
"64","000","00","008","0837","1193","678","491","187","30","708","1117","0","63.38","43.96"
"64","000","00","008","0838","0000","876","634","242","60","936","1516","0","61.74","41.82"
"64","000","00","008","0838","1194","876","634","242","60","936","1516","0","61.74","41.82"
"64","000","00","008","0839","0000","774","460","314","114","888","1440","0","61.67","31.94"
"64","000","00","008","0839","1195","774","460","314","114","888","1440","0","61.67","31.94"
"64","000","00","008","0840","0000","934","694","240","67","1001","1727","0","57.96","40.19"
"64","000","00","008","0840","1196","470","340","130","42","512","839","0","61.03","40.52"
"64","000","00","008","0840","1197","464","354","110","25","489","888","0","55.07","39.86"
"64","000","00","008","0841","0000","1302","933","369","102","1404","2105","0","66.7","44.32"
"64","000","00","008","0841","1198","656","467","189","36","692","1101","0","62.85","42.42"
"64","000","00","008","0841","1199","646","466","180","66","712","1004","0","70.92","46.41"
"64","000","00","008","0842","0000","2180","1613","567","171","2351","3779","0","62.21","42.68"
"64","000","00","008","0842","1200","803","596","207","67","870","1427","0","60.97","41.77"
"64","000","00","008","0842","1201","645","482","163","41","686","1168","0","58.73","41.27"
"64","000","00","008","0842","1202","732","535","197","63","795","1184","0","67.15","45.19"
"64","000","00","008","0843","0000","1008","748","260","54","1062","1823","0","58.26","41.03"
"64","000","00","008","0843","1203","582","419","163","35","617","974","0","63.35","43.02"
"64","000","00","008","0843","1204","426","329","97","19","445","849","0","52.41","38.75"
"64","000","00","008","0844","0000","1040","777","263","59","1099","1821","0","60.35","42.67"
"64","000","00","008","0844","1205","1040","777","263","59","1099","1821","0","60.35","42.67"
"64","000","00","008","0845","0000","2256","1657","599","137","2393","3906","0","61.26","42.42"
"64","000","00","008","0845","1206","773","582","191","58","831","1306","0","63.63","44.56"
"64","000","00","008","0845","1207","687","509","178","31","718","1185","0","60.59","42.95"
"64","000","00","008","0845","1208","796","566","230","48","844","1415","0","59.65","40.0"
"64","000","00","008","0846","0000","1121","815","306","100","1221","1926","0","63.4","42.32"
"64","000","00","008","0846","1209","590","437","153","41","631","962","0","65.59","45.43"
"64","000","00","008","0846","1210","531","378","153","59","590","964","0","61.2","39.21"
"64","000","00","008","0847","0000","863","654","209","38","901","1524","0","59.12","42.91"
"64","000","00","008","0847","1211","863","654","209","38","901","1524","0","59.12","42.91"
"64","000","00","008","0848","0000","831","615","216","40","871","1455","0","59.86","42.27"
"64","000","00","008","0848","1212","831","615","216","40","871","1455","0","59.86","42.27"
"64","000","00","008","0849","0000","1261","917","344","79","1340","2528","0","53.01","36.27"
"64","000","00","008","0849","1213","625","450","175","45","670","1272","0","52.67","35.38"
"64","000","00","008","0849","1214","636","467","169","34","670","1256","0","53.34","37.18"
"64","000","00","008","0850","0000","628","470","158","37","665","1203","0","55.28","39.07"
"64","000","00","008","0850","1215","628","470","158","37","665","1203","0","55.28","39.07"
"64","000","00","008","0851","0000","619","488","131","20","639","1062","0","60.17","45.95"
"64","000","00","008","0851","1216","619","488","131","20","639","1062","0","60.17","45.95"
"64","000","00","008","0852","0000","1080","772","308","164","1244","1860","0","66.88","41.51"
"64","000","00","008","0852","1217","494","364","130","69","563","850","0","66.24","42.82"
"64","000","00","008","0852","1218","586","408","178","95","681","1010","0","67.43","40.4"
"64","000","00","008","0853","0000","1139","838","301","87","1226","2055","0","59.66","40.78"
"64","000","00","008","0853","1219","598","445","153","33","631","1118","0","56.44","39.8"
"64","000","00","008","0853","1220","541","393","148","54","595","937","0","63.5","41.94"
"64","000","00","008","0854","0000","1375","1063","312","70","1445","2676","0","54.0","39.72"
"64","000","00","008","0854","1221","702","547","155","33","735","1493","0","49.23","36.64"
"64","000","00","008","0854","1222","673","516","157","37","710","1183","0","60.02","43.62"
"64","000","00","008","0855","0000","1365","999","366","89","1454","2680","0","54.25","37.28"
"64","000","00","008","0855","1223","626","465","161","34","660","1318","0","50.08","35.28"
"64","000","00","008","0855","1224","739","534","205","55","794","1362","0","58.3","39.21"
"64","000","00","008","0856","0000","1385","1008","377","153","1538","2583","0","59.54","39.02"
"64","000","00","008","0856","1225","581","397","184","84","665","1102","0","60.34","36.03"
"64","000","00","008","0856","1226","804","611","193","69","873","1481","0","58.95","41.26"
"64","000","00","008","0857","0000","960","712","248","84","1044","1786","0","58.45","39.87"
"64","000","00","008","0857","1227","523","401","122","59","582","878","0","66.29","45.67"
"64","000","00","008","0857","1228","437","311","126","25","462","908","0","50.88","34.25"
"64","000","00","008","0858","0000","1185","903","282","94","1279","2147","0","59.57","42.06"
"64","000","00","008","0858","1229","638","500","138","51","689","1056","0","65.25","47.35"
"64","000","00","008","0858","1230","547","403","144","43","590","1091","0","54.08","36.94"
"64","000","00","008","0859","0000","1232","892","340","80","1312","2039","0","64.35","43.75"
"64","000","00","008","0859","1231","570","410","160","35","605","976","0","61.99","42.01"
"64","000","00","008","0859","1232","662","482","180","45","707","1063","0","66.51","45.34"
"64","000","00","008","0860","0000","1597","1124","473","118","1715","2774","0","61.82","40.52"
"64","000","00","008","0860","1233","858","640","218","78","936","1484","0","63.07","43.13"
"64","000","00","008","0860","1234","739","484","255","40","779","1290","0","60.39","37.52"
"64","000","00","008","0861","0000","2778","2110","668","148","2926","4982","0","58.73","42.35"
"64","000","00","008","0861","1235","998","736","262","59","1057","1740","0","60.75","42.3"
"64","000","00","008","0861","1236","881","672","209","66","947","1594","0","59.41","42.16"
"64","000","00","008","0861","1237","899","702","197","23","922","1648","0","55.95","42.6"
"64","000","00","008","0862","0000","2126","1552","574","151","2277","3730","0","61.05","41.61"
"64","000","00","008","0862","1238","736","557","179","65","801","1236","0","64.81","45.06"
"64","000","00","008","0862","1239","688","492","196","55","743","1211","0","61.35","40.63"
"64","000","00","008","0862","1240","702","503","199","31","733","1283","0","57.13","39.2"
"64","000","00","008","0863","0000","2048","1522","526","158","2206","3522","0","62.63","43.21"
"64","000","00","008","0863","1241","1051","774","277","86","1137","1804","0","63.03","42.9"
"64","000","00","008","0863","1242","997","748","249","72","1069","1718","0","62.22","43.54"
"64","000","00","008","0864","0000","2295","1691","604","188","2483","4053","0","61.26","41.72"
"64","000","00","008","0864","1243","749","553","196","66","815","1297","0","62.84","42.64"
"64","000","00","008","0864","1244","800","594","206","91","891","1449","0","61.49","40.99"
"64","000","00","008","0864","1245","746","544","202","31","777","1307","0","59.45","41.62"
"64","000","00","008","0865","0000","1454","1075","379","143","1597","2434","0","65.61","44.17"
"64","000","00","008","0865","1246","690","528","162","61","751","1184","0","63.43","44.59"
"64","000","00","008","0865","1247","764","547","217","82","846","1250","0","67.68","43.76"
"64","000","00","008","0866","0000","1399","1021","378","67","1466","2531","0","57.92","40.34"
"64","000","00","008","0866","1248","674","481","193","38","712","1248","0","57.05","38.54"
"64","000","00","008","0866","1249","725","540","185","29","754","1283","0","58.77","42.09"
"64","000","00","008","0867","0000","2078","1598","480","92","2170","3718","0","58.36","42.98"
"64","000","00","008","0867","1250","628","483","145","34","662","1121","0","59.05","43.09"
"64","000","00","008","0867","1251","706","522","184","31","737","1258","0","58.59","41.49"
"64","000","00","008","0867","1252","744","593","151","27","771","1339","0","57.58","44.29"
"64","000","00","008","0868","0000","1037","759","278","71","1108","1986","0","55.79","38.22"
"64","000","00","008","0868","1253","1037","759","278","71","1108","1986","0","55.79","38.22"
"64","000","00","008","0869","0000","1109","834","275","56","1165","1976","0","58.96","42.21"
"64","000","00","008","0869","1254","558","417","141","39","597","1028","0","58.07","40.56"
"64","000","00","008","0869","1255","551","417","134","17","568","948","0","59.92","43.99"
"64","000","00","009","0000","0000","84998","63622","21376","7668","92666","161797","188516","57.27","39.32"
"64","000","00","009","0901","0000","4271","3154","1117","478","4749","9323","0","50.94","33.83"
"64","000","00","009","0901","1484","858","626","232","143","1001","1809","0","55.33","34.6"
"64","000","00","009","0901","1485","905","652","253","94","999","1835","0","54.44","35.53"
"64","000","00","009","0901","1486","742","576","166","86","828","1890","0","43.81","30.48"
"64","000","00","009","0901","1487","901","662","239","71","972","2013","0","48.29","32.89"
"64","000","00","009","0901","1488","865","638","227","84","949","1776","0","53.43","35.92"
"64","000","00","009","0902","0000","1069","780","289","181","1250","2377","0","52.59","32.81"
"64","000","00","009","0902","1489","728","531","197","100","828","1705","0","48.56","31.14"
"64","000","00","009","0902","1490","341","249","92","81","422","672","0","62.8","37.05"
"64","000","00","009","0903","0000","2485","1811","674","243","2728","5013","0","54.42","36.13"
"64","000","00","009","0903","1491","743","553","190","105","848","1726","0","49.13","32.04"
"64","000","00","009","0903","1492","831","607","224","48","879","1597","0","55.04","38.01"
"64","000","00","009","0903","1493","911","651","260","90","1001","1690","0","59.23","38.52"
"64","000","00","009","0904","0000","1291","966","325","160","1451","2239","0","64.81","43.14"
"64","000","00","009","0904","1494","610","468","142","76","686","1080","0","63.52","43.33"
"64","000","00","009","0904","1495","681","498","183","84","765","1159","0","66.01","42.97"
"64","000","00","009","0905","0000","634","477","157","79","713","1314","0","54.26","36.3"
"64","000","00","009","0905","1496","634","477","157","79","713","1314","0","54.26","36.3"
"64","000","00","009","0906","0000","1033","779","254","118","1151","1898","0","60.64","41.04"
"64","000","00","009","0906","1497","490","387","103","68","558","896","0","62.28","43.19"
"64","000","00","009","0906","1498","543","392","151","50","593","1002","0","59.18","39.12"
"64","000","00","009","0907","0000","957","678","279","110","1067","2765","0","38.59","24.52"
"64","000","00","009","0907","1499","957","678","279","110","1067","2765","0","38.59","24.52"
"64","000","00","009","0908","0000","305","235","70","71","376","600","0","62.67","39.17"
"64","000","00","009","0908","1500","305","235","70","71","376","600","0","62.67","39.17"
"64","000","00","009","0909","0000","471","349","122","50","521","1466","0","35.54","23.81"
"64","000","00","009","0909","1501","471","349","122","50","521","1466","0","35.54","23.81"
"64","000","00","009","0910","0000","703","527","176","57","760","1449","0","52.45","36.37"
"64","000","00","009","0910","1502","703","527","176","57","760","1449","0","52.45","36.37"
"64","000","00","009","0911","0000","1148","867","281","150","1298","2239","0","57.97","38.72"
"64","000","00","009","0911","1503","483","362","121","62","545","991","0","54.99","36.53"
"64","000","00","009","0911","1504","665","505","160","88","753","1248","0","60.34","40.46"
"64","000","00","009","0912","0000","572","432","140","108","680","1066","0","63.79","40.53"
"64","000","00","009","0912","1505","572","432","140","108","680","1066","0","63.79","40.53"
"64","000","00","009","0913","0000","295","253","42","37","332","706","0","47.03","35.84"
"64","000","00","009","0913","1506","295","253","42","37","332","706","0","47.03","35.84"
"64","000","00","009","0914","0000","325","231","94","43","368","713","0","51.61","32.4"
"64","000","00","009","0914","1507","325","231","94","43","368","713","0","51.61","32.4"
"64","000","00","009","0915","0000","628","436","192","51","679","1344","0","50.52","32.44"
"64","000","00","009","0915","1508","628","436","192","51","679","1344","0","50.52","32.44"
"64","000","00","009","0916","0000","855","612","243","104","959","1729","0","55.47","35.4"
"64","000","00","009","0916","1509","458","343","115","59","517","856","0","60.4","40.07"
"64","000","00","009","0916","1510","397","269","128","45","442","873","0","50.63","30.81"
"64","000","00","009","0917","0000","999","734","265","72","1071","2226","0","48.11","32.97"
"64","000","00","009","0917","1511","514","379","135","53","567","1114","0","50.9","34.02"
"64","000","00","009","0917","1512","485","355","130","19","504","1112","0","45.32","31.92"
"64","000","00","009","0918","0000","986","712","274","113","1099","1984","0","55.39","35.89"
"64","000","00","009","0918","1513","522","390","132","63","585","1044","0","56.03","37.36"
"64","000","00","009","0918","1514","464","322","142","50","514","940","0","54.68","34.26"
"64","000","00","009","0919","0000","2230","1684","546","185","2415","4064","0","59.42","41.44"
"64","000","00","009","0919","1515","619","482","137","83","702","1342","0","52.31","35.92"
"64","000","00","009","0919","1516","848","624","224","68","916","1402","0","65.34","44.51"
"64","000","00","009","0919","1517","763","578","185","34","797","1320","0","60.38","43.79"
"64","000","00","009","0920","0000","508","361","147","64","572","958","0","59.71","37.68"
"64","000","00","009","0920","1518","508","361","147","64","572","958","0","59.71","37.68"
"64","000","00","009","0921","0000","1630","1274","356","147","1777","2735","0","64.97","46.58"
"64","000","00","009","0921","1519","818","630","188","49","867","1276","0","67.95","49.37"
"64","000","00","009","0921","1520","812","644","168","98","910","1459","0","62.37","44.14"
"64","000","00","009","0922","0000","334","226","108","27","361","761","0","47.44","29.7"
"64","000","00","009","0922","1521","334","226","108","27","361","761","0","47.44","29.7"
"64","000","00","009","0923","0000","532","380","152","29","561","1093","0","51.33","34.77"
"64","000","00","009","0923","1522","532","380","152","29","561","1093","0","51.33","34.77"
"64","000","00","009","0924","0000","2738","2273","465","130","2868","4899","0","58.54","46.4"
"64","000","00","009","0924","1523","910","776","134","51","961","1521","0","63.18","51.02"
"64","000","00","009","0924","1524","916","761","155","43","959","1557","0","61.59","48.88"
"64","000","00","009","0924","1525","912","736","176","36","948","1821","0","52.06","40.42"
"64","000","00","009","0925","0000","1355","1149","206","63","1418","2112","0","67.14","54.4"
"64","000","00","009","0925","1526","691","584","107","46","737","1066","0","69.14","54.78"
"64","000","00","009","0925","1527","664","565","99","17","681","1046","0","65.11","54.02"
"64","000","00","009","0928","0000","1902","1380","522","155","2057","3432","0","59.94","40.21"
"64","000","00","009","0928","1528","926","647","279","65","991","1709","0","57.99","37.86"
"64","000","00","009","0928","1529","976","733","243","90","1066","1723","0","61.87","42.54"
"64","000","00","009","0929","0000","2440","1820","620","166","2606","3994","0","65.25","45.57"
"64","000","00","009","0929","1530","733","531","202","54","787","1202","0","65.47","44.18"
"64","000","00","009","0929","1531","784","559","225","53","837","1279","0","65.44","43.71"
"64","000","00","009","0929","1532","923","730","193","59","982","1513","0","64.9","48.25"
"64","000","00","009","0930","0000","684","538","146","25","709","1260","0","56.27","42.7"
"64","000","00","009","0930","1533","684","538","146","25","709","1260","0","56.27","42.7"
"64","000","00","009","0931","0000","1369","1024","345","139","1508","2279","0","66.17","44.93"
"64","000","00","009","0931","1534","663","496","167","85","748","1139","0","65.67","43.55"
"64","000","00","009","0931","1535","706","528","178","54","760","1140","0","66.67","46.32"
"64","000","00","009","0932","0000","1622","1197","425","136","1758","2821","0","62.32","42.43"
"64","000","00","009","0932","1536","823","594","229","92","915","1462","0","62.59","40.63"
"64","000","00","009","0932","1537","799","603","196","44","843","1359","0","62.03","44.37"
"64","000","00","009","0933","0000","954","662","292","100","1054","2037","0","51.74","32.5"
"64","000","00","009","0933","1538","954","662","292","100","1054","2037","0","51.74","32.5"
"64","000","00","009","0934","0000","1429","1053","376","60","1489","2717","0","54.8","38.76"
"64","000","00","009","0934","1539","729","562","167","32","761","1410","0","53.97","39.86"
"64","000","00","009","0934","1540","700","491","209","28","728","1307","0","55.7","37.57"
"64","000","00","009","0935","0000","1614","1138","476","184","1798","3003","0","59.87","37.9"
"64","000","00","009","0935","1541","786","556","230","96","882","1512","0","58.33","36.77"
"64","000","00","009","0935","1542","828","582","246","88","916","1491","0","61.44","39.03"
"64","000","00","009","0936","0000","1586","1193","393","171","1757","3143","0","55.9","37.96"
"64","000","00","009","0936","1543","854","643","211","96","950","1621","0","58.61","39.67"
"64","000","00","009","0936","1544","732","550","182","75","807","1522","0","53.02","36.14"
"64","000","00","009","0937","0000","2969","2187","782","269","3238","5348","0","60.55","40.89"
"64","000","00","009","0937","1545","875","631","244","72","947","1593","0","59.45","39.61"
"64","000","00","009","0937","1546","1029","769","260","97","1126","1885","0","59.73","40.8"
"64","000","00","009","0937","1547","1065","787","278","100","1165","1870","0","62.3","42.09"
"64","000","00","009","0938","0000","1503","1126","377","115","1618","2736","0","59.14","41.15"
"64","000","00","009","0938","1548","772","560","212","35","807","1388","0","58.14","40.35"
"64","000","00","009","0938","1549","731","566","165","80","811","1348","0","60.16","41.99"
"64","000","00","009","0939","0000","1467","1089","378","166","1633","2705","0","60.37","40.26"
"64","000","00","009","0939","1550","654","495","159","120","774","1341","0","57.72","36.91"
"64","000","00","009","0939","1551","813","594","219","46","859","1364","0","62.98","43.55"
"64","000","00","009","0940","0000","1440","1033","407","169","1609","2693","0","59.75","38.36"
"64","000","00","009","0940","1552","748","548","200","81","829","1367","0","60.64","40.09"
"64","000","00","009","0940","1553","692","485","207","88","780","1326","0","58.82","36.58"
"64","000","00","009","0941","0000","1181","919","262","74","1255","2178","0","57.62","42.19"
"64","000","00","009","0941","1554","542","422","120","49","591","1059","0","55.81","39.85"
"64","000","00","009","0941","1555","639","497","142","25","664","1119","0","59.34","44.41"
"64","000","00","009","0942","0000","3713","2861","852","205","3918","6642","0","58.99","43.07"
"64","000","00","009","0942","1556","781","561","220","39","820","1565","0","52.4","35.85"
"64","000","00","009","0942","1557","834","600","234","71","905","1549","0","58.42","38.73"
"64","000","00","009","0942","1558","1040","816","224","54","1094","1691","0","64.7","48.26"
"64","000","00","009","0942","1559","1058","884","174","41","1099","1837","0","59.83","48.12"
"64","000","00","009","0943","0000","1283","969","314","93","1376","2218","0","62.04","43.69"
"64","000","00","009","0943","1560","641","484","157","29","670","1092","0","61.36","44.32"
"64","000","00","009","0943","1561","642","485","157","64","706","1126","0","62.7","43.07"
"64","000","00","009","0944","0000","2355","1739","616","163","2518","4106","0","61.32","42.35"
"64","000","00","009","0944","1562","622","450","172","84","706","1215","0","58.11","37.04"
"64","000","00","009","0944","1563","812","599","213","41","853","1443","0","59.11","41.51"
"64","000","00","009","0944","1564","921","690","231","38","959","1448","0","66.23","47.65"
"64","000","00","009","0945","0000","1676","1266","410","194","1870","3251","0","57.52","38.94"
"64","000","00","009","0945","1565","908","700","208","92","1000","1648","0","60.68","42.48"
"64","000","00","009","0945","1566","768","566","202","102","870","1603","0","54.27","35.31"
"64","000","00","009","0946","0000","753","584","169","26","779","1596","0","48.81","36.59"
"64","000","00","009","0946","1567","753","584","169","26","779","1596","0","48.81","36.59"
"64","000","00","009","0947","0000","2336","1778","558","244","2580","4607","0","56.0","38.59"
"64","000","00","009","0947","1568","660","527","133","48","708","1450","0","48.83","36.34"
"64","000","00","009","0947","1569","746","564","182","92","838","1510","0","55.5","37.35"
"64","000","00","009","0947","1570","930","687","243","104","1034","1647","0","62.78","41.71"
"64","000","00","009","0948","0000","1373","1073","300","133","1506","2726","0","55.25","39.36"
"64","000","00","009","0948","1571","696","536","160","76","772","1342","0","57.53","39.94"
"64","000","00","009","0948","1572","677","537","140","57","734","1384","0","53.03","38.8"
"64","000","00","009","0949","0000","2460","1884","576","207","2667","4620","0","57.73","40.78"
"64","000","00","009","0949","1573","726","571","155","88","814","1479","0","55.04","38.61"
"64","000","00","009","0949","1574","830","630","200","45","875","1546","0","56.6","40.75"
"64","000","00","009","0949","1575","904","683","221","74","978","1595","0","61.32","42.82"
"64","000","00","009","0950","0000","1220","921","299","99","1319","2283","0","57.77","40.34"
"64","000","00","009","0950","1576","671","513","158","74","745","1201","0","62.03","42.71"
"64","000","00","009","0950","1577","549","408","141","25","574","1082","0","53.05","37.71"
"64","000","00","009","0951","0000","975","718","257","139","1114","1928","0","57.78","37.24"
"64","000","00","009","0951","1578","488","369","119","50","538","996","0","54.02","37.05"
"64","000","00","009","0951","1579","487","349","138","89","576","932","0","61.8","37.45"
"64","000","00","009","0952","0000","2044","1542","502","112","2156","3574","0","60.32","43.14"
"64","000","00","009","0952","1580","639","450","189","57","696","1146","0","60.73","39.27"
"64","000","00","009","0952","1581","612","464","148","35","647","1096","0","59.03","42.34"
"64","000","00","009","0952","1582","793","628","165","20","813","1332","0","61.04","47.15"
"64","000","00","009","0953","0000","1899","1428","471","193","2092","3477","0","60.17","41.07"
"64","000","00","009","0953","1583","628","469","159","42","670","1175","0","57.02","39.91"
"64","000","00","009","0953","1584","529","401","128","70","599","986","0","60.75","40.67"
"64","000","00","009","0953","1585","742","558","184","81","823","1316","0","62.54","42.4"
"64","000","00","009","0954","0000","1633","1228","405","166","1799","3181","0","56.55","38.6"
"64","000","00","009","0954","1586","734","546","188","78","812","1559","0","52.08","35.02"
"64","000","00","009","0954","1587","899","682","217","88","987","1622","0","60.85","42.05"
"64","000","00","009","0955","0000","1365","980","385","149","1514","2609","0","58.03","37.56"
"64","000","00","009","0955","1588","673","497","176","40","713","1310","0","54.43","37.94"
"64","000","00","009","0955","1589","692","483","209","109","801","1299","0","61.66","37.18"
"64","000","00","009","0956","0000","1397","1073","324","104","1501","2566","0","58.5","41.82"
"64","000","00","009","0956","1590","727","545","182","74","801","1191","0","67.25","45.76"
"64","000","00","009","0956","1591","670","528","142","30","700","1375","0","50.91","38.4"
"64","000","00","009","0957","0000","1333","981","352","58","1391","2513","0","55.35","39.04"
"64","000","00","009","0957","1592","730","540","190","29","759","1338","0","56.73","40.36"
"64","000","00","009","0957","1593","603","441","162","29","632","1175","0","53.79","37.53"
"64","000","00","009","0958","0000","1404","1015","389","102","1506","2544","0","59.2","39.9"
"64","000","00","009","0958","1594","706","528","178","33","739","1357","0","54.46","38.91"
"64","000","00","009","0958","1595","698","487","211","69","767","1187","0","64.62","41.03"
"64","000","00","009","0959","0000","1302","951","351","119","1421","2383","0","59.63","39.91"
"64","000","00","009","0959","1596","609","438","171","49","658","1164","0","56.53","37.63"
"64","000","00","009","0959","1597","693","513","180","70","763","1219","0","62.59","42.08"
"64","000","00","009","0960","0000","2351","1766","585","180","2531","4454","0","56.83","39.65"
"64","000","00","009","0960","1598","718","512","206","30","748","1428","0","52.38","35.85"
"64","000","00","009","0960","1599","766","548","218","114","880","1495","0","58.86","36.66"
"64","000","00","009","0960","1600","867","706","161","36","903","1531","0","58.98","46.11"
"64","000","00","009","0961","0000","1612","1126","486","183","1795","3100","0","57.9","36.32"
"64","000","00","009","0961","1601","792","516","276","105","897","1509","0","59.44","34.19"
"64","000","00","009","0961","1602","820","610","210","78","898","1591","0","56.44","38.34"
"64","000","00","010","0000","0000","10910","7980","2930","1363","12273","24860","28533","49.37","32.1"
"64","000","00","010","1001","0000","609","508","101","123","732","1177","0","62.19","43.16"
"64","000","00","010","1001","0869","609","508","101","123","732","1177","0","62.19","43.16"
"64","000","00","010","1002","0000","469","349","120","55","524","1109","0","47.25","31.47"
"64","000","00","010","1002","0870","469","349","120","55","524","1109","0","47.25","31.47"
"64","000","00","010","1003","0000","677","486","191","26","703","1642","0","42.81","29.6"
"64","000","00","010","1003","0871","677","486","191","26","703","1642","0","42.81","29.6"
"64","000","00","010","1004","0000","1021","765","256","165","1186","2321","0","51.1","32.96"
"64","000","00","010","1004","0872","561","420","141","103","664","1209","0","54.92","34.74"
"64","000","00","010","1004","0873","460","345","115","62","522","1112","0","46.94","31.03"
"64","000","00","010","1005","0000","1328","1014","314","137","1465","2943","0","49.78","34.45"
"64","000","00","010","1005","0874","753","546","207","100","853","1483","0","57.52","36.82"
"64","000","00","010","1005","0875","575","468","107","37","612","1460","0","41.92","32.05"
"64","000","00","010","1006","0000","801","558","243","175","976","1572","0","62.09","35.5"
"64","000","00","010","1006","0876","801","558","243","175","976","1572","0","62.09","35.5"
"64","000","00","010","1007","0000","584","452","132","36","620","1384","0","44.8","32.66"
"64","000","00","010","1007","0877","584","452","132","36","620","1384","0","44.8","32.66"
"64","000","00","010","1008","0000","1121","811","310","113","1234","2629","0","46.94","30.85"
"64","000","00","010","1008","0878","589","425","164","44","633","1390","0","45.54","30.58"
"64","000","00","010","1008","0879","532","386","146","69","601","1239","0","48.51","31.15"
"64","000","00","010","1009","0000","919","637","282","139","1058","2045","0","51.74","31.15"
"64","000","00","010","1009","0880","919","637","282","139","1058","2045","0","51.74","31.15"
"64","000","00","010","1010","0000","1192","831","361","184","1376","2759","0","49.87","30.12"
"64","000","00","010","1010","0881","391","283","108","23","414","893","0","46.36","31.69"
"64","000","00","010","1010","0882","801","548","253","161","962","1866","0","51.55","29.37"
"64","000","00","010","1011","0000","675","458","217","43","718","1874","0","38.31","24.44"
"64","000","00","010","1011","0883","675","458","217","43","718","1874","0","38.31","24.44"
"64","000","00","010","1012","0000","384","279","105","71","455","893","0","50.95","31.24"
"64","000","00","010","1012","0884","384","279","105","71","455","893","0","50.95","31.24"
"64","000","00","010","1013","0000","1130","832","298","96","1226","2512","0","48.81","33.12"
"64","000","00","010","1013","0885","578","399","179","48","626","1215","0","51.52","32.84"
"64","000","00","010","1013","0886","552","433","119","48","600","1297","0","46.26","33.38"
"64","000","00","011","0000","0000","70820","53331","17489","5365","76185","132733","157685","57.4","40.18"
"64","000","00","011","1101","0000","1308","975","333","116","1424","2279","0","62.48","42.78"
"64","000","00","011","1101","1603","645","477","168","46","691","1108","0","62.36","43.05"
"64","000","00","011","1101","1604","663","498","165","70","733","1171","0","62.6","42.53"
"64","000","00","011","1102","0000","1770","1322","448","51","1821","3225","0","56.47","40.99"
"64","000","00","011","1102","1605","937","671","266","25","962","1557","0","61.79","43.1"
"64","000","00","011","1102","1606","833","651","182","26","859","1668","0","51.5","39.03"
"64","000","00","011","1103","0000","1417","1106","311","64","1481","2555","0","57.96","43.29"
"64","000","00","011","1103","1607","685","546","139","33","718","1183","0","60.69","46.15"
"64","000","00","011","1103","1608","732","560","172","31","763","1372","0","55.61","40.82"
"64","000","00","011","1104","0000","983","713","270","64","1047","1737","0","60.28","41.05"
"64","000","00","011","1104","1609","983","713","270","64","1047","1737","0","60.28","41.05"
"64","000","00","011","1105","0000","1600","1175","425","184","1784","3144","0","56.74","37.37"
"64","000","00","011","1105","1610","849","601","248","104","953","1586","0","60.09","37.89"
"64","000","00","011","1105","1611","751","574","177","80","831","1558","0","53.34","36.84"
"64","000","00","011","1106","0000","1507","1127","380","147","1654","2533","0","65.3","44.49"
"64","000","00","011","1106","1612","799","583","216","78","877","1284","0","68.3","45.4"
"64","000","00","011","1106","1613","708","544","164","69","777","1249","0","62.21","43.55"
"64","000","00","011","1107","0000","1004","732","272","121","1125","2400","0","46.88","30.5"
"64","000","00","011","1107","1614","1004","732","272","121","1125","2400","0","46.88","30.5"
"64","000","00","011","1108","0000","1230","894","336","85","1315","2260","0","58.19","39.56"
"64","000","00","011","1108","1615","659","470","189","50","709","1181","0","60.03","39.8"
"64","000","00","011","1108","1616","571","424","147","35","606","1079","0","56.16","39.3"
"64","000","00","011","1109","0000","1442","1095","347","110","1552","2576","0","60.25","42.51"
"64","000","00","011","1109","1617","742","547","195","44","786","1335","0","58.88","40.97"
"64","000","00","011","1109","1618","700","548","152","66","766","1241","0","61.72","44.16"
"64","000","00","011","1110","0000","3136","2347","789","221","3357","5796","0","57.92","40.49"
"64","000","00","011","1110","1619","802","581","221","67","869","1513","0","57.44","38.4"
"64","000","00","011","1110","1620","761","590","171","70","831","1349","0","61.6","43.74"
"64","000","00","011","1110","1621","770","562","208","53","823","1483","0","55.5","37.9"
"64","000","00","011","1110","1622","803","614","189","31","834","1451","0","57.48","42.32"
"64","000","00","011","1111","0000","1390","1023","367","108","1498","2503","0","59.85","40.87"
"64","000","00","011","1111","1623","629","479","150","27","656","1241","0","52.86","38.6"
"64","000","00","011","1111","1624","761","544","217","81","842","1262","0","66.72","43.11"
"64","000","00","011","1112","0000","1862","1406","456","145","2007","3690","0","54.39","38.1"
"64","000","00","011","1112","1625","997","752","245","104","1101","1813","0","60.73","41.48"
"64","000","00","011","1112","1626","865","654","211","41","906","1877","0","48.27","34.84"
"64","000","00","011","1113","0000","1566","1189","377","66","1632","2844","0","57.38","41.81"
"64","000","00","011","1113","1627","744","567","177","32","776","1391","0","55.79","40.76"
"64","000","00","011","1113","1628","822","622","200","34","856","1453","0","58.91","42.81"
"64","000","00","011","1114","0000","2261","1688","573","178","2439","4056","0","60.13","41.62"
"64","000","00","011","1114","1629","766","551","215","48","814","1374","0","59.24","40.1"
"64","000","00","011","1114","1630","725","538","187","65","790","1348","0","58.61","39.91"
"64","000","00","011","1114","1631","770","599","171","65","835","1334","0","62.59","44.9"
"64","000","00","011","1115","0000","2342","1898","444","137","2479","4369","0","56.74","43.44"
"64","000","00","011","1115","1632","759","547","212","36","795","1433","0","55.48","38.17"
"64","000","00","011","1115","1633","704","515","189","21","725","1448","0","50.07","35.57"
"64","000","00","011","1115","1634","879","836","43","80","959","1488","0","64.45","56.18"
"64","000","00","011","1116","0000","1543","1165","378","122","1665","2584","0","64.43","45.09"
"64","000","00","011","1116","1635","718","549","169","64","782","1278","0","61.19","42.96"
"64","000","00","011","1116","1636","825","616","209","58","883","1306","0","67.61","47.17"
"64","000","00","011","1117","0000","1825","1369","456","192","2017","3265","0","61.78","41.93"
"64","000","00","011","1117","1637","883","672","211","92","975","1625","0","60.0","41.35"
"64","000","00","011","1117","1638","942","697","245","100","1042","1640","0","63.54","42.5"
"64","000","00","011","1118","0000","1537","1172","365","130","1667","2944","0","56.62","39.81"
"64","000","00","011","1118","1639","809","617","192","64","873","1506","0","57.97","40.97"
"64","000","00","011","1118","1640","728","555","173","66","794","1438","0","55.22","38.6"
"64","000","00","011","1119","0000","1336","1050","286","62","1398","2272","0","61.53","46.21"
"64","000","00","011","1119","1641","711","560","151","42","753","1105","0","68.14","50.68"
"64","000","00","011","1119","1642","625","490","135","20","645","1167","0","55.27","41.99"
"64","000","00","011","1120","0000","2319","1829","490","132","2451","4039","0","60.68","45.28"
"64","000","00","011","1120","1643","813","640","173","34","847","1420","0","59.65","45.07"
"64","000","00","011","1120","1644","836","639","197","65","901","1380","0","65.29","46.3"
"64","000","00","011","1120","1645","670","550","120","33","703","1239","0","56.74","44.39"
"64","000","00","011","1121","0000","1792","1402","390","144","1936","3207","0","60.37","43.72"
"64","000","00","011","1121","1646","901","713","188","59","960","1563","0","61.42","45.62"
"64","000","00","011","1121","1647","891","689","202","85","976","1644","0","59.37","41.91"
"64","000","00","011","1122","0000","5758","4405","1353","470","6228","11107","0","56.07","39.66"
"64","000","00","011","1122","1648","1001","875","126","83","1084","1895","0","57.2","46.17"
"64","000","00","011","1122","1649","892","674","218","99","991","1748","0","56.69","38.56"
"64","000","00","011","1122","1650","875","613","262","100","975","1579","0","61.75","38.82"
"64","000","00","011","1122","1651","1065","801","264","53","1118","2135","0","52.37","37.52"
"64","000","00","011","1122","1652","925","689","236","81","1006","1728","0","58.22","39.87"
"64","000","00","011","1122","1653","1000","753","247","54","1054","2022","0","52.13","37.24"
"64","000","00","011","1123","0000","1968","1471","497","153","2121","3916","0","54.16","37.56"
"64","000","00","011","1123","1654","595","464","131","22","617","1329","0","46.43","34.91"
"64","000","00","011","1123","1655","686","510","176","43","729","1320","0","55.23","38.64"
"64","000","00","011","1123","1656","687","497","190","88","775","1267","0","61.17","39.23"
"64","000","00","011","1124","0000","1484","1120","364","121","1605","2587","0","62.04","43.29"
"64","000","00","011","1124","1657","739","554","185","85","824","1298","0","63.48","42.68"
"64","000","00","011","1124","1658","745","566","179","36","781","1289","0","60.59","43.91"
"64","000","00","011","1125","0000","1684","1257","427","96","1780","3028","0","58.78","41.51"
"64","000","00","011","1125","1659","853","635","218","48","901","1534","0","58.74","41.4"
"64","000","00","011","1125","1660","831","622","209","48","879","1494","0","58.84","41.63"
"64","000","00","011","1126","0000","1520","1178","342","162","1682","2721","0","61.82","43.29"
"64","000","00","011","1126","1661","740","556","184","82","822","1377","0","59.69","40.38"
"64","000","00","011","1126","1662","780","622","158","80","860","1344","0","63.99","46.28"
"64","000","00","011","1127","0000","3125","2242","883","201","3326","5757","0","57.77","38.94"
"64","000","00","011","1127","1663","837","637","200","67","904","1508","0","59.95","42.24"
"64","000","00","011","1127","1664","716","403","313","35","751","1400","0","53.64","28.79"
"64","000","00","011","1127","1665","834","642","192","63","897","1457","0","61.56","44.06"
"64","000","00","011","1127","1666","738","560","178","36","774","1392","0","55.6","40.23"
"64","000","00","011","1128","0000","2343","1773","570","159","2502","4487","0","55.76","39.51"
"64","000","00","011","1128","1667","1011","770","241","74","1085","1983","0","54.72","38.83"
"64","000","00","011","1128","1668","620","503","117","33","653","1204","0","54.24","41.78"
"64","000","00","011","1128","1669","712","500","212","52","764","1300","0","58.77","38.46"
"64","000","00","011","1129","0000","1903","1416","487","135","2038","3423","0","59.54","41.37"
"64","000","00","011","1129","1670","1062","762","300","95","1157","1857","0","62.3","41.03"
"64","000","00","011","1129","1671","841","654","187","40","881","1566","0","56.26","41.76"
"64","000","00","011","1130","0000","1569","1189","380","175","1744","2579","0","67.62","46.1"
"64","000","00","011","1130","1672","794","601","193","84","878","1343","0","65.38","44.75"
"64","000","00","011","1130","1673","775","588","187","91","866","1236","0","70.06","47.57"
"64","000","00","011","1131","0000","4205","3147","1058","234","4439","7715","0","57.54","40.79"
"64","000","00","011","1131","1674","887","674","213","96","983","1564","0","62.85","43.09"
"64","000","00","011","1131","1675","801","589","212","17","818","1484","0","55.12","39.69"
"64","000","00","011","1131","1676","787","584","203","41","828","1477","0","56.06","39.54"
"64","000","00","011","1131","1677","873","658","215","41","914","1482","0","61.67","44.4"
"64","000","00","011","1131","1678","857","642","215","39","896","1708","0","52.46","37.59"
"64","000","00","011","1132","0000","1802","1313","489","97","1899","3576","0","53.1","36.72"
"64","000","00","011","1132","1679","996","698","298","73","1069","1867","0","57.26","37.39"
"64","000","00","011","1132","1680","806","615","191","24","830","1709","0","48.57","35.99"
"64","000","00","011","1133","0000","1454","1091","363","128","1582","3121","0","50.69","34.96"
"64","000","00","011","1133","1681","710","523","187","71","781","1425","0","54.81","36.7"
"64","000","00","011","1133","1682","744","568","176","57","801","1696","0","47.23","33.49"
"64","000","00","011","1134","0000","1477","1218","259","145","1622","3053","0","53.13","39.9"
"64","000","00","011","1134","1683","670","603","67","48","718","1522","0","47.17","39.62"
"64","000","00","011","1134","1684","807","615","192","97","904","1531","0","59.05","40.17"
"64","000","00","011","1135","0000","1052","703","349","147","1199","2215","0","54.13","31.74"
"64","000","00","011","1135","1685","1052","703","349","147","1199","2215","0","54.13","31.74"
"64","000","00","011","1136","0000","1445","1046","399","76","1521","3050","0","49.87","34.3"
"64","000","00","011","1136","1686","754","558","196","38","792","1515","0","52.28","36.83"
"64","000","00","011","1136","1687","691","488","203","38","729","1535","0","47.49","31.79"
"64","000","00","011","1137","0000","1206","885","321","74","1280","2493","0","51.34","35.5"
"64","000","00","011","1137","1688","656","479","177","35","691","1276","0","54.15","37.54"
"64","000","00","011","1137","1689","550","406","144","39","589","1217","0","48.4","33.36"
"64","000","00","011","1138","0000","1655","1200","455","213","1868","3627","0","51.5","33.09"
"64","000","00","011","1138","1690","755","562","193","88","843","1707","0","49.38","32.92"
"64","000","00","011","1138","1691","900","638","262","125","1025","1920","0","53.39","33.23"
"64","000","00","012","0000","0000","163272","125228","38044","12418","175690","300510","359100","58.46","41.67"
"64","000","00","012","1201","0000","238","186","52","12","250","423","0","59.1","43.97"
"64","000","00","012","1201","1306","238","186","52","12","250","423","0","59.1","43.97"
"64","000","00","012","1202","0000","330","208","122","24","354","618","0","57.28","33.66"
"64","000","00","012","1202","1305","330","208","122","24","354","618","0","57.28","33.66"
"64","000","00","012","1203","0000","692","516","176","69","761","1312","0","58.0","39.33"
"64","000","00","012","1203","1307","692","516","176","69","761","1312","0","58.0","39.33"
"64","000","00","012","1204","0000","576","440","136","49","625","875","0","71.43","50.29"
"64","000","00","012","1204","1321","576","440","136","49","625","875","0","71.43","50.29"
"64","000","00","012","1205","0000","481","354","127","35","516","882","0","58.5","40.14"
"64","000","00","012","1205","1314","481","354","127","35","516","882","0","58.5","40.14"
"64","000","00","012","1206","0000","1153","887","266","67","1220","1982","0","61.55","44.75"
"64","000","00","012","1206","1308","423","317","106","36","459","769","0","59.69","41.22"
"64","000","00","012","1206","1309","730","570","160","31","761","1213","0","62.74","46.99"
"64","000","00","012","1207","0000","647","491","156","59","706","1080","0","65.37","45.46"
"64","000","00","012","1207","1256","647","491","156","59","706","1080","0","65.37","45.46"
"64","000","00","012","1208","0000","2016","1499","517","190","2206","3395","0","64.98","44.15"
"64","000","00","012","1208","1334","666","497","169","74","740","1159","0","63.85","42.88"
"64","000","00","012","1208","1335","608","465","143","64","672","1127","0","59.63","41.26"
"64","000","00","012","1208","1336","742","537","205","52","794","1109","0","71.6","48.42"
"64","000","00","012","1209","0000","4383","3393","990","286","4669","8473","0","55.1","40.04"
"64","000","00","012","1209","1268","810","623","187","89","899","1496","0","60.09","41.64"
"64","000","00","012","1209","1269","977","767","210","66","1043","2094","0","49.81","36.63"
"64","000","00","012","1209","1270","884","676","208","30","914","1672","0","54.67","40.43"
"64","000","00","012","1209","1271","924","731","193","29","953","1761","0","54.12","41.51"
"64","000","00","012","1209","1272","788","596","192","72","860","1450","0","59.31","41.1"
"64","000","00","012","1210","0000","477","365","112","37","514","819","0","62.76","44.57"
"64","000","00","012","1210","1257","477","365","112","37","514","819","0","62.76","44.57"
"64","000","00","012","1211","0000","1986","1502","484","151","2137","3533","0","60.49","42.51"
"64","000","00","012","1211","1277","698","513","185","74","772","1247","0","61.91","41.14"
"64","000","00","012","1211","1278","609","456","153","49","658","1087","0","60.53","41.95"
"64","000","00","012","1211","1279","679","533","146","28","707","1199","0","58.97","44.45"
"64","000","00","012","1212","0000","2688","2022","666","159","2847","4957","0","57.43","40.79"
"64","000","00","012","1212","1260","722","556","166","35","757","1223","0","61.9","45.46"
"64","000","00","012","1212","1261","704","520","184","41","745","1207","0","61.72","43.08"
"64","000","00","012","1212","1262","693","495","198","41","734","1339","0","54.82","36.97"
"64","000","00","012","1212","1263","569","451","118","42","611","1188","0","51.43","37.96"
"64","000","00","012","1213","0000","1286","1017","269","66","1352","2465","0","54.85","41.26"
"64","000","00","012","1213","1340","775","608","167","43","818","1432","0","57.12","42.46"
"64","000","00","012","1213","1341","511","409","102","23","534","1033","0","51.69","39.59"
"64","000","00","012","1214","0000","3111","2440","671","208","3319","5972","0","55.58","40.86"
"64","000","00","012","1214","1362","790","600","190","69","859","1521","0","56.48","39.45"
"64","000","00","012","1214","1363","687","537","150","49","736","1407","0","52.31","38.17"
"64","000","00","012","1214","1364","868","687","181","68","936","1542","0","60.7","44.55"
"64","000","00","012","1214","1365","766","616","150","22","788","1502","0","52.46","41.01"
"64","000","00","012","1215","0000","2330","1991","339","147","2477","4111","0","60.25","48.43"
"64","000","00","012","1215","1366","758","616","142","68","826","1320","0","62.58","46.67"
"64","000","00","012","1215","1367","789","699","90","43","832","1507","0","55.21","46.38"
"64","000","00","012","1215","1368","783","676","107","36","819","1284","0","63.79","52.65"
"64","000","00","012","1216","0000","2507","1886","621","231","2738","4722","0","57.98","39.94"
"64","000","00","012","1216","1445","570","437","133","64","634","1058","0","59.92","41.3"
"64","000","00","012","1216","1446","579","434","145","58","637","976","0","65.27","44.47"
"64","000","00","012","1216","1447","741","571","170","53","794","1545","0","51.39","36.96"
"64","000","00","012","1216","1448","617","444","173","56","673","1143","0","58.88","38.85"
"64","000","00","012","1217","0000","3378","2543","835","258","3636","6769","0","53.72","37.57"
"64","000","00","012","1217","1407","635","468","167","41","676","1314","0","51.45","35.62"
"64","000","00","012","1217","1408","783","598","185","27","810","1649","0","49.12","36.26"
"64","000","00","012","1217","1409","782","602","180","98","880","1601","0","54.97","37.6"
"64","000","00","012","1217","1410","605","452","153","26","631","1155","0","54.63","39.13"
"64","000","00","012","1217","1411","573","423","150","66","639","1050","0","60.86","40.29"
"64","000","00","012","1218","0000","2768","2109","659","231","2999","4988","0","60.12","42.28"
"64","000","00","012","1218","1342","700","515","185","95","795","1253","0","63.45","41.1"
"64","000","00","012","1218","1343","671","503","168","32","703","1217","0","57.76","41.33"
"64","000","00","012","1218","1344","762","607","155","52","814","1267","0","64.25","47.91"
"64","000","00","012","1218","1345","635","484","151","52","687","1251","0","54.92","38.69"
"64","000","00","012","1219","0000","2696","2067","629","173","2869","4562","0","62.89","45.31"
"64","000","00","012","1219","1325","625","462","163","41","666","974","0","68.38","47.43"
"64","000","00","012","1219","1326","558","443","115","44","602","987","0","60.99","44.88"
"64","000","00","012","1219","1327","751","588","163","24","775","1210","0","64.05","48.6"
"64","000","00","012","1219","1328","762","574","188","64","826","1391","0","59.38","41.27"
"64","000","00","012","1220","0000","2255","1741","514","126","2381","3682","0","64.67","47.28"
"64","000","00","012","1220","1337","1114","851","263","74","1188","1879","0","63.23","45.29"
"64","000","00","012","1220","1338","1141","890","251","52","1193","1803","0","66.17","49.36"
"64","000","00","012","1221","0000","869","646","223","142","1011","2513","0","40.23","25.71"
"64","000","00","012","1221","1316","450","344","106","85","535","853","0","62.72","40.33"
"64","000","00","012","1221","1317","419","302","117","57","476","1660","0","28.67","18.19"
"64","000","00","012","1222","0000","1571","1256","315","133","1704","2926","0","58.24","42.93"
"64","000","00","012","1222","1369","745","585","160","45","790","1441","0","54.82","40.6"
"64","000","00","012","1222","1370","826","671","155","88","914","1485","0","61.55","45.19"
"64","000","00","012","1224","0000","1818","1415","403","143","1961","3411","0","57.49","41.48"
"64","000","00","012","1224","1275","978","748","230","109","1087","1713","0","63.46","43.67"
"64","000","00","012","1224","1276","840","667","173","34","874","1698","0","51.47","39.28"
"64","000","00","012","1225","0000","1504","1134","370","72","1576","2870","0","54.91","39.51"
"64","000","00","012","1225","1387","780","606","174","31","811","1525","0","53.18","39.74"
"64","000","00","012","1225","1388","724","528","196","41","765","1345","0","56.88","39.26"
"64","000","00","012","1226","0000","2647","2022","625","181","2828","4708","0","60.07","42.95"
"64","000","00","012","1226","1383","504","384","120","45","549","942","0","58.28","40.76"
"64","000","00","012","1226","1384","629","491","138","27","656","1206","0","54.39","40.71"
"64","000","00","012","1226","1385","704","529","175","41","745","1159","0","64.28","45.64"
"64","000","00","012","1226","1386","810","618","192","68","878","1401","0","62.67","44.11"
"64","000","00","012","1227","0000","3449","2508","941","377","3826","6189","0","61.82","40.52"
"64","000","00","012","1227","1429","791","601","190","77","868","1405","0","61.78","42.78"
"64","000","00","012","1227","1430","627","456","171","86","713","1097","0","65.0","41.57"
"64","000","00","012","1227","1431","720","509","211","97","817","1248","0","65.46","40.79"
"64","000","00","012","1227","1432","680","481","199","81","761","1225","0","62.12","39.27"
"64","000","00","012","1227","1433","631","461","170","36","667","1214","0","54.94","37.97"
"64","000","00","012","1228","0000","1701","1321","380","212","1913","3269","0","58.52","40.41"
"64","000","00","012","1228","1437","510","353","157","56","566","968","0","58.47","36.47"
"64","000","00","012","1228","1438","607","548","59","70","677","1200","0","56.42","45.67"
"64","000","00","012","1228","1439","584","420","164","86","670","1101","0","60.85","38.15"
"64","000","00","012","1229","0000","2968","2227","741","296","3264","5759","0","56.68","38.67"
"64","000","00","012","1229","1474","535","411","124","65","600","1042","0","57.58","39.44"
"64","000","00","012","1229","1475","597","443","154","67","664","1098","0","60.47","40.35"
"64","000","00","012","1229","1476","624","464","160","26","650","1284","0","50.62","36.14"
"64","000","00","012","1229","1477","609","453","156","49","658","1242","0","52.98","36.47"
"64","000","00","012","1229","1478","603","456","147","89","692","1093","0","63.31","41.72"
"64","000","00","012","1230","0000","2961","2446","515","263","3224","5398","0","59.73","45.31"
"64","000","00","012","1230","1349","806","627","179","49","855","1588","0","53.84","39.48"
"64","000","00","012","1230","1350","748","644","104","54","802","1255","0","63.9","51.31"
"64","000","00","012","1230","1351","704","538","166","74","778","1264","0","61.55","42.56"
"64","000","00","012","1230","1352","703","637","66","86","789","1291","0","61.12","49.34"
"64","000","00","012","1231","0000","2733","2139","594","215","2948","4819","0","61.17","44.39"
"64","000","00","012","1231","1346","860","667","193","87","947","1563","0","60.59","42.67"
"64","000","00","012","1231","1347","1097","884","213","68","1165","1888","0","61.71","46.82"
"64","000","00","012","1231","1348","776","588","188","60","836","1368","0","61.11","42.98"
"64","000","00","012","1232","0000","1758","1298","460","137","1895","3455","0","54.85","37.57"
"64","000","00","012","1232","1465","588","434","154","57","645","1154","0","55.89","37.61"
"64","000","00","012","1232","1466","637","470","167","58","695","1153","0","60.28","40.76"
"64","000","00","012","1232","1467","533","394","139","22","555","1148","0","48.34","34.32"
"64","000","00","012","1233","0000","2954","2196","758","198","3152","5211","0","60.49","42.14"
"64","000","00","012","1233","1397","699","527","172","30","729","1388","0","52.52","37.97"
"64","000","00","012","1233","1398","695","501","194","80","775","1241","0","62.45","40.37"
"64","000","00","012","1233","1399","817","601","216","58","875","1394","0","62.77","43.11"
"64","000","00","012","1233","1400","743","567","176","30","773","1188","0","65.07","47.73"
"64","000","00","012","1234","0000","2040","1495","545","169","2209","3815","0","57.9","39.19"
"64","000","00","012","1234","1371","625","449","176","73","698","1205","0","57.93","37.26"
"64","000","00","012","1234","1372","667","503","164","28","695","1284","0","54.13","39.17"
"64","000","00","012","1234","1373","748","543","205","68","816","1326","0","61.54","40.95"
"64","000","00","012","1235","0000","3245","2635","610","211","3456","5984","0","57.75","44.03"
"64","000","00","012","1235","1359","1134","878","256","91","1225","2173","0","56.37","40.4"
"64","000","00","012","1235","1360","1233","1069","164","75","1308","2255","0","58.0","47.41"
"64","000","00","012","1235","1361","878","688","190","45","923","1556","0","59.32","44.22"
"64","000","00","012","1236","0000","1988","1474","514","165","2153","3999","0","53.84","36.86"
"64","000","00","012","1236","1404","596","449","147","41","637","1216","0","52.38","36.92"
"64","000","00","012","1236","1405","606","435","171","42","648","1318","0","49.17","33.0"
"64","000","00","012","1236","1406","786","590","196","82","868","1465","0","59.25","40.27"
"64","000","00","012","1237","0000","1913","1403","510","172","2085","3295","0","63.28","42.58"
"64","000","00","012","1237","1374","606","446","160","31","637","1096","0","58.12","40.69"
"64","000","00","012","1237","1375","673","487","186","83","756","1182","0","63.96","41.2"
"64","000","00","012","1237","1376","634","470","164","58","692","1017","0","68.04","46.21"
"64","000","00","012","1238","0000","1244","899","345","126","1370","2479","0","55.26","36.26"
"64","000","00","012","1238","1377","628","452","176","89","717","1198","0","59.85","37.73"
"64","000","00","012","1238","1378","616","447","169","37","653","1281","0","50.98","34.89"
"64","000","00","012","1239","0000","4792","3738","1054","260","5052","8716","0","57.96","42.89"
"64","000","00","012","1239","1291","1009","782","227","50","1059","1751","0","60.48","44.66"
"64","000","00","012","1239","1292","998","771","227","45","1043","1758","0","59.33","43.86"
"64","000","00","012","1239","1293","950","722","228","85","1035","1749","0","59.18","41.28"
"64","000","00","012","1239","1294","929","747","182","26","955","1746","0","54.7","42.78"
"64","000","00","012","1239","1295","906","716","190","54","960","1712","0","56.07","41.82"
"64","000","00","012","1240","0000","7077","5520","1557","404","7481","12977","0","57.65","42.54"
"64","000","00","012","1240","1421","843","636","207","33","876","1688","0","51.9","37.68"
"64","000","00","012","1240","1422","895","743","152","72","967","1657","0","58.36","44.84"
"64","000","00","012","1240","1423","864","656","208","43","907","1729","0","52.46","37.94"
"64","000","00","012","1240","1424","917","711","206","63","980","1628","0","60.2","43.67"
"64","000","00","012","1240","1425","896","694","202","24","920","1891","0","48.65","36.7"
"64","000","00","012","1240","1426","946","746","200","102","1048","1594","0","65.75","46.8"
"64","000","00","012","1240","1427","814","645","169","22","836","1342","0","62.3","48.06"
"64","000","00","012","1240","1428","902","689","213","45","947","1448","0","65.4","47.58"
"64","000","00","012","1241","0000","1088","815","273","114","1202","1926","0","62.41","42.32"
"64","000","00","012","1241","1258","459","352","107","73","532","851","0","62.51","41.36"
"64","000","00","012","1241","1259","629","463","166","41","670","1075","0","62.33","43.07"
"64","000","00","012","1242","0000","1877","1400","477","159","2036","3418","0","59.57","40.96"
"64","000","00","012","1242","1318","654","491","163","37","691","1124","0","61.48","43.68"
"64","000","00","012","1242","1319","620","444","176","72","692","1112","0","62.23","39.93"
"64","000","00","012","1242","1320","603","465","138","50","653","1182","0","55.25","39.34"
"64","000","00","012","1243","0000","1704","1237","467","227","1931","2966","0","65.1","41.71"
"64","000","00","012","1243","1471","580","425","155","57","637","1026","0","62.09","41.42"
"64","000","00","012","1243","1472","578","397","181","99","677","993","0","68.18","39.98"
"64","000","00","012","1243","1473","546","415","131","71","617","947","0","65.15","43.82"
"64","000","00","012","1244","0000","3134","2422","712","241","3375","5672","0","59.5","42.7"
"64","000","00","012","1244","1329","591","427","164","26","617","1241","0","49.72","34.41"
"64","000","00","012","1244","1330","596","477","119","49","645","1000","0","64.5","47.7"
"64","000","00","012","1244","1331","618","488","130","46","664","1092","0","60.81","44.69"
"64","000","00","012","1244","1332","750","576","174","54","804","1308","0","61.47","44.04"
"64","000","00","012","1244","1333","579","454","125","66","645","1031","0","62.56","44.03"
"64","000","00","012","1245","0000","1007","824","183","98","1105","2045","0","54.03","40.29"
"64","000","00","012","1245","1339","1007","824","183","98","1105","2045","0","54.03","40.29"
"64","000","00","012","1246","0000","2758","2060","698","175","2933","4742","0","61.85","43.44"
"64","000","00","012","1246","1310","678","529","149","39","717","1107","0","64.77","47.79"
"64","000","00","012","1246","1311","669","495","174","36","705","1188","0","59.34","41.67"
"64","000","00","012","1246","1312","687","516","171","44","731","1183","0","61.79","43.62"
"64","000","00","012","1246","1313","724","520","204","56","780","1264","0","61.71","41.14"
"64","000","00","012","1247","0000","1942","1396","546","150","2092","3351","0","62.43","41.66"
"64","000","00","012","1247","1322","587","407","180","50","637","1040","0","61.25","39.13"
"64","000","00","012","1247","1323","660","488","172","34","694","1094","0","63.44","44.61"
"64","000","00","012","1247","1324","695","501","194","66","761","1217","0","62.53","41.17"
"64","000","00","012","1248","0000","3215","2431","784","289","3504","6178","0","56.72","39.35"
"64","000","00","012","1248","1286","612","483","129","83","695","1247","0","55.73","38.73"
"64","000","00","012","1248","1287","762","576","186","83","845","1538","0","54.94","37.45"
"64","000","00","012","1248","1288","577","427","150","34","611","1097","0","55.7","38.92"
"64","000","00","012","1248","1289","594","433","161","28","622","1221","0","50.94","35.46"
"64","000","00","012","1248","1290","670","512","158","61","731","1075","0","68.0","47.63"
"64","000","00","012","1249","0000","2332","1766","566","242","2574","4308","0","59.75","40.99"
"64","000","00","012","1249","1481","724","552","172","76","800","1309","0","61.12","42.17"
"64","000","00","012","1249","1482","874","658","216","66","940","1627","0","57.78","40.44"
"64","000","00","012","1249","1483","734","556","178","100","834","1372","0","60.79","40.52"
"64","000","00","012","1250","0000","1413","1107","306","85","1498","2520","0","59.44","43.93"
"64","000","00","012","1250","1353","646","528","118","48","694","1224","0","56.7","43.14"
"64","000","00","012","1250","1354","767","579","188","37","804","1296","0","62.04","44.68"
"64","000","00","012","1251","0000","646","476","170","57","703","1007","0","69.81","47.27"
"64","000","00","012","1251","1315","646","476","170","57","703","1007","0","69.81","47.27"
"64","000","00","012","1253","0000","2224","1747","477","214","2438","4102","0","59.43","42.59"
"64","000","00","012","1253","1264","583","457","126","58","641","1055","0","60.76","43.32"
"64","000","00","012","1253","1265","561","447","114","75","636","1109","0","57.35","40.31"
"64","000","00","012","1253","1266","472","367","105","43","515","756","0","68.12","48.54"
"64","000","00","012","1253","1267","608","476","132","38","646","1182","0","54.65","40.27"
"64","000","00","012","1254","0000","867","655","212","56","923","2551","0","36.18","25.68"
"64","000","00","012","1254","1449","321","246","75","18","339","1301","0","26.06","18.91"
"64","000","00","012","1254","1450","546","409","137","38","584","1250","0","46.72","32.72"
"64","000","00","012","1255","0000","4370","3286","1084","350","4720","7753","0","60.88","42.38"
"64","000","00","012","1255","1459","751","585","166","37","788","1291","0","61.04","45.31"
"64","000","00","012","1255","1460","524","387","137","70","594","938","0","63.33","41.26"
"64","000","00","012","1255","1461","984","732","252","52","1036","1783","0","58.1","41.05"
"64","000","00","012","1255","1462","625","484","141","42","667","1105","0","60.36","43.8"
"64","000","00","012","1255","1463","714","528","186","92","806","1392","0","57.9","37.93"
"64","000","00","012","1255","1464","772","570","202","57","829","1244","0","66.64","45.82"
"64","000","00","012","1256","0000","4503","3535","968","214","4717","8179","0","57.67","43.22"
"64","000","00","012","1256","1280","842","728","114","57","899","1559","0","57.67","46.7"
"64","000","00","012","1256","1281","686","544","142","43","729","1233","0","59.12","44.12"
"64","000","00","012","1256","1282","698","522","176","54","752","1277","0","58.89","40.88"
"64","000","00","012","1256","1283","793","655","138","18","811","1481","0","54.76","44.23"
"64","000","00","012","1256","1284","718","551","167","16","734","1154","0","63.6","47.75"
"64","000","00","012","1256","1285","766","535","231","26","792","1475","0","53.69","36.27"
"64","000","00","012","1257","0000","2037","1510","527","178","2215","4340","0","51.04","34.79"
"64","000","00","012","1257","1468","705","528","177","121","826","1432","0","57.68","36.87"
"64","000","00","012","1257","1469","554","392","162","28","582","1429","0","40.73","27.43"
"64","000","00","012","1257","1470","778","590","188","29","807","1479","0","54.56","39.89"
"64","000","00","012","1258","0000","1368","1063","305","113","1481","2689","0","55.08","39.53"
"64","000","00","012","1258","1273","705","540","165","44","749","1455","0","51.48","37.11"
"64","000","00","012","1258","1274","663","523","140","69","732","1234","0","59.32","42.38"
"64","000","00","012","1259","0000","2263","1805","458","150","2413","4003","0","60.28","45.09"
"64","000","00","012","1259","1296","710","536","174","32","742","1247","0","59.5","42.98"
"64","000","00","012","1259","1297","796","695","101","57","853","1409","0","60.54","49.33"
"64","000","00","012","1259","1298","757","574","183","61","818","1347","0","60.73","42.61"
"64","000","00","012","1260","0000","5163","3983","1180","222","5385","9265","0","58.12","42.99"
"64","000","00","012","1260","1299","956","734","222","27","983","1771","0","55.51","41.45"
"64","000","00","012","1260","1300","847","645","202","20","867","1537","0","56.41","41.96"
"64","000","00","012","1260","1301","949","731","218","34","983","1605","0","61.25","45.55"
"64","000","00","012","1260","1302","776","605","171","51","827","1375","0","60.15","44.0"
"64","000","00","012","1260","1303","805","623","182","66","871","1393","0","62.53","44.72"
"64","000","00","012","1260","1304","830","645","185","24","854","1584","0","53.91","40.72"
"64","000","00","012","1261","0000","1198","962","236","109","1307","2055","0","63.6","46.81"
"64","000","00","012","1261","1355","501","393","108","55","556","826","0","67.31","47.58"
"64","000","00","012","1261","1356","697","569","128","54","751","1229","0","61.11","46.3"
"64","000","00","012","1262","0000","1522","1238","284","119","1641","2685","0","61.12","46.11"
"64","000","00","012","1262","1357","844","702","142","55","899","1467","0","61.28","47.85"
"64","000","00","012","1262","1358","678","536","142","64","742","1218","0","60.92","44.01"
"64","000","00","012","1263","0000","1567","1264","303","94","1661","2584","0","64.28","48.92"
"64","000","00","012","1263","1379","809","600","209","45","854","1358","0","62.89","44.18"
"64","000","00","012","1263","1380","758","664","94","49","807","1226","0","65.82","54.16"
"64","000","00","012","1264","0000","1318","999","319","113","1431","2298","0","62.27","43.47"
"64","000","00","012","1264","1381","639","495","144","72","711","1098","0","64.75","45.08"
"64","000","00","012","1264","1382","679","504","175","41","720","1200","0","60.0","42.0"
"64","000","00","012","1265","0000","2052","1560","492","145","2197","3785","0","58.04","41.22"
"64","000","00","012","1265","1401","615","459","156","44","659","1112","0","59.26","41.28"
"64","000","00","012","1265","1402","628","537","91","51","679","1198","0","56.68","44.82"
"64","000","00","012","1265","1403","809","564","245","50","859","1475","0","58.24","38.24"
"64","000","00","012","1266","0000","1233","901","332","79","1312","2286","0","57.39","39.41"
"64","000","00","012","1266","1389","685","502","183","47","732","1180","0","62.03","42.54"
"64","000","00","012","1266","1390","548","399","149","32","580","1106","0","52.44","36.08"
"64","000","00","012","1267","0000","2501","1895","606","166","2667","4313","0","61.84","43.94"
"64","000","00","012","1267","1394","746","596","150","22","768","1361","0","56.43","43.79"
"64","000","00","012","1267","1395","814","593","221","67","881","1416","0","62.22","41.88"
"64","000","00","012","1267","1396","941","706","235","77","1018","1536","0","66.28","45.96"
"64","000","00","012","1268","0000","2331","1775","556","162","2493","4061","0","61.39","43.71"
"64","000","00","012","1268","1391","842","632","210","73","915","1442","0","63.45","43.83"
"64","000","00","012","1268","1392","795","608","187","59","854","1376","0","62.06","44.19"
"64","000","00","012","1268","1393","694","535","159","30","724","1243","0","58.25","43.04"
"64","000","00","012","1269","0000","1331","1050","281","73","1404","2515","0","55.83","41.75"
"64","000","00","012","1269","1415","652","520","132","47","699","1190","0","58.74","43.7"
"64","000","00","012","1269","1416","679","530","149","26","705","1325","0","53.21","40.0"
"64","000","00","012","1270","0000","2433","1975","458","180","2613","4481","0","58.31","44.07"
"64","000","00","012","1270","1417","592","462","130","62","654","1049","0","62.35","44.04"
"64","000","00","012","1270","1418","562","543","19","35","597","1026","0","58.19","52.92"
"64","000","00","012","1270","1419","659","488","171","61","720","1152","0","62.5","42.36"
"64","000","00","012","1270","1420","620","482","138","22","642","1254","0","51.2","38.44"
"64","000","00","012","1271","0000","2367","1813","554","151","2518","4456","0","56.51","40.69"
"64","000","00","012","1271","1412","688","538","150","22","710","1417","0","50.11","37.97"
"64","000","00","012","1271","1413","816","616","200","66","882","1525","0","57.84","40.39"
"64","000","00","012","1271","1414","863","659","204","63","926","1514","0","61.16","43.53"
"64","000","00","012","1272","0000","2367","1864","503","187","2554","4447","0","57.43","41.92"
"64","000","00","012","1272","1440","688","602","86","48","736","1369","0","53.76","43.97"
"64","000","00","012","1272","1441","828","630","198","74","902","1542","0","58.5","40.86"
"64","000","00","012","1272","1442","851","632","219","65","916","1536","0","59.64","41.15"
"64","000","00","012","1273","0000","1454","1058","396","141","1595","2834","0","56.28","37.33"
"64","000","00","012","1273","1443","678","488","190","39","717","1382","0","51.88","35.31"
"64","000","00","012","1273","1444","776","570","206","102","878","1452","0","60.47","39.26"
"64","000","00","012","1274","0000","1376","1041","335","104","1480","2432","0","60.86","42.8"
"64","000","00","012","1274","1455","651","489","162","67","718","1125","0","63.82","43.47"
"64","000","00","012","1274","1456","725","552","173","37","762","1307","0","58.3","42.23"
"64","000","00","012","1275","0000","2850","2188","662","308","3158","5431","0","58.15","40.29"
"64","000","00","012","1275","1451","646","505","141","61","707","1208","0","58.53","41.8"
"64","000","00","012","1275","1452","641","491","150","98","739","1202","0","61.48","40.85"
"64","000","00","012","1275","1453","766","592","174","94","860","1499","0","57.37","39.49"
"64","000","00","012","1275","1454","797","600","197","55","852","1522","0","55.98","39.42"
"64","000","00","012","1276","0000","1436","1054","382","150","1586","2657","0","59.69","39.67"
"64","000","00","012","1276","1457","753","548","205","75","828","1405","0","58.93","39.0"
"64","000","00","012","1276","1458","683","506","177","75","758","1252","0","60.54","40.42"
"64","000","00","012","1277","0000","1369","1006","363","78","1447","2706","0","53.47","37.18"
"64","000","00","012","1277","1479","701","497","204","50","751","1353","0","55.51","36.73"
"64","000","00","012","1277","1480","668","509","159","28","696","1353","0","51.44","37.62"
"64","000","00","012","1278","0000","3426","2638","788","271","3697","6056","0","61.05","43.56"
"64","000","00","012","1278","1434","1165","890","275","100","1265","2032","0","62.25","43.8"
"64","000","00","012","1278","1435","1043","802","241","85","1128","1927","0","58.54","41.62"
"64","000","00","012","1278","1436","1218","946","272","86","1304","2097","0","62.18","45.11"
"64","000","00","013","0000","0000","28871","21562","7309","2647","31518","59129","69829","53.3","36.47"
"64","000","00","013","1301","0000","1411","976","435","167","1578","2824","0","55.88","34.56"
"64","000","00","013","1301","1773","670","427","243","88","758","1262","0","60.06","33.84"
"64","000","00","013","1301","1774","741","549","192","79","820","1562","0","52.5","35.15"
"64","000","00","013","1302","0000","1729","1293","436","165","1894","3252","0","58.24","39.76"
"64","000","00","013","1302","1775","557","428","129","36","593","1078","0","55.01","39.7"
"64","000","00","013","1302","1776","564","402","162","64","628","979","0","64.15","41.06"
"64","000","00","013","1302","1777","608","463","145","65","673","1195","0","56.32","38.74"
"64","000","00","013","1303","0000","1933","1444","489","183","2116","3929","0","53.86","36.75"
"64","000","00","013","1303","1778","683","508","175","70","753","1380","0","54.57","36.81"
"64","000","00","013","1303","1779","640","482","158","84","724","1280","0","56.56","37.66"
"64","000","00","013","1303","1780","610","454","156","29","639","1269","0","50.35","35.78"
"64","000","00","013","1304","0000","1297","975","322","90","1387","2794","0","49.64","34.9"
"64","000","00","013","1304","1781","634","470","164","28","662","1568","0","42.22","29.97"
"64","000","00","013","1304","1782","663","505","158","62","725","1226","0","59.14","41.19"
"64","000","00","013","1305","0000","1534","1197","337","127","1661","2939","0","56.52","40.73"
"64","000","00","013","1305","1783","742","583","159","64","806","1480","0","54.46","39.39"
"64","000","00","013","1305","1784","792","614","178","63","855","1459","0","58.6","42.08"
"64","000","00","013","1306","0000","1199","922","277","146","1345","2488","0","54.06","37.06"
"64","000","00","013","1306","1785","755","592","163","57","812","1593","0","50.97","37.16"
"64","000","00","013","1306","1786","444","330","114","89","533","895","0","59.55","36.87"
"64","000","00","013","1307","0000","2305","1695","610","249","2554","4455","0","57.33","38.05"
"64","000","00","013","1307","1787","543","394","149","40","583","1110","0","52.52","35.5"
"64","000","00","013","1307","1788","649","478","171","72","721","1348","0","53.49","35.46"
"64","000","00","013","1307","1789","486","356","130","63","549","912","0","60.2","39.04"
"64","000","00","013","1307","1790","627","467","160","74","701","1085","0","64.61","43.04"
"64","000","00","013","1308","0000","961","736","225","83","1044","1834","0","56.92","40.13"
"64","000","00","013","1308","1791","470","363","107","30","500","955","0","52.36","38.01"
"64","000","00","013","1308","1792","491","373","118","53","544","879","0","61.89","42.43"
"64","000","00","013","1309","0000","1731","1313","418","181","1912","3449","0","55.44","38.07"
"64","000","00","013","1309","1793","566","437","129","73","639","1103","0","57.93","39.62"
"64","000","00","013","1309","1794","599","459","140","84","683","1054","0","64.8","43.55"
"64","000","00","013","1309","1795","566","417","149","24","590","1292","0","45.67","32.28"
"64","000","00","013","1310","0000","719","554","165","28","747","1683","0","44.39","32.92"
"64","000","00","013","1310","1796","719","554","165","28","747","1683","0","44.39","32.92"
"64","000","00","013","1311","0000","822","637","185","115","937","1619","0","57.88","39.35"
"64","000","00","013","1311","1797","307","246","61","38","345","607","0","56.84","40.53"
"64","000","00","013","1311","1798","515","391","124","77","592","1012","0","58.5","38.64"
"64","000","00","013","1312","0000","964","743","221","67","1031","1960","0","52.6","37.91"
"64","000","00","013","1312","1799","566","432","134","50","616","1046","0","58.89","41.3"
"64","000","00","013","1312","1800","398","311","87","17","415","914","0","45.4","34.03"
"64","000","00","013","1313","0000","1701","1139","562","137","1838","3874","0","47.44","29.4"
"64","000","00","013","1313","1801","756","567","189","78","834","1405","0","59.36","40.36"
"64","000","00","013","1313","1802","722","533","189","20","742","1299","0","57.12","41.03"
"64","000","00","013","1313","1803","223","39","184","39","262","1170","0","22.39","3.33"
"64","000","00","013","1314","0000","553","398","155","40","593","1299","0","45.65","30.64"
"64","000","00","013","1314","1804","553","398","155","40","593","1299","0","45.65","30.64"
"64","000","00","013","1315","0000","808","556","252","63","871","1880","0","46.33","29.57"
"64","000","00","013","1315","1805","547","403","144","39","586","1031","0","56.84","39.09"
"64","000","00","013","1315","1806","261","153","108","24","285","849","0","33.57","18.02"
"64","000","00","013","1316","0000","876","641","235","99","975","1776","0","54.9","36.09"
"64","000","00","013","1316","1807","385","260","125","69","454","838","0","54.18","31.03"
"64","000","00","013","1316","1808","491","381","110","30","521","938","0","55.54","40.62"
"64","000","00","013","1317","0000","929","725","204","95","1024","1837","0","55.74","39.47"
"64","000","00","013","1317","1809","505","411","94","41","546","1051","0","51.95","39.11"
"64","000","00","013","1317","1810","424","314","110","54","478","786","0","60.81","39.95"
"64","000","00","013","1318","0000","477","367","110","79","556","894","0","62.19","41.05"
"64","000","00","013","1318","1811","477","367","110","79","556","894","0","62.19","41.05"
"64","000","00","013","1319","0000","256","199","57","21","277","749","0","36.98","26.57"
"64","000","00","013","1319","1812","256","199","57","21","277","749","0","36.98","26.57"
"64","000","00","013","1320","0000","1600","1187","413","140","1740","2963","0","58.72","40.06"
"64","000","00","013","1320","1813","825","630","195","40","865","1485","0","58.25","42.42"
"64","000","00","013","1320","1814","775","557","218","100","875","1478","0","59.2","37.69"
"64","000","00","013","1321","0000","1289","949","340","136","1425","2383","0","59.8","39.82"
"64","000","00","013","1321","1815","775","587","188","76","851","1345","0","63.27","43.64"
"64","000","00","013","1321","1816","514","362","152","60","574","1038","0","55.3","34.87"
"64","000","00","013","1322","0000","1636","1298","338","81","1717","3366","0","51.01","38.56"
"64","000","00","013","1322","1817","658","486","172","36","694","1203","0","57.69","40.4"
"64","000","00","013","1322","1818","502","444","58","22","524","1138","0","46.05","39.02"
"64","000","00","013","1322","1819","476","368","108","23","499","1025","0","48.68","35.9"
"64","000","00","013","1323","0000","1223","934","289","109","1332","2559","0","52.05","36.5"
"64","000","00","013","1323","1820","703","545","158","85","788","1341","0","58.76","40.64"
"64","000","00","013","1323","1821","520","389","131","24","544","1218","0","44.66","31.94"
"64","000","00","013","1324","0000","918","684","234","46","964","2323","0","41.5","29.44"
"64","000","00","013","1324","1822","447","340","107","25","472","1147","0","41.15","29.64"
"64","000","00","013","1324","1823","471","344","127","21","492","1176","0","41.84","29.25"
"64","000","00","014","0000","0000","50328","38152","12176","4102","54430","97309","112334","55.94","39.21"
"64","000","00","014","1401","0000","631","464","167","52","683","1445","0","47.27","32.11"
"64","000","00","014","1401","1692","315","234","81","35","350","727","0","48.14","32.19"
"64","000","00","014","1401","1693","316","230","86","17","333","718","0","46.38","32.03"
"64","000","00","014","1402","0000","2545","1861","684","176","2721","5733","0","47.46","32.46"
"64","000","00","014","1402","1694","619","476","143","45","664","1340","0","49.55","35.52"
"64","000","00","014","1402","1695","690","415","275","49","739","1575","0","46.92","26.35"
"64","000","00","014","1402","1696","230","172","58","32","262","444","0","59.01","38.74"
"64","000","00","014","1402","1697","1006","798","208","50","1056","2374","0","44.48","33.61"
"64","000","00","014","1403","0000","3351","2496","855","309","3660","6681","0","54.78","37.36"
"64","000","00","014","1403","1698","641","500","141","82","723","1291","0","56.0","38.73"
"64","000","00","014","1403","1699","729","535","194","80","809","1400","0","57.79","38.21"
"64","000","00","014","1403","1700","702","534","168","34","736","1390","0","52.95","38.42"
"64","000","00","014","1403","1701","699","491","208","82","781","1401","0","55.75","35.05"
"64","000","00","014","1403","1702","580","436","144","31","611","1199","0","50.96","36.36"
"64","000","00","014","1404","0000","1164","862","302","76","1240","2405","0","51.56","35.84"
"64","000","00","014","1404","1703","550","404","146","25","575","1210","0","47.52","33.39"
"64","000","00","014","1404","1704","614","458","156","51","665","1195","0","55.65","38.33"
"64","000","00","014","1405","0000","2237","1677","560","181","2418","4595","0","52.62","36.5"
"64","000","00","014","1405","1705","553","416","137","28","581","1166","0","49.83","35.68"
"64","000","00","014","1405","1706","698","530","168","42","740","1353","0","54.69","39.17"
"64","000","00","014","1405","1707","562","423","139","80","642","1052","0","61.03","40.21"
"64","000","00","014","1405","1708","424","308","116","31","455","1024","0","44.43","30.08"
"64","000","00","014","1406","0000","2242","1670","572","207","2449","4334","0","56.51","38.53"
"64","000","00","014","1406","1709","624","450","174","33","657","1189","0","55.26","37.85"
"64","000","00","014","1406","1710","827","629","198","92","919","1512","0","60.78","41.6"
"64","000","00","014","1406","1711","791","591","200","82","873","1633","0","53.46","36.19"
"64","000","00","014","1407","0000","2094","1518","576","172","2266","3795","0","59.71","40.0"
"64","000","00","014","1407","1712","661","495","166","55","716","1214","0","58.98","40.77"
"64","000","00","014","1407","1713","717","528","189","85","802","1258","0","63.75","41.97"
"64","000","00","014","1407","1714","716","495","221","32","748","1323","0","56.54","37.41"
"64","000","00","014","1408","0000","1289","1026","263","121","1410","2288","0","61.63","44.84"
"64","000","00","014","1408","1715","706","565","141","50","756","1253","0","60.34","45.09"
"64","000","00","014","1408","1716","583","461","122","71","654","1035","0","63.19","44.54"
"64","000","00","014","1409","0000","5741","4373","1368","422","6163","10761","0","57.27","40.64"
"64","000","00","014","1409","1717","572","432","140","31","603","1106","0","54.52","39.06"
"64","000","00","014","1409","1718","639","481","158","45","684","1195","0","57.24","40.25"
"64","000","00","014","1409","1719","565","430","135","26","591","1051","0","56.23","40.91"
"64","000","00","014","1409","1720","764","584","180","87","851","1425","0","59.72","40.98"
"64","000","00","014","1409","1721","850","633","217","60","910","1635","0","55.66","38.72"
"64","000","00","014","1409","1722","737","552","185","68","805","1359","0","59.23","40.62"
"64","000","00","014","1409","1723","743","587","156","62","805","1361","0","59.15","43.13"
"64","000","00","014","1409","1724","871","674","197","43","914","1629","0","56.11","41.38"
"64","000","00","014","1410","0000","3910","3035","875","246","4156","7606","0","54.64","39.9"
"64","000","00","014","1410","1725","818","644","174","61","879","1518","0","57.91","42.42"
"64","000","00","014","1410","1726","817","624","193","73","890","1620","0","54.94","38.52"
"64","000","00","014","1410","1727","834","645","189","30","864","1648","0","52.43","39.14"
"64","000","00","014","1410","1728","722","567","155","50","772","1385","0","55.74","40.94"
"64","000","00","014","1410","1729","719","555","164","32","751","1435","0","52.33","38.68"
"64","000","00","014","1411","0000","913","675","238","66","979","1835","0","53.35","36.78"
"64","000","00","014","1411","1730","533","412","121","29","562","1046","0","53.73","39.39"
"64","000","00","014","1411","1731","380","263","117","37","417","789","0","52.85","33.33"
"64","000","00","014","1412","0000","845","611","234","81","926","1642","0","56.39","37.21"
"64","000","00","014","1412","1732","458","341","117","35","493","909","0","54.24","37.51"
"64","000","00","014","1412","1733","387","270","117","46","433","733","0","59.07","36.83"
"64","000","00","014","1413","0000","1225","964","261","112","1337","2475","0","54.02","38.95"
"64","000","00","014","1413","1734","754","532","222","84","838","1553","0","53.96","34.26"
"64","000","00","014","1413","1735","471","432","39","28","499","922","0","54.12","46.85"
"64","000","00","014","1414","0000","1468","1082","386","192","1660","3001","0","55.31","36.05"
"64","000","00","014","1414","1736","509","373","136","77","586","1012","0","57.91","36.86"
"64","000","00","014","1414","1737","461","333","128","71","532","968","0","54.96","34.4"
"64","000","00","014","1414","1738","498","376","122","44","542","1021","0","53.09","36.83"
"64","000","00","014","1415","0000","663","509","154","85","748","1554","0","48.13","32.75"
"64","000","00","014","1415","1739","663","509","154","85","748","1554","0","48.13","32.75"
"64","000","00","014","1416","0000","3074","2365","709","229","3303","6101","0","54.14","38.76"
"64","000","00","014","1416","1740","618","452","166","68","686","1120","0","61.25","40.36"
"64","000","00","014","1416","1741","707","561","146","60","767","1225","0","62.61","45.8"
"64","000","00","014","1416","1742","486","383","103","25","511","1320","0","38.71","29.02"
"64","000","00","014","1416","1743","691","528","163","51","742","1317","0","56.34","40.09"
"64","000","00","014","1416","1744","572","441","131","25","597","1119","0","53.35","39.41"
"64","000","00","014","1417","0000","4237","3268","969","293","4530","7467","0","60.67","43.77"
"64","000","00","014","1417","1745","667","510","157","55","722","1190","0","60.67","42.86"
"64","000","00","014","1417","1746","698","534","164","57","755","1229","0","61.43","43.45"
"64","000","00","014","1417","1747","697","549","148","56","753","1178","0","63.92","46.6"
"64","000","00","014","1417","1748","758","575","183","35","793","1272","0","62.34","45.2"
"64","000","00","014","1417","1749","737","573","164","31","768","1413","0","54.35","40.55"
"64","000","00","014","1417","1750","680","527","153","59","739","1185","0","62.36","44.47"
"64","000","00","014","1418","0000","295","242","53","6","301","553","0","54.43","43.76"
"64","000","00","014","1418","1751","295","242","53","6","301","553","0","54.43","43.76"
"64","000","00","014","1419","0000","3676","2764","912","267","3943","6837","0","57.67","40.43"
"64","000","00","014","1419","1752","551","402","149","78","629","1121","0","56.11","35.86"
"64","000","00","014","1419","1753","655","481","174","29","684","1227","0","55.75","39.2"
"64","000","00","014","1419","1754","643","485","158","74","717","1058","0","67.77","45.84"
"64","000","00","014","1419","1755","659","492","167","36","695","1209","0","57.49","40.69"
"64","000","00","014","1419","1756","609","474","135","20","629","1100","0","57.18","43.09"
"64","000","00","014","1419","1757","559","430","129","30","589","1122","0","52.5","38.32"
"64","000","00","014","1420","0000","1136","837","299","112","1248","2175","0","57.38","38.48"
"64","000","00","014","1420","1758","564","407","157","81","645","983","0","65.62","41.4"
"64","000","00","014","1420","1759","572","430","142","31","603","1192","0","50.59","36.07"
"64","000","00","014","1421","0000","803","608","195","72","875","1548","0","56.52","39.28"
"64","000","00","014","1421","1760","355","258","97","32","387","719","0","53.82","35.88"
"64","000","00","014","1421","1761","448","350","98","40","488","829","0","58.87","42.22"
"64","000","00","014","1422","0000","1043","745","298","169","1212","1846","0","65.66","40.36"
"64","000","00","014","1422","1762","454","339","115","79","533","771","0","69.13","43.97"
"64","000","00","014","1422","1763","589","406","183","90","679","1075","0","63.16","37.77"
"64","000","00","014","1423","0000","1896","1405","491","210","2106","3669","0","57.4","38.29"
"64","000","00","014","1423","1764","695","519","176","92","787","1280","0","61.48","40.55"
"64","000","00","014","1423","1765","602","445","157","89","691","1179","0","58.61","37.74"
"64","000","00","014","1423","1766","599","441","158","29","628","1210","0","51.9","36.45"
"64","000","00","014","1424","0000","109","94","15","7","116","189","0","61.38","49.74"
"64","000","00","014","1424","1767","109","94","15","7","116","189","0","61.38","49.74"
"64","000","00","014","1425","0000","3741","3001","740","239","3980","6774","0","58.75","44.3"
"64","000","00","014","1425","1768","680","525","155","71","751","1228","0","61.16","42.75"
"64","000","00","014","1425","1769","630","511","119","42","672","1170","0","57.44","43.68"
"64","000","00","014","1425","1770","816","663","153","57","873","1416","0","61.65","46.82"
"64","000","00","014","1425","1771","863","690","173","2","865","1482","0","58.37","46.56"
"64","000","00","014","1425","1772","752","612","140","67","819","1478","0","55.41","41.41"
"64","000","00","015","0000","0000","18270","13775","4495","1662","19932","36772","42431","54.2","37.46"
"64","000","00","015","1501","0000","1512","1142","370","65","1577","2701","0","58.39","42.28"
"64","000","00","015","1501","0736","713","537","176","29","742","1386","0","53.54","38.74"
"64","000","00","015","1501","0737","799","605","194","36","835","1315","0","63.5","46.01"
"64","000","00","015","1502","0000","2506","1935","571","190","2696","5000","0","53.92","38.7"
"64","000","00","015","1502","0738","1234","946","288","82","1316","2461","0","53.47","38.44"
"64","000","00","015","1502","0739","630","487","143","37","667","1274","0","52.35","38.23"
"64","000","00","015","1502","0740","642","502","140","71","713","1265","0","56.36","39.68"
"64","000","00","015","1503","0000","2018","1530","488","161","2179","4126","0","52.81","37.08"
"64","000","00","015","1503","0741","745","577","168","78","823","1504","0","54.72","38.36"
"64","000","00","015","1503","0742","485","357","128","29","514","1049","0","49.0","34.03"
"64","000","00","015","1503","0743","788","596","192","54","842","1573","0","53.53","37.89"
"64","000","00","015","1504","0000","1128","874","254","99","1227","2328","0","52.71","37.54"
"64","000","00","015","1504","0744","485","384","101","41","526","1121","0","46.92","34.26"
"64","000","00","015","1504","0745","643","490","153","58","701","1207","0","58.08","40.6"
"64","000","00","015","1505","0000","1175","847","328","68","1243","2258","0","55.05","37.51"
"64","000","00","015","1505","0746","562","417","145","28","590","1134","0","52.03","36.77"
"64","000","00","015","1505","0747","613","430","183","40","653","1124","0","58.1","38.26"
"64","000","00","015","1506","0000","1820","1361","459","235","2055","3492","0","58.85","38.97"
"64","000","00","015","1506","0748","613","453","160","104","717","1259","0","56.95","35.98"
"64","000","00","015","1506","0749","624","479","145","67","691","1105","0","62.53","43.35"
"64","000","00","015","1506","0750","583","429","154","64","647","1128","0","57.36","38.03"
"64","000","00","015","1507","0000","504","367","137","89","593","1079","0","54.96","34.01"
"64","000","00","015","1507","0751","504","367","137","89","593","1079","0","54.96","34.01"
"64","000","00","015","1508","0000","465","355","110","39","504","1025","0","49.17","34.63"
"64","000","00","015","1508","0752","465","355","110","39","504","1025","0","49.17","34.63"
"64","000","00","015","1509","0000","467","347","120","61","528","950","0","55.58","36.53"
"64","000","00","015","1509","0753","467","347","120","61","528","950","0","55.58","36.53"
"64","000","00","015","1510","0000","704","484","220","107","811","1433","0","56.59","33.78"
"64","000","00","015","1510","0754","704","484","220","107","811","1433","0","56.59","33.78"
"64","000","00","015","1511","0000","623","459","164","41","664","1575","0","42.16","29.14"
"64","000","00","015","1511","0755","350","258","92","24","374","794","0","47.1","32.49"
"64","000","00","015","1511","0756","273","201","72","17","290","781","0","37.13","25.74"
"64","000","00","015","1512","0000","581","419","162","30","611","1318","0","46.36","31.79"
"64","000","00","015","1512","0757","581","419","162","30","611","1318","0","46.36","31.79"
"64","000","00","015","1513","0000","805","591","214","77","882","1783","0","49.47","33.15"
"64","000","00","015","1513","0758","355","267","88","49","404","736","0","54.89","36.28"
"64","000","00","015","1513","0759","450","324","126","28","478","1047","0","45.65","30.95"
"64","000","00","015","1514","0000","1169","854","315","123","1292","2457","0","52.58","34.76"
"64","000","00","015","1514","0760","655","483","172","84","739","1271","0","58.14","38.0"
"64","000","00","015","1514","0761","514","371","143","39","553","1186","0","46.63","31.28"
"64","000","00","015","1515","0000","523","391","132","53","576","1007","0","57.2","38.83"
"64","000","00","015","1515","0762","523","391","132","53","576","1007","0","57.2","38.83"
"64","000","00","015","1516","0000","767","601","166","79","846","1594","0","53.07","37.7"
"64","000","00","015","1516","0763","456","348","108","57","513","859","0","59.72","40.51"
"64","000","00","015","1516","0764","311","253","58","22","333","735","0","45.31","34.42"
"64","000","00","015","1517","0000","1164","955","209","125","1289","1926","0","66.93","49.58"
"64","000","00","015","1517","0765","561","415","146","77","638","1046","0","60.99","39.67"
"64","000","00","015","1517","0766","603","540","63","48","651","880","0","73.98","61.36"
"64","000","00","015","1518","0000","339","263","76","20","359","720","0","49.86","36.53"
"64","000","00","015","1518","0767","339","263","76","20","359","720","0","49.86","36.53"
"64","000","00","016","0000","0000","15557","11407","4150","1432","16989","30046","34591","56.54","37.97"
"64","000","00","016","1601","0000","466","336","130","76","542","950","0","57.05","35.37"
"64","000","00","016","1601","0637","466","336","130","76","542","950","0","57.05","35.37"
"64","000","00","016","1602","0000","1399","1076","323","85","1484","3162","0","46.93","34.03"
"64","000","00","016","1602","0638","618","456","162","45","663","1306","0","50.77","34.92"
"64","000","00","016","1602","0639","781","620","161","40","821","1856","0","44.23","33.41"
"64","000","00","016","1603","0000","2657","1943","714","280","2937","4968","0","59.12","39.11"
"64","000","00","016","1603","0640","562","408","154","69","631","986","0","64.0","41.38"
"64","000","00","016","1603","0641","510","372","138","63","573","1116","0","51.34","33.33"
"64","000","00","016","1603","0642","721","520","201","85","806","1253","0","64.33","41.5"
"64","000","00","016","1603","0643","864","643","221","63","927","1613","0","57.47","39.86"
"64","000","00","016","1604","0000","820","608","212","51","871","1679","0","51.88","36.21"
"64","000","00","016","1604","0659","316","234","82","16","332","745","0","44.56","31.41"
"64","000","00","016","1604","0660","504","374","130","35","539","934","0","57.71","40.04"
"64","000","00","016","1605","0000","1386","1010","376","129","1515","2661","0","56.93","37.96"
"64","000","00","016","1605","0646","540","420","120","67","607","1004","0","60.46","41.83"
"64","000","00","016","1605","0647","461","329","132","40","501","879","0","57.0","37.43"
"64","000","00","016","1605","0648","385","261","124","22","407","778","0","52.31","33.55"
"64","000","00","016","1606","0000","2960","2140","820","272","3232","5391","0","59.95","39.7"
"64","000","00","016","1606","0649","611","437","174","64","675","1110","0","60.81","39.37"
"64","000","00","016","1606","0650","744","535","209","64","808","1432","0","56.42","37.36"
"64","000","00","016","1606","0651","790","596","194","49","839","1466","0","57.23","40.65"
"64","000","00","016","1606","0652","815","572","243","95","910","1383","0","65.8","41.36"
"64","000","00","016","1607","0000","2549","1871","678","233","2782","4950","0","56.2","37.8"
"64","000","00","016","1607","0653","898","681","217","87","985","1645","0","59.88","41.4"
"64","000","00","016","1607","0654","725","530","195","58","783","1555","0","50.35","34.08"
"64","000","00","016","1607","0655","926","660","266","88","1014","1750","0","57.94","37.71"
"64","000","00","016","1608","0000","1692","1261","431","189","1881","3156","0","59.6","39.96"
"64","000","00","016","1608","0656","586","425","161","65","651","1111","0","58.6","38.25"
"64","000","00","016","1608","0657","616","462","154","78","694","1133","0","61.25","40.78"
"64","000","00","016","1608","0658","490","374","116","46","536","912","0","58.77","41.01"
"64","000","00","016","1609","0000","1628","1162","466","117","1745","3129","0","55.77","37.14"
"64","000","00","016","1609","0644","714","521","193","56","770","1455","0","52.92","35.81"
"64","000","00","016","1609","0645","914","641","273","61","975","1674","0","58.24","38.29"
"64","000","00","017","0000","0000","39504","30136","9368","2644","42148","73611","87415","57.26","40.94"
"64","000","00","017","1701","0000","2363","1796","567","131","2494","4050","0","61.58","44.35"
"64","000","00","017","1701","0661","1050","803","247","55","1105","1777","0","62.18","45.19"
"64","000","00","017","1701","0662","1313","993","320","76","1389","2273","0","61.11","43.69"
"64","000","00","017","1702","0000","4342","3299","1043","287","4629","7511","0","61.63","43.92"
"64","000","00","017","1702","0663","830","622","208","81","911","1384","0","65.82","44.94"
"64","000","00","017","1702","0664","624","467","157","64","688","1170","0","58.8","39.91"
"64","000","00","017","1702","0665","743","540","203","73","816","1216","0","67.11","44.41"
"64","000","00","017","1702","0666","865","662","203","22","887","1598","0","55.51","41.43"
"64","000","00","017","1702","0667","1280","1008","272","47","1327","2143","0","61.92","47.04"
"64","000","00","017","1703","0000","1406","1046","360","150","1556","2638","0","58.98","39.65"
"64","000","00","017","1703","0668","672","498","174","73","745","1300","0","57.31","38.31"
"64","000","00","017","1703","0669","734","548","186","77","811","1338","0","60.61","40.96"
"64","000","00","017","1704","0000","1820","1353","467","148","1968","3823","0","51.48","35.39"
"64","000","00","017","1704","0670","613","450","163","23","636","1217","0","52.26","36.98"
"64","000","00","017","1704","0671","538","403","135","78","616","1202","0","51.25","33.53"
"64","000","00","017","1704","0672","669","500","169","47","716","1404","0","51.0","35.61"
"64","000","00","017","1705","0000","423","314","109","57","480","830","0","57.83","37.83"
"64","000","00","017","1705","0673","423","314","109","57","480","830","0","57.83","37.83"
"64","000","00","017","1706","0000","2411","1840","571","172","2583","5417","0","47.68","33.97"
"64","000","00","017","1706","0674","728","556","172","42","770","1802","0","42.73","30.85"
"64","000","00","017","1706","0675","906","703","203","82","988","1877","0","52.64","37.45"
"64","000","00","017","1706","0676","777","581","196","48","825","1738","0","47.47","33.43"
"64","000","00","017","1707","0000","4615","3494","1121","296","4911","8679","0","56.58","40.26"
"64","000","00","017","1707","0677","779","581","198","64","843","1549","0","54.42","37.51"
"64","000","00","017","1707","0678","888","637","251","59","947","1579","0","59.97","40.34"
"64","000","00","017","1707","0679","700","542","158","43","743","1406","0","52.84","38.55"
"64","000","00","017","1707","0680","790","653","137","32","822","1461","0","56.26","44.7"
"64","000","00","017","1707","0681","759","550","209","61","820","1311","0","62.55","41.95"
"64","000","00","017","1707","0682","699","531","168","37","736","1373","0","53.61","38.67"
"64","000","00","017","1708","0000","1054","717","337","61","1115","2216","0","50.32","32.36"
"64","000","00","017","1708","0683","464","312","152","21","485","1035","0","46.86","30.14"
"64","000","00","017","1708","0684","590","405","185","40","630","1181","0","53.34","34.29"
"64","000","00","017","1709","0000","8945","6901","2044","513","9458","15899","0","59.49","43.41"
"64","000","00","017","1709","0685","843","643","200","51","894","1670","0","53.53","38.5"
"64","000","00","017","1709","0686","826","599","227","26","852","1576","0","54.06","38.01"
"64","000","00","017","1709","0687","907","709","198","69","976","1576","0","61.93","44.99"
"64","000","00","017","1709","0688","1118","859","259","47","1165","1915","0","60.84","44.86"
"64","000","00","017","1709","0689","911","720","191","32","943","1758","0","53.64","40.96"
"64","000","00","017","1709","0690","1121","888","233","72","1193","1892","0","63.05","46.93"
"64","000","00","017","1709","0691","1138","871","267","84","1222","2025","0","60.35","43.01"
"64","000","00","017","1709","0692","1164","927","237","74","1238","2014","0","61.47","46.03"
"64","000","00","017","1709","0693","917","685","232","58","975","1473","0","66.19","46.5"
"64","000","00","017","1710","0000","964","730","234","77","1041","1923","0","54.13","37.96"
"64","000","00","017","1710","0694","465","346","119","49","514","979","0","52.5","35.34"
"64","000","00","017","1710","0695","499","384","115","28","527","944","0","55.83","40.68"
"64","000","00","017","1711","0000","1272","978","294","129","1401","2481","0","56.47","39.42"
"64","000","00","017","1711","0696","614","468","146","86","700","1153","0","60.71","40.59"
"64","000","00","017","1711","0697","658","510","148","43","701","1328","0","52.79","38.4"
"64","000","00","017","1712","0000","918","672","246","80","998","1657","0","60.23","40.56"
"64","000","00","017","1712","0698","918","672","246","80","998","1657","0","60.23","40.56"
"64","000","00","017","1713","0000","2526","1985","541","190","2716","4564","0","59.51","43.49"
"64","000","00","017","1713","0699","743","636","107","74","817","1545","0","52.88","41.17"
"64","000","00","017","1713","0700","814","597","217","61","875","1417","0","61.75","42.13"
"64","000","00","017","1713","0701","969","752","217","55","1024","1602","0","63.92","46.94"
"64","000","00","017","1714","0000","2112","1600","512","125","2237","3737","0","59.86","42.82"
"64","000","00","017","1714","0702","1081","823","258","87","1168","1823","0","64.07","45.15"
"64","000","00","017","1714","0703","1031","777","254","38","1069","1914","0","55.85","40.6"
"64","000","00","017","1715","0000","3233","2583","650","165","3398","6019","0","56.45","42.91"
"64","000","00","017","1715","0704","1064","914","150","57","1121","1992","0","56.28","45.88"
"64","000","00","017","1715","0705","1028","774","254","45","1073","2045","0","52.47","37.85"
"64","000","00","017","1715","0706","1141","895","246","63","1204","1982","0","60.75","45.16"
"64","000","00","017","1716","0000","1100","828","272","63","1163","2167","0","53.67","38.21"
"64","000","00","017","1716","0707","1100","828","272","63","1163","2167","0","53.67","38.21"
"64","000","00","018","0000","0000","21865","16185","5680","1588","23453","39191","44387","59.84","41.3"
"64","000","00","018","1801","0000","5400","3977","1423","395","5795","10030","0","57.78","39.65"
"64","000","00","018","1801","0708","918","666","252","64","982","1678","0","58.52","39.69"
"64","000","00","018","1801","0709","839","638","201","75","914","1682","0","54.34","37.93"
"64","000","00","018","1801","0710","691","510","181","53","744","1225","0","60.73","41.63"
"64","000","00","018","1801","0711","665","503","162","68","733","1322","0","55.45","38.05"
"64","000","00","018","1801","0712","679","509","170","56","735","1215","0","60.49","41.89"
"64","000","00","018","1801","0713","907","665","242","51","958","1779","0","53.85","37.38"
"64","000","00","018","1801","0714","701","486","215","28","729","1129","0","64.57","43.05"
"64","000","00","018","1802","0000","2664","1929","735","172","2836","4682","0","60.57","41.2"
"64","000","00","018","1802","0715","787","590","197","68","855","1374","0","62.23","42.94"
"64","000","00","018","1802","0716","589","399","190","35","624","1089","0","57.3","36.64"
"64","000","00","018","1802","0717","1288","940","348","69","1357","2219","0","61.15","42.36"
"64","000","00","018","1803","0000","5773","4220","1553","308","6081","9817","0","61.94","42.99"
"64","000","00","018","1803","0718","892","652","240","32","924","1634","0","56.55","39.9"
"64","000","00","018","1803","0719","918","702","216","68","986","1553","0","63.49","45.2"
"64","000","00","018","1803","0720","938","692","246","55","993","1572","0","63.17","44.02"
"64","000","00","018","1803","0721","1015","723","292","44","1059","1688","0","62.74","42.83"
"64","000","00","018","1803","0722","961","678","283","39","1000","1626","0","61.5","41.7"
"64","000","00","018","1803","0723","1049","773","276","70","1119","1744","0","64.16","44.32"
"64","000","00","018","1804","0000","1967","1472","495","203","2170","3548","0","61.16","41.49"
"64","000","00","018","1804","0724","628","466","162","58","686","1230","0","55.77","37.89"
"64","000","00","018","1804","0725","674","508","166","94","768","1201","0","63.95","42.3"
"64","000","00","018","1804","0726","665","498","167","51","716","1117","0","64.1","44.58"
"64","000","00","018","1805","0000","3361","2550","811","290","3651","6462","0","56.5","39.46"
"64","000","00","018","1805","0727","643","479","164","71","714","1255","0","56.89","38.17"
"64","000","00","018","1805","0728","689","535","154","46","735","1432","0","51.33","37.36"
"64","000","00","018","1805","0729","666","500","166","37","703","1370","0","51.31","36.5"
"64","000","00","018","1805","0730","777","618","159","71","848","1364","0","62.17","45.31"
"64","000","00","018","1805","0731","586","418","168","65","651","1041","0","62.54","40.15"
"64","000","00","018","1806","0000","468","361","107","40","508","702","0","72.36","51.42"
"64","000","00","018","1806","0732","468","361","107","40","508","702","0","72.36","51.42"
"64","000","00","018","1807","0000","2232","1676","556","180","2412","3950","0","61.06","42.43"
"64","000","00","018","1807","0733","659","470","189","69","728","1212","0","60.07","38.78"
"64","000","00","018","1807","0734","693","548","145","64","757","1289","0","58.73","42.51"
"64","000","00","018","1807","0735","880","658","222","47","927","1449","0","63.98","45.41"
"64","000","00","019","0000","0000","45431","35021","10410","3363","48794","81244","97072","60.06","43.11"
"64","000","00","019","1901","0000","686","498","188","80","766","1159","0","66.09","42.97"
"64","000","00","019","1901","0268","686","498","188","80","766","1159","0","66.09","42.97"
"64","000","00","019","1902","0000","2371","1804","567","146","2517","4358","0","57.76","41.4"
"64","000","00","019","1902","0261","822","632","190","53","875","1345","0","65.06","46.99"
"64","000","00","019","1902","0262","440","312","128","24","464","1045","0","44.4","29.86"
"64","000","00","019","1902","0263","588","461","127","50","638","1051","0","60.7","43.86"
"64","000","00","019","1902","0264","521","399","122","19","540","917","0","58.89","43.51"
"64","000","00","019","1903","0000","1955","1493","462","137","2092","3239","0","64.59","46.09"
"64","000","00","019","1903","0265","563","426","137","39","602","934","0","64.45","45.61"
"64","000","00","019","1903","0266","633","483","150","55","688","1097","0","62.72","44.03"
"64","000","00","019","1903","0267","759","584","175","43","802","1208","0","66.39","48.34"
"64","000","00","019","1904","0000","566","411","155","58","624","1018","0","61.3","40.37"
"64","000","00","019","1904","0269","566","411","155","58","624","1018","0","61.3","40.37"
"64","000","00","019","1905","0000","2250","1788","462","83","2333","4091","0","57.03","43.71"
"64","000","00","019","1905","0274","669","530","139","37","706","1328","0","53.16","39.91"
"64","000","00","019","1905","0275","773","602","171","24","797","1382","0","57.67","43.56"
"64","000","00","019","1905","0276","808","656","152","22","830","1381","0","60.1","47.5"
"64","000","00","019","1906","0000","607","450","157","42","649","1316","0","49.32","34.19"
"64","000","00","019","1906","0270","607","450","157","42","649","1316","0","49.32","34.19"
"64","000","00","019","1907","0000","1804","1560","244","36","1840","2895","0","63.56","53.89"
"64","000","00","019","1907","0325","819","716","103","0","819","1336","0","61.3","53.59"
"64","000","00","019","1907","0326","744","665","79","18","762","1218","0","62.56","54.6"
"64","000","00","019","1907","0327","241","179","62","18","259","341","0","75.95","52.49"
"64","000","00","019","1908","0000","224","153","71","16","240","318","0","75.47","48.11"
"64","000","00","019","1908","0332","224","153","71","16","240","318","0","75.47","48.11"
"64","000","00","019","1909","0000","1491","1150","341","101","1592","2795","0","56.96","41.14"
"64","000","00","019","1909","0293","717","550","167","53","770","1283","0","60.02","42.87"
"64","000","00","019","1909","0294","774","600","174","48","822","1512","0","54.37","39.68"
"64","000","00","019","1910","0000","664","487","177","35","699","1413","0","49.47","34.47"
"64","000","00","019","1910","0309","664","487","177","35","699","1413","0","49.47","34.47"
"64","000","00","019","1911","0000","2076","1607","469","180","2256","3607","0","62.55","44.55"
"64","000","00","019","1911","0304","728","574","154","53","781","1272","0","61.4","45.13"
"64","000","00","019","1911","0305","646","510","136","51","697","1080","0","64.54","47.22"
"64","000","00","019","1911","0306","702","523","179","76","778","1255","0","61.99","41.67"
"64","000","00","019","1912","0000","3171","2451","720","237","3408","5535","0","61.57","44.28"
"64","000","00","019","1912","0300","770","587","183","66","836","1360","0","61.47","43.16"
"64","000","00","019","1912","0301","782","596","186","44","826","1363","0","60.6","43.73"
"64","000","00","019","1912","0302","820","640","180","57","877","1352","0","64.87","47.34"
"64","000","00","019","1912","0303","799","628","171","70","869","1460","0","59.52","43.01"
"64","000","00","019","1913","0000","1042","848","194","69","1111","1613","0","68.88","52.57"
"64","000","00","019","1913","0330","528","413","115","48","576","851","0","67.69","48.53"
"64","000","00","019","1913","0331","514","435","79","21","535","762","0","70.21","57.09"
"64","000","00","019","1914","0000","426","311","115","85","511","756","0","67.59","41.14"
"64","000","00","019","1914","0320","426","311","115","85","511","756","0","67.59","41.14"
"64","000","00","019","1915","0000","349","271","78","22","371","866","0","42.84","31.29"
"64","000","00","019","1915","0323","349","271","78","22","371","866","0","42.84","31.29"
"64","000","00","019","1916","0000","1825","1402","423","161","1986","3350","0","59.28","41.85"
"64","000","00","019","1916","0297","613","450","163","65","678","1096","0","61.86","41.06"
"64","000","00","019","1916","0298","590","456","134","56","646","1066","0","60.6","42.78"
"64","000","00","019","1916","0299","622","496","126","40","662","1188","0","55.72","41.75"
"64","000","00","019","1917","0000","2090","1625","465","161","2251","3849","0","58.48","42.22"
"64","000","00","019","1917","0277","690","531","159","79","769","1282","0","59.98","41.42"
"64","000","00","019","1917","0278","670","507","163","18","688","1240","0","55.48","40.89"
"64","000","00","019","1917","0279","730","587","143","64","794","1327","0","59.83","44.24"
"64","000","00","019","1918","0000","2151","1707","444","152","2303","4065","0","56.65","41.99"
"64","000","00","019","1918","0271","623","551","72","36","659","1345","0","49.0","40.97"
"64","000","00","019","1918","0272","750","557","193","53","803","1295","0","62.01","43.01"
"64","000","00","019","1918","0273","778","599","179","63","841","1425","0","59.02","42.04"
"64","000","00","019","1919","0000","3368","2605","763","258","3626","6674","0","54.33","39.03"
"64","000","00","019","1919","0280","900","708","192","66","966","1736","0","55.65","40.78"
"64","000","00","019","1919","0281","873","665","208","73","946","1566","0","60.41","42.46"
"64","000","00","019","1919","0282","712","545","167","46","758","1779","0","42.61","30.64"
"64","000","00","019","1919","0283","883","687","196","73","956","1593","0","60.01","43.13"
"64","000","00","019","1920","0000","3146","2409","737","227","3373","5402","0","62.44","44.59"
"64","000","00","019","1920","0284","847","645","202","70","917","1480","0","61.96","43.58"
"64","000","00","019","1920","0285","771","608","163","37","808","1364","0","59.24","44.57"
"64","000","00","019","1920","0286","806","617","189","56","862","1410","0","61.13","43.76"
"64","000","00","019","1920","0287","722","539","183","64","786","1148","0","68.47","46.95"
"64","000","00","019","1921","0000","1061","832","229","63","1124","1830","0","61.42","45.46"
"64","000","00","019","1921","0289","556","444","112","41","597","969","0","61.61","45.82"
"64","000","00","019","1921","0290","505","388","117","22","527","861","0","61.21","45.06"
"64","000","00","019","1922","0000","1058","792","266","54","1112","1808","0","61.5","43.81"
"64","000","00","019","1922","0310","422","309","113","13","435","765","0","56.86","40.39"
"64","000","00","019","1922","0311","636","483","153","41","677","1043","0","64.91","46.31"
"64","000","00","019","1923","0000","1080","824","256","77","1157","1837","0","62.98","44.86"
"64","000","00","019","1923","0312","394","310","84","35","429","844","0","50.83","36.73"
"64","000","00","019","1923","0313","686","514","172","42","728","993","0","73.31","51.76"
"64","000","00","019","1924","0000","603","462","141","67","670","1038","0","64.55","44.51"
"64","000","00","019","1924","0314","603","462","141","67","670","1038","0","64.55","44.51"
"64","000","00","019","1925","0000","931","698","233","93","1024","1712","0","59.81","40.77"
"64","000","00","019","1925","0291","405","307","98","26","431","823","0","52.37","37.3"
"64","000","00","019","1925","0292","526","391","135","67","593","889","0","66.7","43.98"
"64","000","00","019","1926","0000","1904","1364","540","193","2097","3442","0","60.92","39.63"
"64","000","00","019","1926","0315","573","402","171","78","651","1070","0","60.84","37.57"
"64","000","00","019","1926","0316","602","435","167","81","683","1023","0","66.76","42.52"
"64","000","00","019","1926","0317","729","527","202","34","763","1349","0","56.56","39.07"
"64","000","00","019","1927","0000","889","591","298","68","957","1753","0","54.59","33.71"
"64","000","00","019","1927","0318","705","545","160","49","754","1452","0","51.93","37.53"
"64","000","00","019","1927","0319","184","46","138","19","203","301","0","67.44","15.28"
"64","000","00","019","1928","0000","847","624","223","93","940","1587","0","59.23","39.32"
"64","000","00","019","1928","0321","333","244","89","15","348","733","0","47.48","33.29"
"64","000","00","019","1928","0322","514","380","134","78","592","854","0","69.32","44.5"
"64","000","00","019","1929","0000","499","382","117","60","559","978","0","57.16","39.06"
"64","000","00","019","1929","0324","499","382","117","60","559","978","0","57.16","39.06"
"64","000","00","019","1930","0000","1310","997","313","108","1418","2175","0","65.2","45.84"
"64","000","00","019","1930","0307","577","434","143","52","629","938","0","67.06","46.27"
"64","000","00","019","1930","0308","733","563","170","56","789","1237","0","63.78","45.51"
"64","000","00","019","1931","0000","352","251","101","52","404","625","0","64.64","40.16"
"64","000","00","019","1931","0288","352","251","101","52","404","625","0","64.64","40.16"
"64","000","00","019","1932","0000","1318","977","341","104","1422","2245","0","63.34","43.52"
"64","000","00","019","1932","0295","614","437","177","58","672","983","0","68.36","44.46"
"64","000","00","019","1932","0296","704","540","164","46","750","1262","0","59.43","42.79"
"64","000","00","019","1933","0000","1317","1197","120","45","1362","1895","0","71.87","63.17"
"64","000","00","019","1933","0328","684","623","61","30","714","955","0","74.76","65.24"
"64","000","00","019","1933","0329","633","574","59","15","648","940","0","68.94","61.06"
"64","000","00","020","0000","0000","17984","13387","4597","1877","19861","32565","37647","60.99","41.11"
"64","000","00","020","2001","0000","1211","890","321","134","1345","2078","0","64.73","42.83"
"64","000","00","020","2001","0404","587","443","144","80","667","1005","0","66.37","44.08"
"64","000","00","020","2001","0405","624","447","177","54","678","1073","0","63.19","41.66"
"64","000","00","020","2002","0000","606","443","163","41","647","1129","0","57.31","39.24"
"64","000","00","020","2002","0406","606","443","163","41","647","1129","0","57.31","39.24"
"64","000","00","020","2003","0000","1272","951","321","126","1398","2335","0","59.87","40.73"
"64","000","00","020","2003","0407","696","523","173","85","781","1244","0","62.78","42.04"
"64","000","00","020","2003","0408","576","428","148","41","617","1091","0","56.55","39.23"
"64","000","00","020","2004","0000","1456","1064","392","107","1563","2469","0","63.3","43.09"
"64","000","00","020","2004","0409","798","593","205","60","858","1329","0","64.56","44.62"
"64","000","00","020","2004","0410","658","471","187","47","705","1140","0","61.84","41.32"
"64","000","00","020","2005","0000","672","574","98","82","754","1220","0","61.8","47.05"
"64","000","00","020","2005","0411","672","574","98","82","754","1220","0","61.8","47.05"
"64","000","00","020","2006","0000","1320","934","386","174","1494","2362","0","63.25","39.54"
"64","000","00","020","2006","0412","642","456","186","67","709","1047","0","67.72","43.55"
"64","000","00","020","2006","0413","678","478","200","107","785","1315","0","59.7","36.35"
"64","000","00","020","2007","0000","761","555","206","98","859","1411","0","60.88","39.33"
"64","000","00","020","2007","0414","347","247","100","38","385","691","0","55.72","35.75"
"64","000","00","020","2007","0415","414","308","106","60","474","720","0","65.83","42.78"
"64","000","00","020","2008","0000","1862","1357","505","213","2075","3271","0","63.44","41.49"
"64","000","00","020","2008","0416","666","487","179","80","746","1192","0","62.58","40.86"
"64","000","00","020","2008","0417","758","537","221","80","838","1318","0","63.58","40.74"
"64","000","00","020","2008","0418","438","333","105","53","491","761","0","64.52","43.76"
"64","000","00","020","2009","0000","850","644","206","62","912","1560","0","58.46","41.28"
"64","000","00","020","2009","0419","523","392","131","28","551","973","0","56.63","40.29"
"64","000","00","020","2009","0420","327","252","75","34","361","587","0","61.5","42.93"
"64","000","00","020","2010","0000","1457","1115","342","95","1552","2421","0","64.11","46.06"
"64","000","00","020","2010","0421","480","361","119","47","527","812","0","64.9","44.46"
"64","000","00","020","2010","0422","203","136","67","11","214","343","0","62.39","39.65"
"64","000","00","020","2010","0423","774","618","156","37","811","1266","0","64.06","48.82"
"64","000","00","020","2011","0000","1134","851","283","166","1300","2012","0","64.61","42.3"
"64","000","00","020","2011","0424","639","471","168","98","737","1128","0","65.34","41.76"
"64","000","00","020","2011","0425","495","380","115","68","563","884","0","63.69","42.99"
"64","000","00","020","2012","0000","1289","1003","286","172","1461","2446","0","59.73","41.01"
"64","000","00","020","2012","0426","607","480","127","83","690","1187","0","58.13","40.44"
"64","000","00","020","2012","0427","682","523","159","89","771","1259","0","61.24","41.54"
"64","000","00","020","2013","0000","671","495","176","80","751","1361","0","55.18","36.37"
"64","000","00","020","2013","0428","671","495","176","80","751","1361","0","55.18","36.37"
"64","000","00","020","2014","0000","316","232","84","37","353","671","0","52.61","34.58"
"64","000","00","020","2014","0429","316","232","84","37","353","671","0","52.61","34.58"
"64","000","00","020","2015","0000","2105","1522","583","242","2347","3689","0","63.62","41.26"
"64","000","00","020","2015","0430","712","520","192","67","779","1215","0","64.12","42.8"
"64","000","00","020","2015","0431","673","466","207","108","781","1255","0","62.23","37.13"
"64","000","00","020","2015","0432","720","536","184","67","787","1219","0","64.56","43.97"
"64","000","00","020","2016","0000","714","549","165","37","751","1372","0","54.74","40.01"
"64","000","00","020","2016","0433","714","549","165","37","751","1372","0","54.74","40.01"
"64","000","00","020","2017","0000","288","208","80","11","299","758","0","39.45","27.44"
"64","000","00","020","2017","0434","288","208","80","11","299","758","0","39.45","27.44"
"64","000","00","021","0000","0000","13202","9937","3265","1399","14601","26012","29809","56.13","38.2"
"64","000","00","021","2101","0000","563","431","132","93","656","1152","0","56.94","37.41"
"64","000","00","021","2101","0333","563","431","132","93","656","1152","0","56.94","37.41"
"64","000","00","021","2102","0000","1189","891","298","85","1274","2094","0","60.84","42.55"
"64","000","00","021","2102","0334","606","460","146","27","633","1120","0","56.52","41.07"
"64","000","00","021","2102","0335","583","431","152","58","641","974","0","65.81","44.25"
"64","000","00","021","2103","0000","1468","1091","377","133","1601","3353","0","47.75","32.54"
"64","000","00","021","2103","0336","518","372","146","16","534","1019","0","52.4","36.51"
"64","000","00","021","2103","0337","524","389","135","73","597","1058","0","56.43","36.77"
"64","000","00","021","2103","0338","389","297","92","40","429","1017","0","42.18","29.2"
"64","000","00","021","2103","0339","37","33","4","4","41","259","0","15.83","12.74"
"64","000","00","021","2104","0000","1490","1124","366","151","1641","2652","0","61.88","42.38"
"64","000","00","021","2104","0340","553","426","127","64","617","926","0","66.63","46.0"
"64","000","00","021","2104","0341","289","213","76","18","307","624","0","49.2","34.13"
"64","000","00","021","2104","0342","648","485","163","69","717","1102","0","65.06","44.01"
"64","000","00","021","2105","0000","1230","908","322","121","1351","2433","0","55.53","37.32"
"64","000","00","021","2105","0343","521","391","130","56","577","1072","0","53.82","36.47"
"64","000","00","021","2105","0344","709","517","192","65","774","1361","0","56.87","37.99"
"64","000","00","021","2106","0000","252","203","49","35","287","472","0","60.81","43.01"
"64","000","00","021","2106","0345","252","203","49","35","287","472","0","60.81","43.01"
"64","000","00","021","2107","0000","1223","941","282","151","1374","2331","0","58.94","40.37"
"64","000","00","021","2107","0346","576","445","131","60","636","1197","0","53.13","37.18"
"64","000","00","021","2107","0347","647","496","151","91","738","1134","0","65.08","43.74"
"64","000","00","021","2108","0000","1960","1497","463","171","2131","3757","0","56.72","39.85"
"64","000","00","021","2108","0348","554","405","149","50","604","1148","0","52.61","35.28"
"64","000","00","021","2108","0349","577","456","121","75","652","1207","0","54.02","37.78"
"64","000","00","021","2108","0350","829","636","193","46","875","1402","0","62.41","45.36"
"64","000","00","021","2109","0000","1810","1347","463","220","2030","3401","0","59.69","39.61"
"64","000","00","021","2109","0351","534","381","153","73","607","1000","0","60.7","38.1"
"64","000","00","021","2109","0352","609","459","150","71","680","1110","0","61.26","41.35"
"64","000","00","021","2109","0353","667","507","160","76","743","1291","0","57.55","39.27"
"64","000","00","021","2110","0000","909","648","261","142","1051","1895","0","55.46","34.2"
"64","000","00","021","2110","0354","408","284","124","78","486","797","0","60.98","35.63"
"64","000","00","021","2110","0355","501","364","137","64","565","1098","0","51.46","33.15"
"64","000","00","021","2111","0000","1108","856","252","97","1205","2472","0","48.75","34.63"
"64","000","00","021","2111","0356","681","519","162","70","751","1393","0","53.91","37.26"
"64","000","00","021","2111","0357","427","337","90","27","454","1079","0","42.08","31.23"
"64","000","00","022","0000","0000","2714","1969","745","366","3080","6671","7196","46.17","29.52"
"64","000","00","022","2201","0000","136","99","37","6","142","369","0","38.48","26.83"
"64","000","00","022","2201","0237","136","99","37","6","142","369","0","38.48","26.83"
"64","000","00","022","2202","0000","349","262","87","36","385","1062","0","36.25","24.67"
"64","000","00","022","2202","0238","245","189","56","25","270","656","0","41.16","28.81"
"64","000","00","022","2202","0239","104","73","31","11","115","406","0","28.33","17.98"
"64","000","00","022","2203","0000","160","118","42","27","187","380","0","49.21","31.05"
"64","000","00","022","2203","0240","160","118","42","27","187","380","0","49.21","31.05"
"64","000","00","022","2204","0000","177","129","48","15","192","379","0","50.66","34.04"
"64","000","00","022","2204","0241","177","129","48","15","192","379","0","50.66","34.04"
"64","000","00","022","2205","0000","293","208","85","58","351","625","0","56.16","33.28"
"64","000","00","022","2205","0242","293","208","85","58","351","625","0","56.16","33.28"
"64","000","00","022","2206","0000","413","322","91","20","433","946","0","45.77","34.04"
"64","000","00","022","2206","0243","413","322","91","20","433","946","0","45.77","34.04"
"64","000","00","022","2207","0000","320","232","88","54","374","794","0","47.1","29.22"
"64","000","00","022","2207","0244","320","232","88","54","374","794","0","47.1","29.22"
"64","000","00","022","2208","0000","141","101","40","27","168","382","0","43.98","26.44"
"64","000","00","022","2208","0245","141","101","40","27","168","382","0","43.98","26.44"
"64","000","00","022","2209","0000","157","99","58","42","199","513","0","38.79","19.3"
"64","000","00","022","2209","0246","157","99","58","42","199","513","0","38.79","19.3"
"64","000","00","022","2210","0000","568","399","169","81","649","1221","0","53.15","32.68"
"64","000","00","022","2210","0247","267","183","84","23","290","601","0","48.25","30.45"
"64","000","00","022","2210","0248","301","216","85","58","359","620","0","57.9","34.84"
"64","000","00","023","0000","0000","11957","8896","3061","944","12901","24534","28676","52.58","36.26"
"64","000","00","023","2301","0000","550","375","175","45","595","1299","0","45.8","28.87"
"64","000","00","023","2301","0216","550","375","175","45","595","1299","0","45.8","28.87"
"64","000","00","023","2302","0000","946","695","251","62","1008","2005","0","50.27","34.66"
"64","000","00","023","2302","0217","545","405","140","31","576","1107","0","52.03","36.59"
"64","000","00","023","2302","0218","401","290","111","31","432","898","0","48.11","32.29"
"64","000","00","023","2303","0000","589","436","153","85","674","1259","0","53.53","34.63"
"64","000","00","023","2303","0219","589","436","153","85","674","1259","0","53.53","34.63"
"64","000","00","023","2304","0000","1063","803","260","59","1122","2143","0","52.36","37.47"
"64","000","00","023","2304","0220","757","573","184","50","807","1579","0","51.11","36.29"
"64","000","00","023","2304","0221","306","230","76","9","315","564","0","55.85","40.78"
"64","000","00","023","2305","0000","445","326","119","51","496","768","0","64.58","42.45"
"64","000","00","023","2305","0222","445","326","119","51","496","768","0","64.58","42.45"
"64","000","00","023","2306","0000","2476","1855","621","171","2647","4886","0","54.18","37.97"
"64","000","00","023","2306","0223","581","436","145","55","636","1092","0","58.24","39.93"
"64","000","00","023","2306","0224","561","405","156","63","624","1099","0","56.78","36.85"
"64","000","00","023","2306","0225","593","467","126","26","619","1134","0","54.59","41.18"
"64","000","00","023","2306","0226","741","547","194","27","768","1561","0","49.2","35.04"
"64","000","00","023","2307","0000","1324","964","360","125","1449","2649","0","54.7","36.39"
"64","000","00","023","2307","0227","806","583","223","92","898","1533","0","58.58","38.03"
"64","000","00","023","2307","0228","518","381","137","33","551","1116","0","49.37","34.14"
"64","000","00","023","2308","0000","1131","846","285","101","1232","2314","0","53.24","36.56"
"64","000","00","023","2308","0229","506","367","139","43","549","1054","0","52.09","34.82"
"64","000","00","023","2308","0230","625","479","146","58","683","1260","0","54.21","38.02"
"64","000","00","023","2309","0000","718","546","172","74","792","1504","0","52.66","36.3"
"64","000","00","023","2309","0231","718","546","172","74","792","1504","0","52.66","36.3"
"64","000","00","023","2310","0000","774","591","183","44","818","1671","0","48.95","35.37"
"64","000","00","023","2310","0232","374","271","103","20","394","848","0","46.46","31.96"
"64","000","00","023","2310","0233","400","320","80","24","424","823","0","51.52","38.88"
"64","000","00","023","2311","0000","530","412","118","25","555","1021","0","54.36","40.35"
"64","000","00","023","2311","0234","530","412","118","25","555","1021","0","54.36","40.35"
"64","000","00","023","2312","0000","1411","1047","364","102","1513","3015","0","50.18","34.73"
"64","000","00","023","2312","0235","784","587","197","47","831","1715","0","48.45","34.23"
"64","000","00","023","2312","0236","627","460","167","55","682","1300","0","52.46","35.38"
"64","000","00","024","0000","0000","23272","17563","5709","2274","25546","43850","52578","58.26","40.05"
"64","000","00","024","2401","0000","1660","1230","430","178","1838","3222","0","57.05","38.18"
"64","000","00","024","2401","0175","494","373","121","29","523","1026","0","50.97","36.35"
"64","000","00","024","2401","0176","552","397","155","74","626","1069","0","58.56","37.14"
"64","000","00","024","2401","0177","614","460","154","75","689","1127","0","61.14","40.82"
"64","000","00","024","2402","0000","586","440","146","78","664","1179","0","56.32","37.32"
"64","000","00","024","2402","0178","586","440","146","78","664","1179","0","56.32","37.32"
"64","000","00","024","2403","0000","607","454","153","95","702","1237","0","56.75","36.7"
"64","000","00","024","2403","0179","607","454","153","95","702","1237","0","56.75","36.7"
"64","000","00","024","2404","0000","591","535","56","65","656","1096","0","59.85","48.81"
"64","000","00","024","2404","0180","591","535","56","65","656","1096","0","59.85","48.81"
"64","000","00","024","2405","0000","717","556","161","80","797","1272","0","62.66","43.71"
"64","000","00","024","2405","0181","717","556","161","80","797","1272","0","62.66","43.71"
"64","000","00","024","2406","0000","1232","930","302","113","1345","2309","0","58.25","40.28"
"64","000","00","024","2406","0182","629","470","159","64","693","1182","0","58.63","39.76"
"64","000","00","024","2406","0183","603","460","143","49","652","1127","0","57.85","40.82"
"64","000","00","024","2407","0000","1116","817","299","117","1233","2088","0","59.05","39.13"
"64","000","00","024","2407","0184","513","386","127","58","571","956","0","59.73","40.38"
"64","000","00","024","2407","0185","603","431","172","59","662","1132","0","58.48","38.07"
"64","000","00","024","2408","0000","1681","1262","419","194","1875","3333","0","56.26","37.86"
"64","000","00","024","2408","0186","564","424","140","91","655","1025","0","63.9","41.37"
"64","000","00","024","2408","0187","492","369","123","32","524","1007","0","52.04","36.64"
"64","000","00","024","2408","0188","625","469","156","71","696","1301","0","53.5","36.05"
"64","000","00","024","2409","0000","1339","991","348","122","1461","2652","0","55.09","37.37"
"64","000","00","024","2409","0189","471","364","107","34","505","885","0","57.06","41.13"
"64","000","00","024","2409","0190","369","258","111","22","391","837","0","46.71","30.82"
"64","000","00","024","2409","0191","499","369","130","66","565","930","0","60.75","39.68"
"64","000","00","024","2410","0000","894","626","268","115","1009","1804","0","55.93","34.7"
"64","000","00","024","2410","0192","353","246","107","49","402","781","0","51.47","31.5"
"64","000","00","024","2410","0193","541","380","161","66","607","1023","0","59.34","37.15"
"64","000","00","024","2411","0000","1788","1361","427","149","1937","3400","0","56.97","40.03"
"64","000","00","024","2411","0194","949","745","204","84","1033","1763","0","58.59","42.26"
"64","000","00","024","2411","0195","839","616","223","65","904","1637","0","55.22","37.63"
"64","000","00","024","2412","0000","1169","851","318","126","1295","2247","0","57.63","37.87"
"64","000","00","024","2412","0196","538","390","148","49","587","1070","0","54.86","36.45"
"64","000","00","024","2412","0197","631","461","170","77","708","1177","0","60.15","39.17"
"64","000","00","024","2413","0000","1627","1325","302","151","1778","3050","0","58.3","43.44"
"64","000","00","024","2413","0198","543","402","141","49","592","1007","0","58.79","39.92"
"64","000","00","024","2413","0199","544","513","31","42","586","1026","0","57.12","50.0"
"64","000","00","024","2413","0200","540","410","130","60","600","1017","0","59.0","40.31"
"64","000","00","024","2414","0000","1272","957","315","120","1392","2353","0","59.16","40.67"
"64","000","00","024","2414","0201","665","493","172","68","733","1264","0","57.99","39.0"
"64","000","00","024","2414","0202","607","464","143","52","659","1089","0","60.51","42.61"
"64","000","00","024","2415","0000","448","331","117","43","491","851","0","57.7","38.9"
"64","000","00","024","2415","0203","448","331","117","43","491","851","0","57.7","38.9"
"64","000","00","024","2416","0000","1126","831","295","101","1227","1948","0","62.99","42.66"
"64","000","00","024","2416","0204","559","410","149","65","624","1011","0","61.72","40.55"
"64","000","00","024","2416","0205","567","421","146","36","603","937","0","64.35","44.93"
"64","000","00","024","2417","0000","911","659","252","46","957","1730","0","55.32","38.09"
"64","000","00","024","2417","0206","364","254","110","14","378","820","0","46.1","30.98"
"64","000","00","024","2417","0207","547","405","142","32","579","910","0","63.63","44.51"
"64","000","00","024","2418","0000","445","330","115","48","493","867","0","56.86","38.06"
"64","000","00","024","2418","0208","445","330","115","48","493","867","0","56.86","38.06"
"64","000","00","024","2419","0000","1464","1096","368","128","1592","2737","0","58.17","40.04"
"64","000","00","024","2419","0209","484","356","128","45","529","937","0","56.46","37.99"
"64","000","00","024","2419","0210","485","370","115","26","511","900","0","56.78","41.11"
"64","000","00","024","2419","0211","495","370","125","57","552","900","0","61.33","41.11"
"64","000","00","024","2420","0000","2599","1981","618","205","2804","4475","0","62.66","44.27"
"64","000","00","024","2420","0212","506","393","113","40","546","918","0","59.48","42.81"
"64","000","00","024","2420","0213","516","371","145","41","557","870","0","64.02","42.64"
"64","000","00","024","2420","0214","670","494","176","51","721","1150","0","62.7","42.96"
"64","000","00","024","2420","0215","907","723","184","73","980","1537","0","63.76","47.04"
"64","000","00","025","0000","0000","12874","9563","3311","1074","13948","25729","29812","54.21","37.17"
"64","000","00","025","2501","0000","512","380","132","35","547","1112","0","49.19","34.17"
"64","000","00","025","2501","0151","512","380","132","35","547","1112","0","49.19","34.17"
"64","000","00","025","2502","0000","486","351","135","92","578","1017","0","56.83","34.51"
"64","000","00","025","2502","0152","486","351","135","92","578","1017","0","56.83","34.51"
"64","000","00","025","2503","0000","366","256","110","28","394","796","0","49.5","32.16"
"64","000","00","025","2503","0153","366","256","110","28","394","796","0","49.5","32.16"
"64","000","00","025","2504","0000","1191","877","314","70","1261","2194","0","57.47","39.97"
"64","000","00","025","2504","0154","613","454","159","34","647","1079","0","59.96","42.08"
"64","000","00","025","2504","0155","578","423","155","36","614","1115","0","55.07","37.94"
"64","000","00","025","2505","0000","1271","946","325","80","1351","2630","0","51.37","35.97"
"64","000","00","025","2505","0156","638","482","156","40","678","1311","0","51.72","36.77"
"64","000","00","025","2505","0157","633","464","169","40","673","1319","0","51.02","35.18"
"64","000","00","025","2506","0000","2059","1590","469","205","2264","3634","0","62.3","43.75"
"64","000","00","025","2506","0158","706","547","159","78","784","1244","0","63.02","43.97"
"64","000","00","025","2506","0159","707","552","155","58","765","1227","0","62.35","44.99"
"64","000","00","025","2506","0160","646","491","155","69","715","1163","0","61.48","42.22"
"64","000","00","025","2507","0000","550","399","151","39","589","981","0","60.04","40.67"
"64","000","00","025","2507","0161","550","399","151","39","589","981","0","60.04","40.67"
"64","000","00","025","2508","0000","1951","1460","491","145","2096","3680","0","56.96","39.67"
"64","000","00","025","2508","0162","376","282","94","19","395","780","0","50.64","36.15"
"64","000","00","025","2508","0163","417","304","113","57","474","832","0","56.97","36.54"
"64","000","00","025","2508","0164","598","451","147","38","636","1017","0","62.54","44.35"
"64","000","00","025","2508","0165","560","423","137","31","591","1051","0","56.23","40.25"
"64","000","00","025","2509","0000","874","644","230","89","963","1804","0","53.38","35.7"
"64","000","00","025","2509","0166","451","330","121","35","486","941","0","51.65","35.07"
"64","000","00","025","2509","0167","423","314","109","54","477","863","0","55.27","36.38"
"64","000","00","025","2510","0000","568","411","157","62","630","1160","0","54.31","35.43"
"64","000","00","025","2510","0168","568","411","157","62","630","1160","0","54.31","35.43"
"64","000","00","025","2511","0000","1011","723","288","82","1093","2212","0","49.41","32.69"
"64","000","00","025","2511","0169","426","312","114","25","451","1090","0","41.38","28.62"
"64","000","00","025","2511","0170","585","411","174","57","642","1122","0","57.22","36.63"
"64","000","00","025","2512","0000","470","353","117","31","501","1123","0","44.61","31.43"
"64","000","00","025","2512","0171","470","353","117","31","501","1123","0","44.61","31.43"
"64","000","00","025","2513","0000","327","225","102","32","359","684","0","52.49","32.89"
"64","000","00","025","2513","0172","327","225","102","32","359","684","0","52.49","32.89"
"64","000","00","025","2514","0000","1238","948","290","84","1322","2702","0","48.93","35.09"
"64","000","00","025","2514","0173","577","440","137","27","604","1249","0","48.36","35.23"
"64","000","00","025","2514","0174","661","508","153","57","718","1453","0","49.42","34.96"
"64","000","00","026","0000","0000","12301","8933","3368","1321","13622","26212","30055","51.97","34.08"
"64","000","00","026","2601","0000","404","285","119","22","426","976","0","43.65","29.2"
"64","000","00","026","2601","0130","404","285","119","22","426","976","0","43.65","29.2"
"64","000","00","026","2602","0000","415","275","140","69","484","887","0","54.57","31.0"
"64","000","00","026","2602","0131","415","275","140","69","484","887","0","54.57","31.0"
"64","000","00","026","2603","0000","799","621","178","39","838","1710","0","49.01","36.32"
"64","000","00","026","2603","0132","799","621","178","39","838","1710","0","49.01","36.32"
"64","000","00","026","2604","0000","1844","1369","475","101","1945","3751","0","51.85","36.5"
"64","000","00","026","2604","0133","521","379","142","39","560","1280","0","43.75","29.61"
"64","000","00","026","2604","0134","678","508","170","33","711","1314","0","54.11","38.66"
"64","000","00","026","2604","0135","645","482","163","29","674","1157","0","58.25","41.66"
"64","000","00","026","2605","0000","863","631","232","121","984","1785","0","55.13","35.35"
"64","000","00","026","2605","0136","863","631","232","121","984","1785","0","55.13","35.35"
"64","000","00","026","2606","0000","543","375","168","78","621","1139","0","54.52","32.92"
"64","000","00","026","2606","0142","543","375","168","78","621","1139","0","54.52","32.92"
"64","000","00","026","2607","0000","1461","1040","421","127","1588","2961","0","53.63","35.12"
"64","000","00","026","2607","0143","642","459","183","19","661","1363","0","48.5","33.68"
"64","000","00","026","2607","0144","819","581","238","108","927","1598","0","58.01","36.36"
"64","000","00","026","2608","0000","366","266","100","48","414","925","0","44.76","28.76"
"64","000","00","026","2608","0146","366","266","100","48","414","925","0","44.76","28.76"
"64","000","00","026","2609","0000","533","383","150","66","599","1111","0","53.92","34.47"
"64","000","00","026","2609","0145","533","383","150","66","599","1111","0","53.92","34.47"
"64","000","00","026","2610","0000","542","406","136","69","611","1148","0","53.22","35.37"
"64","000","00","026","2610","0147","542","406","136","69","611","1148","0","53.22","35.37"
"64","000","00","026","2611","0000","1079","776","303","196","1275","2087","0","61.09","37.18"
"64","000","00","026","2611","0137","386","266","120","100","486","838","0","58.0","31.74"
"64","000","00","026","2611","0138","693","510","183","96","789","1249","0","63.17","40.83"
"64","000","00","026","2612","0000","510","371","139","101","611","1116","0","54.75","33.24"
"64","000","00","026","2612","0139","510","371","139","101","611","1116","0","54.75","33.24"
"64","000","00","026","2613","0000","416","305","111","56","472","978","0","48.26","31.19"
"64","000","00","026","2613","0140","416","305","111","56","472","978","0","48.26","31.19"
"64","000","00","026","2614","0000","444","330","114","46","490","1125","0","43.56","29.33"
"64","000","00","026","2614","0141","444","330","114","46","490","1125","0","43.56","29.33"
"64","000","00","026","2615","0000","2082","1500","582","182","2264","4513","0","50.17","33.24"
"64","000","00","026","2615","0148","614","453","161","44","658","1353","0","48.63","33.48"
"64","000","00","026","2615","0149","653","458","195","68","721","1331","0","54.17","34.41"
"64","000","00","026","2615","0150","815","589","226","70","885","1829","0","48.39","32.2"
"64","000","00","027","0000","0000","6780","4954","1826","691","7471","12001","13888","62.25","41.28"
"64","000","00","027","2701","0000","878","643","235","132","1010","1574","0","64.17","40.85"
"64","000","00","027","2701","0249","446","335","111","52","498","756","0","65.87","44.31"
"64","000","00","027","2701","0250","432","308","124","80","512","818","0","62.59","37.65"
"64","000","00","027","2702","0000","1087","785","302","120","1207","1817","0","66.43","43.2"
"64","000","00","027","2702","0251","546","408","138","49","595","866","0","68.71","47.11"
"64","000","00","027","2702","0252","541","377","164","71","612","951","0","64.35","39.64"
"64","000","00","027","2703","0000","1196","862","334","113","1309","2339","0","55.96","36.85"
"64","000","00","027","2703","0253","554","402","152","69","623","992","0","62.8","40.52"
"64","000","00","027","2703","0254","284","201","83","23","307","682","0","45.01","29.47"
"64","000","00","027","2703","0255","358","259","99","21","379","665","0","56.99","38.95"
"64","000","00","027","2704","0000","191","132","59","13","204","371","0","54.99","35.58"
"64","000","00","027","2704","0256","191","132","59","13","204","371","0","54.99","35.58"
"64","000","00","027","2705","0000","1476","1077","399","126","1602","2532","0","63.27","42.54"
"64","000","00","027","2705","0257","648","460","188","80","728","1114","0","65.35","41.29"
"64","000","00","027","2705","0258","828","617","211","46","874","1418","0","61.64","43.51"
"64","000","00","027","2706","0000","1952","1455","497","187","2139","3368","0","63.51","43.2"
"64","000","00","027","2706","0259","864","637","227","88","952","1477","0","64.45","43.13"
"64","000","00","027","2706","0260","1088","818","270","99","1187","1891","0","62.77","43.26"
"64","000","00","028","0000","0000","8952","6672","2280","1100","10052","16487","19266","60.97","40.47"
"64","000","00","028","2801","0000","667","478","189","81","748","1246","0","60.03","38.36"
"64","000","00","028","2801","0358","667","478","189","81","748","1246","0","60.03","38.36"
"64","000","00","028","2802","0000","1067","773","294","128","1195","1840","0","64.95","42.01"
"64","000","00","028","2802","0359","493","358","135","55","548","885","0","61.92","40.45"
"64","000","00","028","2802","0360","574","415","159","73","647","955","0","67.75","43.46"
"64","000","00","028","2803","0000","267","189","78","48","315","534","0","58.99","35.39"
"64","000","00","028","2803","0361","267","189","78","48","315","534","0","58.99","35.39"
"64","000","00","028","2804","0000","413","313","100","32","445","738","0","60.3","42.41"
"64","000","00","028","2804","0362","413","313","100","32","445","738","0","60.3","42.41"
"64","000","00","028","2805","0000","1021","790","231","111","1132","1732","0","65.36","45.61"
"64","000","00","028","2805","0363","525","420","105","50","575","855","0","67.25","49.12"
"64","000","00","028","2805","0364","496","370","126","61","557","877","0","63.51","42.19"
"64","000","00","028","2806","0000","867","642","225","103","970","1589","0","61.04","40.4"
"64","000","00","028","2806","0365","437","326","111","65","502","781","0","64.28","41.74"
"64","000","00","028","2806","0366","430","316","114","38","468","808","0","57.92","39.11"
"64","000","00","028","2807","0000","857","623","234","96","953","1729","0","55.12","36.03"
"64","000","00","028","2807","0367","412","301","111","42","454","904","0","50.22","33.3"
"64","000","00","028","2807","0368","445","322","123","54","499","825","0","60.48","39.03"
"64","000","00","028","2808","0000","1099","809","290","109","1208","2037","0","59.3","39.72"
"64","000","00","028","2808","0370","526","390","136","40","566","1013","0","55.87","38.5"
"64","000","00","028","2808","0371","573","419","154","69","642","1024","0","62.7","40.92"
"64","000","00","028","2809","0000","435","320","115","81","516","941","0","54.84","34.01"
"64","000","00","028","2809","0369","435","320","115","81","516","941","0","54.84","34.01"
"64","000","00","028","2810","0000","413","320","93","22","435","861","0","50.52","37.17"
"64","000","00","028","2810","0372","413","320","93","22","435","861","0","50.52","37.17"
"64","000","00","028","2811","0000","628","495","133","96","724","1163","0","62.25","42.56"
"64","000","00","028","2811","0373","628","495","133","96","724","1163","0","62.25","42.56"
"64","000","00","028","2812","0000","1218","920","298","193","1411","2077","0","67.93","44.29"
"64","000","00","028","2812","0374","690","530","160","99","789","1216","0","64.88","43.59"
"64","000","00","028","2812","0375","528","390","138","94","622","861","0","72.24","45.3"
"64","000","00","029","0000","0000","16090","11955","4135","1564","17654","31025","35896","56.9","38.53"
"64","000","00","029","2901","0000","1172","868","304","159","1331","2124","0","62.66","40.87"
"64","000","00","029","2901","0376","619","455","164","77","696","1061","0","65.6","42.88"
"64","000","00","029","2901","0377","553","413","140","82","635","1063","0","59.74","38.85"
"64","000","00","029","2902","0000","1015","713","302","65","1080","2047","0","52.76","34.83"
"64","000","00","029","2902","0378","510","366","144","34","544","969","0","56.14","37.77"
"64","000","00","029","2902","0379","505","347","158","31","536","1078","0","49.72","32.19"
"64","000","00","029","2903","0000","1209","856","353","129","1338","2231","0","59.97","38.37"
"64","000","00","029","2903","0380","453","321","132","67","520","838","0","62.05","38.31"
"64","000","00","029","2903","0381","349","230","119","31","380","611","0","62.19","37.64"
"64","000","00","029","2903","0382","407","305","102","31","438","782","0","56.01","39.0"
"64","000","00","029","2904","0000","847","644","203","95","942","1451","0","64.92","44.38"
"64","000","00","029","2904","0383","847","644","203","95","942","1451","0","64.92","44.38"
"64","000","00","029","2905","0000","579","418","161","26","605","1144","0","52.88","36.54"
"64","000","00","029","2905","0384","579","418","161","26","605","1144","0","52.88","36.54"
"64","000","00","029","2906","0000","862","631","231","92","954","1827","0","52.22","34.54"
"64","000","00","029","2906","0389","508","374","134","47","555","1112","0","49.91","33.63"
"64","000","00","029","2906","0390","354","257","97","45","399","715","0","55.8","35.94"
"64","000","00","029","2907","0000","1126","837","289","215","1341","2072","0","64.72","40.4"
"64","000","00","029","2907","0394","586","423","163","109","695","1052","0","66.06","40.21"
"64","000","00","029","2907","0395","540","414","126","106","646","1020","0","63.33","40.59"
"64","000","00","029","2908","0000","1402","1047","355","92","1494","2855","0","52.33","36.67"
"64","000","00","029","2908","0396","603","444","159","42","645","1260","0","51.19","35.24"
"64","000","00","029","2908","0397","799","603","196","50","849","1595","0","53.23","37.81"
"64","000","00","029","2909","0000","1209","926","283","73","1282","2361","0","54.3","39.22"
"64","000","00","029","2909","0398","456","349","107","38","494","829","0","59.59","42.1"
"64","000","00","029","2909","0399","753","577","176","35","788","1532","0","51.44","37.66"
"64","000","00","029","2910","0000","454","331","123","17","471","975","0","48.31","33.95"
"64","000","00","029","2910","0385","454","331","123","17","471","975","0","48.31","33.95"
"64","000","00","029","2911","0000","1922","1441","481","183","2105","3608","0","58.34","39.94"
"64","000","00","029","2911","0386","678","512","166","57","735","1317","0","55.81","38.88"
"64","000","00","029","2911","0387","670","496","174","83","753","1218","0","61.82","40.72"
"64","000","00","029","2911","0388","574","433","141","43","617","1073","0","57.5","40.35"
"64","000","00","029","2912","0000","1101","805","296","97","1198","2250","0","53.24","35.78"
"64","000","00","029","2912","0391","633","465","168","57","690","1311","0","52.63","35.47"
"64","000","00","029","2912","0392","468","340","128","40","508","939","0","54.1","36.21"
"64","000","00","029","2913","0000","480","369","111","34","514","824","0","62.38","44.78"
"64","000","00","029","2913","0393","480","369","111","34","514","824","0","62.38","44.78"
"64","000","00","029","2914","0000","1294","957","337","171","1465","2338","0","62.66","40.93"
"64","000","00","029","2914","0400","675","490","185","85","760","1195","0","63.6","41.0"
"64","000","00","029","2914","0401","619","467","152","86","705","1143","0","61.68","40.86"
"64","000","00","029","2915","0000","1418","1112","306","116","1534","2918","0","52.57","38.11"
"64","000","00","029","2915","0402","666","498","168","69","735","1186","0","61.97","41.99"
"64","000","00","029","2915","0403","752","614","138","47","799","1732","0","46.13","35.45"
"64","000","00","030","0000","0000","15904","11993","3911","1580","17484","31996","36695","54.64","37.48"
"64","000","00","030","3001","0000","1119","874","245","105","1224","2185","0","56.02","40.0"
"64","000","00","030","3001","0060","580","463","117","53","633","1060","0","59.72","43.68"
"64","000","00","030","3001","0061","539","411","128","52","591","1125","0","52.53","36.53"
"64","000","00","030","3002","0000","1291","1012","279","64","1355","2338","0","57.96","43.28"
"64","000","00","030","3002","0062","613","499","114","32","645","1100","0","58.64","45.36"
"64","000","00","030","3002","0063","678","513","165","32","710","1238","0","57.35","41.44"
"64","000","00","030","3003","0000","814","623","191","49","863","1660","0","51.99","37.53"
"64","000","00","030","3003","0064","495","390","105","26","521","933","0","55.84","41.8"
"64","000","00","030","3003","0065","319","233","86","23","342","727","0","47.04","32.05"
"64","000","00","030","3004","0000","890","674","216","87","977","1815","0","53.83","37.13"
"64","000","00","030","3004","0066","536","409","127","59","595","1071","0","55.56","38.19"
"64","000","00","030","3004","0067","354","265","89","28","382","744","0","51.34","35.62"
"64","000","00","030","3005","0000","658","505","153","48","706","1469","0","48.06","34.38"
"64","000","00","030","3005","0068","482","362","120","31","513","1100","0","46.64","32.91"
"64","000","00","030","3005","0069","176","143","33","17","193","369","0","52.3","38.75"
"64","000","00","030","3006","0000","543","394","149","32","575","1398","0","41.13","28.18"
"64","000","00","030","3006","0070","353","254","99","20","373","888","0","42.0","28.6"
"64","000","00","030","3006","0071","190","140","50","12","202","510","0","39.61","27.45"
"64","000","00","030","3007","0000","561","401","160","87","648","1042","0","62.19","38.48"
"64","000","00","030","3007","0072","561","401","160","87","648","1042","0","62.19","38.48"
"64","000","00","030","3008","0000","379","281","98","54","433","791","0","54.74","35.52"
"64","000","00","030","3008","0073","379","281","98","54","433","791","0","54.74","35.52"
"64","000","00","030","3009","0000","1050","783","267","117","1167","2157","0","54.1","36.3"
"64","000","00","030","3009","0074","487","363","124","83","570","939","0","60.7","38.66"
"64","000","00","030","3009","0075","563","420","143","34","597","1218","0","49.01","34.48"
"64","000","00","030","3010","0000","72","53","19","23","95","178","0","53.37","29.78"
"64","000","00","030","3010","0076","72","53","19","23","95","178","0","53.37","29.78"
"64","000","00","030","3011","0000","1025","759","266","98","1123","1971","0","56.98","38.51"
"64","000","00","030","3011","0077","528","408","120","58","586","946","0","61.95","43.13"
"64","000","00","030","3011","0078","497","351","146","40","537","1025","0","52.39","34.24"
"64","000","00","030","3012","0000","549","435","114","77","626","1040","0","60.19","41.83"
"64","000","00","030","3012","0079","549","435","114","77","626","1040","0","60.19","41.83"
"64","000","00","030","3013","0000","821","619","202","82","903","1563","0","57.77","39.6"
"64","000","00","030","3013","0080","519","380","139","54","573","900","0","63.67","42.22"
"64","000","00","030","3013","0081","302","239","63","28","330","663","0","49.77","36.05"
"64","000","00","030","3014","0000","967","748","219","100","1067","2014","0","52.98","37.14"
"64","000","00","030","3014","0082","467","374","93","63","530","954","0","55.56","39.2"
"64","000","00","030","3014","0083","500","374","126","37","537","1060","0","50.66","35.28"
"64","000","00","030","3015","0000","1746","1336","410","163","1909","3323","0","57.45","40.2"
"64","000","00","030","3015","0084","598","460","138","64","662","1110","0","59.64","41.44"
"64","000","00","030","3015","0085","572","419","153","57","629","1062","0","59.23","39.45"
"64","000","00","030","3015","0086","576","457","119","42","618","1151","0","53.69","39.7"
"64","000","00","030","3016","0000","1071","778","293","101","1172","2206","0","53.13","35.27"
"64","000","00","030","3016","0087","140","111","29","24","164","266","0","61.65","41.73"
"64","000","00","030","3016","0088","345","242","103","39","384","633","0","60.66","38.23"
"64","000","00","030","3016","0089","586","425","161","38","624","1307","0","47.74","32.52"
"64","000","00","030","3017","0000","359","240","119","66","425","754","0","56.37","31.83"
"64","000","00","030","3017","0090","359","240","119","66","425","754","0","56.37","31.83"
"64","000","00","030","3018","0000","626","458","168","111","737","1296","0","56.87","35.34"
"64","000","00","030","3018","0091","626","458","168","111","737","1296","0","56.87","35.34"
"64","000","00","030","3019","0000","342","253","89","23","365","839","0","43.5","30.15"
"64","000","00","030","3019","0092","342","253","89","23","365","839","0","43.5","30.15"
"64","000","00","030","3020","0000","684","508","176","60","744","1329","0","55.98","38.22"
"64","000","00","030","3020","0093","684","508","176","60","744","1329","0","55.98","38.22"
"64","000","00","030","3021","0000","337","259","78","33","370","628","0","58.92","41.24"
"64","000","00","030","3021","0094","337","259","78","33","370","628","0","58.92","41.24"
"64","000","00","031","0000","0000","17172","13355","3817","1861","19033","35311","39630","53.9","37.82"
"64","000","00","031","3101","0000","1241","932","309","128","1369","2613","0","52.39","35.67"
"64","000","00","031","3101","0095","595","449","146","91","686","1175","0","58.38","38.21"
"64","000","00","031","3101","0096","646","483","163","37","683","1438","0","47.5","33.59"
"64","000","00","031","3102","0000","1100","930","170","128","1228","2416","0","50.83","38.49"
"64","000","00","031","3102","0097","456","355","101","50","506","989","0","51.16","35.89"
"64","000","00","031","3102","0098","644","575","69","78","722","1427","0","50.6","40.29"
"64","000","00","031","3103","0000","1349","1050","299","147","1496","2572","0","58.16","40.82"
"64","000","00","031","3103","0099","669","528","141","66","735","1309","0","56.15","40.34"
"64","000","00","031","3103","0100","680","522","158","81","761","1263","0","60.25","41.33"
"64","000","00","031","3104","0000","1090","860","230","123","1213","2061","0","58.85","41.73"
"64","000","00","031","3104","0101","532","431","101","67","599","997","0","60.08","43.23"
"64","000","00","031","3104","0102","558","429","129","56","614","1064","0","57.71","40.32"
"64","000","00","031","3105","0000","738","597","141","79","817","1498","0","54.54","39.85"
"64","000","00","031","3105","0103","738","597","141","79","817","1498","0","54.54","39.85"
"64","000","00","031","3106","0000","1142","905","237","156","1298","2150","0","60.37","42.09"
"64","000","00","031","3106","0104","583","461","122","74","657","1119","0","58.71","41.2"
"64","000","00","031","3106","0105","559","444","115","82","641","1031","0","62.17","43.06"
"64","000","00","031","3107","0000","1233","937","296","138","1371","2508","0","54.67","37.36"
"64","000","00","031","3107","0106","685","520","165","78","763","1437","0","53.1","36.19"
"64","000","00","031","3107","0107","548","417","131","60","608","1071","0","56.77","38.94"
"64","000","00","031","3108","0000","641","502","139","59","700","1462","0","47.88","34.34"
"64","000","00","031","3108","0108","346","279","67","41","387","687","0","56.33","40.61"
"64","000","00","031","3108","0109","295","223","72","18","313","775","0","40.39","28.77"
"64","000","00","031","3109","0000","626","469","157","68","694","1353","0","51.29","34.66"
"64","000","00","031","3109","0110","626","469","157","68","694","1353","0","51.29","34.66"
"64","000","00","031","3110","0000","540","424","116","43","583","1191","0","48.95","35.6"
"64","000","00","031","3110","0111","540","424","116","43","583","1191","0","48.95","35.6"
"64","000","00","031","3111","0000","1035","826","209","82","1117","2084","0","53.6","39.64"
"64","000","00","031","3111","0112","397","306","91","30","427","906","0","47.13","33.77"
"64","000","00","031","3111","0113","638","520","118","52","690","1178","0","58.57","44.14"
"64","000","00","031","3112","0000","550","432","118","34","584","1252","0","46.65","34.5"
"64","000","00","031","3112","0114","550","432","118","34","584","1252","0","46.65","34.5"
"64","000","00","031","3113","0000","806","623","183","59","865","1549","0","55.84","40.22"
"64","000","00","031","3113","0115","806","623","183","59","865","1549","0","55.84","40.22"
"64","000","00","031","3114","0000","1080","834","246","104","1184","2204","0","53.72","37.84"
"64","000","00","031","3114","0116","494","383","111","55","549","1088","0","50.46","35.2"
"64","000","00","031","3114","0117","586","451","135","49","635","1116","0","56.9","40.41"
"64","000","00","031","3115","0000","938","694","244","100","1038","1793","0","57.89","38.71"
"64","000","00","031","3115","0118","496","365","131","32","528","977","0","54.04","37.36"
"64","000","00","031","3115","0119","442","329","113","68","510","816","0","62.5","40.32"
"64","000","00","031","3116","0000","870","700","170","97","967","1898","0","50.95","36.88"
"64","000","00","031","3116","0120","390","327","63","30","420","955","0","43.98","34.24"
"64","000","00","031","3116","0121","480","373","107","67","547","943","0","58.01","39.55"
"64","000","00","031","3117","0000","616","493","123","53","669","1371","0","48.8","35.96"
"64","000","00","031","3117","0122","616","493","123","53","669","1371","0","48.8","35.96"
"64","000","00","031","3118","0000","932","685","247","136","1068","1834","0","58.23","37.35"
"64","000","00","031","3118","0123","432","314","118","74","506","919","0","55.06","34.17"
"64","000","00","031","3118","0124","500","371","129","62","562","915","0","61.42","40.55"
"64","000","00","031","3119","0000","645","462","183","127","772","1502","0","51.4","30.76"
"64","000","00","031","3119","0125","388","278","110","67","455","828","0","54.95","33.57"
"64","000","00","031","3119","0126","257","184","73","60","317","674","0","47.03","27.3"
"64","000","00","032","0000","0000","4660","3583","1077","737","5397","11501","12984","46.93","31.15"
"64","000","00","032","3201","0000","330","238","92","42","372","760","0","48.95","31.32"
"64","000","00","032","3201","0020","330","238","92","42","372","760","0","48.95","31.32"
"64","000","00","032","3202","0000","271","196","75","36","307","666","0","46.1","29.43"
"64","000","00","032","3202","0021","271","196","75","36","307","666","0","46.1","29.43"
"64","000","00","032","3203","0000","347","275","72","52","399","704","0","56.68","39.06"
"64","000","00","032","3203","0022","347","275","72","52","399","704","0","56.68","39.06"
"64","000","00","032","3204","0000","438","323","115","71","509","1003","0","50.75","32.2"
"64","000","00","032","3204","0023","438","323","115","71","509","1003","0","50.75","32.2"
"64","000","00","032","3205","0000","539","422","117","114","653","1382","0","47.25","30.54"
"64","000","00","032","3205","0024","539","422","117","114","653","1382","0","47.25","30.54"
"64","000","00","032","3206","0000","339","245","94","78","417","986","0","42.29","24.85"
"64","000","00","032","3206","0025","339","245","94","78","417","986","0","42.29","24.85"
"64","000","00","032","3207","0000","458","340","118","54","512","1046","0","48.95","32.5"
"64","000","00","032","3207","0026","458","340","118","54","512","1046","0","48.95","32.5"
"64","000","00","032","3208","0000","317","217","100","65","382","812","0","47.04","26.72"
"64","000","00","032","3208","0027","317","217","100","65","382","812","0","47.04","26.72"
"64","000","00","032","3209","0000","586","551","35","77","663","1431","0","46.33","38.5"
"64","000","00","032","3209","0028","586","551","35","77","663","1431","0","46.33","38.5"
"64","000","00","032","3210","0000","403","318","85","74","477","912","0","52.3","34.87"
"64","000","00","032","3210","0029","403","318","85","74","477","912","0","52.3","34.87"
"64","000","00","032","3211","0000","514","375","139","49","563","1472","0","38.25","25.48"
"64","000","00","032","3211","0030","514","375","139","49","563","1472","0","38.25","25.48"
"64","000","00","032","3212","0000","118","83","35","25","143","327","0","43.73","25.38"
"64","000","00","032","3212","0031","118","83","35","25","143","327","0","43.73","25.38"
"64","000","00","033","0000","0000","2301","1786","515","296","2597","5417","6051","47.94","32.97"
"64","000","00","033","3301","0000","150","120","30","11","161","472","0","34.11","25.42"
"64","000","00","033","3301","0013","150","120","30","11","161","472","0","34.11","25.42"
"64","000","00","033","3302","0000","493","388","105","61","554","882","0","62.81","43.99"
"64","000","00","033","3302","0014","493","388","105","61","554","882","0","62.81","43.99"
"64","000","00","033","3303","0000","313","246","67","41","354","668","0","52.99","36.83"
"64","000","00","033","3303","0015","313","246","67","41","354","668","0","52.99","36.83"
"64","000","00","033","3304","0000","670","503","167","124","794","1581","0","50.22","31.82"
"64","000","00","033","3304","0016","670","503","167","124","794","1581","0","50.22","31.82"
"64","000","00","033","3305","0000","203","151","52","11","214","673","0","31.8","22.44"
"64","000","00","033","3305","0017","203","151","52","11","214","673","0","31.8","22.44"
"64","000","00","033","3306","0000","241","194","47","37","278","607","0","45.8","31.96"
"64","000","00","033","3306","0018","241","194","47","37","278","607","0","45.8","31.96"
"64","000","00","033","3307","0000","231","184","47","11","242","534","0","45.32","34.46"
"64","000","00","033","3307","0019","231","184","47","11","242","534","0","45.32","34.46"
"64","000","00","034","0000","0000","4217","3178","1039","508","4725","10607","11828","44.55","29.96"
"64","000","00","034","3401","0000","263","193","70","52","315","640","0","49.22","30.16"
"64","000","00","034","3401","0032","263","193","70","52","315","640","0","49.22","30.16"
"64","000","00","034","3402","0000","266","205","61","28","294","696","0","42.24","29.45"
"64","000","00","034","3402","0033","266","205","61","28","294","696","0","42.24","29.45"
"64","000","00","034","3403","0000","401","282","119","47","448","1284","0","34.89","21.96"
"64","000","00","034","3403","0034","401","282","119","47","448","1284","0","34.89","21.96"
"64","000","00","034","3404","0000","584","434","150","79","663","1509","0","43.94","28.76"
"64","000","00","034","3404","0035","389","284","105","48","437","1027","0","42.55","27.65"
"64","000","00","034","3404","0036","195","150","45","31","226","482","0","46.89","31.12"
"64","000","00","034","3405","0000","774","581","193","127","901","1627","0","55.38","35.71"
"64","000","00","034","3405","0037","774","581","193","127","901","1627","0","55.38","35.71"
"64","000","00","034","3406","0000","676","543","133","35","711","1630","0","43.62","33.31"
"64","000","00","034","3406","0038","676","543","133","35","711","1630","0","43.62","33.31"
"64","000","00","034","3407","0000","574","428","146","89","663","1261","0","52.58","33.94"
"64","000","00","034","3407","0041","574","428","146","89","663","1261","0","52.58","33.94"
"64","000","00","034","3408","0000","679","512","167","51","730","1960","0","37.24","26.12"
"64","000","00","034","3408","0039","320","237","83","25","345","973","0","35.46","24.36"
"64","000","00","034","3408","0040","359","275","84","26","385","987","0","39.01","27.86"
"64","000","00","035","0000","0000","5352","4045","1307","732","6084","13002","14465","46.79","31.11"
"64","000","00","035","3501","0000","375","296","79","61","436","969","0","44.99","30.55"
"64","000","00","035","3501","0042","375","296","79","61","436","969","0","44.99","30.55"
"64","000","00","035","3502","0000","229","175","54","12","241","652","0","36.96","26.84"
"64","000","00","035","3502","0043","229","175","54","12","241","652","0","36.96","26.84"
"64","000","00","035","3503","0000","416","301","115","93","509","961","0","52.97","31.32"
"64","000","00","035","3503","0044","416","301","115","93","509","961","0","52.97","31.32"
"64","000","00","035","3504","0000","156","124","32","7","163","426","0","38.26","29.11"
"64","000","00","035","3504","0045","156","124","32","7","163","426","0","38.26","29.11"
"64","000","00","035","3505","0000","164","128","36","16","180","398","0","45.23","32.16"
"64","000","00","035","3505","0046","164","128","36","16","180","398","0","45.23","32.16"
"64","000","00","035","3506","0000","207","159","48","12","219","508","0","43.11","31.3"
"64","000","00","035","3506","0047","207","159","48","12","219","508","0","43.11","31.3"
"64","000","00","035","3507","0000","502","488","14","70","572","980","0","58.37","49.8"
"64","000","00","035","3507","0048","502","488","14","70","572","980","0","58.37","49.8"
"64","000","00","035","3508","0000","484","356","128","49","533","1225","0","43.51","29.06"
"64","000","00","035","3508","0049","484","356","128","49","533","1225","0","43.51","29.06"
"64","000","00","035","3509","0000","804","583","221","142","946","1722","0","54.94","33.86"
"64","000","00","035","3509","0050","804","583","221","142","946","1722","0","54.94","33.86"
"64","000","00","035","3510","0000","246","174","72","29","275","560","0","49.11","31.07"
"64","000","00","035","3510","0051","246","174","72","29","275","560","0","49.11","31.07"
"64","000","00","035","3511","0000","293","207","86","18","311","801","0","38.83","25.84"
"64","000","00","035","3511","0052","293","207","86","18","311","801","0","38.83","25.84"
"64","000","00","035","3512","0000","197","147","50","18","215","423","0","50.83","34.75"
"64","000","00","035","3512","0053","197","147","50","18","215","423","0","50.83","34.75"
"64","000","00","035","3513","0000","200","141","59","36","236","497","0","47.48","28.37"
"64","000","00","035","3513","0054","200","141","59","36","236","497","0","47.48","28.37"
"64","000","00","035","3514","0000","282","199","83","34","316","677","0","46.68","29.39"
"64","000","00","035","3514","0055","282","199","83","34","316","677","0","46.68","29.39"
"64","000","00","035","3515","0000","177","128","49","16","193","593","0","32.55","21.59"
"64","000","00","035","3515","0056","177","128","49","16","193","593","0","32.55","21.59"
"64","000","00","035","3516","0000","191","130","61","56","247","597","0","41.37","21.78"
"64","000","00","035","3516","0057","191","130","61","56","247","597","0","41.37","21.78"
"64","000","00","035","3517","0000","127","93","34","12","139","343","0","40.52","27.11"
"64","000","00","035","3517","0058","127","93","34","12","139","343","0","40.52","27.11"
"64","000","00","035","3518","0000","302","216","86","51","353","670","0","52.69","32.24"
"64","000","00","035","3518","0059","302","216","86","51","353","670","0","52.69","32.24"
"64","000","00","036","0000","0000","967","784","183","91","1058","1615","1999","65.51","48.54"
"64","000","00","036","3601","0000","410","339","71","31","441","726","0","60.74","46.69"
"64","000","00","036","3601","0129","410","339","71","31","441","726","0","60.74","46.69"
"64","000","00","036","3602","0000","238","193","45","23","261","382","0","68.32","50.52"
"64","000","00","036","3602","0128","238","193","45","23","261","382","0","68.32","50.52"
"64","000","00","036","3603","0000","319","252","67","37","356","507","0","70.22","49.7"
"64","000","00","036","3603","0127","319","252","67","37","356","507","0","70.22","49.7"
"64","000","00","037","0000","0000","1632","1284","348","112","1744","3498","4310","49.86","36.71"
"64","000","00","037","3701","0000","296","233","63","16","312","783","0","39.85","29.76"
"64","000","00","037","3701","0005","296","233","63","16","312","783","0","39.85","29.76"
"64","000","00","037","3702","0000","225","174","51","24","249","472","0","52.75","36.86"
"64","000","00","037","3702","0008","225","174","51","24","249","472","0","52.75","36.86"
"64","000","00","037","3703","0000","380","302","78","35","415","612","0","67.81","49.35"
"64","000","00","037","3703","0007","380","302","78","35","415","612","0","67.81","49.35"
"64","000","00","037","3704","0000","229","187","42","9","238","632","0","37.66","29.59"
"64","000","00","037","3704","0006","229","187","42","9","238","632","0","37.66","29.59"
"64","000","00","037","3705","0000","106","71","35","3","109","223","0","48.88","31.84"
"64","000","00","037","3705","0004","106","71","35","3","109","223","0","48.88","31.84"
"64","000","00","037","3706","0000","166","140","26","8","174","279","0","62.37","50.18"
"64","000","00","037","3706","0003","166","140","26","8","174","279","0","62.37","50.18"
"64","000","00","037","3707","0000","154","119","35","17","171","233","0","73.39","51.07"
"64","000","00","037","3707","0002","154","119","35","17","171","233","0","73.39","51.07"
"64","000","00","037","3708","0000","76","58","18","0","76","264","0","28.79","21.97"
"64","000","00","037","3708","0001","76","58","18","0","76","264","0","28.79","21.97"
"64","000","00","038","0000","0000","1212","937","275","160","1372","2424","3143","56.6","38.66"
"64","000","00","038","3801","0000","653","487","166","93","746","1326","0","56.26","36.73"
"64","000","00","038","3801","0009","296","225","71","29","325","741","0","43.86","30.36"
"64","000","00","038","3801","0010","357","262","95","64","421","585","0","71.97","44.79"
"64","000","00","038","3802","0000","404","334","70","60","464","609","0","76.19","54.84"
"64","000","00","038","3802","0011","404","334","70","60","464","609","0","76.19","54.84"
"64","000","00","038","3803","0000","155","116","39","7","162","489","0","33.13","23.72"
"64","000","00","038","3803","0012","155","116","39","7","162","489","0","33.13","23.72"
"10","004","00","000","0000","0000","234130","183636","50494","15306","249436","445051","556307","56.05","41.26"
"10","004","00","001","0000","0000","75253","58887","16366","4168","79421","137129","186411","57.92","42.94"
"10","004","00","001","0101","0000","3398","2680","718","160","3558","5988","0","59.42","44.76"
"10","004","00","001","0101","0041","725","570","155","31","756","1301","0","58.11","43.81"
"10","004","00","001","0101","0042","999","789","210","49","1048","1798","0","58.29","43.88"
"10","004","00","001","0101","0043","808","620","188","40","848","1427","0","59.43","43.45"
"10","004","00","001","0101","0044","866","701","165","40","906","1462","0","61.97","47.95"
"10","004","00","001","0102","0000","5456","4228","1228","205","5661","9417","0","60.11","44.9"
"10","004","00","001","0102","0001","821","643","178","33","854","1319","0","64.75","48.75"
"10","004","00","001","0102","0002","764","575","189","37","801","1321","0","60.64","43.53"
"10","004","00","001","0102","0003","756","593","163","47","803","1272","0","63.13","46.62"
"10","004","00","001","0102","0004","807","657","150","34","841","1467","0","57.33","44.79"
"10","004","00","001","0102","0005","667","488","179","24","691","1226","0","56.36","39.8"
"10","004","00","001","0102","0006","778","598","180","18","796","1412","0","56.37","42.35"
"10","004","00","001","0102","0007","863","674","189","12","875","1400","0","62.5","48.14"
"10","004","00","001","0103","0000","5648","4256","1392","224","5872","10185","0","57.65","41.79"
"10","004","00","001","0103","0008","848","645","203","29","877","1415","0","61.98","45.58"
"10","004","00","001","0103","0009","758","589","169","31","789","1361","0","57.97","43.28"
"10","004","00","001","0103","0010","804","617","187","20","824","1515","0","54.39","40.73"
"10","004","00","001","0103","0011","854","654","200","32","886","1495","0","59.26","43.75"
"10","004","00","001","0103","0012","800","589","211","38","838","1417","0","59.14","41.57"
"10","004","00","001","0103","0013","840","618","222","42","882","1548","0","56.98","39.92"
"10","004","00","001","0103","0014","744","544","200","32","776","1434","0","54.11","37.94"
"10","004","00","001","0104","0000","3748","2943","805","180","3928","6515","0","60.29","45.17"
"10","004","00","001","0104","0015","776","625","151","37","813","1385","0","58.7","45.13"
"10","004","00","001","0104","0016","747","602","145","45","792","1247","0","63.51","48.28"
"10","004","00","001","0104","0017","768","572","196","29","797","1373","0","58.05","41.66"
"10","004","00","001","0104","0018","828","624","204","29","857","1345","0","63.72","46.39"
"10","004","00","001","0104","0019","629","520","109","40","669","1165","0","57.42","44.64"
"10","004","00","001","0105","0000","1419","1091","328","80","1499","2376","0","63.09","45.92"
"10","004","00","001","0105","0020","705","547","158","40","745","1164","0","64.0","46.99"
"10","004","00","001","0105","0021","714","544","170","40","754","1212","0","62.21","44.88"
"10","004","00","001","0106","0000","1498","1226","272","76","1574","3083","0","51.05","39.77"
"10","004","00","001","0106","0022","727","578","149","32","759","1507","0","50.36","38.35"
"10","004","00","001","0106","0023","771","648","123","44","815","1576","0","51.71","41.12"
"10","004","00","001","0107","0000","3241","2554","687","219","3460","6111","0","56.62","41.79"
"10","004","00","001","0107","0056","748","586","162","37","785","1477","0","53.15","39.68"
"10","004","00","001","0107","0057","904","708","196","63","967","1611","0","60.02","43.95"
"10","004","00","001","0107","0058","833","662","171","74","907","1555","0","58.33","42.57"
"10","004","00","001","0107","0059","756","598","158","45","801","1468","0","54.56","40.74"
"10","004","00","001","0108","0000","4865","3822","1043","349","5214","8856","0","58.88","43.16"
"10","004","00","001","0108","0060","837","650","187","58","895","1509","0","59.31","43.07"
"10","004","00","001","0108","0061","839","653","186","45","884","1602","0","55.18","40.76"
"10","004","00","001","0108","0062","807","639","168","59","866","1448","0","59.81","44.13"
"10","004","00","001","0108","0063","727","577","150","69","796","1318","0","60.39","43.78"
"10","004","00","001","0108","0064","945","764","181","55","1000","1634","0","61.2","46.76"
"10","004","00","001","0108","0065","710","539","171","63","773","1345","0","57.47","40.07"
"10","004","00","001","0109","0000","2837","2240","597","147","2984","5746","0","51.93","38.98"
"10","004","00","001","0109","0069","816","654","162","38","854","1483","0","57.59","44.1"
"10","004","00","001","0109","0070","709","562","147","42","751","1332","0","56.38","42.19"
"10","004","00","001","0109","0071","721","571","150","41","762","1482","0","51.42","38.53"
"10","004","00","001","0109","0072","591","453","138","26","617","1449","0","42.58","31.26"
"10","004","00","001","0110","0000","2905","2301","604","167","3072","5703","0","53.87","40.35"
"10","004","00","001","0110","0073","688","560","128","31","719","1319","0","54.51","42.46"
"10","004","00","001","0110","0074","683","538","145","42","725","1332","0","54.43","40.39"
"10","004","00","001","0110","0075","711","543","168","39","750","1412","0","53.12","38.46"
"10","004","00","001","0110","0076","823","660","163","55","878","1640","0","53.54","40.24"
"10","004","00","001","0111","0000","3640","2967","673","227","3867","6849","0","56.46","43.32"
"10","004","00","001","0111","0077","718","563","155","37","755","1323","0","57.07","42.55"
"10","004","00","001","0111","0078","797","721","76","57","854","1428","0","59.8","50.49"
"10","004","00","001","0111","0079","836","664","172","57","893","1533","0","58.25","43.31"
"10","004","00","001","0111","0080","668","524","144","28","696","1346","0","51.71","38.93"
"10","004","00","001","0111","0081","621","495","126","48","669","1219","0","54.88","40.61"
"10","004","00","001","0112","0000","2397","1871","526","110","2507","4458","0","56.24","41.97"
"10","004","00","001","0112","0086","786","625","161","44","830","1383","0","60.01","45.19"
"10","004","00","001","0112","0087","853","642","211","42","895","1569","0","57.04","40.92"
"10","004","00","001","0112","0088","758","604","154","24","782","1506","0","51.93","40.11"
"10","004","00","001","0113","0000","1052","829","223","80","1132","1951","0","58.02","42.49"
"10","004","00","001","0113","0089","470","364","106","36","506","877","0","57.7","41.51"
"10","004","00","001","0113","0090","582","465","117","44","626","1074","0","58.29","43.3"
"10","004","00","001","0114","0000","1393","1083","310","103","1496","2425","0","61.69","44.66"
"10","004","00","001","0114","0091","661","513","148","42","703","1089","0","64.55","47.11"
"10","004","00","001","0114","0092","732","570","162","61","793","1336","0","59.36","42.66"
"10","004","00","001","0115","0000","1217","945","272","97","1314","2143","0","61.32","44.1"
"10","004","00","001","0115","0094","568","445","123","57","625","937","0","66.7","47.49"
"10","004","00","001","0115","0095","649","500","149","40","689","1206","0","57.13","41.46"
"10","004","00","001","0116","0000","632","478","154","49","681","1205","0","56.51","39.67"
"10","004","00","001","0116","0096","632","478","154","49","681","1205","0","56.51","39.67"
"10","004","00","001","0117","0000","842","623","219","84","926","1585","0","58.42","39.31"
"10","004","00","001","0117","0098","474","350","124","50","524","917","0","57.14","38.17"
"10","004","00","001","0117","0099","368","273","95","34","402","668","0","60.18","40.87"
"10","004","00","001","0118","0000","944","722","222","93","1037","1914","0","54.18","37.72"
"10","004","00","001","0118","0102","522","404","118","71","593","977","0","60.7","41.35"
"10","004","00","001","0118","0103","422","318","104","22","444","937","0","47.39","33.94"
"10","004","00","001","0119","0000","958","733","225","70","1028","1718","0","59.84","42.67"
"10","004","00","001","0119","0097","958","733","225","70","1028","1718","0","59.84","42.67"
"10","004","00","001","0120","0000","802","628","174","116","918","1606","0","57.16","39.1"
"10","004","00","001","0120","0100","412","312","100","42","454","824","0","55.1","37.86"
"10","004","00","001","0120","0101","390","316","74","74","464","782","0","59.34","40.41"
"10","004","00","001","0121","0000","3528","2767","761","127","3655","6176","0","59.18","44.8"
"10","004","00","001","0121","0030","701","548","153","32","733","1196","0","61.29","45.82"
"10","004","00","001","0121","0031","716","560","156","26","742","1235","0","60.08","45.34"
"10","004","00","001","0121","0032","659","516","143","24","683","1204","0","56.73","42.86"
"10","004","00","001","0121","0033","767","616","151","26","793","1308","0","60.63","47.09"
"10","004","00","001","0121","0034","685","527","158","19","704","1233","0","57.1","42.74"
"10","004","00","001","0122","0000","2944","2316","628","208","3152","5664","0","55.65","40.89"
"10","004","00","001","0122","0082","819","647","172","73","892","1466","0","60.85","44.13"
"10","004","00","001","0122","0083","590","458","132","39","629","1147","0","54.84","39.93"
"10","004","00","001","0122","0084","714","557","157","39","753","1529","0","49.25","36.43"
"10","004","00","001","0122","0085","821","654","167","57","878","1522","0","57.69","42.97"
"10","004","00","001","0123","0000","531","412","119","72","603","1058","0","56.99","38.94"
"10","004","00","001","0123","0093","531","412","119","72","603","1058","0","56.99","38.94"
"10","004","00","001","0124","0000","2254","1785","469","100","2354","3738","0","62.97","47.75"
"10","004","00","001","0124","0049","686","523","163","35","721","1181","0","61.05","44.28"
"10","004","00","001","0124","0050","815","656","159","40","855","1329","0","64.33","49.36"
"10","004","00","001","0124","0051","753","606","147","25","778","1228","0","63.36","49.35"
"10","004","00","001","0125","0000","3237","2464","773","141","3378","5989","0","56.4","41.14"
"10","004","00","001","0125","0052","841","638","203","35","876","1552","0","56.44","41.11"
"10","004","00","001","0125","0053","860","670","190","33","893","1480","0","60.34","45.27"
"10","004","00","001","0125","0054","769","582","187","32","801","1487","0","53.87","39.14"
"10","004","00","001","0125","0055","767","574","193","41","808","1470","0","54.97","39.05"
"10","004","00","001","0126","0000","1832","1437","395","146","1978","3204","0","61.74","44.85"
"10","004","00","001","0126","0066","569","461","108","38","607","958","0","63.36","48.12"
"10","004","00","001","0126","0067","662","524","138","40","702","1112","0","63.13","47.12"
"10","004","00","001","0126","0068","601","452","149","68","669","1134","0","58.99","39.86"
"10","004","00","001","0127","0000","3067","2385","682","146","3213","5749","0","55.89","41.49"
"10","004","00","001","0127","0024","798","633","165","30","828","1464","0","56.56","43.24"
"10","004","00","001","0127","0025","784","604","180","28","812","1428","0","56.86","42.3"
"10","004","00","001","0127","0026","710","533","177","21","731","1442","0","50.69","36.96"
"10","004","00","001","0127","0027","775","615","160","67","842","1415","0","59.51","43.46"
"10","004","00","001","0128","0000","1707","1310","397","78","1785","3417","0","52.24","38.34"
"10","004","00","001","0128","0028","822","641","181","26","848","1666","0","50.9","38.48"
"10","004","00","001","0128","0029","885","669","216","52","937","1751","0","53.51","38.21"
"10","004","00","001","0129","0000","1954","1576","378","90","2044","3312","0","61.71","47.58"
"10","004","00","001","0129","0035","654","515","139","18","672","1129","0","59.52","45.62"
"10","004","00","001","0129","0036","632","516","116","29","661","1069","0","61.83","48.27"
"10","004","00","001","0129","0037","668","545","123","43","711","1114","0","63.82","48.92"
"10","004","00","001","0130","0000","1963","1543","420","98","2061","3265","0","63.12","47.26"
"10","004","00","001","0130","0038","639","491","148","27","666","1103","0","60.38","44.51"
"10","004","00","001","0130","0039","635","507","128","35","670","1029","0","65.11","49.27"
"10","004","00","001","0130","0040","689","545","144","36","725","1133","0","63.99","48.1"
"10","004","00","001","0131","0000","3344","2672","672","126","3470","5723","0","60.63","46.69"
"10","004","00","001","0131","0045","804","631","173","36","840","1342","0","62.59","47.02"
"10","004","00","001","0131","0046","869","705","164","30","899","1480","0","60.74","47.64"
"10","004","00","001","0131","0047","897","724","173","31","928","1645","0","56.41","44.01"
"10","004","00","001","0131","0048","774","612","162","29","803","1256","0","63.93","48.73"
"10","004","00","002","0000","0000","39656","31275","8381","2551","42207","78794","96358","53.57","39.69"
"10","004","00","002","0201","0000","141","112","29","11","152","309","0","49.19","36.25"
"10","004","00","002","0201","0104","141","112","29","11","152","309","0","49.19","36.25"
"10","004","00","002","0202","0000","188","134","54","27","215","416","0","51.68","32.21"
"10","004","00","002","0202","0105","188","134","54","27","215","416","0","51.68","32.21"
"10","004","00","002","0203","0000","182","143","39","10","192","386","0","49.74","37.05"
"10","004","00","002","0203","0106","182","143","39","10","192","386","0","49.74","37.05"
"10","004","00","002","0204","0000","1087","887","200","39","1126","2225","0","50.61","39.87"
"10","004","00","002","0204","0107","446","356","90","22","468","950","0","49.26","37.47"
"10","004","00","002","0204","0108","641","531","110","17","658","1275","0","51.61","41.65"
"10","004","00","002","0205","0000","1703","1377","326","100","1803","3283","0","54.92","41.94"
"10","004","00","002","0205","0116","682","544","138","46","728","1292","0","56.35","42.11"
"10","004","00","002","0205","0117","543","441","102","11","554","1111","0","49.86","39.69"
"10","004","00","002","0205","0118","478","392","86","43","521","880","0","59.2","44.55"
"10","004","00","002","0206","0000","4542","3647","895","307","4849","9177","0","52.84","39.74"
"10","004","00","002","0206","0109","618","481","137","39","657","1213","0","54.16","39.65"
"10","004","00","002","0206","0110","811","659","152","51","862","1548","0","55.68","42.57"
"10","004","00","002","0206","0111","582","481","101","36","618","1246","0","49.6","38.6"
"10","004","00","002","0206","0112","531","426","105","44","575","1252","0","45.93","34.03"
"10","004","00","002","0206","0113","660","531","129","58","718","1359","0","52.83","39.07"
"10","004","00","002","0206","0114","626","485","141","44","670","1255","0","53.39","38.65"
"10","004","00","002","0206","0115","714","584","130","35","749","1304","0","57.44","44.79"
"10","004","00","002","0207","0000","2396","1916","480","154","2550","4569","0","55.81","41.93"
"10","004","00","002","0207","0121","555","447","108","52","607","1126","0","53.91","39.7"
"10","004","00","002","0207","0122","549","442","107","40","589","1073","0","54.89","41.19"
"10","004","00","002","0207","0123","649","494","155","45","694","1215","0","57.12","40.66"
"10","004","00","002","0207","0124","643","533","110","17","660","1155","0","57.14","46.15"
"10","004","00","002","0208","0000","353","272","81","25","378","704","0","53.69","38.64"
"10","004","00","002","0208","0128","353","272","81","25","378","704","0","53.69","38.64"
"10","004","00","002","0209","0000","1339","1063","276","73","1412","3048","0","46.33","34.88"
"10","004","00","002","0209","0129","351","280","71","31","382","951","0","40.17","29.44"
"10","004","00","002","0209","0130","534","419","115","23","557","984","0","56.61","42.58"
"10","004","00","002","0209","0131","454","364","90","19","473","1113","0","42.5","32.7"
"10","004","00","002","0210","0000","749","564","185","73","822","1357","0","60.57","41.56"
"10","004","00","002","0210","0132","330","247","83","26","356","595","0","59.83","41.51"
"10","004","00","002","0210","0133","419","317","102","47","466","762","0","61.15","41.6"
"10","004","00","002","0211","0000","771","597","174","52","823","1400","0","58.79","42.64"
"10","004","00","002","0211","0142","400","301","99","39","439","715","0","61.4","42.1"
"10","004","00","002","0211","0143","371","296","75","13","384","685","0","56.06","43.21"
"10","004","00","002","0212","0000","1858","1458","400","113","1971","3875","0","50.86","37.63"
"10","004","00","002","0212","0136","585","461","124","32","617","1310","0","47.1","35.19"
"10","004","00","002","0212","0137","656","520","136","48","704","1434","0","49.09","36.26"
"10","004","00","002","0212","0138","617","477","140","33","650","1131","0","57.47","42.18"
"10","004","00","002","0213","0000","1690","1323","367","104","1794","3317","0","54.09","39.89"
"10","004","00","002","0213","0139","507","401","106","21","528","967","0","54.6","41.47"
"10","004","00","002","0213","0140","570","436","134","42","612","1196","0","51.17","36.45"
"10","004","00","002","0213","0141","613","486","127","41","654","1154","0","56.67","42.11"
"10","004","00","002","0214","0000","3595","2848","747","181","3776","7555","0","49.98","37.7"
"10","004","00","002","0214","0149","607","477","130","18","625","1248","0","50.08","38.22"
"10","004","00","002","0214","0150","534","407","127","31","565","1263","0","44.73","32.22"
"10","004","00","002","0214","0151","562","447","115","28","590","1232","0","47.89","36.28"
"10","004","00","002","0214","0152","515","411","104","26","541","1143","0","47.33","35.96"
"10","004","00","002","0214","0153","793","641","152","36","829","1529","0","54.22","41.92"
"10","004","00","002","0214","0154","584","465","119","42","626","1140","0","54.91","40.79"
"10","004","00","002","0215","0000","3070","2429","641","255","3325","6204","0","53.59","39.15"
"10","004","00","002","0215","0156","620","491","129","36","656","1345","0","48.77","36.51"
"10","004","00","002","0215","0157","666","521","145","66","732","1381","0","53.01","37.73"
"10","004","00","002","0215","0158","694","537","157","62","756","1379","0","54.82","38.94"
"10","004","00","002","0215","0159","547","436","111","53","600","1033","0","58.08","42.21"
"10","004","00","002","0215","0160","543","444","99","38","581","1066","0","54.5","41.65"
"10","004","00","002","0216","0000","2307","1786","521","121","2428","4350","0","55.82","41.06"
"10","004","00","002","0216","0169","584","445","139","37","621","1083","0","57.34","41.09"
"10","004","00","002","0216","0170","568","437","131","35","603","1102","0","54.72","39.66"
"10","004","00","002","0216","0171","560","454","106","19","579","1068","0","54.21","42.51"
"10","004","00","002","0216","0172","595","450","145","30","625","1097","0","56.97","41.02"
"10","004","00","002","0217","0000","951","732","219","45","996","1871","0","53.23","39.12"
"10","004","00","002","0217","0173","459","366","93","19","478","962","0","49.69","38.05"
"10","004","00","002","0217","0174","492","366","126","26","518","909","0","56.99","40.26"
"10","004","00","002","0218","0000","270","213","57","32","302","603","0","50.08","35.32"
"10","004","00","002","0218","0175","270","213","57","32","302","603","0","50.08","35.32"
"10","004","00","002","0219","0000","5216","4075","1141","308","5524","10396","0","53.14","39.2"
"10","004","00","002","0219","0161","507","395","112","47","554","938","0","59.06","42.11"
"10","004","00","002","0219","0162","539","430","109","47","586","952","0","61.55","45.17"
"10","004","00","002","0219","0163","844","682","162","41","885","1468","0","60.29","46.46"
"10","004","00","002","0219","0164","933","708","225","40","973","1915","0","50.81","36.97"
"10","004","00","002","0219","0165","591","479","112","40","631","1220","0","51.72","39.26"
"10","004","00","002","0219","0166","510","406","104","21","531","1166","0","45.54","34.82"
"10","004","00","002","0219","0167","682","537","145","30","712","1492","0","47.72","35.99"
"10","004","00","002","0219","0168","610","438","172","42","652","1245","0","52.37","35.18"
"10","004","00","002","0220","0000","925","703","222","85","1010","1727","0","58.48","40.71"
"10","004","00","002","0220","0125","441","335","106","43","484","852","0","56.81","39.32"
"10","004","00","002","0220","0126","484","368","116","42","526","875","0","60.11","42.06"
"10","004","00","002","0221","0000","1053","842","211","64","1117","1914","0","58.36","43.99"
"10","004","00","002","0221","0119","370","289","81","22","392","670","0","58.51","43.13"
"10","004","00","002","0221","0120","683","553","130","42","725","1244","0","58.28","44.45"
"10","004","00","002","0222","0000","610","473","137","44","654","1070","0","61.12","44.21"
"10","004","00","002","0222","0127","610","473","137","44","654","1070","0","61.12","44.21"
"10","004","00","002","0223","0000","3529","2817","712","254","3783","6892","0","54.89","40.87"
"10","004","00","002","0223","0144","668","535","133","50","718","1352","0","53.11","39.57"
"10","004","00","002","0223","0145","741","598","143","64","805","1407","0","57.21","42.5"
"10","004","00","002","0223","0146","697","563","134","32","729","1362","0","53.52","41.34"
"10","004","00","002","0223","0147","703","565","138","47","750","1330","0","56.39","42.48"
"10","004","00","002","0223","0148","720","556","164","61","781","1441","0","54.2","38.58"
"10","004","00","002","0224","0000","794","607","187","47","841","1576","0","53.36","38.52"
"10","004","00","002","0224","0134","396","313","83","25","421","763","0","55.18","41.02"
"10","004","00","002","0224","0135","398","294","104","22","420","813","0","51.66","36.16"
"10","004","00","002","0225","0000","337","257","80","27","364","570","0","63.86","45.09"
"10","004","00","002","0225","0155","337","257","80","27","364","570","0","63.86","45.09"
"10","004","00","003","0000","0000","15009","11786","3223","1170","16179","28894","33106","55.99","40.79"
"10","004","00","003","0301","0000","612","472","140","44","656","1139","0","57.59","41.44"
"10","004","00","003","0301","0194","612","472","140","44","656","1139","0","57.59","41.44"
"10","004","00","003","0302","0000","455","366","89","22","477","861","0","55.4","42.51"
"10","004","00","003","0302","0195","455","366","89","22","477","861","0","55.4","42.51"
"10","004","00","003","0303","0000","2034","1603","431","157","2191","4271","0","51.3","37.53"
"10","004","00","003","0303","0196","513","414","99","45","558","1093","0","51.05","37.88"
"10","004","00","003","0303","0197","468","367","101","37","505","978","0","51.64","37.53"
"10","004","00","003","0303","0198","477","377","100","31","508","1040","0","48.85","36.25"
"10","004","00","003","0303","0199","576","445","131","44","620","1160","0","53.45","38.36"
"10","004","00","003","0304","0000","1051","834","217","74","1125","1965","0","57.25","42.44"
"10","004","00","003","0304","0184","508","401","107","28","536","948","0","56.54","42.3"
"10","004","00","003","0304","0185","543","433","110","46","589","1017","0","57.92","42.58"
"10","004","00","003","0305","0000","1741","1352","389","126","1867","3320","0","56.23","40.72"
"10","004","00","003","0305","0186","670","533","137","44","714","1176","0","60.71","45.32"
"10","004","00","003","0305","0187","638","478","160","60","698","1122","0","62.21","42.6"
"10","004","00","003","0305","0188","433","341","92","22","455","1022","0","44.52","33.37"
"10","004","00","003","0306","0000","896","727","169","64","960","1829","0","52.49","39.75"
"10","004","00","003","0306","0182","479","392","87","33","512","924","0","55.41","42.42"
"10","004","00","003","0306","0183","417","335","82","31","448","905","0","49.5","37.02"
"10","004","00","003","0307","0000","1406","1099","307","102","1508","2526","0","59.7","43.51"
"10","004","00","003","0307","0179","486","389","97","38","524","935","0","56.04","41.6"
"10","004","00","003","0307","0180","394","298","96","38","432","753","0","57.37","39.58"
"10","004","00","003","0307","0181","526","412","114","26","552","838","0","65.87","49.16"
"10","004","00","003","0308","0000","545","444","101","41","586","983","0","59.61","45.17"
"10","004","00","003","0308","0176","545","444","101","41","586","983","0","59.61","45.17"
"10","004","00","003","0309","0000","330","233","97","39","369","597","0","61.81","39.03"
"10","004","00","003","0309","0177","330","233","97","39","369","597","0","61.81","39.03"
"10","004","00","003","0310","0000","565","454","111","25","590","1070","0","55.14","42.43"
"10","004","00","003","0310","0178","565","454","111","25","590","1070","0","55.14","42.43"
"10","004","00","003","0311","0000","1015","819","196","57","1072","1832","0","58.52","44.71"
"10","004","00","003","0311","0200","549","439","110","26","575","950","0","60.53","46.21"
"10","004","00","003","0311","0201","466","380","86","31","497","882","0","56.35","43.08"
"10","004","00","003","0312","0000","1271","995","276","119","1390","2493","0","55.76","39.91"
"10","004","00","003","0312","0202","674","526","148","65","739","1281","0","57.69","41.06"
"10","004","00","003","0312","0203","597","469","128","54","651","1212","0","53.71","38.7"
"10","004","00","003","0313","0000","441","354","87","42","483","1013","0","47.68","34.95"
"10","004","00","003","0313","0204","441","354","87","42","483","1013","0","47.68","34.95"
"10","004","00","003","0314","0000","369","281","88","33","402","630","0","63.81","44.6"
"10","004","00","003","0314","0205","369","281","88","33","402","630","0","63.81","44.6"
"10","004","00","003","0315","0000","618","490","128","60","678","1144","0","59.27","42.83"
"10","004","00","003","0315","0193","618","490","128","60","678","1144","0","59.27","42.83"
"10","004","00","003","0316","0000","669","518","151","49","718","1429","0","50.24","36.25"
"10","004","00","003","0316","0189","669","518","151","49","718","1429","0","50.24","36.25"
"10","004","00","003","0317","0000","263","204","59","42","305","451","0","67.63","45.23"
"10","004","00","003","0317","0190","263","204","59","42","305","451","0","67.63","45.23"
"10","004","00","003","0318","0000","379","279","100","31","410","724","0","56.63","38.54"
"10","004","00","003","0318","0191","379","279","100","31","410","724","0","56.63","38.54"
"10","004","00","003","0319","0000","349","262","87","43","392","617","0","63.53","42.46"
"10","004","00","003","0319","0192","349","262","87","43","392","617","0","63.53","42.46"
"10","004","00","004","0000","0000","12994","10240","2754","966","13960","24712","28659","56.49","41.44"
"10","004","00","004","0401","0000","278","231","47","29","307","480","0","63.96","48.13"
"10","004","00","004","0401","0206","278","231","47","29","307","480","0","63.96","48.13"
"10","004","00","004","0402","0000","1053","830","223","82","1135","1923","0","59.02","43.16"
"10","004","00","004","0402","0207","499","388","111","42","541","903","0","59.91","42.97"
"10","004","00","004","0402","0208","554","442","112","40","594","1020","0","58.24","43.33"
"10","004","00","004","0403","0000","357","273","84","20","377","705","0","53.48","38.72"
"10","004","00","004","0403","0209","357","273","84","20","377","705","0","53.48","38.72"
"10","004","00","004","0404","0000","1895","1500","395","133","2028","3618","0","56.05","41.46"
"10","004","00","004","0404","0210","545","420","125","33","578","1056","0","54.73","39.77"
"10","004","00","004","0404","0211","649","506","143","47","696","1275","0","54.59","39.69"
"10","004","00","004","0404","0212","701","574","127","53","754","1287","0","58.59","44.6"
"10","004","00","004","0405","0000","526","417","109","43","569","1046","0","54.4","39.87"
"10","004","00","004","0405","0214","526","417","109","43","569","1046","0","54.4","39.87"
"10","004","00","004","0406","0000","437","333","104","29","466","771","0","60.44","43.19"
"10","004","00","004","0406","0213","437","333","104","29","466","771","0","60.44","43.19"
"10","004","00","004","0407","0000","554","427","127","48","602","1030","0","58.45","41.46"
"10","004","00","004","0407","0215","554","427","127","48","602","1030","0","58.45","41.46"
"10","004","00","004","0408","0000","1808","1452","356","121","1929","3653","0","52.81","39.75"
"10","004","00","004","0408","0216","643","534","109","45","688","1208","0","56.95","44.21"
"10","004","00","004","0408","0217","509","418","91","21","530","1095","0","48.4","38.17"
"10","004","00","004","0408","0218","656","500","156","55","711","1350","0","52.67","37.04"
"10","004","00","004","0409","0000","674","529","145","69","743","1362","0","54.55","38.84"
"10","004","00","004","0409","0220","674","529","145","69","743","1362","0","54.55","38.84"
"10","004","00","004","0410","0000","247","193","54","22","269","551","0","48.82","35.03"
"10","004","00","004","0410","0222","247","193","54","22","269","551","0","48.82","35.03"
"10","004","00","004","0411","0000","289","233","56","30","319","572","0","55.77","40.73"
"10","004","00","004","0411","0224","289","233","56","30","319","572","0","55.77","40.73"
"10","004","00","004","0412","0000","478","358","120","29","507","943","0","53.76","37.96"
"10","004","00","004","0412","0225","478","358","120","29","507","943","0","53.76","37.96"
"10","004","00","004","0413","0000","172","137","35","19","191","461","0","41.43","29.72"
"10","004","00","004","0413","0223","172","137","35","19","191","461","0","41.43","29.72"
"10","004","00","004","0414","0000","421","316","105","47","468","808","0","57.92","39.11"
"10","004","00","004","0414","0226","421","316","105","47","468","808","0","57.92","39.11"
"10","004","00","004","0415","0000","1057","844","213","61","1118","1826","0","61.23","46.22"
"10","004","00","004","0415","0227","560","449","111","23","583","923","0","63.16","48.65"
"10","004","00","004","0415","0228","497","395","102","38","535","903","0","59.25","43.74"
"10","004","00","004","0416","0000","464","352","112","38","502","824","0","60.92","42.72"
"10","004","00","004","0416","0230","464","352","112","38","502","824","0","60.92","42.72"
"10","004","00","004","0417","0000","325","260","65","17","342","559","0","61.18","46.51"
"10","004","00","004","0417","0231","325","260","65","17","342","559","0","61.18","46.51"
"10","004","00","004","0418","0000","503","400","103","31","534","854","0","62.53","46.84"
"10","004","00","004","0418","0232","503","400","103","31","534","854","0","62.53","46.84"
"10","004","00","004","0419","0000","510","409","101","27","537","846","0","63.48","48.35"
"10","004","00","004","0419","0219","510","409","101","27","537","846","0","63.48","48.35"
"10","004","00","004","0420","0000","414","326","88","28","442","903","0","48.95","36.1"
"10","004","00","004","0420","0221","414","326","88","28","442","903","0","48.95","36.1"
"10","004","00","004","0421","0000","532","420","112","43","575","977","0","58.85","42.99"
"10","004","00","004","0421","0229","532","420","112","43","575","977","0","58.85","42.99"
"10","004","00","005","0000","0000","33343","26304","7039","2124","35467","63511","77604","55.84","41.42"
"10","004","00","005","0501","0000","717","552","165","61","778","1272","0","61.16","43.4"
"10","004","00","005","0501","0245","717","552","165","61","778","1272","0","61.16","43.4"
"10","004","00","005","0502","0000","466","368","98","44","510","851","0","59.93","43.24"
"10","004","00","005","0502","0244","466","368","98","44","510","851","0","59.93","43.24"
"10","004","00","005","0503","0000","2202","1830","372","143","2345","3993","0","58.73","45.83"
"10","004","00","005","0503","0241","773","684","89","54","827","1444","0","57.27","47.37"
"10","004","00","005","0503","0242","762","607","155","70","832","1347","0","61.77","45.06"
"10","004","00","005","0503","0243","667","539","128","19","686","1202","0","57.07","44.84"
"10","004","00","005","0504","0000","2852","2242","610","196","3048","5202","0","58.59","43.1"
"10","004","00","005","0504","0250","706","552","154","46","752","1402","0","53.64","39.37"
"10","004","00","005","0504","0251","646","511","135","61","707","1183","0","59.76","43.2"
"10","004","00","005","0504","0252","739","591","148","42","781","1282","0","60.92","46.1"
"10","004","00","005","0504","0253","761","588","173","47","808","1335","0","60.52","44.04"
"10","004","00","005","0505","0000","1577","1218","359","105","1682","2835","0","59.33","42.96"
"10","004","00","005","0505","0246","674","513","161","49","723","1275","0","56.71","40.24"
"10","004","00","005","0505","0247","903","705","198","56","959","1560","0","61.47","45.19"
"10","004","00","005","0506","0000","2479","1958","521","168","2647","4714","0","56.15","41.54"
"10","004","00","005","0506","0238","929","728","201","68","997","1719","0","58.0","42.35"
"10","004","00","005","0506","0239","674","538","136","49","723","1162","0","62.22","46.3"
"10","004","00","005","0506","0240","876","692","184","51","927","1833","0","50.57","37.75"
"10","004","00","005","0507","0000","1488","1113","375","92","1580","2898","0","54.52","38.41"
"10","004","00","005","0507","0233","659","488","171","44","703","1393","0","50.47","35.03"
"10","004","00","005","0507","0234","829","625","204","48","877","1505","0","58.27","41.53"
"10","004","00","005","0508","0000","1506","1179","327","95","1601","3140","0","50.99","37.55"
"10","004","00","005","0508","0258","554","422","132","43","597","1193","0","50.04","35.37"
"10","004","00","005","0508","0259","952","757","195","52","1004","1947","0","51.57","38.88"
"10","004","00","005","0509","0000","624","468","156","49","673","1125","0","59.82","41.6"
"10","004","00","005","0509","0260","624","468","156","49","673","1125","0","59.82","41.6"
"10","004","00","005","0510","0000","1504","1159","345","100","1604","2783","0","57.64","41.65"
"10","004","00","005","0510","0261","560","421","139","48","608","1050","0","57.9","40.1"
"10","004","00","005","0510","0262","944","738","206","52","996","1733","0","57.47","42.59"
"10","004","00","005","0511","0000","1313","1050","263","75","1388","2346","0","59.16","44.76"
"10","004","00","005","0511","0263","713","564","149","44","757","1284","0","58.96","43.93"
"10","004","00","005","0511","0264","600","486","114","31","631","1062","0","59.42","45.76"
"10","004","00","005","0512","0000","821","669","152","56","877","1547","0","56.69","43.24"
"10","004","00","005","0512","0265","821","669","152","56","877","1547","0","56.69","43.24"
"10","004","00","005","0513","0000","1255","966","289","102","1357","2197","0","61.77","43.97"
"10","004","00","005","0513","0256","635","505","130","36","671","1082","0","62.01","46.67"
"10","004","00","005","0513","0257","620","461","159","66","686","1115","0","61.52","41.35"
"10","004","00","005","0514","0000","2466","1956","510","157","2623","5072","0","51.72","38.56"
"10","004","00","005","0514","0270","562","453","109","39","601","1058","0","56.81","42.82"
"10","004","00","005","0514","0271","486","380","106","22","508","1220","0","41.64","31.15"
"10","004","00","005","0514","0272","709","556","153","39","748","1333","0","56.11","41.71"
"10","004","00","005","0514","0273","709","567","142","57","766","1461","0","52.43","38.81"
"10","004","00","005","0515","0000","1614","1252","362","105","1719","3233","0","53.17","38.73"
"10","004","00","005","0515","0277","701","528","173","40","741","1495","0","49.57","35.32"
"10","004","00","005","0515","0278","395","310","85","38","433","752","0","57.58","41.22"
"10","004","00","005","0515","0279","518","414","104","27","545","986","0","55.27","41.99"
"10","004","00","005","0516","0000","2757","2209","548","126","2883","5896","0","48.9","37.47"
"10","004","00","005","0516","0266","694","552","142","47","741","1494","0","49.6","36.95"
"10","004","00","005","0516","0267","750","603","147","31","781","1634","0","47.8","36.9"
"10","004","00","005","0516","0268","645","531","114","21","666","1444","0","46.12","36.77"
"10","004","00","005","0516","0269","668","523","145","27","695","1324","0","52.49","39.5"
"10","004","00","005","0517","0000","1842","1494","348","73","1915","3370","0","56.82","44.33"
"10","004","00","005","0517","0254","879","691","188","48","927","1493","0","62.09","46.28"
"10","004","00","005","0517","0255","963","803","160","25","988","1877","0","52.64","42.78"
"10","004","00","005","0518","0000","1558","1252","306","150","1708","2876","0","59.39","43.53"
"10","004","00","005","0518","0248","639","505","134","92","731","1147","0","63.73","44.03"
"10","004","00","005","0518","0249","919","747","172","58","977","1729","0","56.51","43.2"
"10","004","00","005","0519","0000","2285","1766","519","133","2418","4123","0","58.65","42.83"
"10","004","00","005","0519","0235","713","545","168","43","756","1188","0","63.64","45.88"
"10","004","00","005","0519","0236","679","512","167","50","729","1267","0","57.54","40.41"
"10","004","00","005","0519","0237","893","709","184","40","933","1668","0","55.94","42.51"
"10","004","00","005","0520","0000","2017","1603","414","94","2111","4038","0","52.28","39.7"
"10","004","00","005","0520","0274","716","554","162","28","744","1429","0","52.06","38.77"
"10","004","00","005","0520","0275","677","539","138","25","702","1506","0","46.61","35.79"
"10","004","00","005","0520","0276","624","510","114","41","665","1103","0","60.29","46.24"
"10","004","00","006","0000","0000","23795","18567","5228","1691","25486","45790","56957","55.66","40.55"
"10","004","00","006","0601","0000","515","400","115","62","577","1080","0","53.43","37.04"
"10","004","00","006","0601","0280","515","400","115","62","577","1080","0","53.43","37.04"
"10","004","00","006","0602","0000","878","690","188","67","945","1799","0","52.53","38.35"
"10","004","00","006","0602","0288","421","327","94","35","456","824","0","55.34","39.68"
"10","004","00","006","0602","0289","457","363","94","32","489","975","0","50.15","37.23"
"10","004","00","006","0603","0000","936","715","221","68","1004","1841","0","54.54","38.84"
"10","004","00","006","0603","0281","436","334","102","34","470","887","0","52.99","37.66"
"10","004","00","006","0603","0282","500","381","119","34","534","954","0","55.97","39.94"
"10","004","00","006","0604","0000","1347","1005","342","149","1496","2743","0","54.54","36.64"
"10","004","00","006","0604","0291","738","564","174","93","831","1477","0","56.26","38.19"
"10","004","00","006","0604","0292","609","441","168","56","665","1266","0","52.53","34.83"
"10","004","00","006","0605","0000","887","675","212","79","966","1765","0","54.73","38.24"
"10","004","00","006","0605","0286","476","359","117","50","526","891","0","59.03","40.29"
"10","004","00","006","0605","0287","411","316","95","29","440","874","0","50.34","36.16"
"10","004","00","006","0606","0000","414","308","106","58","472","847","0","55.73","36.36"
"10","004","00","006","0606","0290","414","308","106","58","472","847","0","55.73","36.36"
"10","004","00","006","0607","0000","1690","1304","386","124","1814","3232","0","56.13","40.35"
"10","004","00","006","0607","0283","511","388","123","38","549","1003","0","54.74","38.68"
"10","004","00","006","0607","0284","557","441","116","47","604","1106","0","54.61","39.87"
"10","004","00","006","0607","0285","622","475","147","39","661","1123","0","58.86","42.3"
"10","004","00","006","0608","0000","2663","2080","583","237","2900","5237","0","55.38","39.72"
"10","004","00","006","0608","0305","725","580","145","59","784","1302","0","60.22","44.55"
"10","004","00","006","0608","0306","713","554","159","77","790","1410","0","56.03","39.29"
"10","004","00","006","0608","0307","644","485","159","51","695","1267","0","54.85","38.28"
"10","004","00","006","0608","0308","581","461","120","50","631","1258","0","50.16","36.65"
"10","004","00","006","0609","0000","1002","735","267","125","1127","2092","0","53.87","35.13"
"10","004","00","006","0609","0293","487","366","121","72","559","1029","0","54.32","35.57"
"10","004","00","006","0609","0294","515","369","146","53","568","1063","0","53.43","34.71"
"10","004","00","006","0610","0000","1313","1090","223","68","1381","2500","0","55.24","43.6"
"10","004","00","006","0610","0295","546","445","101","30","576","1055","0","54.6","42.18"
"10","004","00","006","0610","0296","767","645","122","38","805","1445","0","55.71","44.64"
"10","004","00","006","0611","0000","2403","1917","486","105","2508","4382","0","57.23","43.75"
"10","004","00","006","0611","0311","643","506","137","36","679","1157","0","58.69","43.73"
"10","004","00","006","0611","0312","540","419","121","32","572","1089","0","52.53","38.48"
"10","004","00","006","0611","0313","628","511","117","20","648","1160","0","55.86","44.05"
"10","004","00","006","0611","0314","592","481","111","17","609","976","0","62.4","49.28"
"10","004","00","006","0612","0000","739","552","187","29","768","1486","0","51.68","37.15"
"10","004","00","006","0612","0303","739","552","187","29","768","1486","0","51.68","37.15"
"10","004","00","006","0613","0000","601","458","143","66","667","1067","0","62.51","42.92"
"10","004","00","006","0613","0304","601","458","143","66","667","1067","0","62.51","42.92"
"10","004","00","006","0614","0000","2051","1645","406","109","2160","3519","0","61.38","46.75"
"10","004","00","006","0614","0297","821","673","148","43","864","1413","0","61.15","47.63"
"10","004","00","006","0614","0298","578","452","126","40","618","971","0","63.65","46.55"
"10","004","00","006","0614","0299","652","520","132","26","678","1135","0","59.74","45.81"
"10","004","00","006","0615","0000","2215","1740","475","141","2356","4188","0","56.26","41.55"
"10","004","00","006","0615","0300","627","482","145","53","680","1269","0","53.59","37.98"
"10","004","00","006","0615","0301","671","519","152","41","712","1257","0","56.64","41.29"
"10","004","00","006","0615","0302","917","739","178","47","964","1662","0","58.0","44.46"
"10","004","00","006","0616","0000","2814","2216","598","138","2952","5339","0","55.29","41.51"
"10","004","00","006","0616","0315","766","596","170","40","806","1443","0","55.86","41.3"
"10","004","00","006","0616","0316","600","464","136","23","623","1247","0","49.96","37.21"
"10","004","00","006","0616","0317","759","606","153","28","787","1411","0","55.78","42.95"
"10","004","00","006","0616","0318","689","550","139","47","736","1238","0","59.45","44.43"
"10","004","00","006","0617","0000","1327","1037","290","66","1393","2673","0","52.11","38.8"
"10","004","00","006","0617","0309","569","445","124","23","592","1217","0","48.64","36.57"
"10","004","00","006","0617","0310","758","592","166","43","801","1456","0","55.01","40.66"
"10","004","00","007","0000","0000","9392","7308","2084","721","10113","17293","20043","58.48","42.26"
"10","004","00","007","0701","0000","340","257","83","29","369","534","0","69.1","48.13"
"10","004","00","007","0701","0320","340","257","83","29","369","534","0","69.1","48.13"
"10","004","00","007","0702","0000","226","163","63","17","243","417","0","58.27","39.09"
"10","004","00","007","0702","0319","226","163","63","17","243","417","0","58.27","39.09"
"10","004","00","007","0703","0000","521","413","108","43","564","963","0","58.57","42.89"
"10","004","00","007","0703","0321","521","413","108","43","564","963","0","58.57","42.89"
"10","004","00","007","0704","0000","243","189","54","28","271","418","0","64.83","45.22"
"10","004","00","007","0704","0322","243","189","54","28","271","418","0","64.83","45.22"
"10","004","00","007","0705","0000","1294","1024","270","101","1395","2666","0","52.33","38.41"
"10","004","00","007","0705","0323","663","531","132","57","720","1312","0","54.88","40.47"
"10","004","00","007","0705","0324","631","493","138","44","675","1354","0","49.85","36.41"
"10","004","00","007","0706","0000","869","689","180","90","959","1582","0","60.62","43.55"
"10","004","00","007","0706","0325","426","325","101","44","470","785","0","59.87","41.4"
"10","004","00","007","0706","0326","443","364","79","46","489","797","0","61.36","45.67"
"10","004","00","007","0707","0000","352","272","80","22","374","623","0","60.03","43.66"
"10","004","00","007","0707","0327","352","272","80","22","374","623","0","60.03","43.66"
"10","004","00","007","0708","0000","398","298","100","37","435","759","0","57.31","39.26"
"10","004","00","007","0708","0328","398","298","100","37","435","759","0","57.31","39.26"
"10","004","00","007","0709","0000","1235","985","250","82","1317","2401","0","54.85","41.02"
"10","004","00","007","0709","0329","600","479","121","45","645","1272","0","50.71","37.66"
"10","004","00","007","0709","0330","635","506","129","37","672","1129","0","59.52","44.82"
"10","004","00","007","0710","0000","885","669","216","81","966","1552","0","62.24","43.11"
"10","004","00","007","0710","0331","415","309","106","30","445","713","0","62.41","43.34"
"10","004","00","007","0710","0332","470","360","110","51","521","839","0","62.1","42.91"
"10","004","00","007","0711","0000","2432","1886","546","133","2565","4276","0","59.99","44.11"
"10","004","00","007","0711","0333","694","544","150","39","733","1123","0","65.27","48.44"
"10","004","00","007","0711","0334","558","443","115","20","578","981","0","58.92","45.16"
"10","004","00","007","0711","0335","608","455","153","49","657","1078","0","60.95","42.21"
"10","004","00","007","0711","0336","572","444","128","25","597","1094","0","54.57","40.59"
"10","004","00","007","0712","0000","597","463","134","58","655","1102","0","59.44","42.01"
"10","004","00","007","0712","0337","597","463","134","58","655","1102","0","59.44","42.01"
"10","004","00","008","0000","0000","6137","4816","1321","536","6673","11346","13013","58.81","42.45"
"10","004","00","008","0801","0000","1897","1480","417","164","2061","3404","0","60.55","43.48"
"10","004","00","008","0801","0338","696","554","142","53","749","1231","0","60.84","45.0"
"10","004","00","008","0801","0339","559","430","129","67","626","1041","0","60.13","41.31"
"10","004","00","008","0801","0340","642","496","146","44","686","1132","0","60.6","43.82"
"10","004","00","008","0802","0000","464","367","97","41","505","859","0","58.79","42.72"
"10","004","00","008","0802","0341","464","367","97","41","505","859","0","58.79","42.72"
"10","004","00","008","0803","0000","101","78","23","16","117","204","0","57.35","38.24"
"10","004","00","008","0803","0342","101","78","23","16","117","204","0","57.35","38.24"
"10","004","00","008","0804","0000","90","63","27","10","100","222","0","45.05","28.38"
"10","004","00","008","0804","0343","90","63","27","10","100","222","0","45.05","28.38"
"10","004","00","008","0805","0000","183","140","43","34","217","338","0","64.2","41.42"
"10","004","00","008","0805","0344","183","140","43","34","217","338","0","64.2","41.42"
"10","004","00","008","0806","0000","453","369","84","39","492","916","0","53.71","40.28"
"10","004","00","008","0806","0345","453","369","84","39","492","916","0","53.71","40.28"
"10","004","00","008","0807","0000","204","160","44","22","226","463","0","48.81","34.56"
"10","004","00","008","0807","0348","204","160","44","22","226","463","0","48.81","34.56"
"10","004","00","008","0808","0000","528","421","107","53","581","978","0","59.41","43.05"
"10","004","00","008","0808","0349","399","324","75","41","440","690","0","63.77","46.96"
"10","004","00","008","0808","0350","129","97","32","12","141","288","0","48.96","33.68"
"10","004","00","008","0809","0000","908","720","188","71","979","1553","0","63.04","46.36"
"10","004","00","008","0809","0351","411","321","90","31","442","685","0","64.53","46.86"
"10","004","00","008","0809","0352","497","399","98","40","537","868","0","61.87","45.97"
"10","004","00","008","0810","0000","904","702","202","64","968","1561","0","62.01","44.97"
"10","004","00","008","0810","0353","904","702","202","64","968","1561","0","62.01","44.97"
"10","004","00","008","0811","0000","405","316","89","22","427","848","0","50.35","37.26"
"10","004","00","008","0811","0346","225","184","41","13","238","573","0","41.54","32.11"
"10","004","00","008","0811","0347","180","132","48","9","189","275","0","68.73","48.0"
"10","004","00","009","0000","0000","4241","3310","931","297","4538","8180","9352","55.48","40.46"
"10","004","00","009","0901","0000","537","406","131","22","559","1158","0","48.27","35.06"
"10","004","00","009","0901","0354","537","406","131","22","559","1158","0","48.27","35.06"
"10","004","00","009","0902","0000","671","484","187","61","732","1238","0","59.13","39.1"
"10","004","00","009","0902","0355","671","484","187","61","732","1238","0","59.13","39.1"
"10","004","00","009","0903","0000","1362","1093","269","106","1468","2584","0","56.81","42.3"
"10","004","00","009","0903","0357","507","408","99","32","539","931","0","57.89","43.82"
"10","004","00","009","0903","0358","855","685","170","74","929","1653","0","56.2","41.44"
"10","004","00","009","0904","0000","452","356","96","32","484","845","0","57.28","42.13"
"10","004","00","009","0904","0359","452","356","96","32","484","845","0","57.28","42.13"
"10","004","00","009","0905","0000","196","156","40","12","208","384","0","54.17","40.63"
"10","004","00","009","0905","0360","196","156","40","12","208","384","0","54.17","40.63"
"10","004","00","009","0906","0000","408","334","74","12","420","763","0","55.05","43.77"
"10","004","00","009","0906","0361","408","334","74","12","420","763","0","55.05","43.77"
"10","004","00","009","0907","0000","312","237","75","25","337","580","0","58.1","40.86"
"10","004","00","009","0907","0356","312","237","75","25","337","580","0","58.1","40.86"
"10","004","00","009","0908","0000","165","126","39","20","185","333","0","55.56","37.84"
"10","004","00","009","0908","0362","165","126","39","20","185","333","0","55.56","37.84"
"10","004","00","009","0909","0000","138","118","20","7","145","295","0","49.15","40.0"
"10","004","00","009","0909","0363","138","118","20","7","145","295","0","49.15","40.0"
"10","004","00","010","0000","0000","7073","5520","1553","491","7564","12973","14681","58.31","42.55"
"10","004","00","010","1001","0000","1378","1075","303","104","1482","2595","0","57.11","41.43"
"10","004","00","010","1001","0364","598","470","128","62","660","1158","0","56.99","40.59"
"10","004","00","010","1001","0365","780","605","175","42","822","1437","0","57.2","42.1"
"10","004","00","010","1002","0000","1040","797","243","55","1095","1900","0","57.63","41.95"
"10","004","00","010","1002","0368","1040","797","243","55","1095","1900","0","57.63","41.95"
"10","004","00","010","1003","0000","513","425","88","24","537","1056","0","50.85","40.25"
"10","004","00","010","1003","0369","513","425","88","24","537","1056","0","50.85","40.25"
"10","004","00","010","1004","0000","693","534","159","63","756","1205","0","62.74","44.32"
"10","004","00","010","1004","0370","693","534","159","63","756","1205","0","62.74","44.32"
"10","004","00","010","1005","0000","475","395","80","42","517","846","0","61.11","46.69"
"10","004","00","010","1005","0372","475","395","80","42","517","846","0","61.11","46.69"
"10","004","00","010","1006","0000","404","323","81","37","441","766","0","57.57","42.17"
"10","004","00","010","1006","0371","404","323","81","37","441","766","0","57.57","42.17"
"10","004","00","010","1007","0000","338","246","92","14","352","554","0","63.54","44.4"
"10","004","00","010","1007","0375","338","246","92","14","352","554","0","63.54","44.4"
"10","004","00","010","1008","0000","454","357","97","34","488","804","0","60.7","44.4"
"10","004","00","010","1008","0373","454","357","97","34","488","804","0","60.7","44.4"
"10","004","00","010","1009","0000","339","276","63","21","360","607","0","59.31","45.47"
"10","004","00","010","1009","0374","339","276","63","21","360","607","0","59.31","45.47"
"10","004","00","010","1010","0000","1439","1092","347","97","1536","2640","0","58.18","41.36"
"10","004","00","010","1010","0366","783","584","199","51","834","1470","0","56.73","39.73"
"10","004","00","010","1010","0367","656","508","148","46","702","1170","0","60.0","43.42"
"10","004","00","011","0000","0000","2746","2134","612","302","3048","5068","5638","60.14","42.11"
"10","004","00","011","1101","0000","515","414","101","55","570","879","0","64.85","47.1"
"10","004","00","011","1101","0376","515","414","101","55","570","879","0","64.85","47.1"
"10","004","00","011","1102","0000","374","286","88","56","430","683","0","62.96","41.87"
"10","004","00","011","1102","0377","374","286","88","56","430","683","0","62.96","41.87"
"10","004","00","011","1103","0000","334","251","83","31","365","604","0","60.43","41.56"
"10","004","00","011","1103","0378","334","251","83","31","365","604","0","60.43","41.56"
"10","004","00","011","1104","0000","774","607","167","83","857","1406","0","60.95","43.17"
"10","004","00","011","1104","0381","774","607","167","83","857","1406","0","60.95","43.17"
"10","004","00","011","1105","0000","286","215","71","26","312","615","0","50.73","34.96"
"10","004","00","011","1105","0379","180","143","37","18","198","339","0","58.41","42.18"
"10","004","00","011","1105","0380","106","72","34","8","114","276","0","41.3","26.09"
"10","004","00","011","1106","0000","463","361","102","51","514","881","0","58.34","40.98"
"10","004","00","011","1106","0382","257","209","48","32","289","462","0","62.55","45.24"
"10","004","00","011","1106","0383","206","152","54","19","225","419","0","53.7","36.28"
"10","004","00","012","0000","0000","2927","2272","655","202","3129","7364","9683","42.49","30.85"
"10","004","00","012","1201","0000","257","207","50","22","279","599","0","46.58","34.56"
"10","004","00","012","1201","0386","94","75","19","16","110","225","0","48.89","33.33"
"10","004","00","012","1201","0387","163","132","31","6","169","374","0","45.19","35.29"
"10","004","00","012","1202","0000","335","266","69","18","353","831","0","42.48","32.01"
"10","004","00","012","1202","0384","176","132","44","9","185","474","0","39.03","27.85"
"10","004","00","012","1202","0385","159","134","25","9","168","357","0","47.06","37.54"
"10","004","00","012","1203","0000","494","407","87","23","517","1263","0","40.93","32.22"
"10","004","00","012","1203","0388","297","252","45","8","305","773","0","39.46","32.6"
"10","004","00","012","1203","0389","197","155","42","15","212","490","0","43.27","31.63"
"10","004","00","012","1204","0000","341","241","100","59","400","613","0","65.25","39.31"
"10","004","00","012","1204","0392","341","241","100","59","400","613","0","65.25","39.31"
"10","004","00","012","1205","0000","428","346","82","12","440","1191","0","36.94","29.05"
"10","004","00","012","1205","0390","176","140","36","6","182","531","0","34.27","26.37"
"10","004","00","012","1205","0391","252","206","46","6","258","660","0","39.09","31.21"
"10","004","00","012","1206","0000","568","435","133","27","595","1294","0","45.98","33.62"
"10","004","00","012","1206","0393","252","187","65","2","254","593","0","42.83","31.53"
"10","004","00","012","1206","0394","239","183","56","18","257","575","0","44.7","31.83"
"10","004","00","012","1206","0395","77","65","12","7","84","126","0","66.67","51.59"
"10","004","00","012","1207","0000","504","370","134","41","545","1573","0","34.65","23.52"
"10","004","00","012","1207","0396","158","131","27","6","164","499","0","32.87","26.25"
"10","004","00","012","1207","0397","202","143","59","16","218","785","0","27.77","18.22"
"10","004","00","012","1207","0398","144","96","48","19","163","289","0","56.4","33.22"
"10","004","00","013","0000","0000","1564","1217","347","87","1651","3997","4802","41.31","30.45"
"10","004","00","013","1301","0000","618","469","149","41","659","1385","0","47.58","33.86"
"10","004","00","013","1301","0399","328","250","78","29","357","672","0","53.13","37.2"
"10","004","00","013","1301","0400","290","219","71","12","302","713","0","42.36","30.72"
"10","004","00","013","1302","0000","277","216","61","4","281","727","0","38.65","29.71"
"10","004","00","013","1302","0403","277","216","61","4","281","727","0","38.65","29.71"
"10","004","00","013","1303","0000","137","107","30","9","146","395","0","36.96","27.09"
"10","004","00","013","1303","0404","137","107","30","9","146","395","0","36.96","27.09"
"10","004","00","013","1304","0000","532","425","107","33","565","1490","0","37.92","28.52"
"10","004","00","013","1304","0401","190","151","39","7","197","594","0","33.16","25.42"
"10","004","00","013","1304","0402","342","274","68","26","368","896","0","41.07","30.58"
"10","005","00","000","0000","0000","242012","188547","53465","19013","261025","461580","549798","56.55","40.85"
"10","005","00","001","0000","0000","40287","32286","8001","2503","42790","74249","88300","57.63","43.48"
"10","005","00","001","0101","0000","588","484","104","36","624","1087","0","57.41","44.53"
"10","005","00","001","0101","0001","588","484","104","36","624","1087","0","57.41","44.53"
"10","005","00","001","0102","0000","2320","1887","433","118","2438","4075","0","59.83","46.31"
"10","005","00","001","0102","0049","609","483","126","34","643","1003","0","64.11","48.16"
"10","005","00","001","0102","0050","562","444","118","17","579","1000","0","57.9","44.4"
"10","005","00","001","0102","0051","561","463","98","29","590","1047","0","56.35","44.22"
"10","005","00","001","0102","0052","588","497","91","38","626","1025","0","61.07","48.49"
"10","005","00","001","0103","0000","529","436","93","42","571","1018","0","56.09","42.83"
"10","005","00","001","0103","0002","529","436","93","42","571","1018","0","56.09","42.83"
"10","005","00","001","0104","0000","1263","1032","231","83","1346","2234","0","60.25","46.2"
"10","005","00","001","0104","0009","623","513","110","36","659","1115","0","59.1","46.01"
"10","005","00","001","0104","0010","640","519","121","47","687","1119","0","61.39","46.38"
"10","005","00","001","0105","0000","2068","1658","410","124","2192","3685","0","59.48","44.99"
"10","005","00","001","0105","0011","646","509","137","50","696","1132","0","61.48","44.96"
"10","005","00","001","0105","0012","706","572","134","33","739","1289","0","57.33","44.38"
"10","005","00","001","0105","0013","716","577","139","41","757","1264","0","59.89","45.65"
"10","005","00","001","0106","0000","2074","1672","402","143","2217","3702","0","59.89","45.16"
"10","005","00","001","0106","0006","682","545","137","38","720","1203","0","59.85","45.3"
"10","005","00","001","0106","0007","724","600","124","53","777","1306","0","59.49","45.94"
"10","005","00","001","0106","0008","668","527","141","52","720","1193","0","60.35","44.17"
"10","005","00","001","0107","0000","1790","1429","361","99","1889","3358","0","56.25","42.56"
"10","005","00","001","0107","0003","630","482","148","21","651","1156","0","56.31","41.7"
"10","005","00","001","0107","0004","577","479","98","32","609","1118","0","54.47","42.84"
"10","005","00","001","0107","0005","583","468","115","46","629","1084","0","58.03","43.17"
"10","005","00","001","0108","0000","466","369","97","26","492","870","0","56.55","42.41"
"10","005","00","001","0108","0014","466","369","97","26","492","870","0","56.55","42.41"
"10","005","00","001","0109","0000","1627","1310","317","98","1725","3163","0","54.54","41.42"
"10","005","00","001","0109","0015","471","396","75","41","512","1008","0","50.79","39.29"
"10","005","00","001","0109","0016","538","419","119","31","569","1078","0","52.78","38.87"
"10","005","00","001","0109","0017","618","495","123","26","644","1077","0","59.8","45.96"
"10","005","00","001","0110","0000","456","365","91","46","502","894","0","56.15","40.83"
"10","005","00","001","0110","0019","456","365","91","46","502","894","0","56.15","40.83"
"10","005","00","001","0111","0000","273","224","49","29","302","522","0","57.85","42.91"
"10","005","00","001","0111","0020","273","224","49","29","302","522","0","57.85","42.91"
"10","005","00","001","0112","0000","465","374","91","41","506","880","0","57.5","42.5"
"10","005","00","001","0112","0018","465","374","91","41","506","880","0","57.5","42.5"
"10","005","00","001","0113","0000","2251","1756","495","153","2404","3964","0","60.65","44.3"
"10","005","00","001","0113","0024","661","530","131","48","709","1272","0","55.74","41.67"
"10","005","00","001","0113","0025","667","499","168","47","714","1112","0","64.21","44.87"
"10","005","00","001","0113","0026","519","413","106","25","544","813","0","66.91","50.8"
"10","005","00","001","0113","0027","404","314","90","33","437","767","0","56.98","40.94"
"10","005","00","001","0114","0000","799","615","184","70","869","1376","0","63.15","44.69"
"10","005","00","001","0114","0021","799","615","184","70","869","1376","0","63.15","44.69"
"10","005","00","001","0115","0000","925","738","187","51","976","1597","0","61.11","46.21"
"10","005","00","001","0115","0031","348","286","62","16","364","607","0","59.97","47.12"
"10","005","00","001","0115","0032","577","452","125","35","612","990","0","61.82","45.66"
"10","005","00","001","0116","0000","2694","2193","501","204","2898","5087","0","56.97","43.11"
"10","005","00","001","0116","0033","598","486","112","71","669","1230","0","54.39","39.51"
"10","005","00","001","0116","0034","754","601","153","41","795","1372","0","57.94","43.8"
"10","005","00","001","0116","0035","663","546","117","47","710","1213","0","58.53","45.01"
"10","005","00","001","0116","0036","679","560","119","45","724","1272","0","56.92","44.03"
"10","005","00","001","0117","0000","1696","1365","331","89","1785","3157","0","56.54","43.24"
"10","005","00","001","0117","0028","535","420","115","29","564","1010","0","55.84","41.58"
"10","005","00","001","0117","0029","632","519","113","35","667","1182","0","56.43","43.91"
"10","005","00","001","0117","0030","529","426","103","25","554","965","0","57.41","44.15"
"10","005","00","001","0118","0000","1897","1497","400","100","1997","3496","0","57.12","42.82"
"10","005","00","001","0118","0037","697","558","139","51","748","1221","0","61.26","45.7"
"10","005","00","001","0118","0038","607","474","133","37","644","1104","0","58.33","42.93"
"10","005","00","001","0118","0039","593","465","128","12","605","1171","0","51.67","39.71"
"10","005","00","001","0119","0000","2227","1725","502","154","2381","4135","0","57.58","41.72"
"10","005","00","001","0119","0040","733","581","152","50","783","1392","0","56.25","41.74"
"10","005","00","001","0119","0041","755","569","186","40","795","1356","0","58.63","41.96"
"10","005","00","001","0119","0042","739","575","164","64","803","1387","0","57.89","41.46"
"10","005","00","001","0120","0000","604","492","112","43","647","1180","0","54.83","41.69"
"10","005","00","001","0120","0063","604","492","112","43","647","1180","0","54.83","41.69"
"10","005","00","001","0121","0000","2041","1623","418","110","2151","3644","0","59.03","44.54"
"10","005","00","001","0121","0057","652","519","133","39","691","1125","0","61.42","46.13"
"10","005","00","001","0121","0058","662","522","140","33","695","1241","0","56.0","42.06"
"10","005","00","001","0121","0059","727","582","145","38","765","1278","0","59.86","45.54"
"10","005","00","001","0122","0000","2629","2131","498","162","2791","5200","0","53.67","40.98"
"10","005","00","001","0122","0053","573","464","109","36","609","1130","0","53.89","41.06"
"10","005","00","001","0122","0054","620","508","112","34","654","1146","0","57.07","44.33"
"10","005","00","001","0122","0055","778","629","149","57","835","1432","0","58.31","43.92"
"10","005","00","001","0122","0056","658","530","128","35","693","1492","0","46.45","35.52"
"10","005","00","001","0123","0000","1311","1054","257","84","1395","2472","0","56.43","42.64"
"10","005","00","001","0123","0022","722","596","126","27","749","1391","0","53.85","42.85"
"10","005","00","001","0123","0023","589","458","131","57","646","1081","0","59.76","42.37"
"10","005","00","001","0124","0000","800","634","166","56","856","1665","0","51.41","38.08"
"10","005","00","001","0124","0066","397","312","85","29","426","796","0","53.52","39.2"
"10","005","00","001","0124","0067","403","322","81","27","430","869","0","49.48","37.05"
"10","005","00","001","0125","0000","1875","1474","401","108","1983","3412","0","58.12","43.2"
"10","005","00","001","0125","0043","637","510","127","37","674","1206","0","55.89","42.29"
"10","005","00","001","0125","0044","598","469","129","38","636","1004","0","63.35","46.71"
"10","005","00","001","0125","0045","640","495","145","33","673","1202","0","55.99","41.18"
"10","005","00","001","0126","0000","1751","1424","327","83","1834","2900","0","63.24","49.1"
"10","005","00","001","0126","0046","611","494","117","31","642","1052","0","61.03","46.96"
"10","005","00","001","0126","0047","513","420","93","26","539","873","0","61.74","48.11"
"10","005","00","001","0126","0048","627","510","117","26","653","975","0","66.97","52.31"
"10","005","00","001","0127","0000","1062","863","199","56","1118","1984","0","56.35","43.5"
"10","005","00","001","0127","0064","605","477","128","31","636","1072","0","59.33","44.5"
"10","005","00","001","0127","0065","457","386","71","25","482","912","0","52.85","42.32"
"10","005","00","001","0128","0000","1806","1462","344","95","1901","3492","0","54.44","41.87"
"10","005","00","001","0128","0060","691","579","112","23","714","1293","0","55.22","44.78"
"10","005","00","001","0128","0061","674","547","127","35","709","1342","0","52.83","40.76"
"10","005","00","001","0128","0062","441","336","105","37","478","857","0","55.78","39.21"
"10","005","00","002","0000","0000","20135","14932","5203","1912","22047","38890","45367","56.69","38.4"
"10","005","00","002","0201","0000","1199","882","317","97","1296","2219","0","58.4","39.75"
"10","005","00","002","0201","0183","470","331","139","53","523","873","0","59.91","37.92"
"10","005","00","002","0201","0184","729","551","178","44","773","1346","0","57.43","40.94"
"10","005","00","002","0202","0000","864","643","221","86","950","1566","0","60.66","41.06"
"10","005","00","002","0202","0185","562","424","138","68","630","951","0","66.25","44.58"
"10","005","00","002","0202","0186","302","219","83","18","320","615","0","52.03","35.61"
"10","005","00","002","0203","0000","475","358","117","73","548","878","0","62.41","40.77"
"10","005","00","002","0203","0187","475","358","117","73","548","878","0","62.41","40.77"
"10","005","00","002","0204","0000","829","617","212","72","901","1543","0","58.39","39.99"
"10","005","00","002","0204","0188","436","330","106","32","468","767","0","61.02","43.02"
"10","005","00","002","0204","0189","393","287","106","40","433","776","0","55.8","36.98"
"10","005","00","002","0205","0000","560","424","136","74","634","1231","0","51.5","34.44"
"10","005","00","002","0205","0190","560","424","136","74","634","1231","0","51.5","34.44"
"10","005","00","002","0206","0000","1045","779","266","92","1137","1995","0","56.99","39.05"
"10","005","00","002","0206","0191","620","467","153","52","672","1145","0","58.69","40.79"
"10","005","00","002","0206","0192","425","312","113","40","465","850","0","54.71","36.71"
"10","005","00","002","0207","0000","525","373","152","54","579","1052","0","55.04","35.46"
"10","005","00","002","0207","0193","525","373","152","54","579","1052","0","55.04","35.46"
"10","005","00","002","0208","0000","1204","873","331","105","1309","2250","0","58.18","38.8"
"10","005","00","002","0208","0194","595","438","157","44","639","1114","0","57.36","39.32"
"10","005","00","002","0208","0195","609","435","174","61","670","1136","0","58.98","38.29"
"10","005","00","002","0209","0000","2098","1585","513","174","2272","3922","0","57.93","40.41"
"10","005","00","002","0209","0196","620","459","161","44","664","1194","0","55.61","38.44"
"10","005","00","002","0209","0197","838","645","193","62","900","1579","0","57.0","40.85"
"10","005","00","002","0209","0198","640","481","159","68","708","1149","0","61.62","41.86"
"10","005","00","002","0210","0000","1092","802","290","88","1180","2158","0","54.68","37.16"
"10","005","00","002","0210","0199","571","414","157","69","640","1057","0","60.55","39.17"
"10","005","00","002","0210","0200","521","388","133","19","540","1101","0","49.05","35.24"
"10","005","00","002","0211","0000","375","265","110","46","421","912","0","46.16","29.06"
"10","005","00","002","0211","0201","375","265","110","46","421","912","0","46.16","29.06"
"10","005","00","002","0212","0000","314","228","86","50","364","652","0","55.83","34.97"
"10","005","00","002","0212","0202","314","228","86","50","364","652","0","55.83","34.97"
"10","005","00","002","0213","0000","692","529","163","80","772","1348","0","57.27","39.24"
"10","005","00","002","0213","0203","692","529","163","80","772","1348","0","57.27","39.24"
"10","005","00","002","0214","0000","630","468","162","39","669","1395","0","47.96","33.55"
"10","005","00","002","0214","0204","315","217","98","26","341","733","0","46.52","29.6"
"10","005","00","002","0214","0205","315","251","64","13","328","662","0","49.55","37.92"
"10","005","00","002","0215","0000","963","733","230","98","1061","1803","0","58.85","40.65"
"10","005","00","002","0215","0206","465","356","109","51","516","893","0","57.78","39.87"
"10","005","00","002","0215","0207","498","377","121","47","545","910","0","59.89","41.43"
"10","005","00","002","0216","0000","632","465","167","61","693","1270","0","54.57","36.61"
"10","005","00","002","0216","0208","632","465","167","61","693","1270","0","54.57","36.61"
"10","005","00","002","0217","0000","262","210","52","30","292","545","0","53.58","38.53"
"10","005","00","002","0217","0209","262","210","52","30","292","545","0","53.58","38.53"
"10","005","00","002","0218","0000","435","342","93","67","502","792","0","63.38","43.18"
"10","005","00","002","0218","0210","435","342","93","67","502","792","0","63.38","43.18"
"10","005","00","002","0219","0000","1287","980","307","94","1381","2316","0","59.63","42.31"
"10","005","00","002","0219","0218","600","469","131","32","632","1082","0","58.41","43.35"
"10","005","00","002","0219","0219","687","511","176","62","749","1234","0","60.7","41.41"
"10","005","00","002","0220","0000","732","564","168","76","808","1609","0","50.22","35.05"
"10","005","00","002","0220","0212","323","256","67","21","344","827","0","41.6","30.96"
"10","005","00","002","0220","0213","409","308","101","55","464","782","0","59.34","39.39"
"10","005","00","002","0221","0000","827","527","300","67","894","1634","0","54.71","32.25"
"10","005","00","002","0221","0214","406","207","199","28","434","788","0","55.08","26.27"
"10","005","00","002","0221","0215","421","320","101","39","460","846","0","54.37","37.83"
"10","005","00","002","0222","0000","953","721","232","101","1054","1771","0","59.51","40.71"
"10","005","00","002","0222","0216","449","329","120","55","504","828","0","60.87","39.73"
"10","005","00","002","0222","0217","504","392","112","46","550","943","0","58.32","41.57"
"10","005","00","002","0223","0000","381","272","109","36","417","726","0","57.44","37.47"
"10","005","00","002","0223","0211","381","272","109","36","417","726","0","57.44","37.47"
"10","005","00","002","0224","0000","721","550","171","62","783","1434","0","54.6","38.35"
"10","005","00","002","0224","0220","721","550","171","62","783","1434","0","54.6","38.35"
"10","005","00","002","0225","0000","1040","742","298","90","1130","1869","0","60.46","39.7"
"10","005","00","002","0225","0221","523","393","130","45","568","987","0","57.55","39.82"
"10","005","00","002","0225","0222","517","349","168","45","562","882","0","63.72","39.57"
"10","005","00","003","0000","0000","14358","10444","3914","1525","15883","29709","34122","53.46","35.15"
"10","005","00","003","0301","0000","580","427","153","71","651","1142","0","57.01","37.39"
"10","005","00","003","0301","0149","580","427","153","71","651","1142","0","57.01","37.39"
"10","005","00","003","0302","0000","1030","741","289","134","1164","1952","0","59.63","37.96"
"10","005","00","003","0302","0150","508","352","156","65","573","884","0","64.82","39.82"
"10","005","00","003","0302","0151","522","389","133","69","591","1068","0","55.34","36.42"
"10","005","00","003","0303","0000","1024","747","277","101","1125","1868","0","60.22","39.99"
"10","005","00","003","0303","0152","516","380","136","48","564","1009","0","55.9","37.66"
"10","005","00","003","0303","0153","508","367","141","53","561","859","0","65.31","42.72"
"10","005","00","003","0304","0000","820","596","224","80","900","1551","0","58.03","38.43"
"10","005","00","003","0304","0157","449","321","128","54","503","761","0","66.1","42.18"
"10","005","00","003","0304","0158","371","275","96","26","397","790","0","50.25","34.81"
"10","005","00","003","0305","0000","351","260","91","57","408","686","0","59.48","37.9"
"10","005","00","003","0305","0156","351","260","91","57","408","686","0","59.48","37.9"
"10","005","00","003","0306","0000","1287","944","343","178","1465","2709","0","54.08","34.85"
"10","005","00","003","0306","0159","472","337","135","58","530","966","0","54.87","34.89"
"10","005","00","003","0306","0160","431","319","112","72","503","972","0","51.75","32.82"
"10","005","00","003","0306","0161","384","288","96","48","432","771","0","56.03","37.35"
"10","005","00","003","0307","0000","318","215","103","28","346","684","0","50.58","31.43"
"10","005","00","003","0307","0168","318","215","103","28","346","684","0","50.58","31.43"
"10","005","00","003","0308","0000","395","311","84","44","439","943","0","46.55","32.98"
"10","005","00","003","0308","0169","395","311","84","44","439","943","0","46.55","32.98"
"10","005","00","003","0309","0000","416","95","321","61","477","790","0","60.38","12.03"
"10","005","00","003","0309","0170","416","95","321","61","477","790","0","60.38","12.03"
"10","005","00","003","0310","0000","262","199","63","15","277","673","0","41.16","29.57"
"10","005","00","003","0310","0171","262","199","63","15","277","673","0","41.16","29.57"
"10","005","00","003","0311","0000","589","446","143","60","649","1232","0","52.68","36.2"
"10","005","00","003","0311","0172","589","446","143","60","649","1232","0","52.68","36.2"
"10","005","00","003","0312","0000","681","505","176","74","755","1286","0","58.71","39.27"
"10","005","00","003","0312","0173","681","505","176","74","755","1286","0","58.71","39.27"
"10","005","00","003","0313","0000","697","518","179","75","772","1418","0","54.44","36.53"
"10","005","00","003","0313","0174","339","248","91","47","386","649","0","59.48","38.21"
"10","005","00","003","0313","0175","358","270","88","28","386","769","0","50.2","35.11"
"10","005","00","003","0314","0000","831","590","241","80","911","1836","0","49.62","32.14"
"10","005","00","003","0314","0162","301","213","88","28","329","758","0","43.4","28.1"
"10","005","00","003","0314","0163","530","377","153","52","582","1078","0","53.99","34.97"
"10","005","00","003","0315","0000","176","124","52","23","199","459","0","43.36","27.02"
"10","005","00","003","0315","0164","176","124","52","23","199","459","0","43.36","27.02"
"10","005","00","003","0316","0000","404","313","91","45","449","894","0","50.22","35.01"
"10","005","00","003","0316","0165","404","313","91","45","449","894","0","50.22","35.01"
"10","005","00","003","0317","0000","149","108","41","10","159","402","0","39.55","26.87"
"10","005","00","003","0317","0166","149","108","41","10","159","402","0","39.55","26.87"
"10","005","00","003","0318","0000","403","287","116","30","433","802","0","53.99","35.79"
"10","005","00","003","0318","0167","403","287","116","30","433","802","0","53.99","35.79"
"10","005","00","003","0319","0000","1060","764","296","145","1205","2286","0","52.71","33.42"
"10","005","00","003","0319","0176","558","398","160","72","630","1148","0","54.88","34.67"
"10","005","00","003","0319","0177","502","366","136","73","575","1138","0","50.53","32.16"
"10","005","00","003","0320","0000","494","367","127","49","543","1121","0","48.44","32.74"
"10","005","00","003","0320","0178","494","367","127","49","543","1121","0","48.44","32.74"
"10","005","00","003","0321","0000","405","296","109","22","427","769","0","55.53","38.49"
"10","005","00","003","0321","0179","405","296","109","22","427","769","0","55.53","38.49"
"10","005","00","003","0322","0000","686","502","184","49","735","1415","0","51.94","35.48"
"10","005","00","003","0322","0180","285","188","97","12","297","616","0","48.21","30.52"
"10","005","00","003","0322","0181","401","314","87","37","438","799","0","54.82","39.3"
"10","005","00","003","0323","0000","340","272","68","33","373","743","0","50.2","36.61"
"10","005","00","003","0323","0182","340","272","68","33","373","743","0","50.2","36.61"
"10","005","00","003","0324","0000","960","817","143","61","1021","2048","0","49.85","39.89"
"10","005","00","003","0324","0154","555","503","52","47","602","1040","0","57.88","48.37"
"10","005","00","003","0324","0155","405","314","91","14","419","1008","0","41.57","31.15"
"10","005","00","004","0000","0000","35811","28011","7800","2497","38308","68528","86056","55.9","40.88"
"10","005","00","004","0401","0000","1062","810","252","73","1135","1912","0","59.36","42.36"
"10","005","00","004","0401","0270","612","450","162","37","649","1086","0","59.76","41.44"
"10","005","00","004","0401","0271","450","360","90","36","486","826","0","58.84","43.58"
"10","005","00","004","0402","0000","1720","1350","370","176","1896","3302","0","57.42","40.88"
"10","005","00","004","0402","0272","492","378","114","59","551","1051","0","52.43","35.97"
"10","005","00","004","0402","0273","689","561","128","42","731","1235","0","59.19","45.43"
"10","005","00","004","0402","0274","539","411","128","75","614","1016","0","60.43","40.45"
"10","005","00","004","0403","0000","1330","989","341","102","1432","2773","0","51.64","35.67"
"10","005","00","004","0403","0275","735","546","189","62","797","1472","0","54.14","37.09"
"10","005","00","004","0403","0276","595","443","152","40","635","1301","0","48.81","34.05"
"10","005","00","004","0404","0000","2250","1807","443","136","2386","4519","0","52.8","39.99"
"10","005","00","004","0404","0277","740","567","173","41","781","1544","0","50.58","36.72"
"10","005","00","004","0404","0278","794","700","94","36","830","1512","0","54.89","46.3"
"10","005","00","004","0404","0279","716","540","176","59","775","1463","0","52.97","36.91"
"10","005","00","004","0405","0000","2891","2292","599","151","3042","5258","0","57.85","43.59"
"10","005","00","004","0405","0280","532","409","123","35","567","1073","0","52.84","38.12"
"10","005","00","004","0405","0281","800","625","175","35","835","1453","0","57.47","43.01"
"10","005","00","004","0405","0282","713","573","140","39","752","1245","0","60.4","46.02"
"10","005","00","004","0405","0283","846","685","161","42","888","1487","0","59.72","46.07"
"10","005","00","004","0406","0000","1838","1478","360","115","1953","3445","0","56.69","42.9"
"10","005","00","004","0406","0284","557","518","39","40","597","1018","0","58.64","50.88"
"10","005","00","004","0406","0285","625","475","150","31","656","1105","0","59.37","42.99"
"10","005","00","004","0406","0286","656","485","171","44","700","1322","0","52.95","36.69"
"10","005","00","004","0407","0000","1928","1504","424","106","2034","3343","0","60.84","44.99"
"10","005","00","004","0407","0287","638","507","131","24","662","1140","0","58.07","44.47"
"10","005","00","004","0407","0288","620","487","133","35","655","1067","0","61.39","45.64"
"10","005","00","004","0407","0289","670","510","160","47","717","1136","0","63.12","44.89"
"10","005","00","004","0408","0000","1571","1221","350","150","1721","3237","0","53.17","37.72"
"10","005","00","004","0408","0290","607","489","118","46","653","1253","0","52.11","39.03"
"10","005","00","004","0408","0291","455","353","102","57","512","963","0","53.17","36.66"
"10","005","00","004","0408","0292","509","379","130","47","556","1021","0","54.46","37.12"
"10","005","00","004","0409","0000","1154","932","222","85","1239","2111","0","58.69","44.15"
"10","005","00","004","0409","0297","513","407","106","49","562","989","0","56.83","41.15"
"10","005","00","004","0409","0298","641","525","116","36","677","1122","0","60.34","46.79"
"10","005","00","004","0410","0000","2238","1893","345","159","2397","4607","0","52.03","41.09"
"10","005","00","004","0410","0299","482","382","100","41","523","1111","0","47.07","34.38"
"10","005","00","004","0410","0300","553","453","100","62","615","1036","0","59.36","43.73"
"10","005","00","004","0410","0301","529","413","116","30","559","1112","0","50.27","37.14"
"10","005","00","004","0410","0302","674","645","29","26","700","1348","0","51.93","47.85"
"10","005","00","004","0411","0000","598","461","137","53","651","1059","0","61.47","43.53"
"10","005","00","004","0411","0306","598","461","137","53","651","1059","0","61.47","43.53"
"10","005","00","004","0412","0000","1560","1181","379","110","1670","2834","0","58.93","41.67"
"10","005","00","004","0412","0307","476","348","128","40","516","869","0","59.38","40.05"
"10","005","00","004","0412","0308","412","311","101","30","442","800","0","55.25","38.88"
"10","005","00","004","0412","0309","672","522","150","40","712","1165","0","61.12","44.81"
"10","005","00","004","0413","0000","775","572","203","60","835","1468","0","56.88","38.96"
"10","005","00","004","0413","0310","428","330","98","36","464","791","0","58.66","41.72"
"10","005","00","004","0413","0311","347","242","105","24","371","677","0","54.8","35.75"
"10","005","00","004","0414","0000","1073","857","216","95","1168","1988","0","58.75","43.11"
"10","005","00","004","0414","0312","464","377","87","53","517","797","0","64.87","47.3"
"10","005","00","004","0414","0313","609","480","129","42","651","1191","0","54.66","40.3"
"10","005","00","004","0415","0000","510","387","123","22","532","1027","0","51.8","37.68"
"10","005","00","004","0415","0314","510","387","123","22","532","1027","0","51.8","37.68"
"10","005","00","004","0416","0000","2039","1595","444","137","2176","3935","0","55.3","40.53"
"10","005","00","004","0416","0315","743","588","155","48","791","1341","0","58.99","43.85"
"10","005","00","004","0416","0316","646","502","144","57","703","1378","0","51.02","36.43"
"10","005","00","004","0416","0317","650","505","145","32","682","1216","0","56.09","41.53"
"10","005","00","004","0417","0000","1081","854","227","72","1153","2108","0","54.7","40.51"
"10","005","00","004","0417","0318","785","628","157","37","822","1570","0","52.36","40.0"
"10","005","00","004","0417","0319","296","226","70","35","331","538","0","61.52","42.01"
"10","005","00","004","0418","0000","523","408","115","21","544","1166","0","46.66","34.99"
"10","005","00","004","0418","0320","523","408","115","21","544","1166","0","46.66","34.99"
"10","005","00","004","0419","0000","2026","1535","491","129","2155","4119","0","52.32","37.27"
"10","005","00","004","0419","0321","741","558","183","34","775","1488","0","52.08","37.5"
"10","005","00","004","0419","0322","693","543","150","26","719","1449","0","49.62","37.47"
"10","005","00","004","0419","0323","592","434","158","69","661","1182","0","55.92","36.72"
"10","005","00","004","0420","0000","1118","845","273","107","1225","2158","0","56.77","39.16"
"10","005","00","004","0420","0324","605","445","160","65","670","1175","0","57.02","37.87"
"10","005","00","004","0420","0325","513","400","113","42","555","983","0","56.46","40.69"
"10","005","00","004","0421","0000","1942","1484","458","144","2086","3715","0","56.15","39.95"
"10","005","00","004","0421","0326","285","230","55","24","309","492","0","62.8","46.75"
"10","005","00","004","0421","0327","581","438","143","41","622","1074","0","57.91","40.78"
"10","005","00","004","0421","0328","420","297","123","48","468","852","0","54.93","34.86"
"10","005","00","004","0421","0329","656","519","137","31","687","1297","0","52.97","40.02"
"10","005","00","004","0422","0000","511","388","123","47","558","1028","0","54.28","37.74"
"10","005","00","004","0422","0330","511","388","123","47","558","1028","0","54.28","37.74"
"10","005","00","004","0423","0000","1704","1311","393","109","1813","3111","0","58.28","42.14"
"10","005","00","004","0423","0303","621","470","151","23","644","1114","0","57.81","42.19"
"10","005","00","004","0423","0304","620","477","143","51","671","1119","0","59.96","42.63"
"10","005","00","004","0423","0305","463","364","99","35","498","878","0","56.72","41.46"
"10","005","00","004","0424","0000","1164","923","241","59","1223","2109","0","57.99","43.76"
"10","005","00","004","0424","0295","702","559","143","41","743","1293","0","57.46","43.23"
"10","005","00","004","0424","0296","462","364","98","18","480","816","0","58.82","44.61"
"10","005","00","004","0425","0000","1205","934","271","79","1284","2196","0","58.47","42.53"
"10","005","00","004","0425","0293","645","501","144","47","692","1154","0","59.97","43.41"
"10","005","00","004","0425","0294","560","433","127","32","592","1042","0","56.81","41.55"
"10","005","00","005","0000","0000","44198","34955","9243","2893","47091","83617","103007","56.32","41.8"
"10","005","00","005","0501","0000","1121","875","246","111","1232","2207","0","55.82","39.65"
"10","005","00","005","0501","0331","442","346","96","55","497","915","0","54.32","37.81"
"10","005","00","005","0501","0332","679","529","150","56","735","1292","0","56.89","40.94"
"10","005","00","005","0502","0000","910","715","195","44","954","1763","0","54.11","40.56"
"10","005","00","005","0502","0333","522","397","125","30","552","928","0","59.48","42.78"
"10","005","00","005","0502","0334","388","318","70","14","402","835","0","48.14","38.08"
"10","005","00","005","0503","0000","1462","1132","330","92","1554","2988","0","52.01","37.88"
"10","005","00","005","0503","0335","551","430","121","36","587","1070","0","54.86","40.19"
"10","005","00","005","0503","0336","417","322","95","12","429","879","0","48.81","36.63"
"10","005","00","005","0503","0337","494","380","114","44","538","1039","0","51.78","36.57"
"10","005","00","005","0504","0000","1846","1463","383","171","2017","3716","0","54.28","39.37"
"10","005","00","005","0504","0338","597","477","120","61","658","1129","0","58.28","42.25"
"10","005","00","005","0504","0339","534","421","113","38","572","1041","0","54.95","40.44"
"10","005","00","005","0504","0340","715","565","150","72","787","1546","0","50.91","36.55"
"10","005","00","005","0505","0000","2222","1744","478","140","2362","4361","0","54.16","39.99"
"10","005","00","005","0505","0341","547","429","118","38","585","935","0","62.57","45.88"
"10","005","00","005","0505","0342","574","422","152","43","617","1180","0","52.29","35.76"
"10","005","00","005","0505","0343","716","577","139","40","756","1499","0","50.43","38.49"
"10","005","00","005","0505","0344","385","316","69","19","404","747","0","54.08","42.3"
"10","005","00","005","0506","0000","1330","1058","272","92","1422","2599","0","54.71","40.71"
"10","005","00","005","0506","0345","713","563","150","35","748","1406","0","53.2","40.04"
"10","005","00","005","0506","0346","617","495","122","57","674","1193","0","56.5","41.49"
"10","005","00","005","0507","0000","518","384","134","34","552","948","0","58.23","40.51"
"10","005","00","005","0507","0347","518","384","134","34","552","948","0","58.23","40.51"
"10","005","00","005","0508","0000","1724","1351","373","103","1827","3297","0","55.41","40.98"
"10","005","00","005","0508","0348","438","346","92","26","464","869","0","53.39","39.82"
"10","005","00","005","0508","0349","616","485","131","49","665","1142","0","58.23","42.47"
"10","005","00","005","0508","0350","670","520","150","28","698","1286","0","54.28","40.44"
"10","005","00","005","0509","0000","1757","1435","322","100","1857","3105","0","59.81","46.22"
"10","005","00","005","0509","0351","501","399","102","33","534","903","0","59.14","44.19"
"10","005","00","005","0509","0352","694","567","127","41","735","1186","0","61.97","47.81"
"10","005","00","005","0509","0353","562","469","93","26","588","1016","0","57.87","46.16"
"10","005","00","005","0510","0000","847","671","176","77","924","1536","0","60.16","43.68"
"10","005","00","005","0510","0357","481","401","80","37","518","890","0","58.2","45.06"
"10","005","00","005","0510","0358","366","270","96","40","406","646","0","62.85","41.8"
"10","005","00","005","0511","0000","428","340","88","36","464","947","0","49.0","35.9"
"10","005","00","005","0511","0356","428","340","88","36","464","947","0","49.0","35.9"
"10","005","00","005","0512","0000","596","456","140","73","669","1030","0","64.95","44.27"
"10","005","00","005","0512","0363","596","456","140","73","669","1030","0","64.95","44.27"
"10","005","00","005","0513","0000","1007","795","212","62","1069","1968","0","54.32","40.4"
"10","005","00","005","0513","0384","552","440","112","31","583","1121","0","52.01","39.25"
"10","005","00","005","0513","0385","455","355","100","31","486","847","0","57.38","41.91"
"10","005","00","005","0514","0000","1695","1392","303","120","1815","3454","0","52.55","40.3"
"10","005","00","005","0514","0388","772","634","138","54","826","1655","0","49.91","38.31"
"10","005","00","005","0514","0389","923","758","165","66","989","1799","0","54.97","42.13"
"10","005","00","005","0515","0000","2194","1728","466","117","2311","3884","0","59.5","44.49"
"10","005","00","005","0515","0367","753","596","157","44","797","1326","0","60.11","44.95"
"10","005","00","005","0515","0368","768","614","154","32","800","1270","0","62.99","48.35"
"10","005","00","005","0515","0369","673","518","155","41","714","1288","0","55.43","40.22"
"10","005","00","005","0516","0000","2049","1655","394","99","2148","3830","0","56.08","43.21"
"10","005","00","005","0516","0364","731","569","162","40","771","1338","0","57.62","42.53"
"10","005","00","005","0516","0365","736","599","137","36","772","1450","0","53.24","41.31"
"10","005","00","005","0516","0366","582","487","95","23","605","1042","0","58.06","46.74"
"10","005","00","005","0517","0000","1614","1326","288","83","1697","3125","0","54.3","42.43"
"10","005","00","005","0517","0376","846","697","149","39","885","1551","0","57.06","44.94"
"10","005","00","005","0517","0377","768","629","139","44","812","1574","0","51.59","39.96"
"10","005","00","005","0518","0000","1974","1557","417","120","2094","3984","0","52.56","39.08"
"10","005","00","005","0518","0390","626","500","126","36","662","1141","0","58.02","43.82"
"10","005","00","005","0518","0391","729","566","163","52","781","1431","0","54.58","39.55"
"10","005","00","005","0518","0392","619","491","128","32","651","1412","0","46.1","34.77"
"10","005","00","005","0519","0000","744","554","190","55","799","1344","0","59.45","41.22"
"10","005","00","005","0519","0395","744","554","190","55","799","1344","0","59.45","41.22"
"10","005","00","005","0520","0000","898","674","224","70","968","1990","0","48.64","33.87"
"10","005","00","005","0520","0359","527","390","137","49","576","975","0","59.08","40.0"
"10","005","00","005","0520","0360","371","284","87","21","392","1015","0","38.62","27.98"
"10","005","00","005","0521","0000","1436","1134","302","109","1545","2542","0","60.78","44.61"
"10","005","00","005","0521","0361","799","627","172","59","858","1399","0","61.33","44.82"
"10","005","00","005","0521","0362","637","507","130","50","687","1143","0","60.1","44.36"
"10","005","00","005","0522","0000","782","614","168","61","843","1363","0","61.85","45.05"
"10","005","00","005","0522","0396","782","614","168","61","843","1363","0","61.85","45.05"
"10","005","00","005","0523","0000","1384","1076","308","99","1483","2595","0","57.15","41.46"
"10","005","00","005","0523","0398","648","507","141","62","710","1182","0","60.07","42.89"
"10","005","00","005","0523","0399","736","569","167","37","773","1413","0","54.71","40.27"
"10","005","00","005","0524","0000","518","414","104","45","563","898","0","62.69","46.1"
"10","005","00","005","0524","0397","518","414","104","45","563","898","0","62.69","46.1"
"10","005","00","005","0525","0000","1236","948","288","73","1309","2171","0","60.29","43.67"
"10","005","00","005","0525","0400","586","453","133","30","616","991","0","62.16","45.71"
"10","005","00","005","0525","0401","650","495","155","43","693","1180","0","58.73","41.95"
"10","005","00","005","0526","0000","1102","863","239","64","1166","2048","0","56.93","42.14"
"10","005","00","005","0526","0386","570","446","124","28","598","993","0","60.22","44.91"
"10","005","00","005","0526","0387","532","417","115","36","568","1055","0","53.84","39.53"
"10","005","00","005","0527","0000","1226","986","240","81","1307","2319","0","56.36","42.52"
"10","005","00","005","0527","0393","525","416","109","39","564","1074","0","52.51","38.73"
"10","005","00","005","0527","0394","701","570","131","42","743","1245","0","59.68","45.78"
"10","005","00","005","0528","0000","1997","1581","416","124","2121","3507","0","60.48","45.08"
"10","005","00","005","0528","0378","699","540","159","40","739","1262","0","58.56","42.79"
"10","005","00","005","0528","0379","643","523","120","43","686","1171","0","58.58","44.66"
"10","005","00","005","0528","0380","655","518","137","41","696","1074","0","64.8","48.23"
"10","005","00","005","0529","0000","1963","1525","438","111","2074","3586","0","57.84","42.53"
"10","005","00","005","0529","0381","656","521","135","32","688","1141","0","60.3","45.66"
"10","005","00","005","0529","0382","686","519","167","45","731","1259","0","58.06","41.22"
"10","005","00","005","0529","0383","621","485","136","34","655","1186","0","55.23","40.89"
"10","005","00","005","0530","0000","1073","855","218","62","1135","2022","0","56.13","42.28"
"10","005","00","005","0530","0354","524","414","110","35","559","985","0","56.75","42.03"
"10","005","00","005","0530","0355","549","441","108","27","576","1037","0","55.54","42.53"
"10","005","00","005","0531","0000","1390","1110","280","72","1462","2523","0","57.95","44.0"
"10","005","00","005","0531","0370","676","537","139","36","712","1243","0","57.28","43.2"
"10","005","00","005","0531","0371","714","573","141","36","750","1280","0","58.59","44.77"
"10","005","00","005","0532","0000","1713","1359","354","121","1834","3377","0","54.31","40.24"
"10","005","00","005","0532","0372","828","648","180","74","902","1618","0","55.75","40.05"
"10","005","00","005","0532","0373","885","711","174","47","932","1759","0","52.98","40.42"
"10","005","00","005","0533","0000","1442","1185","257","72","1514","2590","0","58.46","45.75"
"10","005","00","005","0533","0374","709","581","128","40","749","1264","0","59.26","45.97"
"10","005","00","005","0533","0375","733","604","129","32","765","1326","0","57.69","45.55"
"10","005","00","006","0000","0000","15434","11546","3888","1628","17062","30948","36332","55.13","37.31"
"10","005","00","006","0601","0000","806","599","207","92","898","1473","0","60.96","40.67"
"10","005","00","006","0601","0223","304","228","76","36","340","590","0","57.63","38.64"
"10","005","00","006","0601","0224","502","371","131","56","558","883","0","63.19","42.02"
"10","005","00","006","0602","0000","439","336","103","54","493","793","0","62.17","42.37"
"10","005","00","006","0602","0225","439","336","103","54","493","793","0","62.17","42.37"
"10","005","00","006","0603","0000","723","497","226","74","797","1324","0","60.2","37.54"
"10","005","00","006","0603","0226","406","273","133","33","439","732","0","59.97","37.3"
"10","005","00","006","0603","0227","317","224","93","41","358","592","0","60.47","37.84"
"10","005","00","006","0604","0000","2219","1665","554","176","2395","4218","0","56.78","39.47"
"10","005","00","006","0604","0228","613","456","157","50","663","1113","0","59.57","40.97"
"10","005","00","006","0604","0229","625","474","151","52","677","1195","0","56.65","39.67"
"10","005","00","006","0604","0230","572","434","138","48","620","997","0","62.19","43.53"
"10","005","00","006","0604","0231","409","301","108","26","435","913","0","47.65","32.97"
"10","005","00","006","0605","0000","1168","891","277","107","1275","2304","0","55.34","38.67"
"10","005","00","006","0605","0246","579","433","146","46","625","1107","0","56.46","39.11"
"10","005","00","006","0605","0247","589","458","131","61","650","1197","0","54.3","38.26"
"10","005","00","006","0606","0000","783","620","163","68","851","1216","0","69.98","50.99"
"10","005","00","006","0606","0236","783","620","163","68","851","1216","0","69.98","50.99"
"10","005","00","006","0607","0000","497","396","101","36","533","977","0","54.55","40.53"
"10","005","00","006","0607","0237","497","396","101","36","533","977","0","54.55","40.53"
"10","005","00","006","0608","0000","1304","973","331","166","1470","2704","0","54.36","35.98"
"10","005","00","006","0608","0238","420","305","115","55","475","943","0","50.37","32.34"
"10","005","00","006","0608","0239","455","328","127","66","521","910","0","57.25","36.04"
"10","005","00","006","0608","0240","429","340","89","45","474","851","0","55.7","39.95"
"10","005","00","006","0609","0000","767","562","205","70","837","1375","0","60.87","40.87"
"10","005","00","006","0609","0241","421","301","120","27","448","725","0","61.79","41.52"
"10","005","00","006","0609","0242","346","261","85","43","389","650","0","59.85","40.15"
"10","005","00","006","0610","0000","321","231","90","45","366","706","0","51.84","32.72"
"10","005","00","006","0610","0243","321","231","90","45","366","706","0","51.84","32.72"
"10","005","00","006","0611","0000","705","513","192","67","772","1489","0","51.85","34.45"
"10","005","00","006","0611","0232","298","213","85","37","335","641","0","52.26","33.23"
"10","005","00","006","0611","0233","407","300","107","30","437","848","0","51.53","35.38"
"10","005","00","006","0612","0000","710","490","220","95","805","1549","0","51.97","31.63"
"10","005","00","006","0612","0244","381","259","122","50","431","748","0","57.62","34.63"
"10","005","00","006","0612","0245","329","231","98","45","374","801","0","46.69","28.84"
"10","005","00","006","0613","0000","609","451","158","94","703","1264","0","55.62","35.68"
"10","005","00","006","0613","0234","609","451","158","94","703","1264","0","55.62","35.68"
"10","005","00","006","0614","0000","447","339","108","42","489","965","0","50.67","35.13"
"10","005","00","006","0614","0235","447","339","108","42","489","965","0","50.67","35.13"
"10","005","00","006","0615","0000","479","370","109","48","527","1036","0","50.87","35.71"
"10","005","00","006","0615","0248","479","370","109","48","527","1036","0","50.87","35.71"
"10","005","00","006","0616","0000","365","260","105","45","410","913","0","44.91","28.48"
"10","005","00","006","0616","0249","365","260","105","45","410","913","0","44.91","28.48"
"10","005","00","006","0617","0000","385","287","98","55","440","719","0","61.2","39.92"
"10","005","00","006","0617","0250","385","287","98","55","440","719","0","61.2","39.92"
"10","005","00","006","0618","0000","497","380","117","102","599","1037","0","57.76","36.64"
"10","005","00","006","0618","0251","497","380","117","102","599","1037","0","57.76","36.64"
"10","005","00","006","0619","0000","285","218","67","21","306","601","0","50.92","36.27"
"10","005","00","006","0619","0252","285","218","67","21","306","601","0","50.92","36.27"
"10","005","00","006","0620","0000","619","495","124","48","667","1269","0","52.56","39.01"
"10","005","00","006","0620","0253","619","495","124","48","667","1269","0","52.56","39.01"
"10","005","00","006","0621","0000","326","240","86","30","356","735","0","48.44","32.65"
"10","005","00","006","0621","0254","326","240","86","30","356","735","0","48.44","32.65"
"10","005","00","006","0622","0000","463","345","118","36","499","1047","0","47.66","32.95"
"10","005","00","006","0622","0255","133","92","41","11","144","422","0","34.12","21.8"
"10","005","00","006","0622","0256","330","253","77","25","355","625","0","56.8","40.48"
"10","005","00","006","0623","0000","517","388","129","57","574","1234","0","46.52","31.44"
"10","005","00","006","0623","0257","517","388","129","57","574","1234","0","46.52","31.44"
"10","005","00","007","0000","0000","7903","6104","1799","650","8553","14772","16818","57.9","41.32"
"10","005","00","007","0701","0000","415","319","96","32","447","745","0","60.0","42.82"
"10","005","00","007","0701","0445","415","319","96","32","447","745","0","60.0","42.82"
"10","005","00","007","0702","0000","728","549","179","57","785","1528","0","51.37","35.93"
"10","005","00","007","0702","0446","392","299","93","38","430","783","0","54.92","38.19"
"10","005","00","007","0702","0447","336","250","86","19","355","745","0","47.65","33.56"
"10","005","00","007","0703","0000","1182","918","264","117","1299","2079","0","62.48","44.16"
"10","005","00","007","0703","0451","488","369","119","46","534","865","0","61.73","42.66"
"10","005","00","007","0703","0452","479","378","101","42","521","828","0","62.92","45.65"
"10","005","00","007","0703","0453","215","171","44","29","244","386","0","63.21","44.3"
"10","005","00","007","0704","0000","464","356","108","23","487","999","0","48.75","35.64"
"10","005","00","007","0704","0448","464","356","108","23","487","999","0","48.75","35.64"
"10","005","00","007","0705","0000","423","351","72","38","461","757","0","60.9","46.37"
"10","005","00","007","0705","0449","381","312","69","37","418","671","0","62.3","46.5"
"10","005","00","007","0705","0459","42","39","3","1","43","86","0","50.0","45.35"
"10","005","00","007","0706","0000","489","389","100","19","508","940","0","54.04","41.38"
"10","005","00","007","0706","0460","489","389","100","19","508","940","0","54.04","41.38"
"10","005","00","007","0707","0000","1064","829","235","93","1157","1978","0","58.49","41.91"
"10","005","00","007","0707","0442","551","436","115","34","585","961","0","60.87","45.37"
"10","005","00","007","0707","0443","513","393","120","59","572","1017","0","56.24","38.64"
"10","005","00","007","0708","0000","640","471","169","64","704","1095","0","64.29","43.01"
"10","005","00","007","0708","0444","640","471","169","64","704","1095","0","64.29","43.01"
"10","005","00","007","0709","0000","1256","946","310","112","1368","2209","0","61.93","42.82"
"10","005","00","007","0709","0454","407","319","88","37","444","688","0","64.53","46.37"
"10","005","00","007","0709","0455","448","319","129","46","494","792","0","62.37","40.28"
"10","005","00","007","0709","0456","401","308","93","29","430","729","0","58.98","42.25"
"10","005","00","007","0710","0000","425","335","90","54","479","734","0","65.26","45.64"
"10","005","00","007","0710","0450","425","335","90","54","479","734","0","65.26","45.64"
"10","005","00","007","0711","0000","817","641","176","41","858","1708","0","50.23","37.53"
"10","005","00","007","0711","0457","482","364","118","30","512","1093","0","46.84","33.3"
"10","005","00","007","0711","0458","335","277","58","11","346","615","0","56.26","45.04"
"10","005","00","008","0000","0000","6176","4829","1347","566","6742","12653","14521","53.28","38.16"
"10","005","00","008","0801","0000","834","654","180","55","889","1625","0","54.71","40.25"
"10","005","00","008","0801","0420","379","284","95","24","403","744","0","54.17","38.17"
"10","005","00","008","0801","0421","455","370","85","31","486","881","0","55.16","42.0"
"10","005","00","008","0802","0000","295","240","55","44","339","596","0","56.88","40.27"
"10","005","00","008","0802","0422","295","240","55","44","339","596","0","56.88","40.27"
"10","005","00","008","0803","0000","893","727","166","72","965","1790","0","53.91","40.61"
"10","005","00","008","0803","0424","426","348","78","29","455","867","0","52.48","40.14"
"10","005","00","008","0803","0425","467","379","88","43","510","923","0","55.25","41.06"
"10","005","00","008","0804","0000","670","500","170","67","737","1395","0","52.83","35.84"
"10","005","00","008","0804","0426","670","500","170","67","737","1395","0","52.83","35.84"
"10","005","00","008","0805","0000","183","131","52","20","203","561","0","36.19","23.35"
"10","005","00","008","0805","0427","183","131","52","20","203","561","0","36.19","23.35"
"10","005","00","008","0806","0000","585","449","136","65","650","1260","0","51.59","35.63"
"10","005","00","008","0806","0423","585","449","136","65","650","1260","0","51.59","35.63"
"10","005","00","008","0807","0000","342","266","76","28","370","638","0","57.99","41.69"
"10","005","00","008","0807","0428","342","266","76","28","370","638","0","57.99","41.69"
"10","005","00","008","0808","0000","711","546","165","55","766","1495","0","51.24","36.52"
"10","005","00","008","0808","0431","326","247","79","32","358","652","0","54.91","37.88"
"10","005","00","008","0808","0432","385","299","86","23","408","843","0","48.4","35.47"
"10","005","00","008","0809","0000","355","284","71","44","399","754","0","52.92","37.67"
"10","005","00","008","0809","0429","355","284","71","44","399","754","0","52.92","37.67"
"10","005","00","008","0810","0000","234","171","63","14","248","501","0","49.5","34.13"
"10","005","00","008","0810","0430","234","171","63","14","248","501","0","49.5","34.13"
"10","005","00","008","0811","0000","528","419","109","69","597","1020","0","58.53","41.08"
"10","005","00","008","0811","0433","528","419","109","69","597","1020","0","58.53","41.08"
"10","005","00","008","0812","0000","546","442","104","33","579","1018","0","56.88","43.42"
"10","005","00","008","0812","0434","546","442","104","33","579","1018","0","56.88","43.42"
"10","005","00","009","0000","0000","15343","11979","3364","1361","16704","28318","33327","58.99","42.3"
"10","005","00","009","0901","0000","951","744","207","92","1043","1581","0","65.97","47.06"
"10","005","00","009","0901","0068","459","349","110","62","521","789","0","66.03","44.23"
"10","005","00","009","0901","0069","492","395","97","30","522","792","0","65.91","49.87"
"10","005","00","009","0902","0000","1360","1025","335","133","1493","2372","0","62.94","43.21"
"10","005","00","009","0902","0070","637","468","169","71","708","1117","0","63.38","41.9"
"10","005","00","009","0902","0071","723","557","166","62","785","1255","0","62.55","44.38"
"10","005","00","009","0903","0000","1942","1519","423","123","2065","3413","0","60.5","44.51"
"10","005","00","009","0903","0072","647","510","137","36","683","1141","0","59.86","44.7"
"10","005","00","009","0903","0073","645","510","135","42","687","1172","0","58.62","43.52"
"10","005","00","009","0903","0074","650","499","151","45","695","1100","0","63.18","45.36"
"10","005","00","009","0904","0000","490","384","106","63","553","964","0","57.37","39.83"
"10","005","00","009","0904","0079","490","384","106","63","553","964","0","57.37","39.83"
"10","005","00","009","0905","0000","1117","886","231","104","1221","2313","0","52.79","38.31"
"10","005","00","009","0905","0075","604","480","124","48","652","1232","0","52.92","38.96"
"10","005","00","009","0905","0076","513","406","107","56","569","1081","0","52.64","37.56"
"10","005","00","009","0906","0000","1310","1060","250","96","1406","2331","0","60.32","45.47"
"10","005","00","009","0906","0077","729","610","119","46","775","1250","0","62.0","48.8"
"10","005","00","009","0906","0078","581","450","131","50","631","1081","0","58.37","41.63"
"10","005","00","009","0907","0000","801","626","175","63","864","1507","0","57.33","41.54"
"10","005","00","009","0907","0084","404","323","81","25","429","719","0","59.67","44.92"
"10","005","00","009","0907","0085","397","303","94","38","435","788","0","55.2","38.45"
"10","005","00","009","0908","0000","580","460","120","57","637","1038","0","61.37","44.32"
"10","005","00","009","0908","0080","580","460","120","57","637","1038","0","61.37","44.32"
"10","005","00","009","0909","0000","1058","811","247","92","1150","2031","0","56.62","39.93"
"10","005","00","009","0909","0082","449","336","113","49","498","865","0","57.57","38.84"
"10","005","00","009","0909","0083","609","475","134","43","652","1166","0","55.92","40.74"
"10","005","00","009","0910","0000","175","138","37","27","202","303","0","66.67","45.54"
"10","005","00","009","0910","0086","175","138","37","27","202","303","0","66.67","45.54"
"10","005","00","009","0911","0000","200","152","48","27","227","360","0","63.06","42.22"
"10","005","00","009","0911","0081","200","152","48","27","227","360","0","63.06","42.22"
"10","005","00","009","0912","0000","1203","928","275","118","1321","2255","0","58.58","41.15"
"10","005","00","009","0912","0087","731","565","166","56","787","1322","0","59.53","42.74"
"10","005","00","009","0912","0088","472","363","109","62","534","933","0","57.23","38.91"
"10","005","00","009","0913","0000","715","573","142","77","792","1455","0","54.43","39.38"
"10","005","00","009","0913","0089","715","573","142","77","792","1455","0","54.43","39.38"
"10","005","00","009","0914","0000","915","708","207","84","999","1615","0","61.86","43.84"
"10","005","00","009","0914","0090","915","708","207","84","999","1615","0","61.86","43.84"
"10","005","00","009","0915","0000","734","565","169","72","806","1451","0","55.55","38.94"
"10","005","00","009","0915","0091","734","565","169","72","806","1451","0","55.55","38.94"
"10","005","00","009","0916","0000","676","504","172","61","737","1317","0","55.96","38.27"
"10","005","00","009","0916","0093","676","504","172","61","737","1317","0","55.96","38.27"
"10","005","00","009","0917","0000","825","651","174","57","882","1462","0","60.33","44.53"
"10","005","00","009","0917","0092","825","651","174","57","882","1462","0","60.33","44.53"
"10","005","00","009","0918","0000","127","112","15","4","131","221","0","59.28","50.68"
"10","005","00","009","0918","0094","127","112","15","4","131","221","0","59.28","50.68"
"10","005","00","009","0919","0000","164","133","31","11","175","329","0","53.19","40.43"
"10","005","00","009","0919","0095","164","133","31","11","175","329","0","53.19","40.43"
"10","005","00","010","0000","0000","8052","6444","1608","584","8636","15424","17922","55.99","41.78"
"10","005","00","010","1001","0000","564","477","87","39","603","1029","0","58.6","46.36"
"10","005","00","010","1001","0114","564","477","87","39","603","1029","0","58.6","46.36"
"10","005","00","010","1002","0000","2521","2014","507","154","2675","4463","0","59.94","45.13"
"10","005","00","010","1002","0108","509","414","95","39","548","887","0","61.78","46.67"
"10","005","00","010","1002","0109","583","465","118","47","630","1052","0","59.89","44.2"
"10","005","00","010","1002","0110","799","635","164","27","826","1347","0","61.32","47.14"
"10","005","00","010","1002","0111","630","500","130","41","671","1177","0","57.01","42.48"
"10","005","00","010","1003","0000","918","752","166","69","987","1655","0","59.64","45.44"
"10","005","00","010","1003","0115","495","421","74","26","521","905","0","57.57","46.52"
"10","005","00","010","1003","0116","423","331","92","43","466","750","0","62.13","44.13"
"10","005","00","010","1004","0000","649","504","145","34","683","1268","0","53.86","39.75"
"10","005","00","010","1004","0112","649","504","145","34","683","1268","0","53.86","39.75"
"10","005","00","010","1005","0000","541","428","113","36","577","1185","0","48.69","36.12"
"10","005","00","010","1005","0113","541","428","113","36","577","1185","0","48.69","36.12"
"10","005","00","010","1006","0000","513","398","115","41","554","1080","0","51.3","36.85"
"10","005","00","010","1006","0117","513","398","115","41","554","1080","0","51.3","36.85"
"10","005","00","010","1007","0000","1575","1272","303","128","1703","3186","0","53.45","39.92"
"10","005","00","010","1007","0118","543","440","103","56","599","1108","0","54.06","39.71"
"10","005","00","010","1007","0119","417","344","73","40","457","862","0","53.02","39.91"
"10","005","00","010","1007","0120","615","488","127","32","647","1216","0","53.21","40.13"
"10","005","00","010","1008","0000","274","212","62","29","303","588","0","51.53","36.05"
"10","005","00","010","1008","0121","274","212","62","29","303","588","0","51.53","36.05"
"10","005","00","010","1009","0000","202","154","48","32","234","429","0","54.55","35.9"
"10","005","00","010","1009","0122","202","154","48","32","234","429","0","54.55","35.9"
"10","005","00","010","1010","0000","295","233","62","22","317","541","0","58.6","43.07"
"10","005","00","010","1010","0123","295","233","62","22","317","541","0","58.6","43.07"
"10","005","00","011","0000","0000","3918","3033","885","386","4304","8784","10130","49.0","34.53"
"10","005","00","011","1101","0000","570","447","123","69","639","1155","0","55.32","38.7"
"10","005","00","011","1101","0411","570","447","123","69","639","1155","0","55.32","38.7"
"10","005","00","011","1102","0000","321","242","79","44","365","650","0","56.15","37.23"
"10","005","00","011","1102","0412","321","242","79","44","365","650","0","56.15","37.23"
"10","005","00","011","1103","0000","639","486","153","61","700","1353","0","51.74","35.92"
"10","005","00","011","1103","0413","639","486","153","61","700","1353","0","51.74","35.92"
"10","005","00","011","1104","0000","313","249","64","42","355","813","0","43.67","30.63"
"10","005","00","011","1104","0414","313","249","64","42","355","813","0","43.67","30.63"
"10","005","00","011","1105","0000","326","253","73","31","357","837","0","42.65","30.23"
"10","005","00","011","1105","0415","326","253","73","31","357","837","0","42.65","30.23"
"10","005","00","011","1106","0000","540","430","110","33","573","1093","0","52.42","39.34"
"10","005","00","011","1106","0416","540","430","110","33","573","1093","0","52.42","39.34"
"10","005","00","011","1107","0000","515","380","135","55","570","1048","0","54.39","36.26"
"10","005","00","011","1107","0417","515","380","135","55","570","1048","0","54.39","36.26"
"10","005","00","011","1108","0000","406","308","98","40","446","872","0","51.15","35.32"
"10","005","00","011","1108","0418","406","308","98","40","446","872","0","51.15","35.32"
"10","005","00","011","1109","0000","288","238","50","11","299","963","0","31.05","24.71"
"10","005","00","011","1109","0419","288","238","50","11","299","963","0","31.05","24.71"
"10","005","00","012","0000","0000","5694","4533","1161","392","6086","9390","10711","64.81","48.27"
"10","005","00","012","1201","0000","1606","1271","335","114","1720","2503","0","68.72","50.78"
"10","005","00","012","1201","0096","838","652","186","55","893","1335","0","66.89","48.84"
"10","005","00","012","1201","0097","768","619","149","59","827","1168","0","70.8","53.0"
"10","005","00","012","1202","0000","1043","832","211","57","1100","1851","0","59.43","44.95"
"10","005","00","012","1202","0103","479","373","106","25","504","844","0","59.72","44.19"
"10","005","00","012","1202","0104","564","459","105","32","596","1007","0","59.19","45.58"
"10","005","00","012","1203","0000","427","343","84","35","462","725","0","63.72","47.31"
"10","005","00","012","1203","0100","427","343","84","35","462","725","0","63.72","47.31"
"10","005","00","012","1204","0000","1097","874","223","77","1174","1710","0","68.65","51.11"
"10","005","00","012","1204","0098","485","375","110","31","516","792","0","65.15","47.35"
"10","005","00","012","1204","0099","612","499","113","46","658","918","0","71.68","54.36"
"10","005","00","012","1205","0000","529","429","100","25","554","899","0","61.62","47.72"
"10","005","00","012","1205","0101","529","429","100","25","554","899","0","61.62","47.72"
"10","005","00","012","1206","0000","166","128","38","15","181","369","0","49.05","34.69"
"10","005","00","012","1206","0102","166","128","38","15","181","369","0","49.05","34.69"
"10","005","00","012","1207","0000","609","489","120","49","658","1005","0","65.47","48.66"
"10","005","00","012","1207","0105","464","373","91","37","501","794","0","63.1","46.98"
"10","005","00","012","1207","0106","145","116","29","12","157","211","0","74.41","54.98"
"10","005","00","012","1208","0000","217","167","50","20","237","328","0","72.26","50.91"
"10","005","00","012","1208","0107","217","167","50","20","237","328","0","72.26","50.91"
"10","005","00","013","0000","0000","7661","6123","1538","471","8132","13889","16277","58.55","44.09"
"10","005","00","013","1301","0000","2293","1853","440","136","2429","4132","0","58.79","44.85"
"10","005","00","013","1301","0124","473","374","99","49","522","853","0","61.2","43.85"
"10","005","00","013","1301","0125","586","472","114","26","612","983","0","62.26","48.02"
"10","005","00","013","1301","0126","604","480","124","43","647","1080","0","59.91","44.44"
"10","005","00","013","1301","0127","630","527","103","18","648","1216","0","53.29","43.34"
"10","005","00","013","1302","0000","962","750","212","41","1003","1825","0","54.96","41.1"
"10","005","00","013","1302","0132","488","382","106","27","515","991","0","51.97","38.55"
"10","005","00","013","1302","0133","474","368","106","14","488","834","0","58.51","44.12"
"10","005","00","013","1303","0000","755","584","171","70","825","1371","0","60.18","42.6"
"10","005","00","013","1303","0134","335","269","66","31","366","622","0","58.84","43.25"
"10","005","00","013","1303","0135","420","315","105","39","459","749","0","61.28","42.06"
"10","005","00","013","1304","0000","1842","1517","325","77","1919","3395","0","56.52","44.68"
"10","005","00","013","1304","0128","567","465","102","36","603","1017","0","59.29","45.72"
"10","005","00","013","1304","0129","613","508","105","19","632","1180","0","53.56","43.05"
"10","005","00","013","1304","0130","662","544","118","22","684","1198","0","57.1","45.41"
"10","005","00","013","1305","0000","933","753","180","61","994","1451","0","68.5","51.9"
"10","005","00","013","1305","0136","436","355","81","24","460","692","0","66.47","51.3"
"10","005","00","013","1305","0137","497","398","99","37","534","759","0","70.36","52.44"
"10","005","00","013","1306","0000","219","175","44","22","241","417","0","57.79","41.97"
"10","005","00","013","1306","0131","219","175","44","22","241","417","0","57.79","41.97"
"10","005","00","013","1307","0000","657","491","166","64","721","1298","0","55.55","37.83"
"10","005","00","013","1307","0138","308","241","67","27","335","629","0","53.26","38.31"
"10","005","00","013","1307","0139","349","250","99","37","386","669","0","57.7","37.37"
"10","005","00","014","0000","0000","3247","2586","661","278","3525","6382","7072","55.23","40.52"
"10","005","00","014","1401","0000","300","235","65","24","324","601","0","53.91","39.1"
"10","005","00","014","1401","0140","300","235","65","24","324","601","0","53.91","39.1"
"10","005","00","014","1402","0000","318","258","60","23","341","566","0","60.25","45.58"
"10","005","00","014","1402","0141","318","258","60","23","341","566","0","60.25","45.58"
"10","005","00","014","1403","0000","451","360","91","40","491","843","0","58.24","42.7"
"10","005","00","014","1403","0142","451","360","91","40","491","843","0","58.24","42.7"
"10","005","00","014","1404","0000","328","257","71","15","343","648","0","52.93","39.66"
"10","005","00","014","1404","0143","328","257","71","15","343","648","0","52.93","39.66"
"10","005","00","014","1405","0000","277","218","59","18","295","515","0","57.28","42.33"
"10","005","00","014","1405","0146","277","218","59","18","295","515","0","57.28","42.33"
"10","005","00","014","1406","0000","233","187","46","14","247","461","0","53.58","40.56"
"10","005","00","014","1406","0145","233","187","46","14","247","461","0","53.58","40.56"
"10","005","00","014","1407","0000","435","339","96","39","474","936","0","50.64","36.22"
"10","005","00","014","1407","0144","435","339","96","39","474","936","0","50.64","36.22"
"10","005","00","014","1408","0000","548","432","116","67","615","1141","0","53.9","37.86"
"10","005","00","014","1408","0147","548","432","116","67","615","1141","0","53.9","37.86"
"10","005","00","014","1409","0000","357","300","57","38","395","671","0","58.87","44.71"
"10","005","00","014","1409","0148","357","300","57","38","395","671","0","58.87","44.71"
"10","005","00","015","0000","0000","5817","4538","1279","587","6404","11027","12728","58.08","41.15"
"10","005","00","015","1501","0000","1185","962","223","105","1290","2060","0","62.62","46.7"
"10","005","00","015","1501","0258","698","568","130","66","764","1171","0","65.24","48.51"
"10","005","00","015","1501","0259","487","394","93","39","526","889","0","59.17","44.32"
"10","005","00","015","1502","0000","218","184","34","17","235","479","0","49.06","38.41"
"10","005","00","015","1502","0260","218","184","34","17","235","479","0","49.06","38.41"
"10","005","00","015","1503","0000","558","439","119","44","602","1024","0","58.79","42.87"
"10","005","00","015","1503","0261","558","439","119","44","602","1024","0","58.79","42.87"
"10","005","00","015","1504","0000","1649","1268","381","177","1826","3442","0","53.05","36.84"
"10","005","00","015","1504","0262","589","452","137","68","657","1214","0","54.12","37.23"
"10","005","00","015","1504","0263","517","395","122","45","562","1071","0","52.47","36.88"
"10","005","00","015","1504","0264","543","421","122","64","607","1157","0","52.46","36.39"
"10","005","00","015","1505","0000","263","209","54","34","297","512","0","58.01","40.82"
"10","005","00","015","1505","0265","263","209","54","34","297","512","0","58.01","40.82"
"10","005","00","015","1506","0000","285","224","61","25","310","491","0","63.14","45.62"
"10","005","00","015","1506","0266","285","224","61","25","310","491","0","63.14","45.62"
"10","005","00","015","1507","0000","711","549","162","55","766","1272","0","60.22","43.16"
"10","005","00","015","1507","0267","711","549","162","55","766","1272","0","60.22","43.16"
"10","005","00","015","1508","0000","411","314","97","41","452","785","0","57.58","40.0"
"10","005","00","015","1508","0268","411","314","97","41","452","785","0","57.58","40.0"
"10","005","00","015","1509","0000","537","389","148","89","626","962","0","65.07","40.44"
"10","005","00","015","1509","0269","537","389","148","89","626","962","0","65.07","40.44"
"10","005","00","016","0000","0000","3051","2335","716","322","3373","5852","6662","57.64","39.9"
"10","005","00","016","1601","0000","1176","923","253","108","1284","2201","0","58.34","41.94"
"10","005","00","016","1601","0402","556","448","108","38","594","996","0","59.64","44.98"
"10","005","00","016","1601","0403","620","475","145","70","690","1205","0","57.26","39.42"
"10","005","00","016","1602","0000","351","261","90","36","387","635","0","60.94","41.1"
"10","005","00","016","1602","0404","351","261","90","36","387","635","0","60.94","41.1"
"10","005","00","016","1603","0000","448","330","118","45","493","862","0","57.19","38.28"
"10","005","00","016","1603","0405","448","330","118","45","493","862","0","57.19","38.28"
"10","005","00","016","1604","0000","106","87","19","12","118","238","0","49.58","36.55"
"10","005","00","016","1604","0406","106","87","19","12","118","238","0","49.58","36.55"
"10","005","00","016","1605","0000","264","203","61","29","293","541","0","54.16","37.52"
"10","005","00","016","1605","0407","264","203","61","29","293","541","0","54.16","37.52"
"10","005","00","016","1606","0000","265","200","65","33","298","578","0","51.56","34.6"
"10","005","00","016","1606","0408","265","200","65","33","298","578","0","51.56","34.6"
"10","005","00","016","1607","0000","243","178","65","35","278","405","0","68.64","43.95"
"10","005","00","016","1607","0409","243","178","65","35","278","405","0","68.64","43.95"
"10","005","00","016","1608","0000","198","153","45","24","222","392","0","56.63","39.03"
"10","005","00","016","1608","0410","198","153","45","24","222","392","0","56.63","39.03"
"10","005","00","017","0000","0000","1814","1444","370","204","2018","3968","4370","50.86","36.39"
"10","005","00","017","1701","0000","119","102","17","8","127","328","0","38.72","31.1"
"10","005","00","017","1701","0435","119","102","17","8","127","328","0","38.72","31.1"
"10","005","00","017","1702","0000","210","157","53","38","248","565","0","43.89","27.79"
"10","005","00","017","1702","0436","210","157","53","38","248","565","0","43.89","27.79"
"10","005","00","017","1703","0000","456","357","99","68","524","911","0","57.52","39.19"
"10","005","00","017","1703","0437","456","357","99","68","524","911","0","57.52","39.19"
"10","005","00","017","1704","0000","248","186","62","19","267","568","0","47.01","32.75"
"10","005","00","017","1704","0438","248","186","62","19","267","568","0","47.01","32.75"
"10","005","00","017","1705","0000","308","249","59","33","341","580","0","58.79","42.93"
"10","005","00","017","1705","0439","308","249","59","33","341","580","0","58.79","42.93"
"10","005","00","017","1706","0000","160","136","24","6","166","333","0","49.85","40.84"
"10","005","00","017","1706","0440","160","136","24","6","166","333","0","49.85","40.84"
"10","005","00","017","1707","0000","313","257","56","32","345","683","0","50.51","37.63"
"10","005","00","017","1707","0441","313","257","56","32","345","683","0","50.51","37.63"
"10","005","00","018","0000","0000","3113","2425","688","254","3367","5180","6076","65.0","46.81"
"10","005","00","018","1801","0000","132","106","26","14","146","325","0","44.92","32.62"
"10","005","00","018","1801","0461","132","106","26","14","146","325","0","44.92","32.62"
"10","005","00","018","1802","0000","708","536","172","63","771","1150","0","67.04","46.61"
"10","005","00","018","1802","0462","268","195","73","17","285","484","0","58.88","40.29"
"10","005","00","018","1802","0463","440","341","99","46","486","666","0","72.97","51.2"
"10","005","00","018","1803","0000","506","404","102","54","560","907","0","61.74","44.54"
"10","005","00","018","1803","0464","346","268","78","43","389","574","0","67.77","46.69"
"10","005","00","018","1803","0465","160","136","24","11","171","333","0","51.35","40.84"
"10","005","00","018","1804","0000","323","265","58","12","335","495","0","67.68","53.54"
"10","005","00","018","1804","0466","323","265","58","12","335","495","0","67.68","53.54"
"10","005","00","018","1805","0000","358","275","83","36","394","544","0","72.43","50.55"
"10","005","00","018","1805","0467","358","275","83","36","394","544","0","72.43","50.55"
"10","005","00","018","1806","0000","216","159","57","20","236","500","0","47.2","31.8"
"10","005","00","018","1806","0468","216","159","57","20","236","500","0","47.2","31.8"
"10","005","00","018","1807","0000","429","320","109","50","479","670","0","71.49","47.76"
"10","005","00","018","1807","0469","429","320","109","50","479","670","0","71.49","47.76"
"10","005","00","018","1808","0000","441","360","81","5","446","589","0","75.72","61.12"
"10","005","00","018","1808","0470","441","360","81","5","446","589","0","75.72","61.12"
"10","007","00","000","0000","0000","556353","427390","128963","52105","608458","1066994","1278437","57.03","40.06"
"10","007","00","001","0000","0000","106413","81200","25213","8530","114943","190995","232709","60.18","42.51"
"10","007","00","001","0101","0000","774","574","200","55","829","1295","0","64.02","44.32"
"10","007","00","001","0101","0117","392","283","109","32","424","662","0","64.05","42.75"
"10","007","00","001","0101","0118","382","291","91","23","405","633","0","63.98","45.97"
"10","007","00","001","0102","0000","2837","2298","539","229","3066","5001","0","61.31","45.95"
"10","007","00","001","0102","0125","671","604","67","81","752","1263","0","59.54","47.82"
"10","007","00","001","0102","0126","747","596","151","48","795","1268","0","62.7","47.0"
"10","007","00","001","0102","0127","711","551","160","60","771","1258","0","61.29","43.8"
"10","007","00","001","0102","0128","708","547","161","40","748","1212","0","61.72","45.13"
"10","007","00","001","0103","0000","933","678","255","71","1004","1656","0","60.63","40.94"
"10","007","00","001","0103","0112","449","323","126","35","484","781","0","61.97","41.36"
"10","007","00","001","0103","0113","484","355","129","36","520","875","0","59.43","40.57"
"10","007","00","001","0104","0000","452","322","130","32","484","816","0","59.31","39.46"
"10","007","00","001","0104","0114","452","322","130","32","484","816","0","59.31","39.46"
"10","007","00","001","0105","0000","828","621","207","83","911","1414","0","64.43","43.92"
"10","007","00","001","0105","0115","399","300","99","39","438","687","0","63.76","43.67"
"10","007","00","001","0105","0116","429","321","108","44","473","727","0","65.06","44.15"
"10","007","00","001","0106","0000","995","756","239","79","1074","1759","0","61.06","42.98"
"10","007","00","001","0106","0119","549","419","130","38","587","906","0","64.79","46.25"
"10","007","00","001","0106","0120","446","337","109","41","487","853","0","57.09","39.51"
"10","007","00","001","0107","0000","2332","1762","570","170","2502","3986","0","62.77","44.2"
"10","007","00","001","0107","0121","604","456","148","41","645","1027","0","62.8","44.4"
"10","007","00","001","0107","0122","592","446","146","44","636","993","0","64.05","44.91"
"10","007","00","001","0107","0123","469","342","127","53","522","848","0","61.56","40.33"
"10","007","00","001","0107","0124","667","518","149","32","699","1118","0","62.52","46.33"
"10","007","00","001","0108","0000","2815","2116","699","178","2993","5156","0","58.05","41.04"
"10","007","00","001","0108","0106","661","483","178","4","665","1156","0","57.53","41.78"
"10","007","00","001","0108","0107","694","518","176","64","758","1235","0","61.38","41.94"
"10","007","00","001","0108","0108","721","543","178","60","781","1376","0","56.76","39.46"
"10","007","00","001","0108","0109","739","572","167","50","789","1389","0","56.8","41.18"
"10","007","00","001","0109","0000","1023","684","339","91","1114","1705","0","65.34","40.12"
"10","007","00","001","0109","0110","510","300","210","50","560","846","0","66.19","35.46"
"10","007","00","001","0109","0111","513","384","129","41","554","859","0","64.49","44.7"
"10","007","00","001","0110","0000","976","711","265","66","1042","1883","0","55.34","37.76"
"10","007","00","001","0110","0104","467","349","118","22","489","975","0","50.15","35.79"
"10","007","00","001","0110","0105","509","362","147","44","553","908","0","60.9","39.87"
"10","007","00","001","0111","0000","463","358","105","37","500","773","0","64.68","46.31"
"10","007","00","001","0111","0103","463","358","105","37","500","773","0","64.68","46.31"
"10","007","00","001","0112","0000","791","584","207","82","873","1420","0","61.48","41.13"
"10","007","00","001","0112","0101","394","269","125","45","439","692","0","63.44","38.87"
"10","007","00","001","0112","0102","397","315","82","37","434","728","0","59.62","43.27"
"10","007","00","001","0113","0000","527","387","140","49","576","893","0","64.5","43.34"
"10","007","00","001","0113","0099","527","387","140","49","576","893","0","64.5","43.34"
"10","007","00","001","0114","0000","415","288","127","50","465","691","0","67.29","41.68"
"10","007","00","001","0114","0098","415","288","127","50","465","691","0","67.29","41.68"
"10","007","00","001","0115","0000","415","297","118","41","456","733","0","62.21","40.52"
"10","007","00","001","0115","0100","415","297","118","41","456","733","0","62.21","40.52"
"10","007","00","001","0116","0000","491","348","143","67","558","910","0","61.32","38.24"
"10","007","00","001","0116","0054","491","348","143","67","558","910","0","61.32","38.24"
"10","007","00","001","0117","0000","451","311","140","44","495","771","0","64.2","40.34"
"10","007","00","001","0117","0051","451","311","140","44","495","771","0","64.2","40.34"
"10","007","00","001","0118","0000","486","353","133","48","534","868","0","61.52","40.67"
"10","007","00","001","0118","0052","486","353","133","48","534","868","0","61.52","40.67"
"10","007","00","001","0119","0000","604","450","154","85","689","1135","0","60.7","39.65"
"10","007","00","001","0119","0053","604","450","154","85","689","1135","0","60.7","39.65"
"10","007","00","001","0120","0000","1993","1571","422","155","2148","3360","0","63.93","46.76"
"10","007","00","001","0120","0056","618","479","139","52","670","1077","0","62.21","44.48"
"10","007","00","001","0120","0057","768","606","162","59","827","1258","0","65.74","48.17"
"10","007","00","001","0120","0058","607","486","121","44","651","1025","0","63.51","47.41"
"10","007","00","001","0121","0000","2031","1593","438","185","2216","3648","0","60.75","43.67"
"10","007","00","001","0121","0059","681","534","147","61","742","1177","0","63.04","45.37"
"10","007","00","001","0121","0060","654","516","138","62","716","1262","0","56.74","40.89"
"10","007","00","001","0121","0061","696","543","153","62","758","1209","0","62.7","44.91"
"10","007","00","001","0122","0000","614","467","147","84","698","1203","0","58.02","38.82"
"10","007","00","001","0122","0065","614","467","147","84","698","1203","0","58.02","38.82"
"10","007","00","001","0123","0000","1780","1383","397","143","1923","3145","0","61.14","43.97"
"10","007","00","001","0123","0062","618","465","153","42","660","1041","0","63.4","44.67"
"10","007","00","001","0123","0063","637","490","147","36","673","1075","0","62.6","45.58"
"10","007","00","001","0123","0064","525","428","97","65","590","1029","0","57.34","41.59"
"10","007","00","001","0124","0000","2159","1661","498","155","2314","4157","0","55.67","39.96"
"10","007","00","001","0124","0066","540","418","122","45","585","1014","0","57.69","41.22"
"10","007","00","001","0124","0067","600","470","130","40","640","1069","0","59.87","43.97"
"10","007","00","001","0124","0068","467","350","117","30","497","969","0","51.29","36.12"
"10","007","00","001","0124","0069","552","423","129","40","592","1105","0","53.57","38.28"
"10","007","00","001","0125","0000","565","408","157","42","607","1004","0","60.46","40.64"
"10","007","00","001","0125","0055","565","408","157","42","607","1004","0","60.46","40.64"
"10","007","00","001","0126","0000","1899","1387","512","188","2087","3496","0","59.7","39.67"
"10","007","00","001","0126","0090","636","480","156","61","697","1201","0","58.03","39.97"
"10","007","00","001","0126","0091","611","425","186","50","661","1057","0","62.54","40.21"
"10","007","00","001","0126","0092","652","482","170","77","729","1238","0","58.89","38.93"
"10","007","00","001","0127","0000","1142","878","264","137","1279","2130","0","60.05","41.22"
"10","007","00","001","0127","0088","595","455","140","81","676","1153","0","58.63","39.46"
"10","007","00","001","0127","0089","547","423","124","56","603","977","0","61.72","43.3"
"10","007","00","001","0128","0000","994","774","220","93","1087","1799","0","60.42","43.02"
"10","007","00","001","0128","0086","414","323","91","50","464","799","0","58.07","40.43"
"10","007","00","001","0128","0087","580","451","129","43","623","1000","0","62.3","45.1"
"10","007","00","001","0129","0000","1763","1370","393","115","1878","3091","0","60.76","44.32"
"10","007","00","001","0129","0083","501","390","111","48","549","890","0","61.69","43.82"
"10","007","00","001","0129","0084","658","508","150","41","699","1104","0","63.32","46.01"
"10","007","00","001","0129","0085","604","472","132","26","630","1097","0","57.43","43.03"
"10","007","00","001","0130","0000","1947","1509","438","134","2081","3297","0","63.12","45.77"
"10","007","00","001","0130","0093","705","542","163","43","748","1210","0","61.82","44.79"
"10","007","00","001","0130","0094","593","458","135","44","637","1026","0","62.09","44.64"
"10","007","00","001","0130","0095","649","509","140","47","696","1061","0","65.6","47.97"
"10","007","00","001","0131","0000","2436","1820","616","186","2622","4213","0","62.24","43.2"
"10","007","00","001","0131","0070","580","433","147","47","627","981","0","63.91","44.14"
"10","007","00","001","0131","0071","626","454","172","68","694","1095","0","63.38","41.46"
"10","007","00","001","0131","0072","642","488","154","27","669","1087","0","61.55","44.89"
"10","007","00","001","0131","0073","588","445","143","44","632","1050","0","60.19","42.38"
"10","007","00","001","0132","0000","1371","948","423","120","1491","2545","0","58.59","37.25"
"10","007","00","001","0132","0001","485","362","123","36","521","871","0","59.82","41.56"
"10","007","00","001","0132","0002","322","252","70","40","362","751","0","48.2","33.56"
"10","007","00","001","0132","0003","564","334","230","44","608","923","0","65.87","36.19"
"10","007","00","001","0133","0000","1391","1080","311","101","1492","2477","0","60.23","43.6"
"10","007","00","001","0133","0096","665","512","153","58","723","1213","0","59.6","42.21"
"10","007","00","001","0133","0097","726","568","158","43","769","1264","0","60.84","44.94"
"10","007","00","001","0134","0000","862","636","226","99","961","1558","0","61.68","40.82"
"10","007","00","001","0134","0004","427","312","115","54","481","779","0","61.75","40.05"
"10","007","00","001","0134","0005","435","324","111","45","480","779","0","61.62","41.59"
"10","007","00","001","0135","0000","537","402","135","47","584","1027","0","56.86","39.14"
"10","007","00","001","0135","0010","537","402","135","47","584","1027","0","56.86","39.14"
"10","007","00","001","0136","0000","636","488","148","74","710","1249","0","56.85","39.07"
"10","007","00","001","0136","0011","636","488","148","74","710","1249","0","56.85","39.07"
"10","007","00","001","0137","0000","1043","797","246","112","1155","1814","0","63.67","43.94"
"10","007","00","001","0137","0008","453","359","94","50","503","767","0","65.58","46.81"
"10","007","00","001","0137","0009","590","438","152","62","652","1047","0","62.27","41.83"
"10","007","00","001","0138","0000","799","570","229","67","866","1469","0","58.95","38.8"
"10","007","00","001","0138","0006","389","272","117","30","419","720","0","58.19","37.78"
"10","007","00","001","0138","0007","410","298","112","37","447","749","0","59.68","39.79"
"10","007","00","001","0139","0000","4229","3177","1052","297","4526","7563","0","59.84","42.01"
"10","007","00","001","0139","0035","549","421","128","44","593","1045","0","56.75","40.29"
"10","007","00","001","0139","0036","610","448","162","21","631","1097","0","57.52","40.84"
"10","007","00","001","0139","0037","631","475","156","61","692","1190","0","58.15","39.92"
"10","007","00","001","0139","0038","657","483","174","36","693","1106","0","62.66","43.67"
"10","007","00","001","0139","0039","620","481","139","42","662","1097","0","60.35","43.85"
"10","007","00","001","0139","0040","591","437","154","49","640","1048","0","61.07","41.7"
"10","007","00","001","0139","0041","571","432","139","44","615","980","0","62.76","44.08"
"10","007","00","001","0140","0000","869","646","223","68","937","1516","0","61.81","42.61"
"10","007","00","001","0140","0042","423","310","113","25","448","707","0","63.37","43.85"
"10","007","00","001","0140","0043","446","336","110","43","489","809","0","60.44","41.53"
"10","007","00","001","0141","0000","2682","2151","531","211","2893","4896","0","59.09","43.93"
"10","007","00","001","0141","0025","652","502","150","58","710","1207","0","58.82","41.59"
"10","007","00","001","0141","0026","643","609","34","54","697","1161","0","60.03","52.45"
"10","007","00","001","0141","0027","608","432","176","44","652","1166","0","55.92","37.05"
"10","007","00","001","0141","0028","779","608","171","55","834","1362","0","61.23","44.64"
"10","007","00","001","0142","0000","4048","3048","1000","277","4325","7131","0","60.65","42.74"
"10","007","00","001","0142","0029","726","524","202","44","770","1236","0","62.3","42.39"
"10","007","00","001","0142","0030","595","452","143","49","644","1065","0","60.47","42.44"
"10","007","00","001","0142","0031","658","498","160","63","721","1199","0","60.13","41.53"
"10","007","00","001","0142","0032","701","532","169","47","748","1233","0","60.67","43.15"
"10","007","00","001","0142","0033","682","536","146","39","721","1245","0","57.91","43.05"
"10","007","00","001","0142","0034","686","506","180","35","721","1153","0","62.53","43.89"
"10","007","00","001","0143","0000","1568","1200","368","141","1709","2928","0","58.37","40.98"
"10","007","00","001","0143","0045","453","334","119","60","513","901","0","56.94","37.07"
"10","007","00","001","0143","0046","508","398","110","40","548","951","0","57.62","41.85"
"10","007","00","001","0143","0047","607","468","139","41","648","1076","0","60.22","43.49"
"10","007","00","001","0144","0000","1582","1172","410","140","1722","2932","0","58.73","39.97"
"10","007","00","001","0144","0048","523","378","145","40","563","1022","0","55.09","36.99"
"10","007","00","001","0144","0049","479","364","115","53","532","894","0","59.51","40.72"
"10","007","00","001","0144","0050","580","430","150","47","627","1016","0","61.71","42.32"
"10","007","00","001","0145","0000","806","623","183","53","859","1409","0","60.97","44.22"
"10","007","00","001","0145","0014","455","343","112","27","482","766","0","62.92","44.78"
"10","007","00","001","0145","0015","351","280","71","26","377","643","0","58.63","43.55"
"10","007","00","001","0146","0000","1150","907","243","108","1258","2552","0","49.29","35.54"
"10","007","00","001","0146","0016","685","567","118","68","753","1251","0","60.19","45.32"
"10","007","00","001","0146","0017","465","340","125","40","505","1301","0","38.82","26.13"
"10","007","00","001","0147","0000","4959","3800","1159","289","5248","8589","0","61.1","44.24"
"10","007","00","001","0147","0018","724","567","157","43","767","1280","0","59.92","44.3"
"10","007","00","001","0147","0019","678","510","168","46","724","1179","0","61.41","43.26"
"10","007","00","001","0147","0020","647","505","142","41","688","1168","0","58.9","43.24"
"10","007","00","001","0147","0021","671","522","149","55","726","1218","0","59.61","42.86"
"10","007","00","001","0147","0022","831","651","180","45","876","1351","0","64.84","48.19"
"10","007","00","001","0147","0023","721","519","202","34","755","1204","0","62.71","43.11"
"10","007","00","001","0147","0024","687","526","161","25","712","1189","0","59.88","44.24"
"10","007","00","001","0148","0000","1293","980","313","107","1400","2305","0","60.74","42.52"
"10","007","00","001","0148","0012","628","465","163","48","676","1136","0","59.51","40.93"
"10","007","00","001","0148","0013","665","515","150","59","724","1169","0","61.93","44.05"
"10","007","00","001","0149","0000","575","420","155","56","631","1008","0","62.6","41.67"
"10","007","00","001","0149","0044","575","420","155","56","631","1008","0","62.6","41.67"
"10","007","00","001","0150","0000","1767","1385","382","130","1897","3262","0","58.15","42.46"
"10","007","00","001","0150","0177","555","423","132","58","613","1002","0","61.18","42.22"
"10","007","00","001","0150","0178","611","496","115","27","638","1148","0","55.57","43.21"
"10","007","00","001","0150","0179","601","466","135","45","646","1112","0","58.09","41.91"
"10","007","00","001","0151","0000","941","711","230","95","1036","1685","0","61.48","42.2"
"10","007","00","001","0151","0153","466","366","100","41","507","800","0","63.38","45.75"
"10","007","00","001","0151","0154","475","345","130","54","529","885","0","59.77","38.98"
"10","007","00","001","0152","0000","1053","837","216","80","1133","1903","0","59.54","43.98"
"10","007","00","001","0152","0174","508","413","95","36","544","930","0","58.49","44.41"
"10","007","00","001","0152","0175","545","424","121","44","589","973","0","60.53","43.58"
"10","007","00","001","0153","0000","1761","1371","390","107","1868","3282","0","56.92","41.77"
"10","007","00","001","0153","0155","579","459","120","26","605","1000","0","60.5","45.9"
"10","007","00","001","0153","0156","579","430","149","45","624","1159","0","53.84","37.1"
"10","007","00","001","0153","0157","603","482","121","36","639","1123","0","56.9","42.92"
"10","007","00","001","0154","0000","1595","1206","389","208","1803","2908","0","62.0","41.47"
"10","007","00","001","0154","0158","538","401","137","65","603","907","0","66.48","44.21"
"10","007","00","001","0154","0159","485","376","109","77","562","989","0","56.83","38.02"
"10","007","00","001","0154","0160","572","429","143","66","638","1012","0","63.04","42.39"
"10","007","00","001","0155","0000","3660","2757","903","304","3964","6789","0","58.39","40.61"
"10","007","00","001","0155","0168","562","404","158","57","619","1120","0","55.27","36.07"
"10","007","00","001","0155","0169","635","494","141","38","673","1269","0","53.03","38.93"
"10","007","00","001","0155","0170","652","495","157","54","706","1159","0","60.91","42.71"
"10","007","00","001","0155","0171","667","499","168","60","727","1184","0","61.4","42.15"
"10","007","00","001","0155","0172","593","449","144","42","635","1089","0","58.31","41.23"
"10","007","00","001","0155","0173","551","416","135","53","604","968","0","62.4","42.98"
"10","007","00","001","0156","0000","1338","1117","221","121","1459","2485","0","58.71","44.95"
"10","007","00","001","0156","0151","708","632","76","68","776","1372","0","56.56","46.06"
"10","007","00","001","0156","0152","630","485","145","53","683","1113","0","61.37","43.58"
"10","007","00","001","0157","0000","572","437","135","36","608","1184","0","51.35","36.91"
"10","007","00","001","0157","0176","572","437","135","36","608","1184","0","51.35","36.91"
"10","007","00","001","0158","0000","1414","1047","367","145","1559","2445","0","63.76","42.82"
"10","007","00","001","0158","0165","450","331","119","52","502","770","0","65.19","42.99"
"10","007","00","001","0158","0166","521","379","142","36","557","889","0","62.65","42.63"
"10","007","00","001","0158","0167","443","337","106","57","500","786","0","63.61","42.88"
"10","007","00","001","0159","0000","711","565","146","77","788","1249","0","63.09","45.24"
"10","007","00","001","0159","0133","711","565","146","77","788","1249","0","63.09","45.24"
"10","007","00","001","0160","0000","513","399","114","60","573","924","0","62.01","43.18"
"10","007","00","001","0160","0129","513","399","114","60","573","924","0","62.01","43.18"
"10","007","00","001","0161","0000","1747","1341","406","139","1886","2873","0","65.65","46.68"
"10","007","00","001","0161","0130","563","439","124","33","596","939","0","63.47","46.75"
"10","007","00","001","0161","0131","578","429","149","62","640","953","0","67.16","45.02"
"10","007","00","001","0161","0132","606","473","133","44","650","981","0","66.26","48.22"
"10","007","00","001","0162","0000","4600","3638","962","319","4919","8267","0","59.5","44.01"
"10","007","00","001","0162","0137","683","552","131","43","726","1156","0","62.8","47.75"
"10","007","00","001","0162","0138","706","549","157","34","740","1291","0","57.32","42.53"
"10","007","00","001","0162","0139","619","491","128","40","659","1139","0","57.86","43.11"
"10","007","00","001","0162","0140","653","516","137","52","705","1125","0","62.67","45.87"
"10","007","00","001","0162","0141","674","535","139","52","726","1258","0","57.71","42.53"
"10","007","00","001","0162","0142","617","495","122","47","664","1123","0","59.13","44.08"
"10","007","00","001","0162","0143","648","500","148","51","699","1175","0","59.49","42.55"
"10","007","00","001","0163","0000","1295","980","315","151","1446","2378","0","60.81","41.21"
"10","007","00","001","0163","0134","446","329","117","64","510","817","0","62.42","40.27"
"10","007","00","001","0163","0135","477","370","107","55","532","872","0","61.01","42.43"
"10","007","00","001","0163","0136","372","281","91","32","404","689","0","58.64","40.78"
"10","007","00","001","0164","0000","2273","1749","524","143","2416","4160","0","58.08","42.04"
"10","007","00","001","0164","0147","529","410","119","29","558","1003","0","55.63","40.88"
"10","007","00","001","0164","0148","480","366","114","26","506","915","0","55.3","40.0"
"10","007","00","001","0164","0149","622","472","150","46","668","1158","0","57.69","40.76"
"10","007","00","001","0164","0150","642","501","141","42","684","1084","0","63.1","46.22"
"10","007","00","001","0165","0000","1571","1161","410","101","1672","2631","0","63.55","44.13"
"10","007","00","001","0165","0144","535","379","156","35","570","862","0","66.13","43.97"
"10","007","00","001","0165","0145","482","358","124","46","528","872","0","60.55","41.06"
"10","007","00","001","0165","0146","554","424","130","20","574","897","0","63.99","47.27"
"10","007","00","001","0166","0000","604","461","143","58","662","1161","0","57.02","39.71"
"10","007","00","001","0166","0184","604","461","143","58","662","1161","0","57.02","39.71"
"10","007","00","001","0167","0000","674","543","131","70","744","1276","0","58.31","42.55"
"10","007","00","001","0167","0183","674","543","131","70","744","1276","0","58.31","42.55"
"10","007","00","001","0168","0000","382","301","81","42","424","823","0","51.52","36.57"
"10","007","00","001","0168","0182","382","301","81","42","424","823","0","51.52","36.57"
"10","007","00","001","0169","0000","567","445","122","53","620","907","0","68.36","49.06"
"10","007","00","001","0169","0180","567","445","122","53","620","907","0","68.36","49.06"
"10","007","00","001","0170","0000","607","488","119","71","678","1112","0","60.97","43.88"
"10","007","00","001","0170","0181","607","488","119","71","678","1112","0","60.97","43.88"
"10","007","00","001","0171","0000","2441","1927","514","144","2585","4367","0","59.19","44.13"
"10","007","00","001","0171","0161","518","394","124","31","549","1033","0","53.15","38.14"
"10","007","00","001","0171","0162","639","503","136","43","682","1116","0","61.11","45.07"
"10","007","00","001","0171","0163","681","539","142","31","712","1154","0","61.7","46.71"
"10","007","00","001","0171","0164","603","491","112","39","642","1064","0","60.34","46.15"
"10","007","00","001","0172","0000","3004","2271","733","188","3192","5370","0","59.44","42.29"
"10","007","00","001","0172","0074","721","539","182","53","774","1252","0","61.82","43.05"
"10","007","00","001","0172","0075","587","439","148","34","621","1113","0","55.8","39.44"
"10","007","00","001","0172","0076","601","467","134","32","633","1009","0","62.74","46.28"
"10","007","00","001","0172","0077","536","402","134","43","579","999","0","57.96","40.24"
"10","007","00","001","0172","0078","559","424","135","26","585","997","0","58.68","42.53"
"10","007","00","001","0173","0000","2992","2299","693","147","3139","5178","0","60.62","44.4"
"10","007","00","001","0173","0079","698","549","149","44","742","1145","0","64.8","47.95"
"10","007","00","001","0173","0080","690","504","186","26","716","1227","0","58.35","41.08"
"10","007","00","001","0173","0081","719","547","172","35","754","1208","0","62.42","45.28"
"10","007","00","001","0173","0082","885","699","186","42","927","1598","0","58.01","43.74"
"10","007","00","002","0000","0000","36890","28359","8531","3742","40632","70505","86762","57.63","40.22"
"10","007","00","002","0201","0000","649","470","179","60","709","1140","0","62.19","41.23"
"10","007","00","002","0201","0243","649","470","179","60","709","1140","0","62.19","41.23"
"10","007","00","002","0202","0000","271","198","73","33","304","511","0","59.49","38.75"
"10","007","00","002","0202","0244","271","198","73","33","304","511","0","59.49","38.75"
"10","007","00","002","0203","0000","368","285","83","30","398","857","0","46.44","33.26"
"10","007","00","002","0203","0245","368","285","83","30","398","857","0","46.44","33.26"
"10","007","00","002","0204","0000","545","407","138","59","604","946","0","63.85","43.02"
"10","007","00","002","0204","0246","545","407","138","59","604","946","0","63.85","43.02"
"10","007","00","002","0205","0000","4104","3146","958","371","4475","7584","0","59.01","41.48"
"10","007","00","002","0205","0302","660","481","179","77","737","1299","0","56.74","37.03"
"10","007","00","002","0205","0303","758","600","158","45","803","1298","0","61.86","46.22"
"10","007","00","002","0205","0304","779","601","178","63","842","1458","0","57.75","41.22"
"10","007","00","002","0205","0305","613","462","151","57","670","1138","0","58.88","40.6"
"10","007","00","002","0205","0306","617","476","141","65","682","1170","0","58.29","40.68"
"10","007","00","002","0205","0307","677","526","151","64","741","1221","0","60.69","43.08"
"10","007","00","002","0206","0000","2649","1992","657","248","2897","5161","0","56.13","38.6"
"10","007","00","002","0206","0298","663","491","172","73","736","1227","0","59.98","40.02"
"10","007","00","002","0206","0299","654","477","177","67","721","1187","0","60.74","40.19"
"10","007","00","002","0206","0300","655","527","128","27","682","1296","0","52.62","40.66"
"10","007","00","002","0206","0301","677","497","180","81","758","1451","0","52.24","34.25"
"10","007","00","002","0207","0000","2537","1949","588","232","2769","4946","0","55.98","39.41"
"10","007","00","002","0207","0247","513","392","121","48","561","945","0","59.37","41.48"
"10","007","00","002","0207","0248","581","455","126","60","641","1097","0","58.43","41.48"
"10","007","00","002","0207","0249","669","535","134","41","710","1479","0","48.01","36.17"
"10","007","00","002","0207","0250","774","567","207","83","857","1425","0","60.14","39.79"
"10","007","00","002","0208","0000","2231","1709","522","231","2462","4335","0","56.79","39.42"
"10","007","00","002","0208","0253","557","426","131","80","637","1047","0","60.84","40.69"
"10","007","00","002","0208","0254","536","403","133","30","566","1097","0","51.6","36.74"
"10","007","00","002","0208","0255","526","402","124","67","593","1030","0","57.57","39.03"
"10","007","00","002","0208","0256","612","478","134","54","666","1161","0","57.36","41.17"
"10","007","00","002","0209","0000","284","210","74","56","340","540","0","62.96","38.89"
"10","007","00","002","0209","0257","284","210","74","56","340","540","0","62.96","38.89"
"10","007","00","002","0210","0000","471","352","119","86","557","880","0","63.3","40.0"
"10","007","00","002","0210","0251","471","352","119","86","557","880","0","63.3","40.0"
"10","007","00","002","0211","0000","581","437","144","77","658","1183","0","55.62","36.94"
"10","007","00","002","0211","0252","581","437","144","77","658","1183","0","55.62","36.94"
"10","007","00","002","0212","0000","585","426","159","81","666","1127","0","59.09","37.8"
"10","007","00","002","0212","0262","585","426","159","81","666","1127","0","59.09","37.8"
"10","007","00","002","0213","0000","684","524","160","75","759","1178","0","64.43","44.48"
"10","007","00","002","0213","0263","684","524","160","75","759","1178","0","64.43","44.48"
"10","007","00","002","0214","0000","153","115","38","16","169","284","0","59.51","40.49"
"10","007","00","002","0214","0264","153","115","38","16","169","284","0","59.51","40.49"
"10","007","00","002","0215","0000","392","299","93","41","433","659","0","65.71","45.37"
"10","007","00","002","0215","0266","392","299","93","41","433","659","0","65.71","45.37"
"10","007","00","002","0216","0000","307","222","85","38","345","584","0","59.08","38.01"
"10","007","00","002","0216","0265","307","222","85","38","345","584","0","59.08","38.01"
"10","007","00","002","0217","0000","461","347","114","23","484","915","0","52.9","37.92"
"10","007","00","002","0217","0267","461","347","114","23","484","915","0","52.9","37.92"
"10","007","00","002","0218","0000","1261","958","303","145","1406","2208","0","63.68","43.39"
"10","007","00","002","0218","0268","610","457","153","66","676","1079","0","62.65","42.35"
"10","007","00","002","0218","0269","651","501","150","79","730","1129","0","64.66","44.38"
"10","007","00","002","0219","0000","1944","1498","446","213","2157","3820","0","56.47","39.21"
"10","007","00","002","0219","0286","723","555","168","91","814","1505","0","54.09","36.88"
"10","007","00","002","0219","0287","555","425","130","46","601","1092","0","55.04","38.92"
"10","007","00","002","0219","0288","666","518","148","76","742","1223","0","60.67","42.35"
"10","007","00","002","0220","0000","1251","1007","244","105","1356","2575","0","52.66","39.11"
"10","007","00","002","0220","0289","690","559","131","48","738","1572","0","46.95","35.56"
"10","007","00","002","0220","0290","561","448","113","57","618","1003","0","61.62","44.67"
"10","007","00","002","0221","0000","2193","1751","442","168","2361","4070","0","58.01","43.02"
"10","007","00","002","0221","0295","802","643","159","83","885","1397","0","63.35","46.03"
"10","007","00","002","0221","0296","654","516","138","41","695","1229","0","56.55","41.99"
"10","007","00","002","0221","0297","737","592","145","44","781","1444","0","54.09","41.0"
"10","007","00","002","0222","0000","2221","1706","515","173","2394","4152","0","57.66","41.09"
"10","007","00","002","0222","0291","518","414","104","37","555","933","0","59.49","44.37"
"10","007","00","002","0222","0292","601","469","132","62","663","1093","0","60.66","42.91"
"10","007","00","002","0222","0293","478","364","114","27","505","907","0","55.68","40.13"
"10","007","00","002","0222","0294","624","459","165","47","671","1219","0","55.05","37.65"
"10","007","00","002","0223","0000","1670","1332","338","155","1825","3167","0","57.63","42.06"
"10","007","00","002","0223","0278","497","403","94","39","536","984","0","54.47","40.96"
"10","007","00","002","0223","0279","584","471","113","60","644","1018","0","63.26","46.27"
"10","007","00","002","0223","0280","589","458","131","56","645","1165","0","55.36","39.31"
"10","007","00","002","0224","0000","1067","837","230","100","1167","2181","0","53.51","38.38"
"10","007","00","002","0224","0281","560","432","128","54","614","1161","0","52.89","37.21"
"10","007","00","002","0224","0282","507","405","102","46","553","1020","0","54.22","39.71"
"10","007","00","002","0225","0000","1614","1231","383","202","1816","3066","0","59.23","40.15"
"10","007","00","002","0225","0283","542","404","138","73","615","1068","0","57.58","37.83"
"10","007","00","002","0225","0284","561","437","124","41","602","1024","0","58.79","42.68"
"10","007","00","002","0225","0285","511","390","121","88","599","974","0","61.5","40.04"
"10","007","00","002","0226","0000","1751","1395","356","203","1954","3557","0","54.93","39.22"
"10","007","00","002","0226","0272","538","431","107","92","630","1137","0","55.41","37.91"
"10","007","00","002","0226","0273","608","478","130","54","662","1195","0","55.4","40.0"
"10","007","00","002","0226","0274","605","486","119","57","662","1225","0","54.04","39.67"
"10","007","00","002","0227","0000","979","772","207","98","1077","1979","0","54.42","39.01"
"10","007","00","002","0227","0270","641","499","142","62","703","1273","0","55.22","39.2"
"10","007","00","002","0227","0271","338","273","65","36","374","706","0","52.97","38.67"
"10","007","00","002","0228","0000","1265","976","289","195","1460","2438","0","59.89","40.03"
"10","007","00","002","0228","0275","562","427","135","68","630","957","0","65.83","44.62"
"10","007","00","002","0228","0276","330","256","74","70","400","758","0","52.77","33.77"
"10","007","00","002","0228","0277","373","293","80","57","430","723","0","59.47","40.53"
"10","007","00","002","0229","0000","2402","1808","594","228","2630","4462","0","58.94","40.52"
"10","007","00","002","0229","0258","591","438","153","53","644","1135","0","56.74","38.59"
"10","007","00","002","0229","0259","599","446","153","67","666","1155","0","57.66","38.61"
"10","007","00","002","0229","0260","648","498","150","48","696","1127","0","61.76","44.19"
"10","007","00","002","0229","0261","564","426","138","60","624","1045","0","59.71","40.77"
"10","007","00","003","0000","0000","39558","30448","9110","3001","42559","75286","90786","56.53","40.44"
"10","007","00","003","0301","0000","2999","2344","655","203","3202","6061","0","52.83","38.67"
"10","007","00","003","0301","0373","673","491","182","62","735","1341","0","54.81","36.61"
"10","007","00","003","0301","0374","702","557","145","67","769","1480","0","51.96","37.64"
"10","007","00","003","0301","0375","814","636","178","45","859","1529","0","56.18","41.6"
"10","007","00","003","0301","0376","810","660","150","29","839","1711","0","49.04","38.57"
"10","007","00","003","0302","0000","2381","1803","578","198","2579","4313","0","59.8","41.8"
"10","007","00","003","0302","0377","574","433","141","40","614","1057","0","58.09","40.96"
"10","007","00","003","0302","0378","574","439","135","41","615","1032","0","59.59","42.54"
"10","007","00","003","0302","0379","549","426","123","70","619","1015","0","60.99","41.97"
"10","007","00","003","0302","0380","684","505","179","47","731","1209","0","60.46","41.77"
"10","007","00","003","0303","0000","231","165","66","20","251","430","0","58.37","38.37"
"10","007","00","003","0303","0381","231","165","66","20","251","430","0","58.37","38.37"
"10","007","00","003","0304","0000","986","776","210","45","1031","1822","0","56.59","42.59"
"10","007","00","003","0304","0382","445","332","113","19","464","856","0","54.21","38.79"
"10","007","00","003","0304","0383","541","444","97","26","567","966","0","58.7","45.96"
"10","007","00","003","0305","0000","1702","1259","443","108","1810","3242","0","55.83","38.83"
"10","007","00","003","0305","0384","554","407","147","24","578","1059","0","54.58","38.43"
"10","007","00","003","0305","0385","595","436","159","43","638","1117","0","57.12","39.03"
"10","007","00","003","0305","0386","553","416","137","41","594","1066","0","55.72","39.02"
"10","007","00","003","0306","0000","1376","1050","326","99","1475","2780","0","53.06","37.77"
"10","007","00","003","0306","0387","624","462","162","46","670","1252","0","53.51","36.9"
"10","007","00","003","0306","0388","752","588","164","53","805","1528","0","52.68","38.48"
"10","007","00","003","0307","0000","911","704","207","66","977","1680","0","58.15","41.9"
"10","007","00","003","0307","0389","460","347","113","36","496","826","0","60.05","42.01"
"10","007","00","003","0307","0390","451","357","94","30","481","854","0","56.32","41.8"
"10","007","00","003","0308","0000","476","370","106","45","521","860","0","60.58","43.02"
"10","007","00","003","0308","0429","476","370","106","45","521","860","0","60.58","43.02"
"10","007","00","003","0309","0000","1122","893","229","95","1217","2152","0","56.55","41.5"
"10","007","00","003","0309","0391","677","559","118","63","740","1387","0","53.35","40.3"
"10","007","00","003","0309","0392","445","334","111","32","477","765","0","62.35","43.66"
"10","007","00","003","0310","0000","1455","1171","284","125","1580","2834","0","55.75","41.32"
"10","007","00","003","0310","0393","694","564","130","56","750","1438","0","52.16","39.22"
"10","007","00","003","0310","0394","761","607","154","69","830","1396","0","59.46","43.48"
"10","007","00","003","0311","0000","832","656","176","62","894","1467","0","60.94","44.72"
"10","007","00","003","0311","0395","351","273","78","28","379","658","0","57.6","41.49"
"10","007","00","003","0311","0396","481","383","98","34","515","809","0","63.66","47.34"
"10","007","00","003","0312","0000","918","713","205","50","968","1820","0","53.19","39.18"
"10","007","00","003","0312","0397","465","353","112","16","481","932","0","51.61","37.88"
"10","007","00","003","0312","0398","453","360","93","34","487","888","0","54.84","40.54"
"10","007","00","003","0313","0000","1212","939","273","97","1309","2221","0","58.94","42.28"
"10","007","00","003","0313","0399","651","483","168","49","700","1144","0","61.19","42.22"
"10","007","00","003","0313","0400","561","456","105","48","609","1077","0","56.55","42.34"
"10","007","00","003","0314","0000","648","502","146","61","709","1349","0","52.56","37.21"
"10","007","00","003","0314","0401","648","502","146","61","709","1349","0","52.56","37.21"
"10","007","00","003","0315","0000","2716","2132","584","162","2878","5134","0","56.06","41.53"
"10","007","00","003","0315","0402","669","509","160","51","720","1155","0","62.34","44.07"
"10","007","00","003","0315","0403","662","525","137","34","696","1253","0","55.55","41.9"
"10","007","00","003","0315","0404","636","514","122","47","683","1252","0","54.55","41.05"
"10","007","00","003","0315","0405","749","584","165","30","779","1474","0","52.85","39.62"
"10","007","00","003","0316","0000","1079","825","254","92","1171","1910","0","61.31","43.19"
"10","007","00","003","0316","0408","580","458","122","40","620","999","0","62.06","45.85"
"10","007","00","003","0316","0409","499","367","132","52","551","911","0","60.48","40.29"
"10","007","00","003","0317","0000","1409","1075","334","98","1507","2632","0","57.26","40.84"
"10","007","00","003","0317","0412","710","536","174","51","761","1308","0","58.18","40.98"
"10","007","00","003","0317","0413","699","539","160","47","746","1324","0","56.34","40.71"
"10","007","00","003","0318","0000","1073","790","283","77","1150","1972","0","58.32","40.06"
"10","007","00","003","0318","0410","556","395","161","33","589","1005","0","58.61","39.3"
"10","007","00","003","0318","0411","517","395","122","44","561","967","0","58.01","40.85"
"10","007","00","003","0319","0000","1801","1288","513","175","1976","3437","0","57.49","37.47"
"10","007","00","003","0319","0414","592","419","173","64","656","1102","0","59.53","38.02"
"10","007","00","003","0319","0415","566","425","141","52","618","1124","0","54.98","37.81"
"10","007","00","003","0319","0416","643","444","199","59","702","1211","0","57.97","36.66"
"10","007","00","003","0320","0000","551","403","148","42","593","884","0","67.08","45.59"
"10","007","00","003","0320","0417","551","403","148","42","593","884","0","67.08","45.59"
"10","007","00","003","0321","0000","1252","938","314","136","1388","2419","0","57.38","38.78"
"10","007","00","003","0321","0418","577","421","156","74","651","1119","0","58.18","37.62"
"10","007","00","003","0321","0419","675","517","158","62","737","1300","0","56.69","39.77"
"10","007","00","003","0322","0000","1261","1062","199","84","1345","2317","0","58.05","45.84"
"10","007","00","003","0322","0420","560","434","126","47","607","1104","0","54.98","39.31"
"10","007","00","003","0322","0421","701","628","73","37","738","1213","0","60.84","51.77"
"10","007","00","003","0323","0000","529","398","131","48","577","1127","0","51.2","35.31"
"10","007","00","003","0323","0422","529","398","131","48","577","1127","0","51.2","35.31"
"10","007","00","003","0324","0000","1554","1182","372","154","1708","2864","0","59.64","41.27"
"10","007","00","003","0324","0423","465","358","107","57","522","919","0","56.8","38.96"
"10","007","00","003","0324","0424","546","418","128","49","595","987","0","60.28","42.35"
"10","007","00","003","0324","0425","543","406","137","48","591","958","0","61.69","42.38"
"10","007","00","003","0325","0000","2278","1786","492","111","2389","4228","0","56.5","42.24"
"10","007","00","003","0325","0426","742","574","168","47","789","1362","0","57.93","42.14"
"10","007","00","003","0325","0427","763","611","152","30","793","1461","0","54.28","41.82"
"10","007","00","003","0325","0428","773","601","172","34","807","1405","0","57.44","42.78"
"10","007","00","003","0326","0000","908","715","193","64","972","1746","0","55.67","40.95"
"10","007","00","003","0326","0430","450","366","84","20","470","875","0","53.71","41.83"
"10","007","00","003","0326","0431","458","349","109","44","502","871","0","57.63","40.07"
"10","007","00","003","0327","0000","505","386","119","45","550","883","0","62.29","43.71"
"10","007","00","003","0327","0432","505","386","119","45","550","883","0","62.29","43.71"
"10","007","00","003","0328","0000","615","439","176","58","673","1224","0","54.98","35.87"
"10","007","00","003","0328","0433","615","439","176","58","673","1224","0","54.98","35.87"
"10","007","00","003","0329","0000","1054","795","259","84","1138","2031","0","56.03","39.14"
"10","007","00","003","0329","0434","554","420","134","43","597","1075","0","55.53","39.07"
"10","007","00","003","0329","0435","500","375","125","41","541","956","0","56.59","39.23"
"10","007","00","003","0330","0000","1564","1192","372","139","1703","3071","0","55.45","38.81"
"10","007","00","003","0330","0436","520","396","124","57","577","1037","0","55.64","38.19"
"10","007","00","003","0330","0437","530","420","110","25","555","1011","0","54.9","41.54"
"10","007","00","003","0330","0438","514","376","138","57","571","1023","0","55.82","36.75"
"10","007","00","003","0331","0000","836","627","209","72","908","1632","0","55.64","38.42"
"10","007","00","003","0331","0439","364","281","83","27","391","719","0","54.38","39.08"
"10","007","00","003","0331","0440","472","346","126","45","517","913","0","56.63","37.9"
"10","007","00","003","0332","0000","1324","1070","254","86","1410","2744","0","51.38","38.99"
"10","007","00","003","0332","0406","645","516","129","39","684","1396","0","49.0","36.96"
"10","007","00","003","0332","0407","679","554","125","47","726","1348","0","53.86","41.1"
"10","007","00","004","0000","0000","7630","5907","1723","746","8376","14065","16872","59.55","42.0"
"10","007","00","004","0401","0000","1222","976","246","77","1299","2237","0","58.07","43.63"
"10","007","00","004","0401","0469","573","456","117","34","607","1071","0","56.68","42.58"
"10","007","00","004","0401","0470","649","520","129","43","692","1166","0","59.35","44.6"
"10","007","00","004","0402","0000","677","504","173","75","752","1269","0","59.26","39.72"
"10","007","00","004","0402","0471","677","504","173","75","752","1269","0","59.26","39.72"
"10","007","00","004","0403","0000","1237","956","281","135","1372","2266","0","60.55","42.19"
"10","007","00","004","0403","0472","593","457","136","60","653","1138","0","57.38","40.16"
"10","007","00","004","0403","0473","644","499","145","75","719","1128","0","63.74","44.24"
"10","007","00","004","0404","0000","683","524","159","83","766","1275","0","60.08","41.1"
"10","007","00","004","0404","0474","683","524","159","83","766","1275","0","60.08","41.1"
"10","007","00","004","0405","0000","649","500","149","58","707","1187","0","59.56","42.12"
"10","007","00","004","0405","0475","649","500","149","58","707","1187","0","59.56","42.12"
"10","007","00","004","0406","0000","1050","790","260","115","1165","1929","0","60.39","40.95"
"10","007","00","004","0406","0476","547","415","132","57","604","991","0","60.95","41.88"
"10","007","00","004","0406","0477","503","375","128","58","561","938","0","59.81","39.98"
"10","007","00","004","0407","0000","1309","1030","279","126","1435","2561","0","56.03","40.22"
"10","007","00","004","0407","0478","616","479","137","63","679","1276","0","53.21","37.54"
"10","007","00","004","0407","0479","693","551","142","63","756","1285","0","58.83","42.88"
"10","007","00","004","0408","0000","803","627","176","77","880","1341","0","65.62","46.76"
"10","007","00","004","0408","0480","803","627","176","77","880","1341","0","65.62","46.76"
"10","007","00","005","0000","0000","15719","12385","3334","1434","17153","30407","37062","56.41","40.73"
"10","007","00","005","0501","0000","806","623","183","90","896","1700","0","52.71","36.65"
"10","007","00","005","0501","0456","413","319","94","57","470","854","0","55.04","37.35"
"10","007","00","005","0501","0457","393","304","89","33","426","846","0","50.35","35.93"
"10","007","00","005","0502","0000","505","388","117","104","609","1143","0","53.28","33.95"
"10","007","00","005","0502","0458","505","388","117","104","609","1143","0","53.28","33.95"
"10","007","00","005","0503","0000","710","657","53","64","774","1317","0","58.77","49.89"
"10","007","00","005","0503","0463","710","657","53","64","774","1317","0","58.77","49.89"
"10","007","00","005","0504","0000","972","753","219","91","1063","1912","0","55.6","39.38"
"10","007","00","005","0504","0447","455","349","106","48","503","904","0","55.64","38.61"
"10","007","00","005","0504","0448","517","404","113","43","560","1008","0","55.56","40.08"
"10","007","00","005","0505","0000","1086","848","238","103","1189","1993","0","59.66","42.55"
"10","007","00","005","0505","0453","588","450","138","58","646","1085","0","59.54","41.47"
"10","007","00","005","0505","0454","498","398","100","45","543","908","0","59.8","43.83"
"10","007","00","005","0506","0000","715","586","129","44","759","1264","0","60.05","46.36"
"10","007","00","005","0506","0455","715","586","129","44","759","1264","0","60.05","46.36"
"10","007","00","005","0507","0000","952","750","202","93","1045","1839","0","56.82","40.78"
"10","007","00","005","0507","0443","507","401","106","51","558","966","0","57.76","41.51"
"10","007","00","005","0507","0444","445","349","96","42","487","873","0","55.78","39.98"
"10","007","00","005","0508","0000","894","701","193","87","981","1687","0","58.15","41.55"
"10","007","00","005","0508","0445","439","336","103","50","489","812","0","60.22","41.38"
"10","007","00","005","0508","0446","455","365","90","37","492","875","0","56.23","41.71"
"10","007","00","005","0509","0000","1327","1026","301","140","1467","2640","0","55.57","38.86"
"10","007","00","005","0509","0449","620","480","140","63","683","1154","0","59.19","41.59"
"10","007","00","005","0509","0450","707","546","161","77","784","1486","0","52.76","36.74"
"10","007","00","005","0510","0000","2667","2036","631","199","2866","5139","0","55.77","39.62"
"10","007","00","005","0510","0459","712","557","155","38","750","1357","0","55.27","41.05"
"10","007","00","005","0510","0460","683","503","180","62","745","1349","0","55.23","37.29"
"10","007","00","005","0510","0461","621","478","143","55","676","1154","0","58.58","41.42"
"10","007","00","005","0510","0462","651","498","153","44","695","1279","0","54.34","38.94"
"10","007","00","005","0511","0000","1085","837","248","80","1165","2182","0","53.39","38.36"
"10","007","00","005","0511","0451","556","438","118","52","608","1095","0","55.53","40.0"
"10","007","00","005","0511","0452","529","399","130","28","557","1087","0","51.24","36.71"
"10","007","00","005","0512","0000","1220","1016","204","91","1311","2348","0","55.83","43.27"
"10","007","00","005","0512","0441","550","461","89","44","594","1182","0","50.25","39.0"
"10","007","00","005","0512","0442","670","555","115","47","717","1166","0","61.49","47.6"
"10","007","00","005","0513","0000","1671","1302","369","111","1782","3020","0","59.01","43.11"
"10","007","00","005","0513","0464","556","419","137","48","604","990","0","61.01","42.32"
"10","007","00","005","0513","0465","471","381","90","32","503","852","0","59.04","44.72"
"10","007","00","005","0513","0466","644","502","142","31","675","1178","0","57.3","42.61"
"10","007","00","005","0514","0000","1109","862","247","137","1246","2223","0","56.05","38.78"
"10","007","00","005","0514","0467","526","418","108","74","600","1088","0","55.15","38.42"
"10","007","00","005","0514","0468","583","444","139","63","646","1135","0","56.92","39.12"
"10","007","00","006","0000","0000","19242","14835","4407","2147","21389","39745","47166","53.82","37.33"
"10","007","00","006","0601","0000","687","602","85","101","788","1492","0","52.82","40.35"
"10","007","00","006","0601","0319","687","602","85","101","788","1492","0","52.82","40.35"
"10","007","00","006","0602","0000","606","459","147","40","646","1458","0","44.31","31.48"
"10","007","00","006","0602","0318","606","459","147","40","646","1458","0","44.31","31.48"
"10","007","00","006","0603","0000","601","459","142","58","659","1251","0","52.68","36.69"
"10","007","00","006","0603","0313","601","459","142","58","659","1251","0","52.68","36.69"
"10","007","00","006","0604","0000","707","545","162","59","766","1464","0","52.32","37.23"
"10","007","00","006","0604","0312","707","545","162","59","766","1464","0","52.32","37.23"
"10","007","00","006","0605","0000","528","396","132","107","635","1166","0","54.46","33.96"
"10","007","00","006","0605","0311","528","396","132","107","635","1166","0","54.46","33.96"
"10","007","00","006","0606","0000","591","463","128","66","657","1256","0","52.31","36.86"
"10","007","00","006","0606","0310","591","463","128","66","657","1256","0","52.31","36.86"
"10","007","00","006","0607","0000","669","472","197","74","743","1363","0","54.51","34.63"
"10","007","00","006","0607","0308","669","472","197","74","743","1363","0","54.51","34.63"
"10","007","00","006","0608","0000","438","338","100","35","473","821","0","57.61","41.17"
"10","007","00","006","0608","0309","438","338","100","35","473","821","0","57.61","41.17"
"10","007","00","006","0609","0000","1140","883","257","103","1243","2425","0","51.26","36.41"
"10","007","00","006","0609","0314","705","550","155","69","774","1465","0","52.83","37.54"
"10","007","00","006","0609","0315","435","333","102","34","469","960","0","48.85","34.69"
"10","007","00","006","0610","0000","1310","1056","254","157","1467","2688","0","54.58","39.29"
"10","007","00","006","0610","0316","625","457","168","89","714","1323","0","53.97","34.54"
"10","007","00","006","0610","0317","685","599","86","68","753","1365","0","55.16","43.88"
"10","007","00","006","0611","0000","1154","885","269","96","1250","2477","0","50.46","35.73"
"10","007","00","006","0611","0324","506","387","119","44","550","1085","0","50.69","35.67"
"10","007","00","006","0611","0325","648","498","150","52","700","1392","0","50.29","35.78"
"10","007","00","006","0612","0000","628","485","143","64","692","1216","0","56.91","39.88"
"10","007","00","006","0612","0331","628","485","143","64","692","1216","0","56.91","39.88"
"10","007","00","006","0613","0000","479","365","114","52","531","1063","0","49.95","34.34"
"10","007","00","006","0613","0332","479","365","114","52","531","1063","0","49.95","34.34"
"10","007","00","006","0614","0000","1094","837","257","180","1274","2229","0","57.16","37.55"
"10","007","00","006","0614","0339","581","443","138","88","669","1079","0","62.0","41.06"
"10","007","00","006","0614","0340","513","394","119","92","605","1150","0","52.61","34.26"
"10","007","00","006","0615","0000","971","721","250","97","1068","1921","0","55.6","37.53"
"10","007","00","006","0615","0337","503","379","124","46","549","926","0","59.29","40.93"
"10","007","00","006","0615","0338","468","342","126","51","519","995","0","52.16","34.37"
"10","007","00","006","0616","0000","1172","901","271","127","1299","2305","0","56.36","39.09"
"10","007","00","006","0616","0335","508","385","123","50","558","994","0","56.14","38.73"
"10","007","00","006","0616","0336","664","516","148","77","741","1311","0","56.52","39.36"
"10","007","00","006","0617","0000","528","387","141","62","590","1287","0","45.84","30.07"
"10","007","00","006","0617","0334","528","387","141","62","590","1287","0","45.84","30.07"
"10","007","00","006","0618","0000","633","484","149","74","707","1306","0","54.13","37.06"
"10","007","00","006","0618","0333","633","484","149","74","707","1306","0","54.13","37.06"
"10","007","00","006","0619","0000","1998","1556","442","205","2203","3672","0","59.99","42.37"
"10","007","00","006","0619","0326","683","557","126","91","774","1316","0","58.81","42.33"
"10","007","00","006","0619","0327","694","514","180","63","757","1255","0","60.32","40.96"
"10","007","00","006","0619","0328","621","485","136","51","672","1101","0","61.04","44.05"
"10","007","00","006","0620","0000","1217","958","259","168","1385","2560","0","54.1","37.42"
"10","007","00","006","0620","0329","571","471","100","85","656","1167","0","56.21","40.36"
"10","007","00","006","0620","0330","646","487","159","83","729","1393","0","52.33","34.96"
"10","007","00","006","0621","0000","1132","848","284","128","1260","2383","0","52.87","35.59"
"10","007","00","006","0621","0322","471","363","108","50","521","1043","0","49.95","34.8"
"10","007","00","006","0621","0323","661","485","176","78","739","1340","0","55.15","36.19"
"10","007","00","006","0622","0000","959","735","224","94","1053","1942","0","54.22","37.85"
"10","007","00","006","0622","0320","392","299","93","32","424","888","0","47.75","33.67"
"10","007","00","006","0622","0321","567","436","131","62","629","1054","0","59.68","41.37"
"10","007","00","007","0000","0000","17632","13411","4221","1516","19148","32394","39300","59.11","41.4"
"10","007","00","007","0701","0000","938","705","233","126","1064","1686","0","63.11","41.81"
"10","007","00","007","0701","0341","586","446","140","81","667","1066","0","62.57","41.84"
"10","007","00","007","0701","0342","352","259","93","45","397","620","0","64.03","41.77"
"10","007","00","007","0702","0000","1107","816","291","71","1178","2072","0","56.85","39.38"
"10","007","00","007","0702","0343","425","322","103","16","441","876","0","50.34","36.76"
"10","007","00","007","0702","0344","682","494","188","55","737","1196","0","61.62","41.3"
"10","007","00","007","0703","0000","1426","1077","349","120","1546","2642","0","58.52","40.76"
"10","007","00","007","0703","0345","735","557","178","55","790","1369","0","57.71","40.69"
"10","007","00","007","0703","0346","691","520","171","65","756","1273","0","59.39","40.85"
"10","007","00","007","0704","0000","1059","813","246","45","1104","1888","0","58.47","43.06"
"10","007","00","007","0704","0348","546","409","137","24","570","967","0","58.95","42.3"
"10","007","00","007","0704","0349","513","404","109","21","534","921","0","57.98","43.87"
"10","007","00","007","0705","0000","744","572","172","62","806","1433","0","56.25","39.92"
"10","007","00","007","0705","0347","744","572","172","62","806","1433","0","56.25","39.92"
"10","007","00","007","0706","0000","2150","1651","499","168","2318","3910","0","59.28","42.23"
"10","007","00","007","0706","0350","396","315","81","37","433","689","0","62.84","45.72"
"10","007","00","007","0706","0351","378","281","97","43","421","688","0","61.19","40.84"
"10","007","00","007","0706","0352","730","553","177","51","781","1252","0","62.38","44.17"
"10","007","00","007","0706","0353","646","502","144","37","683","1281","0","53.32","39.19"
"10","007","00","007","0707","0000","1652","1302","350","110","1762","3211","0","54.87","40.55"
"10","007","00","007","0707","0354","387","302","85","30","417","754","0","55.31","40.05"
"10","007","00","007","0707","0355","530","403","127","52","582","1024","0","56.84","39.36"
"10","007","00","007","0707","0356","735","597","138","28","763","1433","0","53.24","41.66"
"10","007","00","007","0708","0000","1306","968","338","112","1418","2261","0","62.72","42.81"
"10","007","00","007","0708","0357","820","611","209","54","874","1366","0","63.98","44.73"
"10","007","00","007","0708","0358","486","357","129","58","544","895","0","60.78","39.89"
"10","007","00","007","0709","0000","674","522","152","80","754","1386","0","54.4","37.66"
"10","007","00","007","0709","0359","674","522","152","80","754","1386","0","54.4","37.66"
"10","007","00","007","0710","0000","2558","1976","582","242","2800","4454","0","62.86","44.36"
"10","007","00","007","0710","0360","477","350","127","67","544","896","0","60.71","39.06"
"10","007","00","007","0710","0361","489","368","121","40","529","804","0","65.8","45.77"
"10","007","00","007","0710","0362","484","380","104","33","517","827","0","62.52","45.95"
"10","007","00","007","0710","0363","545","436","109","48","593","996","0","59.54","43.78"
"10","007","00","007","0710","0364","563","442","121","54","617","931","0","66.27","47.48"
"10","007","00","007","0711","0000","1086","826","260","85","1171","1944","0","60.24","42.49"
"10","007","00","007","0711","0365","369","281","88","35","404","715","0","56.5","39.3"
"10","007","00","007","0711","0366","717","545","172","50","767","1229","0","62.41","44.34"
"10","007","00","007","0712","0000","880","678","202","88","968","1701","0","56.91","39.86"
"10","007","00","007","0712","0367","425","328","97","34","459","890","0","51.57","36.85"
"10","007","00","007","0712","0368","455","350","105","54","509","811","0","62.76","43.16"
"10","007","00","007","0713","0000","950","636","314","78","1028","1717","0","59.87","37.04"
"10","007","00","007","0713","0369","447","332","115","39","486","786","0","61.83","42.24"
"10","007","00","007","0713","0370","503","304","199","39","542","931","0","58.22","32.65"
"10","007","00","007","0714","0000","1102","869","233","129","1231","2089","0","58.93","41.6"
"10","007","00","007","0714","0371","683","523","160","85","768","1265","0","60.71","41.34"
"10","007","00","007","0714","0372","419","346","73","44","463","824","0","56.19","41.99"
"10","007","00","008","0000","0000","20584","15558","5026","1998","22582","38924","45922","58.02","39.97"
"10","007","00","008","0801","0000","1613","1220","393","126","1739","3257","0","53.39","37.46"
"10","007","00","008","0801","0185","491","371","120","50","541","901","0","60.04","41.18"
"10","007","00","008","0801","0186","466","335","131","48","514","1042","0","49.33","32.15"
"10","007","00","008","0801","0187","656","514","142","28","684","1314","0","52.05","39.12"
"10","007","00","008","0802","0000","962","715","247","112","1074","1827","0","58.78","39.14"
"10","007","00","008","0802","0188","428","315","113","59","487","808","0","60.27","38.99"
"10","007","00","008","0802","0189","534","400","134","53","587","1019","0","57.61","39.25"
"10","007","00","008","0803","0000","1211","940","271","216","1427","2384","0","59.86","39.43"
"10","007","00","008","0803","0190","609","454","155","91","700","1144","0","61.19","39.69"
"10","007","00","008","0803","0191","602","486","116","125","727","1240","0","58.63","39.19"
"10","007","00","008","0804","0000","642","479","163","84","726","1095","0","66.3","43.74"
"10","007","00","008","0804","0193","642","479","163","84","726","1095","0","66.3","43.74"
"10","007","00","008","0805","0000","779","615","164","100","879","1425","0","61.68","43.16"
"10","007","00","008","0805","0192","779","615","164","100","879","1425","0","61.68","43.16"
"10","007","00","008","0806","0000","1045","796","249","79","1124","1892","0","59.41","42.07"
"10","007","00","008","0806","0194","502","380","122","43","545","910","0","59.89","41.76"
"10","007","00","008","0806","0195","543","416","127","36","579","982","0","58.96","42.36"
"10","007","00","008","0807","0000","449","349","100","51","500","764","0","65.45","45.68"
"10","007","00","008","0807","0198","449","349","100","51","500","764","0","65.45","45.68"
"10","007","00","008","0808","0000","892","667","225","45","937","1770","0","52.94","37.68"
"10","007","00","008","0808","0196","544","390","154","23","567","1070","0","52.99","36.45"
"10","007","00","008","0808","0197","348","277","71","22","370","700","0","52.86","39.57"
"10","007","00","008","0809","0000","2669","2100","569","241","2910","4967","0","58.59","42.28"
"10","007","00","008","0809","0207","563","443","120","71","634","1169","0","54.23","37.9"
"10","007","00","008","0809","0208","700","542","158","64","764","1274","0","59.97","42.54"
"10","007","00","008","0809","0209","731","582","149","60","791","1280","0","61.8","45.47"
"10","007","00","008","0809","0210","675","533","142","46","721","1244","0","57.96","42.85"
"10","007","00","008","0810","0000","1650","968","682","155","1805","3038","0","59.41","31.86"
"10","007","00","008","0810","0199","548","127","421","55","603","953","0","63.27","13.33"
"10","007","00","008","0810","0200","521","403","118","34","555","974","0","56.98","41.38"
"10","007","00","008","0810","0201","581","438","143","66","647","1111","0","58.24","39.42"
"10","007","00","008","0811","0000","2427","1876","551","221","2648","4576","0","57.87","41.0"
"10","007","00","008","0811","0202","595","483","112","73","668","1101","0","60.67","43.87"
"10","007","00","008","0811","0203","547","425","122","59","606","1110","0","54.59","38.29"
"10","007","00","008","0811","0204","665","518","147","60","725","1262","0","57.45","41.05"
"10","007","00","008","0811","0205","620","450","170","29","649","1103","0","58.84","40.8"
"10","007","00","008","0812","0000","621","470","151","76","697","1347","0","51.74","34.89"
"10","007","00","008","0812","0206","621","470","151","76","697","1347","0","51.74","34.89"
"10","007","00","008","0813","0000","1787","1380","407","166","1953","3312","0","58.97","41.67"
"10","007","00","008","0813","0211","610","451","159","70","680","1159","0","58.67","38.91"
"10","007","00","008","0813","0212","607","493","114","46","653","1042","0","62.67","47.31"
"10","007","00","008","0813","0213","570","436","134","50","620","1111","0","55.81","39.24"
"10","007","00","008","0814","0000","515","395","120","52","567","893","0","63.49","44.23"
"10","007","00","008","0814","0214","515","395","120","52","567","893","0","63.49","44.23"
"10","007","00","008","0815","0000","503","372","131","62","565","953","0","59.29","39.03"
"10","007","00","008","0815","0215","503","372","131","62","565","953","0","59.29","39.03"
"10","007","00","008","0816","0000","976","782","194","93","1069","1912","0","55.91","40.9"
"10","007","00","008","0816","0216","436","377","59","35","471","987","0","47.72","38.2"
"10","007","00","008","0816","0217","540","405","135","58","598","925","0","64.65","43.78"
"10","007","00","008","0817","0000","1008","786","222","60","1068","1906","0","56.03","41.24"
"10","007","00","008","0817","0218","495","389","106","29","524","951","0","55.1","40.9"
"10","007","00","008","0817","0219","513","397","116","31","544","955","0","56.96","41.57"
"10","007","00","008","0818","0000","835","648","187","59","894","1606","0","55.67","40.35"
"10","007","00","008","0818","0220","457","354","103","29","486","895","0","54.3","39.55"
"10","007","00","008","0818","0221","378","294","84","30","408","711","0","57.38","41.35"
"10","007","00","009","0000","0000","10108","7792","2316","1147","11255","20408","23594","55.15","38.18"
"10","007","00","009","0901","0000","887","700","187","101","988","1752","0","56.39","39.95"
"10","007","00","009","0901","0222","489","396","93","45","534","958","0","55.74","41.34"
"10","007","00","009","0901","0223","398","304","94","56","454","794","0","57.18","38.29"
"10","007","00","009","0902","0000","648","493","155","98","746","1415","0","52.72","34.84"
"10","007","00","009","0902","0224","648","493","155","98","746","1415","0","52.72","34.84"
"10","007","00","009","0903","0000","959","746","213","91","1050","1758","0","59.73","42.43"
"10","007","00","009","0903","0225","531","401","130","45","576","927","0","62.14","43.26"
"10","007","00","009","0903","0226","428","345","83","46","474","831","0","57.04","41.52"
"10","007","00","009","0904","0000","1183","931","252","132","1315","2465","0","53.35","37.77"
"10","007","00","009","0904","0228","576","449","127","57","633","1227","0","51.59","36.59"
"10","007","00","009","0904","0229","607","482","125","75","682","1238","0","55.09","38.93"
"10","007","00","009","0905","0000","1220","914","306","146","1366","2351","0","58.1","38.88"
"10","007","00","009","0905","0230","705","515","190","80","785","1362","0","57.64","37.81"
"10","007","00","009","0905","0231","515","399","116","66","581","989","0","58.75","40.34"
"10","007","00","009","0906","0000","965","766","199","97","1062","1661","0","63.94","46.12"
"10","007","00","009","0906","0232","598","474","124","67","665","1054","0","63.09","44.97"
"10","007","00","009","0906","0233","367","292","75","30","397","607","0","65.4","48.11"
"10","007","00","009","0907","0000","487","385","102","49","536","882","0","60.77","43.65"
"10","007","00","009","0907","0234","487","385","102","49","536","882","0","60.77","43.65"
"10","007","00","009","0908","0000","509","399","110","52","561","1143","0","49.08","34.91"
"10","007","00","009","0908","0235","509","399","110","52","561","1143","0","49.08","34.91"
"10","007","00","009","0909","0000","275","222","53","25","300","661","0","45.39","33.59"
"10","007","00","009","0909","0236","275","222","53","25","300","661","0","45.39","33.59"
"10","007","00","009","0910","0000","798","584","214","45","843","1685","0","50.03","34.66"
"10","007","00","009","0910","0237","395","294","101","6","401","838","0","47.85","35.08"
"10","007","00","009","0910","0238","403","290","113","39","442","847","0","52.18","34.24"
"10","007","00","009","0911","0000","517","401","116","75","592","987","0","59.98","40.63"
"10","007","00","009","0911","0239","517","401","116","75","592","987","0","59.98","40.63"
"10","007","00","009","0912","0000","542","397","145","83","625","1217","0","51.36","32.62"
"10","007","00","009","0912","0240","542","397","145","83","625","1217","0","51.36","32.62"
"10","007","00","009","0913","0000","354","260","94","83","437","865","0","50.52","30.06"
"10","007","00","009","0913","0241","354","260","94","83","437","865","0","50.52","30.06"
"10","007","00","009","0914","0000","464","355","109","51","515","996","0","51.71","35.64"
"10","007","00","009","0914","0242","464","355","109","51","515","996","0","51.71","35.64"
"10","007","00","009","0915","0000","300","239","61","19","319","570","0","55.96","41.93"
"10","007","00","009","0915","0227","300","239","61","19","319","570","0","55.96","41.93"
"10","007","00","010","0000","0000","53550","41186","12364","3952","57502","102028","124755","56.36","40.37"
"10","007","00","010","1001","0000","572","427","145","48","620","1063","0","58.33","40.17"
"10","007","00","010","1001","0504","572","427","145","48","620","1063","0","58.33","40.17"
"10","007","00","010","1002","0000","1506","1063","443","113","1619","2788","0","58.07","38.13"
"10","007","00","010","1002","0505","484","308","176","33","517","925","0","55.89","33.3"
"10","007","00","010","1002","0506","508","370","138","49","557","947","0","58.82","39.07"
"10","007","00","010","1002","0507","514","385","129","31","545","916","0","59.5","42.03"
"10","007","00","010","1003","0000","1680","1324","356","99","1779","3174","0","56.05","41.71"
"10","007","00","010","1003","0528","440","352","88","18","458","867","0","52.83","40.6"
"10","007","00","010","1003","0529","639","497","142","39","678","1201","0","56.45","41.38"
"10","007","00","010","1003","0530","601","475","126","42","643","1106","0","58.14","42.95"
"10","007","00","010","1004","0000","1408","1056","352","126","1534","2588","0","59.27","40.8"
"10","007","00","010","1004","0531","456","331","125","48","504","845","0","59.64","39.17"
"10","007","00","010","1004","0532","489","373","116","36","525","894","0","58.72","41.72"
"10","007","00","010","1004","0533","463","352","111","42","505","849","0","59.48","41.46"
"10","007","00","010","1005","0000","420","315","105","50","470","747","0","62.92","42.17"
"10","007","00","010","1005","0534","420","315","105","50","470","747","0","62.92","42.17"
"10","007","00","010","1006","0000","1475","1132","343","95","1570","2824","0","55.59","40.08"
"10","007","00","010","1006","0535","519","405","114","29","548","884","0","61.99","45.81"
"10","007","00","010","1006","0536","442","341","101","36","478","900","0","53.11","37.89"
"10","007","00","010","1006","0537","514","386","128","30","544","1040","0","52.31","37.12"
"10","007","00","010","1007","0000","432","307","125","22","454","831","0","54.63","36.94"
"10","007","00","010","1007","0538","432","307","125","22","454","831","0","54.63","36.94"
"10","007","00","010","1008","0000","342","256","86","40","382","591","0","64.64","43.32"
"10","007","00","010","1008","0539","342","256","86","40","382","591","0","64.64","43.32"
"10","007","00","010","1009","0000","978","760","218","58","1036","1849","0","56.03","41.1"
"10","007","00","010","1009","0508","444","349","95","34","478","862","0","55.45","40.49"
"10","007","00","010","1009","0509","534","411","123","24","558","987","0","56.53","41.64"
"10","007","00","010","1010","0000","3046","2410","636","182","3228","5677","0","56.86","42.45"
"10","007","00","010","1010","0510","550","422","128","47","597","1085","0","55.02","38.89"
"10","007","00","010","1010","0511","609","473","136","29","638","1110","0","57.48","42.61"
"10","007","00","010","1010","0512","535","408","127","24","559","1095","0","51.05","37.26"
"10","007","00","010","1010","0513","743","613","130","38","781","1278","0","61.11","47.97"
"10","007","00","010","1010","0514","609","494","115","44","653","1109","0","58.88","44.54"
"10","007","00","010","1011","0000","1218","922","296","112","1330","2487","0","53.48","37.07"
"10","007","00","010","1011","0561","553","425","128","77","630","1131","0","55.7","37.58"
"10","007","00","010","1011","0562","665","497","168","35","700","1356","0","51.62","36.65"
"10","007","00","010","1012","0000","2296","1781","515","177","2473","4191","0","59.01","42.5"
"10","007","00","010","1012","0563","703","556","147","64","767","1370","0","55.99","40.58"
"10","007","00","010","1012","0564","589","446","143","46","635","1090","0","58.26","40.92"
"10","007","00","010","1012","0565","499","391","108","31","530","821","0","64.56","47.62"
"10","007","00","010","1012","0566","505","388","117","36","541","910","0","59.45","42.64"
"10","007","00","010","1013","0000","2714","2062","652","162","2876","4993","0","57.6","41.3"
"10","007","00","010","1013","0567","631","484","147","50","681","1203","0","56.61","40.23"
"10","007","00","010","1013","0568","719","553","166","55","774","1378","0","56.17","40.13"
"10","007","00","010","1013","0569","737","563","174","34","771","1352","0","57.03","41.64"
"10","007","00","010","1013","0570","627","462","165","23","650","1060","0","61.32","43.58"
"10","007","00","010","1014","0000","2317","1791","526","193","2510","4559","0","55.06","39.28"
"10","007","00","010","1014","0571","665","529","136","54","719","1317","0","54.59","40.17"
"10","007","00","010","1014","0572","563","425","138","44","607","1120","0","54.2","37.95"
"10","007","00","010","1014","0573","512","403","109","42","554","1025","0","54.05","39.32"
"10","007","00","010","1014","0574","577","434","143","53","630","1097","0","57.43","39.56"
"10","007","00","010","1015","0000","903","656","247","90","993","1696","0","58.55","38.68"
"10","007","00","010","1015","0575","484","350","134","44","528","859","0","61.47","40.75"
"10","007","00","010","1015","0576","419","306","113","46","465","837","0","55.56","36.56"
"10","007","00","010","1016","0000","1169","888","281","123","1292","2163","0","59.73","41.05"
"10","007","00","010","1016","0577","628","478","150","55","683","1090","0","62.66","43.85"
"10","007","00","010","1016","0578","541","410","131","68","609","1073","0","56.76","38.21"
"10","007","00","010","1017","0000","1367","1067","300","86","1453","2625","0","55.35","40.65"
"10","007","00","010","1017","0540","674","500","174","49","723","1330","0","54.36","37.59"
"10","007","00","010","1017","0541","693","567","126","37","730","1295","0","56.37","43.78"
"10","007","00","010","1018","0000","3235","2538","697","207","3442","6205","0","55.47","40.9"
"10","007","00","010","1018","0545","642","534","108","35","677","1176","0","57.57","45.41"
"10","007","00","010","1018","0546","402","315","87","13","415","867","0","47.87","36.33"
"10","007","00","010","1018","0547","563","424","139","49","612","1121","0","54.59","37.82"
"10","007","00","010","1018","0548","589","455","134","39","628","1190","0","52.77","38.24"
"10","007","00","010","1018","0549","530","410","120","35","565","945","0","59.79","43.39"
"10","007","00","010","1018","0550","509","400","109","36","545","906","0","60.15","44.15"
"10","007","00","010","1019","0000","1578","1221","357","122","1700","2876","0","59.11","42.45"
"10","007","00","010","1019","0551","547","393","154","48","595","978","0","60.84","40.18"
"10","007","00","010","1019","0552","510","416","94","45","555","949","0","58.48","43.84"
"10","007","00","010","1019","0553","521","412","109","29","550","949","0","57.96","43.41"
"10","007","00","010","1020","0000","1043","784","259","93","1136","1931","0","58.83","40.6"
"10","007","00","010","1020","0515","541","404","137","61","602","1055","0","57.06","38.29"
"10","007","00","010","1020","0516","502","380","122","32","534","876","0","60.96","43.38"
"10","007","00","010","1021","0000","1153","892","261","92","1245","2301","0","54.11","38.77"
"10","007","00","010","1021","0517","512","379","133","44","556","1115","0","49.87","33.99"
"10","007","00","010","1021","0518","641","513","128","48","689","1186","0","58.09","43.25"
"10","007","00","010","1022","0000","1678","1318","360","97","1775","3195","0","55.56","41.25"
"10","007","00","010","1022","0519","556","449","107","44","600","995","0","60.3","45.13"
"10","007","00","010","1022","0520","505","397","108","12","517","999","0","51.75","39.74"
"10","007","00","010","1022","0521","617","472","145","41","658","1201","0","54.79","39.3"
"10","007","00","010","1023","0000","1239","960","279","67","1306","2428","0","53.79","39.54"
"10","007","00","010","1023","0522","695","555","140","35","730","1342","0","54.4","41.36"
"10","007","00","010","1023","0523","544","405","139","32","576","1086","0","53.04","37.29"
"10","007","00","010","1024","0000","2008","1573","435","119","2127","3624","0","58.69","43.41"
"10","007","00","010","1024","0524","424","326","98","33","457","854","0","53.51","38.17"
"10","007","00","010","1024","0525","555","435","120","36","591","1064","0","55.55","40.88"
"10","007","00","010","1024","0526","499","385","114","19","518","879","0","58.93","43.8"
"10","007","00","010","1024","0527","530","427","103","31","561","827","0","67.84","51.63"
"10","007","00","010","1025","0000","1198","944","254","61","1259","2440","0","51.6","38.69"
"10","007","00","010","1025","0481","534","443","91","25","559","1087","0","51.43","40.75"
"10","007","00","010","1025","0482","664","501","163","36","700","1353","0","51.74","37.03"
"10","007","00","010","1026","0000","1209","938","271","84","1293","2641","0","48.96","35.52"
"10","007","00","010","1026","0483","637","495","142","57","694","1313","0","52.86","37.7"
"10","007","00","010","1026","0484","572","443","129","27","599","1328","0","45.11","33.36"
"10","007","00","010","1027","0000","1448","1111","337","121","1569","2786","0","56.32","39.88"
"10","007","00","010","1027","0485","563","411","152","34","597","1055","0","56.59","38.96"
"10","007","00","010","1027","0486","477","385","92","44","521","959","0","54.33","40.15"
"10","007","00","010","1027","0487","408","315","93","43","451","772","0","58.42","40.8"
"10","007","00","010","1028","0000","795","612","183","59","854","1685","0","50.68","36.32"
"10","007","00","010","1028","0488","466","359","107","44","510","831","0","61.37","43.2"
"10","007","00","010","1028","0489","329","253","76","15","344","854","0","40.28","29.63"
"10","007","00","010","1029","0000","495","378","117","38","533","1190","0","44.79","31.76"
"10","007","00","010","1029","0490","495","378","117","38","533","1190","0","44.79","31.76"
"10","007","00","010","1030","0000","379","306","73","20","399","726","0","54.96","42.15"
"10","007","00","010","1030","0491","379","306","73","20","399","726","0","54.96","42.15"
"10","007","00","010","1031","0000","950","722","228","127","1077","1984","0","54.28","36.39"
"10","007","00","010","1031","0492","565","429","136","65","630","1124","0","56.05","38.17"
"10","007","00","010","1031","0493","385","293","92","62","447","860","0","51.98","34.07"
"10","007","00","010","1032","0000","1206","920","286","108","1314","2197","0","59.81","41.88"
"10","007","00","010","1032","0494","618","480","138","58","676","1122","0","60.25","42.78"
"10","007","00","010","1032","0495","588","440","148","50","638","1075","0","59.35","40.93"
"10","007","00","010","1033","0000","956","719","237","100","1056","1960","0","53.88","36.68"
"10","007","00","010","1033","0496","482","357","125","69","551","993","0","55.49","35.95"
"10","007","00","010","1033","0497","474","362","112","31","505","967","0","52.22","37.44"
"10","007","00","010","1034","0000","919","669","250","112","1031","1812","0","56.9","36.92"
"10","007","00","010","1034","0498","514","371","143","63","577","1008","0","57.24","36.81"
"10","007","00","010","1034","0499","405","298","107","49","454","804","0","56.47","37.06"
"10","007","00","010","1035","0000","889","685","204","62","951","1752","0","54.28","39.1"
"10","007","00","010","1035","0500","452","340","112","32","484","867","0","55.82","39.22"
"10","007","00","010","1035","0501","437","345","92","30","467","885","0","52.77","38.98"
"10","007","00","010","1036","0000","1081","860","221","51","1132","2352","0","48.13","36.56"
"10","007","00","010","1036","0502","452","367","85","18","470","1097","0","42.84","33.45"
"10","007","00","010","1036","0503","629","493","136","33","662","1255","0","52.75","39.28"
"10","007","00","010","1037","0000","1552","1197","355","107","1659","2818","0","58.87","42.48"
"10","007","00","010","1037","0554","527","418","109","35","562","1006","0","55.86","41.55"
"10","007","00","010","1037","0555","484","361","123","44","528","889","0","59.39","40.61"
"10","007","00","010","1037","0556","541","418","123","28","569","923","0","61.65","45.29"
"10","007","00","010","1038","0000","1310","1009","301","80","1390","2284","0","60.86","44.18"
"10","007","00","010","1038","0557","701","538","163","39","740","1209","0","61.21","44.5"
"10","007","00","010","1038","0558","609","471","138","41","650","1075","0","60.47","43.81"
"10","007","00","010","1039","0000","1426","1106","320","86","1512","2381","0","63.5","46.45"
"10","007","00","010","1039","0559","780","620","160","44","824","1342","0","61.4","46.2"
"10","007","00","010","1039","0560","646","486","160","42","688","1039","0","66.22","46.78"
"10","007","00","010","1040","0000","782","597","185","59","841","1388","0","60.59","43.01"
"10","007","00","010","1040","0544","782","597","185","59","841","1388","0","60.59","43.01"
"10","007","00","010","1041","0000","1178","910","268","104","1282","2226","0","57.59","40.88"
"10","007","00","010","1041","0542","649","506","143","66","715","1283","0","55.73","39.44"
"10","007","00","010","1041","0543","529","404","125","38","567","943","0","60.13","42.84"
"10","007","00","011","0000","0000","23971","18816","5155","2109","26080","45147","55412","57.77","41.68"
"10","007","00","011","1101","0000","623","477","146","54","677","1221","0","55.45","39.07"
"10","007","00","011","1101","0640","623","477","146","54","677","1221","0","55.45","39.07"
"10","007","00","011","1102","0000","373","286","87","36","409","638","0","64.11","44.83"
"10","007","00","011","1102","0641","373","286","87","36","409","638","0","64.11","44.83"
"10","007","00","011","1103","0000","976","782","194","93","1069","1785","0","59.89","43.81"
"10","007","00","011","1103","0642","438","347","91","47","485","817","0","59.36","42.47"
"10","007","00","011","1103","0643","538","435","103","46","584","968","0","60.33","44.94"
"10","007","00","011","1104","0000","278","221","57","17","295","448","0","65.85","49.33"
"10","007","00","011","1104","0644","278","221","57","17","295","448","0","65.85","49.33"
"10","007","00","011","1105","0000","1793","1401","392","138","1931","3275","0","58.96","42.78"
"10","007","00","011","1105","0654","569","443","126","40","609","1072","0","56.81","41.32"
"10","007","00","011","1105","0655","611","477","134","57","668","1113","0","60.02","42.86"
"10","007","00","011","1105","0656","613","481","132","41","654","1090","0","60.0","44.13"
"10","007","00","011","1106","0000","1205","985","220","102","1307","2145","0","60.93","45.92"
"10","007","00","011","1106","0657","674","554","120","42","716","1193","0","60.02","46.44"
"10","007","00","011","1106","0658","531","431","100","60","591","952","0","62.08","45.27"
"10","007","00","011","1107","0000","1888","1537","351","124","2012","3387","0","59.4","45.38"
"10","007","00","011","1107","0659","613","467","146","61","674","1172","0","57.51","39.85"
"10","007","00","011","1107","0660","583","474","109","9","592","1027","0","57.64","46.15"
"10","007","00","011","1107","0661","692","596","96","54","746","1188","0","62.79","50.17"
"10","007","00","011","1108","0000","687","512","175","63","750","1403","0","53.46","36.49"
"10","007","00","011","1108","0662","687","512","175","63","750","1403","0","53.46","36.49"
"10","007","00","011","1109","0000","1481","1129","352","143","1624","3033","0","53.54","37.22"
"10","007","00","011","1109","0663","636","486","150","80","716","1397","0","51.25","34.79"
"10","007","00","011","1109","0664","845","643","202","63","908","1636","0","55.5","39.3"
"10","007","00","011","1110","0000","1322","1062","260","144","1466","2512","0","58.36","42.28"
"10","007","00","011","1110","0665","683","542","141","85","768","1298","0","59.17","41.76"
"10","007","00","011","1110","0666","639","520","119","59","698","1214","0","57.5","42.83"
"10","007","00","011","1111","0000","1271","1041","230","110","1381","2265","0","60.97","45.96"
"10","007","00","011","1111","0667","721","589","132","55","776","1297","0","59.83","45.41"
"10","007","00","011","1111","0668","550","452","98","55","605","968","0","62.5","46.69"
"10","007","00","011","1112","0000","467","343","124","37","504","839","0","60.07","40.88"
"10","007","00","011","1112","0669","467","343","124","37","504","839","0","60.07","40.88"
"10","007","00","011","1113","0000","928","717","211","65","993","1805","0","55.01","39.72"
"10","007","00","011","1113","0670","506","385","121","45","551","907","0","60.75","42.45"
"10","007","00","011","1113","0671","422","332","90","20","442","898","0","49.22","36.97"
"10","007","00","011","1114","0000","1247","978","269","121","1368","2345","0","58.34","41.71"
"10","007","00","011","1114","0649","622","473","149","57","679","1146","0","59.25","41.27"
"10","007","00","011","1114","0650","625","505","120","64","689","1199","0","57.46","42.12"
"10","007","00","011","1115","0000","465","350","115","31","496","851","0","58.28","41.13"
"10","007","00","011","1115","0653","465","350","115","31","496","851","0","58.28","41.13"
"10","007","00","011","1116","0000","765","564","201","98","863","1365","0","63.22","41.32"
"10","007","00","011","1116","0681","765","564","201","98","863","1365","0","63.22","41.32"
"10","007","00","011","1117","0000","1017","796","221","70","1087","1859","0","58.47","42.82"
"10","007","00","011","1117","0651","472","364","108","49","521","895","0","58.21","40.67"
"10","007","00","011","1117","0652","545","432","113","21","566","964","0","58.71","44.81"
"10","007","00","011","1118","0000","2415","1854","561","173","2588","4689","0","55.19","39.54"
"10","007","00","011","1118","0645","533","412","121","34","567","1123","0","50.49","36.69"
"10","007","00","011","1118","0646","598","458","140","58","656","1166","0","56.26","39.28"
"10","007","00","011","1118","0647","603","462","141","39","642","1151","0","55.78","40.14"
"10","007","00","011","1118","0648","681","522","159","42","723","1249","0","57.89","41.79"
"10","007","00","011","1119","0000","417","330","87","32","449","650","0","69.08","50.77"
"10","007","00","011","1119","0672","417","330","87","32","449","650","0","69.08","50.77"
"10","007","00","011","1120","0000","653","519","134","84","737","1279","0","57.62","40.58"
"10","007","00","011","1120","0673","653","519","134","84","737","1279","0","57.62","40.58"
"10","007","00","011","1121","0000","405","307","98","54","459","730","0","62.88","42.05"
"10","007","00","011","1121","0674","405","307","98","54","459","730","0","62.88","42.05"
"10","007","00","011","1122","0000","735","690","45","75","810","1407","0","57.57","49.04"
"10","007","00","011","1122","0675","735","690","45","75","810","1407","0","57.57","49.04"
"10","007","00","011","1123","0000","579","422","157","62","641","1273","0","50.35","33.15"
"10","007","00","011","1123","0676","579","422","157","62","641","1273","0","50.35","33.15"
"10","007","00","011","1124","0000","1042","772","270","99","1141","2201","0","51.84","35.07"
"10","007","00","011","1124","0679","471","337","134","54","525","1052","0","49.9","32.03"
"10","007","00","011","1124","0680","571","435","136","45","616","1149","0","53.61","37.86"
"10","007","00","011","1125","0000","939","741","198","84","1023","1742","0","58.73","42.54"
"10","007","00","011","1125","0677","510","406","104","32","542","988","0","54.86","41.09"
"10","007","00","011","1125","0678","429","335","94","52","481","754","0","63.79","44.43"
"10","007","00","012","0000","0000","18502","14080","4422","1855","20357","35391","41599","57.52","39.78"
"10","007","00","012","1201","0000","389","296","93","87","476","854","0","55.74","34.66"
"10","007","00","012","1201","0742","389","296","93","87","476","854","0","55.74","34.66"
"10","007","00","012","1202","0000","476","366","110","58","534","1138","0","46.92","32.16"
"10","007","00","012","1202","0743","438","342","96","51","489","963","0","50.78","35.51"
"10","007","00","012","1202","0744","38","24","14","7","45","175","0","25.71","13.71"
"10","007","00","012","1203","0000","358","276","82","36","394","739","0","53.32","37.35"
"10","007","00","012","1203","0745","358","276","82","36","394","739","0","53.32","37.35"
"10","007","00","012","1204","0000","792","591","201","94","886","1567","0","56.54","37.72"
"10","007","00","012","1204","0746","400","305","95","39","439","826","0","53.15","36.92"
"10","007","00","012","1204","0747","392","286","106","55","447","741","0","60.32","38.6"
"10","007","00","012","1205","0000","682","532","150","57","739","1507","0","49.04","35.3"
"10","007","00","012","1205","0748","205","165","40","12","217","506","0","42.89","32.61"
"10","007","00","012","1205","0749","477","367","110","45","522","1001","0","52.15","36.66"
"10","007","00","012","1206","0000","660","509","151","83","743","1281","0","58.0","39.73"
"10","007","00","012","1206","0750","660","509","151","83","743","1281","0","58.0","39.73"
"10","007","00","012","1207","0000","944","734","210","96","1040","1757","0","59.19","41.78"
"10","007","00","012","1207","0753","476","374","102","43","519","844","0","61.49","44.31"
"10","007","00","012","1207","0754","468","360","108","53","521","913","0","57.06","39.43"
"10","007","00","012","1208","0000","359","277","82","44","403","613","0","65.74","45.19"
"10","007","00","012","1208","0755","359","277","82","44","403","613","0","65.74","45.19"
"10","007","00","012","1209","0000","1952","1522","430","162","2114","3351","0","63.09","45.42"
"10","007","00","012","1209","0756","745","564","181","75","820","1382","0","59.33","40.81"
"10","007","00","012","1209","0757","631","505","126","46","677","1034","0","65.47","48.84"
"10","007","00","012","1209","0758","576","453","123","41","617","935","0","65.99","48.45"
"10","007","00","012","1210","0000","1320","995","325","92","1412","2401","0","58.81","41.44"
"10","007","00","012","1210","0759","696","523","173","52","748","1301","0","57.49","40.2"
"10","007","00","012","1210","0760","624","472","152","40","664","1100","0","60.36","42.91"
"10","007","00","012","1211","0000","587","438","149","53","640","1071","0","59.76","40.9"
"10","007","00","012","1211","0761","587","438","149","53","640","1071","0","59.76","40.9"
"10","007","00","012","1212","0000","652","485","167","64","716","1163","0","61.56","41.7"
"10","007","00","012","1212","0762","652","485","167","64","716","1163","0","61.56","41.7"
"10","007","00","012","1213","0000","1121","863","258","100","1221","1964","0","62.17","43.94"
"10","007","00","012","1213","0763","482","373","109","42","524","809","0","64.77","46.11"
"10","007","00","012","1213","0764","639","490","149","58","697","1155","0","60.35","42.42"
"10","007","00","012","1214","0000","1261","969","292","111","1372","2362","0","58.09","41.02"
"10","007","00","012","1214","0751","537","412","125","57","594","1035","0","57.39","39.81"
"10","007","00","012","1214","0752","724","557","167","54","778","1327","0","58.63","41.97"
"10","007","00","012","1215","0000","818","622","196","93","911","1606","0","56.72","38.73"
"10","007","00","012","1215","0766","449","346","103","40","489","870","0","56.21","39.77"
"10","007","00","012","1215","0767","369","276","93","53","422","736","0","57.34","37.5"
"10","007","00","012","1216","0000","636","482","154","57","693","1335","0","51.91","36.1"
"10","007","00","012","1216","0768","636","482","154","57","693","1335","0","51.91","36.1"
"10","007","00","012","1217","0000","887","633","254","98","985","1774","0","55.52","35.68"
"10","007","00","012","1217","0769","450","332","118","41","491","876","0","56.05","37.9"
"10","007","00","012","1217","0770","437","301","136","57","494","898","0","55.01","33.52"
"10","007","00","012","1218","0000","2217","1691","526","174","2391","4224","0","56.61","40.03"
"10","007","00","012","1218","0771","722","560","162","28","750","1298","0","57.78","43.14"
"10","007","00","012","1218","0772","726","525","201","81","807","1451","0","55.62","36.18"
"10","007","00","012","1218","0773","769","606","163","65","834","1475","0","56.54","41.08"
"10","007","00","012","1219","0000","642","478","164","86","728","1270","0","57.32","37.64"
"10","007","00","012","1219","0765","642","478","164","86","728","1270","0","57.32","37.64"
"10","007","00","012","1220","0000","756","591","165","80","836","1576","0","53.05","37.5"
"10","007","00","012","1220","0774","349","263","86","51","400","766","0","52.22","34.33"
"10","007","00","012","1220","0775","407","328","79","29","436","810","0","53.83","40.49"
"10","007","00","012","1221","0000","497","363","134","68","565","953","0","59.29","38.09"
"10","007","00","012","1221","0776","497","363","134","68","565","953","0","59.29","38.09"
"10","007","00","012","1222","0000","496","367","129","62","558","885","0","63.05","41.47"
"10","007","00","012","1222","0777","496","367","129","62","558","885","0","63.05","41.47"
"10","007","00","013","0000","0000","16959","13152","3807","1477","18436","31492","36907","58.54","41.76"
"10","007","00","013","1301","0000","1825","1448","377","153","1978","3152","0","62.75","45.94"
"10","007","00","013","1301","0579","832","655","177","70","902","1426","0","63.25","45.93"
"10","007","00","013","1301","0580","993","793","200","83","1076","1726","0","62.34","45.94"
"10","007","00","013","1302","0000","836","634","202","82","918","1542","0","59.53","41.12"
"10","007","00","013","1302","0581","444","334","110","61","505","797","0","63.36","41.91"
"10","007","00","013","1302","0582","392","300","92","21","413","745","0","55.44","40.27"
"10","007","00","013","1303","0000","759","590","169","74","833","1426","0","58.42","41.37"
"10","007","00","013","1303","0585","759","590","169","74","833","1426","0","58.42","41.37"
"10","007","00","013","1304","0000","625","493","132","63","688","1125","0","61.16","43.82"
"10","007","00","013","1304","0583","625","493","132","63","688","1125","0","61.16","43.82"
"10","007","00","013","1305","0000","596","465","131","39","635","1161","0","54.69","40.05"
"10","007","00","013","1305","0591","596","465","131","39","635","1161","0","54.69","40.05"
"10","007","00","013","1306","0000","1523","1188","335","86","1609","2813","0","57.2","42.23"
"10","007","00","013","1306","0594","764","606","158","56","820","1412","0","58.07","42.92"
"10","007","00","013","1306","0595","759","582","177","30","789","1401","0","56.32","41.54"
"10","007","00","013","1307","0000","1642","1245","397","154","1796","3028","0","59.31","41.12"
"10","007","00","013","1307","0597","539","390","149","62","601","996","0","60.34","39.16"
"10","007","00","013","1307","0598","559","430","129","52","611","1047","0","58.36","41.07"
"10","007","00","013","1307","0599","544","425","119","40","584","985","0","59.29","43.15"
"10","007","00","013","1308","0000","1301","1015","286","116","1417","2494","0","56.82","40.7"
"10","007","00","013","1308","0604","657","519","138","55","712","1189","0","59.88","43.65"
"10","007","00","013","1308","0605","644","496","148","61","705","1305","0","54.02","38.01"
"10","007","00","013","1309","0000","765","569","196","97","862","1486","0","58.01","38.29"
"10","007","00","013","1309","0584","765","569","196","97","862","1486","0","58.01","38.29"
"10","007","00","013","1310","0000","809","635","174","72","881","1478","0","59.61","42.96"
"10","007","00","013","1310","0588","809","635","174","72","881","1478","0","59.61","42.96"
"10","007","00","013","1311","0000","759","592","167","79","838","1395","0","60.07","42.44"
"10","007","00","013","1311","0596","759","592","167","79","838","1395","0","60.07","42.44"
"10","007","00","013","1312","0000","1038","800","238","87","1125","2001","0","56.22","39.98"
"10","007","00","013","1312","0586","480","360","120","44","524","824","0","63.59","43.69"
"10","007","00","013","1312","0587","558","440","118","43","601","1177","0","51.06","37.38"
"10","007","00","013","1313","0000","842","652","190","74","916","1591","0","57.57","40.98"
"10","007","00","013","1313","0589","387","295","92","19","406","779","0","52.12","37.87"
"10","007","00","013","1313","0590","455","357","98","55","510","812","0","62.81","43.97"
"10","007","00","013","1314","0000","1288","1001","287","92","1380","2497","0","55.27","40.09"
"10","007","00","013","1314","0592","619","486","133","34","653","1238","0","52.75","39.26"
"10","007","00","013","1314","0593","669","515","154","58","727","1259","0","57.74","40.91"
"10","007","00","013","1315","0000","1272","985","287","98","1370","2254","0","60.78","43.7"
"10","007","00","013","1315","0600","610","470","140","48","658","1054","0","62.43","44.59"
"10","007","00","013","1315","0601","662","515","147","50","712","1200","0","59.33","42.92"
"10","007","00","013","1316","0000","1079","840","239","111","1190","2049","0","58.08","41.0"
"10","007","00","013","1316","0602","547","437","110","71","618","1003","0","61.62","43.57"
"10","007","00","013","1316","0603","532","403","129","40","572","1046","0","54.68","38.53"
"10","007","00","014","0000","0000","15336","11850","3486","1527","16863","28026","32517","60.17","42.28"
"10","007","00","014","1401","0000","1007","784","223","81","1088","1712","0","63.55","45.79"
"10","007","00","014","1401","0682","547","429","118","46","593","958","0","61.9","44.78"
"10","007","00","014","1401","0683","460","355","105","35","495","754","0","65.65","47.08"
"10","007","00","014","1402","0000","939","732","207","66","1005","1563","0","64.3","46.83"
"10","007","00","014","1402","0684","468","362","106","33","501","757","0","66.18","47.82"
"10","007","00","014","1402","0685","471","370","101","33","504","806","0","62.53","45.91"
"10","007","00","014","1403","0000","714","600","114","51","765","1280","0","59.77","46.88"
"10","007","00","014","1403","0686","714","600","114","51","765","1280","0","59.77","46.88"
"10","007","00","014","1404","0000","506","409","97","46","552","928","0","59.48","44.07"
"10","007","00","014","1404","0687","506","409","97","46","552","928","0","59.48","44.07"
"10","007","00","014","1405","0000","1001","749","252","113","1114","1710","0","65.15","43.8"
"10","007","00","014","1405","0688","529","387","142","60","589","895","0","65.81","43.24"
"10","007","00","014","1405","0689","472","362","110","53","525","815","0","64.42","44.42"
"10","007","00","014","1406","0000","518","406","112","41","559","957","0","58.41","42.42"
"10","007","00","014","1406","0690","518","406","112","41","559","957","0","58.41","42.42"
"10","007","00","014","1407","0000","679","555","124","107","786","1338","0","58.74","41.48"
"10","007","00","014","1407","0691","679","555","124","107","786","1338","0","58.74","41.48"
"10","007","00","014","1408","0000","574","454","120","60","634","1106","0","57.32","41.05"
"10","007","00","014","1408","0692","574","454","120","60","634","1106","0","57.32","41.05"
"10","007","00","014","1409","0000","424","325","99","45","469","690","0","67.97","47.1"
"10","007","00","014","1409","0693","424","325","99","45","469","690","0","67.97","47.1"
"10","007","00","014","1410","0000","655","519","136","50","705","1230","0","57.32","42.2"
"10","007","00","014","1410","0694","655","519","136","50","705","1230","0","57.32","42.2"
"10","007","00","014","1411","0000","988","772","216","60","1048","1744","0","60.09","44.27"
"10","007","00","014","1411","0695","454","359","95","32","486","847","0","57.38","42.38"
"10","007","00","014","1411","0696","534","413","121","28","562","897","0","62.65","46.04"
"10","007","00","014","1412","0000","1151","894","257","94","1245","2062","0","60.38","43.36"
"10","007","00","014","1412","0697","480","362","118","49","529","882","0","59.98","41.04"
"10","007","00","014","1412","0698","671","532","139","45","716","1180","0","60.68","45.08"
"10","007","00","014","1413","0000","620","465","155","85","705","1215","0","58.02","38.27"
"10","007","00","014","1413","0699","620","465","155","85","705","1215","0","58.02","38.27"
"10","007","00","014","1414","0000","254","227","27","27","281","422","0","66.59","53.79"
"10","007","00","014","1414","0700","254","227","27","27","281","422","0","66.59","53.79"
"10","007","00","014","1415","0000","565","482","83","53","618","1106","0","55.88","43.58"
"10","007","00","014","1415","0701","565","482","83","53","618","1106","0","55.88","43.58"
"10","007","00","014","1416","0000","503","383","120","62","565","874","0","64.65","43.82"
"10","007","00","014","1416","0702","503","383","120","62","565","874","0","64.65","43.82"
"10","007","00","014","1417","0000","758","585","173","99","857","1445","0","59.31","40.48"
"10","007","00","014","1417","0703","758","585","173","99","857","1445","0","59.31","40.48"
"10","007","00","014","1418","0000","486","375","111","62","548","875","0","62.63","42.86"
"10","007","00","014","1418","0704","486","375","111","62","548","875","0","62.63","42.86"
"10","007","00","014","1419","0000","775","616","159","83","858","1522","0","56.37","40.47"
"10","007","00","014","1419","0705","391","309","82","55","446","837","0","53.29","36.92"
"10","007","00","014","1419","0706","384","307","77","28","412","685","0","60.15","44.82"
"10","007","00","014","1420","0000","834","432","402","125","959","1531","0","62.64","28.22"
"10","007","00","014","1420","0707","415","326","89","49","464","733","0","63.3","44.47"
"10","007","00","014","1420","0708","419","106","313","76","495","798","0","62.03","13.28"
"10","007","00","014","1421","0000","731","574","157","65","796","1381","0","57.64","41.56"
"10","007","00","014","1421","0709","731","574","157","65","796","1381","0","57.64","41.56"
"10","007","00","014","1422","0000","654","512","142","52","706","1335","0","52.88","38.35"
"10","007","00","014","1422","0710","654","512","142","52","706","1335","0","52.88","38.35"
"10","007","00","015","0000","0000","16510","12457","4053","1667","18177","29642","34739","61.32","42.02"
"10","007","00","015","1501","0000","2015","1496","519","220","2235","3604","0","62.01","41.51"
"10","007","00","015","1501","0711","621","484","137","88","709","1139","0","62.25","42.49"
"10","007","00","015","1501","0712","637","470","167","77","714","1217","0","58.67","38.62"
"10","007","00","015","1501","0713","757","542","215","55","812","1248","0","65.06","43.43"
"10","007","00","015","1502","0000","712","521","191","80","792","1248","0","63.46","41.75"
"10","007","00","015","1502","0714","712","521","191","80","792","1248","0","63.46","41.75"
"10","007","00","015","1503","0000","894","667","227","82","976","1541","0","63.34","43.28"
"10","007","00","015","1503","0715","516","377","139","49","565","916","0","61.68","41.16"
"10","007","00","015","1503","0716","378","290","88","33","411","625","0","65.76","46.4"
"10","007","00","015","1504","0000","649","489","160","83","732","1271","0","57.59","38.47"
"10","007","00","015","1504","0717","649","489","160","83","732","1271","0","57.59","38.47"
"10","007","00","015","1505","0000","997","773","224","72","1069","1740","0","61.44","44.43"
"10","007","00","015","1505","0718","346","270","76","30","376","608","0","61.84","44.41"
"10","007","00","015","1505","0719","651","503","148","42","693","1132","0","61.22","44.43"
"10","007","00","015","1506","0000","1108","834","274","117","1225","1953","0","62.72","42.7"
"10","007","00","015","1506","0720","576","433","143","64","640","1027","0","62.32","42.16"
"10","007","00","015","1506","0721","532","401","131","53","585","926","0","63.17","43.3"
"10","007","00","015","1507","0000","807","611","196","101","908","1438","0","63.14","42.49"
"10","007","00","015","1507","0722","419","307","112","63","482","778","0","61.95","39.46"
"10","007","00","015","1507","0723","388","304","84","38","426","660","0","64.55","46.06"
"10","007","00","015","1508","0000","1105","834","271","81","1186","2019","0","58.74","41.31"
"10","007","00","015","1508","0726","547","418","129","43","590","985","0","59.9","42.44"
"10","007","00","015","1508","0727","558","416","142","38","596","1034","0","57.64","40.23"
"10","007","00","015","1509","0000","1303","989","314","97","1400","2321","0","60.32","42.61"
"10","007","00","015","1509","0724","752","585","167","68","820","1330","0","61.65","43.98"
"10","007","00","015","1509","0725","551","404","147","29","580","991","0","58.53","40.77"
"10","007","00","015","1510","0000","350","260","90","46","396","612","0","64.71","42.48"
"10","007","00","015","1510","0728","350","260","90","46","396","612","0","64.71","42.48"
"10","007","00","015","1511","0000","722","567","155","67","789","1236","0","63.83","45.87"
"10","007","00","015","1511","0729","722","567","155","67","789","1236","0","63.83","45.87"
"10","007","00","015","1512","0000","883","648","235","99","982","1513","0","64.9","42.83"
"10","007","00","015","1512","0730","439","331","108","52","491","775","0","63.35","42.71"
"10","007","00","015","1512","0731","444","317","127","47","491","738","0","66.53","42.95"
"10","007","00","015","1513","0000","583","420","163","47","630","1036","0","60.81","40.54"
"10","007","00","015","1513","0732","583","420","163","47","630","1036","0","60.81","40.54"
"10","007","00","015","1514","0000","480","355","125","78","558","975","0","57.23","36.41"
"10","007","00","015","1514","0733","480","355","125","78","558","975","0","57.23","36.41"
"10","007","00","015","1515","0000","727","567","160","71","798","1348","0","59.2","42.06"
"10","007","00","015","1515","0736","373","295","78","38","411","689","0","59.65","42.82"
"10","007","00","015","1515","0737","354","272","82","33","387","659","0","58.73","41.27"
"10","007","00","015","1516","0000","1001","755","246","109","1110","1824","0","60.86","41.39"
"10","007","00","015","1516","0734","476","362","114","45","521","885","0","58.87","40.9"
"10","007","00","015","1516","0735","525","393","132","64","589","939","0","62.73","41.85"
"10","007","00","015","1517","0000","812","595","217","81","893","1352","0","66.05","44.01"
"10","007","00","015","1517","0739","812","595","217","81","893","1352","0","66.05","44.01"
"10","007","00","015","1518","0000","450","348","102","43","493","910","0","54.18","38.24"
"10","007","00","015","1518","0738","450","348","102","43","493","910","0","54.18","38.24"
"10","007","00","015","1519","0000","394","301","93","44","438","759","0","57.71","39.66"
"10","007","00","015","1519","0740","394","301","93","44","438","759","0","57.71","39.66"
"10","007","00","015","1520","0000","518","427","91","49","567","942","0","60.19","45.33"
"10","007","00","015","1520","0741","518","427","91","49","567","942","0","60.19","45.33"
"10","007","00","016","0000","0000","16734","12889","3845","1690","18424","31239","37055","58.98","41.26"
"10","007","00","016","1601","0000","496","381","115","53","549","792","0","69.32","48.11"
"10","007","00","016","1601","0616","496","381","115","53","549","792","0","69.32","48.11"
"10","007","00","016","1602","0000","859","680","179","93","952","1516","0","62.8","44.85"
"10","007","00","016","1602","0617","392","293","99","51","443","695","0","63.74","42.16"
"10","007","00","016","1602","0618","467","387","80","42","509","821","0","62.0","47.14"
"10","007","00","016","1603","0000","1028","785","243","119","1147","1904","0","60.24","41.23"
"10","007","00","016","1603","0619","591","464","127","76","667","1064","0","62.69","43.61"
"10","007","00","016","1603","0620","437","321","116","43","480","840","0","57.14","38.21"
"10","007","00","016","1604","0000","1232","933","299","88","1320","2127","0","62.06","43.86"
"10","007","00","016","1604","0621","623","462","161","43","666","1079","0","61.72","42.82"
"10","007","00","016","1604","0622","609","471","138","45","654","1048","0","62.4","44.94"
"10","007","00","016","1605","0000","1024","789","235","73","1097","1758","0","62.4","44.88"
"10","007","00","016","1605","0623","571","445","126","45","616","960","0","64.17","46.35"
"10","007","00","016","1605","0624","453","344","109","28","481","798","0","60.28","43.11"
"10","007","00","016","1606","0000","822","612","210","85","907","1458","0","62.21","41.98"
"10","007","00","016","1606","0625","481","355","126","46","527","796","0","66.21","44.6"
"10","007","00","016","1606","0626","341","257","84","39","380","662","0","57.4","38.82"
"10","007","00","016","1607","0000","551","412","139","57","608","1040","0","58.46","39.62"
"10","007","00","016","1607","0627","551","412","139","57","608","1040","0","58.46","39.62"
"10","007","00","016","1608","0000","528","397","131","56","584","1025","0","56.98","38.73"
"10","007","00","016","1608","0628","528","397","131","56","584","1025","0","56.98","38.73"
"10","007","00","016","1609","0000","1491","1172","319","134","1625","2593","0","62.67","45.2"
"10","007","00","016","1609","0629","814","628","186","65","879","1357","0","64.78","46.28"
"10","007","00","016","1609","0630","677","544","133","69","746","1236","0","60.36","44.01"
"10","007","00","016","1610","0000","777","593","184","75","852","1393","0","61.16","42.57"
"10","007","00","016","1610","0611","377","280","97","43","420","659","0","63.73","42.49"
"10","007","00","016","1610","0612","400","313","87","32","432","734","0","58.86","42.64"
"10","007","00","016","1611","0000","588","460","128","76","664","1255","0","52.91","36.65"
"10","007","00","016","1611","0606","588","460","128","76","664","1255","0","52.91","36.65"
"10","007","00","016","1612","0000","909","688","221","89","998","1648","0","60.56","41.75"
"10","007","00","016","1612","0609","402","315","87","46","448","724","0","61.88","43.51"
"10","007","00","016","1612","0610","507","373","134","43","550","924","0","59.52","40.37"
"10","007","00","016","1613","0000","1016","774","242","103","1119","1915","0","58.43","40.42"
"10","007","00","016","1613","0607","480","367","113","62","542","889","0","60.97","41.28"
"10","007","00","016","1613","0608","536","407","129","41","577","1026","0","56.24","39.67"
"10","007","00","016","1614","0000","728","631","97","78","806","1606","0","50.19","39.29"
"10","007","00","016","1614","0613","325","243","82","29","354","758","0","46.7","32.06"
"10","007","00","016","1614","0614","403","388","15","49","452","848","0","53.3","45.75"
"10","007","00","016","1615","0000","672","506","166","88","760","1404","0","54.13","36.04"
"10","007","00","016","1615","0615","672","506","166","88","760","1404","0","54.13","36.04"
"10","007","00","016","1616","0000","474","364","110","50","524","871","0","60.16","41.79"
"10","007","00","016","1616","0631","474","364","110","50","524","871","0","60.16","41.79"
"10","007","00","016","1617","0000","341","265","76","44","385","706","0","54.53","37.54"
"10","007","00","016","1617","0632","341","265","76","44","385","706","0","54.53","37.54"
"10","007","00","016","1618","0000","463","364","99","40","503","770","0","65.32","47.27"
"10","007","00","016","1618","0633","463","364","99","40","503","770","0","65.32","47.27"
"10","007","00","016","1619","0000","404","314","90","35","439","669","0","65.62","46.94"
"10","007","00","016","1619","0634","404","314","90","35","439","669","0","65.62","46.94"
"10","007","00","016","1620","0000","441","336","105","52","493","862","0","57.19","38.98"
"10","007","00","016","1620","0635","441","336","105","52","493","862","0","57.19","38.98"
"10","007","00","016","1621","0000","423","329","94","49","472","847","0","55.73","38.84"
"10","007","00","016","1621","0636","423","329","94","49","472","847","0","55.73","38.84"
"10","007","00","016","1622","0000","378","300","78","51","429","668","0","64.22","44.91"
"10","007","00","016","1622","0637","378","300","78","51","429","668","0","64.22","44.91"
"10","007","00","016","1623","0000","499","377","122","38","537","1073","0","50.05","35.14"
"10","007","00","016","1623","0638","499","377","122","38","537","1073","0","50.05","35.14"
"10","007","00","016","1624","0000","590","427","163","64","654","1339","0","48.84","31.89"
"10","007","00","016","1624","0639","590","427","163","64","654","1339","0","48.84","31.89"
"10","007","00","017","0000","0000","19091","14676","4415","1643","20734","36306","42917","57.11","40.42"
"10","007","00","017","1701","0000","1432","1043","389","103","1535","2765","0","55.52","37.72"
"10","007","00","017","1701","0778","422","289","133","41","463","791","0","58.53","36.54"
"10","007","00","017","1701","0779","520","393","127","43","563","984","0","57.22","39.94"
"10","007","00","017","1701","0780","490","361","129","19","509","990","0","51.41","36.46"
"10","007","00","017","1702","0000","745","565","180","69","814","1478","0","55.07","38.23"
"10","007","00","017","1702","0785","396","306","90","32","428","753","0","56.84","40.64"
"10","007","00","017","1702","0786","349","259","90","37","386","725","0","53.24","35.72"
"10","007","00","017","1703","0000","588","438","150","81","669","1165","0","57.42","37.6"
"10","007","00","017","1703","0805","588","438","150","81","669","1165","0","57.42","37.6"
"10","007","00","017","1704","0000","2463","1870","593","215","2678","4546","0","58.91","41.14"
"10","007","00","017","1704","0781","568","438","130","59","627","1016","0","61.71","43.11"
"10","007","00","017","1704","0782","610","446","164","49","659","1091","0","60.4","40.88"
"10","007","00","017","1704","0783","671","502","169","73","744","1236","0","60.19","40.61"
"10","007","00","017","1704","0784","614","484","130","34","648","1203","0","53.87","40.23"
"10","007","00","017","1705","0000","521","412","109","38","559","933","0","59.91","44.16"
"10","007","00","017","1705","0790","521","412","109","38","559","933","0","59.91","44.16"
"10","007","00","017","1706","0000","535","407","128","31","566","1092","0","51.83","37.27"
"10","007","00","017","1706","0812","535","407","128","31","566","1092","0","51.83","37.27"
"10","007","00","017","1707","0000","1448","1164","284","90","1538","2698","0","57.01","43.14"
"10","007","00","017","1707","0798","358","285","73","25","383","688","0","55.67","41.42"
"10","007","00","017","1707","0799","440","364","76","36","476","870","0","54.71","41.84"
"10","007","00","017","1707","0800","650","515","135","29","679","1140","0","59.56","45.18"
"10","007","00","017","1708","0000","1076","805","271","90","1166","2066","0","56.44","38.96"
"10","007","00","017","1708","0791","552","408","144","53","605","990","0","61.11","41.21"
"10","007","00","017","1708","0792","524","397","127","37","561","1076","0","52.14","36.9"
"10","007","00","017","1709","0000","427","330","97","31","458","724","0","63.26","45.58"
"10","007","00","017","1709","0807","427","330","97","31","458","724","0","63.26","45.58"
"10","007","00","017","1710","0000","507","389","118","45","552","937","0","58.91","41.52"
"10","007","00","017","1710","0803","507","389","118","45","552","937","0","58.91","41.52"
"10","007","00","017","1711","0000","858","624","234","78","936","1645","0","56.9","37.93"
"10","007","00","017","1711","0796","412","286","126","39","451","750","0","60.13","38.13"
"10","007","00","017","1711","0797","446","338","108","39","485","895","0","54.19","37.77"
"10","007","00","017","1712","0000","553","422","131","42","595","992","0","59.98","42.54"
"10","007","00","017","1712","0811","553","422","131","42","595","992","0","59.98","42.54"
"10","007","00","017","1713","0000","717","589","128","70","787","1266","0","62.16","46.52"
"10","007","00","017","1713","0802","717","589","128","70","787","1266","0","62.16","46.52"
"10","007","00","017","1714","0000","766","594","172","42","808","1414","0","57.14","42.01"
"10","007","00","017","1714","0793","426","317","109","21","447","742","0","60.24","42.72"
"10","007","00","017","1714","0794","340","277","63","21","361","672","0","53.72","41.22"
"10","007","00","017","1715","0000","541","442","99","49","590","1015","0","58.13","43.55"
"10","007","00","017","1715","0808","541","442","99","49","590","1015","0","58.13","43.55"
"10","007","00","017","1716","0000","541","497","44","42","583","985","0","59.19","50.46"
"10","007","00","017","1716","0801","541","497","44","42","583","985","0","59.19","50.46"
"10","007","00","017","1717","0000","576","459","117","49","625","1235","0","50.61","37.17"
"10","007","00","017","1717","0795","576","459","117","49","625","1235","0","50.61","37.17"
"10","007","00","017","1718","0000","455","335","120","51","506","828","0","61.11","40.46"
"10","007","00","017","1718","0813","455","335","120","51","506","828","0","61.11","40.46"
"10","007","00","017","1719","0000","878","652","226","77","955","1611","0","59.28","40.47"
"10","007","00","017","1719","0788","336","238","98","41","377","562","0","67.08","42.35"
"10","007","00","017","1719","0789","542","414","128","36","578","1049","0","55.1","39.47"
"10","007","00","017","1720","0000","524","398","126","61","585","986","0","59.33","40.37"
"10","007","00","017","1720","0806","524","398","126","61","585","986","0","59.33","40.37"
"10","007","00","017","1721","0000","683","518","165","85","768","1506","0","51.0","34.4"
"10","007","00","017","1721","0814","365","267","98","59","424","787","0","53.88","33.93"
"10","007","00","017","1721","0815","318","251","67","26","344","719","0","47.84","34.91"
"10","007","00","017","1722","0000","551","425","126","72","623","1023","0","60.9","41.54"
"10","007","00","017","1722","0787","551","425","126","72","623","1023","0","60.9","41.54"
"10","007","00","017","1723","0000","646","524","122","45","691","1219","0","56.69","42.99"
"10","007","00","017","1723","0804","646","524","122","45","691","1219","0","56.69","42.99"
"10","007","00","017","1724","0000","1060","774","286","87","1147","2177","0","52.69","35.55"
"10","007","00","017","1724","0809","540","406","134","32","572","1116","0","51.25","36.38"
"10","007","00","017","1724","0810","520","368","152","55","575","1061","0","54.19","34.68"
"10","007","00","018","0000","0000","7140","5356","1784","840","7980","13339","15193","59.82","40.15"
"10","007","00","018","1801","0000","415","314","101","56","471","871","0","54.08","36.05"
"10","007","00","018","1801","0818","415","314","101","56","471","871","0","54.08","36.05"
"10","007","00","018","1802","0000","494","387","107","67","561","953","0","58.87","40.61"
"10","007","00","018","1802","0819","494","387","107","67","561","953","0","58.87","40.61"
"10","007","00","018","1803","0000","285","209","76","55","340","624","0","54.49","33.49"
"10","007","00","018","1803","0820","285","209","76","55","340","624","0","54.49","33.49"
"10","007","00","018","1804","0000","372","290","82","55","427","645","0","66.2","44.96"
"10","007","00","018","1804","0821","372","290","82","55","427","645","0","66.2","44.96"
"10","007","00","018","1805","0000","543","389","154","79","622","943","0","65.96","41.25"
"10","007","00","018","1805","0823","543","389","154","79","622","943","0","65.96","41.25"
"10","007","00","018","1806","0000","601","473","128","47","648","986","0","65.72","47.97"
"10","007","00","018","1806","0822","601","473","128","47","648","986","0","65.72","47.97"
"10","007","00","018","1807","0000","516","385","131","38","554","831","0","66.67","46.33"
"10","007","00","018","1807","0825","516","385","131","38","554","831","0","66.67","46.33"
"10","007","00","018","1808","0000","257","192","65","6","263","455","0","57.8","42.2"
"10","007","00","018","1808","0824","257","192","65","6","263","455","0","57.8","42.2"
"10","007","00","018","1809","0000","522","380","142","30","552","1013","0","54.49","37.51"
"10","007","00","018","1809","0827","522","380","142","30","552","1013","0","54.49","37.51"
"10","007","00","018","1810","0000","456","353","103","43","499","831","0","60.05","42.48"
"10","007","00","018","1810","0826","456","353","103","43","499","831","0","60.05","42.48"
"10","007","00","018","1811","0000","426","299","127","79","505","796","0","63.44","37.56"
"10","007","00","018","1811","0828","426","299","127","79","505","796","0","63.44","37.56"
"10","007","00","018","1812","0000","400","306","94","54","454","781","0","58.13","39.18"
"10","007","00","018","1812","0829","400","306","94","54","454","781","0","58.13","39.18"
"10","007","00","018","1813","0000","326","242","84","22","348","692","0","50.29","34.97"
"10","007","00","018","1813","0830","326","242","84","22","348","692","0","50.29","34.97"
"10","007","00","018","1814","0000","328","256","72","42","370","635","0","58.27","40.31"
"10","007","00","018","1814","0831","328","256","72","42","370","635","0","58.27","40.31"
"10","007","00","018","1815","0000","289","201","88","38","327","566","0","57.77","35.51"
"10","007","00","018","1815","0832","289","201","88","38","327","566","0","57.77","35.51"
"10","007","00","018","1816","0000","534","388","146","72","606","1028","0","58.95","37.74"
"10","007","00","018","1816","0816","534","388","146","72","606","1028","0","58.95","37.74"
"10","007","00","018","1817","0000","376","292","84","57","433","689","0","62.84","42.38"
"10","007","00","018","1817","0817","376","292","84","57","433","689","0","62.84","42.38"
"10","007","00","019","0000","0000","14521","11209","3312","1520","16041","27593","33335","58.13","40.62"
"10","007","00","019","1901","0000","997","780","217","82","1079","1790","0","60.28","43.58"
"10","007","00","019","1901","0844","474","369","105","37","511","833","0","61.34","44.3"
"10","007","00","019","1901","0845","523","411","112","45","568","957","0","59.35","42.95"
"10","007","00","019","1902","0000","409","311","98","35","444","783","0","56.7","39.72"
"10","007","00","019","1902","0846","409","311","98","35","444","783","0","56.7","39.72"
"10","007","00","019","1903","0000","277","205","72","37","314","573","0","54.8","35.78"
"10","007","00","019","1903","0847","277","205","72","37","314","573","0","54.8","35.78"
"10","007","00","019","1904","0000","338","246","92","46","384","672","0","57.14","36.61"
"10","007","00","019","1904","0848","338","246","92","46","384","672","0","57.14","36.61"
"10","007","00","019","1905","0000","693","514","179","86","779","1442","0","54.02","35.64"
"10","007","00","019","1905","0849","333","248","85","45","378","695","0","54.39","35.68"
"10","007","00","019","1905","0850","360","266","94","41","401","747","0","53.68","35.61"
"10","007","00","019","1906","0000","719","570","149","83","802","1305","0","61.46","43.68"
"10","007","00","019","1906","0851","377","297","80","32","409","643","0","63.61","46.19"
"10","007","00","019","1906","0852","342","273","69","51","393","662","0","59.37","41.24"
"10","007","00","019","1907","0000","1231","955","276","125","1356","2206","0","61.47","43.29"
"10","007","00","019","1907","0853","621","483","138","67","688","1085","0","63.41","44.52"
"10","007","00","019","1907","0854","610","472","138","58","668","1121","0","59.59","42.11"
"10","007","00","019","1908","0000","1583","1243","340","131","1714","3017","0","56.81","41.2"
"10","007","00","019","1908","0855","462","370","92","46","508","830","0","61.2","44.58"
"10","007","00","019","1908","0856","500","385","115","46","546","975","0","56.0","39.49"
"10","007","00","019","1908","0857","621","488","133","39","660","1212","0","54.46","40.26"
"10","007","00","019","1909","0000","697","544","153","83","780","1302","0","59.91","41.78"
"10","007","00","019","1909","0858","697","544","153","83","780","1302","0","59.91","41.78"
"10","007","00","019","1910","0000","2458","1903","555","236","2694","4597","0","58.6","41.4"
"10","007","00","019","1910","0838","613","479","134","56","669","1124","0","59.52","42.62"
"10","007","00","019","1910","0839","610","469","141","58","668","1096","0","60.95","42.79"
"10","007","00","019","1910","0840","660","506","154","52","712","1213","0","58.7","41.71"
"10","007","00","019","1910","0841","575","449","126","70","645","1164","0","55.41","38.57"
"10","007","00","019","1911","0000","827","638","189","67","894","1608","0","55.6","39.68"
"10","007","00","019","1911","0842","373","276","97","29","402","730","0","55.07","37.81"
"10","007","00","019","1911","0843","454","362","92","38","492","878","0","56.04","41.23"
"10","007","00","019","1912","0000","1413","1049","364","184","1597","2649","0","60.29","39.6"
"10","007","00","019","1912","0833","435","324","111","80","515","925","0","55.68","35.03"
"10","007","00","019","1912","0834","469","344","125","56","525","869","0","60.41","39.59"
"10","007","00","019","1912","0835","509","381","128","48","557","855","0","65.15","44.56"
"10","007","00","019","1913","0000","1046","792","254","125","1171","1893","0","61.86","41.84"
"10","007","00","019","1913","0836","613","463","150","57","670","1065","0","62.91","43.47"
"10","007","00","019","1913","0837","433","329","104","68","501","828","0","60.51","39.73"
"10","007","00","019","1914","0000","929","751","178","102","1031","1994","0","51.71","37.66"
"10","007","00","019","1914","0859","486","390","96","39","525","1077","0","48.75","36.21"
"10","007","00","019","1914","0860","443","361","82","63","506","917","0","55.18","39.37"
"10","007","00","019","1915","0000","904","708","196","98","1002","1762","0","56.87","40.18"
"10","007","00","019","1915","0861","406","314","92","42","448","825","0","54.3","38.06"
"10","007","00","019","1915","0862","498","394","104","56","554","937","0","59.12","42.05"
"10","007","00","020","0000","0000","20490","15723","4767","2296","22786","42976","50709","53.02","36.59"
"10","007","00","020","2001","0000","1116","846","270","115","1231","2148","0","57.31","39.39"
"10","007","00","020","2001","0945","475","352","123","41","516","892","0","57.85","39.46"
"10","007","00","020","2001","0946","641","494","147","74","715","1256","0","56.93","39.33"
"10","007","00","020","2002","0000","1682","1324","358","163","1845","3201","0","57.64","41.36"
"10","007","00","020","2002","0947","504","404","100","55","559","1043","0","53.6","38.73"
"10","007","00","020","2002","0948","605","467","138","43","648","1076","0","60.22","43.4"
"10","007","00","020","2002","0949","573","453","120","65","638","1082","0","58.96","41.87"
"10","007","00","020","2003","0000","689","522","167","67","756","1427","0","52.98","36.58"
"10","007","00","020","2003","0950","689","522","167","67","756","1427","0","52.98","36.58"
"10","007","00","020","2004","0000","1458","1104","354","188","1646","3040","0","54.14","36.32"
"10","007","00","020","2004","0951","463","336","127","70","533","1030","0","51.75","32.62"
"10","007","00","020","2004","0952","477","363","114","68","545","1033","0","52.76","35.14"
"10","007","00","020","2004","0953","518","405","113","50","568","977","0","58.14","41.45"
"10","007","00","020","2005","0000","839","580","259","116","955","1658","0","57.6","34.98"
"10","007","00","020","2005","0954","317","251","66","31","348","683","0","50.95","36.75"
"10","007","00","020","2005","0955","522","329","193","85","607","975","0","62.26","33.74"
"10","007","00","020","2006","0000","522","416","106","86","608","1336","0","45.51","31.14"
"10","007","00","020","2006","0956","522","416","106","86","608","1336","0","45.51","31.14"
"10","007","00","020","2007","0000","418","311","107","65","483","1019","0","47.4","30.52"
"10","007","00","020","2007","0957","418","311","107","65","483","1019","0","47.4","30.52"
"10","007","00","020","2008","0000","399","303","96","61","460","1003","0","45.86","30.21"
"10","007","00","020","2008","0958","399","303","96","61","460","1003","0","45.86","30.21"
"10","007","00","020","2009","0000","576","478","98","75","651","1151","0","56.56","41.53"
"10","007","00","020","2009","0959","576","478","98","75","651","1151","0","56.56","41.53"
"10","007","00","020","2010","0000","790","610","180","120","910","1598","0","56.95","38.17"
"10","007","00","020","2010","0960","790","610","180","120","910","1598","0","56.95","38.17"
"10","007","00","020","2011","0000","1770","1321","449","130","1900","3259","0","58.3","40.53"
"10","007","00","020","2011","0961","735","592","143","61","796","1488","0","53.49","39.78"
"10","007","00","020","2011","0962","1035","729","306","69","1104","1771","0","62.34","41.16"
"10","007","00","020","2012","0000","1244","955","289","108","1352","2540","0","53.23","37.6"
"10","007","00","020","2012","0942","283","215","68","30","313","731","0","42.82","29.41"
"10","007","00","020","2012","0943","533","416","117","54","587","1025","0","57.27","40.59"
"10","007","00","020","2012","0944","428","324","104","24","452","784","0","57.65","41.33"
"10","007","00","020","2013","0000","529","401","128","58","587","1360","0","43.16","29.49"
"10","007","00","020","2013","0963","529","401","128","58","587","1360","0","43.16","29.49"
"10","007","00","020","2014","0000","686","535","151","70","756","1613","0","46.87","33.17"
"10","007","00","020","2014","0964","686","535","151","70","756","1613","0","46.87","33.17"
"10","007","00","020","2015","0000","543","433","110","90","633","1228","0","51.55","35.26"
"10","007","00","020","2015","0965","543","433","110","90","633","1228","0","51.55","35.26"
"10","007","00","020","2016","0000","409","341","68","30","439","771","0","56.94","44.23"
"10","007","00","020","2016","0966","409","341","68","30","439","771","0","56.94","44.23"
"10","007","00","020","2017","0000","752","584","168","37","789","1519","0","51.94","38.45"
"10","007","00","020","2017","0967","461","355","106","37","498","858","0","58.04","41.38"
"10","007","00","020","2017","0968","291","229","62","0","291","661","0","44.02","34.64"
"10","007","00","020","2018","0000","541","408","133","88","629","1268","0","49.61","32.18"
"10","007","00","020","2018","0969","541","408","133","88","629","1268","0","49.61","32.18"
"10","007","00","020","2019","0000","471","362","109","39","510","1081","0","47.18","33.49"
"10","007","00","020","2019","0970","471","362","109","39","510","1081","0","47.18","33.49"
"10","007","00","020","2020","0000","1660","1298","362","199","1859","3659","0","50.81","35.47"
"10","007","00","020","2020","0971","538","414","124","45","583","1213","0","48.06","34.13"
"10","007","00","020","2020","0972","670","527","143","72","742","1328","0","55.87","39.68"
"10","007","00","020","2020","0973","452","357","95","82","534","1118","0","47.76","31.93"
"10","007","00","020","2021","0000","428","323","105","46","474","972","0","48.77","33.23"
"10","007","00","020","2021","0975","428","323","105","46","474","972","0","48.77","33.23"
"10","007","00","020","2022","0000","584","469","115","48","632","1157","0","54.62","40.54"
"10","007","00","020","2022","0974","584","469","115","48","632","1157","0","54.62","40.54"
"10","007","00","020","2023","0000","435","338","97","48","483","902","0","53.55","37.47"
"10","007","00","020","2023","0976","435","338","97","48","483","902","0","53.55","37.47"
"10","007","00","020","2024","0000","689","524","165","93","782","1273","0","61.43","41.16"
"10","007","00","020","2024","0977","689","524","165","93","782","1273","0","61.43","41.16"
"10","007","00","020","2025","0000","497","379","118","48","545","1087","0","50.14","34.87"
"10","007","00","020","2025","0978","497","379","118","48","545","1087","0","50.14","34.87"
"10","007","00","020","2026","0000","499","375","124","79","578","987","0","58.56","37.99"
"10","007","00","020","2026","0979","499","375","124","79","578","987","0","58.56","37.99"
"10","007","00","020","2027","0000","264","183","81","29","293","719","0","40.75","25.45"
"10","007","00","020","2027","0980","264","183","81","29","293","719","0","40.75","25.45"
"10","007","00","021","0000","0000","12578","9787","2791","1147","13725","23179","27346","59.21","42.22"
"10","007","00","021","2101","0000","607","456","151","46","653","1284","0","50.86","35.51"
"10","007","00","021","2101","0863","607","456","151","46","653","1284","0","50.86","35.51"
"10","007","00","021","2102","0000","557","461","96","50","607","874","0","69.45","52.75"
"10","007","00","021","2102","0873","557","461","96","50","607","874","0","69.45","52.75"
"10","007","00","021","2103","0000","1481","1192","289","99","1580","2562","0","61.67","46.53"
"10","007","00","021","2103","0871","794","634","160","50","844","1376","0","61.34","46.08"
"10","007","00","021","2103","0872","687","558","129","49","736","1186","0","62.06","47.05"
"10","007","00","021","2104","0000","598","466","132","85","683","1079","0","63.3","43.19"
"10","007","00","021","2104","0882","598","466","132","85","683","1079","0","63.3","43.19"
"10","007","00","021","2105","0000","378","294","84","32","410","760","0","53.95","38.68"
"10","007","00","021","2105","0886","378","294","84","32","410","760","0","53.95","38.68"
"10","007","00","021","2106","0000","628","465","163","73","701","1084","0","64.67","42.9"
"10","007","00","021","2106","0887","628","465","163","73","701","1084","0","64.67","42.9"
"10","007","00","021","2107","0000","591","452","139","60","651","1198","0","54.34","37.73"
"10","007","00","021","2107","0884","591","452","139","60","651","1198","0","54.34","37.73"
"10","007","00","021","2108","0000","313","230","83","41","354","621","0","57.0","37.04"
"10","007","00","021","2108","0885","313","230","83","41","354","621","0","57.0","37.04"
"10","007","00","021","2109","0000","715","541","174","59","774","1336","0","57.93","40.49"
"10","007","00","021","2109","0883","715","541","174","59","774","1336","0","57.93","40.49"
"10","007","00","021","2110","0000","637","485","152","67","704","1337","0","52.66","36.28"
"10","007","00","021","2110","0870","637","485","152","67","704","1337","0","52.66","36.28"
"10","007","00","021","2111","0000","840","631","209","75","915","1555","0","58.84","40.58"
"10","007","00","021","2111","0868","335","266","69","26","361","680","0","53.09","39.12"
"10","007","00","021","2111","0869","505","365","140","49","554","875","0","63.31","41.71"
"10","007","00","021","2112","0000","659","505","154","66","725","1187","0","61.08","42.54"
"10","007","00","021","2112","0864","659","505","154","66","725","1187","0","61.08","42.54"
"10","007","00","021","2113","0000","1050","871","179","85","1135","1729","0","65.64","50.38"
"10","007","00","021","2113","0865","663","562","101","46","709","1033","0","68.64","54.4"
"10","007","00","021","2113","0866","387","309","78","39","426","696","0","61.21","44.4"
"10","007","00","021","2114","0000","548","407","141","28","576","938","0","61.41","43.39"
"10","007","00","021","2114","0878","548","407","141","28","576","938","0","61.41","43.39"
"10","007","00","021","2115","0000","517","430","87","46","563","880","0","63.98","48.86"
"10","007","00","021","2115","0879","517","430","87","46","563","880","0","63.98","48.86"
"10","007","00","021","2116","0000","686","517","169","75","761","1396","0","54.51","37.03"
"10","007","00","021","2116","0880","393","293","100","41","434","804","0","53.98","36.44"
"10","007","00","021","2116","0881","293","224","69","34","327","592","0","55.24","37.84"
"10","007","00","021","2117","0000","848","641","207","76","924","1606","0","57.53","39.91"
"10","007","00","021","2117","0874","322","234","88","34","356","647","0","55.02","36.17"
"10","007","00","021","2117","0875","526","407","119","42","568","959","0","59.23","42.44"
"10","007","00","021","2118","0000","128","93","35","13","141","263","0","53.61","35.36"
"10","007","00","021","2118","0876","128","93","35","13","141","263","0","53.61","35.36"
"10","007","00","021","2119","0000","300","237","63","34","334","618","0","54.05","38.35"
"10","007","00","021","2119","0877","300","237","63","34","334","618","0","54.05","38.35"
"10","007","00","021","2120","0000","497","413","84","37","534","872","0","61.24","47.36"
"10","007","00","021","2120","0867","497","413","84","37","534","872","0","61.24","47.36"
"10","007","00","022","0000","0000","12402","9625","2777","1486","13888","25677","30536","54.09","37.48"
"10","007","00","022","2201","0000","1157","971","186","112","1269","2468","0","51.42","39.34"
"10","007","00","022","2201","0888","519","387","132","62","581","1178","0","49.32","32.85"
"10","007","00","022","2201","0889","638","584","54","50","688","1290","0","53.33","45.27"
"10","007","00","022","2202","0000","845","653","192","95","940","1756","0","53.53","37.19"
"10","007","00","022","2202","0890","468","378","90","57","525","973","0","53.96","38.85"
"10","007","00","022","2202","0891","377","275","102","38","415","783","0","53.0","35.12"
"10","007","00","022","2203","0000","816","626","190","127","943","1632","0","57.78","38.36"
"10","007","00","022","2203","0892","368","275","93","50","418","733","0","57.03","37.52"
"10","007","00","022","2203","0893","448","351","97","77","525","899","0","58.4","39.04"
"10","007","00","022","2204","0000","1142","903","239","119","1261","2321","0","54.33","38.91"
"10","007","00","022","2204","0894","494","378","116","51","545","965","0","56.48","39.17"
"10","007","00","022","2204","0895","648","525","123","68","716","1356","0","52.8","38.72"
"10","007","00","022","2205","0000","611","478","133","76","687","1265","0","54.31","37.79"
"10","007","00","022","2205","0896","611","478","133","76","687","1265","0","54.31","37.79"
"10","007","00","022","2206","0000","812","632","180","98","910","1582","0","57.52","39.95"
"10","007","00","022","2206","0897","479","373","106","49","528","877","0","60.21","42.53"
"10","007","00","022","2206","0898","333","259","74","49","382","705","0","54.18","36.74"
"10","007","00","022","2207","0000","1731","1349","382","170","1901","3285","0","57.87","41.07"
"10","007","00","022","2207","0899","586","473","113","49","635","1062","0","59.79","44.54"
"10","007","00","022","2207","0900","678","511","167","52","730","1300","0","56.15","39.31"
"10","007","00","022","2207","0901","467","365","102","69","536","923","0","58.07","39.54"
"10","007","00","022","2208","0000","1089","857","232","101","1190","2188","0","54.39","39.17"
"10","007","00","022","2208","0902","496","392","104","41","537","1085","0","49.49","36.13"
"10","007","00","022","2208","0903","593","465","128","60","653","1103","0","59.2","42.16"
"10","007","00","022","2209","0000","339","249","90","35","374","735","0","50.88","33.88"
"10","007","00","022","2209","0904","339","249","90","35","374","735","0","50.88","33.88"
"10","007","00","022","2210","0000","270","207","63","46","316","574","0","55.05","36.06"
"10","007","00","022","2210","0905","270","207","63","46","316","574","0","55.05","36.06"
"10","007","00","022","2211","0000","696","536","160","95","791","1504","0","52.59","35.64"
"10","007","00","022","2211","0906","343","281","62","41","384","767","0","50.07","36.64"
"10","007","00","022","2211","0907","353","255","98","54","407","737","0","55.22","34.6"
"10","007","00","022","2212","0000","431","295","136","59","490","1058","0","46.31","27.88"
"10","007","00","022","2212","0908","431","295","136","59","490","1058","0","46.31","27.88"
"10","007","00","022","2213","0000","350","255","95","73","423","826","0","51.21","30.87"
"10","007","00","022","2213","0909","350","255","95","73","423","826","0","51.21","30.87"
"10","007","00","022","2214","0000","457","357","100","88","545","1082","0","50.37","32.99"
"10","007","00","022","2214","0910","457","357","100","88","545","1082","0","50.37","32.99"
"10","007","00","022","2215","0000","740","577","163","83","823","1448","0","56.84","39.85"
"10","007","00","022","2215","0911","391","307","84","55","446","737","0","60.52","41.66"
"10","007","00","022","2215","0912","349","270","79","28","377","711","0","53.02","37.97"
"10","007","00","022","2216","0000","511","366","145","79","590","1043","0","56.57","35.09"
"10","007","00","022","2216","0913","511","366","145","79","590","1043","0","56.57","35.09"
"10","007","00","022","2217","0000","405","314","91","30","435","910","0","47.8","34.51"
"10","007","00","022","2217","0914","405","314","91","30","435","910","0","47.8","34.51"
"10","007","00","023","0000","0000","12342","9529","2813","1818","14160","29291","33549","48.34","32.53"
"10","007","00","023","2301","0000","272","208","64","58","330","940","0","35.11","22.13"
"10","007","00","023","2301","0998","272","208","64","58","330","940","0","35.11","22.13"
"10","007","00","023","2302","0000","121","92","29","31","152","403","0","37.72","22.83"
"10","007","00","023","2302","0999","121","92","29","31","152","403","0","37.72","22.83"
"10","007","00","023","2303","0000","323","239","84","41","364","756","0","48.15","31.61"
"10","007","00","023","2303","1000","323","239","84","41","364","756","0","48.15","31.61"
"10","007","00","023","2304","0000","148","108","40","30","178","548","0","32.48","19.71"
"10","007","00","023","2304","1001","148","108","40","30","178","548","0","32.48","19.71"
"10","007","00","023","2305","0000","449","358","91","68","517","997","0","51.86","35.91"
"10","007","00","023","2305","1002","449","358","91","68","517","997","0","51.86","35.91"
"10","007","00","023","2306","0000","923","684","239","110","1033","2159","0","47.85","31.68"
"10","007","00","023","2306","1003","521","381","140","70","591","1300","0","45.46","29.31"
"10","007","00","023","2306","1004","402","303","99","40","442","859","0","51.46","35.27"
"10","007","00","023","2307","0000","606","481","125","47","653","1370","0","47.66","35.11"
"10","007","00","023","2307","1005","325","251","74","24","349","734","0","47.55","34.2"
"10","007","00","023","2307","1006","281","230","51","23","304","636","0","47.8","36.16"
"10","007","00","023","2308","0000","153","122","31","13","166","470","0","35.32","25.96"
"10","007","00","023","2308","1022","153","122","31","13","166","470","0","35.32","25.96"
"10","007","00","023","2309","0000","250","192","58","45","295","668","0","44.16","28.74"
"10","007","00","023","2309","1008","250","192","58","45","295","668","0","44.16","28.74"
"10","007","00","023","2310","0000","344","267","77","34","378","744","0","50.81","35.89"
"10","007","00","023","2310","1009","344","267","77","34","378","744","0","50.81","35.89"
"10","007","00","023","2311","0000","388","300","88","98","486","1026","0","47.37","29.24"
"10","007","00","023","2311","1010","388","300","88","98","486","1026","0","47.37","29.24"
"10","007","00","023","2312","0000","202","156","46","13","215","586","0","36.69","26.62"
"10","007","00","023","2312","1011","202","156","46","13","215","586","0","36.69","26.62"
"10","007","00","023","2313","0000","285","208","77","28","313","593","0","52.78","35.08"
"10","007","00","023","2313","1012","285","208","77","28","313","593","0","52.78","35.08"
"10","007","00","023","2314","0000","305","231","74","70","375","808","0","46.41","28.59"
"10","007","00","023","2314","1007","305","231","74","70","375","808","0","46.41","28.59"
"10","007","00","023","2315","0000","921","695","226","213","1134","2131","0","53.21","32.61"
"10","007","00","023","2315","1013","458","338","120","115","573","1071","0","53.5","31.56"
"10","007","00","023","2315","1014","463","357","106","98","561","1060","0","52.92","33.68"
"10","007","00","023","2316","0000","291","224","67","24","315","708","0","44.49","31.64"
"10","007","00","023","2316","1015","291","224","67","24","315","708","0","44.49","31.64"
"10","007","00","023","2317","0000","286","213","73","62","348","735","0","47.35","28.98"
"10","007","00","023","2317","1016","286","213","73","62","348","735","0","47.35","28.98"
"10","007","00","023","2318","0000","273","214","59","74","347","674","0","51.48","31.75"
"10","007","00","023","2318","1019","273","214","59","74","347","674","0","51.48","31.75"
"10","007","00","023","2319","0000","541","425","116","99","640","1300","0","49.23","32.69"
"10","007","00","023","2319","1017","269","202","67","63","332","571","0","58.14","35.38"
"10","007","00","023","2319","1018","272","223","49","36","308","729","0","42.25","30.59"
"10","007","00","023","2320","0000","777","597","180","104","881","1652","0","53.33","36.14"
"10","007","00","023","2320","1020","381","287","94","47","428","846","0","50.59","33.92"
"10","007","00","023","2320","1021","396","310","86","57","453","806","0","56.2","38.46"
"10","007","00","023","2321","0000","659","535","124","100","759","1441","0","52.67","37.13"
"10","007","00","023","2321","1023","533","431","102","74","607","1124","0","54.0","38.35"
"10","007","00","023","2321","1024","126","104","22","26","152","317","0","47.95","32.81"
"10","007","00","023","2322","0000","420","335","85","57","477","1086","0","43.92","30.85"
"10","007","00","023","2322","1028","420","335","85","57","477","1086","0","43.92","30.85"
"10","007","00","023","2323","0000","822","625","197","100","922","2125","0","43.39","29.41"
"10","007","00","023","2323","1025","424","317","107","70","494","1158","0","42.66","27.37"
"10","007","00","023","2323","1026","398","308","90","30","428","967","0","44.26","31.85"
"10","007","00","023","2324","0000","350","281","69","48","398","762","0","52.23","36.88"
"10","007","00","023","2324","1027","350","281","69","48","398","762","0","52.23","36.88"
"10","007","00","023","2325","0000","581","478","103","53","634","1400","0","45.29","34.14"
"10","007","00","023","2325","1029","343","275","68","25","368","747","0","49.26","36.81"
"10","007","00","023","2325","1030","238","203","35","28","266","653","0","40.74","31.09"
"10","007","00","023","2326","0000","1652","1261","391","198","1850","3209","0","57.65","39.3"
"10","007","00","023","2326","1031","450","347","103","63","513","872","0","58.83","39.79"
"10","007","00","023","2326","1032","687","531","156","58","745","1235","0","60.32","43.0"
"10","007","00","023","2326","1033","515","383","132","77","592","1102","0","53.72","34.75"
"10","007","00","024","0000","0000","4937","3820","1117","662","5599","14713","16781","38.05","25.96"
"10","007","00","024","2401","0000","344","263","81","81","425","1104","0","38.5","23.82"
"10","007","00","024","2401","0982","344","263","81","81","425","1104","0","38.5","23.82"
"10","007","00","024","2402","0000","380","307","73","50","430","1092","0","39.38","28.11"
"10","007","00","024","2402","0986","160","135","25","21","181","518","0","34.94","26.06"
"10","007","00","024","2402","0987","220","172","48","29","249","574","0","43.38","29.97"
"10","007","00","024","2403","0000","533","416","117","74","607","1312","0","46.27","31.71"
"10","007","00","024","2403","0984","533","416","117","74","607","1312","0","46.27","31.71"
"10","007","00","024","2404","0000","304","230","74","62","366","853","0","42.91","26.96"
"10","007","00","024","2404","0985","304","230","74","62","366","853","0","42.91","26.96"
"10","007","00","024","2405","0000","470","366","104","67","537","964","0","55.71","37.97"
"10","007","00","024","2405","0983","470","366","104","67","537","964","0","55.71","37.97"
"10","007","00","024","2406","0000","367","296","71","38","405","1103","0","36.72","26.84"
"10","007","00","024","2406","0993","367","296","71","38","405","1103","0","36.72","26.84"
"10","007","00","024","2407","0000","366","280","86","31","397","1288","0","30.82","21.74"
"10","007","00","024","2407","0981","366","280","86","31","397","1288","0","30.82","21.74"
"10","007","00","024","2408","0000","229","178","51","39","268","702","0","38.18","25.36"
"10","007","00","024","2408","0988","229","178","51","39","268","702","0","38.18","25.36"
"10","007","00","024","2409","0000","191","153","38","33","224","686","0","32.65","22.3"
"10","007","00","024","2409","0996","191","153","38","33","224","686","0","32.65","22.3"
"10","007","00","024","2410","0000","292","237","55","40","332","1069","0","31.06","22.17"
"10","007","00","024","2410","0989","103","82","21","15","118","376","0","31.38","21.81"
"10","007","00","024","2410","0990","189","155","34","25","214","693","0","30.88","22.37"
"10","007","00","024","2411","0000","252","193","59","20","272","899","0","30.26","21.47"
"10","007","00","024","2411","0997","252","193","59","20","272","899","0","30.26","21.47"
"10","007","00","024","2412","0000","375","282","93","31","406","1192","0","34.06","23.66"
"10","007","00","024","2412","0994","375","282","93","31","406","1192","0","34.06","23.66"
"10","007","00","024","2413","0000","329","246","83","32","361","917","0","39.37","26.83"
"10","007","00","024","2413","0995","329","246","83","32","361","917","0","39.37","26.83"
"10","007","00","024","2414","0000","336","252","84","49","385","877","0","43.9","28.73"
"10","007","00","024","2414","0991","336","252","84","49","385","877","0","43.9","28.73"
"10","007","00","024","2415","0000","169","121","48","15","184","655","0","28.09","18.47"
"10","007","00","024","2415","0992","169","121","48","15","184","655","0","28.09","18.47"
"10","007","00","025","0000","0000","6005","4516","1489","817","6822","12821","15117","53.21","35.22"
"10","007","00","025","2501","0000","587","453","134","78","665","1168","0","56.93","38.78"
"10","007","00","025","2501","1034","587","453","134","78","665","1168","0","56.93","38.78"
"10","007","00","025","2502","0000","1029","759","270","106","1135","1925","0","58.96","39.43"
"10","007","00","025","2502","1035","492","352","140","46","538","965","0","55.75","36.48"
"10","007","00","025","2502","1036","537","407","130","60","597","960","0","62.19","42.4"
"10","007","00","025","2503","0000","416","319","97","67","483","743","0","65.01","42.93"
"10","007","00","025","2503","1037","416","319","97","67","483","743","0","65.01","42.93"
"10","007","00","025","2504","0000","295","225","70","42","337","751","0","44.87","29.96"
"10","007","00","025","2504","1038","295","225","70","42","337","751","0","44.87","29.96"
"10","007","00","025","2505","0000","623","471","152","66","689","1525","0","45.18","30.89"
"10","007","00","025","2505","1039","330","240","90","49","379","792","0","47.85","30.3"
"10","007","00","025","2505","1040","293","231","62","17","310","733","0","42.29","31.51"
"10","007","00","025","2506","0000","301","224","77","47","348","657","0","52.97","34.09"
"10","007","00","025","2506","1041","301","224","77","47","348","657","0","52.97","34.09"
"10","007","00","025","2507","0000","484","378","106","44","528","1063","0","49.67","35.56"
"10","007","00","025","2507","1042","484","378","106","44","528","1063","0","49.67","35.56"
"10","007","00","025","2508","0000","545","423","122","86","631","1114","0","56.64","37.97"
"10","007","00","025","2508","1043","545","423","122","86","631","1114","0","56.64","37.97"
"10","007","00","025","2509","0000","288","207","81","54","342","506","0","67.59","40.91"
"10","007","00","025","2509","1044","288","207","81","54","342","506","0","67.59","40.91"
"10","007","00","025","2510","0000","369","267","102","51","420","823","0","51.03","32.44"
"10","007","00","025","2510","1045","369","267","102","51","420","823","0","51.03","32.44"
"10","007","00","025","2511","0000","302","222","80","42","344","654","0","52.6","33.94"
"10","007","00","025","2511","1046","302","222","80","42","344","654","0","52.6","33.94"
"10","007","00","025","2512","0000","215","162","53","29","244","577","0","42.29","28.08"
"10","007","00","025","2512","1047","215","162","53","29","244","577","0","42.29","28.08"
"10","007","00","025","2513","0000","348","257","91","59","407","772","0","52.72","33.29"
"10","007","00","025","2513","1048","348","257","91","59","407","772","0","52.72","33.29"
"10","007","00","025","2514","0000","203","149","54","46","249","543","0","45.86","27.44"
"10","007","00","025","2514","1049","203","149","54","46","249","543","0","45.86","27.44"
"10","007","00","026","0000","0000","11509","8824","2685","1338","12847","25405","29797","50.57","34.73"
"10","007","00","026","2601","0000","848","648","200","74","922","1839","0","50.14","35.24"
"10","007","00","026","2601","0915","384","303","81","46","430","778","0","55.27","38.95"
"10","007","00","026","2601","0916","464","345","119","28","492","1061","0","46.37","32.52"
"10","007","00","026","2602","0000","574","437","137","65","639","1409","0","45.35","31.01"
"10","007","00","026","2602","0925","574","437","137","65","639","1409","0","45.35","31.01"
"10","007","00","026","2603","0000","464","367","97","63","527","1157","0","45.55","31.72"
"10","007","00","026","2603","0930","464","367","97","63","527","1157","0","45.55","31.72"
"10","007","00","026","2604","0000","735","555","180","91","826","1490","0","55.44","37.25"
"10","007","00","026","2604","0941","735","555","180","91","826","1490","0","55.44","37.25"
"10","007","00","026","2605","0000","290","210","80","33","323","701","0","46.08","29.96"
"10","007","00","026","2605","0917","290","210","80","33","323","701","0","46.08","29.96"
"10","007","00","026","2606","0000","660","478","182","104","764","1506","0","50.73","31.74"
"10","007","00","026","2606","0926","340","248","92","38","378","792","0","47.73","31.31"
"10","007","00","026","2606","0927","320","230","90","66","386","714","0","54.06","32.21"
"10","007","00","026","2607","0000","366","286","80","70","436","843","0","51.72","33.93"
"10","007","00","026","2607","0936","366","286","80","70","436","843","0","51.72","33.93"
"10","007","00","026","2608","0000","479","357","122","51","530","879","0","60.3","40.61"
"10","007","00","026","2608","0918","479","357","122","51","530","879","0","60.3","40.61"
"10","007","00","026","2609","0000","849","723","126","117","966","2071","0","46.64","34.91"
"10","007","00","026","2609","0928","474","354","120","65","539","1109","0","48.6","31.92"
"10","007","00","026","2609","0929","375","369","6","52","427","962","0","44.39","38.36"
"10","007","00","026","2610","0000","231","179","52","11","242","711","0","34.04","25.18"
"10","007","00","026","2610","0937","231","179","52","11","242","711","0","34.04","25.18"
"10","007","00","026","2611","0000","819","616","203","97","916","1532","0","59.79","40.21"
"10","007","00","026","2611","0919","381","275","106","47","428","654","0","65.44","42.05"
"10","007","00","026","2611","0920","438","341","97","50","488","878","0","55.58","38.84"
"10","007","00","026","2612","0000","873","661","212","94","967","1839","0","52.58","35.94"
"10","007","00","026","2612","0931","439","344","95","51","490","952","0","51.47","36.13"
"10","007","00","026","2612","0932","434","317","117","43","477","887","0","53.78","35.74"
"10","007","00","026","2613","0000","395","308","87","72","467","851","0","54.88","36.19"
"10","007","00","026","2613","0938","395","308","87","72","467","851","0","54.88","36.19"
"10","007","00","026","2614","0000","959","745","214","87","1046","1813","0","57.69","41.09"
"10","007","00","026","2614","0921","526","404","122","50","576","942","0","61.15","42.89"
"10","007","00","026","2614","0922","433","341","92","37","470","871","0","53.96","39.15"
"10","007","00","026","2615","0000","751","566","185","109","860","1876","0","45.84","30.17"
"10","007","00","026","2615","0933","334","259","75","46","380","866","0","43.88","29.91"
"10","007","00","026","2615","0934","417","307","110","63","480","1010","0","47.52","30.4"
"10","007","00","026","2616","0000","509","400","109","63","572","1247","0","45.87","32.08"
"10","007","00","026","2616","0940","509","400","109","63","572","1247","0","45.87","32.08"
"10","007","00","026","2617","0000","935","726","209","79","1014","1905","0","53.23","38.11"
"10","007","00","026","2617","0923","487","379","108","31","518","1047","0","49.47","36.2"
"10","007","00","026","2617","0924","448","347","101","48","496","858","0","57.81","40.44"
"10","007","00","026","2618","0000","398","298","100","24","422","853","0","49.47","34.94"
"10","007","00","026","2618","0935","398","298","100","24","422","853","0","49.47","34.94"
"10","007","00","026","2619","0000","374","264","110","34","408","883","0","46.21","29.9"
"10","007","00","026","2619","0939","374","264","110","34","408","883","0","46.21","29.9"
"10","008","00","000","0000","0000","225504","178821","46683","19043","244547","427089","497876","57.26","41.87"
"10","008","00","001","0000","0000","47325","37773","9552","3247","50572","84328","99538","59.97","44.79"
"10","008","00","001","0101","0000","523","405","118","25","548","927","0","59.12","43.69"
"10","008","00","001","0101","0001","523","405","118","25","548","927","0","59.12","43.69"
"10","008","00","001","0102","0000","868","705","163","63","931","1440","0","64.65","48.96"
"10","008","00","001","0102","0002","420","342","78","34","454","667","0","68.07","51.27"
"10","008","00","001","0102","0003","448","363","85","29","477","773","0","61.71","46.96"
"10","008","00","001","0103","0000","472","356","116","40","512","818","0","62.59","43.52"
"10","008","00","001","0103","0004","472","356","116","40","512","818","0","62.59","43.52"
"10","008","00","001","0104","0000","330","249","81","26","356","525","0","67.81","47.43"
"10","008","00","001","0104","0005","330","249","81","26","356","525","0","67.81","47.43"
"10","008","00","001","0105","0000","350","271","79","31","381","575","0","66.26","47.13"
"10","008","00","001","0105","0006","350","271","79","31","381","575","0","66.26","47.13"
"10","008","00","001","0106","0000","239","182","57","14","253","368","0","68.75","49.46"
"10","008","00","001","0106","0007","239","182","57","14","253","368","0","68.75","49.46"
"10","008","00","001","0107","0000","585","444","141","48","633","956","0","66.21","46.44"
"10","008","00","001","0107","0008","585","444","141","48","633","956","0","66.21","46.44"
"10","008","00","001","0108","0000","1576","1234","342","113","1689","2632","0","64.17","46.88"
"10","008","00","001","0108","0058","812","626","186","74","886","1387","0","63.88","45.13"
"10","008","00","001","0108","0059","764","608","156","39","803","1245","0","64.5","48.84"
"10","008","00","001","0109","0000","4030","3226","804","253","4283","7018","0","61.03","45.97"
"10","008","00","001","0109","0060","660","543","117","31","691","1199","0","57.63","45.29"
"10","008","00","001","0109","0061","730","567","163","47","777","1288","0","60.33","44.02"
"10","008","00","001","0109","0062","572","446","126","52","624","1040","0","60.0","42.88"
"10","008","00","001","0109","0063","608","489","119","56","664","1070","0","62.06","45.7"
"10","008","00","001","0109","0064","782","648","134","36","818","1299","0","62.97","49.88"
"10","008","00","001","0109","0065","678","533","145","31","709","1122","0","63.19","47.5"
"10","008","00","001","0110","0000","2377","1931","446","155","2532","4543","0","55.73","42.5"
"10","008","00","001","0110","0032","738","605","133","49","787","1356","0","58.04","44.62"
"10","008","00","001","0110","0033","693","564","129","51","744","1373","0","54.19","41.08"
"10","008","00","001","0110","0034","767","609","158","38","805","1452","0","55.44","41.94"
"10","008","00","001","0110","0035","179","153","26","17","196","362","0","54.14","42.27"
"10","008","00","001","0111","0000","205","162","43","29","234","389","0","60.15","41.65"
"10","008","00","001","0111","0036","205","162","43","29","234","389","0","60.15","41.65"
"10","008","00","001","0112","0000","3396","2631","765","261","3657","5992","0","61.03","43.91"
"10","008","00","001","0112","0022","500","392","108","47","547","960","0","56.98","40.83"
"10","008","00","001","0112","0023","516","407","109","42","558","906","0","61.59","44.92"
"10","008","00","001","0112","0024","543","423","120","47","590","957","0","61.65","44.2"
"10","008","00","001","0112","0025","598","447","151","53","651","997","0","65.3","44.83"
"10","008","00","001","0112","0026","588","466","122","39","627","1008","0","62.2","46.23"
"10","008","00","001","0112","0027","651","496","155","33","684","1164","0","58.76","42.61"
"10","008","00","001","0113","0000","1072","816","256","107","1179","2045","0","57.65","39.9"
"10","008","00","001","0113","0028","324","254","70","30","354","587","0","60.31","43.27"
"10","008","00","001","0113","0029","364","261","103","37","401","734","0","54.63","35.56"
"10","008","00","001","0113","0030","384","301","83","40","424","724","0","58.56","41.57"
"10","008","00","001","0114","0000","560","456","104","36","596","1003","0","59.42","45.46"
"10","008","00","001","0114","0031","560","456","104","36","596","1003","0","59.42","45.46"
"10","008","00","001","0115","0000","2947","2447","500","147","3094","5426","0","57.02","45.1"
"10","008","00","001","0115","0009","629","502","127","24","653","1245","0","52.45","40.32"
"10","008","00","001","0115","0010","719","682","37","31","750","1484","0","50.54","45.96"
"10","008","00","001","0115","0011","739","596","143","37","776","1191","0","65.16","50.04"
"10","008","00","001","0115","0012","860","667","193","55","915","1506","0","60.76","44.29"
"10","008","00","001","0116","0000","1672","1293","379","116","1788","2790","0","64.09","46.34"
"10","008","00","001","0116","0013","635","484","151","42","677","1070","0","63.27","45.23"
"10","008","00","001","0116","0014","393","313","80","25","418","670","0","62.39","46.72"
"10","008","00","001","0116","0015","644","496","148","49","693","1050","0","66.0","47.24"
"10","008","00","001","0117","0000","1080","819","261","87","1167","2106","0","55.41","38.89"
"10","008","00","001","0117","0016","557","429","128","52","609","1122","0","54.28","38.24"
"10","008","00","001","0117","0017","523","390","133","35","558","984","0","56.71","39.63"
"10","008","00","001","0118","0000","2532","1992","540","183","2715","4411","0","61.55","45.16"
"10","008","00","001","0118","0018","651","542","109","25","676","1062","0","63.65","51.04"
"10","008","00","001","0118","0019","585","460","125","61","646","1053","0","61.35","43.68"
"10","008","00","001","0118","0020","658","485","173","44","702","1104","0","63.59","43.93"
"10","008","00","001","0118","0021","638","505","133","53","691","1192","0","57.97","42.37"
"10","008","00","001","0119","0000","954","778","176","84","1038","1930","0","53.78","40.31"
"10","008","00","001","0119","0083","482","392","90","51","533","950","0","56.11","41.26"
"10","008","00","001","0119","0084","472","386","86","33","505","980","0","51.53","39.39"
"10","008","00","001","0120","0000","362","277","85","35","397","790","0","50.25","35.06"
"10","008","00","001","0120","0081","362","277","85","35","397","790","0","50.25","35.06"
"10","008","00","001","0121","0000","246","195","51","28","274","647","0","42.35","30.14"
"10","008","00","001","0121","0082","246","195","51","28","274","647","0","42.35","30.14"
"10","008","00","001","0122","0000","488","357","131","106","594","1122","0","52.94","31.82"
"10","008","00","001","0122","0080","488","357","131","106","594","1122","0","52.94","31.82"
"10","008","00","001","0123","0000","2904","2293","611","171","3075","5362","0","57.35","42.76"
"10","008","00","001","0123","0066","781","625","156","44","825","1414","0","58.35","44.2"
"10","008","00","001","0123","0067","614","489","125","50","664","1121","0","59.23","43.62"
"10","008","00","001","0123","0068","777","596","181","36","813","1434","0","56.69","41.56"
"10","008","00","001","0123","0069","732","583","149","41","773","1393","0","55.49","41.85"
"10","008","00","001","0124","0000","2510","1993","517","132","2642","4907","0","53.84","40.62"
"10","008","00","001","0124","0070","559","434","125","31","590","1059","0","55.71","40.98"
"10","008","00","001","0124","0071","672","527","145","37","709","1218","0","58.21","43.27"
"10","008","00","001","0124","0072","646","524","122","19","665","1293","0","51.43","40.53"
"10","008","00","001","0124","0073","633","508","125","45","678","1337","0","50.71","38.0"
"10","008","00","001","0125","0000","1607","1222","385","104","1711","2859","0","59.85","42.74"
"10","008","00","001","0125","0074","520","391","129","34","554","876","0","63.24","44.63"
"10","008","00","001","0125","0075","534","419","115","30","564","971","0","58.08","43.15"
"10","008","00","001","0125","0076","553","412","141","40","593","1012","0","58.6","40.71"
"10","008","00","001","0126","0000","1637","1276","361","127","1764","2999","0","58.82","42.55"
"10","008","00","001","0126","0077","491","399","92","43","534","973","0","54.88","41.01"
"10","008","00","001","0126","0078","580","444","136","44","624","1002","0","62.28","44.31"
"10","008","00","001","0126","0079","566","433","133","40","606","1024","0","59.18","42.29"
"10","008","00","001","0127","0000","3666","3015","651","208","3874","5880","0","65.88","51.28"
"10","008","00","001","0127","0039","546","438","108","47","593","921","0","64.39","47.56"
"10","008","00","001","0127","0040","590","490","100","35","625","892","0","70.07","54.93"
"10","008","00","001","0127","0041","652","543","109","35","687","1050","0","65.43","51.71"
"10","008","00","001","0127","0042","653","538","115","26","679","1078","0","62.99","49.91"
"10","008","00","001","0127","0043","623","522","101","44","667","1078","0","61.87","48.42"
"10","008","00","001","0127","0044","602","484","118","21","623","861","0","72.36","56.21"
"10","008","00","001","0128","0000","1417","1107","310","121","1538","2365","0","65.03","46.81"
"10","008","00","001","0128","0037","766","597","169","65","831","1276","0","65.13","46.79"
"10","008","00","001","0128","0038","651","510","141","56","707","1089","0","64.92","46.83"
"10","008","00","001","0129","0000","3854","3240","614","223","4077","6589","0","61.88","49.17"
"10","008","00","001","0129","0045","650","625","25","78","728","1221","0","59.62","51.19"
"10","008","00","001","0129","0046","621","487","134","29","650","1105","0","58.82","44.07"
"10","008","00","001","0129","0047","726","577","149","28","754","1230","0","61.3","46.91"
"10","008","00","001","0129","0048","633","530","103","42","675","1092","0","61.81","48.53"
"10","008","00","001","0129","0049","805","679","126","18","823","1286","0","64.0","52.8"
"10","008","00","001","0129","0050","419","342","77","28","447","655","0","68.24","52.21"
"10","008","00","001","0130","0000","833","660","173","63","896","1439","0","62.27","45.87"
"10","008","00","001","0130","0051","446","347","99","33","479","719","0","66.62","48.26"
"10","008","00","001","0130","0052","387","313","74","30","417","720","0","57.92","43.47"
"10","008","00","001","0131","0000","482","418","64","26","508","848","0","59.91","49.29"
"10","008","00","001","0131","0057","482","418","64","26","508","848","0","59.91","49.29"
"10","008","00","001","0132","0000","619","538","81","37","656","1108","0","59.21","48.56"
"10","008","00","001","0132","0054","263","228","35","16","279","492","0","56.71","46.34"
"10","008","00","001","0132","0055","356","310","46","21","377","616","0","61.2","50.32"
"10","008","00","001","0133","0000","607","525","82","31","638","1010","0","63.17","51.98"
"10","008","00","001","0133","0056","607","525","82","31","638","1010","0","63.17","51.98"
"10","008","00","001","0134","0000","325","260","65","17","342","509","0","67.19","51.08"
"10","008","00","001","0134","0053","325","260","65","17","342","509","0","67.19","51.08"
"10","008","00","002","0000","0000","36441","29379","7062","2913","39354","68763","80408","57.23","42.73"
"10","008","00","002","0201","0000","1444","1174","270","135","1579","2676","0","59.01","43.87"
"10","008","00","002","0201","0085","445","365","80","54","499","828","0","60.27","44.08"
"10","008","00","002","0201","0086","443","358","85","42","485","786","0","61.7","45.55"
"10","008","00","002","0201","0087","556","451","105","39","595","1062","0","56.03","42.47"
"10","008","00","002","0202","0000","515","423","92","37","552","838","0","65.87","50.48"
"10","008","00","002","0202","0105","515","423","92","37","552","838","0","65.87","50.48"
"10","008","00","002","0203","0000","1591","1281","310","114","1705","3107","0","54.88","41.23"
"10","008","00","002","0203","0102","467","374","93","17","484","901","0","53.72","41.51"
"10","008","00","002","0203","0103","490","394","96","54","544","997","0","54.56","39.52"
"10","008","00","002","0203","0104","634","513","121","43","677","1209","0","56.0","42.43"
"10","008","00","002","0204","0000","1287","1032","255","112","1399","2489","0","56.21","41.46"
"10","008","00","002","0204","0106","561","454","107","53","614","1226","0","50.08","37.03"
"10","008","00","002","0204","0107","726","578","148","59","785","1263","0","62.15","45.76"
"10","008","00","002","0205","0000","1141","923","218","84","1225","2233","0","54.86","41.33"
"10","008","00","002","0205","0121","604","480","124","45","649","1133","0","57.28","42.37"
"10","008","00","002","0205","0122","537","443","94","39","576","1100","0","52.36","40.27"
"10","008","00","002","0206","0000","623","470","153","40","663","1023","0","64.81","45.94"
"10","008","00","002","0206","0126","623","470","153","40","663","1023","0","64.81","45.94"
"10","008","00","002","0207","0000","1863","1512","351","176","2039","3705","0","55.03","40.81"
"10","008","00","002","0207","0123","616","508","108","56","672","1155","0","58.18","43.98"
"10","008","00","002","0207","0124","614","485","129","55","669","1254","0","53.35","38.68"
"10","008","00","002","0207","0125","633","519","114","65","698","1296","0","53.86","40.05"
"10","008","00","002","0208","0000","3136","2523","613","208","3344","5777","0","57.88","43.67"
"10","008","00","002","0208","0127","452","383","69","20","472","964","0","48.96","39.73"
"10","008","00","002","0208","0128","535","431","104","34","569","986","0","57.71","43.71"
"10","008","00","002","0208","0129","587","486","101","29","616","1016","0","60.63","47.83"
"10","008","00","002","0208","0130","480","365","115","50","530","898","0","59.02","40.65"
"10","008","00","002","0208","0131","555","447","108","41","596","980","0","60.82","45.61"
"10","008","00","002","0208","0132","527","411","116","34","561","933","0","60.13","44.05"
"10","008","00","002","0209","0000","606","465","141","43","649","929","0","69.86","50.05"
"10","008","00","002","0209","0133","606","465","141","43","649","929","0","69.86","50.05"
"10","008","00","002","0210","0000","3857","3124","733","288","4145","7458","0","55.58","41.89"
"10","008","00","002","0210","0090","677","555","122","37","714","1282","0","55.69","43.29"
"10","008","00","002","0210","0091","450","375","75","47","497","859","0","57.86","43.66"
"10","008","00","002","0210","0092","673","538","135","83","756","1288","0","58.7","41.77"
"10","008","00","002","0210","0093","734","590","144","24","758","1330","0","56.99","44.36"
"10","008","00","002","0210","0094","718","578","140","52","770","1416","0","54.38","40.82"
"10","008","00","002","0210","0095","605","488","117","45","650","1283","0","50.66","38.04"
"10","008","00","002","0211","0000","1982","1582","400","198","2180","3815","0","57.14","41.47"
"10","008","00","002","0211","0096","623","485","138","80","703","1151","0","61.08","42.14"
"10","008","00","002","0211","0097","599","483","116","35","634","1193","0","53.14","40.49"
"10","008","00","002","0211","0098","760","614","146","83","843","1471","0","57.31","41.74"
"10","008","00","002","0212","0000","457","362","95","75","532","1044","0","50.96","34.67"
"10","008","00","002","0212","0099","457","362","95","75","532","1044","0","50.96","34.67"
"10","008","00","002","0213","0000","603","498","105","61","664","1122","0","59.18","44.39"
"10","008","00","002","0213","0100","603","498","105","61","664","1122","0","59.18","44.39"
"10","008","00","002","0214","0000","678","563","115","50","728","1129","0","64.48","49.87"
"10","008","00","002","0214","0101","678","563","115","50","728","1129","0","64.48","49.87"
"10","008","00","002","0215","0000","528","415","113","60","588","1032","0","56.98","40.21"
"10","008","00","002","0215","0134","528","415","113","60","588","1032","0","56.98","40.21"
"10","008","00","002","0216","0000","139","115","24","10","149","315","0","47.3","36.51"
"10","008","00","002","0216","0135","139","115","24","10","149","315","0","47.3","36.51"
"10","008","00","002","0217","0000","638","499","139","71","709","1363","0","52.02","36.61"
"10","008","00","002","0217","0136","638","499","139","71","709","1363","0","52.02","36.61"
"10","008","00","002","0218","0000","807","617","190","59","866","1430","0","60.56","43.15"
"10","008","00","002","0218","0137","400","324","76","38","438","725","0","60.41","44.69"
"10","008","00","002","0218","0138","407","293","114","21","428","705","0","60.71","41.56"
"10","008","00","002","0219","0000","944","765","179","78","1022","1683","0","60.72","45.45"
"10","008","00","002","0219","0139","453","361","92","35","488","751","0","64.98","48.07"
"10","008","00","002","0219","0140","491","404","87","43","534","932","0","57.3","43.35"
"10","008","00","002","0220","0000","728","569","159","52","780","1332","0","58.56","42.72"
"10","008","00","002","0220","0141","529","415","114","40","569","956","0","59.52","43.41"
"10","008","00","002","0220","0142","199","154","45","12","211","376","0","56.12","40.96"
"10","008","00","002","0221","0000","368","288","80","39","407","682","0","59.68","42.23"
"10","008","00","002","0221","0143","368","288","80","39","407","682","0","59.68","42.23"
"10","008","00","002","0222","0000","593","545","48","52","645","990","0","65.15","55.05"
"10","008","00","002","0222","0144","593","545","48","52","645","990","0","65.15","55.05"
"10","008","00","002","0223","0000","598","501","97","63","661","1170","0","56.5","42.82"
"10","008","00","002","0223","0147","598","501","97","63","661","1170","0","56.5","42.82"
"10","008","00","002","0224","0000","330","262","68","23","353","604","0","58.44","43.38"
"10","008","00","002","0224","0148","330","262","68","23","353","604","0","58.44","43.38"
"10","008","00","002","0225","0000","511","387","124","42","553","999","0","55.36","38.74"
"10","008","00","002","0225","0149","511","387","124","42","553","999","0","55.36","38.74"
"10","008","00","002","0226","0000","1421","1131","290","83","1504","2791","0","53.89","40.52"
"10","008","00","002","0226","0150","429","341","88","25","454","923","0","49.19","36.94"
"10","008","00","002","0226","0151","507","400","107","30","537","887","0","60.54","45.1"
"10","008","00","002","0226","0152","485","390","95","28","513","981","0","52.29","39.76"
"10","008","00","002","0227","0000","877","714","163","81","958","1630","0","58.77","43.8"
"10","008","00","002","0227","0116","373","285","88","53","426","725","0","58.76","39.31"
"10","008","00","002","0227","0117","504","429","75","28","532","905","0","58.78","47.4"
"10","008","00","002","0228","0000","1278","1033","245","124","1402","2588","0","54.17","39.91"
"10","008","00","002","0228","0118","579","476","103","63","642","1179","0","54.45","40.37"
"10","008","00","002","0228","0119","456","367","89","35","491","944","0","52.01","38.88"
"10","008","00","002","0228","0120","243","190","53","26","269","465","0","57.85","40.86"
"10","008","00","002","0229","0000","727","568","159","78","805","1622","0","49.63","35.02"
"10","008","00","002","0229","0145","595","468","127","64","659","1324","0","49.77","35.35"
"10","008","00","002","0229","0146","132","100","32","14","146","298","0","48.99","33.56"
"10","008","00","002","0230","0000","1902","1566","336","121","2023","3227","0","62.69","48.53"
"10","008","00","002","0230","0108","606","505","101","33","639","1045","0","61.15","48.33"
"10","008","00","002","0230","0109","652","544","108","41","693","1120","0","61.88","48.57"
"10","008","00","002","0230","0110","644","517","127","47","691","1062","0","65.07","48.68"
"10","008","00","002","0231","0000","1421","1163","258","83","1504","2616","0","57.49","44.46"
"10","008","00","002","0231","0088","697","566","131","49","746","1201","0","62.11","47.13"
"10","008","00","002","0231","0089","724","597","127","34","758","1415","0","53.57","42.19"
"10","008","00","002","0232","0000","1684","1343","341","110","1794","3179","0","56.43","42.25"
"10","008","00","002","0232","0111","543","443","100","37","580","1022","0","56.75","43.35"
"10","008","00","002","0232","0112","567","442","125","31","598","1051","0","56.9","42.06"
"10","008","00","002","0232","0113","574","458","116","42","616","1106","0","55.7","41.41"
"10","008","00","002","0233","0000","1164","966","198","63","1227","2165","0","56.67","44.62"
"10","008","00","002","0233","0114","567","461","106","28","595","1098","0","54.19","41.99"
"10","008","00","002","0233","0115","597","505","92","35","632","1067","0","59.23","47.33"
"10","008","00","003","0000","0000","44723","35497","9226","3042","47765","82922","97223","57.6","42.81"
"10","008","00","003","0301","0000","1177","939","238","53","1230","2125","0","57.88","44.19"
"10","008","00","003","0301","0153","584","455","129","23","607","998","0","60.82","45.59"
"10","008","00","003","0301","0154","593","484","109","30","623","1127","0","55.28","42.95"
"10","008","00","003","0302","0000","1101","838","263","90","1191","2077","0","57.34","40.35"
"10","008","00","003","0302","0158","500","382","118","33","533","936","0","56.94","40.81"
"10","008","00","003","0302","0159","601","456","145","57","658","1141","0","57.67","39.96"
"10","008","00","003","0303","0000","636","490","146","27","663","1121","0","59.14","43.71"
"10","008","00","003","0303","0161","636","490","146","27","663","1121","0","59.14","43.71"
"10","008","00","003","0304","0000","3498","2795","703","290","3788","6455","0","58.68","43.3"
"10","008","00","003","0304","0164","640","507","133","56","696","1267","0","54.93","40.02"
"10","008","00","003","0304","0165","653","550","103","68","721","1214","0","59.39","45.3"
"10","008","00","003","0304","0166","679","519","160","66","745","1259","0","59.17","41.22"
"10","008","00","003","0304","0167","823","665","158","45","868","1442","0","60.19","46.12"
"10","008","00","003","0304","0168","703","554","149","55","758","1273","0","59.54","43.52"
"10","008","00","003","0305","0000","4328","3669","659","227","4555","7422","0","61.37","49.43"
"10","008","00","003","0305","0169","610","490","120","41","651","1145","0","56.86","42.79"
"10","008","00","003","0305","0170","676","547","129","29","705","1279","0","55.12","42.77"
"10","008","00","003","0305","0171","619","602","17","26","645","1158","0","55.7","51.99"
"10","008","00","003","0305","0172","927","809","118","53","980","1335","0","73.41","60.6"
"10","008","00","003","0305","0173","757","616","141","35","792","1178","0","67.23","52.29"
"10","008","00","003","0305","0174","739","605","134","43","782","1327","0","58.93","45.59"
"10","008","00","003","0306","0000","3420","2679","741","219","3639","6403","0","56.83","41.84"
"10","008","00","003","0306","0208","753","574","179","72","825","1466","0","56.28","39.15"
"10","008","00","003","0306","0209","637","510","127","37","674","1180","0","57.12","43.22"
"10","008","00","003","0306","0210","585","455","130","26","611","1006","0","60.74","45.23"
"10","008","00","003","0306","0211","466","377","89","40","506","1000","0","50.6","37.7"
"10","008","00","003","0306","0212","656","516","140","31","687","1128","0","60.9","45.74"
"10","008","00","003","0306","0213","323","247","76","13","336","623","0","53.93","39.65"
"10","008","00","003","0307","0000","2910","2267","643","196","3106","6046","0","51.37","37.5"
"10","008","00","003","0307","0190","634","495","139","27","661","1395","0","47.38","35.48"
"10","008","00","003","0307","0191","640","498","142","42","682","1101","0","61.94","45.23"
"10","008","00","003","0307","0192","654","514","140","41","695","1297","0","53.59","39.63"
"10","008","00","003","0307","0193","365","274","91","25","390","877","0","44.47","31.24"
"10","008","00","003","0307","0194","617","486","131","61","678","1376","0","49.27","35.32"
"10","008","00","003","0308","0000","2297","1806","491","198","2495","4066","0","61.36","44.42"
"10","008","00","003","0308","0195","601","488","113","50","651","1008","0","64.58","48.41"
"10","008","00","003","0308","0196","615","493","122","51","666","1080","0","61.67","45.65"
"10","008","00","003","0308","0197","516","398","118","49","565","1017","0","55.56","39.13"
"10","008","00","003","0308","0198","565","427","138","48","613","961","0","63.79","44.43"
"10","008","00","003","0309","0000","2242","1736","506","121","2363","4392","0","53.8","39.53"
"10","008","00","003","0309","0181","494","385","109","28","522","1048","0","49.81","36.74"
"10","008","00","003","0309","0182","536","415","121","36","572","1009","0","56.69","41.13"
"10","008","00","003","0309","0183","581","478","103","24","605","1138","0","53.16","42.0"
"10","008","00","003","0309","0184","631","458","173","33","664","1197","0","55.47","38.26"
"10","008","00","003","0310","0000","1365","1113","252","83","1448","2423","0","59.76","45.93"
"10","008","00","003","0310","0185","768","637","131","38","806","1364","0","59.09","46.7"
"10","008","00","003","0310","0186","597","476","121","45","642","1059","0","60.62","44.95"
"10","008","00","003","0311","0000","1577","1283","294","139","1716","2944","0","58.29","43.58"
"10","008","00","003","0311","0187","602","502","100","48","650","1108","0","58.66","45.31"
"10","008","00","003","0311","0188","459","367","92","43","502","879","0","57.11","41.75"
"10","008","00","003","0311","0189","516","414","102","48","564","957","0","58.93","43.26"
"10","008","00","003","0312","0000","1759","1419","340","83","1842","3143","0","58.61","45.15"
"10","008","00","003","0312","0178","593","478","115","28","621","1121","0","55.4","42.64"
"10","008","00","003","0312","0179","590","478","112","32","622","1043","0","59.64","45.83"
"10","008","00","003","0312","0180","576","463","113","23","599","979","0","61.18","47.29"
"10","008","00","003","0313","0000","1925","1534","391","128","2053","3524","0","58.26","43.53"
"10","008","00","003","0313","0199","647","522","125","62","709","1160","0","61.12","45.0"
"10","008","00","003","0313","0200","612","495","117","31","643","1121","0","57.36","44.16"
"10","008","00","003","0313","0201","666","517","149","35","701","1243","0","56.4","41.59"
"10","008","00","003","0314","0000","1547","1152","395","117","1664","2919","0","57.01","39.47"
"10","008","00","003","0314","0205","521","385","136","47","568","923","0","61.54","41.71"
"10","008","00","003","0314","0206","494","366","128","36","530","970","0","54.64","37.73"
"10","008","00","003","0314","0207","532","401","131","34","566","1026","0","55.17","39.08"
"10","008","00","003","0315","0000","732","574","158","38","770","1518","0","50.72","37.81"
"10","008","00","003","0315","0204","732","574","158","38","770","1518","0","50.72","37.81"
"10","008","00","003","0316","0000","1315","1028","287","90","1405","2255","0","62.31","45.59"
"10","008","00","003","0316","0202","519","391","128","29","548","932","0","58.8","41.95"
"10","008","00","003","0316","0203","796","637","159","61","857","1323","0","64.78","48.15"
"10","008","00","003","0317","0000","953","729","224","110","1063","1953","0","54.43","37.33"
"10","008","00","003","0317","0214","365","259","106","53","418","707","0","59.12","36.63"
"10","008","00","003","0317","0215","356","279","77","31","387","719","0","53.82","38.8"
"10","008","00","003","0317","0216","232","191","41","26","258","527","0","48.96","36.24"
"10","008","00","003","0318","0000","1157","918","239","82","1239","2052","0","60.38","44.74"
"10","008","00","003","0318","0217","659","528","131","49","708","1183","0","59.85","44.63"
"10","008","00","003","0318","0218","498","390","108","33","531","869","0","61.1","44.88"
"10","008","00","003","0319","0000","2140","1656","484","131","2271","4114","0","55.2","40.25"
"10","008","00","003","0319","0219","539","423","116","14","553","1132","0","48.85","37.37"
"10","008","00","003","0319","0220","518","389","129","50","568","949","0","59.85","40.99"
"10","008","00","003","0319","0221","551","440","111","34","585","965","0","60.62","45.6"
"10","008","00","003","0319","0222","532","404","128","33","565","1068","0","52.9","37.83"
"10","008","00","003","0320","0000","813","653","160","77","890","1659","0","53.65","39.36"
"10","008","00","003","0320","0224","324","264","60","28","352","642","0","54.83","41.12"
"10","008","00","003","0320","0225","489","389","100","49","538","1017","0","52.9","38.25"
"10","008","00","003","0321","0000","581","451","130","43","624","1024","0","60.94","44.04"
"10","008","00","003","0321","0223","581","451","130","43","624","1024","0","60.94","44.04"
"10","008","00","003","0322","0000","1199","931","268","125","1324","2276","0","58.17","40.91"
"10","008","00","003","0322","0227","592","456","136","66","658","1170","0","56.24","38.97"
"10","008","00","003","0322","0228","607","475","132","59","666","1106","0","60.22","42.95"
"10","008","00","003","0323","0000","580","484","96","43","623","1092","0","57.05","44.32"
"10","008","00","003","0323","0226","580","484","96","43","623","1092","0","57.05","44.32"
"10","008","00","003","0324","0000","418","328","90","27","445","705","0","63.12","46.52"
"10","008","00","003","0324","0160","418","328","90","27","445","705","0","63.12","46.52"
"10","008","00","003","0325","0000","1300","1008","292","86","1386","2278","0","60.84","44.25"
"10","008","00","003","0325","0162","549","419","130","34","583","877","0","66.48","47.78"
"10","008","00","003","0325","0163","751","589","162","52","803","1401","0","57.32","42.04"
"10","008","00","003","0326","0000","1993","1585","408","122","2115","3796","0","55.72","41.75"
"10","008","00","003","0326","0155","703","599","104","28","731","1401","0","52.18","42.76"
"10","008","00","003","0326","0156","576","410","166","37","613","1110","0","55.23","36.94"
"10","008","00","003","0326","0157","714","576","138","57","771","1285","0","60.0","44.82"
"10","008","00","003","0327","0000","1760","1432","328","97","1857","3140","0","59.14","45.61"
"10","008","00","003","0327","0175","553","424","129","34","587","1000","0","58.7","42.4"
"10","008","00","003","0327","0176","674","585","89","35","709","1257","0","56.4","46.54"
"10","008","00","003","0327","0177","533","423","110","28","561","883","0","63.53","47.9"
"10","008","00","004","0000","0000","23552","18263","5289","2222","25774","47034","54689","54.8","38.83"
"10","008","00","004","0401","0000","1139","881","258","97","1236","2020","0","61.19","43.61"
"10","008","00","004","0401","0229","652","514","138","52","704","1170","0","60.17","43.93"
"10","008","00","004","0401","0230","487","367","120","45","532","850","0","62.59","43.18"
"10","008","00","004","0402","0000","310","244","66","32","342","621","0","55.07","39.29"
"10","008","00","004","0402","0231","310","244","66","32","342","621","0","55.07","39.29"
"10","008","00","004","0403","0000","2253","1812","441","222","2475","4505","0","54.94","40.22"
"10","008","00","004","0403","0232","471","387","84","35","506","905","0","55.91","42.76"
"10","008","00","004","0403","0233","507","411","96","49","556","1099","0","50.59","37.4"
"10","008","00","004","0403","0234","565","451","114","72","637","1214","0","52.47","37.15"
"10","008","00","004","0403","0235","710","563","147","66","776","1287","0","60.3","43.75"
"10","008","00","004","0404","0000","1887","1509","378","182","2069","3587","0","57.68","42.07"
"10","008","00","004","0404","0236","616","493","123","62","678","1191","0","56.93","41.39"
"10","008","00","004","0404","0237","555","431","124","82","637","1118","0","56.98","38.55"
"10","008","00","004","0404","0238","716","585","131","38","754","1278","0","59.0","45.77"
"10","008","00","004","0405","0000","906","711","195","77","983","1715","0","57.32","41.46"
"10","008","00","004","0405","0270","431","322","109","58","489","793","0","61.66","40.61"
"10","008","00","004","0405","0271","475","389","86","19","494","922","0","53.58","42.19"
"10","008","00","004","0406","0000","641","530","111","40","681","1193","0","57.08","44.43"
"10","008","00","004","0406","0244","291","241","50","30","321","511","0","62.82","47.16"
"10","008","00","004","0406","0245","350","289","61","10","360","682","0","52.79","42.38"
"10","008","00","004","0407","0000","1861","1485","376","161","2022","3710","0","54.5","40.03"
"10","008","00","004","0407","0241","677","551","126","55","732","1308","0","55.96","42.13"
"10","008","00","004","0407","0242","667","511","156","51","718","1358","0","52.87","37.63"
"10","008","00","004","0407","0243","517","423","94","55","572","1044","0","54.79","40.52"
"10","008","00","004","0408","0000","458","340","118","24","482","989","0","48.74","34.38"
"10","008","00","004","0408","0246","458","340","118","24","482","989","0","48.74","34.38"
"10","008","00","004","0409","0000","696","561","135","45","741","1378","0","53.77","40.71"
"10","008","00","004","0409","0247","696","561","135","45","741","1378","0","53.77","40.71"
"10","008","00","004","0410","0000","387","329","58","31","418","875","0","47.77","37.6"
"10","008","00","004","0410","0272","173","142","31","21","194","366","0","53.01","38.8"
"10","008","00","004","0410","0273","214","187","27","10","224","509","0","44.01","36.74"
"10","008","00","004","0411","0000","1427","1114","313","111","1538","2882","0","53.37","38.65"
"10","008","00","004","0411","0260","709","550","159","56","765","1320","0","57.95","41.67"
"10","008","00","004","0411","0261","452","353","99","31","483","967","0","49.95","36.5"
"10","008","00","004","0411","0262","266","211","55","24","290","595","0","48.74","35.46"
"10","008","00","004","0412","0000","766","584","182","82","848","1729","0","49.05","33.78"
"10","008","00","004","0412","0258","400","304","96","28","428","908","0","47.14","33.48"
"10","008","00","004","0412","0259","366","280","86","54","420","821","0","51.16","34.1"
"10","008","00","004","0413","0000","407","318","89","67","474","859","0","55.18","37.02"
"10","008","00","004","0413","0263","407","318","89","67","474","859","0","55.18","37.02"
"10","008","00","004","0414","0000","2621","2047","574","210","2831","4873","0","58.1","42.01"
"10","008","00","004","0414","0251","735","575","160","73","808","1437","0","56.23","40.01"
"10","008","00","004","0414","0252","723","556","167","48","771","1286","0","59.95","43.23"
"10","008","00","004","0414","0253","611","491","120","47","658","1080","0","60.93","45.46"
"10","008","00","004","0414","0254","552","425","127","42","594","1070","0","55.51","39.72"
"10","008","00","004","0415","0000","915","734","181","99","1014","1845","0","54.96","39.78"
"10","008","00","004","0415","0264","580","460","120","65","645","1196","0","53.93","38.46"
"10","008","00","004","0415","0265","335","274","61","34","369","649","0","56.86","42.22"
"10","008","00","004","0416","0000","684","531","153","59","743","1341","0","55.41","39.6"
"10","008","00","004","0416","0266","684","531","153","59","743","1341","0","55.41","39.6"
"10","008","00","004","0417","0000","537","420","117","76","613","1222","0","50.16","34.37"
"10","008","00","004","0417","0267","537","420","117","76","613","1222","0","50.16","34.37"
"10","008","00","004","0418","0000","320","242","78","27","347","602","0","57.64","40.2"
"10","008","00","004","0418","0268","320","242","78","27","347","602","0","57.64","40.2"
"10","008","00","004","0419","0000","181","133","48","17","198","430","0","46.05","30.93"
"10","008","00","004","0419","0250","181","133","48","17","198","430","0","46.05","30.93"
"10","008","00","004","0420","0000","311","250","61","35","346","617","0","56.08","40.52"
"10","008","00","004","0420","0269","311","250","61","35","346","617","0","56.08","40.52"
"10","008","00","004","0421","0000","319","259","60","36","355","599","0","59.27","43.24"
"10","008","00","004","0421","0274","93","78","15","11","104","193","0","53.89","40.41"
"10","008","00","004","0421","0275","226","181","45","25","251","406","0","61.82","44.58"
"10","008","00","004","0422","0000","316","243","73","42","358","802","0","44.64","30.3"
"10","008","00","004","0422","0276","222","168","54","30","252","495","0","50.91","33.94"
"10","008","00","004","0422","0277","94","75","19","12","106","307","0","34.53","24.43"
"10","008","00","004","0423","0000","264","221","43","49","313","577","0","54.25","38.3"
"10","008","00","004","0423","0279","264","221","43","49","313","577","0","54.25","38.3"
"10","008","00","004","0424","0000","197","175","22","37","234","440","0","53.18","39.77"
"10","008","00","004","0424","0278","197","175","22","37","234","440","0","53.18","39.77"
"10","008","00","004","0425","0000","304","216","88","58","362","889","0","40.72","24.3"
"10","008","00","004","0425","0280","174","112","62","40","214","486","0","44.03","23.05"
"10","008","00","004","0425","0281","130","104","26","18","148","403","0","36.72","25.81"
"10","008","00","004","0426","0000","366","286","80","33","399","696","0","57.33","41.09"
"10","008","00","004","0426","0248","104","73","31","7","111","217","0","51.15","33.64"
"10","008","00","004","0426","0249","262","213","49","26","288","479","0","60.13","44.47"
"10","008","00","004","0427","0000","1892","1519","373","150","2042","3642","0","56.07","41.71"
"10","008","00","004","0427","0255","670","541","129","58","728","1295","0","56.22","41.78"
"10","008","00","004","0427","0256","555","442","113","35","590","1047","0","56.35","42.22"
"10","008","00","004","0427","0257","667","536","131","57","724","1300","0","55.69","41.23"
"10","008","00","004","0428","0000","1187","569","618","123","1310","2396","0","54.67","23.75"
"10","008","00","004","0428","0239","615","476","139","53","668","1153","0","57.94","41.28"
"10","008","00","004","0428","0240","572","93","479","70","642","1243","0","51.65","7.48"
"10","008","00","005","0000","0000","5033","4010","1023","502","5535","9611","10871","57.59","41.72"
"10","008","00","005","0501","0000","598","493","105","50","648","1070","0","60.56","46.07"
"10","008","00","005","0501","0282","598","493","105","50","648","1070","0","60.56","46.07"
"10","008","00","005","0502","0000","533","423","110","28","561","918","0","61.11","46.08"
"10","008","00","005","0502","0283","533","423","110","28","561","918","0","61.11","46.08"
"10","008","00","005","0503","0000","315","245","70","33","348","581","0","59.9","42.17"
"10","008","00","005","0503","0284","315","245","70","33","348","581","0","59.9","42.17"
"10","008","00","005","0504","0000","665","542","123","48","713","1194","0","59.72","45.39"
"10","008","00","005","0504","0285","665","542","123","48","713","1194","0","59.72","45.39"
"10","008","00","005","0505","0000","199","147","52","22","221","488","0","45.29","30.12"
"10","008","00","005","0505","0286","199","147","52","22","221","488","0","45.29","30.12"
"10","008","00","005","0506","0000","273","226","47","40","313","504","0","62.1","44.84"
"10","008","00","005","0506","0287","273","226","47","40","313","504","0","62.1","44.84"
"10","008","00","005","0507","0000","471","350","121","92","563","910","0","61.87","38.46"
"10","008","00","005","0507","0288","471","350","121","92","563","910","0","61.87","38.46"
"10","008","00","005","0508","0000","795","634","161","92","887","1482","0","59.85","42.78"
"10","008","00","005","0508","0289","424","354","70","61","485","773","0","62.74","45.8"
"10","008","00","005","0508","0290","371","280","91","31","402","709","0","56.7","39.49"
"10","008","00","005","0509","0000","497","395","102","35","532","960","0","55.42","41.15"
"10","008","00","005","0509","0291","497","395","102","35","532","960","0","55.42","41.15"
"10","008","00","005","0510","0000","248","204","44","15","263","582","0","45.19","35.05"
"10","008","00","005","0510","0294","248","204","44","15","263","582","0","45.19","35.05"
"10","008","00","005","0511","0000","439","351","88","47","486","922","0","52.71","38.07"
"10","008","00","005","0511","0292","253","198","55","22","275","503","0","54.67","39.36"
"10","008","00","005","0511","0293","186","153","33","25","211","419","0","50.36","36.52"
"10","008","00","006","0000","0000","18044","14224","3820","1911","19955","33408","38376","59.73","42.58"
"10","008","00","006","0601","0000","669","519","150","61","730","1050","0","69.52","49.43"
"10","008","00","006","0601","0295","669","519","150","61","730","1050","0","69.52","49.43"
"10","008","00","006","0602","0000","1936","1543","393","165","2101","3405","0","61.7","45.32"
"10","008","00","006","0602","0296","500","402","98","54","554","920","0","60.22","43.7"
"10","008","00","006","0602","0297","432","333","99","42","474","727","0","65.2","45.8"
"10","008","00","006","0602","0298","527","423","104","26","553","861","0","64.23","49.13"
"10","008","00","006","0602","0299","477","385","92","43","520","897","0","57.97","42.92"
"10","008","00","006","0603","0000","1224","983","241","123","1347","2239","0","60.16","43.9"
"10","008","00","006","0603","0300","594","466","128","57","651","1055","0","61.71","44.17"
"10","008","00","006","0603","0301","630","517","113","66","696","1184","0","58.78","43.67"
"10","008","00","006","0604","0000","841","646","195","90","931","1564","0","59.53","41.3"
"10","008","00","006","0604","0302","401","303","98","45","446","783","0","56.96","38.7"
"10","008","00","006","0604","0303","440","343","97","45","485","781","0","62.1","43.92"
"10","008","00","006","0605","0000","507","411","96","58","565","1015","0","55.67","40.49"
"10","008","00","006","0605","0305","507","411","96","58","565","1015","0","55.67","40.49"
"10","008","00","006","0606","0000","492","403","89","41","533","977","0","54.55","41.25"
"10","008","00","006","0606","0304","492","403","89","41","533","977","0","54.55","41.25"
"10","008","00","006","0607","0000","2302","1842","460","176","2478","4234","0","58.53","43.5"
"10","008","00","006","0607","0306","509","405","104","41","550","914","0","60.18","44.31"
"10","008","00","006","0607","0307","540","431","109","20","560","1028","0","54.47","41.93"
"10","008","00","006","0607","0308","575","465","110","42","617","1018","0","60.61","45.68"
"10","008","00","006","0607","0309","678","541","137","73","751","1274","0","58.95","42.46"
"10","008","00","006","0608","0000","941","732","209","105","1046","1650","0","63.39","44.36"
"10","008","00","006","0608","0310","404","309","95","50","454","755","0","60.13","40.93"
"10","008","00","006","0608","0311","537","423","114","55","592","895","0","66.15","47.26"
"10","008","00","006","0609","0000","493","375","118","58","551","951","0","57.94","39.43"
"10","008","00","006","0609","0313","493","375","118","58","551","951","0","57.94","39.43"
"10","008","00","006","0610","0000","657","510","147","68","725","1261","0","57.49","40.44"
"10","008","00","006","0610","0314","657","510","147","68","725","1261","0","57.49","40.44"
"10","008","00","006","0611","0000","985","734","251","127","1112","1829","0","60.8","40.13"
"10","008","00","006","0611","0316","519","374","145","60","579","962","0","60.19","38.88"
"10","008","00","006","0611","0317","466","360","106","67","533","867","0","61.48","41.52"
"10","008","00","006","0612","0000","496","383","113","69","565","930","0","60.75","41.18"
"10","008","00","006","0612","0318","496","383","113","69","565","930","0","60.75","41.18"
"10","008","00","006","0613","0000","402","299","103","41","443","768","0","57.68","38.93"
"10","008","00","006","0613","0315","402","299","103","41","443","768","0","57.68","38.93"
"10","008","00","006","0614","0000","479","366","113","76","555","931","0","59.61","39.31"
"10","008","00","006","0614","0321","479","366","113","76","555","931","0","59.61","39.31"
"10","008","00","006","0615","0000","572","435","137","97","669","1171","0","57.13","37.15"
"10","008","00","006","0615","0319","321","244","77","67","388","641","0","60.53","38.07"
"10","008","00","006","0615","0320","251","191","60","30","281","530","0","53.02","36.04"
"10","008","00","006","0616","0000","870","686","184","98","968","1570","0","61.66","43.69"
"10","008","00","006","0616","0322","616","485","131","58","674","1127","0","59.8","43.03"
"10","008","00","006","0616","0323","254","201","53","40","294","443","0","66.37","45.37"
"10","008","00","006","0617","0000","809","625","184","113","922","1491","0","61.84","41.92"
"10","008","00","006","0617","0324","477","369","108","55","532","870","0","61.15","42.41"
"10","008","00","006","0617","0325","332","256","76","58","390","621","0","62.8","41.22"
"10","008","00","006","0618","0000","555","417","138","45","600","1179","0","50.89","35.37"
"10","008","00","006","0618","0326","555","417","138","45","600","1179","0","50.89","35.37"
"10","008","00","006","0619","0000","534","438","96","62","596","876","0","68.04","50.0"
"10","008","00","006","0619","0328","534","438","96","62","596","876","0","68.04","50.0"
"10","008","00","006","0620","0000","510","426","84","49","559","881","0","63.45","48.35"
"10","008","00","006","0620","0327","510","426","84","49","559","881","0","63.45","48.35"
"10","008","00","006","0621","0000","415","326","89","59","474","783","0","60.54","41.63"
"10","008","00","006","0621","0329","415","326","89","59","474","783","0","60.54","41.63"
"10","008","00","006","0622","0000","860","693","167","102","962","1761","0","54.63","39.35"
"10","008","00","006","0622","0330","370","308","62","49","419","778","0","53.86","39.59"
"10","008","00","006","0622","0331","490","385","105","53","543","983","0","55.24","39.17"
"10","008","00","006","0623","0000","495","432","63","28","523","892","0","58.63","48.43"
"10","008","00","006","0623","0312","495","432","63","28","523","892","0","58.63","48.43"
"10","008","00","007","0000","0000","7765","6191","1574","737","8502","15941","17698","53.33","38.84"
"10","008","00","007","0701","0000","926","757","169","95","1021","1874","0","54.48","40.39"
"10","008","00","007","0701","0332","437","372","65","47","484","934","0","51.82","39.83"
"10","008","00","007","0701","0333","489","385","104","48","537","940","0","57.13","40.96"
"10","008","00","007","0702","0000","647","532","115","58","705","1430","0","49.3","37.2"
"10","008","00","007","0702","0348","341","283","58","28","369","713","0","51.75","39.69"
"10","008","00","007","0702","0349","306","249","57","30","336","717","0","46.86","34.73"
"10","008","00","007","0703","0000","600","465","135","56","656","1303","0","50.35","35.69"
"10","008","00","007","0703","0334","423","327","96","32","455","852","0","53.4","38.38"
"10","008","00","007","0703","0335","177","138","39","24","201","451","0","44.57","30.6"
"10","008","00","007","0704","0000","1106","896","210","95","1201","1952","0","61.53","45.9"
"10","008","00","007","0704","0336","455","370","85","34","489","810","0","60.37","45.68"
"10","008","00","007","0704","0337","651","526","125","61","712","1142","0","62.35","46.06"
"10","008","00","007","0705","0000","528","417","111","45","573","1045","0","54.83","39.9"
"10","008","00","007","0705","0342","271","201","70","23","294","578","0","50.87","34.78"
"10","008","00","007","0705","0343","257","216","41","22","279","467","0","59.74","46.25"
"10","008","00","007","0706","0000","739","581","158","75","814","1507","0","54.01","38.55"
"10","008","00","007","0706","0345","351","284","67","30","381","740","0","51.49","38.38"
"10","008","00","007","0706","0346","388","297","91","45","433","767","0","56.45","38.72"
"10","008","00","007","0707","0000","485","387","98","42","527","909","0","57.98","42.57"
"10","008","00","007","0707","0347","485","387","98","42","527","909","0","57.98","42.57"
"10","008","00","007","0708","0000","314","261","53","32","346","622","0","55.63","41.96"
"10","008","00","007","0708","0344","314","261","53","32","346","622","0","55.63","41.96"
"10","008","00","007","0709","0000","667","503","164","67","734","1392","0","52.73","36.14"
"10","008","00","007","0709","0340","422","318","104","36","458","811","0","56.47","39.21"
"10","008","00","007","0709","0341","245","185","60","31","276","581","0","47.5","31.84"
"10","008","00","007","0710","0000","803","655","148","74","877","1650","0","53.15","39.7"
"10","008","00","007","0710","0338","339","283","56","21","360","766","0","47.0","36.95"
"10","008","00","007","0710","0339","464","372","92","53","517","884","0","58.48","42.08"
"10","008","00","007","0711","0000","361","272","89","39","400","794","0","50.38","34.26"
"10","008","00","007","0711","0350","361","272","89","39","400","794","0","50.38","34.26"
"10","008","00","007","0712","0000","309","236","73","28","337","726","0","46.42","32.51"
"10","008","00","007","0712","0351","309","236","73","28","337","726","0","46.42","32.51"
"10","008","00","007","0713","0000","280","229","51","31","311","737","0","42.2","31.07"
"10","008","00","007","0713","0352","280","229","51","31","311","737","0","42.2","31.07"
"10","008","00","008","0000","0000","6848","5299","1549","746","7594","13181","14734","57.61","40.2"
"10","008","00","008","0801","0000","446","336","110","60","506","822","0","61.56","40.88"
"10","008","00","008","0801","0353","446","336","110","60","506","822","0","61.56","40.88"
"10","008","00","008","0802","0000","224","175","49","25","249","474","0","52.53","36.92"
"10","008","00","008","0802","0354","141","108","33","14","155","253","0","61.26","42.69"
"10","008","00","008","0802","0355","83","67","16","11","94","221","0","42.53","30.32"
"10","008","00","008","0803","0000","357","276","81","35","392","780","0","50.26","35.38"
"10","008","00","008","0803","0356","150","113","37","6","156","353","0","44.19","32.01"
"10","008","00","008","0803","0357","207","163","44","29","236","427","0","55.27","38.17"
"10","008","00","008","0804","0000","365","290","75","36","401","661","0","60.67","43.87"
"10","008","00","008","0804","0360","365","290","75","36","401","661","0","60.67","43.87"
"10","008","00","008","0805","0000","349","265","84","38","387","713","0","54.28","37.17"
"10","008","00","008","0805","0358","209","164","45","18","227","406","0","55.91","40.39"
"10","008","00","008","0805","0359","140","101","39","20","160","307","0","52.12","32.9"
"10","008","00","008","0806","0000","949","728","221","73","1022","1727","0","59.18","42.15"
"10","008","00","008","0806","0362","529","400","129","41","570","973","0","58.58","41.11"
"10","008","00","008","0806","0363","420","328","92","32","452","754","0","59.95","43.5"
"10","008","00","008","0807","0000","173","137","36","20","193","290","0","66.55","47.24"
"10","008","00","008","0807","0361","173","137","36","20","193","290","0","66.55","47.24"
"10","008","00","008","0808","0000","342","267","75","26","368","662","0","55.59","40.33"
"10","008","00","008","0808","0364","342","267","75","26","368","662","0","55.59","40.33"
"10","008","00","008","0809","0000","216","172","44","11","227","490","0","46.33","35.1"
"10","008","00","008","0809","0365","216","172","44","11","227","490","0","46.33","35.1"
"10","008","00","008","0810","0000","690","554","136","60","750","1325","0","56.6","41.81"
"10","008","00","008","0810","0366","159","120","39","16","175","335","0","52.24","35.82"
"10","008","00","008","0810","0367","531","434","97","44","575","990","0","58.08","43.84"
"10","008","00","008","0811","0000","618","464","154","52","670","1075","0","62.33","43.16"
"10","008","00","008","0811","0368","269","202","67","20","289","461","0","62.69","43.82"
"10","008","00","008","0811","0369","349","262","87","32","381","614","0","62.05","42.67"
"10","008","00","008","0812","0000","448","336","112","67","515","895","0","57.54","37.54"
"10","008","00","008","0812","0370","448","336","112","67","515","895","0","57.54","37.54"
"10","008","00","008","0813","0000","345","267","78","57","402","682","0","58.94","39.15"
"10","008","00","008","0813","0372","345","267","78","57","402","682","0","58.94","39.15"
"10","008","00","008","0814","0000","339","260","79","56","395","643","0","61.43","40.44"
"10","008","00","008","0814","0374","339","260","79","56","395","643","0","61.43","40.44"
"10","008","00","008","0815","0000","240","182","58","25","265","528","0","50.19","34.47"
"10","008","00","008","0815","0376","240","182","58","25","265","528","0","50.19","34.47"
"10","008","00","008","0816","0000","225","172","53","40","265","465","0","56.99","36.99"
"10","008","00","008","0816","0371","225","172","53","40","265","465","0","56.99","36.99"
"10","008","00","008","0817","0000","264","210","54","20","284","459","0","61.87","45.75"
"10","008","00","008","0817","0375","264","210","54","20","284","459","0","61.87","45.75"
"10","008","00","008","0818","0000","258","208","50","45","303","490","0","61.84","42.45"
"10","008","00","008","0818","0373","258","208","50","45","303","490","0","61.84","42.45"
"10","008","00","009","0000","0000","6906","5418","1488","657","7563","13958","15823","54.18","38.82"
"10","008","00","009","0901","0000","812","644","168","80","892","1580","0","56.46","40.76"
"10","008","00","009","0901","0379","348","275","73","36","384","720","0","53.33","38.19"
"10","008","00","009","0901","0380","464","369","95","44","508","860","0","59.07","42.91"
"10","008","00","009","0902","0000","1080","847","233","95","1175","2020","0","58.17","41.93"
"10","008","00","009","0902","0377","491","382","109","41","532","922","0","57.7","41.43"
"10","008","00","009","0902","0378","589","465","124","54","643","1098","0","58.56","42.35"
"10","008","00","009","0903","0000","453","349","104","43","496","1017","0","48.77","34.32"
"10","008","00","009","0903","0394","249","202","47","24","273","578","0","47.23","34.95"
"10","008","00","009","0903","0395","204","147","57","19","223","439","0","50.8","33.49"
"10","008","00","009","0904","0000","682","525","157","69","751","1386","0","54.18","37.88"
"10","008","00","009","0904","0387","401","308","93","29","430","841","0","51.13","36.62"
"10","008","00","009","0904","0388","148","115","33","21","169","270","0","62.59","42.59"
"10","008","00","009","0904","0389","133","102","31","19","152","275","0","55.27","37.09"
"10","008","00","009","0905","0000","496","385","111","50","546","1088","0","50.18","35.39"
"10","008","00","009","0905","0381","221","170","51","40","261","514","0","50.78","33.07"
"10","008","00","009","0905","0382","275","215","60","10","285","574","0","49.65","37.46"
"10","008","00","009","0906","0000","616","469","147","56","672","1249","0","53.8","37.55"
"10","008","00","009","0906","0383","616","469","147","56","672","1249","0","53.8","37.55"
"10","008","00","009","0907","0000","522","394","128","50","572","992","0","57.66","39.72"
"10","008","00","009","0907","0384","177","142","35","15","192","293","0","65.53","48.46"
"10","008","00","009","0907","0385","251","183","68","27","278","513","0","54.19","35.67"
"10","008","00","009","0907","0386","94","69","25","8","102","186","0","54.84","37.1"
"10","008","00","009","0908","0000","284","222","62","29","313","674","0","46.44","32.94"
"10","008","00","009","0908","0390","115","89","26","14","129","282","0","45.74","31.56"
"10","008","00","009","0908","0391","169","133","36","15","184","392","0","46.94","33.93"
"10","008","00","009","0909","0000","363","286","77","37","400","732","0","54.64","39.07"
"10","008","00","009","0909","0392","277","215","62","27","304","556","0","54.68","38.67"
"10","008","00","009","0909","0393","86","71","15","10","96","176","0","54.55","40.34"
"10","008","00","009","0910","0000","465","392","73","32","497","844","0","58.89","46.45"
"10","008","00","009","0910","0396","465","392","73","32","497","844","0","58.89","46.45"
"10","008","00","009","0911","0000","456","360","96","39","495","942","0","52.55","38.22"
"10","008","00","009","0911","0398","172","144","28","18","190","405","0","46.91","35.56"
"10","008","00","009","0911","0399","284","216","68","21","305","537","0","56.8","40.22"
"10","008","00","009","0912","0000","249","205","44","39","288","566","0","50.88","36.22"
"10","008","00","009","0912","0400","160","131","29","24","184","335","0","54.93","39.1"
"10","008","00","009","0912","0401","89","74","15","15","104","231","0","45.02","32.03"
"10","008","00","009","0913","0000","428","340","88","38","466","868","0","53.69","39.17"
"10","008","00","009","0913","0397","428","340","88","38","466","868","0","53.69","39.17"
"10","008","00","010","0000","0000","8482","6621","1861","802","9284","16597","18699","55.94","39.89"
"10","008","00","010","1001","0000","920","741","179","96","1016","1700","0","59.76","43.59"
"10","008","00","010","1001","0402","528","433","95","73","601","964","0","62.34","44.92"
"10","008","00","010","1001","0403","392","308","84","23","415","736","0","56.39","41.85"
"10","008","00","010","1002","0000","915","758","157","81","996","1765","0","56.43","42.95"
"10","008","00","010","1002","0404","415","347","68","54","469","801","0","58.55","43.32"
"10","008","00","010","1002","0405","500","411","89","27","527","964","0","54.67","42.63"
"10","008","00","010","1003","0000","355","286","69","29","384","686","0","55.98","41.69"
"10","008","00","010","1003","0406","355","286","69","29","384","686","0","55.98","41.69"
"10","008","00","010","1004","0000","902","679","223","72","974","1880","0","51.81","36.12"
"10","008","00","010","1004","0411","539","405","134","43","582","1012","0","57.51","40.02"
"10","008","00","010","1004","0412","363","274","89","29","392","868","0","45.16","31.57"
"10","008","00","010","1005","0000","661","558","103","83","744","1391","0","53.49","40.12"
"10","008","00","010","1005","0407","329","277","52","33","362","661","0","54.77","41.91"
"10","008","00","010","1005","0408","332","281","51","50","382","730","0","52.33","38.49"
"10","008","00","010","1006","0000","408","315","93","15","423","706","0","59.92","44.62"
"10","008","00","010","1006","0410","408","315","93","15","423","706","0","59.92","44.62"
"10","008","00","010","1007","0000","1018","842","176","78","1096","1855","0","59.08","45.39"
"10","008","00","010","1007","0413","536","462","74","26","562","918","0","61.22","50.33"
"10","008","00","010","1007","0414","482","380","102","52","534","937","0","56.99","40.55"
"10","008","00","010","1008","0000","404","311","93","55","459","815","0","56.32","38.16"
"10","008","00","010","1008","0415","404","311","93","55","459","815","0","56.32","38.16"
"10","008","00","010","1009","0000","630","352","278","50","680","1134","0","59.96","31.04"
"10","008","00","010","1009","0416","630","352","278","50","680","1134","0","59.96","31.04"
"10","008","00","010","1010","0000","768","600","168","83","851","1543","0","55.15","38.89"
"10","008","00","010","1010","0418","557","438","119","57","614","1095","0","56.07","40.0"
"10","008","00","010","1010","0419","211","162","49","26","237","448","0","52.9","36.16"
"10","008","00","010","1011","0000","794","650","144","74","868","1634","0","53.12","39.78"
"10","008","00","010","1011","0420","523","424","99","48","571","1064","0","53.67","39.85"
"10","008","00","010","1011","0421","271","226","45","26","297","570","0","52.11","39.65"
"10","008","00","010","1012","0000","334","257","77","25","359","714","0","50.28","35.99"
"10","008","00","010","1012","0417","334","257","77","25","359","714","0","50.28","35.99"
"10","008","00","010","1013","0000","373","272","101","61","434","774","0","56.07","35.14"
"10","008","00","010","1013","0409","373","272","101","61","434","774","0","56.07","35.14"
"10","008","00","011","0000","0000","7843","6115","1728","674","8517","15458","17582","55.1","39.56"
"10","008","00","011","1101","0000","389","310","79","34","423","757","0","55.88","40.95"
"10","008","00","011","1101","0422","389","310","79","34","423","757","0","55.88","40.95"
"10","008","00","011","1102","0000","272","214","58","10","282","480","0","58.75","44.58"
"10","008","00","011","1102","0427","272","214","58","10","282","480","0","58.75","44.58"
"10","008","00","011","1103","0000","810","611","199","81","891","1553","0","57.37","39.34"
"10","008","00","011","1103","0423","280","222","58","34","314","554","0","56.68","40.07"
"10","008","00","011","1103","0424","530","389","141","47","577","999","0","57.76","38.94"
"10","008","00","011","1104","0000","294","235","59","20","314","616","0","50.97","38.15"
"10","008","00","011","1104","0425","294","235","59","20","314","616","0","50.97","38.15"
"10","008","00","011","1105","0000","478","389","89","32","510","875","0","58.29","44.46"
"10","008","00","011","1105","0426","478","389","89","32","510","875","0","58.29","44.46"
"10","008","00","011","1106","0000","557","435","122","29","586","1004","0","58.37","43.33"
"10","008","00","011","1106","0430","557","435","122","29","586","1004","0","58.37","43.33"
"10","008","00","011","1107","0000","592","453","139","48","640","998","0","64.13","45.39"
"10","008","00","011","1107","0433","592","453","139","48","640","998","0","64.13","45.39"
"10","008","00","011","1108","0000","719","537","182","84","803","1389","0","57.81","38.66"
"10","008","00","011","1108","0434","379","288","91","60","439","800","0","54.88","36.0"
"10","008","00","011","1108","0435","340","249","91","24","364","589","0","61.8","42.28"
"10","008","00","011","1109","0000","578","463","115","54","632","1217","0","51.93","38.04"
"10","008","00","011","1109","0437","578","463","115","54","632","1217","0","51.93","38.04"
"10","008","00","011","1110","0000","222","183","39","24","246","450","0","54.67","40.67"
"10","008","00","011","1110","0428","222","183","39","24","246","450","0","54.67","40.67"
"10","008","00","011","1111","0000","315","250","65","39","354","643","0","55.05","38.88"
"10","008","00","011","1111","0429","315","250","65","39","354","643","0","55.05","38.88"
"10","008","00","011","1112","0000","66","55","11","7","73","205","0","35.61","26.83"
"10","008","00","011","1112","0438","66","55","11","7","73","205","0","35.61","26.83"
"10","008","00","011","1113","0000","188","161","27","21","209","330","0","63.33","48.79"
"10","008","00","011","1113","0439","188","161","27","21","209","330","0","63.33","48.79"
"10","008","00","011","1114","0000","529","420","109","32","561","1100","0","51.0","38.18"
"10","008","00","011","1114","0440","529","420","109","32","561","1100","0","51.0","38.18"
"10","008","00","011","1115","0000","417","316","101","48","465","887","0","52.42","35.63"
"10","008","00","011","1115","0436","417","316","101","48","465","887","0","52.42","35.63"
"10","008","00","011","1116","0000","123","98","25","5","128","318","0","40.25","30.82"
"10","008","00","011","1116","0442","123","98","25","5","128","318","0","40.25","30.82"
"10","008","00","011","1117","0000","389","289","100","54","443","818","0","54.16","35.33"
"10","008","00","011","1117","0443","389","289","100","54","443","818","0","54.16","35.33"
"10","008","00","011","1118","0000","86","68","18","5","91","275","0","33.09","24.73"
"10","008","00","011","1118","0441","86","68","18","5","91","275","0","33.09","24.73"
"10","008","00","011","1119","0000","819","628","191","47","866","1543","0","56.12","40.7"
"10","008","00","011","1119","0431","371","304","67","25","396","741","0","53.44","41.03"
"10","008","00","011","1119","0432","448","324","124","22","470","802","0","58.6","40.4"
"10","008","00","012","0000","0000","6431","5078","1353","1055","7486","13299","16281","56.29","38.18"
"10","008","00","012","1201","0000","573","448","125","187","760","1203","0","63.18","37.24"
"10","008","00","012","1201","0459","465","367","98","172","637","929","0","68.57","39.5"
"10","008","00","012","1201","0460","108","81","27","15","123","274","0","44.89","29.56"
"10","008","00","012","1202","0000","562","469","93","69","631","900","0","70.11","52.11"
"10","008","00","012","1202","0461","562","469","93","69","631","900","0","70.11","52.11"
"10","008","00","012","1203","0000","312","242","70","34","346","560","0","61.79","43.21"
"10","008","00","012","1203","0463","312","242","70","34","346","560","0","61.79","43.21"
"10","008","00","012","1204","0000","719","573","146","127","846","1530","0","55.29","37.45"
"10","008","00","012","1204","0444","574","457","117","107","681","1201","0","56.7","38.05"
"10","008","00","012","1204","0445","145","116","29","20","165","329","0","50.15","35.26"
"10","008","00","012","1205","0000","240","173","67","24","264","516","0","51.16","33.53"
"10","008","00","012","1205","0446","240","173","67","24","264","516","0","51.16","33.53"
"10","008","00","012","1206","0000","313","257","56","29","342","745","0","45.91","34.5"
"10","008","00","012","1206","0447","169","136","33","22","191","424","0","45.05","32.08"
"10","008","00","012","1206","0448","144","121","23","7","151","321","0","47.04","37.69"
"10","008","00","012","1207","0000","331","277","54","15","346","1376","0","25.15","20.13"
"10","008","00","012","1207","0451","331","277","54","15","346","1376","0","25.15","20.13"
"10","008","00","012","1208","0000","695","531","164","114","809","1509","0","53.61","35.19"
"10","008","00","012","1208","0452","387","306","81","32","419","979","0","42.8","31.26"
"10","008","00","012","1208","0453","308","225","83","82","390","530","0","73.58","42.45"
"10","008","00","012","1209","0000","672","540","132","66","738","1425","0","51.79","37.89"
"10","008","00","012","1209","0454","436","342","94","47","483","961","0","50.26","35.59"
"10","008","00","012","1209","0455","236","198","38","19","255","464","0","54.96","42.67"
"10","008","00","012","1210","0000","348","271","77","42","390","666","0","58.56","40.69"
"10","008","00","012","1210","0456","269","209","60","34","303","517","0","58.61","40.43"
"10","008","00","012","1210","0457","79","62","17","8","87","149","0","58.39","41.61"
"10","008","00","012","1211","0000","601","458","143","159","760","1020","0","74.51","44.9"
"10","008","00","012","1211","0458","601","458","143","159","760","1020","0","74.51","44.9"
"10","008","00","012","1212","0000","391","297","94","60","451","617","0","73.1","48.14"
"10","008","00","012","1212","0462","391","297","94","60","451","617","0","73.1","48.14"
"10","008","00","012","1213","0000","328","261","67","96","424","584","0","72.6","44.69"
"10","008","00","012","1213","0450","328","261","67","96","424","584","0","72.6","44.69"
"10","008","00","012","1214","0000","346","281","65","33","379","648","0","58.49","43.36"
"10","008","00","012","1214","0449","346","281","65","33","379","648","0","58.49","43.36"
"10","008","00","013","0000","0000","6111","4953","1158","535","6646","12589","15954","52.79","39.34"
"10","008","00","013","1301","0000","280","221","59","15","295","763","0","38.66","28.96"
"10","008","00","013","1301","0484","280","221","59","15","295","763","0","38.66","28.96"
"10","008","00","013","1302","0000","524","458","66","40","564","889","0","63.44","51.52"
"10","008","00","013","1302","0485","524","458","66","40","564","889","0","63.44","51.52"
"10","008","00","013","1303","0000","638","506","132","72","710","1119","0","63.45","45.22"
"10","008","00","013","1303","0486","389","306","83","49","438","672","0","65.18","45.54"
"10","008","00","013","1303","0487","249","200","49","23","272","447","0","60.85","44.74"
"10","008","00","013","1304","0000","290","251","39","12","302","409","0","73.84","61.37"
"10","008","00","013","1304","0488","290","251","39","12","302","409","0","73.84","61.37"
"10","008","00","013","1305","0000","342","271","71","39","381","509","0","74.85","53.24"
"10","008","00","013","1305","0477","342","271","71","39","381","509","0","74.85","53.24"
"10","008","00","013","1306","0000","403","344","59","36","439","769","0","57.09","44.73"
"10","008","00","013","1306","0474","222","188","34","25","247","384","0","64.32","48.96"
"10","008","00","013","1306","0475","57","47","10","5","62","121","0","51.24","38.84"
"10","008","00","013","1306","0476","124","109","15","6","130","264","0","49.24","41.29"
"10","008","00","013","1307","0000","157","123","34","5","162","597","0","27.14","20.6"
"10","008","00","013","1307","0473","157","123","34","5","162","597","0","27.14","20.6"
"10","008","00","013","1308","0000","513","411","102","47","560","1151","0","48.65","35.71"
"10","008","00","013","1308","0480","266","219","47","27","293","613","0","47.8","35.73"
"10","008","00","013","1308","0481","174","133","41","16","190","404","0","47.03","32.92"
"10","008","00","013","1308","0482","73","59","14","4","77","134","0","57.46","44.03"
"10","008","00","013","1309","0000","835","683","152","47","882","1665","0","52.97","41.02"
"10","008","00","013","1309","0466","386","325","61","15","401","900","0","44.56","36.11"
"10","008","00","013","1309","0467","278","223","55","20","298","460","0","64.78","48.48"
"10","008","00","013","1309","0468","171","135","36","12","183","305","0","60.0","44.26"
"10","008","00","013","1310","0000","632","511","121","39","671","1269","0","52.88","40.27"
"10","008","00","013","1310","0464","492","400","92","29","521","973","0","53.55","41.11"
"10","008","00","013","1310","0465","140","111","29","10","150","296","0","50.68","37.5"
"10","008","00","013","1311","0000","351","288","63","15","366","952","0","38.45","30.25"
"10","008","00","013","1311","0470","351","288","63","15","366","952","0","38.45","30.25"
"10","008","00","013","1312","0000","230","195","35","6","236","679","0","34.76","28.72"
"10","008","00","013","1312","0471","230","195","35","6","236","679","0","34.76","28.72"
"10","008","00","013","1313","0000","328","232","96","62","390","630","0","61.9","36.83"
"10","008","00","013","1313","0483","328","232","96","62","390","630","0","61.9","36.83"
"10","008","00","013","1314","0000","17","15","2","3","20","58","0","34.48","25.86"
"10","008","00","013","1314","0469","17","15","2","3","20","58","0","34.48","25.86"
"10","008","00","013","1315","0000","258","193","65","41","299","507","0","58.97","38.07"
"10","008","00","013","1315","0478","175","122","53","32","207","338","0","61.24","36.09"
"10","008","00","013","1315","0479","83","71","12","9","92","169","0","54.44","42.01"
"10","008","00","013","1316","0000","313","251","62","56","369","623","0","59.23","40.29"
"10","008","00","013","1316","0472","313","251","62","56","369","623","0","59.23","40.29"
"10","009","00","000","0000","0000","266991","201784","65207","30111","297102","584480","687195","50.83","34.52"
"10","009","00","001","0000","0000","47867","37013","10854","3212","51079","89761","108487","56.91","41.24"
"10","009","00","001","0101","0000","789","489","300","72","861","1415","0","60.85","34.56"
"10","009","00","001","0101","0431","789","489","300","72","861","1415","0","60.85","34.56"
"10","009","00","001","0102","0000","633","470","163","32","665","1101","0","60.4","42.69"
"10","009","00","001","0102","0432","633","470","163","32","665","1101","0","60.4","42.69"
"10","009","00","001","0103","0000","321","240","81","14","335","644","0","52.02","37.27"
"10","009","00","001","0103","0411","321","240","81","14","335","644","0","52.02","37.27"
"10","009","00","001","0104","0000","311","226","85","30","341","617","0","55.27","36.63"
"10","009","00","001","0104","0412","311","226","85","30","341","617","0","55.27","36.63"
"10","009","00","001","0105","0000","468","362","106","35","503","764","0","65.84","47.38"
"10","009","00","001","0105","0413","468","362","106","35","503","764","0","65.84","47.38"
"10","009","00","001","0106","0000","453","319","134","34","487","784","0","62.12","40.69"
"10","009","00","001","0106","0414","453","319","134","34","487","784","0","62.12","40.69"
"10","009","00","001","0107","0000","410","284","126","29","439","760","0","57.76","37.37"
"10","009","00","001","0107","0415","410","284","126","29","439","760","0","57.76","37.37"
"10","009","00","001","0108","0000","2541","2000","541","141","2682","4634","0","57.88","43.16"
"10","009","00","001","0108","0422","820","640","180","28","848","1529","0","55.46","41.86"
"10","009","00","001","0108","0423","752","613","139","43","795","1335","0","59.55","45.92"
"10","009","00","001","0108","0424","969","747","222","70","1039","1770","0","58.7","42.2"
"10","009","00","001","0109","0000","1599","1256","343","71","1670","3236","0","51.61","38.81"
"10","009","00","001","0109","0433","835","642","193","34","869","1648","0","52.73","38.96"
"10","009","00","001","0109","0434","764","614","150","37","801","1588","0","50.44","38.66"
"10","009","00","001","0110","0000","1571","1221","350","110","1681","2765","0","60.8","44.16"
"10","009","00","001","0110","0427","659","513","146","44","703","1193","0","58.93","43.0"
"10","009","00","001","0110","0428","912","708","204","66","978","1572","0","62.21","45.04"
"10","009","00","001","0111","0000","989","766","223","73","1062","1747","0","60.79","43.85"
"10","009","00","001","0111","0449","989","766","223","73","1062","1747","0","60.79","43.85"
"10","009","00","001","0112","0000","1849","1461","388","96","1945","3513","0","55.37","41.59"
"10","009","00","001","0112","0444","569","447","122","24","593","1097","0","54.06","40.75"
"10","009","00","001","0112","0445","683","538","145","36","719","1262","0","56.97","42.63"
"10","009","00","001","0112","0446","597","476","121","36","633","1154","0","54.85","41.25"
"10","009","00","001","0113","0000","2264","1728","536","114","2378","4188","0","56.78","41.26"
"10","009","00","001","0113","0439","828","651","177","47","875","1421","0","61.58","45.81"
"10","009","00","001","0113","0440","688","523","165","29","717","1261","0","56.86","41.48"
"10","009","00","001","0113","0441","748","554","194","38","786","1506","0","52.19","36.79"
"10","009","00","001","0114","0000","1107","852","255","70","1177","2329","0","50.54","36.58"
"10","009","00","001","0114","0437","527","422","105","33","560","1187","0","47.18","35.55"
"10","009","00","001","0114","0438","580","430","150","37","617","1142","0","54.03","37.65"
"10","009","00","001","0115","0000","399","298","101","27","426","669","0","63.68","44.54"
"10","009","00","001","0115","0453","399","298","101","27","426","669","0","63.68","44.54"
"10","009","00","001","0116","0000","1130","898","232","65","1195","2202","0","54.27","40.78"
"10","009","00","001","0116","0454","389","316","73","37","426","752","0","56.65","42.02"
"10","009","00","001","0116","0455","741","582","159","28","769","1450","0","53.03","40.14"
"10","009","00","001","0117","0000","277","212","65","42","319","555","0","57.48","38.2"
"10","009","00","001","0117","0456","277","212","65","42","319","555","0","57.48","38.2"
"10","009","00","001","0118","0000","1288","1021","267","95","1383","2414","0","57.29","42.29"
"10","009","00","001","0118","0451","585","453","132","45","630","1112","0","56.65","40.74"
"10","009","00","001","0118","0452","703","568","135","50","753","1302","0","57.83","43.63"
"10","009","00","001","0119","0000","766","604","162","48","814","1418","0","57.4","42.6"
"10","009","00","001","0119","0450","766","604","162","48","814","1418","0","57.4","42.6"
"10","009","00","001","0120","0000","1260","988","272","71","1331","2397","0","55.53","41.22"
"10","009","00","001","0120","0457","718","571","147","47","765","1470","0","52.04","38.84"
"10","009","00","001","0120","0458","542","417","125","24","566","927","0","61.06","44.98"
"10","009","00","001","0121","0000","819","652","167","90","909","1748","0","52.0","37.3"
"10","009","00","001","0121","0466","819","652","167","90","909","1748","0","52.0","37.3"
"10","009","00","001","0122","0000","2888","2304","584","153","3041","5306","0","57.31","43.42"
"10","009","00","001","0122","0462","786","616","170","51","837","1412","0","59.28","43.63"
"10","009","00","001","0122","0463","795","701","94","36","831","1354","0","61.37","51.77"
"10","009","00","001","0122","0464","658","502","156","35","693","1267","0","54.7","39.62"
"10","009","00","001","0122","0465","649","485","164","31","680","1273","0","53.42","38.1"
"10","009","00","001","0123","0000","2741","2117","624","218","2959","5374","0","55.06","39.39"
"10","009","00","001","0123","0459","1047","835","212","58","1105","1893","0","58.37","44.11"
"10","009","00","001","0123","0460","873","645","228","109","982","1708","0","57.49","37.76"
"10","009","00","001","0123","0461","821","637","184","51","872","1773","0","49.18","35.93"
"10","009","00","001","0124","0000","985","748","237","85","1070","1813","0","59.02","41.26"
"10","009","00","001","0124","0472","385","305","80","39","424","702","0","60.4","43.45"
"10","009","00","001","0124","0473","600","443","157","46","646","1111","0","58.15","39.87"
"10","009","00","001","0125","0000","501","374","127","33","534","1123","0","47.55","33.3"
"10","009","00","001","0125","0474","501","374","127","33","534","1123","0","47.55","33.3"
"10","009","00","001","0126","0000","2324","1770","554","231","2555","4406","0","57.99","40.17"
"10","009","00","001","0126","0467","657","503","154","70","727","1238","0","58.72","40.63"
"10","009","00","001","0126","0468","816","635","181","96","912","1648","0","55.34","38.53"
"10","009","00","001","0126","0469","851","632","219","65","916","1520","0","60.26","41.58"
"10","009","00","001","0127","0000","521","407","114","38","559","1087","0","51.43","37.44"
"10","009","00","001","0127","0470","521","407","114","38","559","1087","0","51.43","37.44"
"10","009","00","001","0128","0000","1011","792","219","77","1088","1904","0","57.14","41.6"
"10","009","00","001","0128","0471","1011","792","219","77","1088","1904","0","57.14","41.6"
"10","009","00","001","0129","0000","1584","1171","413","145","1729","3095","0","55.86","37.84"
"10","009","00","001","0129","0477","535","383","152","51","586","1023","0","57.28","37.44"
"10","009","00","001","0129","0478","1049","788","261","94","1143","2072","0","55.16","38.03"
"10","009","00","001","0130","0000","1435","1111","324","79","1514","2932","0","51.64","37.89"
"10","009","00","001","0130","0475","549","434","115","32","581","1146","0","50.7","37.87"
"10","009","00","001","0130","0476","886","677","209","47","933","1786","0","52.24","37.91"
"10","009","00","001","0131","0000","547","405","142","27","574","1128","0","50.89","35.9"
"10","009","00","001","0131","0479","547","405","142","27","574","1128","0","50.89","35.9"
"10","009","00","001","0132","0000","1399","1128","271","75","1474","2345","0","62.86","48.1"
"10","009","00","001","0132","0418","731","565","166","40","771","1255","0","61.43","45.02"
"10","009","00","001","0132","0419","668","563","105","35","703","1090","0","64.5","51.65"
"10","009","00","001","0133","0000","1987","1512","475","145","2132","3710","0","57.47","40.75"
"10","009","00","001","0133","0416","1057","817","240","78","1135","1881","0","60.34","43.43"
"10","009","00","001","0133","0417","930","695","235","67","997","1829","0","54.51","38.0"
"10","009","00","001","0134","0000","1574","1259","315","76","1650","2814","0","58.64","44.74"
"10","009","00","001","0134","0435","781","625","156","38","819","1392","0","58.84","44.9"
"10","009","00","001","0134","0436","793","634","159","38","831","1422","0","58.44","44.59"
"10","009","00","001","0135","0000","1254","983","271","76","1330","2286","0","58.18","43.0"
"10","009","00","001","0135","0447","461","362","99","44","505","847","0","59.62","42.74"
"10","009","00","001","0135","0448","793","621","172","32","825","1439","0","57.33","43.15"
"10","009","00","001","0136","0000","1218","968","250","78","1296","2204","0","58.8","43.92"
"10","009","00","001","0136","0429","520","415","105","34","554","1009","0","54.91","41.13"
"10","009","00","001","0136","0430","698","553","145","44","742","1195","0","62.09","46.28"
"10","009","00","001","0137","0000","1796","1348","448","121","1917","3479","0","55.1","38.75"
"10","009","00","001","0137","0425","710","523","187","34","744","1308","0","56.88","39.98"
"10","009","00","001","0137","0426","1086","825","261","87","1173","2171","0","54.03","38.0"
"10","009","00","001","0138","0000","1574","1237","337","103","1677","2576","0","65.1","48.02"
"10","009","00","001","0138","0442","672","529","143","37","709","1214","0","58.4","43.57"
"10","009","00","001","0138","0443","902","708","194","66","968","1362","0","71.07","51.98"
"10","009","00","001","0139","0000","1284","1032","252","93","1377","2279","0","60.42","45.28"
"10","009","00","001","0139","0420","627","502","125","46","673","1103","0","61.02","45.51"
"10","009","00","001","0139","0421","657","530","127","47","704","1176","0","59.86","45.07"
"10","009","00","002","0000","0000","19532","14869","4663","1803","21335","38138","44608","55.94","38.99"
"10","009","00","002","0201","0000","642","508","134","45","687","1166","0","58.92","43.57"
"10","009","00","002","0201","0498","642","508","134","45","687","1166","0","58.92","43.57"
"10","009","00","002","0202","0000","1209","941","268","76","1285","2110","0","60.9","44.6"
"10","009","00","002","0202","0499","645","494","151","38","683","1135","0","60.18","43.52"
"10","009","00","002","0202","0500","564","447","117","38","602","975","0","61.74","45.85"
"10","009","00","002","0203","0000","1121","869","252","109","1230","2228","0","55.21","39.0"
"10","009","00","002","0203","0503","675","527","148","58","733","1321","0","55.49","39.89"
"10","009","00","002","0203","0504","446","342","104","51","497","907","0","54.8","37.71"
"10","009","00","002","0204","0000","840","651","189","83","923","1473","0","62.66","44.2"
"10","009","00","002","0204","0505","840","651","189","83","923","1473","0","62.66","44.2"
"10","009","00","002","0205","0000","735","523","212","67","802","1277","0","62.8","40.96"
"10","009","00","002","0205","0506","735","523","212","67","802","1277","0","62.8","40.96"
"10","009","00","002","0206","0000","1393","1036","357","115","1508","2673","0","56.42","38.76"
"10","009","00","002","0206","0514","588","445","143","45","633","1042","0","60.75","42.71"
"10","009","00","002","0206","0515","805","591","214","70","875","1631","0","53.65","36.24"
"10","009","00","002","0207","0000","636","475","161","98","734","1333","0","55.06","35.63"
"10","009","00","002","0207","0507","636","475","161","98","734","1333","0","55.06","35.63"
"10","009","00","002","0208","0000","368","296","72","41","409","777","0","52.64","38.1"
"10","009","00","002","0208","0508","368","296","72","41","409","777","0","52.64","38.1"
"10","009","00","002","0209","0000","443","338","105","50","493","899","0","54.84","37.6"
"10","009","00","002","0209","0510","443","338","105","50","493","899","0","54.84","37.6"
"10","009","00","002","0210","0000","272","197","75","41","313","688","0","45.49","28.63"
"10","009","00","002","0210","0511","272","197","75","41","313","688","0","45.49","28.63"
"10","009","00","002","0211","0000","509","397","112","29","538","1147","0","46.9","34.61"
"10","009","00","002","0211","0512","509","397","112","29","538","1147","0","46.9","34.61"
"10","009","00","002","0212","0000","854","619","235","91","945","1709","0","55.3","36.22"
"10","009","00","002","0212","0513","854","619","235","91","945","1709","0","55.3","36.22"
"10","009","00","002","0213","0000","478","357","121","29","507","981","0","51.68","36.39"
"10","009","00","002","0213","0525","478","357","121","29","507","981","0","51.68","36.39"
"10","009","00","002","0214","0000","1324","1009","315","141","1465","2715","0","53.96","37.16"
"10","009","00","002","0214","0526","493","362","131","35","528","1129","0","46.77","32.06"
"10","009","00","002","0214","0527","831","647","184","106","937","1586","0","59.08","40.79"
"10","009","00","002","0215","0000","1131","868","263","97","1228","2227","0","55.14","38.98"
"10","009","00","002","0215","0528","685","530","155","72","757","1243","0","60.9","42.64"
"10","009","00","002","0215","0529","446","338","108","25","471","984","0","47.87","34.35"
"10","009","00","002","0216","0000","1776","1341","435","163","1939","3266","0","59.37","41.06"
"10","009","00","002","0216","0516","933","716","217","94","1027","1702","0","60.34","42.07"
"10","009","00","002","0216","0517","843","625","218","69","912","1564","0","58.31","39.96"
"10","009","00","002","0217","0000","368","300","68","23","391","897","0","43.59","33.44"
"10","009","00","002","0217","0520","368","300","68","23","391","897","0","43.59","33.44"
"10","009","00","002","0218","0000","384","305","79","44","428","803","0","53.3","37.98"
"10","009","00","002","0218","0521","384","305","79","44","428","803","0","53.3","37.98"
"10","009","00","002","0219","0000","457","355","102","46","503","866","0","58.08","40.99"
"10","009","00","002","0219","0522","457","355","102","46","503","866","0","58.08","40.99"
"10","009","00","002","0220","0000","769","562","207","112","881","1523","0","57.85","36.9"
"10","009","00","002","0220","0523","442","319","123","60","502","852","0","58.92","37.44"
"10","009","00","002","0220","0524","327","243","84","52","379","671","0","56.48","36.21"
"10","009","00","002","0221","0000","734","554","180","77","811","1507","0","53.82","36.76"
"10","009","00","002","0221","0530","734","554","180","77","811","1507","0","53.82","36.76"
"10","009","00","002","0222","0000","439","327","112","40","479","877","0","54.62","37.29"
"10","009","00","002","0222","0509","439","327","112","40","479","877","0","54.62","37.29"
"10","009","00","002","0223","0000","1545","1188","357","102","1647","2810","0","58.61","42.28"
"10","009","00","002","0223","0501","806","629","177","49","855","1459","0","58.6","43.11"
"10","009","00","002","0223","0502","739","559","180","53","792","1351","0","58.62","41.38"
"10","009","00","002","0224","0000","1105","853","252","84","1189","2186","0","54.39","39.02"
"10","009","00","002","0224","0518","385","304","81","34","419","910","0","46.04","33.41"
"10","009","00","002","0224","0519","720","549","171","50","770","1276","0","60.34","43.03"
"10","009","00","003","0000","0000","28139","21498","6641","2288","30427","58167","70892","52.31","36.96"
"10","009","00","003","0301","0000","497","372","125","71","568","941","0","60.36","39.53"
"10","009","00","003","0301","0117","497","372","125","71","568","941","0","60.36","39.53"
"10","009","00","003","0302","0000","788","583","205","76","864","1675","0","51.58","34.81"
"10","009","00","003","0302","0111","396","288","108","30","426","785","0","54.27","36.69"
"10","009","00","003","0302","0112","392","295","97","46","438","890","0","49.21","33.15"
"10","009","00","003","0303","0000","1380","1062","318","103","1483","2605","0","56.93","40.77"
"10","009","00","003","0303","0109","689","549","140","55","744","1347","0","55.23","40.76"
"10","009","00","003","0303","0110","691","513","178","48","739","1258","0","58.74","40.78"
"10","009","00","003","0304","0000","1572","1205","367","109","1681","2844","0","59.11","42.37"
"10","009","00","003","0304","0113","757","571","186","53","810","1413","0","57.32","40.41"
"10","009","00","003","0304","0114","815","634","181","56","871","1431","0","60.87","44.3"
"10","009","00","003","0305","0000","1193","971","222","108","1301","2549","0","51.04","38.09"
"10","009","00","003","0305","0115","591","439","152","66","657","1224","0","53.68","35.87"
"10","009","00","003","0305","0116","602","532","70","42","644","1325","0","48.6","40.15"
"10","009","00","003","0306","0000","1605","1265","340","71","1676","3254","0","51.51","38.88"
"10","009","00","003","0306","0118","828","686","142","27","855","1613","0","53.01","42.53"
"10","009","00","003","0306","0119","777","579","198","44","821","1641","0","50.03","35.28"
"10","009","00","003","0307","0000","813","640","173","41","854","1438","0","59.39","44.51"
"10","009","00","003","0307","0123","813","640","173","41","854","1438","0","59.39","44.51"
"10","009","00","003","0308","0000","2447","1886","561","129","2576","4295","0","59.98","43.91"
"10","009","00","003","0308","0124","739","591","148","39","778","1361","0","57.16","43.42"
"10","009","00","003","0308","0125","825","628","197","45","870","1444","0","60.25","43.49"
"10","009","00","003","0308","0126","883","667","216","45","928","1490","0","62.28","44.77"
"10","009","00","003","0309","0000","1253","950","303","66","1319","2274","0","58.0","41.78"
"10","009","00","003","0309","0127","791","605","186","44","835","1307","0","63.89","46.29"
"10","009","00","003","0309","0128","462","345","117","22","484","967","0","50.05","35.68"
"10","009","00","003","0310","0000","1879","1437","442","92","1971","3745","0","52.63","38.37"
"10","009","00","003","0310","0129","912","713","199","41","953","1865","0","51.1","38.23"
"10","009","00","003","0310","0130","967","724","243","51","1018","1880","0","54.15","38.51"
"10","009","00","003","0311","0000","988","737","251","67","1055","2000","0","52.75","36.85"
"10","009","00","003","0311","0131","519","381","138","48","567","1099","0","51.59","34.67"
"10","009","00","003","0311","0132","469","356","113","19","488","901","0","54.16","39.51"
"10","009","00","003","0312","0000","541","427","114","30","571","1120","0","50.98","38.13"
"10","009","00","003","0312","0133","541","427","114","30","571","1120","0","50.98","38.13"
"10","009","00","003","0313","0000","557","450","107","76","633","1272","0","49.76","35.38"
"10","009","00","003","0313","0154","557","450","107","76","633","1272","0","49.76","35.38"
"10","009","00","003","0314","0000","357","273","84","30","387","851","0","45.48","32.08"
"10","009","00","003","0314","0153","357","273","84","30","387","851","0","45.48","32.08"
"10","009","00","003","0315","0000","630","460","170","88","718","1549","0","46.35","29.7"
"10","009","00","003","0315","0152","630","460","170","88","718","1549","0","46.35","29.7"
"10","009","00","003","0316","0000","648","509","139","59","707","1509","0","46.85","33.73"
"10","009","00","003","0316","0150","648","509","139","59","707","1509","0","46.85","33.73"
"10","009","00","003","0317","0000","298","189","109","65","363","855","0","42.46","22.11"
"10","009","00","003","0317","0151","298","189","109","65","363","855","0","42.46","22.11"
"10","009","00","003","0318","0000","1239","936","303","73","1312","2668","0","49.18","35.08"
"10","009","00","003","0318","0135","682","512","170","67","749","1420","0","52.75","36.06"
"10","009","00","003","0318","0136","557","424","133","6","563","1248","0","45.11","33.97"
"10","009","00","003","0319","0000","389","292","97","28","417","799","0","52.19","36.55"
"10","009","00","003","0319","0137","389","292","97","28","417","799","0","52.19","36.55"
"10","009","00","003","0320","0000","771","571","200","120","891","1760","0","50.63","32.44"
"10","009","00","003","0320","0138","381","275","106","64","445","836","0","53.23","32.89"
"10","009","00","003","0320","0139","390","296","94","56","446","924","0","48.27","32.03"
"10","009","00","003","0321","0000","657","486","171","38","695","1648","0","42.17","29.49"
"10","009","00","003","0321","0140","657","486","171","38","695","1648","0","42.17","29.49"
"10","009","00","003","0322","0000","1380","986","394","169","1549","3162","0","48.99","31.18"
"10","009","00","003","0322","0141","661","466","195","111","772","1616","0","47.77","28.84"
"10","009","00","003","0322","0142","719","520","199","58","777","1546","0","50.26","33.64"
"10","009","00","003","0323","0000","1066","819","247","78","1144","2361","0","48.45","34.69"
"10","009","00","003","0323","0143","585","459","126","42","627","1283","0","48.87","35.78"
"10","009","00","003","0323","0144","481","360","121","36","517","1078","0","47.96","33.4"
"10","009","00","003","0324","0000","1102","828","274","92","1194","2597","0","45.98","31.88"
"10","009","00","003","0324","0145","551","418","133","48","599","1313","0","45.62","31.84"
"10","009","00","003","0324","0146","551","410","141","44","595","1284","0","46.34","31.93"
"10","009","00","003","0325","0000","633","477","156","95","728","1356","0","53.69","35.18"
"10","009","00","003","0325","0147","633","477","156","95","728","1356","0","53.69","35.18"
"10","009","00","003","0326","0000","712","567","145","97","809","1504","0","53.79","37.7"
"10","009","00","003","0326","0148","712","567","145","97","809","1504","0","53.79","37.7"
"10","009","00","003","0327","0000","231","185","46","11","242","545","0","44.4","33.94"
"10","009","00","003","0327","0134","231","185","46","11","242","545","0","44.4","33.94"
"10","009","00","003","0328","0000","2010","1544","466","167","2177","3767","0","57.79","40.99"
"10","009","00","003","0328","0120","665","539","126","46","711","1200","0","59.25","44.92"
"10","009","00","003","0328","0121","675","489","186","78","753","1294","0","58.19","37.79"
"10","009","00","003","0328","0122","670","516","154","43","713","1273","0","56.01","40.53"
"10","009","00","003","0329","0000","503","391","112","39","542","1224","0","44.28","31.94"
"10","009","00","003","0329","0149","503","391","112","39","542","1224","0","44.28","31.94"
"10","009","00","004","0000","0000","17799","13352","4447","2186","19985","38142","46135","52.4","35.01"
"10","009","00","004","0401","0000","732","547","185","68","800","1590","0","50.31","34.4"
"10","009","00","004","0401","0340","732","547","185","68","800","1590","0","50.31","34.4"
"10","009","00","004","0402","0000","880","691","189","101","981","1741","0","56.35","39.69"
"10","009","00","004","0402","0341","880","691","189","101","981","1741","0","56.35","39.69"
"10","009","00","004","0403","0000","1212","949","263","133","1345","2120","0","63.44","44.76"
"10","009","00","004","0403","0342","629","502","127","68","697","1080","0","64.54","46.48"
"10","009","00","004","0403","0343","583","447","136","65","648","1040","0","62.31","42.98"
"10","009","00","004","0404","0000","1525","1162","363","96","1621","2971","0","54.56","39.11"
"10","009","00","004","0404","0344","703","541","162","39","742","1346","0","55.13","40.19"
"10","009","00","004","0404","0345","822","621","201","57","879","1625","0","54.09","38.22"
"10","009","00","004","0405","0000","191","156","35","27","218","354","0","61.58","44.07"
"10","009","00","004","0405","0346","191","156","35","27","218","354","0","61.58","44.07"
"10","009","00","004","0406","0000","274","196","78","45","319","580","0","55.0","33.79"
"10","009","00","004","0406","0347","274","196","78","45","319","580","0","55.0","33.79"
"10","009","00","004","0407","0000","336","243","93","37","373","591","0","63.11","41.12"
"10","009","00","004","0407","0348","336","243","93","37","373","591","0","63.11","41.12"
"10","009","00","004","0408","0000","552","413","139","67","619","1050","0","58.95","39.33"
"10","009","00","004","0408","0349","552","413","139","67","619","1050","0","58.95","39.33"
"10","009","00","004","0409","0000","1420","1044","376","147","1567","2749","0","57.0","37.98"
"10","009","00","004","0409","0350","640","460","180","66","706","1147","0","61.55","40.1"
"10","009","00","004","0409","0351","780","584","196","81","861","1602","0","53.75","36.45"
"10","009","00","004","0410","0000","2087","1587","500","199","2286","4335","0","52.73","36.61"
"10","009","00","004","0410","0352","691","520","171","60","751","1452","0","51.72","35.81"
"10","009","00","004","0410","0353","779","575","204","107","886","1578","0","56.15","36.44"
"10","009","00","004","0410","0354","617","492","125","32","649","1305","0","49.73","37.7"
"10","009","00","004","0411","0000","554","430","124","46","600","1327","0","45.21","32.4"
"10","009","00","004","0411","0355","554","430","124","46","600","1327","0","45.21","32.4"
"10","009","00","004","0412","0000","711","523","188","70","781","1516","0","51.52","34.5"
"10","009","00","004","0412","0356","711","523","188","70","781","1516","0","51.52","34.5"
"10","009","00","004","0413","0000","466","345","121","68","534","983","0","54.32","35.1"
"10","009","00","004","0413","0369","466","345","121","68","534","983","0","54.32","35.1"
"10","009","00","004","0414","0000","491","382","109","54","545","1014","0","53.75","37.67"
"10","009","00","004","0414","0370","491","382","109","54","545","1014","0","53.75","37.67"
"10","009","00","004","0415","0000","763","550","213","134","897","1805","0","49.7","30.47"
"10","009","00","004","0415","0371","386","276","110","87","473","939","0","50.37","29.39"
"10","009","00","004","0415","0372","377","274","103","47","424","866","0","48.96","31.64"
"10","009","00","004","0416","0000","617","451","166","112","729","1486","0","49.06","30.35"
"10","009","00","004","0416","0373","617","451","166","112","729","1486","0","49.06","30.35"
"10","009","00","004","0417","0000","556","417","139","52","608","1616","0","37.62","25.8"
"10","009","00","004","0417","0357","302","227","75","26","328","828","0","39.61","27.42"
"10","009","00","004","0417","0358","254","190","64","26","280","788","0","35.53","24.11"
"10","009","00","004","0418","0000","373","261","112","76","449","863","0","52.03","30.24"
"10","009","00","004","0418","0359","373","261","112","76","449","863","0","52.03","30.24"
"10","009","00","004","0419","0000","425","294","131","93","518","984","0","52.64","29.88"
"10","009","00","004","0419","0360","425","294","131","93","518","984","0","52.64","29.88"
"10","009","00","004","0420","0000","392","269","123","71","463","870","0","53.22","30.92"
"10","009","00","004","0420","0362","392","269","123","71","463","870","0","53.22","30.92"
"10","009","00","004","0421","0000","646","470","176","164","810","1514","0","53.5","31.04"
"10","009","00","004","0421","0361","646","470","176","164","810","1514","0","53.5","31.04"
"10","009","00","004","0422","0000","455","350","105","61","516","971","0","53.14","36.05"
"10","009","00","004","0422","0363","455","350","105","61","516","971","0","53.14","36.05"
"10","009","00","004","0423","0000","397","308","89","52","449","823","0","54.56","37.42"
"10","009","00","004","0423","0366","397","308","89","52","449","823","0","54.56","37.42"
"10","009","00","004","0424","0000","309","247","62","36","345","726","0","47.52","34.02"
"10","009","00","004","0424","0365","309","247","62","36","345","726","0","47.52","34.02"
"10","009","00","004","0425","0000","529","385","144","54","583","1304","0","44.71","29.52"
"10","009","00","004","0425","0364","529","385","144","54","583","1304","0","44.71","29.52"
"10","009","00","004","0426","0000","324","250","74","21","345","886","0","38.94","28.22"
"10","009","00","004","0426","0367","324","250","74","21","345","886","0","38.94","28.22"
"10","009","00","004","0427","0000","582","432","150","102","684","1373","0","49.82","31.46"
"10","009","00","004","0427","0368","582","432","150","102","684","1373","0","49.82","31.46"
"10","009","00","005","0000","0000","11146","8329","2817","1490","12636","24412","28827","51.76","34.12"
"10","009","00","005","0501","0000","455","336","119","58","513","809","0","63.41","41.53"
"10","009","00","005","0501","0080","455","336","119","58","513","809","0","63.41","41.53"
"10","009","00","005","0502","0000","478","347","131","58","536","896","0","59.82","38.73"
"10","009","00","005","0502","0081","478","347","131","58","536","896","0","59.82","38.73"
"10","009","00","005","0503","0000","784","589","195","82","866","1389","0","62.35","42.4"
"10","009","00","005","0503","0082","348","252","96","48","396","687","0","57.64","36.68"
"10","009","00","005","0503","0083","436","337","99","34","470","702","0","66.95","48.01"
"10","009","00","005","0504","0000","593","466","127","42","635","1032","0","61.53","45.16"
"10","009","00","005","0504","0084","593","466","127","42","635","1032","0","61.53","45.16"
"10","009","00","005","0505","0000","491","368","123","102","593","1124","0","52.76","32.74"
"10","009","00","005","0505","0085","299","222","77","70","369","697","0","52.94","31.85"
"10","009","00","005","0505","0086","192","146","46","32","224","427","0","52.46","34.19"
"10","009","00","005","0506","0000","641","467","174","59","700","1430","0","48.95","32.66"
"10","009","00","005","0506","0089","265","192","73","14","279","634","0","44.01","30.28"
"10","009","00","005","0506","0090","376","275","101","45","421","796","0","52.89","34.55"
"10","009","00","005","0507","0000","553","390","163","68","621","1321","0","47.01","29.52"
"10","009","00","005","0507","0091","285","200","85","48","333","745","0","44.7","26.85"
"10","009","00","005","0507","0092","268","190","78","20","288","576","0","50.0","32.99"
"10","009","00","005","0508","0000","519","393","126","74","593","1277","0","46.44","30.78"
"10","009","00","005","0508","0093","297","227","70","59","356","743","0","47.91","30.55"
"10","009","00","005","0508","0094","222","166","56","15","237","534","0","44.38","31.09"
"10","009","00","005","0509","0000","395","300","95","61","456","843","0","54.09","35.59"
"10","009","00","005","0509","0099","395","300","95","61","456","843","0","54.09","35.59"
"10","009","00","005","0510","0000","1452","1097","355","107","1559","2734","0","57.02","40.12"
"10","009","00","005","0510","0087","769","580","189","71","840","1451","0","57.89","39.97"
"10","009","00","005","0510","0088","683","517","166","36","719","1283","0","56.04","40.3"
"10","009","00","005","0511","0000","806","596","210","145","951","1864","0","51.02","31.97"
"10","009","00","005","0511","0100","404","305","99","82","486","916","0","53.06","33.3"
"10","009","00","005","0511","0101","402","291","111","63","465","948","0","49.05","30.7"
"10","009","00","005","0512","0000","798","628","170","116","914","1774","0","51.52","35.4"
"10","009","00","005","0512","0102","411","316","95","40","451","914","0","49.34","34.57"
"10","009","00","005","0512","0103","387","312","75","76","463","860","0","53.84","36.28"
"10","009","00","005","0513","0000","314","249","65","46","360","896","0","40.18","27.79"
"10","009","00","005","0513","0106","314","249","65","46","360","896","0","40.18","27.79"
"10","009","00","005","0514","0000","756","555","201","132","888","1804","0","49.22","30.76"
"10","009","00","005","0514","0104","408","296","112","63","471","929","0","50.7","31.86"
"10","009","00","005","0514","0105","348","259","89","69","417","875","0","47.66","29.6"
"10","009","00","005","0515","0000","928","665","263","157","1085","2276","0","47.67","29.22"
"10","009","00","005","0515","0095","463","330","133","83","546","1199","0","45.54","27.52"
"10","009","00","005","0515","0096","465","335","130","74","539","1077","0","50.05","31.1"
"10","009","00","005","0516","0000","621","471","150","78","699","1503","0","46.51","31.34"
"10","009","00","005","0516","0097","299","232","67","34","333","819","0","40.66","28.33"
"10","009","00","005","0516","0098","322","239","83","44","366","684","0","53.51","34.94"
"10","009","00","005","0517","0000","562","412","150","105","667","1440","0","46.32","28.61"
"10","009","00","005","0517","0107","283","214","69","58","341","757","0","45.05","28.27"
"10","009","00","005","0517","0108","279","198","81","47","326","683","0","47.73","28.99"
"10","009","00","006","0000","0000","16123","12097","4026","2146","18269","33958","39975","53.8","35.62"
"10","009","00","006","0601","0000","352","257","95","75","427","724","0","58.98","35.5"
"10","009","00","006","0601","0256","352","257","95","75","427","724","0","58.98","35.5"
"10","009","00","006","0602","0000","365","274","91","68","433","688","0","62.94","39.83"
"10","009","00","006","0602","0257","365","274","91","68","433","688","0","62.94","39.83"
"10","009","00","006","0603","0000","217","164","53","48","265","452","0","58.63","36.28"
"10","009","00","006","0603","0258","217","164","53","48","265","452","0","58.63","36.28"
"10","009","00","006","0604","0000","431","323","108","78","509","866","0","58.78","37.3"
"10","009","00","006","0604","0259","431","323","108","78","509","866","0","58.78","37.3"
"10","009","00","006","0605","0000","151","104","47","26","177","336","0","52.68","30.95"
"10","009","00","006","0605","0260","151","104","47","26","177","336","0","52.68","30.95"
"10","009","00","006","0606","0000","181","147","34","34","215","395","0","54.43","37.22"
"10","009","00","006","0606","0261","181","147","34","34","215","395","0","54.43","37.22"
"10","009","00","006","0607","0000","204","160","44","33","237","376","0","63.03","42.55"
"10","009","00","006","0607","0262","204","160","44","33","237","376","0","63.03","42.55"
"10","009","00","006","0608","0000","487","361","126","58","545","950","0","57.37","38.0"
"10","009","00","006","0608","0263","487","361","126","58","545","950","0","57.37","38.0"
"10","009","00","006","0609","0000","269","197","72","50","319","512","0","62.3","38.48"
"10","009","00","006","0609","0264","269","197","72","50","319","512","0","62.3","38.48"
"10","009","00","006","0610","0000","165","130","35","33","198","324","0","61.11","40.12"
"10","009","00","006","0610","0265","165","130","35","33","198","324","0","61.11","40.12"
"10","009","00","006","0611","0000","262","188","74","36","298","546","0","54.58","34.43"
"10","009","00","006","0611","0266","262","188","74","36","298","546","0","54.58","34.43"
"10","009","00","006","0612","0000","593","434","159","96","689","1184","0","58.19","36.66"
"10","009","00","006","0612","0267","228","171","57","30","258","433","0","59.58","39.49"
"10","009","00","006","0612","0268","365","263","102","66","431","751","0","57.39","35.02"
"10","009","00","006","0613","0000","238","189","49","35","273","442","0","61.76","42.76"
"10","009","00","006","0613","0269","238","189","49","35","273","442","0","61.76","42.76"
"10","009","00","006","0614","0000","2485","1865","620","282","2767","4912","0","56.33","37.97"
"10","009","00","006","0614","0270","594","442","152","72","666","1151","0","57.86","38.4"
"10","009","00","006","0614","0271","643","480","163","56","699","1224","0","57.11","39.22"
"10","009","00","006","0614","0272","583","444","139","63","646","1211","0","53.34","36.66"
"10","009","00","006","0614","0273","665","499","166","91","756","1326","0","57.01","37.63"
"10","009","00","006","0615","0000","998","784","214","107","1105","1721","0","64.21","45.55"
"10","009","00","006","0615","0274","431","331","100","47","478","744","0","64.25","44.49"
"10","009","00","006","0615","0275","567","453","114","60","627","977","0","64.18","46.37"
"10","009","00","006","0616","0000","3199","2417","782","336","3535","6230","0","56.74","38.8"
"10","009","00","006","0616","0278","727","565","162","59","786","1364","0","57.62","41.42"
"10","009","00","006","0616","0279","581","454","127","71","652","1123","0","58.06","40.43"
"10","009","00","006","0616","0280","753","567","186","66","819","1451","0","56.44","39.08"
"10","009","00","006","0616","0281","602","457","145","90","692","1162","0","59.55","39.33"
"10","009","00","006","0616","0282","536","374","162","50","586","1130","0","51.86","33.1"
"10","009","00","006","0617","0000","517","398","119","51","568","1149","0","49.43","34.64"
"10","009","00","006","0617","0283","517","398","119","51","568","1149","0","49.43","34.64"
"10","009","00","006","0618","0000","324","241","83","24","348","809","0","43.02","29.79"
"10","009","00","006","0618","0287","324","241","83","24","348","809","0","43.02","29.79"
"10","009","00","006","0619","0000","554","426","128","88","642","1397","0","45.96","30.49"
"10","009","00","006","0619","0288","554","426","128","88","642","1397","0","45.96","30.49"
"10","009","00","006","0620","0000","431","320","111","100","531","1145","0","46.38","27.95"
"10","009","00","006","0620","0289","431","320","111","100","531","1145","0","46.38","27.95"
"10","009","00","006","0621","0000","447","325","122","64","511","966","0","52.9","33.64"
"10","009","00","006","0621","0284","201","148","53","39","240","533","0","45.03","27.77"
"10","009","00","006","0621","0285","246","177","69","25","271","433","0","62.59","40.88"
"10","009","00","006","0622","0000","239","173","66","75","314","828","0","37.92","20.89"
"10","009","00","006","0622","0290","239","173","66","75","314","828","0","37.92","20.89"
"10","009","00","006","0623","0000","195","148","47","24","219","557","0","39.32","26.57"
"10","009","00","006","0623","0291","195","148","47","24","219","557","0","39.32","26.57"
"10","009","00","006","0624","0000","691","474","217","86","777","1637","0","47.46","28.96"
"10","009","00","006","0624","0292","447","300","147","52","499","1060","0","47.08","28.3"
"10","009","00","006","0624","0293","244","174","70","34","278","577","0","48.18","30.16"
"10","009","00","006","0625","0000","1347","1008","339","146","1493","2981","0","50.08","33.81"
"10","009","00","006","0625","0294","334","249","85","72","406","931","0","43.61","26.75"
"10","009","00","006","0625","0295","494","375","119","45","539","1018","0","52.95","36.84"
"10","009","00","006","0625","0296","519","384","135","29","548","1032","0","53.1","37.21"
"10","009","00","006","0626","0000","459","340","119","66","525","960","0","54.69","35.42"
"10","009","00","006","0626","0276","459","340","119","66","525","960","0","54.69","35.42"
"10","009","00","006","0627","0000","162","115","47","9","171","494","0","34.62","23.28"
"10","009","00","006","0627","0277","162","115","47","9","171","494","0","34.62","23.28"
"10","009","00","006","0628","0000","160","135","25","18","178","377","0","47.21","35.81"
"10","009","00","006","0628","0286","160","135","25","18","178","377","0","47.21","35.81"
"10","009","00","007","0000","0000","12831","9830","3001","1389","14220","27477","31464","51.75","35.78"
"10","009","00","007","0701","0000","555","407","148","100","655","1255","0","52.19","32.43"
"10","009","00","007","0701","0539","555","407","148","100","655","1255","0","52.19","32.43"
"10","009","00","007","0702","0000","596","455","141","56","652","1078","0","60.48","42.21"
"10","009","00","007","0702","0540","596","455","141","56","652","1078","0","60.48","42.21"
"10","009","00","007","0703","0000","595","472","123","84","679","1169","0","58.08","40.38"
"10","009","00","007","0703","0538","595","472","123","84","679","1169","0","58.08","40.38"
"10","009","00","007","0704","0000","650","506","144","89","739","1426","0","51.82","35.48"
"10","009","00","007","0704","0536","562","442","120","84","646","1122","0","57.58","39.39"
"10","009","00","007","0704","0537","88","64","24","5","93","304","0","30.59","21.05"
"10","009","00","007","0705","0000","1446","1131","315","113","1559","3074","0","50.72","36.79"
"10","009","00","007","0705","0534","635","479","156","57","692","1302","0","53.15","36.79"
"10","009","00","007","0705","0535","811","652","159","56","867","1772","0","48.93","36.79"
"10","009","00","007","0706","0000","694","498","196","59","753","1517","0","49.64","32.83"
"10","009","00","007","0706","0533","694","498","196","59","753","1517","0","49.64","32.83"
"10","009","00","007","0707","0000","1001","766","235","138","1139","2120","0","53.73","36.13"
"10","009","00","007","0707","0531","541","407","134","76","617","1126","0","54.8","36.15"
"10","009","00","007","0707","0532","460","359","101","62","522","994","0","52.52","36.12"
"10","009","00","007","0708","0000","249","198","51","16","265","734","0","36.1","26.98"
"10","009","00","007","0708","0554","249","198","51","16","265","734","0","36.1","26.98"
"10","009","00","007","0709","0000","98","65","33","9","107","285","0","37.54","22.81"
"10","009","00","007","0709","0553","98","65","33","9","107","285","0","37.54","22.81"
"10","009","00","007","0710","0000","1037","804","233","103","1140","2138","0","53.32","37.61"
"10","009","00","007","0710","0547","444","341","103","45","489","998","0","49.0","34.17"
"10","009","00","007","0710","0548","593","463","130","58","651","1140","0","57.11","40.61"
"10","009","00","007","0711","0000","553","390","163","80","633","1150","0","55.04","33.91"
"10","009","00","007","0711","0555","553","390","163","80","633","1150","0","55.04","33.91"
"10","009","00","007","0712","0000","539","420","119","29","568","1233","0","46.07","34.06"
"10","009","00","007","0712","0552","539","420","119","29","568","1233","0","46.07","34.06"
"10","009","00","007","0713","0000","205","149","56","25","230","453","0","50.77","32.89"
"10","009","00","007","0713","0556","205","149","56","25","230","453","0","50.77","32.89"
"10","009","00","007","0714","0000","246","192","54","31","277","571","0","48.51","33.63"
"10","009","00","007","0714","0557","246","192","54","31","277","571","0","48.51","33.63"
"10","009","00","007","0715","0000","999","749","250","87","1086","2058","0","52.77","36.39"
"10","009","00","007","0715","0549","533","404","129","56","589","1102","0","53.45","36.66"
"10","009","00","007","0715","0550","466","345","121","31","497","956","0","51.99","36.09"
"10","009","00","007","0716","0000","330","236","94","31","361","695","0","51.94","33.96"
"10","009","00","007","0716","0551","330","236","94","31","361","695","0","51.94","33.96"
"10","009","00","007","0717","0000","1003","790","213","105","1108","2243","0","49.4","35.22"
"10","009","00","007","0717","0541","414","330","84","26","440","943","0","46.66","34.99"
"10","009","00","007","0717","0542","589","460","129","79","668","1300","0","51.38","35.38"
"10","009","00","007","0718","0000","981","762","219","117","1098","2108","0","52.09","36.15"
"10","009","00","007","0718","0543","422","323","99","59","481","964","0","49.9","33.51"
"10","009","00","007","0718","0544","559","439","120","58","617","1144","0","53.93","38.37"
"10","009","00","007","0719","0000","708","563","145","78","786","1482","0","53.04","37.99"
"10","009","00","007","0719","0545","708","563","145","78","786","1482","0","53.04","37.99"
"10","009","00","007","0720","0000","346","277","69","39","385","688","0","55.96","40.26"
"10","009","00","007","0720","0546","346","277","69","39","385","688","0","55.96","40.26"
"10","009","00","008","0000","0000","7549","5714","1835","848","8397","16509","19083","50.86","34.61"
"10","009","00","008","0801","0000","359","279","80","41","400","750","0","53.33","37.2"
"10","009","00","008","0801","0480","359","279","80","41","400","750","0","53.33","37.2"
"10","009","00","008","0802","0000","1018","735","283","110","1128","2095","0","53.84","35.08"
"10","009","00","008","0802","0484","694","504","190","78","772","1495","0","51.64","33.71"
"10","009","00","008","0802","0485","324","231","93","32","356","600","0","59.33","38.5"
"10","009","00","008","0803","0000","533","392","141","56","589","1004","0","58.67","39.04"
"10","009","00","008","0803","0486","533","392","141","56","589","1004","0","58.67","39.04"
"10","009","00","008","0804","0000","339","242","97","23","362","948","0","38.19","25.53"
"10","009","00","008","0804","0487","339","242","97","23","362","948","0","38.19","25.53"
"10","009","00","008","0805","0000","828","633","195","108","936","1895","0","49.39","33.4"
"10","009","00","008","0805","0489","630","485","145","73","703","1430","0","49.16","33.92"
"10","009","00","008","0805","0490","198","148","50","35","233","465","0","50.11","31.83"
"10","009","00","008","0806","0000","805","595","210","82","887","1781","0","49.8","33.41"
"10","009","00","008","0806","0491","593","439","154","54","647","1307","0","49.5","33.59"
"10","009","00","008","0806","0492","212","156","56","28","240","474","0","50.63","32.91"
"10","009","00","008","0807","0000","754","680","74","77","831","1539","0","54.0","44.18"
"10","009","00","008","0807","0488","754","680","74","77","831","1539","0","54.0","44.18"
"10","009","00","008","0808","0000","625","449","176","99","724","1220","0","59.34","36.8"
"10","009","00","008","0808","0493","625","449","176","99","724","1220","0","59.34","36.8"
"10","009","00","008","0809","0000","325","249","76","27","352","719","0","48.96","34.63"
"10","009","00","008","0809","0481","325","249","76","27","352","719","0","48.96","34.63"
"10","009","00","008","0810","0000","284","232","52","28","312","603","0","51.74","38.47"
"10","009","00","008","0810","0482","284","232","52","28","312","603","0","51.74","38.47"
"10","009","00","008","0811","0000","455","316","139","64","519","1106","0","46.93","28.57"
"10","009","00","008","0811","0483","455","316","139","64","519","1106","0","46.93","28.57"
"10","009","00","008","0812","0000","323","248","75","22","345","733","0","47.07","33.83"
"10","009","00","008","0812","0494","323","248","75","22","345","733","0","47.07","33.83"
"10","009","00","008","0813","0000","333","248","85","35","368","681","0","54.04","36.42"
"10","009","00","008","0813","0495","333","248","85","35","368","681","0","54.04","36.42"
"10","009","00","008","0814","0000","263","200","63","33","296","712","0","41.57","28.09"
"10","009","00","008","0814","0496","263","200","63","33","296","712","0","41.57","28.09"
"10","009","00","008","0815","0000","305","216","89","43","348","723","0","48.13","29.88"
"10","009","00","008","0815","0497","305","216","89","43","348","723","0","48.13","29.88"
"10","009","00","009","0000","0000","11747","8735","3012","1614","13361","24570","28727","54.38","35.55"
"10","009","00","009","0901","0000","2018","1539","479","241","2259","4079","0","55.38","37.73"
"10","009","00","009","0901","0374","743","546","197","103","846","1507","0","56.14","36.23"
"10","009","00","009","0901","0375","648","516","132","48","696","1300","0","53.54","39.69"
"10","009","00","009","0901","0376","627","477","150","90","717","1272","0","56.37","37.5"
"10","009","00","009","0902","0000","388","276","112","71","459","861","0","53.31","32.06"
"10","009","00","009","0902","0377","388","276","112","71","459","861","0","53.31","32.06"
"10","009","00","009","0903","0000","648","477","171","77","725","1565","0","46.33","30.48"
"10","009","00","009","0903","0378","648","477","171","77","725","1565","0","46.33","30.48"
"10","009","00","009","0904","0000","509","356","153","67","576","1213","0","47.49","29.35"
"10","009","00","009","0904","0379","258","192","66","19","277","577","0","48.01","33.28"
"10","009","00","009","0904","0380","251","164","87","48","299","636","0","47.01","25.79"
"10","009","00","009","0905","0000","494","359","135","79","573","1110","0","51.62","32.34"
"10","009","00","009","0905","0381","494","359","135","79","573","1110","0","51.62","32.34"
"10","009","00","009","0906","0000","1001","731","270","148","1149","1958","0","58.68","37.33"
"10","009","00","009","0906","0382","523","380","143","72","595","973","0","61.15","39.05"
"10","009","00","009","0906","0383","478","351","127","76","554","985","0","56.24","35.63"
"10","009","00","009","0907","0000","1526","1129","397","204","1730","2991","0","57.84","37.75"
"10","009","00","009","0907","0384","896","659","237","116","1012","1707","0","59.29","38.61"
"10","009","00","009","0907","0385","630","470","160","88","718","1284","0","55.92","36.6"
"10","009","00","009","0908","0000","627","444","183","79","706","1293","0","54.6","34.34"
"10","009","00","009","0908","0386","627","444","183","79","706","1293","0","54.6","34.34"
"10","009","00","009","0909","0000","542","427","115","42","584","1165","0","50.13","36.65"
"10","009","00","009","0909","0389","542","427","115","42","584","1165","0","50.13","36.65"
"10","009","00","009","0910","0000","948","708","240","181","1129","1940","0","58.2","36.49"
"10","009","00","009","0910","0387","448","334","114","62","510","900","0","56.67","37.11"
"10","009","00","009","0910","0388","500","374","126","119","619","1040","0","59.52","35.96"
"10","009","00","009","0911","0000","906","683","223","122","1028","1756","0","58.54","38.9"
"10","009","00","009","0911","0390","429","318","111","64","493","871","0","56.6","36.51"
"10","009","00","009","0911","0391","477","365","112","58","535","885","0","60.45","41.24"
"10","009","00","009","0912","0000","646","491","155","78","724","1489","0","48.62","32.98"
"10","009","00","009","0912","0392","646","491","155","78","724","1489","0","48.62","32.98"
"10","009","00","009","0913","0000","562","426","136","104","666","1347","0","49.44","31.63"
"10","009","00","009","0913","0393","562","426","136","104","666","1347","0","49.44","31.63"
"10","009","00","009","0914","0000","932","689","243","121","1053","1803","0","58.4","38.21"
"10","009","00","009","0914","0394","594","429","165","73","667","1150","0","58.0","37.3"
"10","009","00","009","0914","0395","338","260","78","48","386","653","0","59.11","39.82"
"10","009","00","010","0000","0000","7657","5852","1805","1072","8729","15551","18089","56.13","37.63"
"10","009","00","010","1001","0000","578","440","138","77","655","1036","0","63.22","42.47"
"10","009","00","010","1001","0396","578","440","138","77","655","1036","0","63.22","42.47"
"10","009","00","010","1002","0000","1742","1352","390","242","1984","3652","0","54.33","37.02"
"10","009","00","010","1002","0397","747","572","175","89","836","1490","0","56.11","38.39"
"10","009","00","010","1002","0398","708","543","165","87","795","1491","0","53.32","36.42"
"10","009","00","010","1002","0399","287","237","50","66","353","671","0","52.61","35.32"
"10","009","00","010","1003","0000","1134","865","269","173","1307","2187","0","59.76","39.55"
"10","009","00","010","1003","0400","751","562","189","114","865","1436","0","60.24","39.14"
"10","009","00","010","1003","0401","383","303","80","59","442","751","0","58.85","40.35"
"10","009","00","010","1004","0000","268","197","71","25","293","535","0","54.77","36.82"
"10","009","00","010","1004","0402","268","197","71","25","293","535","0","54.77","36.82"
"10","009","00","010","1005","0000","337","258","79","48","385","811","0","47.47","31.81"
"10","009","00","010","1005","0403","337","258","79","48","385","811","0","47.47","31.81"
"10","009","00","010","1006","0000","1264","972","292","194","1458","2625","0","55.54","37.03"
"10","009","00","010","1006","0404","662","490","172","103","765","1339","0","57.13","36.59"
"10","009","00","010","1006","0405","602","482","120","91","693","1286","0","53.89","37.48"
"10","009","00","010","1007","0000","317","239","78","38","355","646","0","54.95","37.0"
"10","009","00","010","1007","0406","317","239","78","38","355","646","0","54.95","37.0"
"10","009","00","010","1008","0000","564","411","153","85","649","1158","0","56.04","35.49"
"10","009","00","010","1008","0407","564","411","153","85","649","1158","0","56.04","35.49"
"10","009","00","010","1009","0000","550","434","116","66","616","1090","0","56.51","39.82"
"10","009","00","010","1009","0408","550","434","116","66","616","1090","0","56.51","39.82"
"10","009","00","010","1010","0000","903","684","219","124","1027","1811","0","56.71","37.77"
"10","009","00","010","1010","0409","503","381","122","78","581","950","0","61.16","40.11"
"10","009","00","010","1010","0410","400","303","97","46","446","861","0","51.8","35.19"
"10","009","00","011","0000","0000","9511","7014","2497","1410","10921","23367","26906","46.74","30.02"
"10","009","00","011","1101","0000","607","446","161","40","647","1463","0","44.22","30.49"
"10","009","00","011","1101","0317","607","446","161","40","647","1463","0","44.22","30.49"
"10","009","00","011","1102","0000","695","545","150","74","769","1738","0","44.25","31.36"
"10","009","00","011","1102","0318","695","545","150","74","769","1738","0","44.25","31.36"
"10","009","00","011","1103","0000","660","509","151","133","793","1643","0","48.27","30.98"
"10","009","00","011","1103","0319","238","180","58","59","297","625","0","47.52","28.8"
"10","009","00","011","1103","0320","422","329","93","74","496","1018","0","48.72","32.32"
"10","009","00","011","1104","0000","495","377","118","56","551","1496","0","36.83","25.2"
"10","009","00","011","1104","0321","146","120","26","9","155","448","0","34.6","26.79"
"10","009","00","011","1104","0322","349","257","92","47","396","1048","0","37.79","24.52"
"10","009","00","011","1105","0000","546","396","150","83","629","1161","0","54.18","34.11"
"10","009","00","011","1105","0323","546","396","150","83","629","1161","0","54.18","34.11"
"10","009","00","011","1106","0000","878","629","249","126","1004","1840","0","54.57","34.18"
"10","009","00","011","1106","0324","453","323","130","52","505","991","0","50.96","32.59"
"10","009","00","011","1106","0325","425","306","119","74","499","849","0","58.78","36.04"
"10","009","00","011","1107","0000","401","306","95","49","450","890","0","50.56","34.38"
"10","009","00","011","1107","0326","401","306","95","49","450","890","0","50.56","34.38"
"10","009","00","011","1108","0000","380","282","98","37","417","891","0","46.8","31.65"
"10","009","00","011","1108","0328","380","282","98","37","417","891","0","46.8","31.65"
"10","009","00","011","1109","0000","289","213","76","26","315","757","0","41.61","28.14"
"10","009","00","011","1109","0329","289","213","76","26","315","757","0","41.61","28.14"
"10","009","00","011","1110","0000","609","446","163","117","726","1497","0","48.5","29.79"
"10","009","00","011","1110","0330","609","446","163","117","726","1497","0","48.5","29.79"
"10","009","00","011","1111","0000","812","579","233","131","943","1857","0","50.78","31.18"
"10","009","00","011","1111","0331","469","334","135","74","543","1171","0","46.37","28.52"
"10","009","00","011","1111","0332","343","245","98","57","400","686","0","58.31","35.71"
"10","009","00","011","1112","0000","288","209","79","98","386","864","0","44.68","24.19"
"10","009","00","011","1112","0333","288","209","79","98","386","864","0","44.68","24.19"
"10","009","00","011","1113","0000","776","577","199","114","890","1769","0","50.31","32.62"
"10","009","00","011","1113","0334","531","390","141","84","615","1073","0","57.32","36.35"
"10","009","00","011","1113","0335","245","187","58","30","275","696","0","39.51","26.87"
"10","009","00","011","1114","0000","407","300","107","63","470","1271","0","36.98","23.6"
"10","009","00","011","1114","0336","407","300","107","63","470","1271","0","36.98","23.6"
"10","009","00","011","1115","0000","353","252","101","53","406","912","0","44.52","27.63"
"10","009","00","011","1115","0337","353","252","101","53","406","912","0","44.52","27.63"
"10","009","00","011","1116","0000","332","222","110","43","375","861","0","43.55","25.78"
"10","009","00","011","1116","0338","332","222","110","43","375","861","0","43.55","25.78"
"10","009","00","011","1117","0000","382","271","111","66","448","1030","0","43.5","26.31"
"10","009","00","011","1117","0339","382","271","111","66","448","1030","0","43.5","26.31"
"10","009","00","011","1118","0000","601","455","146","101","702","1427","0","49.19","31.89"
"10","009","00","011","1118","0327","601","455","146","101","702","1427","0","49.19","31.89"
"10","009","00","012","0000","0000","8943","6625","2318","1083","10026","21050","24427","47.63","31.47"
"10","009","00","012","1201","0000","568","423","145","86","654","1176","0","55.61","35.97"
"10","009","00","012","1201","0297","568","423","145","86","654","1176","0","55.61","35.97"
"10","009","00","012","1202","0000","642","476","166","50","692","1439","0","48.09","33.08"
"10","009","00","012","1202","0298","642","476","166","50","692","1439","0","48.09","33.08"
"10","009","00","012","1203","0000","1182","918","264","122","1304","2286","0","57.04","40.16"
"10","009","00","012","1203","0299","548","431","117","66","614","1027","0","59.79","41.97"
"10","009","00","012","1203","0300","634","487","147","56","690","1259","0","54.81","38.68"
"10","009","00","012","1204","0000","898","673","225","66","964","2056","0","46.89","32.73"
"10","009","00","012","1204","0301","487","356","131","32","519","1058","0","49.05","33.65"
"10","009","00","012","1204","0302","411","317","94","34","445","998","0","44.59","31.76"
"10","009","00","012","1205","0000","921","676","245","81","1002","2023","0","49.53","33.42"
"10","009","00","012","1205","0303","421","314","107","28","449","968","0","46.38","32.44"
"10","009","00","012","1205","0304","500","362","138","53","553","1055","0","52.42","34.31"
"10","009","00","012","1206","0000","537","389","148","87","624","1315","0","47.45","29.58"
"10","009","00","012","1206","0305","537","389","148","87","624","1315","0","47.45","29.58"
"10","009","00","012","1207","0000","778","571","207","131","909","2024","0","44.91","28.21"
"10","009","00","012","1207","0306","287","203","84","35","322","1027","0","31.35","19.77"
"10","009","00","012","1207","0307","491","368","123","96","587","997","0","58.88","36.91"
"10","009","00","012","1208","0000","384","298","86","36","420","807","0","52.04","36.93"
"10","009","00","012","1208","0308","384","298","86","36","420","807","0","52.04","36.93"
"10","009","00","012","1209","0000","571","387","184","79","650","1502","0","43.28","25.77"
"10","009","00","012","1209","0309","259","179","80","24","283","698","0","40.54","25.64"
"10","009","00","012","1209","0310","312","208","104","55","367","804","0","45.65","25.87"
"10","009","00","012","1210","0000","680","510","170","62","742","1753","0","42.33","29.09"
"10","009","00","012","1210","0311","369","274","95","34","403","867","0","46.48","31.6"
"10","009","00","012","1210","0312","311","236","75","28","339","886","0","38.26","26.64"
"10","009","00","012","1211","0000","515","381","134","96","611","1476","0","41.4","25.81"
"10","009","00","012","1211","0313","515","381","134","96","611","1476","0","41.4","25.81"
"10","009","00","012","1212","0000","323","243","80","49","372","1159","0","32.1","20.97"
"10","009","00","012","1212","0314","323","243","80","49","372","1159","0","32.1","20.97"
"10","009","00","012","1213","0000","573","409","164","101","674","1220","0","55.25","33.52"
"10","009","00","012","1213","0315","573","409","164","101","674","1220","0","55.25","33.52"
"10","009","00","012","1214","0000","371","271","100","37","408","814","0","50.12","33.29"
"10","009","00","012","1214","0316","371","271","100","37","408","814","0","50.12","33.29"
"10","009","00","013","0000","0000","15975","11823","4152","1967","17942","37119","46004","48.34","31.85"
"10","009","00","013","1301","0000","1685","1242","443","219","1904","4029","0","47.26","30.83"
"10","009","00","013","1301","0005","533","410","123","73","606","1340","0","45.22","30.6"
"10","009","00","013","1301","0006","476","343","133","75","551","1138","0","48.42","30.14"
"10","009","00","013","1301","0007","676","489","187","71","747","1551","0","48.16","31.53"
"10","009","00","013","1302","0000","3001","2202","799","305","3306","6988","0","47.31","31.51"
"10","009","00","013","1302","0001","561","407","154","72","633","1497","0","42.28","27.19"
"10","009","00","013","1302","0002","809","579","230","63","872","1738","0","50.17","33.31"
"10","009","00","013","1302","0003","859","634","225","98","957","1921","0","49.82","33.0"
"10","009","00","013","1302","0004","772","582","190","72","844","1832","0","46.07","31.77"
"10","009","00","013","1303","0000","701","503","198","101","802","1909","0","42.01","26.35"
"10","009","00","013","1303","0008","264","190","74","47","311","715","0","43.5","26.57"
"10","009","00","013","1303","0009","437","313","124","54","491","1194","0","41.12","26.21"
"10","009","00","013","1304","0000","964","716","248","112","1076","2581","0","41.69","27.74"
"10","009","00","013","1304","0010","420","316","104","68","488","1023","0","47.7","30.89"
"10","009","00","013","1304","0011","544","400","144","44","588","1558","0","37.74","25.67"
"10","009","00","013","1305","0000","1129","869","260","132","1261","2559","0","49.28","33.96"
"10","009","00","013","1305","0019","545","431","114","75","620","1230","0","50.41","35.04"
"10","009","00","013","1305","0020","584","438","146","57","641","1329","0","48.23","32.96"
"10","009","00","013","1306","0000","1251","919","332","178","1429","2959","0","48.29","31.06"
"10","009","00","013","1306","0014","583","432","151","85","668","1363","0","49.01","31.69"
"10","009","00","013","1306","0015","668","487","181","93","761","1596","0","47.68","30.51"
"10","009","00","013","1307","0000","824","589","235","68","892","2170","0","41.11","27.14"
"10","009","00","013","1307","0012","435","308","127","37","472","1187","0","39.76","25.95"
"10","009","00","013","1307","0013","389","281","108","31","420","983","0","42.73","28.59"
"10","009","00","013","1308","0000","735","537","198","114","849","2002","0","42.41","26.82"
"10","009","00","013","1308","0017","357","261","96","62","419","964","0","43.46","27.07"
"10","009","00","013","1308","0018","378","276","102","52","430","1038","0","41.43","26.59"
"10","009","00","013","1309","0000","1806","1349","457","290","2096","3841","0","54.57","35.12"
"10","009","00","013","1309","0021","512","364","148","88","600","1129","0","53.14","32.24"
"10","009","00","013","1309","0022","593","444","149","100","693","1241","0","55.84","35.78"
"10","009","00","013","1309","0023","701","541","160","102","803","1471","0","54.59","36.78"
"10","009","00","013","1310","0000","549","384","165","81","630","1107","0","56.91","34.69"
"10","009","00","013","1310","0024","549","384","165","81","630","1107","0","56.91","34.69"
"10","009","00","013","1311","0000","1564","1144","420","159","1723","3391","0","50.81","33.74"
"10","009","00","013","1311","0025","806","554","252","95","901","1636","0","55.07","33.86"
"10","009","00","013","1311","0026","758","590","168","64","822","1755","0","46.84","33.62"
"10","009","00","013","1312","0000","1027","793","234","85","1112","2114","0","52.6","37.51"
"10","009","00","013","1312","0027","552","435","117","45","597","1158","0","51.55","37.56"
"10","009","00","013","1312","0028","475","358","117","40","515","956","0","53.87","37.45"
"10","009","00","013","1313","0000","739","576","163","123","862","1469","0","58.68","39.21"
"10","009","00","013","1313","0016","739","576","163","123","862","1469","0","58.68","39.21"
"10","009","00","014","0000","0000","5609","4190","1419","843","6452","13239","14845","48.73","31.65"
"10","009","00","014","1401","0000","772","581","191","96","868","1533","0","56.62","37.9"
"10","009","00","014","1401","0055","772","581","191","96","868","1533","0","56.62","37.9"
"10","009","00","014","1402","0000","610","456","154","103","713","1203","0","59.27","37.91"
"10","009","00","014","1402","0056","610","456","154","103","713","1203","0","59.27","37.91"
"10","009","00","014","1403","0000","673","496","177","92","765","1624","0","47.11","30.54"
"10","009","00","014","1403","0053","339","248","91","33","372","896","0","41.52","27.68"
"10","009","00","014","1403","0054","334","248","86","59","393","728","0","53.98","34.07"
"10","009","00","014","1404","0000","297","224","73","29","326","540","0","60.37","41.48"
"10","009","00","014","1404","0052","297","224","73","29","326","540","0","60.37","41.48"
"10","009","00","014","1405","0000","469","347","122","66","535","1207","0","44.32","28.75"
"10","009","00","014","1405","0051","469","347","122","66","535","1207","0","44.32","28.75"
"10","009","00","014","1406","0000","294","245","49","31","325","546","0","59.52","44.87"
"10","009","00","014","1406","0058","294","245","49","31","325","546","0","59.52","44.87"
"10","009","00","014","1407","0000","318","226","92","67","385","817","0","47.12","27.66"
"10","009","00","014","1407","0057","318","226","92","67","385","817","0","47.12","27.66"
"10","009","00","014","1408","0000","288","199","89","71","359","856","0","41.94","23.25"
"10","009","00","014","1408","0060","288","199","89","71","359","856","0","41.94","23.25"
"10","009","00","014","1409","0000","358","252","106","80","438","853","0","51.35","29.54"
"10","009","00","014","1409","0059","358","252","106","80","438","853","0","51.35","29.54"
"10","009","00","014","1410","0000","821","614","207","111","932","1945","0","47.92","31.57"
"10","009","00","014","1410","0061","389","289","100","56","445","923","0","48.21","31.31"
"10","009","00","014","1410","0062","432","325","107","55","487","1022","0","47.65","31.8"
"10","009","00","014","1411","0000","361","273","88","43","404","1087","0","37.17","25.11"
"10","009","00","014","1411","0065","361","273","88","43","404","1087","0","37.17","25.11"
"10","009","00","014","1412","0000","348","277","71","54","402","1028","0","39.11","26.95"
"10","009","00","014","1412","0063","214","176","38","27","241","634","0","38.01","27.76"
"10","009","00","014","1412","0064","134","101","33","27","161","394","0","40.86","25.63"
"10","009","00","015","0000","0000","5154","3862","1292","541","5695","11381","12992","50.04","33.93"
"10","009","00","015","1501","0000","976","748","228","117","1093","1916","0","57.05","39.04"
"10","009","00","015","1501","0066","440","333","107","69","509","923","0","55.15","36.08"
"10","009","00","015","1501","0067","536","415","121","48","584","993","0","58.81","41.79"
"10","009","00","015","1502","0000","684","520","164","50","734","1450","0","50.62","35.86"
"10","009","00","015","1502","0068","362","278","84","29","391","748","0","52.27","37.17"
"10","009","00","015","1502","0069","322","242","80","21","343","702","0","48.86","34.47"
"10","009","00","015","1503","0000","709","561","148","47","756","1508","0","50.13","37.2"
"10","009","00","015","1503","0070","335","271","64","20","355","752","0","47.21","36.04"
"10","009","00","015","1503","0071","374","290","84","27","401","756","0","53.04","38.36"
"10","009","00","015","1504","0000","549","391","158","59","608","1207","0","50.37","32.39"
"10","009","00","015","1504","0074","205","139","66","26","231","470","0","49.15","29.57"
"10","009","00","015","1504","0075","344","252","92","33","377","737","0","51.15","34.19"
"10","009","00","015","1505","0000","625","461","164","52","677","1524","0","44.42","30.25"
"10","009","00","015","1505","0072","234","174","60","17","251","490","0","51.22","35.51"
"10","009","00","015","1505","0073","391","287","104","35","426","1034","0","41.2","27.76"
"10","009","00","015","1506","0000","406","314","92","32","438","878","0","49.89","35.76"
"10","009","00","015","1506","0076","406","314","92","32","438","878","0","49.89","35.76"
"10","009","00","015","1507","0000","338","255","83","52","390","778","0","50.13","32.78"
"10","009","00","015","1507","0077","338","255","83","52","390","778","0","50.13","32.78"
"10","009","00","015","1508","0000","524","383","141","58","582","1224","0","47.55","31.29"
"10","009","00","015","1508","0078","524","383","141","58","582","1224","0","47.55","31.29"
"10","009","00","015","1509","0000","343","229","114","74","417","896","0","46.54","25.56"
"10","009","00","015","1509","0079","343","229","114","74","417","896","0","46.54","25.56"
"10","009","00","016","0000","0000","8254","6272","1982","1231","9485","21125","23824","44.9","29.69"
"10","009","00","016","1601","0000","608","500","108","69","677","1238","0","54.68","40.39"
"10","009","00","016","1601","0029","608","500","108","69","677","1238","0","54.68","40.39"
"10","009","00","016","1602","0000","508","385","123","70","578","1098","0","52.64","35.06"
"10","009","00","016","1602","0031","508","385","123","70","578","1098","0","52.64","35.06"
"10","009","00","016","1603","0000","461","350","111","54","515","1091","0","47.2","32.08"
"10","009","00","016","1603","0030","461","350","111","54","515","1091","0","47.2","32.08"
"10","009","00","016","1604","0000","808","611","197","120","928","2073","0","44.77","29.47"
"10","009","00","016","1604","0032","388","285","103","49","437","1048","0","41.7","27.19"
"10","009","00","016","1604","0033","420","326","94","71","491","1025","0","47.9","31.8"
"10","009","00","016","1605","0000","547","402","145","94","641","1460","0","43.9","27.53"
"10","009","00","016","1605","0035","547","402","145","94","641","1460","0","43.9","27.53"
"10","009","00","016","1606","0000","545","412","133","127","672","1890","0","35.56","21.8"
"10","009","00","016","1606","0036","345","250","95","92","437","1180","0","37.03","21.19"
"10","009","00","016","1606","0037","200","162","38","35","235","710","0","33.1","22.82"
"10","009","00","016","1607","0000","195","143","52","16","211","620","0","34.03","23.06"
"10","009","00","016","1607","0038","195","143","52","16","211","620","0","34.03","23.06"
"10","009","00","016","1608","0000","217","161","56","59","276","687","0","40.17","23.44"
"10","009","00","016","1608","0040","217","161","56","59","276","687","0","40.17","23.44"
"10","009","00","016","1609","0000","182","132","50","31","213","449","0","47.44","29.4"
"10","009","00","016","1609","0039","182","132","50","31","213","449","0","47.44","29.4"
"10","009","00","016","1610","0000","374","285","89","57","431","850","0","50.71","33.53"
"10","009","00","016","1610","0034","374","285","89","57","431","850","0","50.71","33.53"
"10","009","00","016","1611","0000","654","495","159","91","745","1514","0","49.21","32.69"
"10","009","00","016","1611","0043","462","355","107","64","526","1042","0","50.48","34.07"
"10","009","00","016","1611","0044","192","140","52","27","219","472","0","46.4","29.66"
"10","009","00","016","1612","0000","502","397","105","35","537","1409","0","38.11","28.18"
"10","009","00","016","1612","0045","502","397","105","35","537","1409","0","38.11","28.18"
"10","009","00","016","1613","0000","1218","899","319","233","1451","3067","0","47.31","29.31"
"10","009","00","016","1613","0046","456","337","119","104","560","1061","0","52.78","31.76"
"10","009","00","016","1613","0047","356","267","89","43","399","993","0","40.18","26.89"
"10","009","00","016","1613","0048","406","295","111","86","492","1013","0","48.57","29.12"
"10","009","00","016","1614","0000","769","587","182","78","847","1849","0","45.81","31.75"
"10","009","00","016","1614","0049","533","403","130","50","583","1233","0","47.28","32.68"
"10","009","00","016","1614","0050","236","184","52","28","264","616","0","42.86","29.87"
"10","009","00","016","1615","0000","666","513","153","97","763","1830","0","41.69","28.03"
"10","009","00","016","1615","0041","482","366","116","75","557","1247","0","44.67","29.35"
"10","009","00","016","1615","0042","184","147","37","22","206","583","0","35.33","25.21"
"10","009","00","017","0000","0000","8368","6174","2194","1185","9553","22830","25784","41.84","27.04"
"10","009","00","017","1701","0000","1381","1023","358","135","1516","3349","0","45.27","30.55"
"10","009","00","017","1701","0180","398","308","90","45","443","915","0","48.42","33.66"
"10","009","00","017","1701","0181","525","385","140","40","565","1284","0","44.0","29.98"
"10","009","00","017","1701","0182","458","330","128","50","508","1150","0","44.17","28.7"
"10","009","00","017","1702","0000","599","452","147","111","710","1534","0","46.28","29.47"
"10","009","00","017","1702","0183","268","195","73","52","320","744","0","43.01","26.21"
"10","009","00","017","1702","0184","331","257","74","59","390","790","0","49.37","32.53"
"10","009","00","017","1703","0000","471","350","121","85","556","1356","0","41.0","25.81"
"10","009","00","017","1703","0185","471","350","121","85","556","1356","0","41.0","25.81"
"10","009","00","017","1704","0000","291","193","98","66","357","739","0","48.31","26.12"
"10","009","00","017","1704","0186","291","193","98","66","357","739","0","48.31","26.12"
"10","009","00","017","1705","0000","324","227","97","44","368","965","0","38.13","23.52"
"10","009","00","017","1705","0187","324","227","97","44","368","965","0","38.13","23.52"
"10","009","00","017","1706","0000","387","276","111","77","464","1080","0","42.96","25.56"
"10","009","00","017","1706","0188","387","276","111","77","464","1080","0","42.96","25.56"
"10","009","00","017","1707","0000","319","237","82","54","373","948","0","39.35","25.0"
"10","009","00","017","1707","0189","319","237","82","54","373","948","0","39.35","25.0"
"10","009","00","017","1708","0000","212","151","61","33","245","762","0","32.15","19.82"
"10","009","00","017","1708","0190","212","151","61","33","245","762","0","32.15","19.82"
"10","009","00","017","1709","0000","231","175","56","32","263","582","0","45.19","30.07"
"10","009","00","017","1709","0191","231","175","56","32","263","582","0","45.19","30.07"
"10","009","00","017","1710","0000","288","225","63","17","305","865","0","35.26","26.01"
"10","009","00","017","1710","0192","288","225","63","17","305","865","0","35.26","26.01"
"10","009","00","017","1711","0000","70","63","7","7","77","362","0","21.27","17.4"
"10","009","00","017","1711","0193","70","63","7","7","77","362","0","21.27","17.4"
"10","009","00","017","1712","0000","389","284","105","36","425","1162","0","36.57","24.44"
"10","009","00","017","1712","0194","389","284","105","36","425","1162","0","36.57","24.44"
"10","009","00","017","1713","0000","572","438","134","50","622","1527","0","40.73","28.68"
"10","009","00","017","1713","0195","572","438","134","50","622","1527","0","40.73","28.68"
"10","009","00","017","1714","0000","416","289","127","71","487","1006","0","48.41","28.73"
"10","009","00","017","1714","0196","416","289","127","71","487","1006","0","48.41","28.73"
"10","009","00","017","1715","0000","323","241","82","22","345","855","0","40.35","28.19"
"10","009","00","017","1715","0197","323","241","82","22","345","855","0","40.35","28.19"
"10","009","00","017","1716","0000","473","362","111","84","557","1181","0","47.16","30.65"
"10","009","00","017","1716","0198","473","362","111","84","557","1181","0","47.16","30.65"
"10","009","00","017","1717","0000","308","234","74","47","355","864","0","41.09","27.08"
"10","009","00","017","1717","0199","308","234","74","47","355","864","0","41.09","27.08"
"10","009","00","017","1718","0000","520","368","152","86","606","1545","0","39.22","23.82"
"10","009","00","017","1718","0200","223","155","68","41","264","667","0","39.58","23.24"
"10","009","00","017","1718","0201","297","213","84","45","342","878","0","38.95","24.26"
"10","009","00","017","1719","0000","158","120","38","11","169","610","0","27.7","19.67"
"10","009","00","017","1719","0202","158","120","38","11","169","610","0","27.7","19.67"
"10","009","00","017","1720","0000","326","235","91","73","399","837","0","47.67","28.08"
"10","009","00","017","1720","0203","326","235","91","73","399","837","0","47.67","28.08"
"10","009","00","017","1721","0000","310","231","79","44","354","701","0","50.5","32.95"
"10","009","00","017","1721","0204","310","231","79","44","354","701","0","50.5","32.95"
"10","009","00","018","0000","0000","6981","5233","1748","1011","7992","20983","23317","38.09","24.94"
"10","009","00","018","1801","0000","722","538","184","118","840","1758","0","47.78","30.6"
"10","009","00","018","1801","0155","409","301","108","68","477","1082","0","44.09","27.82"
"10","009","00","018","1801","0156","313","237","76","50","363","676","0","53.7","35.06"
"10","009","00","018","1802","0000","217","167","50","19","236","650","0","36.31","25.69"
"10","009","00","018","1802","0160","217","167","50","19","236","650","0","36.31","25.69"
"10","009","00","018","1803","0000","382","284","98","22","404","969","0","41.69","29.31"
"10","009","00","018","1803","0161","382","284","98","22","404","969","0","41.69","29.31"
"10","009","00","018","1804","0000","320","221","99","52","372","925","0","40.22","23.89"
"10","009","00","018","1804","0162","320","221","99","52","372","925","0","40.22","23.89"
"10","009","00","018","1805","0000","984","757","227","81","1065","2291","0","46.49","33.04"
"10","009","00","018","1805","0157","378","291","87","25","403","862","0","46.75","33.76"
"10","009","00","018","1805","0158","139","105","34","22","161","477","0","33.75","22.01"
"10","009","00","018","1805","0159","467","361","106","34","501","952","0","52.63","37.92"
"10","009","00","018","1806","0000","388","277","111","57","445","1219","0","36.51","22.72"
"10","009","00","018","1806","0165","388","277","111","57","445","1219","0","36.51","22.72"
"10","009","00","018","1807","0000","191","137","54","50","241","759","0","31.75","18.05"
"10","009","00","018","1807","0164","191","137","54","50","241","759","0","31.75","18.05"
"10","009","00","018","1808","0000","349","282","67","30","379","914","0","41.47","30.85"
"10","009","00","018","1808","0163","349","282","67","30","379","914","0","41.47","30.85"
"10","009","00","018","1809","0000","266","193","73","31","297","876","0","33.9","22.03"
"10","009","00","018","1809","0169","266","193","73","31","297","876","0","33.9","22.03"
"10","009","00","018","1810","0000","114","87","27","25","139","360","0","38.61","24.17"
"10","009","00","018","1810","0170","114","87","27","25","139","360","0","38.61","24.17"
"10","009","00","018","1811","0000","202","154","48","16","218","773","0","28.2","19.92"
"10","009","00","018","1811","0167","202","154","48","16","218","773","0","28.2","19.92"
"10","009","00","018","1812","0000","268","201","67","51","319","937","0","34.04","21.45"
"10","009","00","018","1812","0166","268","201","67","51","319","937","0","34.04","21.45"
"10","009","00","018","1813","0000","456","355","101","92","548","1718","0","31.9","20.66"
"10","009","00","018","1813","0171","208","160","48","54","262","885","0","29.6","18.08"
"10","009","00","018","1813","0172","248","195","53","38","286","833","0","34.33","23.41"
"10","009","00","018","1814","0000","279","206","73","45","324","785","0","41.27","26.24"
"10","009","00","018","1814","0173","279","206","73","45","324","785","0","41.27","26.24"
"10","009","00","018","1815","0000","286","215","71","49","335","705","0","47.52","30.5"
"10","009","00","018","1815","0174","286","215","71","49","335","705","0","47.52","30.5"
"10","009","00","018","1816","0000","253","198","55","28","281","927","0","30.31","21.36"
"10","009","00","018","1816","0175","253","198","55","28","281","927","0","30.31","21.36"
"10","009","00","018","1817","0000","347","251","96","58","405","1071","0","37.82","23.44"
"10","009","00","018","1817","0177","347","251","96","58","405","1071","0","37.82","23.44"
"10","009","00","018","1818","0000","245","186","59","21","266","1022","0","26.03","18.2"
"10","009","00","018","1818","0178","245","186","59","21","266","1022","0","26.03","18.2"
"10","009","00","018","1819","0000","237","170","67","40","277","711","0","38.96","23.91"
"10","009","00","018","1819","0179","237","170","67","40","277","711","0","38.96","23.91"
"10","009","00","018","1820","0000","180","128","52","45","225","555","0","40.54","23.06"
"10","009","00","018","1820","0168","180","128","52","45","225","555","0","40.54","23.06"
"10","009","00","018","1821","0000","295","226","69","81","376","1058","0","35.54","21.36"
"10","009","00","018","1821","0176","295","226","69","81","376","1058","0","35.54","21.36"
"10","009","00","019","0000","0000","9559","7192","2367","1578","11137","24193","27383","46.03","29.73"
"10","009","00","019","1901","0000","548","418","130","116","664","1225","0","54.2","34.12"
"10","009","00","019","1901","0206","548","418","130","116","664","1225","0","54.2","34.12"
"10","009","00","019","1902","0000","505","361","144","70","575","1134","0","50.71","31.83"
"10","009","00","019","1902","0205","505","361","144","70","575","1134","0","50.71","31.83"
"10","009","00","019","1903","0000","226","176","50","45","271","647","0","41.89","27.2"
"10","009","00","019","1903","0207","226","176","50","45","271","647","0","41.89","27.2"
"10","009","00","019","1904","0000","344","264","80","81","425","900","0","47.22","29.33"
"10","009","00","019","1904","0209","344","264","80","81","425","900","0","47.22","29.33"
"10","009","00","019","1905","0000","308","234","74","28","336","709","0","47.39","33.0"
"10","009","00","019","1905","0208","308","234","74","28","336","709","0","47.39","33.0"
"10","009","00","019","1906","0000","415","307","108","81","496","1011","0","49.06","30.37"
"10","009","00","019","1906","0210","415","307","108","81","496","1011","0","49.06","30.37"
"10","009","00","019","1907","0000","488","381","107","34","522","1437","0","36.33","26.51"
"10","009","00","019","1907","0211","488","381","107","34","522","1437","0","36.33","26.51"
"10","009","00","019","1908","0000","649","478","171","47","696","2041","0","34.1","23.42"
"10","009","00","019","1908","0212","237","174","63","8","245","848","0","28.89","20.52"
"10","009","00","019","1908","0213","412","304","108","39","451","1193","0","37.8","25.48"
"10","009","00","019","1909","0000","539","391","148","116","655","1574","0","41.61","24.84"
"10","009","00","019","1909","0214","231","168","63","57","288","759","0","37.94","22.13"
"10","009","00","019","1909","0215","308","223","85","59","367","815","0","45.03","27.36"
"10","009","00","019","1910","0000","620","460","160","96","716","1460","0","49.04","31.51"
"10","009","00","019","1910","0216","620","460","160","96","716","1460","0","49.04","31.51"
"10","009","00","019","1911","0000","151","104","47","13","164","556","0","29.5","18.71"
"10","009","00","019","1911","0217","151","104","47","13","164","556","0","29.5","18.71"
"10","009","00","019","1912","0000","606","480","126","85","691","1532","0","45.1","31.33"
"10","009","00","019","1912","0218","606","480","126","85","691","1532","0","45.1","31.33"
"10","009","00","019","1913","0000","342","246","96","18","360","847","0","42.5","29.04"
"10","009","00","019","1913","0219","342","246","96","18","360","847","0","42.5","29.04"
"10","009","00","019","1914","0000","794","604","190","218","1012","1882","0","53.77","32.09"
"10","009","00","019","1914","0220","153","122","31","29","182","374","0","48.66","32.62"
"10","009","00","019","1914","0221","641","482","159","189","830","1508","0","55.04","31.96"
"10","009","00","019","1915","0000","443","348","95","76","519","951","0","54.57","36.59"
"10","009","00","019","1915","0222","443","348","95","76","519","951","0","54.57","36.59"
"10","009","00","019","1916","0000","330","237","93","36","366","1006","0","36.38","23.56"
"10","009","00","019","1916","0228","330","237","93","36","366","1006","0","36.38","23.56"
"10","009","00","019","1917","0000","398","319","79","59","457","952","0","48.0","33.51"
"10","009","00","019","1917","0226","398","319","79","59","457","952","0","48.0","33.51"
"10","009","00","019","1918","0000","326","234","92","63","389","720","0","54.03","32.5"
"10","009","00","019","1918","0227","326","234","92","63","389","720","0","54.03","32.5"
"10","009","00","019","1919","0000","884","651","233","145","1029","1789","0","57.52","36.39"
"10","009","00","019","1919","0223","422","300","122","95","517","910","0","56.81","32.97"
"10","009","00","019","1919","0224","462","351","111","50","512","879","0","58.25","39.93"
"10","009","00","019","1920","0000","445","346","99","140","585","1213","0","48.23","28.52"
"10","009","00","019","1920","0225","445","346","99","140","585","1213","0","48.23","28.52"
"10","009","00","019","1921","0000","198","153","45","11","209","607","0","34.43","25.21"
"10","009","00","019","1921","0229","198","153","45","11","209","607","0","34.43","25.21"
"10","009","00","020","0000","0000","8247","6110","2137","1214","9461","22508","25426","42.03","27.15"
"10","009","00","020","2001","0000","910","681","229","97","1007","2242","0","44.92","30.37"
"10","009","00","020","2001","0230","536","407","129","69","605","1355","0","44.65","30.04"
"10","009","00","020","2001","0231","374","274","100","28","402","887","0","45.32","30.89"
"10","009","00","020","2002","0000","919","704","215","87","1006","1997","0","50.38","35.25"
"10","009","00","020","2002","0232","594","456","138","66","660","1234","0","53.48","36.95"
"10","009","00","020","2002","0233","325","248","77","21","346","763","0","45.35","32.5"
"10","009","00","020","2003","0000","416","314","102","78","494","1022","0","48.34","30.72"
"10","009","00","020","2003","0253","416","314","102","78","494","1022","0","48.34","30.72"
"10","009","00","020","2004","0000","424","323","101","45","469","1191","0","39.38","27.12"
"10","009","00","020","2004","0254","424","323","101","45","469","1191","0","39.38","27.12"
"10","009","00","020","2005","0000","396","287","109","94","490","1006","0","48.71","28.53"
"10","009","00","020","2005","0240","396","287","109","94","490","1006","0","48.71","28.53"
"10","009","00","020","2006","0000","245","188","57","13","258","651","0","39.63","28.88"
"10","009","00","020","2006","0241","245","188","57","13","258","651","0","39.63","28.88"
"10","009","00","020","2007","0000","214","157","57","23","237","607","0","39.04","25.86"
"10","009","00","020","2007","0242","214","157","57","23","237","607","0","39.04","25.86"
"10","009","00","020","2008","0000","356","253","103","73","429","1033","0","41.53","24.49"
"10","009","00","020","2008","0243","356","253","103","73","429","1033","0","41.53","24.49"
"10","009","00","020","2009","0000","183","141","42","14","197","631","0","31.22","22.35"
"10","009","00","020","2009","0244","183","141","42","14","197","631","0","31.22","22.35"
"10","009","00","020","2010","0000","340","250","90","65","405","961","0","42.14","26.01"
"10","009","00","020","2010","0245","340","250","90","65","405","961","0","42.14","26.01"
"10","009","00","020","2011","0000","262","136","126","41","303","721","0","42.02","18.86"
"10","009","00","020","2011","0234","262","136","126","41","303","721","0","42.02","18.86"
"10","009","00","020","2012","0000","209","168","41","13","222","647","0","34.31","25.97"
"10","009","00","020","2012","0235","209","168","41","13","222","647","0","34.31","25.97"
"10","009","00","020","2013","0000","345","270","75","23","368","1081","0","34.04","24.98"
"10","009","00","020","2013","0238","345","270","75","23","368","1081","0","34.04","24.98"
"10","009","00","020","2014","0000","363","274","89","65","428","989","0","43.28","27.7"
"10","009","00","020","2014","0236","363","274","89","65","428","989","0","43.28","27.7"
"10","009","00","020","2015","0000","274","193","81","29","303","837","0","36.2","23.06"
"10","009","00","020","2015","0237","274","193","81","29","303","837","0","36.2","23.06"
"10","009","00","020","2016","0000","334","242","92","84","418","951","0","43.95","25.45"
"10","009","00","020","2016","0246","334","242","92","84","418","951","0","43.95","25.45"
"10","009","00","020","2017","0000","319","221","98","40","359","838","0","42.84","26.37"
"10","009","00","020","2017","0247","319","221","98","40","359","838","0","42.84","26.37"
"10","009","00","020","2018","0000","403","319","84","97","500","1055","0","47.39","30.24"
"10","009","00","020","2018","0248","403","319","84","97","500","1055","0","47.39","30.24"
"10","009","00","020","2019","0000","132","102","30","35","167","512","0","32.62","19.92"
"10","009","00","020","2019","0249","132","102","30","35","167","512","0","32.62","19.92"
"10","009","00","020","2020","0000","209","155","54","20","229","671","0","34.13","23.1"
"10","009","00","020","2020","0250","209","155","54","20","229","671","0","34.13","23.1"
"10","009","00","020","2021","0000","168","119","49","45","213","693","0","30.74","17.17"
"10","009","00","020","2021","0251","168","119","49","45","213","693","0","30.74","17.17"
"10","009","00","020","2022","0000","194","136","58","45","239","689","0","34.69","19.74"
"10","009","00","020","2022","0252","194","136","58","45","239","689","0","34.69","19.74"
"10","009","00","020","2023","0000","270","196","74","46","316","704","0","44.89","27.84"
"10","009","00","020","2023","0239","270","196","74","46","316","704","0","44.89","27.84"
"10","009","00","020","2024","0000","362","281","81","42","404","779","0","51.86","36.07"
"10","009","00","020","2024","0255","362","281","81","42","404","779","0","51.86","36.07"
"10","010","00","000","0000","0000","195172","145827","49345","24257","219429","442775","507780","49.56","32.93"
"10","010","00","001","0000","0000","14798","10962","3836","1601","16399","31568","38048","51.95","34.73"
"10","010","00","001","0101","0000","1127","873","254","129","1256","2286","0","54.94","38.19"
"10","010","00","001","0101","0001","593","463","130","84","677","1210","0","55.95","38.26"
"10","010","00","001","0101","0002","534","410","124","45","579","1076","0","53.81","38.1"
"10","010","00","001","0102","0000","205","152","53","29","234","488","0","47.95","31.15"
"10","010","00","001","0102","0003","205","152","53","29","234","488","0","47.95","31.15"
"10","010","00","001","0103","0000","641","450","191","73","714","1475","0","48.41","30.51"
"10","010","00","001","0103","0004","641","450","191","73","714","1475","0","48.41","30.51"
"10","010","00","001","0104","0000","724","549","175","85","809","1673","0","48.36","32.82"
"10","010","00","001","0104","0005","321","238","83","38","359","790","0","45.44","30.13"
"10","010","00","001","0104","0006","403","311","92","47","450","883","0","50.96","35.22"
"10","010","00","001","0105","0000","479","378","101","63","542","1147","0","47.25","32.96"
"10","010","00","001","0105","0007","334","267","67","57","391","758","0","51.58","35.22"
"10","010","00","001","0105","0008","145","111","34","6","151","389","0","38.82","28.53"
"10","010","00","001","0106","0000","447","313","134","64","511","1101","0","46.41","28.43"
"10","010","00","001","0106","0009","447","313","134","64","511","1101","0","46.41","28.43"
"10","010","00","001","0107","0000","395","305","90","15","410","853","0","48.07","35.76"
"10","010","00","001","0107","0010","395","305","90","15","410","853","0","48.07","35.76"
"10","010","00","001","0108","0000","799","607","192","54","853","1692","0","50.41","35.87"
"10","010","00","001","0108","0014","389","287","102","31","420","913","0","46.0","31.43"
"10","010","00","001","0108","0015","410","320","90","23","433","779","0","55.58","41.08"
"10","010","00","001","0109","0000","590","415","175","113","703","1278","0","55.01","32.47"
"10","010","00","001","0109","0016","590","415","175","113","703","1278","0","55.01","32.47"
"10","010","00","001","0110","0000","1072","790","282","78","1150","2392","0","48.08","33.03"
"10","010","00","001","0110","0017","347","252","95","37","384","819","0","46.89","30.77"
"10","010","00","001","0110","0018","725","538","187","41","766","1573","0","48.7","34.2"
"10","010","00","001","0111","0000","367","281","86","33","400","726","0","55.1","38.71"
"10","010","00","001","0111","0019","232","177","55","27","259","481","0","53.85","36.8"
"10","010","00","001","0111","0020","135","104","31","6","141","245","0","57.55","42.45"
"10","010","00","001","0112","0000","257","201","56","32","289","575","0","50.26","34.96"
"10","010","00","001","0112","0021","147","116","31","22","169","317","0","53.31","36.59"
"10","010","00","001","0112","0022","110","85","25","10","120","258","0","46.51","32.95"
"10","010","00","001","0113","0000","1643","1167","476","161","1804","3333","0","54.13","35.01"
"10","010","00","001","0113","0023","273","200","73","60","333","611","0","54.5","32.73"
"10","010","00","001","0113","0024","760","543","217","68","828","1526","0","54.26","35.58"
"10","010","00","001","0113","0025","610","424","186","33","643","1196","0","53.76","35.45"
"10","010","00","001","0114","0000","2197","1606","591","256","2453","4467","0","54.91","35.95"
"10","010","00","001","0114","0026","733","536","197","104","837","1536","0","54.49","34.9"
"10","010","00","001","0114","0027","735","524","211","90","825","1481","0","55.71","35.38"
"10","010","00","001","0114","0028","729","546","183","62","791","1450","0","54.55","37.66"
"10","010","00","001","0115","0000","828","598","230","59","887","1829","0","48.5","32.7"
"10","010","00","001","0115","0029","362","267","95","25","387","840","0","46.07","31.79"
"10","010","00","001","0115","0030","466","331","135","34","500","989","0","50.56","33.47"
"10","010","00","001","0116","0000","1492","1090","402","199","1691","3040","0","55.63","35.86"
"10","010","00","001","0116","0031","743","566","177","103","846","1529","0","55.33","37.02"
"10","010","00","001","0116","0032","749","524","225","96","845","1511","0","55.92","34.68"
"10","010","00","001","0117","0000","274","199","75","47","321","697","0","46.05","28.55"
"10","010","00","001","0117","0033","274","199","75","47","321","697","0","46.05","28.55"
"10","010","00","001","0118","0000","1261","988","273","111","1372","2516","0","54.53","39.27"
"10","010","00","001","0118","0011","79","54","25","13","92","224","0","41.07","24.11"
"10","010","00","001","0118","0012","259","198","61","59","318","662","0","48.04","29.91"
"10","010","00","001","0118","0013","923","736","187","39","962","1630","0","59.02","45.15"
"10","010","00","002","0000","0000","15844","12009","3835","2053","17897","35191","42143","50.86","34.13"
"10","010","00","002","0201","0000","947","713","234","109","1056","1938","0","54.49","36.79"
"10","010","00","002","0201","0233","590","457","133","54","644","1183","0","54.44","38.63"
"10","010","00","002","0201","0234","357","256","101","55","412","755","0","54.57","33.91"
"10","010","00","002","0202","0000","1195","897","298","121","1316","2331","0","56.46","38.48"
"10","010","00","002","0202","0235","622","473","149","44","666","1253","0","53.15","37.75"
"10","010","00","002","0202","0236","573","424","149","77","650","1078","0","60.3","39.33"
"10","010","00","002","0203","0000","594","484","110","91","685","1117","0","61.32","43.33"
"10","010","00","002","0203","0237","594","484","110","91","685","1117","0","61.32","43.33"
"10","010","00","002","0204","0000","204","149","55","26","230","387","0","59.43","38.5"
"10","010","00","002","0204","0238","204","149","55","26","230","387","0","59.43","38.5"
"10","010","00","002","0205","0000","311","243","68","48","359","633","0","56.71","38.39"
"10","010","00","002","0205","0239","311","243","68","48","359","633","0","56.71","38.39"
"10","010","00","002","0206","0000","320","280","40","40","360","650","0","55.38","43.08"
"10","010","00","002","0206","0240","320","280","40","40","360","650","0","55.38","43.08"
"10","010","00","002","0207","0000","459","358","101","57","516","825","0","62.55","43.39"
"10","010","00","002","0207","0241","459","358","101","57","516","825","0","62.55","43.39"
"10","010","00","002","0208","0000","852","667","185","139","991","1750","0","56.63","38.11"
"10","010","00","002","0208","0242","381","298","83","63","444","810","0","54.81","36.79"
"10","010","00","002","0208","0243","471","369","102","76","547","940","0","58.19","39.26"
"10","010","00","002","0209","0000","1109","805","304","133","1242","2510","0","49.48","32.07"
"10","010","00","002","0209","0244","414","301","113","66","480","905","0","53.04","33.26"
"10","010","00","002","0209","0245","695","504","191","67","762","1605","0","47.48","31.4"
"10","010","00","002","0210","0000","2169","1648","521","228","2397","4193","0","57.17","39.3"
"10","010","00","002","0210","0246","773","599","174","69","842","1479","0","56.93","40.5"
"10","010","00","002","0210","0247","617","448","169","82","699","1218","0","57.39","36.78"
"10","010","00","002","0210","0248","779","601","178","77","856","1496","0","57.22","40.17"
"10","010","00","002","0211","0000","305","215","90","45","350","667","0","52.47","32.23"
"10","010","00","002","0211","0249","305","215","90","45","350","667","0","52.47","32.23"
"10","010","00","002","0212","0000","211","152","59","33","244","627","0","38.92","24.24"
"10","010","00","002","0212","0250","211","152","59","33","244","627","0","38.92","24.24"
"10","010","00","002","0213","0000","339","260","79","57","396","791","0","50.06","32.87"
"10","010","00","002","0213","0251","339","260","79","57","396","791","0","50.06","32.87"
"10","010","00","002","0214","0000","461","345","116","112","573","1034","0","55.42","33.37"
"10","010","00","002","0214","0252","461","345","116","112","573","1034","0","55.42","33.37"
"10","010","00","002","0215","0000","762","574","188","35","797","1710","0","46.61","33.57"
"10","010","00","002","0215","0253","762","574","188","35","797","1710","0","46.61","33.57"
"10","010","00","002","0216","0000","1254","970","284","111","1365","3218","0","42.42","30.14"
"10","010","00","002","0216","0254","699","548","151","54","753","1671","0","45.06","32.79"
"10","010","00","002","0216","0255","555","422","133","57","612","1547","0","39.56","27.28"
"10","010","00","002","0217","0000","1251","944","307","125","1376","2904","0","47.38","32.51"
"10","010","00","002","0217","0256","556","400","156","85","641","1602","0","40.01","24.97"
"10","010","00","002","0217","0257","695","544","151","40","735","1302","0","56.45","41.78"
"10","010","00","002","0218","0000","315","245","70","61","376","740","0","50.81","33.11"
"10","010","00","002","0218","0258","315","245","70","61","376","740","0","50.81","33.11"
"10","010","00","002","0219","0000","537","408","129","82","619","1054","0","58.73","38.71"
"10","010","00","002","0219","0259","537","408","129","82","619","1054","0","58.73","38.71"
"10","010","00","002","0220","0000","323","241","82","23","346","907","0","38.15","26.57"
"10","010","00","002","0220","0260","323","241","82","23","346","907","0","38.15","26.57"
"10","010","00","002","0221","0000","116","84","32","30","146","251","0","58.17","33.47"
"10","010","00","002","0221","0262","116","84","32","30","146","251","0","58.17","33.47"
"10","010","00","002","0222","0000","258","186","72","46","304","720","0","42.22","25.83"
"10","010","00","002","0222","0261","258","186","72","46","304","720","0","42.22","25.83"
"10","010","00","002","0223","0000","272","199","73","62","334","767","0","43.55","25.95"
"10","010","00","002","0223","0263","272","199","73","62","334","767","0","43.55","25.95"
"10","010","00","002","0224","0000","326","227","99","63","389","702","0","55.41","32.34"
"10","010","00","002","0224","0264","326","227","99","63","389","702","0","55.41","32.34"
"10","010","00","002","0225","0000","414","304","110","71","485","1038","0","46.72","29.29"
"10","010","00","002","0225","0265","414","304","110","71","485","1038","0","46.72","29.29"
"10","010","00","002","0226","0000","348","272","76","40","388","1228","0","31.6","22.15"
"10","010","00","002","0226","0266","348","272","76","40","388","1228","0","31.6","22.15"
"10","010","00","002","0227","0000","192","139","53","65","257","499","0","51.5","27.86"
"10","010","00","002","0227","0267","192","139","53","65","257","499","0","51.5","27.86"
"10","010","00","003","0000","0000","9875","7385","2490","1525","11400","23965","26846","47.57","30.82"
"10","010","00","003","0301","0000","253","203","50","39","292","614","0","47.56","33.06"
"10","010","00","003","0301","0325","253","203","50","39","292","614","0","47.56","33.06"
"10","010","00","003","0302","0000","150","113","37","16","166","372","0","44.62","30.38"
"10","010","00","003","0302","0326","150","113","37","16","166","372","0","44.62","30.38"
"10","010","00","003","0303","0000","934","719","215","202","1136","2112","0","53.79","34.04"
"10","010","00","003","0303","0327","406","311","95","99","505","914","0","55.25","34.03"
"10","010","00","003","0303","0328","528","408","120","103","631","1198","0","52.67","34.06"
"10","010","00","003","0304","0000","436","342","94","86","522","1113","0","46.9","30.73"
"10","010","00","003","0304","0329","436","342","94","86","522","1113","0","46.9","30.73"
"10","010","00","003","0305","0000","753","580","173","107","860","1681","0","51.16","34.5"
"10","010","00","003","0305","0330","445","341","104","91","536","992","0","54.03","34.38"
"10","010","00","003","0305","0331","308","239","69","16","324","689","0","47.02","34.69"
"10","010","00","003","0306","0000","373","285","88","78","451","882","0","51.13","32.31"
"10","010","00","003","0306","0332","373","285","88","78","451","882","0","51.13","32.31"
"10","010","00","003","0307","0000","334","265","69","45","379","731","0","51.85","36.25"
"10","010","00","003","0307","0333","334","265","69","45","379","731","0","51.85","36.25"
"10","010","00","003","0308","0000","367","293","74","51","418","779","0","53.66","37.61"
"10","010","00","003","0308","0334","367","293","74","51","418","779","0","53.66","37.61"
"10","010","00","003","0309","0000","388","294","94","63","451","953","0","47.32","30.85"
"10","010","00","003","0309","0349","388","294","94","63","451","953","0","47.32","30.85"
"10","010","00","003","0310","0000","608","447","161","79","687","1292","0","53.17","34.6"
"10","010","00","003","0310","0350","608","447","161","79","687","1292","0","53.17","34.6"
"10","010","00","003","0311","0000","1065","805","260","110","1175","2371","0","49.56","33.95"
"10","010","00","003","0311","0351","528","395","133","72","600","1127","0","53.24","35.05"
"10","010","00","003","0311","0352","537","410","127","38","575","1244","0","46.22","32.96"
"10","010","00","003","0312","0000","425","304","121","28","453","1106","0","40.96","27.49"
"10","010","00","003","0312","0353","425","304","121","28","453","1106","0","40.96","27.49"
"10","010","00","003","0313","0000","457","352","105","75","532","1145","0","46.46","30.74"
"10","010","00","003","0313","0342","457","352","105","75","532","1145","0","46.46","30.74"
"10","010","00","003","0314","0000","773","569","204","94","867","1894","0","45.78","30.04"
"10","010","00","003","0314","0343","372","269","103","42","414","936","0","44.23","28.74"
"10","010","00","003","0314","0344","401","300","101","52","453","958","0","47.29","31.32"
"10","010","00","003","0315","0000","118","93","25","16","134","298","0","44.97","31.21"
"10","010","00","003","0315","0345","118","93","25","16","134","298","0","44.97","31.21"
"10","010","00","003","0316","0000","206","44","162","37","243","428","0","56.78","10.28"
"10","010","00","003","0316","0346","206","44","162","37","243","428","0","56.78","10.28"
"10","010","00","003","0317","0000","88","65","23","11","99","295","0","33.56","22.03"
"10","010","00","003","0317","0347","44","31","13","6","50","121","0","41.32","25.62"
"10","010","00","003","0317","0348","44","34","10","5","49","174","0","28.16","19.54"
"10","010","00","003","0318","0000","295","229","66","45","340","762","0","44.62","30.05"
"10","010","00","003","0318","0335","295","229","66","45","340","762","0","44.62","30.05"
"10","010","00","003","0319","0000","454","350","104","66","520","1184","0","43.92","29.56"
"10","010","00","003","0319","0336","454","350","104","66","520","1184","0","43.92","29.56"
"10","010","00","003","0320","0000","460","337","123","79","539","1351","0","39.9","24.94"
"10","010","00","003","0320","0338","460","337","123","79","539","1351","0","39.9","24.94"
"10","010","00","003","0321","0000","485","365","120","73","558","1423","0","39.21","25.65"
"10","010","00","003","0321","0337","485","365","120","73","558","1423","0","39.21","25.65"
"10","010","00","003","0322","0000","189","130","59","26","215","518","0","41.51","25.1"
"10","010","00","003","0322","0339","100","69","31","6","106","275","0","38.55","25.09"
"10","010","00","003","0322","0340","89","61","28","20","109","243","0","44.86","25.1"
"10","010","00","003","0323","0000","264","201","63","99","363","661","0","54.92","30.41"
"10","010","00","003","0323","0341","264","201","63","99","363","661","0","54.92","30.41"
"10","010","00","004","0000","0000","12143","9111","3032","1408","13551","26922","30954","50.33","33.84"
"10","010","00","004","0401","0000","221","158","63","43","264","483","0","54.66","32.71"
"10","010","00","004","0401","0169","221","158","63","43","264","483","0","54.66","32.71"
"10","010","00","004","0402","0000","922","704","218","89","1011","1823","0","55.46","38.62"
"10","010","00","004","0402","0170","922","704","218","89","1011","1823","0","55.46","38.62"
"10","010","00","004","0403","0000","477","342","135","35","512","955","0","53.61","35.81"
"10","010","00","004","0403","0171","477","342","135","35","512","955","0","53.61","35.81"
"10","010","00","004","0404","0000","2850","2124","726","285","3135","5874","0","53.37","36.16"
"10","010","00","004","0404","0172","666","508","158","49","715","1436","0","49.79","35.38"
"10","010","00","004","0404","0173","648","476","172","71","719","1390","0","51.73","34.24"
"10","010","00","004","0404","0174","746","558","188","97","843","1512","0","55.75","36.9"
"10","010","00","004","0404","0175","790","582","208","68","858","1536","0","55.86","37.89"
"10","010","00","004","0405","0000","498","387","111","49","547","1165","0","46.95","33.22"
"10","010","00","004","0405","0176","498","387","111","49","547","1165","0","46.95","33.22"
"10","010","00","004","0406","0000","927","694","233","82","1009","1730","0","58.32","40.12"
"10","010","00","004","0406","0177","927","694","233","82","1009","1730","0","58.32","40.12"
"10","010","00","004","0407","0000","218","169","49","20","238","602","0","39.53","28.07"
"10","010","00","004","0407","0178","218","169","49","20","238","602","0","39.53","28.07"
"10","010","00","004","0408","0000","276","200","76","81","357","716","0","49.86","27.93"
"10","010","00","004","0408","0179","276","200","76","81","357","716","0","49.86","27.93"
"10","010","00","004","0409","0000","185","143","42","17","202","625","0","32.32","22.88"
"10","010","00","004","0409","0180","185","143","42","17","202","625","0","32.32","22.88"
"10","010","00","004","0410","0000","67","49","18","1","68","193","0","35.23","25.39"
"10","010","00","004","0410","0181","67","49","18","1","68","193","0","35.23","25.39"
"10","010","00","004","0411","0000","667","489","178","84","751","1642","0","45.74","29.78"
"10","010","00","004","0411","0182","667","489","178","84","751","1642","0","45.74","29.78"
"10","010","00","004","0412","0000","673","505","168","83","756","1465","0","51.6","34.47"
"10","010","00","004","0412","0183","673","505","168","83","756","1465","0","51.6","34.47"
"10","010","00","004","0413","0000","479","364","115","90","569","1289","0","44.14","28.24"
"10","010","00","004","0413","0184","350","266","84","60","410","928","0","44.18","28.66"
"10","010","00","004","0413","0185","129","98","31","30","159","361","0","44.04","27.15"
"10","010","00","004","0414","0000","305","239","66","34","339","814","0","41.65","29.36"
"10","010","00","004","0414","0186","305","239","66","34","339","814","0","41.65","29.36"
"10","010","00","004","0415","0000","672","497","175","45","717","1579","0","45.41","31.48"
"10","010","00","004","0415","0187","672","497","175","45","717","1579","0","45.41","31.48"
"10","010","00","004","0416","0000","929","706","223","117","1046","2041","0","51.25","34.59"
"10","010","00","004","0416","0188","929","706","223","117","1046","2041","0","51.25","34.59"
"10","010","00","004","0417","0000","407","289","118","67","474","931","0","50.91","31.04"
"10","010","00","004","0417","0189","407","289","118","67","474","931","0","50.91","31.04"
"10","010","00","004","0418","0000","298","234","64","45","343","675","0","50.81","34.67"
"10","010","00","004","0418","0190","298","234","64","45","343","675","0","50.81","34.67"
"10","010","00","004","0419","0000","279","216","63","32","311","655","0","47.48","32.98"
"10","010","00","004","0419","0191","279","216","63","32","311","655","0","47.48","32.98"
"10","010","00","004","0420","0000","351","289","62","52","403","833","0","48.38","34.69"
"10","010","00","004","0420","0192","351","289","62","52","403","833","0","48.38","34.69"
"10","010","00","004","0421","0000","442","313","129","57","499","832","0","59.98","37.62"
"10","010","00","004","0421","0193","442","313","129","57","499","832","0","59.98","37.62"
"10","010","00","005","0000","0000","29164","21538","7626","3313","32477","61209","71327","53.06","35.19"
"10","010","00","005","0501","0000","1151","880","271","104","1255","2297","0","54.64","38.31"
"10","010","00","005","0501","0093","668","514","154","62","730","1267","0","57.62","40.57"
"10","010","00","005","0501","0094","483","366","117","42","525","1030","0","50.97","35.53"
"10","010","00","005","0502","0000","893","620","273","46","939","1590","0","59.06","38.99"
"10","010","00","005","0502","0095","893","620","273","46","939","1590","0","59.06","38.99"
"10","010","00","005","0503","0000","1646","1235","411","137","1783","3391","0","52.58","36.42"
"10","010","00","005","0503","0096","769","599","170","46","815","1673","0","48.71","35.8"
"10","010","00","005","0503","0097","877","636","241","91","968","1718","0","56.34","37.02"
"10","010","00","005","0504","0000","1081","829","252","126","1207","2140","0","56.4","38.74"
"10","010","00","005","0504","0098","556","440","116","58","614","1040","0","59.04","42.31"
"10","010","00","005","0504","0099","525","389","136","68","593","1100","0","53.91","35.36"
"10","010","00","005","0505","0000","705","510","195","90","795","1559","0","50.99","32.71"
"10","010","00","005","0505","0100","705","510","195","90","795","1559","0","50.99","32.71"
"10","010","00","005","0506","0000","841","597","244","96","937","1862","0","50.32","32.06"
"10","010","00","005","0506","0101","841","597","244","96","937","1862","0","50.32","32.06"
"10","010","00","005","0507","0000","734","538","196","74","808","1435","0","56.31","37.49"
"10","010","00","005","0507","0102","734","538","196","74","808","1435","0","56.31","37.49"
"10","010","00","005","0508","0000","735","509","226","171","906","1751","0","51.74","29.07"
"10","010","00","005","0508","0103","735","509","226","171","906","1751","0","51.74","29.07"
"10","010","00","005","0509","0000","452","340","112","68","520","933","0","55.73","36.44"
"10","010","00","005","0509","0104","452","340","112","68","520","933","0","55.73","36.44"
"10","010","00","005","0510","0000","454","311","143","62","516","827","0","62.39","37.61"
"10","010","00","005","0510","0105","454","311","143","62","516","827","0","62.39","37.61"
"10","010","00","005","0511","0000","327","226","101","64","391","843","0","46.38","26.81"
"10","010","00","005","0511","0106","327","226","101","64","391","843","0","46.38","26.81"
"10","010","00","005","0512","0000","1006","745","261","113","1119","2159","0","51.83","34.51"
"10","010","00","005","0512","0107","847","635","212","90","937","1774","0","52.82","35.79"
"10","010","00","005","0512","0108","159","110","49","23","182","385","0","47.27","28.57"
"10","010","00","005","0513","0000","696","519","177","49","745","1306","0","57.04","39.74"
"10","010","00","005","0513","0109","696","519","177","49","745","1306","0","57.04","39.74"
"10","010","00","005","0514","0000","272","193","79","48","320","535","0","59.81","36.07"
"10","010","00","005","0514","0110","272","193","79","48","320","535","0","59.81","36.07"
"10","010","00","005","0515","0000","529","387","142","83","612","1055","0","58.01","36.68"
"10","010","00","005","0515","0111","529","387","142","83","612","1055","0","58.01","36.68"
"10","010","00","005","0516","0000","839","608","231","114","953","1875","0","50.83","32.43"
"10","010","00","005","0516","0127","839","608","231","114","953","1875","0","50.83","32.43"
"10","010","00","005","0517","0000","1325","995","330","146","1471","2746","0","53.57","36.23"
"10","010","00","005","0517","0128","669","495","174","64","733","1305","0","56.17","37.93"
"10","010","00","005","0517","0129","656","500","156","82","738","1441","0","51.21","34.7"
"10","010","00","005","0518","0000","983","702","281","132","1115","2004","0","55.64","35.03"
"10","010","00","005","0518","0132","983","702","281","132","1115","2004","0","55.64","35.03"
"10","010","00","005","0519","0000","1273","982","291","120","1393","2430","0","57.33","40.41"
"10","010","00","005","0519","0133","720","563","157","75","795","1354","0","58.71","41.58"
"10","010","00","005","0519","0134","553","419","134","45","598","1076","0","55.58","38.94"
"10","010","00","005","0520","0000","1669","1233","436","229","1898","3606","0","52.63","34.19"
"10","010","00","005","0520","0135","769","560","209","139","908","1629","0","55.74","34.38"
"10","010","00","005","0520","0136","900","673","227","90","990","1977","0","50.08","34.04"
"10","010","00","005","0521","0000","585","398","187","98","683","1295","0","52.74","30.73"
"10","010","00","005","0521","0137","585","398","187","98","683","1295","0","52.74","30.73"
"10","010","00","005","0522","0000","2369","1771","598","234","2603","5171","0","50.34","34.25"
"10","010","00","005","0522","0112","727","545","182","67","794","1476","0","53.79","36.92"
"10","010","00","005","0522","0113","728","547","181","66","794","1583","0","50.16","34.55"
"10","010","00","005","0522","0114","302","223","79","39","341","758","0","44.99","29.42"
"10","010","00","005","0522","0115","612","456","156","62","674","1354","0","49.78","33.68"
"10","010","00","005","0523","0000","1174","876","298","156","1330","2377","0","55.95","36.85"
"10","010","00","005","0523","0116","588","436","152","96","684","1202","0","56.91","36.27"
"10","010","00","005","0523","0117","586","440","146","60","646","1175","0","54.98","37.45"
"10","010","00","005","0524","0000","1061","801","260","134","1195","2371","0","50.4","33.78"
"10","010","00","005","0524","0122","427","334","93","62","489","1019","0","47.99","32.78"
"10","010","00","005","0524","0123","634","467","167","72","706","1352","0","52.22","34.54"
"10","010","00","005","0525","0000","1220","898","322","142","1362","2563","0","53.14","35.04"
"10","010","00","005","0525","0124","793","578","215","96","889","1620","0","54.88","35.68"
"10","010","00","005","0525","0125","427","320","107","46","473","943","0","50.16","33.93"
"10","010","00","005","0526","0000","721","511","210","72","793","1720","0","46.1","29.71"
"10","010","00","005","0526","0126","721","511","210","72","793","1720","0","46.1","29.71"
"10","010","00","005","0527","0000","1405","1040","365","178","1583","2973","0","53.25","34.98"
"10","010","00","005","0527","0130","672","499","173","79","751","1413","0","53.15","35.31"
"10","010","00","005","0527","0131","733","541","192","99","832","1560","0","53.33","34.68"
"10","010","00","005","0528","0000","3018","2284","734","227","3245","6395","0","50.74","35.72"
"10","010","00","005","0528","0118","657","506","151","65","722","1423","0","50.74","35.56"
"10","010","00","005","0528","0119","788","609","179","59","847","1612","0","52.54","37.78"
"10","010","00","005","0528","0120","881","651","230","41","922","1695","0","54.4","38.41"
"10","010","00","005","0528","0121","692","518","174","62","754","1665","0","45.29","31.11"
"10","010","00","006","0000","0000","5580","4125","1455","875","6455","13105","14670","49.26","31.48"
"10","010","00","006","0601","0000","633","484","149","115","748","1318","0","56.75","36.72"
"10","010","00","006","0601","0194","633","484","149","115","748","1318","0","56.75","36.72"
"10","010","00","006","0602","0000","336","248","88","54","390","677","0","57.61","36.63"
"10","010","00","006","0602","0195","336","248","88","54","390","677","0","57.61","36.63"
"10","010","00","006","0603","0000","309","229","80","38","347","690","0","50.29","33.19"
"10","010","00","006","0603","0196","180","138","42","19","199","417","0","47.72","33.09"
"10","010","00","006","0603","0197","129","91","38","19","148","273","0","54.21","33.33"
"10","010","00","006","0604","0000","350","255","95","47","397","1003","0","39.58","25.42"
"10","010","00","006","0604","0210","350","255","95","47","397","1003","0","39.58","25.42"
"10","010","00","006","0605","0000","244","185","59","37","281","701","0","40.09","26.39"
"10","010","00","006","0605","0209","244","185","59","37","281","701","0","40.09","26.39"
"10","010","00","006","0606","0000","363","276","87","66","429","786","0","54.58","35.11"
"10","010","00","006","0606","0203","363","276","87","66","429","786","0","54.58","35.11"
"10","010","00","006","0607","0000","324","241","83","58","382","807","0","47.34","29.86"
"10","010","00","006","0607","0204","324","241","83","58","382","807","0","47.34","29.86"
"10","010","00","006","0608","0000","394","301","93","29","423","1168","0","36.22","25.77"
"10","010","00","006","0608","0205","394","301","93","29","423","1168","0","36.22","25.77"
"10","010","00","006","0609","0000","485","343","142","100","585","1052","0","55.61","32.6"
"10","010","00","006","0609","0206","485","343","142","100","585","1052","0","55.61","32.6"
"10","010","00","006","0610","0000","398","296","102","91","489","953","0","51.31","31.06"
"10","010","00","006","0610","0207","222","157","65","63","285","565","0","50.44","27.79"
"10","010","00","006","0610","0208","176","139","37","28","204","388","0","52.58","35.82"
"10","010","00","006","0611","0000","610","445","165","79","689","1294","0","53.25","34.39"
"10","010","00","006","0611","0198","465","333","132","63","528","908","0","58.15","36.67"
"10","010","00","006","0611","0199","145","112","33","16","161","386","0","41.71","29.02"
"10","010","00","006","0612","0000","497","354","143","80","577","1039","0","55.53","34.07"
"10","010","00","006","0612","0200","497","354","143","80","577","1039","0","55.53","34.07"
"10","010","00","006","0613","0000","270","201","69","58","328","708","0","46.33","28.39"
"10","010","00","006","0613","0201","270","201","69","58","328","708","0","46.33","28.39"
"10","010","00","006","0614","0000","367","267","100","23","390","909","0","42.9","29.37"
"10","010","00","006","0614","0202","367","267","100","23","390","909","0","42.9","29.37"
"10","010","00","007","0000","0000","12483","9189","3294","1935","14418","27342","31755","52.73","33.61"
"10","010","00","007","0701","0000","1182","909","273","110","1292","2203","0","58.65","41.26"
"10","010","00","007","0701","0138","517","398","119","40","557","1087","0","51.24","36.61"
"10","010","00","007","0701","0139","665","511","154","70","735","1116","0","65.86","45.79"
"10","010","00","007","0702","0000","709","538","171","136","845","1567","0","53.92","34.33"
"10","010","00","007","0702","0140","351","272","79","57","408","740","0","55.14","36.76"
"10","010","00","007","0702","0141","358","266","92","79","437","827","0","52.84","32.16"
"10","010","00","007","0703","0000","778","556","222","126","904","1472","0","61.41","37.77"
"10","010","00","007","0703","0142","369","273","96","62","431","704","0","61.22","38.78"
"10","010","00","007","0703","0143","409","283","126","64","473","768","0","61.59","36.85"
"10","010","00","007","0704","0000","766","560","206","118","884","1611","0","54.87","34.76"
"10","010","00","007","0704","0144","409","292","117","46","455","761","0","59.79","38.37"
"10","010","00","007","0704","0145","357","268","89","72","429","850","0","50.47","31.53"
"10","010","00","007","0705","0000","601","451","150","94","695","1327","0","52.37","33.99"
"10","010","00","007","0705","0146","601","451","150","94","695","1327","0","52.37","33.99"
"10","010","00","007","0706","0000","712","540","172","166","878","1572","0","55.85","34.35"
"10","010","00","007","0706","0147","349","265","84","68","417","756","0","55.16","35.05"
"10","010","00","007","0706","0148","363","275","88","98","461","816","0","56.5","33.7"
"10","010","00","007","0707","0000","688","492","196","94","782","1609","0","48.6","30.58"
"10","010","00","007","0707","0149","266","188","78","36","302","667","0","45.28","28.19"
"10","010","00","007","0707","0150","422","304","118","58","480","942","0","50.96","32.27"
"10","010","00","007","0708","0000","361","256","105","77","438","918","0","47.71","27.89"
"10","010","00","007","0708","0151","361","256","105","77","438","918","0","47.71","27.89"
"10","010","00","007","0709","0000","212","168","44","11","223","554","0","40.25","30.32"
"10","010","00","007","0709","0152","212","168","44","11","223","554","0","40.25","30.32"
"10","010","00","007","0710","0000","374","281","93","61","435","929","0","46.82","30.25"
"10","010","00","007","0710","0153","374","281","93","61","435","929","0","46.82","30.25"
"10","010","00","007","0711","0000","160","122","38","44","204","487","0","41.89","25.05"
"10","010","00","007","0711","0154","160","122","38","44","204","487","0","41.89","25.05"
"10","010","00","007","0712","0000","221","160","61","49","270","487","0","55.44","32.85"
"10","010","00","007","0712","0155","221","160","61","49","270","487","0","55.44","32.85"
"10","010","00","007","0713","0000","719","472","247","139","858","1681","0","51.04","28.08"
"10","010","00","007","0713","0156","333","210","123","61","394","836","0","47.13","25.12"
"10","010","00","007","0713","0157","386","262","124","78","464","845","0","54.91","31.01"
"10","010","00","007","0714","0000","760","581","179","117","877","1587","0","55.26","36.61"
"10","010","00","007","0714","0158","394","303","91","58","452","834","0","54.2","36.33"
"10","010","00","007","0714","0159","366","278","88","59","425","753","0","56.44","36.92"
"10","010","00","007","0715","0000","620","425","195","81","701","1328","0","52.79","32.0"
"10","010","00","007","0715","0160","620","425","195","81","701","1328","0","52.79","32.0"
"10","010","00","007","0716","0000","753","569","184","88","841","1400","0","60.07","40.64"
"10","010","00","007","0716","0163","753","569","184","88","841","1400","0","60.07","40.64"
"10","010","00","007","0717","0000","528","394","134","88","616","1043","0","59.06","37.78"
"10","010","00","007","0717","0162","528","394","134","88","616","1043","0","59.06","37.78"
"10","010","00","007","0718","0000","487","371","116","65","552","969","0","56.97","38.29"
"10","010","00","007","0718","0161","487","371","116","65","552","969","0","56.97","38.29"
"10","010","00","007","0719","0000","306","231","75","33","339","1017","0","33.33","22.71"
"10","010","00","007","0719","0164","306","231","75","33","339","1017","0","33.33","22.71"
"10","010","00","007","0720","0000","443","320","123","66","509","1132","0","44.96","28.27"
"10","010","00","007","0720","0165","443","320","123","66","509","1132","0","44.96","28.27"
"10","010","00","007","0721","0000","456","332","124","81","537","1037","0","51.78","32.02"
"10","010","00","007","0721","0166","456","332","124","81","537","1037","0","51.78","32.02"
"10","010","00","007","0722","0000","272","201","71","59","331","563","0","58.79","35.7"
"10","010","00","007","0722","0167","272","201","71","59","331","563","0","58.79","35.7"
"10","010","00","007","0723","0000","375","260","115","32","407","849","0","47.94","30.62"
"10","010","00","007","0723","0168","375","260","115","32","407","849","0","47.94","30.62"
"10","010","00","008","0000","0000","7332","5473","1859","1019","8351","20821","23049","40.11","26.29"
"10","010","00","008","0801","0000","439","321","118","40","479","1165","0","41.12","27.55"
"10","010","00","008","0801","0268","439","321","118","40","479","1165","0","41.12","27.55"
"10","010","00","008","0802","0000","244","186","58","20","264","825","0","32.0","22.55"
"10","010","00","008","0802","0269","244","186","58","20","264","825","0","32.0","22.55"
"10","010","00","008","0803","0000","327","244","83","33","360","850","0","42.35","28.71"
"10","010","00","008","0803","0270","327","244","83","33","360","850","0","42.35","28.71"
"10","010","00","008","0804","0000","111","80","31","21","132","222","0","59.46","36.04"
"10","010","00","008","0804","0271","111","80","31","21","132","222","0","59.46","36.04"
"10","010","00","008","0805","0000","519","385","134","66","585","1216","0","48.11","31.66"
"10","010","00","008","0805","0272","519","385","134","66","585","1216","0","48.11","31.66"
"10","010","00","008","0806","0000","383","303","80","52","435","1200","0","36.25","25.25"
"10","010","00","008","0806","0273","383","303","80","52","435","1200","0","36.25","25.25"
"10","010","00","008","0807","0000","354","269","85","55","409","877","0","46.64","30.67"
"10","010","00","008","0807","0274","354","269","85","55","409","877","0","46.64","30.67"
"10","010","00","008","0808","0000","221","170","51","52","273","644","0","42.39","26.4"
"10","010","00","008","0808","0275","221","170","51","52","273","644","0","42.39","26.4"
"10","010","00","008","0809","0000","221","164","57","21","242","761","0","31.8","21.55"
"10","010","00","008","0809","0276","184","134","50","19","203","594","0","34.18","22.56"
"10","010","00","008","0809","0277","37","30","7","2","39","167","0","23.35","17.96"
"10","010","00","008","0810","0000","218","163","55","51","269","714","0","37.68","22.83"
"10","010","00","008","0810","0283","218","163","55","51","269","714","0","37.68","22.83"
"10","010","00","008","0811","0000","423","329","94","60","483","1051","0","45.96","31.3"
"10","010","00","008","0811","0284","423","329","94","60","483","1051","0","45.96","31.3"
"10","010","00","008","0812","0000","410","301","109","72","482","934","0","51.61","32.23"
"10","010","00","008","0812","0285","410","301","109","72","482","934","0","51.61","32.23"
"10","010","00","008","0813","0000","447","346","101","64","511","1044","0","48.95","33.14"
"10","010","00","008","0813","0286","447","346","101","64","511","1044","0","48.95","33.14"
"10","010","00","008","0814","0000","539","410","129","42","581","1476","0","39.36","27.78"
"10","010","00","008","0814","0287","539","410","129","42","581","1476","0","39.36","27.78"
"10","010","00","008","0815","0000","191","145","46","24","215","618","0","34.79","23.46"
"10","010","00","008","0815","0288","191","145","46","24","215","618","0","34.79","23.46"
"10","010","00","008","0816","0000","110","84","26","52","162","478","0","33.89","17.57"
"10","010","00","008","0816","0289","110","84","26","52","162","478","0","33.89","17.57"
"10","010","00","008","0817","0000","188","133","55","44","232","642","0","36.14","20.72"
"10","010","00","008","0817","0290","188","133","55","44","232","642","0","36.14","20.72"
"10","010","00","008","0818","0000","245","176","69","15","260","883","0","29.45","19.93"
"10","010","00","008","0818","0291","245","176","69","15","260","883","0","29.45","19.93"
"10","010","00","008","0819","0000","531","378","153","71","602","1391","0","43.28","27.17"
"10","010","00","008","0819","0278","66","39","27","1","67","204","0","32.84","19.12"
"10","010","00","008","0819","0279","81","58","23","8","89","234","0","38.03","24.79"
"10","010","00","008","0819","0280","112","82","30","9","121","361","0","33.52","22.71"
"10","010","00","008","0819","0281","272","199","73","53","325","592","0","54.9","33.61"
"10","010","00","008","0820","0000","262","182","80","48","310","619","0","50.08","29.4"
"10","010","00","008","0820","0282","262","182","80","48","310","619","0","50.08","29.4"
"10","010","00","008","0821","0000","204","157","47","7","211","739","0","28.55","21.24"
"10","010","00","008","0821","0292","204","157","47","7","211","739","0","28.55","21.24"
"10","010","00","008","0822","0000","182","131","51","33","215","554","0","38.81","23.65"
"10","010","00","008","0822","0293","182","131","51","33","215","554","0","38.81","23.65"
"10","010","00","008","0823","0000","177","132","45","24","201","649","0","30.97","20.34"
"10","010","00","008","0823","0294","177","132","45","24","201","649","0","30.97","20.34"
"10","010","00","008","0824","0000","206","158","48","24","230","689","0","33.38","22.93"
"10","010","00","008","0824","0295","206","158","48","24","230","689","0","33.38","22.93"
"10","010","00","008","0825","0000","180","126","54","28","208","580","0","35.86","21.72"
"10","010","00","008","0825","0296","147","102","45","24","171","455","0","37.58","22.42"
"10","010","00","008","0825","0297","33","24","9","4","37","125","0","29.6","19.2"
"10","010","00","009","0000","0000","7245","5381","1864","1233","8478","21915","24658","38.69","24.55"
"10","010","00","009","0901","0000","689","494","195","111","800","1915","0","41.78","25.8"
"10","010","00","009","0901","0298","689","494","195","111","800","1915","0","41.78","25.8"
"10","010","00","009","0902","0000","298","213","85","69","367","938","0","39.13","22.71"
"10","010","00","009","0902","0299","298","213","85","69","367","938","0","39.13","22.71"
"10","010","00","009","0903","0000","343","238","105","31","374","1366","0","27.38","17.42"
"10","010","00","009","0903","0300","343","238","105","31","374","1366","0","27.38","17.42"
"10","010","00","009","0904","0000","557","413","144","5","562","1676","0","33.53","24.64"
"10","010","00","009","0904","0301","557","413","144","5","562","1676","0","33.53","24.64"
"10","010","00","009","0905","0000","370","278","92","95","465","1151","0","40.4","24.15"
"10","010","00","009","0905","0302","370","278","92","95","465","1151","0","40.4","24.15"
"10","010","00","009","0906","0000","238","172","66","82","320","716","0","44.69","24.02"
"10","010","00","009","0906","0303","238","172","66","82","320","716","0","44.69","24.02"
"10","010","00","009","0907","0000","116","88","28","8","124","387","0","32.04","22.74"
"10","010","00","009","0907","0304","116","88","28","8","124","387","0","32.04","22.74"
"10","010","00","009","0908","0000","219","173","46","12","231","864","0","26.74","20.02"
"10","010","00","009","0908","0305","219","173","46","12","231","864","0","26.74","20.02"
"10","010","00","009","0909","0000","245","181","64","21","266","910","0","29.23","19.89"
"10","010","00","009","0909","0306","245","181","64","21","266","910","0","29.23","19.89"
"10","010","00","009","0910","0000","222","174","48","16","238","760","0","31.32","22.89"
"10","010","00","009","0910","0307","222","174","48","16","238","760","0","31.32","22.89"
"10","010","00","009","0911","0000","131","95","36","31","162","378","0","42.86","25.13"
"10","010","00","009","0911","0308","70","48","22","15","85","166","0","51.2","28.92"
"10","010","00","009","0911","0309","61","47","14","16","77","212","0","36.32","22.17"
"10","010","00","009","0912","0000","278","218","60","44","322","993","0","32.43","21.95"
"10","010","00","009","0912","0310","278","218","60","44","322","993","0","32.43","21.95"
"10","010","00","009","0913","0000","448","341","107","104","552","1226","0","45.02","27.81"
"10","010","00","009","0913","0314","448","341","107","104","552","1226","0","45.02","27.81"
"10","010","00","009","0914","0000","296","211","85","66","362","843","0","42.94","25.03"
"10","010","00","009","0914","0315","296","211","85","66","362","843","0","42.94","25.03"
"10","010","00","009","0915","0000","247","190","57","34","281","693","0","40.55","27.42"
"10","010","00","009","0915","0316","247","190","57","34","281","693","0","40.55","27.42"
"10","010","00","009","0916","0000","347","264","83","65","412","839","0","49.11","31.47"
"10","010","00","009","0916","0317","347","264","83","65","412","839","0","49.11","31.47"
"10","010","00","009","0917","0000","227","185","42","26","253","684","0","36.99","27.05"
"10","010","00","009","0917","0318","129","108","21","16","145","363","0","39.94","29.75"
"10","010","00","009","0917","0319","98","77","21","10","108","321","0","33.64","23.99"
"10","010","00","009","0918","0000","488","347","141","108","596","1083","0","55.03","32.04"
"10","010","00","009","0918","0320","488","347","141","108","596","1083","0","55.03","32.04"
"10","010","00","009","0919","0000","355","253","102","55","410","901","0","45.5","28.08"
"10","010","00","009","0919","0321","355","253","102","55","410","901","0","45.5","28.08"
"10","010","00","009","0920","0000","329","262","67","36","365","1216","0","30.02","21.55"
"10","010","00","009","0920","0322","329","262","67","36","365","1216","0","30.02","21.55"
"10","010","00","009","0921","0000","343","254","89","61","404","789","0","51.2","32.19"
"10","010","00","009","0921","0323","202","137","65","47","249","418","0","59.57","32.78"
"10","010","00","009","0921","0324","141","117","24","14","155","371","0","41.78","31.54"
"10","010","00","009","0922","0000","97","72","25","14","111","306","0","36.27","23.53"
"10","010","00","009","0922","0311","97","72","25","14","111","306","0","36.27","23.53"
"10","010","00","009","0923","0000","362","265","97","139","501","1281","0","39.11","20.69"
"10","010","00","009","0923","0312","301","217","84","110","411","1046","0","39.29","20.75"
"10","010","00","009","0923","0313","61","48","13","29","90","235","0","38.3","20.43"
"10","010","00","010","0000","0000","7227","5431","1796","1014","8241","16647","18297","49.5","32.62"
"10","010","00","010","1001","0000","309","237","72","51","360","705","0","51.06","33.62"
"10","010","00","010","1001","0354","199","154","45","31","230","482","0","47.72","31.95"
"10","010","00","010","1001","0355","110","83","27","20","130","223","0","58.3","37.22"
"10","010","00","010","1002","0000","722","538","184","87","809","1529","0","52.91","35.19"
"10","010","00","010","1002","0356","722","538","184","87","809","1529","0","52.91","35.19"
"10","010","00","010","1003","0000","574","443","131","77","651","1175","0","55.4","37.7"
"10","010","00","010","1003","0357","574","443","131","77","651","1175","0","55.4","37.7"
"10","010","00","010","1004","0000","482","348","134","61","543","886","0","61.29","39.28"
"10","010","00","010","1004","0358","482","348","134","61","543","886","0","61.29","39.28"
"10","010","00","010","1005","0000","290","207","83","44","334","743","0","44.95","27.86"
"10","010","00","010","1005","0359","290","207","83","44","334","743","0","44.95","27.86"
"10","010","00","010","1006","0000","574","419","155","100","674","1236","0","54.53","33.9"
"10","010","00","010","1006","0360","574","419","155","100","674","1236","0","54.53","33.9"
"10","010","00","010","1007","0000","168","134","34","26","194","377","0","51.46","35.54"
"10","010","00","010","1007","0361","168","134","34","26","194","377","0","51.46","35.54"
"10","010","00","010","1008","0000","184","145","39","27","211","440","0","47.95","32.95"
"10","010","00","010","1008","0362","129","100","29","23","152","338","0","44.97","29.59"
"10","010","00","010","1008","0363","55","45","10","4","59","102","0","57.84","44.12"
"10","010","00","010","1009","0000","304","240","64","23","327","763","0","42.86","31.45"
"10","010","00","010","1009","0364","304","240","64","23","327","763","0","42.86","31.45"
"10","010","00","010","1010","0000","210","152","58","29","239","429","0","55.71","35.43"
"10","010","00","010","1010","0365","210","152","58","29","239","429","0","55.71","35.43"
"10","010","00","010","1011","0000","182","144","38","24","206","427","0","48.24","33.72"
"10","010","00","010","1011","0366","182","144","38","24","206","427","0","48.24","33.72"
"10","010","00","010","1012","0000","279","205","74","50","329","607","0","54.2","33.77"
"10","010","00","010","1012","0367","279","205","74","50","329","607","0","54.2","33.77"
"10","010","00","010","1013","0000","599","458","141","60","659","1486","0","44.35","30.82"
"10","010","00","010","1013","0368","599","458","141","60","659","1486","0","44.35","30.82"
"10","010","00","010","1014","0000","404","299","105","72","476","835","0","57.01","35.81"
"10","010","00","010","1014","0369","404","299","105","72","476","835","0","57.01","35.81"
"10","010","00","010","1015","0000","284","218","66","69","353","816","0","43.26","26.72"
"10","010","00","010","1015","0370","284","218","66","69","353","816","0","43.26","26.72"
"10","010","00","010","1016","0000","315","229","86","66","381","833","0","45.74","27.49"
"10","010","00","010","1016","0371","315","229","86","66","381","833","0","45.74","27.49"
"10","010","00","010","1017","0000","195","145","50","16","211","433","0","48.73","33.49"
"10","010","00","010","1017","0372","195","145","50","16","211","433","0","48.73","33.49"
"10","010","00","010","1018","0000","231","187","44","7","238","558","0","42.65","33.51"
"10","010","00","010","1018","0373","231","187","44","7","238","558","0","42.65","33.51"
"10","010","00","010","1019","0000","310","225","85","51","361","742","0","48.65","30.32"
"10","010","00","010","1019","0374","261","189","72","49","310","602","0","51.5","31.4"
"10","010","00","010","1019","0375","49","36","13","2","51","140","0","36.43","25.71"
"10","010","00","010","1020","0000","149","110","39","26","175","393","0","44.53","27.99"
"10","010","00","010","1020","0376","149","110","39","26","175","393","0","44.53","27.99"
"10","010","00","010","1021","0000","256","194","62","28","284","585","0","48.55","33.16"
"10","010","00","010","1021","0377","256","194","62","28","284","585","0","48.55","33.16"
"10","010","00","010","1022","0000","206","154","52","20","226","649","0","34.82","23.73"
"10","010","00","010","1022","0378","151","119","32","8","159","526","0","30.23","22.62"
"10","010","00","010","1022","0379","55","35","20","12","67","123","0","54.47","28.46"
"10","010","00","011","0000","0000","5447","4098","1349","1042","6489","13937","15422","46.56","29.4"
"10","010","00","011","1101","0000","188","132","56","52","240","522","0","45.98","25.29"
"10","010","00","011","1101","0034","188","132","56","52","240","522","0","45.98","25.29"
"10","010","00","011","1102","0000","252","182","70","47","299","563","0","53.11","32.33"
"10","010","00","011","1102","0035","252","182","70","47","299","563","0","53.11","32.33"
"10","010","00","011","1103","0000","543","405","138","95","638","1304","0","48.93","31.06"
"10","010","00","011","1103","0036","543","405","138","95","638","1304","0","48.93","31.06"
"10","010","00","011","1104","0000","583","424","159","74","657","1312","0","50.08","32.32"
"10","010","00","011","1104","0037","583","424","159","74","657","1312","0","50.08","32.32"
"10","010","00","011","1105","0000","228","183","45","10","238","738","0","32.25","24.8"
"10","010","00","011","1105","0038","123","94","29","5","128","320","0","40.0","29.38"
"10","010","00","011","1105","0039","105","89","16","5","110","418","0","26.32","21.29"
"10","010","00","011","1106","0000","364","279","85","73","437","1025","0","42.63","27.22"
"10","010","00","011","1106","0040","364","279","85","73","437","1025","0","42.63","27.22"
"10","010","00","011","1107","0000","162","113","49","23","185","451","0","41.02","25.06"
"10","010","00","011","1107","0041","162","113","49","23","185","451","0","41.02","25.06"
"10","010","00","011","1108","0000","333","258","75","110","443","830","0","53.37","31.08"
"10","010","00","011","1108","0042","333","258","75","110","443","830","0","53.37","31.08"
"10","010","00","011","1109","0000","404","290","114","85","489","1050","0","46.57","27.62"
"10","010","00","011","1109","0043","404","290","114","85","489","1050","0","46.57","27.62"
"10","010","00","011","1110","0000","325","256","69","74","399","972","0","41.05","26.34"
"10","010","00","011","1110","0044","325","256","69","74","399","972","0","41.05","26.34"
"10","010","00","011","1111","0000","370","283","87","70","440","962","0","45.74","29.42"
"10","010","00","011","1111","0045","370","283","87","70","440","962","0","45.74","29.42"
"10","010","00","011","1112","0000","387","282","105","92","479","940","0","50.96","30.0"
"10","010","00","011","1112","0046","285","205","80","57","342","678","0","50.44","30.24"
"10","010","00","011","1112","0047","102","77","25","35","137","262","0","52.29","29.39"
"10","010","00","011","1113","0000","420","323","97","75","495","1212","0","40.84","26.65"
"10","010","00","011","1113","0048","329","252","77","61","390","906","0","43.05","27.81"
"10","010","00","011","1113","0049","91","71","20","14","105","306","0","34.31","23.2"
"10","010","00","011","1114","0000","619","472","147","110","729","1435","0","50.8","32.89"
"10","010","00","011","1114","0050","454","353","101","80","534","1062","0","50.28","33.24"
"10","010","00","011","1114","0051","165","119","46","30","195","373","0","52.28","31.9"
"10","010","00","011","1115","0000","269","216","53","52","321","621","0","51.69","34.78"
"10","010","00","011","1115","0052","146","114","32","29","175","324","0","54.01","35.19"
"10","010","00","011","1115","0053","123","102","21","23","146","297","0","49.16","34.34"
"10","010","00","012","0000","0000","20656","15249","5407","2205","22861","43857","49406","52.13","34.77"
"10","010","00","012","1201","0000","1886","1392","494","168","2054","3971","0","51.73","35.05"
"10","010","00","012","1201","0054","478","349","129","24","502","1024","0","49.02","34.08"
"10","010","00","012","1201","0055","547","397","150","65","612","1015","0","60.3","39.11"
"10","010","00","012","1201","0056","861","646","215","79","940","1932","0","48.65","33.44"
"10","010","00","012","1202","0000","1298","959","339","144","1442","2475","0","58.26","38.75"
"10","010","00","012","1202","0057","622","462","160","55","677","1170","0","57.86","39.49"
"10","010","00","012","1202","0058","676","497","179","89","765","1305","0","58.62","38.08"
"10","010","00","012","1203","0000","829","616","213","106","935","1564","0","59.78","39.39"
"10","010","00","012","1203","0066","357","268","89","49","406","626","0","64.86","42.81"
"10","010","00","012","1203","0067","305","231","74","32","337","570","0","59.12","40.53"
"10","010","00","012","1203","0068","167","117","50","25","192","368","0","52.17","31.79"
"10","010","00","012","1204","0000","934","671","263","175","1109","2102","0","52.76","31.92"
"10","010","00","012","1204","0069","432","303","129","103","535","1037","0","51.59","29.22"
"10","010","00","012","1204","0070","502","368","134","72","574","1065","0","53.9","34.55"
"10","010","00","012","1205","0000","427","309","118","80","507","802","0","63.22","38.53"
"10","010","00","012","1205","0071","427","309","118","80","507","802","0","63.22","38.53"
"10","010","00","012","1206","0000","694","510","184","81","775","1566","0","49.49","32.57"
"10","010","00","012","1206","0059","550","412","138","64","614","1242","0","49.44","33.17"
"10","010","00","012","1206","0060","144","98","46","17","161","324","0","49.69","30.25"
"10","010","00","012","1207","0000","847","648","199","113","960","1838","0","52.23","35.26"
"10","010","00","012","1207","0061","303","225","78","21","324","622","0","52.09","36.17"
"10","010","00","012","1207","0062","544","423","121","92","636","1216","0","52.3","34.79"
"10","010","00","012","1208","0000","965","722","243","73","1038","1791","0","57.96","40.31"
"10","010","00","012","1208","0063","524","400","124","34","558","1020","0","54.71","39.22"
"10","010","00","012","1208","0064","441","322","119","39","480","771","0","62.26","41.76"
"10","010","00","012","1209","0000","249","186","63","27","276","441","0","62.59","42.18"
"10","010","00","012","1209","0065","249","186","63","27","276","441","0","62.59","42.18"
"10","010","00","012","1210","0000","344","262","82","27","371","641","0","57.88","40.87"
"10","010","00","012","1210","0074","344","262","82","27","371","641","0","57.88","40.87"
"10","010","00","012","1211","0000","211","167","44","13","224","408","0","54.9","40.93"
"10","010","00","012","1211","0075","211","167","44","13","224","408","0","54.9","40.93"
"10","010","00","012","1212","0000","642","462","180","84","726","1363","0","53.26","33.9"
"10","010","00","012","1212","0076","412","300","112","45","457","794","0","57.56","37.78"
"10","010","00","012","1212","0077","230","162","68","39","269","569","0","47.28","28.47"
"10","010","00","012","1213","0000","864","639","225","48","912","1948","0","46.82","32.8"
"10","010","00","012","1213","0072","864","639","225","48","912","1948","0","46.82","32.8"
"10","010","00","012","1214","0000","458","334","124","65","523","1028","0","50.88","32.49"
"10","010","00","012","1214","0073","458","334","124","65","523","1028","0","50.88","32.49"
"10","010","00","012","1215","0000","999","704","295","111","1110","2035","0","54.55","34.59"
"10","010","00","012","1215","0080","999","704","295","111","1110","2035","0","54.55","34.59"
"10","010","00","012","1216","0000","900","663","237","113","1013","1987","0","50.98","33.37"
"10","010","00","012","1216","0081","900","663","237","113","1013","1987","0","50.98","33.37"
"10","010","00","012","1217","0000","917","694","223","86","1003","1766","0","56.8","39.3"
"10","010","00","012","1217","0078","408","312","96","43","451","806","0","55.96","38.71"
"10","010","00","012","1217","0079","509","382","127","43","552","960","0","57.5","39.79"
"10","010","00","012","1218","0000","1891","1395","496","159","2050","4310","0","47.56","32.37"
"10","010","00","012","1218","0083","1035","770","265","83","1118","2208","0","50.63","34.87"
"10","010","00","012","1218","0084","856","625","231","76","932","2102","0","44.34","29.73"
"10","010","00","012","1219","0000","1398","1011","387","164","1562","2980","0","52.42","33.93"
"10","010","00","012","1219","0085","578","426","152","77","655","1309","0","50.04","32.54"
"10","010","00","012","1219","0086","820","585","235","87","907","1671","0","54.28","35.01"
"10","010","00","012","1220","0000","890","635","255","100","990","1919","0","51.59","33.09"
"10","010","00","012","1220","0089","890","635","255","100","990","1919","0","51.59","33.09"
"10","010","00","012","1221","0000","784","578","206","55","839","1772","0","47.35","32.62"
"10","010","00","012","1221","0088","784","578","206","55","839","1772","0","47.35","32.62"
"10","010","00","012","1222","0000","343","249","94","26","369","912","0","40.46","27.3"
"10","010","00","012","1222","0090","343","249","94","26","369","912","0","40.46","27.3"
"10","010","00","012","1223","0000","439","323","116","31","470","992","0","47.38","32.56"
"10","010","00","012","1223","0091","439","323","116","31","470","992","0","47.38","32.56"
"10","010","00","012","1224","0000","493","382","111","70","563","1270","0","44.33","30.08"
"10","010","00","012","1224","0092","493","382","111","70","563","1270","0","44.33","30.08"
"10","010","00","012","1225","0000","564","441","123","36","600","1154","0","51.99","38.21"
"10","010","00","012","1225","0082","564","441","123","36","600","1154","0","51.99","38.21"
"10","010","00","012","1226","0000","390","297","93","50","440","822","0","53.53","36.13"
"10","010","00","012","1226","0087","390","297","93","50","440","822","0","53.53","36.13"
"10","010","00","013","0000","0000","16182","12092","4090","1719","17901","39139","44605","45.74","30.9"
"10","010","00","013","1301","0000","720","528","192","99","819","1809","0","45.27","29.19"
"10","010","00","013","1301","0392","720","528","192","99","819","1809","0","45.27","29.19"
"10","010","00","013","1302","0000","417","302","115","34","451","953","0","47.32","31.69"
"10","010","00","013","1302","0393","417","302","115","34","451","953","0","47.32","31.69"
"10","010","00","013","1303","0000","304","228","76","14","318","828","0","38.41","27.54"
"10","010","00","013","1303","0401","304","228","76","14","318","828","0","38.41","27.54"
"10","010","00","013","1304","0000","342","245","97","49","391","879","0","44.48","27.87"
"10","010","00","013","1304","0400","342","245","97","49","391","879","0","44.48","27.87"
"10","010","00","013","1305","0000","594","434","160","73","667","1441","0","46.29","30.12"
"10","010","00","013","1305","0394","594","434","160","73","667","1441","0","46.29","30.12"
"10","010","00","013","1306","0000","1127","834","293","114","1241","2834","0","43.79","29.43"
"10","010","00","013","1306","0380","388","294","94","16","404","1046","0","38.62","28.11"
"10","010","00","013","1306","0381","739","540","199","98","837","1788","0","46.81","30.2"
"10","010","00","013","1307","0000","1413","1025","388","124","1537","3311","0","46.42","30.96"
"10","010","00","013","1307","0382","704","495","209","61","765","1730","0","44.22","28.61"
"10","010","00","013","1307","0383","709","530","179","63","772","1581","0","48.83","33.52"
"10","010","00","013","1308","0000","3023","2292","731","220","3243","7060","0","45.93","32.46"
"10","010","00","013","1308","0384","636","486","150","45","681","1594","0","42.72","30.49"
"10","010","00","013","1308","0385","826","619","207","55","881","1801","0","48.92","34.37"
"10","010","00","013","1308","0386","830","639","191","81","911","1862","0","48.93","34.32"
"10","010","00","013","1308","0387","731","548","183","39","770","1803","0","42.71","30.39"
"10","010","00","013","1309","0000","2501","1872","629","277","2778","5642","0","49.24","33.18"
"10","010","00","013","1309","0388","703","541","162","65","768","1481","0","51.86","36.53"
"10","010","00","013","1309","0389","645","502","143","75","720","1366","0","52.71","36.75"
"10","010","00","013","1309","0390","623","441","182","87","710","1599","0","44.4","27.58"
"10","010","00","013","1309","0391","530","388","142","50","580","1196","0","48.49","32.44"
"10","010","00","013","1310","0000","795","597","198","70","865","1882","0","45.96","31.72"
"10","010","00","013","1310","0395","795","597","198","70","865","1882","0","45.96","31.72"
"10","010","00","013","1311","0000","472","355","117","28","500","1470","0","34.01","24.15"
"10","010","00","013","1311","0396","472","355","117","28","500","1470","0","34.01","24.15"
"10","010","00","013","1312","0000","810","639","171","113","923","2121","0","43.52","30.13"
"10","010","00","013","1312","0397","655","514","141","95","750","1699","0","44.14","30.25"
"10","010","00","013","1312","0398","155","125","30","18","173","422","0","41.0","29.62"
"10","010","00","013","1313","0000","445","327","118","69","514","1030","0","49.9","31.75"
"10","010","00","013","1313","0399","445","327","118","69","514","1030","0","49.9","31.75"
"10","010","00","013","1314","0000","570","436","134","77","647","1177","0","54.97","37.04"
"10","010","00","013","1314","0402","439","344","95","60","499","881","0","56.64","39.05"
"10","010","00","013","1314","0403","131","92","39","17","148","296","0","50.0","31.08"
"10","010","00","013","1315","0000","378","275","103","101","479","979","0","48.93","28.09"
"10","010","00","013","1315","0404","378","275","103","101","479","979","0","48.93","28.09"
"10","010","00","013","1316","0000","654","488","166","56","710","1938","0","36.64","25.18"
"10","010","00","013","1316","0405","480","356","124","42","522","1268","0","41.17","28.08"
"10","010","00","013","1316","0406","174","132","42","14","188","670","0","28.06","19.7"
"10","010","00","013","1317","0000","262","202","60","29","291","741","0","39.27","27.26"
"10","010","00","013","1317","0409","262","202","60","29","291","741","0","39.27","27.26"
"10","010","00","013","1318","0000","407","301","106","42","449","1000","0","44.9","30.1"
"10","010","00","013","1318","0410","202","160","42","6","208","518","0","40.15","30.89"
"10","010","00","013","1318","0411","205","141","64","36","241","482","0","50.0","29.25"
"10","010","00","013","1319","0000","311","238","73","44","355","648","0","54.78","36.73"
"10","010","00","013","1319","0408","311","238","73","44","355","648","0","54.78","36.73"
"10","010","00","013","1320","0000","367","271","96","64","431","754","0","57.16","35.94"
"10","010","00","013","1320","0407","367","271","96","64","431","754","0","57.16","35.94"
"10","010","00","013","1321","0000","135","98","37","8","143","348","0","41.09","28.16"
"10","010","00","013","1321","0412","135","98","37","8","143","348","0","41.09","28.16"
"10","010","00","013","1322","0000","135","105","30","14","149","294","0","50.68","35.71"
"10","010","00","013","1322","0413","135","105","30","14","149","294","0","50.68","35.71"
"10","010","00","014","0000","0000","14174","10700","3474","1401","15575","31228","35625","49.88","34.26"
"10","010","00","014","1401","0000","1206","925","281","57","1263","2522","0","50.08","36.68"
"10","010","00","014","1401","0414","603","455","148","38","641","1312","0","48.86","34.68"
"10","010","00","014","1401","0415","603","470","133","19","622","1210","0","51.4","38.84"
"10","010","00","014","1402","0000","1050","810","240","98","1148","2198","0","52.23","36.85"
"10","010","00","014","1402","0416","503","389","114","50","553","991","0","55.8","39.25"
"10","010","00","014","1402","0417","547","421","126","48","595","1207","0","49.3","34.88"
"10","010","00","014","1403","0000","286","200","86","16","302","752","0","40.16","26.6"
"10","010","00","014","1403","0418","286","200","86","16","302","752","0","40.16","26.6"
"10","010","00","014","1404","0000","426","310","116","56","482","833","0","57.86","37.21"
"10","010","00","014","1404","0419","426","310","116","56","482","833","0","57.86","37.21"
"10","010","00","014","1405","0000","600","405","195","89","689","1220","0","56.48","33.2"
"10","010","00","014","1405","0420","600","405","195","89","689","1220","0","56.48","33.2"
"10","010","00","014","1406","0000","319","248","71","18","337","616","0","54.71","40.26"
"10","010","00","014","1406","0421","319","248","71","18","337","616","0","54.71","40.26"
"10","010","00","014","1407","0000","463","348","115","65","528","1031","0","51.21","33.75"
"10","010","00","014","1407","0422","463","348","115","65","528","1031","0","51.21","33.75"
"10","010","00","014","1408","0000","2447","1891","556","189","2636","5283","0","49.9","35.79"
"10","010","00","014","1408","0423","583","446","137","84","667","1292","0","51.63","34.52"
"10","010","00","014","1408","0424","1018","781","237","76","1094","1995","0","54.84","39.15"
"10","010","00","014","1408","0425","846","664","182","29","875","1996","0","43.84","33.27"
"10","010","00","014","1409","0000","679","520","159","77","756","1449","0","52.17","35.89"
"10","010","00","014","1409","0426","679","520","159","77","756","1449","0","52.17","35.89"
"10","010","00","014","1410","0000","664","518","146","28","692","1420","0","48.73","36.48"
"10","010","00","014","1410","0427","664","518","146","28","692","1420","0","48.73","36.48"
"10","010","00","014","1411","0000","770","559","211","63","833","1590","0","52.39","35.16"
"10","010","00","014","1411","0428","770","559","211","63","833","1590","0","52.39","35.16"
"10","010","00","014","1412","0000","779","565","214","88","867","1785","0","48.57","31.65"
"10","010","00","014","1412","0429","354","269","85","32","386","771","0","50.06","34.89"
"10","010","00","014","1412","0430","425","296","129","56","481","1014","0","47.44","29.19"
"10","010","00","014","1413","0000","264","193","71","27","291","641","0","45.4","30.11"
"10","010","00","014","1413","0433","264","193","71","27","291","641","0","45.4","30.11"
"10","010","00","014","1414","0000","422","322","100","41","463","1014","0","45.66","31.76"
"10","010","00","014","1414","0431","97","72","25","10","107","327","0","32.72","22.02"
"10","010","00","014","1414","0432","325","250","75","31","356","687","0","51.82","36.39"
"10","010","00","014","1415","0000","371","301","70","40","411","857","0","47.96","35.12"
"10","010","00","014","1415","0434","211","167","44","13","224","474","0","47.26","35.23"
"10","010","00","014","1415","0435","160","134","26","27","187","383","0","48.83","34.99"
"10","010","00","014","1416","0000","316","243","73","57","373","619","0","60.26","39.26"
"10","010","00","014","1416","0436","316","243","73","57","373","619","0","60.26","39.26"
"10","010","00","014","1417","0000","796","585","211","118","914","1782","0","51.29","32.83"
"10","010","00","014","1417","0437","92","70","22","6","98","214","0","45.79","32.71"
"10","010","00","014","1417","0438","704","515","189","112","816","1568","0","52.04","32.84"
"10","010","00","014","1418","0000","244","190","54","45","289","658","0","43.92","28.88"
"10","010","00","014","1418","0439","244","190","54","45","289","658","0","43.92","28.88"
"10","010","00","014","1419","0000","216","163","53","37","253","434","0","58.29","37.56"
"10","010","00","014","1419","0440","216","163","53","37","253","434","0","58.29","37.56"
"10","010","00","014","1420","0000","857","653","204","116","973","1898","0","51.26","34.4"
"10","010","00","014","1420","0441","427","343","84","63","490","917","0","53.44","37.4"
"10","010","00","014","1420","0442","430","310","120","53","483","981","0","49.24","31.6"
"10","010","00","014","1421","0000","317","231","86","24","341","897","0","38.02","25.75"
"10","010","00","014","1421","0443","291","208","83","22","313","789","0","39.67","26.36"
"10","010","00","014","1421","0444","26","23","3","2","28","108","0","25.93","21.3"
"10","010","00","014","1422","0000","46","36","10","4","50","235","0","21.28","15.32"
"10","010","00","014","1422","0445","46","36","10","4","50","235","0","21.28","15.32"
"10","010","00","014","1423","0000","383","277","106","25","408","781","0","52.24","35.47"
"10","010","00","014","1423","0446","129","97","32","6","135","331","0","40.79","29.31"
"10","010","00","014","1423","0447","254","180","74","19","273","450","0","60.67","40.0"
"10","010","00","014","1424","0000","253","207","46","23","276","713","0","38.71","29.03"
"10","010","00","014","1424","0448","166","135","31","6","172","462","0","37.23","29.22"
"10","010","00","014","1424","0449","87","72","15","17","104","251","0","41.43","28.69"
"10","010","00","015","0000","0000","8188","6169","2019","1035","9223","17083","19303","53.99","36.11"
"10","010","00","015","1501","0000","1106","801","305","140","1246","2286","0","54.51","35.04"
"10","010","00","015","1501","0211","468","338","130","44","512","1041","0","49.18","32.47"
"10","010","00","015","1501","0212","638","463","175","96","734","1245","0","58.96","37.19"
"10","010","00","015","1502","0000","509","380","129","54","563","917","0","61.4","41.44"
"10","010","00","015","1502","0213","509","380","129","54","563","917","0","61.4","41.44"
"10","010","00","015","1503","0000","293","231","62","44","337","545","0","61.83","42.39"
"10","010","00","015","1503","0217","293","231","62","44","337","545","0","61.83","42.39"
"10","010","00","015","1504","0000","2139","1636","503","215","2354","4404","0","53.45","37.15"
"10","010","00","015","1504","0214","562","432","130","63","625","1189","0","52.57","36.33"
"10","010","00","015","1504","0215","701","541","160","81","782","1388","0","56.34","38.98"
"10","010","00","015","1504","0216","876","663","213","71","947","1827","0","51.83","36.29"
"10","010","00","015","1505","0000","150","112","38","33","183","407","0","44.96","27.52"
"10","010","00","015","1505","0218","150","112","38","33","183","407","0","44.96","27.52"
"10","010","00","015","1506","0000","293","202","91","37","330","526","0","62.74","38.4"
"10","010","00","015","1506","0223","293","202","91","37","330","526","0","62.74","38.4"
"10","010","00","015","1507","0000","141","101","40","39","180","372","0","48.39","27.15"
"10","010","00","015","1507","0224","141","101","40","39","180","372","0","48.39","27.15"
"10","010","00","015","1508","0000","296","215","81","39","335","636","0","52.67","33.81"
"10","010","00","015","1508","0219","296","215","81","39","335","636","0","52.67","33.81"
"10","010","00","015","1509","0000","830","608","222","82","912","1674","0","54.48","36.32"
"10","010","00","015","1509","0221","830","608","222","82","912","1674","0","54.48","36.32"
"10","010","00","015","1510","0000","273","202","71","57","330","576","0","57.29","35.07"
"10","010","00","015","1510","0220","273","202","71","57","330","576","0","57.29","35.07"
"10","010","00","015","1511","0000","336","253","83","21","357","858","0","41.61","29.49"
"10","010","00","015","1511","0222","336","253","83","21","357","858","0","41.61","29.49"
"10","010","00","015","1512","0000","227","175","52","27","254","506","0","50.2","34.58"
"10","010","00","015","1512","0225","227","175","52","27","254","506","0","50.2","34.58"
"10","010","00","015","1513","0000","124","88","36","21","145","293","0","49.49","30.03"
"10","010","00","015","1513","0228","124","88","36","21","145","293","0","49.49","30.03"
"10","010","00","015","1514","0000","249","213","36","54","303","433","0","69.98","49.19"
"10","010","00","015","1514","0226","249","213","36","54","303","433","0","69.98","49.19"
"10","010","00","015","1515","0000","374","292","82","73","447","712","0","62.78","41.01"
"10","010","00","015","1515","0229","374","292","82","73","447","712","0","62.78","41.01"
"10","010","00","015","1516","0000","333","259","74","40","373","602","0","61.96","43.02"
"10","010","00","015","1516","0230","333","259","74","40","373","602","0","61.96","43.02"
"10","010","00","015","1517","0000","372","292","80","42","414","932","0","44.42","31.33"
"10","010","00","015","1517","0231","221","171","50","29","250","515","0","48.54","33.2"
"10","010","00","015","1517","0232","151","121","30","13","164","417","0","39.33","29.02"
"10","010","00","015","1518","0000","143","109","34","17","160","404","0","39.6","26.98"
"10","010","00","015","1518","0227","143","109","34","17","160","404","0","39.6","26.98"
"10","010","00","016","0000","0000","4990","3888","1102","569","5559","10156","11470","54.74","38.28"
"10","010","00","016","1601","0000","627","490","137","78","705","1174","0","60.05","41.74"
"10","010","00","016","1601","0450","627","490","137","78","705","1174","0","60.05","41.74"
"10","010","00","016","1602","0000","244","196","48","13","257","449","0","57.24","43.65"
"10","010","00","016","1602","0451","244","196","48","13","257","449","0","57.24","43.65"
"10","010","00","016","1603","0000","623","487","136","77","700","1304","0","53.68","37.35"
"10","010","00","016","1603","0452","400","317","83","42","442","753","0","58.7","42.1"
"10","010","00","016","1603","0453","223","170","53","35","258","551","0","46.82","30.85"
"10","010","00","016","1604","0000","908","710","198","93","1001","1791","0","55.89","39.64"
"10","010","00","016","1604","0454","908","710","198","93","1001","1791","0","55.89","39.64"
"10","010","00","016","1605","0000","467","326","141","71","538","849","0","63.37","38.4"
"10","010","00","016","1605","0455","467","326","141","71","538","849","0","63.37","38.4"
"10","010","00","016","1606","0000","441","332","109","48","489","866","0","56.47","38.34"
"10","010","00","016","1606","0456","441","332","109","48","489","866","0","56.47","38.34"
"10","010","00","016","1607","0000","616","490","126","73","689","1244","0","55.39","39.39"
"10","010","00","016","1607","0457","402","335","67","37","439","800","0","54.88","41.88"
"10","010","00","016","1607","0458","214","155","59","36","250","444","0","56.31","34.91"
"10","010","00","016","1608","0000","224","170","54","20","244","635","0","38.43","26.77"
"10","010","00","016","1608","0459","224","170","54","20","244","635","0","38.43","26.77"
"10","010","00","016","1609","0000","466","386","80","52","518","961","0","53.9","40.17"
"10","010","00","016","1609","0460","125","96","29","18","143","319","0","44.83","30.09"
"10","010","00","016","1609","0461","341","290","51","34","375","642","0","58.41","45.17"
"10","010","00","016","1610","0000","195","160","35","33","228","509","0","44.79","31.43"
"10","010","00","016","1610","0462","195","160","35","33","228","509","0","44.79","31.43"
"10","010","00","016","1611","0000","179","141","38","11","190","374","0","50.8","37.7"
"10","010","00","016","1611","0463","77","61","16","0","77","162","0","47.53","37.65"
"10","010","00","016","1611","0464","102","80","22","11","113","212","0","53.3","37.74"
"10","010","00","017","0000","0000","1936","1488","448","177","2113","3999","4592","52.84","37.21"
"10","010","00","017","1701","0000","712","545","167","89","801","1468","0","54.56","37.13"
"10","010","00","017","1701","0465","712","545","167","89","801","1468","0","54.56","37.13"
"10","010","00","017","1702","0000","261","207","54","18","279","624","0","44.71","33.17"
"10","010","00","017","1702","0466","102","89","13","9","111","320","0","34.69","27.81"
"10","010","00","017","1702","0467","159","118","41","9","168","304","0","55.26","38.82"
"10","010","00","017","1703","0000","229","173","56","18","247","418","0","59.09","41.39"
"10","010","00","017","1703","0468","88","65","23","5","93","184","0","50.54","35.33"
"10","010","00","017","1703","0469","141","108","33","13","154","234","0","65.81","46.15"
"10","010","00","017","1704","0000","410","307","103","28","438","920","0","47.61","33.37"
"10","010","00","017","1704","0470","223","179","44","12","235","495","0","47.47","36.16"
"10","010","00","017","1704","0471","100","70","30","2","102","199","0","51.26","35.18"
"10","010","00","017","1704","0472","87","58","29","14","101","226","0","44.69","25.66"
"10","010","00","017","1705","0000","324","256","68","24","348","569","0","61.16","44.99"
"10","010","00","017","1705","0473","324","256","68","24","348","569","0","61.16","44.99"
"10","010","00","018","0000","0000","1908","1539","369","133","2041","4691","5610","43.51","32.81"
"10","010","00","018","1801","0000","160","127","33","9","169","371","0","45.55","34.23"
"10","010","00","018","1801","0474","160","127","33","9","169","371","0","45.55","34.23"
"10","010","00","018","1802","0000","73","60","13","11","84","197","0","42.64","30.46"
"10","010","00","018","1802","0475","73","60","13","11","84","197","0","42.64","30.46"
"10","010","00","018","1803","0000","67","54","13","1","68","152","0","44.74","35.53"
"10","010","00","018","1803","0476","67","54","13","1","68","152","0","44.74","35.53"
"10","010","00","018","1804","0000","86","67","19","9","95","303","0","31.35","22.11"
"10","010","00","018","1804","0477","69","55","14","5","74","231","0","32.03","23.81"
"10","010","00","018","1804","0478","17","12","5","4","21","72","0","29.17","16.67"
"10","010","00","018","1805","0000","147","121","26","17","164","306","0","53.59","39.54"
"10","010","00","018","1805","0480","147","121","26","17","164","306","0","53.59","39.54"
"10","010","00","018","1806","0000","111","97","14","3","114","311","0","36.66","31.19"
"10","010","00","018","1806","0479","111","97","14","3","114","311","0","36.66","31.19"
"10","010","00","018","1807","0000","423","340","83","31","454","827","0","54.9","41.11"
"10","010","00","018","1807","0482","423","340","83","31","454","827","0","54.9","41.11"
"10","010","00","018","1808","0000","399","321","78","12","411","970","0","42.37","33.09"
"10","010","00","018","1808","0481","399","321","78","12","411","970","0","42.37","33.09"
"10","010","00","018","1809","0000","112","91","21","2","114","238","0","47.9","38.24"
"10","010","00","018","1809","0483","112","91","21","2","114","238","0","47.9","38.24"
"10","010","00","018","1810","0000","108","87","21","9","117","479","0","24.43","18.16"
"10","010","00","018","1810","0484","108","87","21","9","117","479","0","24.43","18.16"
"10","010","00","018","1811","0000","87","67","20","7","94","291","0","32.3","23.02"
"10","010","00","018","1811","0485","87","67","20","7","94","291","0","32.3","23.02"
"10","010","00","018","1812","0000","135","107","28","22","157","246","0","63.82","43.5"
"10","010","00","018","1812","0486","135","107","28","22","157","246","0","63.82","43.5"
"10","013","00","000","0000","0000","325532","245566","79966","37095","362627","711720","826779","50.95","34.5"
"10","013","00","001","0000","0000","82246","63176","19070","6383","88629","170148","199807","52.09","37.13"
"10","013","00","001","0101","0000","373","277","96","24","397","713","0","55.68","38.85"
"10","013","00","001","0101","0004","373","277","96","24","397","713","0","55.68","38.85"
"10","013","00","001","0102","0000","140","108","32","0","140","249","0","56.22","43.37"
"10","013","00","001","0102","0007","140","108","32","0","140","249","0","56.22","43.37"
"10","013","00","001","0103","0000","134","91","43","31","165","294","0","56.12","30.95"
"10","013","00","001","0103","0002","134","91","43","31","165","294","0","56.12","30.95"
"10","013","00","001","0104","0000","273","185","88","24","297","582","0","51.03","31.79"
"10","013","00","001","0104","0003","273","185","88","24","297","582","0","51.03","31.79"
"10","013","00","001","0105","0000","261","195","66","19","280","455","0","61.54","42.86"
"10","013","00","001","0105","0006","261","195","66","19","280","455","0","61.54","42.86"
"10","013","00","001","0106","0000","120","81","39","8","128","237","0","54.01","34.18"
"10","013","00","001","0106","0001","120","81","39","8","128","237","0","54.01","34.18"
"10","013","00","001","0107","0000","278","194","84","37","315","572","0","55.07","33.92"
"10","013","00","001","0107","0005","278","194","84","37","315","572","0","55.07","33.92"
"10","013","00","001","0108","0000","384","282","102","52","436","713","0","61.15","39.55"
"10","013","00","001","0108","0010","384","282","102","52","436","713","0","61.15","39.55"
"10","013","00","001","0109","0000","312","233","79","52","364","573","0","63.53","40.66"
"10","013","00","001","0109","0011","312","233","79","52","364","573","0","63.53","40.66"
"10","013","00","001","0110","0000","263","178","85","18","281","409","0","68.7","43.52"
"10","013","00","001","0110","0013","263","178","85","18","281","409","0","68.7","43.52"
"10","013","00","001","0111","0000","177","121","56","22","199","297","0","67.0","40.74"
"10","013","00","001","0111","0012","177","121","56","22","199","297","0","67.0","40.74"
"10","013","00","001","0112","0000","1114","810","304","83","1197","2688","0","44.53","30.13"
"10","013","00","001","0112","0008","540","406","134","36","576","1315","0","43.8","30.87"
"10","013","00","001","0112","0009","574","404","170","47","621","1373","0","45.23","29.42"
"10","013","00","001","0113","0000","229","152","77","18","247","459","0","53.81","33.12"
"10","013","00","001","0113","0017","229","152","77","18","247","459","0","53.81","33.12"
"10","013","00","001","0114","0000","388","275","113","26","414","672","0","61.61","40.92"
"10","013","00","001","0114","0018","388","275","113","26","414","672","0","61.61","40.92"
"10","013","00","001","0115","0000","203","148","55","23","226","421","0","53.68","35.15"
"10","013","00","001","0115","0015","203","148","55","23","226","421","0","53.68","35.15"
"10","013","00","001","0116","0000","309","214","95","13","322","569","0","56.59","37.61"
"10","013","00","001","0116","0016","309","214","95","13","322","569","0","56.59","37.61"
"10","013","00","001","0117","0000","143","98","45","17","160","286","0","55.94","34.27"
"10","013","00","001","0117","0014","143","98","45","17","160","286","0","55.94","34.27"
"10","013","00","001","0118","0000","369","246","123","53","422","668","0","63.17","36.83"
"10","013","00","001","0118","0019","369","246","123","53","422","668","0","63.17","36.83"
"10","013","00","001","0119","0000","218","159","59","18","236","411","0","57.42","38.69"
"10","013","00","001","0119","0020","218","159","59","18","236","411","0","57.42","38.69"
"10","013","00","001","0120","0000","803","592","211","69","872","1554","0","56.11","38.1"
"10","013","00","001","0120","0021","401","283","118","38","439","768","0","57.16","36.85"
"10","013","00","001","0120","0022","402","309","93","31","433","786","0","55.09","39.31"
"10","013","00","001","0121","0000","478","354","124","42","520","890","0","58.43","39.78"
"10","013","00","001","0121","0023","478","354","124","42","520","890","0","58.43","39.78"
"10","013","00","001","0122","0000","1005","773","232","81","1086","1911","0","56.83","40.45"
"10","013","00","001","0122","0039","479","354","125","46","525","939","0","55.91","37.7"
"10","013","00","001","0122","0040","526","419","107","35","561","972","0","57.72","43.11"
"10","013","00","001","0123","0000","1331","969","362","120","1451","2517","0","57.65","38.5"
"10","013","00","001","0123","0034","688","501","187","55","743","1258","0","59.06","39.83"
"10","013","00","001","0123","0035","643","468","175","65","708","1259","0","56.24","37.17"
"10","013","00","001","0124","0000","1870","1466","404","122","1992","3556","0","56.02","41.23"
"10","013","00","001","0124","0036","533","430","103","47","580","1076","0","53.9","39.96"
"10","013","00","001","0124","0037","620","482","138","44","664","1162","0","57.14","41.48"
"10","013","00","001","0124","0038","717","554","163","31","748","1318","0","56.75","42.03"
"10","013","00","001","0125","0000","1999","1553","446","143","2142","4039","0","53.03","38.45"
"10","013","00","001","0125","0031","657","519","138","62","719","1297","0","55.44","40.02"
"10","013","00","001","0125","0032","685","530","155","32","717","1361","0","52.68","38.94"
"10","013","00","001","0125","0033","657","504","153","49","706","1381","0","51.12","36.5"
"10","013","00","001","0126","0000","4809","3703","1106","268","5077","9307","0","54.55","39.79"
"10","013","00","001","0126","0024","713","558","155","47","760","1353","0","56.17","41.24"
"10","013","00","001","0126","0025","689","531","158","36","725","1386","0","52.31","38.31"
"10","013","00","001","0126","0026","725","597","128","37","762","1413","0","53.93","42.25"
"10","013","00","001","0126","0027","645","454","191","43","688","1272","0","54.09","35.69"
"10","013","00","001","0126","0028","661","533","128","31","692","1287","0","53.77","41.41"
"10","013","00","001","0126","0029","707","540","167","50","757","1311","0","57.74","41.19"
"10","013","00","001","0126","0030","669","490","179","24","693","1285","0","53.93","38.13"
"10","013","00","001","0127","0000","631","465","166","109","740","1540","0","48.05","30.19"
"10","013","00","001","0127","0047","631","465","166","109","740","1540","0","48.05","30.19"
"10","013","00","001","0128","0000","524","391","133","67","591","1061","0","55.7","36.85"
"10","013","00","001","0128","0046","524","391","133","67","591","1061","0","55.7","36.85"
"10","013","00","001","0129","0000","485","350","135","22","507","1141","0","44.43","30.67"
"10","013","00","001","0129","0048","485","350","135","22","507","1141","0","44.43","30.67"
"10","013","00","001","0130","0000","3521","2736","785","230","3751","7243","0","51.79","37.77"
"10","013","00","001","0130","0041","819","625","194","44","863","1535","0","56.22","40.72"
"10","013","00","001","0130","0042","628","477","151","44","672","1419","0","47.36","33.62"
"10","013","00","001","0130","0043","631","513","118","37","668","1398","0","47.78","36.7"
"10","013","00","001","0130","0044","670","525","145","63","733","1405","0","52.17","37.37"
"10","013","00","001","0130","0045","773","596","177","42","815","1486","0","54.85","40.11"
"10","013","00","001","0131","0000","2676","2014","662","257","2933","5428","0","54.03","37.1"
"10","013","00","001","0131","0075","711","531","180","96","807","1485","0","54.34","35.76"
"10","013","00","001","0131","0076","699","538","161","69","768","1387","0","55.37","38.79"
"10","013","00","001","0131","0077","445","338","107","35","480","953","0","50.37","35.47"
"10","013","00","001","0131","0078","821","607","214","57","878","1603","0","54.77","37.87"
"10","013","00","001","0132","0000","250","182","68","35","285","535","0","53.27","34.02"
"10","013","00","001","0132","0079","250","182","68","35","285","535","0","53.27","34.02"
"10","013","00","001","0133","0000","1219","909","310","113","1332","2843","0","46.85","31.97"
"10","013","00","001","0133","0089","516","385","131","26","542","1215","0","44.61","31.69"
"10","013","00","001","0133","0090","703","524","179","87","790","1628","0","48.53","32.19"
"10","013","00","001","0134","0000","211","116","95","62","273","867","0","31.49","13.38"
"10","013","00","001","0134","0086","211","116","95","62","273","867","0","31.49","13.38"
"10","013","00","001","0135","0000","485","355","130","37","522","918","0","56.86","38.67"
"10","013","00","001","0135","0087","485","355","130","37","522","918","0","56.86","38.67"
"10","013","00","001","0136","0000","624","503","121","46","670","1209","0","55.42","41.6"
"10","013","00","001","0136","0091","624","503","121","46","670","1209","0","55.42","41.6"
"10","013","00","001","0137","0000","294","217","77","49","343","663","0","51.73","32.73"
"10","013","00","001","0137","0088","294","217","77","49","343","663","0","51.73","32.73"
"10","013","00","001","0138","0000","671","537","134","22","693","1110","0","62.43","48.38"
"10","013","00","001","0138","0092","671","537","134","22","693","1110","0","62.43","48.38"
"10","013","00","001","0139","0000","304","219","85","19","323","684","0","47.22","32.02"
"10","013","00","001","0139","0093","304","219","85","19","323","684","0","47.22","32.02"
"10","013","00","001","0140","0000","3346","2544","802","264","3610","7190","0","50.21","35.38"
"10","013","00","001","0140","0094","530","417","113","32","562","1349","0","41.66","30.91"
"10","013","00","001","0140","0095","642","493","149","68","710","1457","0","48.73","33.84"
"10","013","00","001","0140","0096","746","557","189","51","797","1447","0","55.08","38.49"
"10","013","00","001","0140","0097","622","468","154","37","659","1354","0","48.67","34.56"
"10","013","00","001","0140","0098","806","609","197","76","882","1583","0","55.72","38.47"
"10","013","00","001","0141","0000","1172","902","270","73","1245","2503","0","49.74","36.04"
"10","013","00","001","0141","0072","595","443","152","36","631","1284","0","49.14","34.5"
"10","013","00","001","0141","0073","577","459","118","37","614","1219","0","50.37","37.65"
"10","013","00","001","0142","0000","768","573","195","90","858","1544","0","55.57","37.11"
"10","013","00","001","0142","0074","768","573","195","90","858","1544","0","55.57","37.11"
"10","013","00","001","0143","0000","1066","789","277","107","1173","2266","0","51.77","34.82"
"10","013","00","001","0143","0083","563","402","161","46","609","1227","0","49.63","32.76"
"10","013","00","001","0143","0084","503","387","116","61","564","1039","0","54.28","37.25"
"10","013","00","001","0144","0000","675","501","174","110","785","1485","0","52.86","33.74"
"10","013","00","001","0144","0085","675","501","174","110","785","1485","0","52.86","33.74"
"10","013","00","001","0145","0000","532","417","115","43","575","1119","0","51.39","37.27"
"10","013","00","001","0145","0080","532","417","115","43","575","1119","0","51.39","37.27"
"10","013","00","001","0146","0000","897","675","222","116","1013","1770","0","57.23","38.14"
"10","013","00","001","0146","0081","428","341","87","43","471","847","0","55.61","40.26"
"10","013","00","001","0146","0082","469","334","135","73","542","923","0","58.72","36.19"
"10","013","00","001","0147","0000","130","105","25","5","135","391","0","34.53","26.85"
"10","013","00","001","0147","0060","130","105","25","5","135","391","0","34.53","26.85"
"10","013","00","001","0148","0000","116","97","19","5","121","231","0","52.38","41.99"
"10","013","00","001","0148","0063","116","97","19","5","121","231","0","52.38","41.99"
"10","013","00","001","0149","0000","945","707","238","122","1067","1998","0","53.4","35.39"
"10","013","00","001","0149","0064","461","332","129","61","522","945","0","55.24","35.13"
"10","013","00","001","0149","0065","484","375","109","61","545","1053","0","51.76","35.61"
"10","013","00","001","0150","0000","459","348","111","65","524","1043","0","50.24","33.37"
"10","013","00","001","0150","0066","459","348","111","65","524","1043","0","50.24","33.37"
"10","013","00","001","0151","0000","587","438","149","36","623","1205","0","51.7","36.35"
"10","013","00","001","0151","0071","587","438","149","36","623","1205","0","51.7","36.35"
"10","013","00","001","0153","0000","4101","3129","972","284","4385","8175","0","53.64","38.28"
"10","013","00","001","0153","0052","628","495","133","54","682","1253","0","54.43","39.51"
"10","013","00","001","0153","0053","656","556","100","56","712","1315","0","54.14","42.28"
"10","013","00","001","0153","0054","680","499","181","48","728","1425","0","51.09","35.02"
"10","013","00","001","0153","0055","681","507","174","24","705","1423","0","49.54","35.63"
"10","013","00","001","0153","0056","723","547","176","52","775","1400","0","55.36","39.07"
"10","013","00","001","0153","0057","733","525","208","50","783","1359","0","57.62","38.63"
"10","013","00","001","0154","0000","1298","951","347","183","1481","2922","0","50.68","32.55"
"10","013","00","001","0154","0069","658","483","175","109","767","1468","0","52.25","32.9"
"10","013","00","001","0154","0070","640","468","172","74","714","1454","0","49.11","32.19"
"10","013","00","001","0155","0000","1957","1500","457","130","2087","3996","0","52.23","37.54"
"10","013","00","001","0155","0049","572","442","130","40","612","1247","0","49.08","35.45"
"10","013","00","001","0155","0050","689","541","148","43","732","1446","0","50.62","37.41"
"10","013","00","001","0155","0051","696","517","179","47","743","1303","0","57.02","39.68"
"10","013","00","001","0156","0000","913","652","261","92","1005","1937","0","51.88","33.66"
"10","013","00","001","0156","0067","505","374","131","50","555","1061","0","52.31","35.25"
"10","013","00","001","0156","0068","408","278","130","42","450","876","0","51.37","31.74"
"10","013","00","001","0157","0000","135","100","35","31","166","328","0","50.61","30.49"
"10","013","00","001","0157","0062","135","100","35","31","166","328","0","50.61","30.49"
"10","013","00","001","0158","0000","102","71","31","14","116","200","0","58.0","35.5"
"10","013","00","001","0158","0061","102","71","31","14","116","200","0","58.0","35.5"
"10","013","00","001","0159","0000","904","682","222","58","962","1722","0","55.87","39.61"
"10","013","00","001","0159","0122","426","319","107","33","459","853","0","53.81","37.4"
"10","013","00","001","0159","0123","478","363","115","25","503","869","0","57.88","41.77"
"10","013","00","001","0160","0000","2442","1893","549","170","2612","4870","0","53.63","38.87"
"10","013","00","001","0160","0124","622","484","138","47","669","1169","0","57.23","41.4"
"10","013","00","001","0160","0125","548","427","121","37","585","1058","0","55.29","40.36"
"10","013","00","001","0160","0126","612","480","132","56","668","1344","0","49.7","35.71"
"10","013","00","001","0160","0127","660","502","158","30","690","1299","0","53.12","38.65"
"10","013","00","001","0161","0000","395","312","83","31","426","744","0","57.26","41.94"
"10","013","00","001","0161","0143","395","312","83","31","426","744","0","57.26","41.94"
"10","013","00","001","0162","0000","336","247","89","29","365","678","0","53.83","36.43"
"10","013","00","001","0162","0144","336","247","89","29","365","678","0","53.83","36.43"
"10","013","00","001","0163","0000","360","267","93","34","394","681","0","57.86","39.21"
"10","013","00","001","0163","0145","360","267","93","34","394","681","0","57.86","39.21"
"10","013","00","001","0164","0000","2260","1715","545","142","2402","4705","0","51.05","36.45"
"10","013","00","001","0164","0140","777","566","211","58","835","1491","0","56.0","37.96"
"10","013","00","001","0164","0141","633","494","139","44","677","1411","0","47.98","35.01"
"10","013","00","001","0164","0142","850","655","195","40","890","1803","0","49.36","36.33"
"10","013","00","001","0165","0000","2334","1946","388","152","2486","5541","0","44.87","35.12"
"10","013","00","001","0165","0118","483","380","103","44","527","1683","0","31.31","22.58"
"10","013","00","001","0165","0119","709","683","26","23","732","1497","0","48.9","45.62"
"10","013","00","001","0165","0120","528","385","143","34","562","1129","0","49.78","34.1"
"10","013","00","001","0165","0121","614","498","116","51","665","1232","0","53.98","40.42"
"10","013","00","001","0166","0000","778","643","135","59","837","1920","0","43.59","33.49"
"10","013","00","001","0166","0113","356","294","62","32","388","821","0","47.26","35.81"
"10","013","00","001","0166","0114","422","349","73","27","449","1099","0","40.86","31.76"
"10","013","00","001","0167","0000","1055","821","234","93","1148","2327","0","49.33","35.28"
"10","013","00","001","0167","0128","515","400","115","50","565","1204","0","46.93","33.22"
"10","013","00","001","0167","0129","540","421","119","43","583","1123","0","51.91","37.49"
"10","013","00","001","0168","0000","1217","950","267","98","1315","2404","0","54.7","39.52"
"10","013","00","001","0168","0138","674","535","139","63","737","1289","0","57.18","41.51"
"10","013","00","001","0168","0139","543","415","128","35","578","1115","0","51.84","37.22"
"10","013","00","001","0169","0000","2969","2323","646","180","3149","6072","0","51.86","38.26"
"10","013","00","001","0169","0133","540","427","113","24","564","1215","0","46.42","35.14"
"10","013","00","001","0169","0134","678","544","134","47","725","1370","0","52.92","39.71"
"10","013","00","001","0169","0135","601","460","141","21","622","1240","0","50.16","37.1"
"10","013","00","001","0169","0136","604","454","150","58","662","1168","0","56.68","38.87"
"10","013","00","001","0169","0137","546","438","108","30","576","1079","0","53.38","40.59"
"10","013","00","001","0170","0000","1175","888","287","89","1264","2172","0","58.2","40.88"
"10","013","00","001","0170","0148","564","433","131","51","615","1018","0","60.41","42.53"
"10","013","00","001","0170","0149","611","455","156","38","649","1154","0","56.24","39.43"
"10","013","00","001","0171","0000","966","737","229","104","1070","2082","0","51.39","35.4"
"10","013","00","001","0171","0116","534","410","124","48","582","1167","0","49.87","35.13"
"10","013","00","001","0171","0117","432","327","105","56","488","915","0","53.33","35.74"
"10","013","00","001","0173","0000","5736","4590","1146","253","5989","11833","0","50.61","38.79"
"10","013","00","001","0173","0099","831","673","158","24","855","1707","0","50.09","39.43"
"10","013","00","001","0173","0100","749","598","151","31","780","1637","0","47.65","36.53"
"10","013","00","001","0173","0101","698","522","176","10","708","1459","0","48.53","35.78"
"10","013","00","001","0173","0102","896","723","173","48","944","1759","0","53.67","41.1"
"10","013","00","001","0173","0103","952","772","180","48","1000","1950","0","51.28","39.59"
"10","013","00","001","0173","0104","859","683","176","58","917","1729","0","53.04","39.5"
"10","013","00","001","0173","0105","751","619","132","34","785","1592","0","49.31","38.88"
"10","013","00","001","0174","0000","817","682","135","53","870","1688","0","51.54","40.4"
"10","013","00","001","0174","0115","817","682","135","53","870","1688","0","51.54","40.4"
"10","013","00","001","0175","0000","5458","4412","1046","300","5758","11483","0","50.14","38.42"
"10","013","00","001","0175","0106","665","543","122","54","719","1437","0","50.03","37.79"
"10","013","00","001","0175","0107","568","471","97","34","602","1204","0","50.0","39.12"
"10","013","00","001","0175","0108","683","553","130","49","732","1340","0","54.63","41.27"
"10","013","00","001","0175","0109","673","522","151","44","717","1322","0","54.24","39.49"
"10","013","00","001","0175","0110","664","513","151","34","698","1462","0","47.74","35.09"
"10","013","00","001","0175","0111","1518","1247","271","54","1572","3241","0","48.5","38.48"
"10","013","00","001","0175","0112","687","563","124","31","718","1477","0","48.61","38.12"
"10","013","00","001","0176","0000","536","402","134","45","581","1318","0","44.08","30.5"
"10","013","00","001","0176","0130","536","402","134","45","581","1318","0","44.08","30.5"
"10","013","00","001","0177","0000","455","352","103","59","514","865","0","59.42","40.69"
"10","013","00","001","0177","0131","455","352","103","59","514","865","0","59.42","40.69"
"10","013","00","001","0178","0000","435","337","98","35","470","1100","0","42.73","30.64"
"10","013","00","001","0178","0132","435","337","98","35","470","1100","0","42.73","30.64"
"10","013","00","001","0179","0000","478","355","123","62","540","954","0","56.6","37.21"
"10","013","00","001","0179","0147","478","355","123","62","540","954","0","56.6","37.21"
"10","013","00","001","0180","0000","612","464","148","37","649","1535","0","42.28","30.23"
"10","013","00","001","0180","0146","612","464","148","37","649","1535","0","42.28","30.23"
"10","013","00","001","0181","0000","1451","1208","243","79","1530","2867","0","53.37","42.13"
"10","013","00","001","0181","0058","677","581","96","38","715","1328","0","53.84","43.75"
"10","013","00","001","0181","0059","774","627","147","41","815","1539","0","52.96","40.74"
"10","013","00","002","0000","0000","21731","16580","5151","2123","23854","46444","53924","51.36","35.7"
"10","013","00","002","0201","0000","256","189","67","49","305","504","0","60.52","37.5"
"10","013","00","002","0201","0150","256","189","67","49","305","504","0","60.52","37.5"
"10","013","00","002","0202","0000","314","212","102","62","376","603","0","62.35","35.16"
"10","013","00","002","0202","0154","314","212","102","62","376","603","0","62.35","35.16"
"10","013","00","002","0203","0000","664","485","179","60","724","1245","0","58.15","38.96"
"10","013","00","002","0203","0170","664","485","179","60","724","1245","0","58.15","38.96"
"10","013","00","002","0204","0000","535","399","136","10","545","972","0","56.07","41.05"
"10","013","00","002","0204","0169","535","399","136","10","545","972","0","56.07","41.05"
"10","013","00","002","0205","0000","2114","1643","471","139","2253","4759","0","47.34","34.52"
"10","013","00","002","0205","0151","741","574","167","63","804","1711","0","46.99","33.55"
"10","013","00","002","0205","0152","773","586","187","35","808","1634","0","49.45","35.86"
"10","013","00","002","0205","0153","600","483","117","41","641","1414","0","45.33","34.16"
"10","013","00","002","0206","0000","415","315","100","72","487","896","0","54.35","35.16"
"10","013","00","002","0206","0155","415","315","100","72","487","896","0","54.35","35.16"
"10","013","00","002","0207","0000","2591","1999","592","268","2859","5309","0","53.85","37.65"
"10","013","00","002","0207","0156","595","443","152","73","668","1285","0","51.98","34.47"
"10","013","00","002","0207","0157","801","629","172","70","871","1744","0","49.94","36.07"
"10","013","00","002","0207","0158","561","442","119","53","614","1071","0","57.33","41.27"
"10","013","00","002","0207","0159","634","485","149","72","706","1209","0","58.4","40.12"
"10","013","00","002","0208","0000","3170","2431","739","289","3459","6490","0","53.3","37.46"
"10","013","00","002","0208","0160","549","433","116","55","604","1159","0","52.11","37.36"
"10","013","00","002","0208","0161","595","454","141","55","650","1296","0","50.15","35.03"
"10","013","00","002","0208","0162","730","573","157","57","787","1466","0","53.68","39.09"
"10","013","00","002","0208","0163","581","420","161","64","645","1130","0","57.08","37.17"
"10","013","00","002","0208","0164","715","551","164","58","773","1439","0","53.72","38.29"
"10","013","00","002","0209","0000","1097","857","240","111","1208","2122","0","56.93","40.39"
"10","013","00","002","0209","0165","464","358","106","58","522","897","0","58.19","39.91"
"10","013","00","002","0209","0166","633","499","134","53","686","1225","0","56.0","40.73"
"10","013","00","002","0210","0000","674","514","160","68","742","1415","0","52.44","36.33"
"10","013","00","002","0210","0171","674","514","160","68","742","1415","0","52.44","36.33"
"10","013","00","002","0211","0000","880","670","210","58","938","2313","0","40.55","28.97"
"10","013","00","002","0211","0172","511","385","126","19","530","1255","0","42.23","30.68"
"10","013","00","002","0211","0173","369","285","84","39","408","1058","0","38.56","26.94"
"10","013","00","002","0212","0000","1084","844","240","124","1208","2270","0","53.22","37.18"
"10","013","00","002","0212","0174","561","424","137","51","612","1187","0","51.56","35.72"
"10","013","00","002","0212","0175","523","420","103","73","596","1083","0","55.03","38.78"
"10","013","00","002","0213","0000","3375","2579","796","268","3643","7022","0","51.88","36.73"
"10","013","00","002","0213","0176","693","515","178","52","745","1590","0","46.86","32.39"
"10","013","00","002","0213","0177","772","594","178","79","851","1543","0","55.15","38.5"
"10","013","00","002","0213","0178","751","568","183","56","807","1631","0","49.48","34.83"
"10","013","00","002","0213","0179","586","477","109","35","621","1159","0","53.58","41.16"
"10","013","00","002","0213","0180","573","425","148","46","619","1099","0","56.32","38.67"
"10","013","00","002","0214","0000","534","411","123","55","589","1200","0","49.08","34.25"
"10","013","00","002","0214","0181","534","411","123","55","589","1200","0","49.08","34.25"
"10","013","00","002","0215","0000","626","487","139","78","704","1391","0","50.61","35.01"
"10","013","00","002","0215","0182","626","487","139","78","704","1391","0","50.61","35.01"
"10","013","00","002","0216","0000","448","348","100","61","509","881","0","57.78","39.5"
"10","013","00","002","0216","0183","448","348","100","61","509","881","0","57.78","39.5"
"10","013","00","002","0217","0000","168","120","48","25","193","454","0","42.51","26.43"
"10","013","00","002","0217","0184","168","120","48","25","193","454","0","42.51","26.43"
"10","013","00","002","0218","0000","712","544","168","90","802","1639","0","48.93","33.19"
"10","013","00","002","0218","0167","532","413","119","53","585","1158","0","50.52","35.66"
"10","013","00","002","0218","0168","180","131","49","37","217","481","0","45.11","27.23"
"10","013","00","002","0219","0000","773","581","192","100","873","1658","0","52.65","35.04"
"10","013","00","002","0219","0185","773","581","192","100","873","1658","0","52.65","35.04"
"10","013","00","002","0220","0000","706","512","194","64","770","1770","0","43.5","28.93"
"10","013","00","002","0220","0186","343","251","92","39","382","822","0","46.47","30.54"
"10","013","00","002","0220","0187","363","261","102","25","388","948","0","40.93","27.53"
"10","013","00","002","0221","0000","595","440","155","72","667","1531","0","43.57","28.74"
"10","013","00","002","0221","0188","439","321","118","37","476","1194","0","39.87","26.88"
"10","013","00","002","0221","0189","156","119","37","35","191","337","0","56.68","35.31"
"10","013","00","003","0000","0000","18151","13572","4579","2671","20822","39495","47654","52.72","34.36"
"10","013","00","003","0301","0000","1078","772","306","139","1217","2051","0","59.34","37.64"
"10","013","00","003","0301","0190","517","369","148","69","586","981","0","59.73","37.61"
"10","013","00","003","0301","0191","561","403","158","70","631","1070","0","58.97","37.66"
"10","013","00","003","0302","0000","292","216","76","49","341","527","0","64.71","40.99"
"10","013","00","003","0302","0192","292","216","76","49","341","527","0","64.71","40.99"
"10","013","00","003","0303","0000","192","134","58","44","236","395","0","59.75","33.92"
"10","013","00","003","0303","0193","192","134","58","44","236","395","0","59.75","33.92"
"10","013","00","003","0304","0000","291","208","83","47","338","659","0","51.29","31.56"
"10","013","00","003","0304","0194","291","208","83","47","338","659","0","51.29","31.56"
"10","013","00","003","0305","0000","242","178","64","34","276","513","0","53.8","34.7"
"10","013","00","003","0305","0195","242","178","64","34","276","513","0","53.8","34.7"
"10","013","00","003","0306","0000","345","254","91","46","391","695","0","56.26","36.55"
"10","013","00","003","0306","0203","345","254","91","46","391","695","0","56.26","36.55"
"10","013","00","003","0307","0000","796","641","155","152","948","1643","0","57.7","39.01"
"10","013","00","003","0307","0204","547","468","79","113","660","1076","0","61.34","43.49"
"10","013","00","003","0307","0205","249","173","76","39","288","567","0","50.79","30.51"
"10","013","00","003","0308","0000","350","268","82","48","398","806","0","49.38","33.25"
"10","013","00","003","0308","0206","350","268","82","48","398","806","0","49.38","33.25"
"10","013","00","003","0309","0000","598","441","157","85","683","1227","0","55.66","35.94"
"10","013","00","003","0309","0207","598","441","157","85","683","1227","0","55.66","35.94"
"10","013","00","003","0310","0000","258","179","79","66","324","599","0","54.09","29.88"
"10","013","00","003","0310","0208","258","179","79","66","324","599","0","54.09","29.88"
"10","013","00","003","0311","0000","497","363","134","52","549","1354","0","40.55","26.81"
"10","013","00","003","0311","0209","497","363","134","52","549","1354","0","40.55","26.81"
"10","013","00","003","0312","0000","824","621","203","199","1023","1841","0","55.57","33.73"
"10","013","00","003","0312","0210","323","240","83","65","388","734","0","52.86","32.7"
"10","013","00","003","0312","0211","501","381","120","134","635","1107","0","57.36","34.42"
"10","013","00","003","0313","0000","1153","871","282","303","1456","2812","0","51.78","30.97"
"10","013","00","003","0313","0212","484","371","113","106","590","1198","0","49.25","30.97"
"10","013","00","003","0313","0213","669","500","169","197","866","1614","0","53.66","30.98"
"10","013","00","003","0314","0000","808","587","221","127","935","1738","0","53.8","33.77"
"10","013","00","003","0314","0214","367","250","117","52","419","826","0","50.73","30.27"
"10","013","00","003","0314","0215","441","337","104","75","516","912","0","56.58","36.95"
"10","013","00","003","0315","0000","722","538","184","181","903","1636","0","55.2","32.89"
"10","013","00","003","0315","0216","172","119","53","51","223","432","0","51.62","27.55"
"10","013","00","003","0315","0217","550","419","131","130","680","1204","0","56.48","34.8"
"10","013","00","003","0316","0000","2512","1894","618","253","2765","5318","0","51.99","35.61"
"10","013","00","003","0316","0218","639","471","168","79","718","1304","0","55.06","36.12"
"10","013","00","003","0316","0219","662","504","158","83","745","1317","0","56.57","38.27"
"10","013","00","003","0316","0220","659","493","166","48","707","1387","0","50.97","35.54"
"10","013","00","003","0316","0221","552","426","126","43","595","1310","0","45.42","32.52"
"10","013","00","003","0317","0000","827","593","234","128","955","1994","0","47.89","29.74"
"10","013","00","003","0317","0222","519","383","136","63","582","1228","0","47.39","31.19"
"10","013","00","003","0317","0223","308","210","98","65","373","766","0","48.69","27.42"
"10","013","00","003","0318","0000","645","487","158","93","738","1578","0","46.77","30.86"
"10","013","00","003","0318","0224","401","287","114","71","472","823","0","57.35","34.87"
"10","013","00","003","0318","0225","244","200","44","22","266","755","0","35.23","26.49"
"10","013","00","003","0319","0000","4282","3236","1046","458","4740","8957","0","52.92","36.13"
"10","013","00","003","0319","0196","816","614","202","64","880","1732","0","50.81","35.45"
"10","013","00","003","0319","0197","885","692","193","64","949","1779","0","53.34","38.9"
"10","013","00","003","0319","0198","585","435","150","59","644","1270","0","50.71","34.25"
"10","013","00","003","0319","0199","616","458","158","78","694","1327","0","52.3","34.51"
"10","013","00","003","0319","0200","614","460","154","80","694","1242","0","55.88","37.04"
"10","013","00","003","0319","0201","766","577","189","113","879","1607","0","54.7","35.91"
"10","013","00","003","0320","0000","571","433","138","45","616","1305","0","47.2","33.18"
"10","013","00","003","0320","0202","571","433","138","45","616","1305","0","47.2","33.18"
"10","013","00","003","0321","0000","530","383","147","91","621","1094","0","56.76","35.01"
"10","013","00","003","0321","0226","530","383","147","91","621","1094","0","56.76","35.01"
"10","013","00","003","0322","0000","338","275","63","31","369","753","0","49.0","36.52"
"10","013","00","003","0322","0227","338","275","63","31","369","753","0","49.0","36.52"
"10","013","00","004","0000","0000","10835","8345","2490","982","11817","25661","30812","46.05","32.52"
"10","013","00","004","0401","0000","405","313","92","30","435","902","0","48.23","34.7"
"10","013","00","004","0401","0228","405","313","92","30","435","902","0","48.23","34.7"
"10","013","00","004","0402","0000","1082","845","237","96","1178","2249","0","52.38","37.57"
"10","013","00","004","0402","0229","507","387","120","46","553","969","0","57.07","39.94"
"10","013","00","004","0402","0230","575","458","117","50","625","1280","0","48.83","35.78"
"10","013","00","004","0403","0000","562","431","131","43","605","1133","0","53.4","38.04"
"10","013","00","004","0403","0231","562","431","131","43","605","1133","0","53.4","38.04"
"10","013","00","004","0404","0000","1764","1367","397","153","1917","4159","0","46.09","32.87"
"10","013","00","004","0404","0246","656","502","154","44","700","1505","0","46.51","33.36"
"10","013","00","004","0404","0247","452","353","99","61","513","1111","0","46.17","31.77"
"10","013","00","004","0404","0248","656","512","144","48","704","1543","0","45.63","33.18"
"10","013","00","004","0405","0000","1161","935","226","77","1238","3037","0","40.76","30.79"
"10","013","00","004","0405","0232","604","492","112","14","618","1552","0","39.82","31.7"
"10","013","00","004","0405","0233","557","443","114","63","620","1485","0","41.75","29.83"
"10","013","00","004","0406","0000","443","339","104","38","481","896","0","53.68","37.83"
"10","013","00","004","0406","0234","443","339","104","38","481","896","0","53.68","37.83"
"10","013","00","004","0407","0000","215","161","54","30","245","531","0","46.14","30.32"
"10","013","00","004","0407","0235","215","161","54","30","245","531","0","46.14","30.32"
"10","013","00","004","0408","0000","200","142","58","9","209","478","0","43.72","29.71"
"10","013","00","004","0408","0236","200","142","58","9","209","478","0","43.72","29.71"
"10","013","00","004","0409","0000","444","332","112","45","489","1020","0","47.94","32.55"
"10","013","00","004","0409","0237","444","332","112","45","489","1020","0","47.94","32.55"
"10","013","00","004","0410","0000","406","293","113","27","433","924","0","46.86","31.71"
"10","013","00","004","0410","0238","406","293","113","27","433","924","0","46.86","31.71"
"10","013","00","004","0411","0000","425","324","101","25","450","1079","0","41.71","30.03"
"10","013","00","004","0411","0239","425","324","101","25","450","1079","0","41.71","30.03"
"10","013","00","004","0412","0000","638","509","129","76","714","1588","0","44.96","32.05"
"10","013","00","004","0412","0240","252","198","54","25","277","775","0","35.74","25.55"
"10","013","00","004","0412","0241","386","311","75","51","437","813","0","53.75","38.25"
"10","013","00","004","0413","0000","907","678","229","110","1017","2214","0","45.93","30.62"
"10","013","00","004","0413","0242","470","367","103","50","520","1104","0","47.1","33.24"
"10","013","00","004","0413","0243","437","311","126","60","497","1110","0","44.77","28.02"
"10","013","00","004","0414","0000","456","348","108","77","533","1400","0","38.07","24.86"
"10","013","00","004","0414","0244","230","163","67","67","297","692","0","42.92","23.55"
"10","013","00","004","0414","0245","226","185","41","10","236","708","0","33.33","26.13"
"10","013","00","004","0415","0000","708","527","181","49","757","1672","0","45.28","31.52"
"10","013","00","004","0415","0249","299","220","79","19","318","828","0","38.41","26.57"
"10","013","00","004","0415","0250","409","307","102","30","439","844","0","52.01","36.37"
"10","013","00","004","0416","0000","551","422","129","52","603","1253","0","48.12","33.68"
"10","013","00","004","0416","0251","551","422","129","52","603","1253","0","48.12","33.68"
"10","013","00","004","0417","0000","468","379","89","45","513","1126","0","45.56","33.66"
"10","013","00","004","0417","0252","468","379","89","45","513","1126","0","45.56","33.66"
"10","013","00","005","0000","0000","20231","14920","5311","2511","22742","43478","50595","52.31","34.32"
"10","013","00","005","0501","0000","307","219","88","36","343","595","0","57.65","36.81"
"10","013","00","005","0501","0267","307","219","88","36","343","595","0","57.65","36.81"
"10","013","00","005","0502","0000","439","327","112","45","484","847","0","57.14","38.61"
"10","013","00","005","0502","0262","439","327","112","45","484","847","0","57.14","38.61"
"10","013","00","005","0503","0000","1620","1219","401","173","1793","3458","0","51.85","35.25"
"10","013","00","005","0503","0263","518","400","118","62","580","1149","0","50.48","34.81"
"10","013","00","005","0503","0264","549","420","129","57","606","1131","0","53.58","37.14"
"10","013","00","005","0503","0265","553","399","154","54","607","1178","0","51.53","33.87"
"10","013","00","005","0504","0000","385","331","54","39","424","711","0","59.63","46.55"
"10","013","00","005","0504","0266","385","331","54","39","424","711","0","59.63","46.55"
"10","013","00","005","0505","0000","737","561","176","65","802","1403","0","57.16","39.99"
"10","013","00","005","0505","0268","737","561","176","65","802","1403","0","57.16","39.99"
"10","013","00","005","0506","0000","1077","834","243","87","1164","2252","0","51.69","37.03"
"10","013","00","005","0506","0269","496","398","98","37","533","1094","0","48.72","36.38"
"10","013","00","005","0506","0270","581","436","145","50","631","1158","0","54.49","37.65"
"10","013","00","005","0507","0000","1022","739","283","120","1142","2025","0","56.4","36.49"
"10","013","00","005","0507","0271","528","380","148","66","594","963","0","61.68","39.46"
"10","013","00","005","0507","0272","494","359","135","54","548","1062","0","51.6","33.8"
"10","013","00","005","0508","0000","775","563","212","91","866","1684","0","51.43","33.43"
"10","013","00","005","0508","0273","775","563","212","91","866","1684","0","51.43","33.43"
"10","013","00","005","0509","0000","1183","869","314","153","1336","2250","0","59.38","38.62"
"10","013","00","005","0509","0290","541","396","145","81","622","1023","0","60.8","38.71"
"10","013","00","005","0509","0291","642","473","169","72","714","1227","0","58.19","38.55"
"10","013","00","005","0510","0000","444","316","128","63","507","976","0","51.95","32.38"
"10","013","00","005","0510","0275","444","316","128","63","507","976","0","51.95","32.38"
"10","013","00","005","0511","0000","829","572","257","110","939","1860","0","50.48","30.75"
"10","013","00","005","0511","0276","482","340","142","75","557","1013","0","54.99","33.56"
"10","013","00","005","0511","0277","347","232","115","35","382","847","0","45.1","27.39"
"10","013","00","005","0512","0000","758","432","326","154","912","1570","0","58.09","27.52"
"10","013","00","005","0512","0278","758","432","326","154","912","1570","0","58.09","27.52"
"10","013","00","005","0513","0000","629","404","225","61","690","1411","0","48.9","28.63"
"10","013","00","005","0513","0279","629","404","225","61","690","1411","0","48.9","28.63"
"10","013","00","005","0514","0000","373","265","108","72","445","804","0","55.35","32.96"
"10","013","00","005","0514","0282","373","265","108","72","445","804","0","55.35","32.96"
"10","013","00","005","0515","0000","601","444","157","94","695","1284","0","54.13","34.58"
"10","013","00","005","0515","0283","601","444","157","94","695","1284","0","54.13","34.58"
"10","013","00","005","0516","0000","640","478","162","59","699","1430","0","48.88","33.43"
"10","013","00","005","0516","0284","640","478","162","59","699","1430","0","48.88","33.43"
"10","013","00","005","0517","0000","525","388","137","72","597","960","0","62.19","40.42"
"10","013","00","005","0517","0285","525","388","137","72","597","960","0","62.19","40.42"
"10","013","00","005","0518","0000","978","791","187","148","1126","1944","0","57.92","40.69"
"10","013","00","005","0518","0286","412","306","106","64","476","786","0","60.56","38.93"
"10","013","00","005","0518","0287","566","485","81","84","650","1158","0","56.13","41.88"
"10","013","00","005","0519","0000","686","533","153","86","772","1666","0","46.34","31.99"
"10","013","00","005","0519","0289","686","533","153","86","772","1666","0","46.34","31.99"
"10","013","00","005","0520","0000","631","460","171","71","702","1647","0","42.62","27.93"
"10","013","00","005","0520","0288","631","460","171","71","702","1647","0","42.62","27.93"
"10","013","00","005","0521","0000","742","559","183","49","791","1702","0","46.47","32.84"
"10","013","00","005","0521","0274","742","559","183","49","791","1702","0","46.47","32.84"
"10","013","00","005","0522","0000","882","660","222","126","1008","2096","0","48.09","31.49"
"10","013","00","005","0522","0254","484","374","110","79","563","1147","0","49.08","32.61"
"10","013","00","005","0522","0255","398","286","112","47","445","949","0","46.89","30.14"
"10","013","00","005","0523","0000","573","425","148","71","644","1527","0","42.17","27.83"
"10","013","00","005","0523","0253","573","425","148","71","644","1527","0","42.17","27.83"
"10","013","00","005","0524","0000","502","379","123","98","600","1046","0","57.36","36.23"
"10","013","00","005","0524","0280","502","379","123","98","600","1046","0","57.36","36.23"
"10","013","00","005","0525","0000","840","634","206","53","893","2012","0","44.38","31.51"
"10","013","00","005","0525","0256","440","329","111","36","476","990","0","48.08","33.23"
"10","013","00","005","0525","0257","400","305","95","17","417","1022","0","40.8","29.84"
"10","013","00","005","0526","0000","576","432","144","53","629","1385","0","45.42","31.19"
"10","013","00","005","0526","0281","576","432","144","53","629","1385","0","45.42","31.19"
"10","013","00","005","0527","0000","579","425","154","101","680","1159","0","58.67","36.67"
"10","013","00","005","0527","0259","579","425","154","101","680","1159","0","58.67","36.67"
"10","013","00","005","0528","0000","415","292","123","81","496","837","0","59.26","34.89"
"10","013","00","005","0528","0260","415","292","123","81","496","837","0","59.26","34.89"
"10","013","00","005","0529","0000","303","231","72","64","367","545","0","67.34","42.39"
"10","013","00","005","0529","0258","303","231","72","64","367","545","0","67.34","42.39"
"10","013","00","005","0530","0000","180","138","42","16","196","392","0","50.0","35.2"
"10","013","00","005","0530","0261","180","138","42","16","196","392","0","50.0","35.2"
"10","013","00","006","0000","0000","12607","9433","3174","1667","14274","26256","29714","54.36","35.93"
"10","013","00","006","0601","0000","1283","954","329","160","1443","2632","0","54.83","36.25"
"10","013","00","006","0601","0292","490","356","134","75","565","1018","0","55.5","34.97"
"10","013","00","006","0601","0293","793","598","195","85","878","1614","0","54.4","37.05"
"10","013","00","006","0602","0000","1780","1384","396","187","1967","3555","0","55.33","38.93"
"10","013","00","006","0602","0294","948","753","195","106","1054","1848","0","57.03","40.75"
"10","013","00","006","0602","0295","832","631","201","81","913","1707","0","53.49","36.97"
"10","013","00","006","0603","0000","1021","764","257","96","1117","1961","0","56.96","38.96"
"10","013","00","006","0603","0296","520","399","121","30","550","972","0","56.58","41.05"
"10","013","00","006","0603","0297","501","365","136","66","567","989","0","57.33","36.91"
"10","013","00","006","0604","0000","1205","876","329","134","1339","2548","0","52.55","34.38"
"10","013","00","006","0604","0298","390","287","103","55","445","735","0","60.54","39.05"
"10","013","00","006","0604","0299","815","589","226","79","894","1813","0","49.31","32.49"
"10","013","00","006","0605","0000","597","467","130","51","648","1073","0","60.39","43.52"
"10","013","00","006","0605","0300","597","467","130","51","648","1073","0","60.39","43.52"
"10","013","00","006","0606","0000","436","342","94","62","498","884","0","56.33","38.69"
"10","013","00","006","0606","0305","436","342","94","62","498","884","0","56.33","38.69"
"10","013","00","006","0607","0000","545","421","124","70","615","1090","0","56.42","38.62"
"10","013","00","006","0607","0306","545","421","124","70","615","1090","0","56.42","38.62"
"10","013","00","006","0608","0000","689","483","206","112","801","1492","0","53.69","32.37"
"10","013","00","006","0608","0304","689","483","206","112","801","1492","0","53.69","32.37"
"10","013","00","006","0609","0000","797","597","200","81","878","1654","0","53.08","36.09"
"10","013","00","006","0609","0301","797","597","200","81","878","1654","0","53.08","36.09"
"10","013","00","006","0610","0000","600","435","165","77","677","1205","0","56.18","36.1"
"10","013","00","006","0610","0302","600","435","165","77","677","1205","0","56.18","36.1"
"10","013","00","006","0611","0000","380","291","89","51","431","758","0","56.86","38.39"
"10","013","00","006","0611","0303","380","291","89","51","431","758","0","56.86","38.39"
"10","013","00","006","0612","0000","1014","732","282","146","1160","2401","0","48.31","30.49"
"10","013","00","006","0612","0311","577","399","178","117","694","1242","0","55.88","32.13"
"10","013","00","006","0612","0312","437","333","104","29","466","1159","0","40.21","28.73"
"10","013","00","006","0613","0000","824","586","238","178","1002","1770","0","56.61","33.11"
"10","013","00","006","0613","0308","394","282","112","68","462","845","0","54.67","33.37"
"10","013","00","006","0613","0309","430","304","126","110","540","925","0","58.38","32.86"
"10","013","00","006","0614","0000","573","433","140","110","683","1422","0","48.03","30.45"
"10","013","00","006","0614","0307","573","433","140","110","683","1422","0","48.03","30.45"
"10","013","00","006","0615","0000","501","387","114","113","614","1138","0","53.95","34.01"
"10","013","00","006","0615","0310","501","387","114","113","614","1138","0","53.95","34.01"
"10","013","00","006","0616","0000","362","281","81","39","401","673","0","59.58","41.75"
"10","013","00","006","0616","0313","362","281","81","39","401","673","0","59.58","41.75"
"10","013","00","007","0000","0000","5127","3838","1289","451","5578","9970","11068","55.95","38.5"
"10","013","00","007","0701","0000","1165","887","278","73","1238","2174","0","56.95","40.8"
"10","013","00","007","0701","0314","399","298","101","46","445","788","0","56.47","37.82"
"10","013","00","007","0701","0315","766","589","177","27","793","1386","0","57.22","42.5"
"10","013","00","007","0702","0000","538","411","127","42","580","957","0","60.61","42.95"
"10","013","00","007","0702","0316","538","411","127","42","580","957","0","60.61","42.95"
"10","013","00","007","0703","0000","831","615","216","117","948","1537","0","61.68","40.01"
"10","013","00","007","0703","0317","390","288","102","54","444","731","0","60.74","39.4"
"10","013","00","007","0703","0318","441","327","114","63","504","806","0","62.53","40.57"
"10","013","00","007","0704","0000","1249","931","318","112","1361","2547","0","53.44","36.55"
"10","013","00","007","0704","0319","525","383","142","27","552","1207","0","45.73","31.73"
"10","013","00","007","0704","0320","724","548","176","85","809","1340","0","60.37","40.9"
"10","013","00","007","0705","0000","631","455","176","73","704","1221","0","57.66","37.26"
"10","013","00","007","0705","0321","631","455","176","73","704","1221","0","57.66","37.26"
"10","013","00","007","0706","0000","409","305","104","16","425","851","0","49.94","35.84"
"10","013","00","007","0706","0322","409","305","104","16","425","851","0","49.94","35.84"
"10","013","00","007","0707","0000","304","234","70","18","322","683","0","47.14","34.26"
"10","013","00","007","0707","0323","304","234","70","18","322","683","0","47.14","34.26"
"10","013","00","008","0000","0000","8970","6601","2369","1357","10327","19132","22095","53.98","34.5"
"10","013","00","008","0801","0000","732","528","204","105","837","1491","0","56.14","35.41"
"10","013","00","008","0801","0324","732","528","204","105","837","1491","0","56.14","35.41"
"10","013","00","008","0802","0000","650","467","183","81","731","1375","0","53.16","33.96"
"10","013","00","008","0802","0325","650","467","183","81","731","1375","0","53.16","33.96"
"10","013","00","008","0803","0000","731","558","173","57","788","1678","0","46.96","33.25"
"10","013","00","008","0803","0326","731","558","173","57","788","1678","0","46.96","33.25"
"10","013","00","008","0804","0000","496","352","144","56","552","1276","0","43.26","27.59"
"10","013","00","008","0804","0328","496","352","144","56","552","1276","0","43.26","27.59"
"10","013","00","008","0805","0000","590","434","156","89","679","1166","0","58.23","37.22"
"10","013","00","008","0805","0327","590","434","156","89","679","1166","0","58.23","37.22"
"10","013","00","008","0806","0000","702","505","197","125","827","1600","0","51.69","31.56"
"10","013","00","008","0806","0334","702","505","197","125","827","1600","0","51.69","31.56"
"10","013","00","008","0807","0000","832","570","262","208","1040","1792","0","58.04","31.81"
"10","013","00","008","0807","0336","832","570","262","208","1040","1792","0","58.04","31.81"
"10","013","00","008","0808","0000","587","425","162","93","680","1248","0","54.49","34.05"
"10","013","00","008","0808","0335","587","425","162","93","680","1248","0","54.49","34.05"
"10","013","00","008","0809","0000","688","545","143","122","810","1482","0","54.66","36.77"
"10","013","00","008","0809","0337","688","545","143","122","810","1482","0","54.66","36.77"
"10","013","00","008","0810","0000","2094","1565","529","314","2408","4414","0","54.55","35.46"
"10","013","00","008","0810","0331","330","255","75","70","400","649","0","61.63","39.29"
"10","013","00","008","0810","0332","932","682","250","156","1088","1999","0","54.43","34.12"
"10","013","00","008","0810","0333","832","628","204","88","920","1766","0","52.1","35.56"
"10","013","00","008","0811","0000","868","652","216","107","975","1610","0","60.56","40.5"
"10","013","00","008","0811","0329","506","379","127","72","578","1033","0","55.95","36.69"
"10","013","00","008","0811","0330","362","273","89","35","397","577","0","68.8","47.31"
"10","013","00","009","0000","0000","10500","7701","2799","1576","12076","22128","26092","54.57","34.8"
"10","013","00","009","0901","0000","1510","1119","391","194","1704","3032","0","56.2","36.91"
"10","013","00","009","0901","0338","819","618","201","97","916","1552","0","59.02","39.82"
"10","013","00","009","0901","0339","691","501","190","97","788","1480","0","53.24","33.85"
"10","013","00","009","0902","0000","597","429","168","69","666","1127","0","59.09","38.07"
"10","013","00","009","0902","0342","597","429","168","69","666","1127","0","59.09","38.07"
"10","013","00","009","0903","0000","436","328","108","60","496","845","0","58.7","38.82"
"10","013","00","009","0903","0343","436","328","108","60","496","845","0","58.7","38.82"
"10","013","00","009","0904","0000","594","439","155","75","669","1282","0","52.18","34.24"
"10","013","00","009","0904","0344","594","439","155","75","669","1282","0","52.18","34.24"
"10","013","00","009","0905","0000","1009","753","256","154","1163","2012","0","57.8","37.43"
"10","013","00","009","0905","0345","500","372","128","68","568","981","0","57.9","37.92"
"10","013","00","009","0905","0346","509","381","128","86","595","1031","0","57.71","36.95"
"10","013","00","009","0906","0000","684","488","196","114","798","1423","0","56.08","34.29"
"10","013","00","009","0906","0347","684","488","196","114","798","1423","0","56.08","34.29"
"10","013","00","009","0907","0000","615","428","187","62","677","1534","0","44.13","27.9"
"10","013","00","009","0907","0340","615","428","187","62","677","1534","0","44.13","27.9"
"10","013","00","009","0908","0000","720","537","183","130","850","1578","0","53.87","34.03"
"10","013","00","009","0908","0341","720","537","183","130","850","1578","0","53.87","34.03"
"10","013","00","009","0909","0000","697","503","194","166","863","1566","0","55.11","32.12"
"10","013","00","009","0909","0348","133","95","38","33","166","363","0","45.73","26.17"
"10","013","00","009","0909","0349","564","408","156","133","697","1203","0","57.94","33.92"
"10","013","00","009","0910","0000","1130","812","318","153","1283","2411","0","53.21","33.68"
"10","013","00","009","0910","0350","545","381","164","87","632","1027","0","61.54","37.1"
"10","013","00","009","0910","0351","585","431","154","66","651","1384","0","47.04","31.14"
"10","013","00","009","0911","0000","989","775","214","113","1102","2034","0","54.18","38.1"
"10","013","00","009","0911","0352","700","531","169","94","794","1512","0","52.51","35.12"
"10","013","00","009","0911","0353","289","244","45","19","308","522","0","59.0","46.74"
"10","013","00","009","0912","0000","817","588","229","169","986","1829","0","53.91","32.15"
"10","013","00","009","0912","0354","389","283","106","70","459","822","0","55.84","34.43"
"10","013","00","009","0912","0355","428","305","123","99","527","1007","0","52.33","30.29"
"10","013","00","009","0913","0000","451","316","135","86","537","956","0","56.17","33.05"
"10","013","00","009","0913","0356","451","316","135","86","537","956","0","56.17","33.05"
"10","013","00","009","0914","0000","251","186","65","31","282","499","0","56.51","37.27"
"10","013","00","009","0914","0357","251","186","65","31","282","499","0","56.51","37.27"
"10","013","00","010","0000","0000","10074","7560","2514","1294","11368","22402","25740","50.75","33.75"
"10","013","00","010","1001","0000","1327","970","357","181","1508","3148","0","47.9","30.81"
"10","013","00","010","1001","0370","631","487","144","48","679","1598","0","42.49","30.48"
"10","013","00","010","1001","0371","696","483","213","133","829","1550","0","53.48","31.16"
"10","013","00","010","1002","0000","1205","915","290","154","1359","2832","0","47.99","32.31"
"10","013","00","010","1002","0365","619","456","163","87","706","1367","0","51.65","33.36"
"10","013","00","010","1002","0366","586","459","127","67","653","1465","0","44.57","31.33"
"10","013","00","010","1003","0000","823","622","201","75","898","1850","0","48.54","33.62"
"10","013","00","010","1003","0358","436","334","102","40","476","951","0","50.05","35.12"
"10","013","00","010","1003","0359","387","288","99","35","422","899","0","46.94","32.04"
"10","013","00","010","1004","0000","993","751","242","93","1086","2357","0","46.08","31.86"
"10","013","00","010","1004","0360","429","327","102","36","465","1116","0","41.67","29.3"
"10","013","00","010","1004","0361","564","424","140","57","621","1241","0","50.04","34.17"
"10","013","00","010","1005","0000","771","590","181","118","889","1732","0","51.33","34.06"
"10","013","00","010","1005","0362","325","239","86","62","387","770","0","50.26","31.04"
"10","013","00","010","1005","0363","446","351","95","56","502","962","0","52.18","36.49"
"10","013","00","010","1006","0000","553","402","151","74","627","1041","0","60.23","38.62"
"10","013","00","010","1006","0364","553","402","151","74","627","1041","0","60.23","38.62"
"10","013","00","010","1007","0000","756","576","180","60","816","1852","0","44.06","31.1"
"10","013","00","010","1007","0367","368","268","100","54","422","894","0","47.2","29.98"
"10","013","00","010","1007","0368","388","308","80","6","394","958","0","41.13","32.15"
"10","013","00","010","1008","0000","266","201","65","39","305","553","0","55.15","36.35"
"10","013","00","010","1008","0377","266","201","65","39","305","553","0","55.15","36.35"
"10","013","00","010","1009","0000","403","309","94","91","494","924","0","53.46","33.44"
"10","013","00","010","1009","0369","403","309","94","91","494","924","0","53.46","33.44"
"10","013","00","010","1010","0000","788","564","224","65","853","1619","0","52.69","34.84"
"10","013","00","010","1010","0376","788","564","224","65","853","1619","0","52.69","34.84"
"10","013","00","010","1011","0000","1690","1275","415","252","1942","3510","0","55.33","36.32"
"10","013","00","010","1011","0372","520","403","117","81","601","1127","0","53.33","35.76"
"10","013","00","010","1011","0373","572","440","132","96","668","1150","0","58.09","38.26"
"10","013","00","010","1011","0374","598","432","166","75","673","1233","0","54.58","35.04"
"10","013","00","010","1012","0000","499","385","114","92","591","984","0","60.06","39.13"
"10","013","00","010","1012","0375","499","385","114","92","591","984","0","60.06","39.13"
"10","013","00","011","0000","0000","8995","6482","2513","1308","10303","21697","24444","47.49","29.88"
"10","013","00","011","1101","0000","882","610","272","118","1000","2138","0","46.77","28.53"
"10","013","00","011","1101","0378","454","314","140","91","545","883","0","61.72","35.56"
"10","013","00","011","1101","0379","428","296","132","27","455","1255","0","36.25","23.59"
"10","013","00","011","1102","0000","558","417","141","26","584","1278","0","45.7","32.63"
"10","013","00","011","1102","0380","558","417","141","26","584","1278","0","45.7","32.63"
"10","013","00","011","1103","0000","287","207","80","27","314","738","0","42.55","28.05"
"10","013","00","011","1103","0381","287","207","80","27","314","738","0","42.55","28.05"
"10","013","00","011","1104","0000","233","154","79","14","247","585","0","42.22","26.32"
"10","013","00","011","1104","0382","233","154","79","14","247","585","0","42.22","26.32"
"10","013","00","011","1105","0000","460","323","137","135","595","1012","0","58.79","31.92"
"10","013","00","011","1105","0383","460","323","137","135","595","1012","0","58.79","31.92"
"10","013","00","011","1106","0000","472","347","125","90","562","1148","0","48.95","30.23"
"10","013","00","011","1106","0384","472","347","125","90","562","1148","0","48.95","30.23"
"10","013","00","011","1107","0000","255","172","83","35","290","591","0","49.07","29.1"
"10","013","00","011","1107","0385","255","172","83","35","290","591","0","49.07","29.1"
"10","013","00","011","1108","0000","307","218","89","47","354","786","0","45.04","27.74"
"10","013","00","011","1108","0386","307","218","89","47","354","786","0","45.04","27.74"
"10","013","00","011","1109","0000","240","172","68","22","262","649","0","40.37","26.5"
"10","013","00","011","1109","0387","240","172","68","22","262","649","0","40.37","26.5"
"10","013","00","011","1110","0000","416","297","119","82","498","1229","0","40.52","24.17"
"10","013","00","011","1110","0388","416","297","119","82","498","1229","0","40.52","24.17"
"10","013","00","011","1111","0000","516","385","131","65","581","1446","0","40.18","26.63"
"10","013","00","011","1111","0389","516","385","131","65","581","1446","0","40.18","26.63"
"10","013","00","011","1112","0000","739","522","217","74","813","1821","0","44.65","28.67"
"10","013","00","011","1112","0390","323","219","104","19","342","899","0","38.04","24.36"
"10","013","00","011","1112","0391","416","303","113","55","471","922","0","51.08","32.86"
"10","013","00","011","1113","0000","506","374","132","83","589","1259","0","46.78","29.71"
"10","013","00","011","1113","0392","506","374","132","83","589","1259","0","46.78","29.71"
"10","013","00","011","1114","0000","347","262","85","34","381","1056","0","36.08","24.81"
"10","013","00","011","1114","0393","347","262","85","34","381","1056","0","36.08","24.81"
"10","013","00","011","1115","0000","533","394","139","72","605","1116","0","54.21","35.3"
"10","013","00","011","1115","0394","533","394","139","72","605","1116","0","54.21","35.3"
"10","013","00","011","1116","0000","468","325","143","91","559","1020","0","54.8","31.86"
"10","013","00","011","1116","0395","468","325","143","91","559","1020","0","54.8","31.86"
"10","013","00","011","1117","0000","477","348","129","96","573","1055","0","54.31","32.99"
"10","013","00","011","1117","0396","477","348","129","96","573","1055","0","54.31","32.99"
"10","013","00","011","1118","0000","559","422","137","81","640","1231","0","51.99","34.28"
"10","013","00","011","1118","0397","368","276","92","52","420","738","0","56.91","37.4"
"10","013","00","011","1118","0398","191","146","45","29","220","493","0","44.62","29.61"
"10","013","00","011","1119","0000","740","533","207","116","856","1539","0","55.62","34.63"
"10","013","00","011","1119","0399","740","533","207","116","856","1539","0","55.62","34.63"
"10","013","00","012","0000","0000","7802","5697","2105","1120","8922","17945","20585","49.72","31.75"
"10","013","00","012","1201","0000","540","375","165","40","580","1239","0","46.81","30.27"
"10","013","00","012","1201","0400","540","375","165","40","580","1239","0","46.81","30.27"
"10","013","00","012","1202","0000","363","258","105","61","424","759","0","55.86","33.99"
"10","013","00","012","1202","0401","363","258","105","61","424","759","0","55.86","33.99"
"10","013","00","012","1203","0000","850","629","221","165","1015","1701","0","59.67","36.98"
"10","013","00","012","1203","0402","456","346","110","96","552","932","0","59.23","37.12"
"10","013","00","012","1203","0403","394","283","111","69","463","769","0","60.21","36.8"
"10","013","00","012","1204","0000","422","326","96","83","505","920","0","54.89","35.43"
"10","013","00","012","1204","0404","422","326","96","83","505","920","0","54.89","35.43"
"10","013","00","012","1205","0000","285","209","76","37","322","560","0","57.5","37.32"
"10","013","00","012","1205","0405","285","209","76","37","322","560","0","57.5","37.32"
"10","013","00","012","1206","0000","472","365","107","24","496","1120","0","44.29","32.59"
"10","013","00","012","1206","0406","472","365","107","24","496","1120","0","44.29","32.59"
"10","013","00","012","1207","0000","440","328","112","41","481","1048","0","45.9","31.3"
"10","013","00","012","1207","0407","440","328","112","41","481","1048","0","45.9","31.3"
"10","013","00","012","1208","0000","563","422","141","52","615","1438","0","42.77","29.35"
"10","013","00","012","1208","0408","563","422","141","52","615","1438","0","42.77","29.35"
"10","013","00","012","1209","0000","872","638","234","158","1030","2027","0","50.81","31.48"
"10","013","00","012","1209","0411","377","296","81","81","458","1020","0","44.9","29.02"
"10","013","00","012","1209","0412","495","342","153","77","572","1007","0","56.8","33.96"
"10","013","00","012","1210","0000","700","500","200","138","838","1647","0","50.88","30.36"
"10","013","00","012","1210","0409","348","242","106","67","415","834","0","49.76","29.02"
"10","013","00","012","1210","0410","352","258","94","71","423","813","0","52.03","31.73"
"10","013","00","012","1211","0000","622","417","205","107","729","1648","0","44.24","25.3"
"10","013","00","012","1211","0413","622","417","205","107","729","1648","0","44.24","25.3"
"10","013","00","012","1212","0000","643","470","173","73","716","1437","0","49.83","32.71"
"10","013","00","012","1212","0414","643","470","173","73","716","1437","0","49.83","32.71"
"10","013","00","012","1213","0000","473","340","133","25","498","1228","0","40.55","27.69"
"10","013","00","012","1213","0415","473","340","133","25","498","1228","0","40.55","27.69"
"10","013","00","012","1214","0000","557","420","137","116","673","1173","0","57.37","35.81"
"10","013","00","012","1214","0416","301","241","60","58","359","597","0","60.13","40.37"
"10","013","00","012","1214","0417","256","179","77","58","314","576","0","54.51","31.08"
"10","013","00","013","0000","0000","19706","14890","4816","2111","21817","47558","54167","45.87","31.31"
"10","013","00","013","1301","0000","1670","1283","387","118","1788","3979","0","44.94","32.24"
"10","013","00","013","1301","0418","552","412","140","47","599","1305","0","45.9","31.57"
"10","013","00","013","1301","0419","522","405","117","47","569","1287","0","44.21","31.47"
"10","013","00","013","1301","0420","596","466","130","24","620","1387","0","44.7","33.6"
"10","013","00","013","1302","0000","1343","988","355","128","1471","3145","0","46.77","31.41"
"10","013","00","013","1302","0421","643","477","166","67","710","1540","0","46.1","30.97"
"10","013","00","013","1302","0422","700","511","189","61","761","1605","0","47.41","31.84"
"10","013","00","013","1303","0000","577","432","145","71","648","1326","0","48.87","32.58"
"10","013","00","013","1303","0423","577","432","145","71","648","1326","0","48.87","32.58"
"10","013","00","013","1304","0000","281","201","80","53","334","591","0","56.51","34.01"
"10","013","00","013","1304","0424","281","201","80","53","334","591","0","56.51","34.01"
"10","013","00","013","1305","0000","957","748","209","77","1034","2202","0","46.96","33.97"
"10","013","00","013","1305","0425","475","367","108","52","527","1123","0","46.93","32.68"
"10","013","00","013","1305","0426","482","381","101","25","507","1079","0","46.99","35.31"
"10","013","00","013","1306","0000","1342","1035","307","122","1464","2733","0","53.57","37.87"
"10","013","00","013","1306","0427","700","534","166","68","768","1485","0","51.72","35.96"
"10","013","00","013","1306","0428","642","501","141","54","696","1248","0","55.77","40.14"
"10","013","00","013","1307","0000","1944","1496","448","151","2095","4482","0","46.74","33.38"
"10","013","00","013","1307","0429","713","568","145","56","769","1569","0","49.01","36.2"
"10","013","00","013","1307","0430","635","472","163","77","712","1493","0","47.69","31.61"
"10","013","00","013","1307","0431","596","456","140","18","614","1420","0","43.24","32.11"
"10","013","00","013","1308","0000","1256","952","304","173","1429","2853","0","50.09","33.37"
"10","013","00","013","1308","0432","603","454","149","89","692","1334","0","51.87","34.03"
"10","013","00","013","1308","0433","653","498","155","84","737","1519","0","48.52","32.78"
"10","013","00","013","1309","0000","800","608","192","122","922","1672","0","55.14","36.36"
"10","013","00","013","1309","0434","367","276","91","53","420","784","0","53.57","35.2"
"10","013","00","013","1309","0435","433","332","101","69","502","888","0","56.53","37.39"
"10","013","00","013","1310","0000","657","490","167","51","708","1915","0","36.97","25.59"
"10","013","00","013","1310","0436","233","170","63","21","254","747","0","34.0","22.76"
"10","013","00","013","1310","0437","424","320","104","30","454","1168","0","38.87","27.4"
"10","013","00","013","1311","0000","743","603","140","110","853","1824","0","46.77","33.06"
"10","013","00","013","1311","0438","271","188","83","41","312","546","0","57.14","34.43"
"10","013","00","013","1311","0439","472","415","57","69","541","1278","0","42.33","32.47"
"10","013","00","013","1312","0000","1064","701","363","160","1224","2898","0","42.24","24.19"
"10","013","00","013","1312","0440","505","278","227","76","581","1348","0","43.1","20.62"
"10","013","00","013","1312","0441","559","423","136","84","643","1550","0","41.48","27.29"
"10","013","00","013","1313","0000","488","356","132","85","573","947","0","60.51","37.59"
"10","013","00","013","1313","0442","488","356","132","85","573","947","0","60.51","37.59"
"10","013","00","013","1314","0000","471","349","122","89","560","1097","0","51.05","31.81"
"10","013","00","013","1314","0443","471","349","122","89","560","1097","0","51.05","31.81"
"10","013","00","013","1315","0000","787","570","217","92","879","2381","0","36.92","23.94"
"10","013","00","013","1315","0444","414","303","111","61","475","1128","0","42.11","26.86"
"10","013","00","013","1315","0445","373","267","106","31","404","1253","0","32.24","21.31"
"10","013","00","013","1316","0000","506","365","141","36","542","1525","0","35.54","23.93"
"10","013","00","013","1316","0446","506","365","141","36","542","1525","0","35.54","23.93"
"10","013","00","013","1317","0000","999","772","227","121","1120","2431","0","46.07","31.76"
"10","013","00","013","1317","0447","537","419","118","95","632","1215","0","52.02","34.49"
"10","013","00","013","1317","0448","462","353","109","26","488","1216","0","40.13","29.03"
"10","013","00","013","1318","0000","995","791","204","79","1074","2379","0","45.15","33.25"
"10","013","00","013","1318","0449","551","440","111","35","586","1353","0","43.31","32.52"
"10","013","00","013","1318","0450","444","351","93","44","488","1026","0","47.56","34.21"
"10","013","00","013","1319","0000","346","259","87","32","378","862","0","43.85","30.05"
"10","013","00","013","1319","0451","346","259","87","32","378","862","0","43.85","30.05"
"10","013","00","013","1320","0000","689","513","176","65","754","1775","0","42.48","28.9"
"10","013","00","013","1320","0452","314","218","96","38","352","921","0","38.22","23.67"
"10","013","00","013","1320","0453","375","295","80","27","402","854","0","47.07","34.54"
"10","013","00","013","1321","0000","919","706","213","73","992","2434","0","40.76","29.01"
"10","013","00","013","1321","0454","482","369","113","41","523","1230","0","42.52","30.0"
"10","013","00","013","1321","0455","437","337","100","32","469","1204","0","38.95","27.99"
"10","013","00","013","1322","0000","482","358","124","50","532","1301","0","40.89","27.52"
"10","013","00","013","1322","0456","482","358","124","50","532","1301","0","40.89","27.52"
"10","013","00","013","1323","0000","390","314","76","53","443","806","0","54.96","38.96"
"10","013","00","013","1323","0457","390","314","76","53","443","806","0","54.96","38.96"
"10","013","00","014","0000","0000","7823","5777","2046","962","8785","15353","17181","57.22","37.63"
"10","013","00","014","1401","0000","739","547","192","96","835","1503","0","55.56","36.39"
"10","013","00","014","1401","0458","739","547","192","96","835","1503","0","55.56","36.39"
"10","013","00","014","1402","0000","511","386","125","50","561","899","0","62.4","42.94"
"10","013","00","014","1402","0459","511","386","125","50","561","899","0","62.4","42.94"
"10","013","00","014","1403","0000","399","305","94","51","450","716","0","62.85","42.6"
"10","013","00","014","1403","0460","399","305","94","51","450","716","0","62.85","42.6"
"10","013","00","014","1404","0000","333","238","95","49","382","581","0","65.75","40.96"
"10","013","00","014","1404","0461","333","238","95","49","382","581","0","65.75","40.96"
"10","013","00","014","1405","0000","638","477","161","102","740","1327","0","55.76","35.95"
"10","013","00","014","1405","0462","638","477","161","102","740","1327","0","55.76","35.95"
"10","013","00","014","1406","0000","535","360","175","85","620","997","0","62.19","36.11"
"10","013","00","014","1406","0463","535","360","175","85","620","997","0","62.19","36.11"
"10","013","00","014","1407","0000","308","236","72","33","341","649","0","52.54","36.36"
"10","013","00","014","1407","0464","308","236","72","33","341","649","0","52.54","36.36"
"10","013","00","014","1408","0000","319","246","73","27","346","476","0","72.69","51.68"
"10","013","00","014","1408","0465","319","246","73","27","346","476","0","72.69","51.68"
"10","013","00","014","1409","0000","1239","930","309","141","1380","2486","0","55.51","37.41"
"10","013","00","014","1409","0466","670","503","167","69","739","1259","0","58.7","39.95"
"10","013","00","014","1409","0467","569","427","142","72","641","1227","0","52.24","34.8"
"10","013","00","014","1410","0000","283","194","89","39","322","504","0","63.89","38.49"
"10","013","00","014","1410","0468","283","194","89","39","322","504","0","63.89","38.49"
"10","013","00","014","1411","0000","409","321","88","52","461","860","0","53.6","37.33"
"10","013","00","014","1411","0469","409","321","88","52","461","860","0","53.6","37.33"
"10","013","00","014","1412","0000","384","280","104","23","407","800","0","50.88","35.0"
"10","013","00","014","1412","0470","384","280","104","23","407","800","0","50.88","35.0"
"10","013","00","014","1413","0000","584","419","165","69","653","1134","0","57.58","36.95"
"10","013","00","014","1413","0471","584","419","165","69","653","1134","0","57.58","36.95"
"10","013","00","014","1414","0000","591","421","170","72","663","1229","0","53.95","34.26"
"10","013","00","014","1414","0472","591","421","170","72","663","1229","0","53.95","34.26"
"10","013","00","014","1415","0000","551","417","134","73","624","1192","0","52.35","34.98"
"10","013","00","014","1415","0473","551","417","134","73","624","1192","0","52.35","34.98"
"10","013","00","015","0000","0000","3870","2880","990","548","4418","9033","10035","48.91","31.88"
"10","013","00","015","1501","0000","863","626","237","83","946","2026","0","46.69","30.9"
"10","013","00","015","1501","0474","724","524","200","49","773","1712","0","45.15","30.61"
"10","013","00","015","1501","0475","139","102","37","34","173","314","0","55.1","32.48"
"10","013","00","015","1502","0000","518","380","138","71","589","1086","0","54.24","34.99"
"10","013","00","015","1502","0476","362","259","103","44","406","752","0","53.99","34.44"
"10","013","00","015","1502","0477","156","121","35","27","183","334","0","54.79","36.23"
"10","013","00","015","1503","0000","419","353","66","68","487","957","0","50.89","36.89"
"10","013","00","015","1503","0478","419","353","66","68","487","957","0","50.89","36.89"
"10","013","00","015","1504","0000","382","280","102","71","453","764","0","59.29","36.65"
"10","013","00","015","1504","0479","382","280","102","71","453","764","0","59.29","36.65"
"10","013","00","015","1505","0000","738","527","211","100","838","1752","0","47.83","30.08"
"10","013","00","015","1505","0480","179","119","60","34","213","373","0","57.1","31.9"
"10","013","00","015","1505","0481","280","200","80","34","314","678","0","46.31","29.5"
"10","013","00","015","1505","0482","279","208","71","32","311","701","0","44.37","29.67"
"10","013","00","015","1506","0000","492","377","115","78","570","1125","0","50.67","33.51"
"10","013","00","015","1506","0484","266","195","71","43","309","541","0","57.12","36.04"
"10","013","00","015","1506","0485","226","182","44","35","261","584","0","44.69","31.16"
"10","013","00","015","1507","0000","458","337","121","77","535","1323","0","40.44","25.47"
"10","013","00","015","1507","0483","458","337","121","77","535","1323","0","40.44","25.47"
"10","013","00","016","0000","0000","9743","7292","2451","1469","11212","21394","24413","52.41","34.08"
"10","013","00","016","1601","0000","587","449","138","84","671","1213","0","55.32","37.02"
"10","013","00","016","1601","0486","587","449","138","84","671","1213","0","55.32","37.02"
"10","013","00","016","1602","0000","440","319","121","72","512","891","0","57.46","35.8"
"10","013","00","016","1602","0487","440","319","121","72","512","891","0","57.46","35.8"
"10","013","00","016","1603","0000","401","299","102","94","495","970","0","51.03","30.82"
"10","013","00","016","1603","0488","401","299","102","94","495","970","0","51.03","30.82"
"10","013","00","016","1604","0000","297","237","60","37","334","629","0","53.1","37.68"
"10","013","00","016","1604","0489","297","237","60","37","334","629","0","53.1","37.68"
"10","013","00","016","1605","0000","821","628","193","90","911","1614","0","56.44","38.91"
"10","013","00","016","1605","0490","427","322","105","47","474","840","0","56.43","38.33"
"10","013","00","016","1605","0491","394","306","88","43","437","774","0","56.46","39.53"
"10","013","00","016","1606","0000","1912","1444","468","256","2168","4157","0","52.15","34.74"
"10","013","00","016","1606","0492","618","447","171","88","706","1379","0","51.2","32.41"
"10","013","00","016","1606","0493","738","578","160","70","808","1502","0","53.79","38.48"
"10","013","00","016","1606","0494","556","419","137","98","654","1276","0","51.25","32.84"
"10","013","00","016","1607","0000","950","712","238","170","1120","1969","0","56.88","36.16"
"10","013","00","016","1607","0495","442","327","115","74","516","964","0","53.53","33.92"
"10","013","00","016","1607","0496","508","385","123","96","604","1005","0","60.1","38.31"
"10","013","00","016","1608","0000","645","500","145","91","736","1459","0","50.45","34.27"
"10","013","00","016","1608","0497","303","238","65","25","328","734","0","44.69","32.43"
"10","013","00","016","1608","0498","342","262","80","66","408","725","0","56.28","36.14"
"10","013","00","016","1609","0000","967","716","251","158","1125","2113","0","53.24","33.89"
"10","013","00","016","1609","0499","435","310","125","76","511","1046","0","48.85","29.64"
"10","013","00","016","1609","0500","532","406","126","82","614","1067","0","57.54","38.05"
"10","013","00","016","1610","0000","208","145","63","69","277","718","0","38.58","20.19"
"10","013","00","016","1610","0501","208","145","63","69","277","718","0","38.58","20.19"
"10","013","00","016","1611","0000","371","278","93","53","424","903","0","46.95","30.79"
"10","013","00","016","1611","0502","371","278","93","53","424","903","0","46.95","30.79"
"10","013","00","016","1612","0000","350","265","85","40","390","959","0","40.67","27.63"
"10","013","00","016","1612","0506","350","265","85","40","390","959","0","40.67","27.63"
"10","013","00","016","1613","0000","206","159","47","29","235","427","0","55.04","37.24"
"10","013","00","016","1613","0507","206","159","47","29","235","427","0","55.04","37.24"
"10","013","00","016","1614","0000","1254","905","349","175","1429","2754","0","51.89","32.86"
"10","013","00","016","1614","0503","600","431","169","89","689","1387","0","49.68","31.07"
"10","013","00","016","1614","0504","654","474","180","86","740","1367","0","54.13","34.67"
"10","013","00","016","1615","0000","334","236","98","51","385","618","0","62.3","38.19"
"10","013","00","016","1615","0505","334","236","98","51","385","618","0","62.3","38.19"
"10","013","00","017","0000","0000","13846","10269","3577","2072","15918","30706","34961","51.84","33.44"
"10","013","00","017","1701","0000","863","647","216","114","977","1663","0","58.75","38.91"
"10","013","00","017","1701","0508","418","294","124","54","472","820","0","57.56","35.85"
"10","013","00","017","1701","0509","445","353","92","60","505","843","0","59.91","41.87"
"10","013","00","017","1702","0000","1253","962","291","130","1383","2532","0","54.62","37.99"
"10","013","00","017","1702","0510","577","443","134","66","643","1242","0","51.77","35.67"
"10","013","00","017","1702","0511","676","519","157","64","740","1290","0","57.36","40.23"
"10","013","00","017","1703","0000","1034","758","276","156","1190","2161","0","55.07","35.08"
"10","013","00","017","1703","0512","510","383","127","52","562","1073","0","52.38","35.69"
"10","013","00","017","1703","0513","524","375","149","104","628","1088","0","57.72","34.47"
"10","013","00","017","1704","0000","373","288","85","48","421","845","0","49.82","34.08"
"10","013","00","017","1704","0514","373","288","85","48","421","845","0","49.82","34.08"
"10","013","00","017","1705","0000","410","297","113","14","424","862","0","49.19","34.45"
"10","013","00","017","1705","0515","410","297","113","14","424","862","0","49.19","34.45"
"10","013","00","017","1706","0000","1031","782","249","177","1208","2292","0","52.71","34.12"
"10","013","00","017","1706","0516","516","361","155","82","598","1183","0","50.55","30.52"
"10","013","00","017","1706","0517","515","421","94","95","610","1109","0","55.0","37.96"
"10","013","00","017","1707","0000","981","735","246","64","1045","2271","0","46.01","32.36"
"10","013","00","017","1707","0518","463","357","106","17","480","1119","0","42.9","31.9"
"10","013","00","017","1707","0519","518","378","140","47","565","1152","0","49.05","32.81"
"10","013","00","017","1708","0000","491","361","130","0","491","1240","0","39.6","29.11"
"10","013","00","017","1708","0522","491","361","130","0","491","1240","0","39.6","29.11"
"10","013","00","017","1709","0000","932","665","267","113","1045","2194","0","47.63","30.31"
"10","013","00","017","1709","0523","390","268","122","31","421","1120","0","37.59","23.93"
"10","013","00","017","1709","0524","542","397","145","82","624","1074","0","58.1","36.96"
"10","013","00","017","1710","0000","690","485","205","119","809","1598","0","50.63","30.35"
"10","013","00","017","1710","0525","345","258","87","52","397","849","0","46.76","30.39"
"10","013","00","017","1710","0526","345","227","118","67","412","749","0","55.01","30.31"
"10","013","00","017","1711","0000","623","449","174","92","715","1416","0","50.49","31.71"
"10","013","00","017","1711","0527","623","449","174","92","715","1416","0","50.49","31.71"
"10","013","00","017","1712","0000","986","741","245","171","1157","2134","0","54.22","34.72"
"10","013","00","017","1712","0520","507","377","130","61","568","1030","0","55.15","36.6"
"10","013","00","017","1712","0521","479","364","115","110","589","1104","0","53.35","32.97"
"10","013","00","017","1713","0000","1306","975","331","205","1511","2800","0","53.96","34.82"
"10","013","00","017","1713","0528","406","303","103","74","480","895","0","53.63","33.85"
"10","013","00","017","1713","0529","449","336","113","71","520","933","0","55.73","36.01"
"10","013","00","017","1713","0530","451","336","115","60","511","972","0","52.57","34.57"
"10","013","00","017","1714","0000","1817","1354","463","386","2203","4377","0","50.33","30.93"
"10","013","00","017","1714","0531","507","372","135","95","602","1454","0","41.4","25.58"
"10","013","00","017","1714","0532","796","588","208","169","965","1653","0","58.38","35.57"
"10","013","00","017","1714","0533","514","394","120","122","636","1270","0","50.08","31.02"
"10","013","00","017","1715","0000","1056","770","286","283","1339","2321","0","57.69","33.18"
"10","013","00","017","1715","0534","569","419","150","157","726","1123","0","64.65","37.31"
"10","013","00","017","1715","0535","487","351","136","126","613","1198","0","51.17","29.3"
"10","013","00","018","0000","0000","5627","4227","1400","649","6276","12270","15524","51.15","34.45"
"10","013","00","018","1801","0000","1029","805","224","116","1145","2234","0","51.25","36.03"
"10","013","00","018","1801","0536","519","418","101","47","566","1190","0","47.56","35.13"
"10","013","00","018","1801","0537","510","387","123","69","579","1044","0","55.46","37.07"
"10","013","00","018","1802","0000","961","709","252","113","1074","2032","0","52.85","34.89"
"10","013","00","018","1802","0538","399","286","113","52","451","818","0","55.13","34.96"
"10","013","00","018","1802","0539","562","423","139","61","623","1214","0","51.32","34.84"
"10","013","00","018","1803","0000","629","495","134","69","698","1253","0","55.71","39.51"
"10","013","00","018","1803","0541","629","495","134","69","698","1253","0","55.71","39.51"
"10","013","00","018","1804","0000","554","425","129","43","597","1325","0","45.06","32.08"
"10","013","00","018","1804","0540","554","425","129","43","597","1325","0","45.06","32.08"
"10","013","00","018","1805","0000","472","358","114","56","528","1039","0","50.82","34.46"
"10","013","00","018","1805","0542","472","358","114","56","528","1039","0","50.82","34.46"
"10","013","00","018","1806","0000","630","471","159","84","714","1549","0","46.09","30.41"
"10","013","00","018","1806","0543","330","242","88","54","384","813","0","47.23","29.77"
"10","013","00","018","1806","0544","300","229","71","30","330","736","0","44.84","31.11"
"10","013","00","018","1807","0000","474","329","145","48","522","934","0","55.89","35.22"
"10","013","00","018","1807","0545","474","329","145","48","522","934","0","55.89","35.22"
"10","013","00","018","1808","0000","878","635","243","120","998","1904","0","52.42","33.35"
"10","013","00","018","1808","0546","408","279","129","63","471","900","0","52.33","31.0"
"10","013","00","018","1808","0547","470","356","114","57","527","1004","0","52.49","35.46"
"10","013","00","019","0000","0000","7461","5553","1908","1108","8569","15691","17842","54.61","35.39"
"10","013","00","019","1901","0000","750","561","189","122","872","1458","0","59.81","38.48"
"10","013","00","019","1901","0548","750","561","189","122","872","1458","0","59.81","38.48"
"10","013","00","019","1902","0000","814","629","185","107","921","1586","0","58.07","39.66"
"10","013","00","019","1902","0549","446","336","110","59","505","891","0","56.68","37.71"
"10","013","00","019","1902","0550","368","293","75","48","416","695","0","59.86","42.16"
"10","013","00","019","1903","0000","811","586","225","150","961","1634","0","58.81","35.86"
"10","013","00","019","1903","0555","405","282","123","85","490","841","0","58.26","33.53"
"10","013","00","019","1903","0556","406","304","102","65","471","793","0","59.39","38.34"
"10","013","00","019","1904","0000","411","287","124","48","459","725","0","63.31","39.59"
"10","013","00","019","1904","0554","411","287","124","48","459","725","0","63.31","39.59"
"10","013","00","019","1905","0000","1598","1199","399","200","1798","3189","0","56.38","37.6"
"10","013","00","019","1905","0551","523","375","148","80","603","1015","0","59.41","36.95"
"10","013","00","019","1905","0552","612","470","142","60","672","1171","0","57.39","40.14"
"10","013","00","019","1905","0553","463","354","109","60","523","1003","0","52.14","35.29"
"10","013","00","019","1906","0000","696","519","177","118","814","1816","0","44.82","28.58"
"10","013","00","019","1906","0559","315","214","101","55","370","783","0","47.25","27.33"
"10","013","00","019","1906","0560","381","305","76","63","444","1033","0","42.98","29.53"
"10","013","00","019","1907","0000","567","424","143","73","640","1283","0","49.88","33.05"
"10","013","00","019","1907","0558","567","424","143","73","640","1283","0","49.88","33.05"
"10","013","00","019","1908","0000","481","378","103","64","545","919","0","59.3","41.13"
"10","013","00","019","1908","0557","481","378","103","64","545","919","0","59.3","41.13"
"10","013","00","019","1909","0000","868","628","240","187","1055","1959","0","53.85","32.06"
"10","013","00","019","1909","0561","526","387","139","109","635","1186","0","53.54","32.63"
"10","013","00","019","1909","0562","342","241","101","78","420","773","0","54.33","31.18"
"10","013","00","019","1910","0000","465","342","123","39","504","1122","0","44.92","30.48"
"10","013","00","019","1910","0563","465","342","123","39","504","1122","0","44.92","30.48"
"10","013","00","020","0000","0000","4377","3279","1098","555","4932","9479","10650","52.03","34.59"
"10","013","00","020","2001","0000","763","594","169","108","871","1666","0","52.28","35.65"
"10","013","00","020","2001","0564","382","306","76","54","436","872","0","50.0","35.09"
"10","013","00","020","2001","0565","381","288","93","54","435","794","0","54.79","36.27"
"10","013","00","020","2002","0000","495","361","134","61","556","962","0","57.8","37.53"
"10","013","00","020","2002","0566","495","361","134","61","556","962","0","57.8","37.53"
"10","013","00","020","2003","0000","247","177","70","25","272","466","0","58.37","37.98"
"10","013","00","020","2003","0569","247","177","70","25","272","466","0","58.37","37.98"
"10","013","00","020","2004","0000","371","291","80","43","414","708","0","58.47","41.1"
"10","013","00","020","2004","0570","371","291","80","43","414","708","0","58.47","41.1"
"10","013","00","020","2005","0000","497","369","128","72","569","1033","0","55.08","35.72"
"10","013","00","020","2005","0567","497","369","128","72","569","1033","0","55.08","35.72"
"10","013","00","020","2006","0000","457","329","128","59","516","1007","0","51.24","32.67"
"10","013","00","020","2006","0568","457","329","128","59","516","1007","0","51.24","32.67"
"10","013","00","020","2007","0000","518","383","135","73","591","1044","0","56.61","36.69"
"10","013","00","020","2007","0571","518","383","135","73","591","1044","0","56.61","36.69"
"10","013","00","020","2008","0000","386","300","86","42","428","1071","0","39.96","28.01"
"10","013","00","020","2008","0572","386","300","86","42","428","1071","0","39.96","28.01"
"10","013","00","020","2009","0000","407","294","113","35","442","979","0","45.15","30.03"
"10","013","00","020","2009","0573","407","294","113","35","442","979","0","45.15","30.03"
"10","013","00","020","2010","0000","236","181","55","37","273","543","0","50.28","33.33"
"10","013","00","020","2010","0574","236","181","55","37","273","543","0","50.28","33.33"
"10","013","00","021","0000","0000","7171","5317","1854","1101","8272","17063","19172","48.48","31.16"
"10","013","00","021","2101","0000","611","460","151","76","687","1472","0","46.67","31.25"
"10","013","00","021","2101","0575","611","460","151","76","687","1472","0","46.67","31.25"
"10","013","00","021","2102","0000","505","383","122","86","591","1360","0","43.46","28.16"
"10","013","00","021","2102","0576","505","383","122","86","591","1360","0","43.46","28.16"
"10","013","00","021","2103","0000","388","274","114","74","462","804","0","57.46","34.08"
"10","013","00","021","2103","0577","388","274","114","74","462","804","0","57.46","34.08"
"10","013","00","021","2104","0000","745","536","209","104","849","1780","0","47.7","30.11"
"10","013","00","021","2104","0578","406","294","112","80","486","925","0","52.54","31.78"
"10","013","00","021","2104","0579","339","242","97","24","363","855","0","42.46","28.3"
"10","013","00","021","2105","0000","845","641","204","110","955","1988","0","48.04","32.24"
"10","013","00","021","2105","0580","419","320","99","41","460","981","0","46.89","32.62"
"10","013","00","021","2105","0581","426","321","105","69","495","1007","0","49.16","31.88"
"10","013","00","021","2106","0000","832","623","209","134","966","2127","0","45.42","29.29"
"10","013","00","021","2106","0582","336","234","102","62","398","872","0","45.64","26.83"
"10","013","00","021","2106","0583","496","389","107","72","568","1255","0","45.26","31.0"
"10","013","00","021","2107","0000","440","353","87","105","545","995","0","54.77","35.48"
"10","013","00","021","2107","0584","440","353","87","105","545","995","0","54.77","35.48"
"10","013","00","021","2108","0000","251","181","70","25","276","734","0","37.6","24.66"
"10","013","00","021","2108","0585","251","181","70","25","276","734","0","37.6","24.66"
"10","013","00","021","2109","0000","451","337","114","43","494","1178","0","41.94","28.61"
"10","013","00","021","2109","0586","451","337","114","43","494","1178","0","41.94","28.61"
"10","013","00","021","2110","0000","432","317","115","63","495","1095","0","45.21","28.95"
"10","013","00","021","2110","0587","432","317","115","63","495","1095","0","45.21","28.95"
"10","013","00","021","2111","0000","511","371","140","128","639","1097","0","58.25","33.82"
"10","013","00","021","2111","0588","511","371","140","128","639","1097","0","58.25","33.82"
"10","013","00","021","2112","0000","1160","841","319","153","1313","2433","0","53.97","34.57"
"10","013","00","021","2112","0589","579","427","152","78","657","1273","0","51.61","33.54"
"10","013","00","021","2112","0590","581","414","167","75","656","1160","0","56.55","35.69"
"10","013","00","022","0000","0000","3789","2962","827","602","4391","10706","12395","41.01","27.67"
"10","013","00","022","2201","0000","755","596","159","113","868","2083","0","41.67","28.61"
"10","013","00","022","2201","0591","386","303","83","53","439","1111","0","39.51","27.27"
"10","013","00","022","2201","0592","369","293","76","60","429","972","0","44.14","30.14"
"10","013","00","022","2202","0000","561","447","114","88","649","1278","0","50.78","34.98"
"10","013","00","022","2202","0593","561","447","114","88","649","1278","0","50.78","34.98"
"10","013","00","022","2203","0000","404","326","78","91","495","976","0","50.72","33.4"
"10","013","00","022","2203","0594","404","326","78","91","495","976","0","50.72","33.4"
"10","013","00","022","2204","0000","693","526","167","93","786","1658","0","47.41","31.72"
"10","013","00","022","2204","0595","693","526","167","93","786","1658","0","47.41","31.72"
"10","013","00","022","2205","0000","379","299","80","57","436","1146","0","38.05","26.09"
"10","013","00","022","2205","0596","379","299","80","57","436","1146","0","38.05","26.09"
"10","013","00","022","2206","0000","165","90","75","53","218","1079","0","20.2","8.34"
"10","013","00","022","2206","0597","165","90","75","53","218","1079","0","20.2","8.34"
"10","013","00","022","2207","0000","460","379","81","35","495","1613","0","30.69","23.5"
"10","013","00","022","2207","0598","460","379","81","35","495","1613","0","30.69","23.5"
"10","013","00","022","2208","0000","372","299","73","72","444","873","0","50.86","34.25"
"10","013","00","022","2208","0599","372","299","73","72","444","873","0","50.86","34.25"
"10","013","00","023","0000","0000","2717","2023","694","306","3023","7595","8619","39.8","26.64"
"10","013","00","023","2301","0000","560","435","125","53","613","1347","0","45.51","32.29"
"10","013","00","023","2301","0602","196","156","40","20","216","491","0","43.99","31.77"
"10","013","00","023","2301","0603","364","279","85","33","397","856","0","46.38","32.59"
"10","013","00","023","2302","0000","212","151","61","11","223","554","0","40.25","27.26"
"10","013","00","023","2302","0604","212","151","61","11","223","554","0","40.25","27.26"
"10","013","00","023","2303","0000","206","151","55","35","241","647","0","37.25","23.34"
"10","013","00","023","2303","0601","206","151","55","35","241","647","0","37.25","23.34"
"10","013","00","023","2304","0000","260","193","67","49","309","737","0","41.93","26.19"
"10","013","00","023","2304","0600","260","193","67","49","309","737","0","41.93","26.19"
"10","013","00","023","2305","0000","133","101","32","6","139","388","0","35.82","26.03"
"10","013","00","023","2305","0605","133","101","32","6","139","388","0","35.82","26.03"
"10","013","00","023","2306","0000","315","218","97","50","365","922","0","39.59","23.64"
"10","013","00","023","2306","0606","315","218","97","50","365","922","0","39.59","23.64"
"10","013","00","023","2307","0000","337","249","88","20","357","1220","0","29.26","20.41"
"10","013","00","023","2307","0607","169","132","37","9","178","597","0","29.82","22.11"
"10","013","00","023","2307","0608","168","117","51","11","179","623","0","28.73","18.78"
"10","013","00","023","2308","0000","166","126","40","25","191","425","0","44.94","29.65"
"10","013","00","023","2308","0609","166","126","40","25","191","425","0","44.94","29.65"
"10","013","00","023","2309","0000","196","155","41","20","216","428","0","50.47","36.21"
"10","013","00","023","2309","0610","196","155","41","20","216","428","0","50.47","36.21"
"10","013","00","023","2310","0000","150","115","35","14","164","504","0","32.54","22.82"
"10","013","00","023","2310","0611","150","115","35","14","164","504","0","32.54","22.82"
"10","013","00","023","2311","0000","182","129","53","23","205","423","0","48.46","30.5"
"10","013","00","023","2311","0612","182","129","53","23","205","423","0","48.46","30.5"
"10","013","00","024","0000","0000","2786","2123","663","255","3041","7206","8068","42.2","29.46"
"10","013","00","024","2401","0000","673","520","153","51","724","1575","0","45.97","33.02"
"10","013","00","024","2401","0613","673","520","153","51","724","1575","0","45.97","33.02"
"10","013","00","024","2402","0000","171","131","40","13","184","420","0","43.81","31.19"
"10","013","00","024","2402","0614","171","131","40","13","184","420","0","43.81","31.19"
"10","013","00","024","2403","0000","433","331","102","23","456","1302","0","35.02","25.42"
"10","013","00","024","2403","0616","433","331","102","23","456","1302","0","35.02","25.42"
"10","013","00","024","2404","0000","580","440","140","57","637","1314","0","48.48","33.49"
"10","013","00","024","2404","0617","580","440","140","57","637","1314","0","48.48","33.49"
"10","013","00","024","2405","0000","316","226","90","33","349","602","0","57.97","37.54"
"10","013","00","024","2405","0615","316","226","90","33","349","602","0","57.97","37.54"
"10","013","00","024","2406","0000","354","282","72","36","390","1308","0","29.82","21.56"
"10","013","00","024","2406","0618","354","282","72","36","390","1308","0","29.82","21.56"
"10","013","00","024","2407","0000","120","84","36","15","135","367","0","36.78","22.89"
"10","013","00","024","2407","0619","120","84","36","15","135","367","0","36.78","22.89"
"10","013","00","024","2408","0000","139","109","30","27","166","318","0","52.2","34.28"
"10","013","00","024","2408","0620","139","109","30","27","166","318","0","52.2","34.28"
"10","013","00","025","0000","0000","2146","1616","530","256","2402","4856","5547","49.46","33.28"
"10","013","00","025","2501","0000","554","431","123","69","623","1032","0","60.37","41.76"
"10","013","00","025","2501","0621","331","258","73","34","365","604","0","60.43","42.72"
"10","013","00","025","2501","0622","223","173","50","35","258","428","0","60.28","40.42"
"10","013","00","025","2502","0000","937","712","225","99","1036","1900","0","54.53","37.47"
"10","013","00","025","2502","0623","502","389","113","75","577","928","0","62.18","41.92"
"10","013","00","025","2502","0624","435","323","112","24","459","972","0","47.22","33.23"
"10","013","00","025","2503","0000","386","286","100","67","453","1041","0","43.52","27.47"
"10","013","00","025","2503","0625","386","286","100","67","453","1041","0","43.52","27.47"
"10","013","00","025","2504","0000","269","187","82","21","290","883","0","32.84","21.18"
"10","013","00","025","2504","0626","269","187","82","21","290","883","0","32.84","21.18"
"10","013","00","026","0000","0000","2852","2208","644","320","3172","6373","7694","49.77","34.65"
"10","013","00","026","2601","0000","725","564","161","68","793","1448","0","54.77","38.95"
"10","013","00","026","2601","0630","725","564","161","68","793","1448","0","54.77","38.95"
"10","013","00","026","2602","0000","127","101","26","14","141","323","0","43.65","31.27"
"10","013","00","026","2602","0629","127","101","26","14","141","323","0","43.65","31.27"
"10","013","00","026","2603","0000","268","199","69","76","344","572","0","60.14","34.79"
"10","013","00","026","2603","0628","268","199","69","76","344","572","0","60.14","34.79"
"10","013","00","026","2604","0000","235","186","49","22","257","616","0","41.72","30.19"
"10","013","00","026","2604","0627","235","186","49","22","257","616","0","41.72","30.19"
"10","013","00","026","2605","0000","208","164","44","6","214","726","0","29.48","22.59"
"10","013","00","026","2605","0631","208","164","44","6","214","726","0","29.48","22.59"
"10","013","00","026","2606","0000","253","193","60","31","284","554","0","51.26","34.84"
"10","013","00","026","2606","0632","253","193","60","31","284","554","0","51.26","34.84"
"10","013","00","026","2607","0000","164","114","50","16","180","346","0","52.02","32.95"
"10","013","00","026","2607","0633","164","114","50","16","180","346","0","52.02","32.95"
"10","013","00","026","2608","0000","155","111","44","1","156","458","0","34.06","24.24"
"10","013","00","026","2608","0634","155","111","44","1","156","458","0","34.06","24.24"
"10","013","00","026","2609","0000","341","264","77","16","357","692","0","51.59","38.15"
"10","013","00","026","2609","0635","341","264","77","16","357","692","0","51.59","38.15"
"10","013","00","026","2610","0000","376","312","64","70","446","638","0","69.91","48.9"
"10","013","00","026","2610","0636","376","312","64","70","446","638","0","69.91","48.9"
"10","013","00","027","0000","0000","1446","1106","340","112","1558","2950","3376","52.81","37.49"
"10","013","00","027","2701","0000","611","480","131","43","654","1185","0","55.19","40.51"
"10","013","00","027","2701","0637","236","183","53","30","266","346","0","76.88","52.89"
"10","013","00","027","2701","0638","326","257","69","12","338","677","0","49.93","37.96"
"10","013","00","027","2701","0639","49","40","9","1","50","162","0","30.86","24.69"
"10","013","00","027","2702","0000","172","145","27","38","210","296","0","70.95","48.99"
"10","013","00","027","2702","0641","172","145","27","38","210","296","0","70.95","48.99"
"10","013","00","027","2703","0000","86","71","15","4","90","189","0","47.62","37.57"
"10","013","00","027","2703","0640","86","71","15","4","90","189","0","47.62","37.57"
"10","013","00","027","2704","0000","194","143","51","12","206","450","0","45.78","31.78"
"10","013","00","027","2704","0644","194","143","51","12","206","450","0","45.78","31.78"
"10","013","00","027","2705","0000","130","93","37","3","133","347","0","38.33","26.8"
"10","013","00","027","2705","0643","130","93","37","3","133","347","0","38.33","26.8"
"10","013","00","027","2706","0000","253","174","79","12","265","483","0","54.87","36.02"
"10","013","00","027","2706","0642","253","174","79","12","265","483","0","54.87","36.02"
"10","013","00","028","0000","0000","3027","2346","681","252","3279","5663","6833","57.9","41.43"
"10","013","00","028","2801","0000","212","168","44","5","217","455","0","47.69","36.92"
"10","013","00","028","2801","0645","212","168","44","5","217","455","0","47.69","36.92"
"10","013","00","028","2802","0000","489","345","144","54","543","821","0","66.14","42.02"
"10","013","00","028","2802","0646","489","345","144","54","543","821","0","66.14","42.02"
"10","013","00","028","2803","0000","405","303","102","22","427","1057","0","40.4","28.67"
"10","013","00","028","2803","0650","405","303","102","22","427","1057","0","40.4","28.67"
"10","013","00","028","2804","0000","468","372","96","19","487","900","0","54.11","41.33"
"10","013","00","028","2804","0651","468","372","96","19","487","900","0","54.11","41.33"
"10","013","00","028","2805","0000","197","161","36","7","204","429","0","47.55","37.53"
"10","013","00","028","2805","0652","197","161","36","7","204","429","0","47.55","37.53"
"10","013","00","028","2806","0000","1256","997","259","145","1401","2001","0","70.01","49.83"
"10","013","00","028","2806","0647","386","291","95","74","460","635","0","72.44","45.83"
"10","013","00","028","2806","0648","478","376","102","39","517","695","0","74.39","54.1"
"10","013","00","028","2806","0649","392","330","62","32","424","671","0","63.19","49.18"
"10","013","00","029","0000","0000","2371","1791","580","325","2696","4344","5403","62.06","41.23"
"10","013","00","029","2901","0000","424","335","89","26","450","859","0","52.39","39.0"
"10","013","00","029","2901","0653","338","273","65","19","357","669","0","53.36","40.81"
"10","013","00","029","2901","0654","86","62","24","7","93","190","0","48.95","32.63"
"10","013","00","029","2902","0000","529","386","143","78","607","922","0","65.84","41.87"
"10","013","00","029","2902","0655","529","386","143","78","607","922","0","65.84","41.87"
"10","013","00","029","2903","0000","375","283","92","67","442","598","0","73.91","47.32"
"10","013","00","029","2903","0656","375","283","92","67","442","598","0","73.91","47.32"
"10","013","00","029","2904","0000","250","183","67","52","302","414","0","72.95","44.2"
"10","013","00","029","2904","0658","250","183","67","52","302","414","0","72.95","44.2"
"10","013","00","029","2905","0000","351","248","103","41","392","780","0","50.26","31.79"
"10","013","00","029","2905","0659","351","248","103","41","392","780","0","50.26","31.79"
"10","013","00","029","2906","0000","442","356","86","61","503","771","0","65.24","46.17"
"10","013","00","029","2906","0657","442","356","86","61","503","771","0","65.24","46.17"
"10","013","00","030","0000","0000","3218","2576","642","349","3567","6257","7445","57.01","41.17"
"10","013","00","030","3001","0000","481","404","77","108","589","917","0","64.23","44.06"
"10","013","00","030","3001","0660","481","404","77","108","589","917","0","64.23","44.06"
"10","013","00","030","3002","0000","241","194","47","13","254","577","0","44.02","33.62"
"10","013","00","030","3002","0661","167","131","36","13","180","361","0","49.86","36.29"
"10","013","00","030","3002","0662","74","63","11","0","74","216","0","34.26","29.17"
"10","013","00","030","3003","0000","464","397","67","54","518","725","0","71.45","54.76"
"10","013","00","030","3003","0663","310","271","39","26","336","445","0","75.51","60.9"
"10","013","00","030","3003","0664","154","126","28","28","182","280","0","65.0","45.0"
"10","013","00","030","3004","0000","599","500","99","50","649","1097","0","59.16","45.58"
"10","013","00","030","3004","0665","599","500","99","50","649","1097","0","59.16","45.58"
"10","013","00","030","3005","0000","489","393","96","70","559","840","0","66.55","46.79"
"10","013","00","030","3005","0666","489","393","96","70","559","840","0","66.55","46.79"
"10","013","00","030","3006","0000","400","302","98","21","421","889","0","47.36","33.97"
"10","013","00","030","3006","0667","400","302","98","21","421","889","0","47.36","33.97"
"10","013","00","030","3007","0000","544","386","158","33","577","1212","0","47.61","31.85"
"10","013","00","030","3007","0668","544","386","158","33","577","1212","0","47.61","31.85"
"10","013","00","031","0000","0000","972","739","233","61","1033","3923","4903","26.33","18.84"
"10","013","00","031","3101","0000","185","140","45","7","192","909","0","21.12","15.4"
"10","013","00","031","3101","0669","185","140","45","7","192","909","0","21.12","15.4"
"10","013","00","031","3102","0000","179","118","61","20","199","663","0","30.02","17.8"
"10","013","00","031","3102","0670","179","118","61","20","199","663","0","30.02","17.8"
"10","013","00","031","3103","0000","40","33","7","0","40","304","0","13.16","10.86"
"10","013","00","031","3103","0671","40","33","7","0","40","304","0","13.16","10.86"
"10","013","00","031","3104","0000","314","251","63","22","336","928","0","36.21","27.05"
"10","013","00","031","3104","0672","314","251","63","22","336","928","0","36.21","27.05"
"10","013","00","031","3105","0000","153","118","35","9","162","641","0","25.27","18.41"
"10","013","00","031","3105","0673","153","118","35","9","162","641","0","25.27","18.41"
"10","013","00","031","3106","0000","101","79","22","3","104","478","0","21.76","16.53"
"10","013","00","031","3106","0674","101","79","22","3","104","478","0","21.76","16.53"
"10","013","00","032","0000","0000","1696","1382","314","127","1823","4230","5018","43.1","32.67"
"10","013","00","032","3201","0000","338","293","45","17","355","751","0","47.27","39.01"
"10","013","00","032","3201","0675","338","293","45","17","355","751","0","47.27","39.01"
"10","013","00","032","3202","0000","320","268","52","33","353","776","0","45.49","34.54"
"10","013","00","032","3202","0676","320","268","52","33","353","776","0","45.49","34.54"
"10","013","00","032","3203","0000","257","216","41","14","271","711","0","38.12","30.38"
"10","013","00","032","3203","0677","257","216","41","14","271","711","0","38.12","30.38"
"10","013","00","032","3204","0000","154","106","48","27","181","243","0","74.49","43.62"
"10","013","00","032","3204","0678","154","106","48","27","181","243","0","74.49","43.62"
"10","013","00","032","3205","0000","165","128","37","13","178","325","0","54.77","39.38"
"10","013","00","032","3205","0679","165","128","37","13","178","325","0","54.77","39.38"
"10","013","00","032","3206","0000","124","99","25","6","130","476","0","27.31","20.8"
"10","013","00","032","3206","0680","124","99","25","6","130","476","0","27.31","20.8"
"10","013","00","032","3207","0000","224","182","42","10","234","602","0","38.87","30.23"
"10","013","00","032","3207","0681","224","182","42","10","234","602","0","38.87","30.23"
"10","013","00","032","3208","0000","114","90","24","7","121","346","0","34.97","26.01"
"10","013","00","032","3208","0682","114","90","24","7","121","346","0","34.97","26.01"
"10","013","00","033","0000","0000","1619","1305","314","112","1731","4314","5003","40.13","30.25"
"10","013","00","033","3301","0000","738","602","136","67","805","1648","0","48.85","36.53"
"10","013","00","033","3301","0683","130","104","26","12","142","342","0","41.52","30.41"
"10","013","00","033","3301","0684","608","498","110","55","663","1306","0","50.77","38.13"
"10","013","00","033","3302","0000","160","138","22","6","166","693","0","23.95","19.91"
"10","013","00","033","3302","0685","160","138","22","6","166","693","0","23.95","19.91"
"10","013","00","033","3303","0000","148","109","39","12","160","437","0","36.61","24.94"
"10","013","00","033","3303","0686","148","109","39","12","160","437","0","36.61","24.94"
"10","013","00","033","3304","0000","184","140","44","10","194","392","0","49.49","35.71"
"10","013","00","033","3304","0687","184","140","44","10","194","392","0","49.49","35.71"
"10","013","00","033","3305","0000","264","208","56","11","275","593","0","46.37","35.08"
"10","013","00","033","3305","0688","264","208","56","11","275","593","0","46.37","35.08"
"10","013","00","033","3306","0000","125","108","17","6","131","551","0","23.77","19.6"
"10","013","00","033","3306","0689","125","108","17","6","131","551","0","23.77","19.6"
"10","002","00","000","0000","0000","192169","148910","43259","19570","211739","386089","455508","54.84","38.57"
"10","002","00","001","0000","0000","40910","32163","8747","3586","44496","79167","95747","56.21","40.63"
"10","002","00","001","0101","0000","1322","1055","267","129","1451","2598","0","55.85","40.61"
"10","002","00","001","0101","0023","346","264","82","45","391","669","0","58.45","39.46"
"10","002","00","001","0101","0024","488","406","82","40","528","923","0","57.2","43.99"
"10","002","00","001","0101","0025","488","385","103","44","532","1006","0","52.88","38.27"
"10","002","00","001","0102","0000","805","623","182","46","851","1747","0","48.71","35.66"
"10","002","00","001","0102","0021","550","434","116","32","582","1282","0","45.4","33.85"
"10","002","00","001","0102","0022","255","189","66","14","269","465","0","57.85","40.65"
"10","002","00","001","0108","0000","1123","893","230","54","1177","2122","0","55.47","42.08"
"10","002","00","001","0108","0029","615","485","130","30","645","1143","0","56.43","42.43"
"10","002","00","001","0108","0030","508","408","100","24","532","979","0","54.34","41.68"
"10","002","00","001","0109","0000","601","478","123","60","661","1214","0","54.45","39.37"
"10","002","00","001","0109","0031","601","478","123","60","661","1214","0","54.45","39.37"
"10","002","00","001","0110","0000","958","755","203","68","1026","1717","0","59.76","43.97"
"10","002","00","001","0110","0035","504","410","94","29","533","943","0","56.52","43.48"
"10","002","00","001","0110","0036","454","345","109","39","493","774","0","63.7","44.57"
"10","002","00","001","0111","0000","1055","869","186","78","1133","2036","0","55.65","42.68"
"10","002","00","001","0111","0033","510","409","101","38","548","946","0","57.93","43.23"
"10","002","00","001","0111","0034","545","460","85","40","585","1090","0","53.67","42.2"
"10","002","00","001","0112","0000","644","459","185","97","741","1283","0","57.76","35.78"
"10","002","00","001","0112","0032","644","459","185","97","741","1283","0","57.76","35.78"
"10","002","00","001","0113","0000","928","747","181","112","1040","1815","0","57.3","41.16"
"10","002","00","001","0113","0051","444","359","85","62","506","905","0","55.91","39.67"
"10","002","00","001","0113","0052","484","388","96","50","534","910","0","58.68","42.64"
"10","002","00","001","0114","0000","1184","961","223","85","1269","2214","0","57.32","43.41"
"10","002","00","001","0114","0046","597","483","114","29","626","1110","0","56.4","43.51"
"10","002","00","001","0114","0047","587","478","109","56","643","1104","0","58.24","43.3"
"10","002","00","001","0115","0000","1701","1354","347","124","1825","3262","0","55.95","41.51"
"10","002","00","001","0115","0040","554","443","111","58","612","1084","0","56.46","40.87"
"10","002","00","001","0115","0041","558","439","119","35","593","1095","0","54.16","40.09"
"10","002","00","001","0115","0042","589","472","117","31","620","1083","0","57.25","43.58"
"10","002","00","001","0116","0000","628","506","122","51","679","1434","0","47.35","35.29"
"10","002","00","001","0116","0053","628","506","122","51","679","1434","0","47.35","35.29"
"10","002","00","001","0117","0000","870","669","201","83","953","1803","0","52.86","37.1"
"10","002","00","001","0117","0059","431","327","104","33","464","909","0","51.05","35.97"
"10","002","00","001","0117","0060","439","342","97","50","489","894","0","54.7","38.26"
"10","002","00","001","0118","0000","875","655","220","117","992","1560","0","63.59","41.99"
"10","002","00","001","0118","0027","400","290","110","48","448","727","0","61.62","39.89"
"10","002","00","001","0118","0028","475","365","110","69","544","833","0","65.31","43.82"
"10","002","00","001","0119","0000","529","396","133","48","577","966","0","59.73","40.99"
"10","002","00","001","0119","0055","529","396","133","48","577","966","0","59.73","40.99"
"10","002","00","001","0121","0000","856","658","198","92","948","1595","0","59.44","41.25"
"10","002","00","001","0121","0056","370","283","87","44","414","711","0","58.23","39.8"
"10","002","00","001","0121","0057","486","375","111","48","534","884","0","60.41","42.42"
"10","002","00","001","0122","0000","699","534","165","65","764","1326","0","57.62","40.27"
"10","002","00","001","0122","0058","699","534","165","65","764","1326","0","57.62","40.27"
"10","002","00","001","0123","0000","561","432","129","76","637","1152","0","55.3","37.5"
"10","002","00","001","0123","0054","561","432","129","76","637","1152","0","55.3","37.5"
"10","002","00","001","0124","0000","1369","1064","305","129","1498","2584","0","57.97","41.18"
"10","002","00","001","0124","0064","718","536","182","88","806","1454","0","55.43","36.86"
"10","002","00","001","0124","0065","651","528","123","41","692","1130","0","61.24","46.73"
"10","002","00","001","0125","0000","998","817","181","86","1084","2025","0","53.53","40.35"
"10","002","00","001","0125","0066","476","405","71","30","506","1087","0","46.55","37.26"
"10","002","00","001","0125","0067","522","412","110","56","578","938","0","61.62","43.92"
"10","002","00","001","0126","0000","1096","845","251","99","1195","2237","0","53.42","37.77"
"10","002","00","001","0126","0068","645","503","142","71","716","1285","0","55.72","39.14"
"10","002","00","001","0126","0069","451","342","109","28","479","952","0","50.32","35.92"
"10","002","00","001","0127","0000","1584","1205","379","199","1783","3123","0","57.09","38.58"
"10","002","00","001","0127","0070","504","363","141","67","571","948","0","60.23","38.29"
"10","002","00","001","0127","0071","547","425","122","62","609","1160","0","52.5","36.64"
"10","002","00","001","0127","0072","533","417","116","70","603","1015","0","59.41","41.08"
"10","002","00","001","0128","0000","600","451","149","77","677","1162","0","58.26","38.81"
"10","002","00","001","0128","0078","600","451","149","77","677","1162","0","58.26","38.81"
"10","002","00","001","0131","0000","457","344","113","58","515","959","0","53.7","35.87"
"10","002","00","001","0131","0075","457","344","113","58","515","959","0","53.7","35.87"
"10","002","00","001","0132","0000","942","698","244","104","1046","1699","0","61.57","41.08"
"10","002","00","001","0132","0076","475","369","106","45","520","814","0","63.88","45.33"
"10","002","00","001","0132","0077","467","329","138","59","526","885","0","59.44","37.18"
"10","002","00","001","0134","0000","749","590","159","75","824","1388","0","59.37","42.51"
"10","002","00","001","0134","0073","245","196","49","16","261","424","0","61.56","46.23"
"10","002","00","001","0134","0074","504","394","110","59","563","964","0","58.4","40.87"
"10","002","00","001","0135","0000","1471","1151","320","147","1618","2933","0","55.17","39.24"
"10","002","00","001","0135","0007","465","375","90","39","504","912","0","55.26","41.12"
"10","002","00","001","0135","0008","677","529","148","72","749","1335","0","56.1","39.63"
"10","002","00","001","0135","0009","329","247","82","36","365","686","0","53.21","36.01"
"10","002","00","001","0136","0000","1128","894","234","85","1213","2252","0","53.86","39.7"
"10","002","00","001","0136","0001","491","384","107","24","515","982","0","52.44","39.1"
"10","002","00","001","0136","0002","637","510","127","61","698","1270","0","54.96","40.16"
"10","002","00","001","0137","0000","850","666","184","51","901","1605","0","56.14","41.5"
"10","002","00","001","0137","0003","435","344","91","26","461","849","0","54.3","40.52"
"10","002","00","001","0137","0004","415","322","93","25","440","756","0","58.2","42.59"
"10","002","00","001","0138","0000","2343","1896","447","130","2473","4269","0","57.93","44.41"
"10","002","00","001","0138","0010","772","619","153","41","813","1366","0","59.52","45.31"
"10","002","00","001","0138","0011","742","592","150","35","777","1363","0","57.01","43.43"
"10","002","00","001","0138","0012","829","685","144","54","883","1540","0","57.34","44.48"
"10","002","00","001","0139","0000","1527","1186","341","136","1663","3045","0","54.61","38.95"
"10","002","00","001","0139","0015","452","353","99","55","507","900","0","56.33","39.22"
"10","002","00","001","0139","0016","468","368","100","46","514","980","0","52.45","37.55"
"10","002","00","001","0139","0017","607","465","142","35","642","1165","0","55.11","39.91"
"10","002","00","001","0140","0000","1397","1115","282","101","1498","2695","0","55.58","41.37"
"10","002","00","001","0140","0018","476","398","78","25","501","904","0","55.42","44.03"
"10","002","00","001","0140","0019","426","336","90","31","457","813","0","56.21","41.33"
"10","002","00","001","0140","0020","495","381","114","45","540","978","0","55.21","38.96"
"10","002","00","001","0141","0000","1598","1274","324","91","1689","3051","0","55.36","41.76"
"10","002","00","001","0141","0043","556","448","108","35","591","1108","0","53.34","40.43"
"10","002","00","001","0141","0044","469","366","103","25","494","848","0","58.25","43.16"
"10","002","00","001","0141","0045","573","460","113","31","604","1095","0","55.16","42.01"
"10","002","00","001","0142","0000","1687","1333","354","142","1829","3156","0","57.95","42.24"
"10","002","00","001","0142","0048","595","479","116","46","641","1134","0","56.53","42.24"
"10","002","00","001","0142","0049","617","484","133","43","660","1146","0","57.59","42.23"
"10","002","00","001","0142","0050","475","370","105","53","528","876","0","60.27","42.24"
"10","002","00","001","0143","0000","1321","1065","256","90","1411","2550","0","55.33","41.76"
"10","002","00","001","0143","0013","703","582","121","26","729","1341","0","54.36","43.4"
"10","002","00","001","0143","0014","618","483","135","64","682","1209","0","56.41","39.95"
"10","002","00","001","0144","0000","949","782","167","106","1055","2000","0","52.75","39.1"
"10","002","00","001","0144","0005","502","428","74","57","559","1107","0","50.5","38.66"
"10","002","00","001","0144","0006","447","354","93","49","496","893","0","55.54","39.64"
"10","002","00","001","0145","0000","446","335","111","50","496","762","0","65.09","43.96"
"10","002","00","001","0145","0026","446","335","111","50","496","762","0","65.09","43.96"
"10","002","00","001","0146","0000","1416","1110","306","114","1530","2915","0","52.49","38.08"
"10","002","00","001","0146","0061","595","462","133","40","635","1259","0","50.44","36.7"
"10","002","00","001","0146","0062","383","306","77","36","419","789","0","53.11","38.78"
"10","002","00","001","0146","0063","438","342","96","38","476","867","0","54.9","39.45"
"10","002","00","001","0147","0000","1643","1298","345","131","1774","2913","0","60.9","44.56"
"10","002","00","001","0147","0037","544","436","108","46","590","968","0","60.95","45.04"
"10","002","00","001","0147","0038","542","425","117","30","572","926","0","61.77","45.9"
"10","002","00","001","0147","0039","557","437","120","55","612","1019","0","60.06","42.89"
"10","002","00","002","0000","0000","30245","23361","6884","2814","33059","57686","72457","57.31","40.5"
"10","002","00","002","0204","0000","733","541","192","85","818","1475","0","55.46","36.68"
"10","002","00","002","0204","0081","733","541","192","85","818","1475","0","55.46","36.68"
"10","002","00","002","0205","0000","1767","1351","416","169","1936","3504","0","55.25","38.56"
"10","002","00","002","0205","0082","716","539","177","81","797","1466","0","54.37","36.77"
"10","002","00","002","0205","0083","557","434","123","46","603","1075","0","56.09","40.37"
"10","002","00","002","0205","0084","494","378","116","42","536","963","0","55.66","39.25"
"10","002","00","002","0206","0000","1291","1006","285","147","1438","2677","0","53.72","37.58"
"10","002","00","002","0206","0085","706","553","153","105","811","1511","0","53.67","36.6"
"10","002","00","002","0206","0086","585","453","132","42","627","1166","0","53.77","38.85"
"10","002","00","002","0207","0000","1530","1186","344","121","1651","3008","0","54.89","39.43"
"10","002","00","002","0207","0087","669","496","173","68","737","1273","0","57.89","38.96"
"10","002","00","002","0207","0088","861","690","171","53","914","1735","0","52.68","39.77"
"10","002","00","002","0208","0000","1238","966","272","104","1342","2324","0","57.75","41.57"
"10","002","00","002","0208","0089","778","612","166","62","840","1487","0","56.49","41.16"
"10","002","00","002","0208","0090","460","354","106","42","502","837","0","59.98","42.29"
"10","002","00","002","0209","0000","711","540","171","73","784","1312","0","59.76","41.16"
"10","002","00","002","0209","0091","711","540","171","73","784","1312","0","59.76","41.16"
"10","002","00","002","0210","0000","728","580","148","69","797","1502","0","53.06","38.62"
"10","002","00","002","0210","0092","728","580","148","69","797","1502","0","53.06","38.62"
"10","002","00","002","0211","0000","549","428","121","31","580","1138","0","50.97","37.61"
"10","002","00","002","0211","0093","549","428","121","31","580","1138","0","50.97","37.61"
"10","002","00","002","0216","0000","1823","1413","410","181","2004","3681","0","54.44","38.39"
"10","002","00","002","0216","0096","556","425","131","51","607","1089","0","55.74","39.03"
"10","002","00","002","0216","0097","651","519","132","57","708","1304","0","54.29","39.8"
"10","002","00","002","0216","0098","616","469","147","73","689","1288","0","53.49","36.41"
"10","002","00","002","0217","0000","1499","1159","340","153","1652","2850","0","57.96","40.67"
"10","002","00","002","0217","0102","735","546","189","96","831","1420","0","58.52","38.45"
"10","002","00","002","0217","0103","764","613","151","57","821","1430","0","57.41","42.87"
"10","002","00","002","0218","0000","1477","1152","325","144","1621","2804","0","57.81","41.08"
"10","002","00","002","0218","0104","566","438","128","65","631","1075","0","58.7","40.74"
"10","002","00","002","0218","0105","476","378","98","45","521","879","0","59.27","43.0"
"10","002","00","002","0218","0106","435","336","99","34","469","850","0","55.18","39.53"
"10","002","00","002","0219","0000","1886","1499","387","158","2044","3623","0","56.42","41.37"
"10","002","00","002","0219","0111","745","585","160","59","804","1431","0","56.18","40.88"
"10","002","00","002","0219","0112","582","470","112","49","631","1109","0","56.9","42.38"
"10","002","00","002","0219","0113","559","444","115","50","609","1083","0","56.23","41.0"
"10","002","00","002","0220","0000","1423","1108","315","128","1551","2692","0","57.62","41.16"
"10","002","00","002","0220","0114","742","590","152","69","811","1404","0","57.76","42.02"
"10","002","00","002","0220","0115","681","518","163","59","740","1288","0","57.45","40.22"
"10","002","00","002","0221","0000","493","367","126","53","546","1183","0","46.15","31.02"
"10","002","00","002","0221","0116","493","367","126","53","546","1183","0","46.15","31.02"
"10","002","00","002","0222","0000","1579","1170","409","155","1734","2865","0","60.52","40.84"
"10","002","00","002","0222","0117","608","471","137","53","661","1105","0","59.82","42.62"
"10","002","00","002","0222","0118","550","393","157","51","601","987","0","60.89","39.82"
"10","002","00","002","0222","0119","421","306","115","51","472","773","0","61.06","39.59"
"10","002","00","002","0223","0000","1514","1150","364","152","1666","2926","0","56.94","39.3"
"10","002","00","002","0223","0123","506","383","123","55","561","977","0","57.42","39.2"
"10","002","00","002","0223","0124","474","358","116","55","529","972","0","54.42","36.83"
"10","002","00","002","0223","0125","534","409","125","42","576","977","0","58.96","41.86"
"10","002","00","002","0224","0000","1928","1499","429","162","2090","3551","0","58.86","42.21"
"10","002","00","002","0224","0126","753","591","162","70","823","1398","0","58.87","42.27"
"10","002","00","002","0224","0127","544","416","128","32","576","1022","0","56.36","40.7"
"10","002","00","002","0224","0128","631","492","139","60","691","1131","0","61.1","43.5"
"10","002","00","002","0225","0000","2027","1605","422","136","2163","3431","0","63.04","46.78"
"10","002","00","002","0225","0120","814","647","167","49","863","1366","0","63.18","47.36"
"10","002","00","002","0225","0121","546","421","125","37","583","907","0","64.28","46.42"
"10","002","00","002","0225","0122","667","537","130","50","717","1158","0","61.92","46.37"
"10","002","00","002","0226","0000","2447","1889","558","195","2642","4360","0","60.6","43.33"
"10","002","00","002","0226","0107","614","470","144","48","662","1111","0","59.59","42.3"
"10","002","00","002","0226","0108","650","518","132","59","709","1139","0","62.25","45.48"
"10","002","00","002","0226","0109","656","500","156","36","692","1130","0","61.24","44.25"
"10","002","00","002","0226","0110","527","401","126","52","579","980","0","59.08","40.92"
"10","002","00","002","0227","0000","1670","1296","374","176","1846","2990","0","61.74","43.34"
"10","002","00","002","0227","0099","573","443","130","68","641","1036","0","61.87","42.76"
"10","002","00","002","0227","0100","562","444","118","52","614","969","0","63.36","45.82"
"10","002","00","002","0227","0101","535","409","126","56","591","985","0","60.0","41.52"
"10","002","00","002","0228","0000","739","569","170","66","805","1407","0","57.21","40.44"
"10","002","00","002","0228","0079","370","288","82","37","407","689","0","59.07","41.8"
"10","002","00","002","0228","0080","369","281","88","29","398","718","0","55.43","39.14"
"10","002","00","002","0229","0000","690","506","184","99","789","1373","0","57.47","36.85"
"10","002","00","002","0229","0095","690","506","184","99","789","1373","0","57.47","36.85"
"10","002","00","002","0230","0000","503","381","122","57","560","1010","0","55.45","37.72"
"10","002","00","002","0230","0094","503","381","122","57","560","1010","0","55.45","37.72"
"10","002","00","003","0000","0000","17247","13182","4065","2029","19276","34512","39785","55.85","38.2"
"10","002","00","003","0301","0000","1737","1343","394","158","1895","3364","0","56.33","39.92"
"10","002","00","003","0301","0129","606","459","147","64","670","1194","0","56.11","38.44"
"10","002","00","003","0301","0130","543","413","130","42","585","1128","0","51.86","36.61"
"10","002","00","003","0301","0131","588","471","117","52","640","1042","0","61.42","45.2"
"10","002","00","003","0302","0000","533","416","117","51","584","997","0","58.58","41.73"
"10","002","00","003","0302","0132","533","416","117","51","584","997","0","58.58","41.73"
"10","002","00","003","0303","0000","1908","1480","428","212","2120","3693","0","57.41","40.08"
"10","002","00","003","0303","0133","666","506","160","65","731","1303","0","56.1","38.83"
"10","002","00","003","0303","0134","673","525","148","74","747","1260","0","59.29","41.67"
"10","002","00","003","0303","0135","569","449","120","73","642","1130","0","56.81","39.73"
"10","002","00","003","0304","0000","426","317","109","69","495","910","0","54.4","34.84"
"10","002","00","003","0304","0136","272","207","65","43","315","559","0","56.35","37.03"
"10","002","00","003","0304","0137","154","110","44","26","180","351","0","51.28","31.34"
"10","002","00","003","0305","0000","636","466","170","93","729","1323","0","55.1","35.22"
"10","002","00","003","0305","0138","423","312","111","65","488","889","0","54.89","35.1"
"10","002","00","003","0305","0139","213","154","59","28","241","434","0","55.53","35.48"
"10","002","00","003","0307","0000","1648","1191","457","160","1808","2945","0","61.39","40.44"
"10","002","00","003","0307","0140","546","351","195","39","585","835","0","70.06","42.04"
"10","002","00","003","0307","0141","502","389","113","49","551","975","0","56.51","39.9"
"10","002","00","003","0307","0142","600","451","149","72","672","1135","0","59.21","39.74"
"10","002","00","003","0308","0000","698","520","178","63","761","1257","0","60.54","41.37"
"10","002","00","003","0308","0143","480","358","122","31","511","788","0","64.85","45.43"
"10","002","00","003","0308","0144","218","162","56","32","250","469","0","53.3","34.54"
"10","002","00","003","0309","0000","1140","921","219","112","1252","2300","0","54.43","40.04"
"10","002","00","003","0309","0148","556","452","104","44","600","1146","0","52.36","39.44"
"10","002","00","003","0309","0149","584","469","115","68","652","1154","0","56.5","40.64"
"10","002","00","003","0310","0000","1204","918","286","116","1320","2398","0","55.05","38.28"
"10","002","00","003","0310","0150","418","312","106","24","442","908","0","48.68","34.36"
"10","002","00","003","0310","0151","332","255","77","32","364","656","0","55.49","38.87"
"10","002","00","003","0310","0152","454","351","103","60","514","834","0","61.63","42.09"
"10","002","00","003","0311","0000","561","415","146","44","605","1025","0","59.02","40.49"
"10","002","00","003","0311","0153","561","415","146","44","605","1025","0","59.02","40.49"
"10","002","00","003","0312","0000","243","165","78","21","264","455","0","58.02","36.26"
"10","002","00","003","0312","0154","243","165","78","21","264","455","0","58.02","36.26"
"10","002","00","003","0313","0000","283","217","66","30","313","535","0","58.5","40.56"
"10","002","00","003","0313","0155","283","217","66","30","313","535","0","58.5","40.56"
"10","002","00","003","0314","0000","305","244","61","32","337","536","0","62.87","45.52"
"10","002","00","003","0314","0156","305","244","61","32","337","536","0","62.87","45.52"
"10","002","00","003","0315","0000","252","188","64","22","274","451","0","60.75","41.69"
"10","002","00","003","0315","0157","252","188","64","22","274","451","0","60.75","41.69"
"10","002","00","003","0316","0000","294","216","78","36","330","593","0","55.65","36.42"
"10","002","00","003","0316","0158","294","216","78","36","330","593","0","55.65","36.42"
"10","002","00","003","0317","0000","214","175","39","33","247","441","0","56.01","39.68"
"10","002","00","003","0317","0159","214","175","39","33","247","441","0","56.01","39.68"
"10","002","00","003","0318","0000","490","376","114","59","549","954","0","57.55","39.41"
"10","002","00","003","0318","0160","490","376","114","59","549","954","0","57.55","39.41"
"10","002","00","003","0319","0000","446","355","91","72","518","952","0","54.41","37.29"
"10","002","00","003","0319","0161","446","355","91","72","518","952","0","54.41","37.29"
"10","002","00","003","0320","0000","506","364","142","82","588","1125","0","52.27","32.36"
"10","002","00","003","0320","0162","506","364","142","82","588","1125","0","52.27","32.36"
"10","002","00","003","0321","0000","617","478","139","125","742","1469","0","50.51","32.54"
"10","002","00","003","0321","0163","352","274","78","75","427","763","0","55.96","35.91"
"10","002","00","003","0321","0164","265","204","61","50","315","706","0","44.62","28.9"
"10","002","00","003","0322","0000","435","324","111","80","515","1068","0","48.22","30.34"
"10","002","00","003","0322","0165","435","324","111","80","515","1068","0","48.22","30.34"
"10","002","00","003","0323","0000","567","415","152","145","712","1240","0","57.42","33.47"
"10","002","00","003","0323","0166","319","234","85","69","388","666","0","58.26","35.14"
"10","002","00","003","0323","0167","248","181","67","76","324","574","0","56.45","31.53"
"10","002","00","003","0324","0000","122","91","31","13","135","351","0","38.46","25.93"
"10","002","00","003","0324","0168","122","91","31","13","135","351","0","38.46","25.93"
"10","002","00","003","0325","0000","350","309","41","55","405","717","0","56.49","43.1"
"10","002","00","003","0325","0169","350","309","41","55","405","717","0","56.49","43.1"
"10","002","00","003","0326","0000","217","172","45","30","247","596","0","41.44","28.86"
"10","002","00","003","0326","0170","139","118","21","16","155","373","0","41.55","31.64"
"10","002","00","003","0326","0171","78","54","24","14","92","223","0","41.26","24.22"
"10","002","00","003","0327","0000","1415","1106","309","116","1531","2817","0","54.35","39.26"
"10","002","00","003","0327","0145","389","301","88","41","430","811","0","53.02","37.11"
"10","002","00","003","0327","0146","433","345","88","26","459","867","0","52.94","39.79"
"10","002","00","003","0327","0147","593","460","133","49","642","1139","0","56.37","40.39"
"10","002","00","004","0000","0000","12213","9390","2823","1535","13748","25135","29173","54.7","37.36"
"10","002","00","004","0401","0000","89","57","32","15","104","292","0","35.62","19.52"
"10","002","00","004","0401","0172","89","57","32","15","104","292","0","35.62","19.52"
"10","002","00","004","0402","0000","316","249","67","52","368","688","0","53.49","36.19"
"10","002","00","004","0402","0173","316","249","67","52","368","688","0","53.49","36.19"
"10","002","00","004","0403","0000","384","269","115","59","443","879","0","50.4","30.6"
"10","002","00","004","0403","0175","384","269","115","59","443","879","0","50.4","30.6"
"10","002","00","004","0404","0000","171","131","40","33","204","335","0","60.9","39.1"
"10","002","00","004","0404","0176","171","131","40","33","204","335","0","60.9","39.1"
"10","002","00","004","0405","0000","651","477","174","85","736","1356","0","54.28","35.18"
"10","002","00","004","0405","0177","353","252","101","40","393","624","0","62.98","40.38"
"10","002","00","004","0405","0178","298","225","73","45","343","732","0","46.86","30.74"
"10","002","00","004","0406","0000","369","282","87","48","417","892","0","46.75","31.61"
"10","002","00","004","0406","0179","369","282","87","48","417","892","0","46.75","31.61"
"10","002","00","004","0407","0000","284","218","66","29","313","690","0","45.36","31.59"
"10","002","00","004","0407","0180","284","218","66","29","313","690","0","45.36","31.59"
"10","002","00","004","0408","0000","778","605","173","84","862","1578","0","54.63","38.34"
"10","002","00","004","0408","0181","405","322","83","47","452","842","0","53.68","38.24"
"10","002","00","004","0408","0182","373","283","90","37","410","736","0","55.71","38.45"
"10","002","00","004","0409","0000","609","464","145","71","680","1348","0","50.45","34.42"
"10","002","00","004","0409","0183","355","276","79","39","394","788","0","50.0","35.03"
"10","002","00","004","0409","0184","254","188","66","32","286","560","0","51.07","33.57"
"10","002","00","004","0410","0000","383","286","97","40","423","712","0","59.41","40.17"
"10","002","00","004","0410","0185","383","286","97","40","423","712","0","59.41","40.17"
"10","002","00","004","0411","0000","283","222","61","38","321","502","0","63.94","44.22"
"10","002","00","004","0411","0186","283","222","61","38","321","502","0","63.94","44.22"
"10","002","00","004","0412","0000","323","257","66","35","358","569","0","62.92","45.17"
"10","002","00","004","0412","0187","323","257","66","35","358","569","0","62.92","45.17"
"10","002","00","004","0413","0000","321","252","69","40","361","633","0","57.03","39.81"
"10","002","00","004","0413","0188","321","252","69","40","361","633","0","57.03","39.81"
"10","002","00","004","0414","0000","894","692","202","129","1023","2167","0","47.21","31.93"
"10","002","00","004","0414","0189","450","345","105","78","528","1132","0","46.64","30.48"
"10","002","00","004","0414","0190","444","347","97","51","495","1035","0","47.83","33.53"
"10","002","00","004","0415","0000","1062","807","255","100","1162","2019","0","57.55","39.97"
"10","002","00","004","0415","0191","455","333","122","48","503","847","0","59.39","39.32"
"10","002","00","004","0415","0192","607","474","133","52","659","1172","0","56.23","40.44"
"10","002","00","004","0416","0000","1023","820","203","66","1089","1971","0","55.25","41.6"
"10","002","00","004","0416","0193","429","344","85","36","465","896","0","51.9","38.39"
"10","002","00","004","0416","0194","594","476","118","30","624","1075","0","58.05","44.28"
"10","002","00","004","0417","0000","473","348","125","70","543","931","0","58.32","37.38"
"10","002","00","004","0417","0195","473","348","125","70","543","931","0","58.32","37.38"
"10","002","00","004","0418","0000","785","618","167","124","909","1730","0","52.54","35.72"
"10","002","00","004","0418","0196","496","399","97","66","562","1021","0","55.04","39.08"
"10","002","00","004","0418","0197","289","219","70","58","347","709","0","48.94","30.89"
"10","002","00","004","0419","0000","392","305","87","50","442","689","0","64.15","44.27"
"10","002","00","004","0419","0198","392","305","87","50","442","689","0","64.15","44.27"
"10","002","00","004","0420","0000","690","553","137","107","797","1374","0","58.01","40.25"
"10","002","00","004","0420","0199","332","271","61","50","382","615","0","62.11","44.07"
"10","002","00","004","0420","0200","358","282","76","57","415","759","0","54.68","37.15"
"10","002","00","004","0421","0000","494","381","113","69","563","917","0","61.4","41.55"
"10","002","00","004","0421","0201","494","381","113","69","563","917","0","61.4","41.55"
"10","002","00","004","0422","0000","524","398","126","74","598","1045","0","57.22","38.09"
"10","002","00","004","0422","0202","524","398","126","74","598","1045","0","57.22","38.09"
"10","002","00","004","0423","0000","567","439","128","69","636","1130","0","56.28","38.85"
"10","002","00","004","0423","0203","567","439","128","69","636","1130","0","56.28","38.85"
"10","002","00","004","0424","0000","348","260","88","48","396","688","0","57.56","37.79"
"10","002","00","004","0424","0174","348","260","88","48","396","688","0","57.56","37.79"
"10","002","00","005","0000","0000","15062","11552","3510","1503","16565","31084","35668","53.29","37.16"
"10","002","00","005","0501","0000","718","568","150","79","797","1627","0","48.99","34.91"
"10","002","00","005","0501","0204","481","382","99","50","531","1122","0","47.33","34.05"
"10","002","00","005","0501","0205","237","186","51","29","266","505","0","52.67","36.83"
"10","002","00","005","0502","0000","935","724","211","87","1022","1959","0","52.17","36.96"
"10","002","00","005","0502","0206","462","347","115","47","509","988","0","51.52","35.12"
"10","002","00","005","0502","0207","473","377","96","40","513","971","0","52.83","38.83"
"10","002","00","005","0503","0000","1771","1361","410","137","1908","4033","0","47.31","33.75"
"10","002","00","005","0503","0208","565","427","138","52","617","1246","0","49.52","34.27"
"10","002","00","005","0503","0209","731","558","173","48","779","1655","0","47.07","33.72"
"10","002","00","005","0503","0210","475","376","99","37","512","1132","0","45.23","33.22"
"10","002","00","005","0504","0000","1259","986","273","128","1387","2559","0","54.2","38.53"
"10","002","00","005","0504","0211","402","323","79","34","436","783","0","55.68","41.25"
"10","002","00","005","0504","0212","458","342","116","40","498","928","0","53.66","36.85"
"10","002","00","005","0504","0213","399","321","78","54","453","848","0","53.42","37.85"
"10","002","00","005","0505","0000","377","290","87","41","418","663","0","63.05","43.74"
"10","002","00","005","0505","0214","377","290","87","41","418","663","0","63.05","43.74"
"10","002","00","005","0506","0000","734","582","152","63","797","1441","0","55.31","40.39"
"10","002","00","005","0506","0215","314","254","60","19","333","608","0","54.77","41.78"
"10","002","00","005","0506","0216","420","328","92","44","464","833","0","55.7","39.38"
"10","002","00","005","0507","0000","529","399","130","25","554","1233","0","44.93","32.36"
"10","002","00","005","0507","0217","529","399","130","25","554","1233","0","44.93","32.36"
"10","002","00","005","0508","0000","706","535","171","73","779","1429","0","54.51","37.44"
"10","002","00","005","0508","0218","430","331","99","49","479","854","0","56.09","38.76"
"10","002","00","005","0508","0219","276","204","72","24","300","575","0","52.17","35.48"
"10","002","00","005","0509","0000","1091","821","270","118","1209","2140","0","56.5","38.36"
"10","002","00","005","0509","0220","417","303","114","49","466","835","0","55.81","36.29"
"10","002","00","005","0509","0221","674","518","156","69","743","1305","0","56.93","39.69"
"10","002","00","005","0510","0000","1177","895","282","151","1328","2402","0","55.29","37.26"
"10","002","00","005","0510","0222","411","315","96","48","459","830","0","55.3","37.95"
"10","002","00","005","0510","0223","372","274","98","55","427","649","0","65.79","42.22"
"10","002","00","005","0510","0224","394","306","88","48","442","923","0","47.89","33.15"
"10","002","00","005","0511","0000","481","378","103","49","530","1177","0","45.03","32.12"
"10","002","00","005","0511","0225","481","378","103","49","530","1177","0","45.03","32.12"
"10","002","00","005","0512","0000","413","317","96","47","460","840","0","54.76","37.74"
"10","002","00","005","0512","0226","413","317","96","47","460","840","0","54.76","37.74"
"10","002","00","005","0513","0000","535","408","127","39","574","1051","0","54.61","38.82"
"10","002","00","005","0513","0227","535","408","127","39","574","1051","0","54.61","38.82"
"10","002","00","005","0514","0000","598","466","132","57","655","1339","0","48.92","34.8"
"10","002","00","005","0514","0228","598","466","132","57","655","1339","0","48.92","34.8"
"10","002","00","005","0515","0000","1308","998","310","167","1475","2508","0","58.81","39.79"
"10","002","00","005","0515","0229","628","501","127","73","701","1194","0","58.71","41.96"
"10","002","00","005","0515","0230","680","497","183","94","774","1314","0","58.9","37.82"
"10","002","00","005","0516","0000","1702","1290","412","163","1865","3311","0","56.33","38.96"
"10","002","00","005","0516","0231","571","424","147","27","598","1125","0","53.16","37.69"
"10","002","00","005","0516","0232","645","505","140","74","719","1207","0","59.57","41.84"
"10","002","00","005","0516","0233","486","361","125","62","548","979","0","55.98","36.87"
"10","002","00","005","0517","0000","517","388","129","68","585","954","0","61.32","40.67"
"10","002","00","005","0517","0234","517","388","129","68","585","954","0","61.32","40.67"
"10","002","00","005","0518","0000","211","146","65","11","222","418","0","53.11","34.93"
"10","002","00","005","0518","0235","211","146","65","11","222","418","0","53.11","34.93"
"10","002","00","006","0000","0000","10740","8149","2591","1453","12193","21447","24315","56.85","38.0"
"10","002","00","006","0601","0000","1308","982","326","179","1487","2484","0","59.86","39.53"
"10","002","00","006","0601","0236","747","570","177","116","863","1435","0","60.14","39.72"
"10","002","00","006","0601","0237","561","412","149","63","624","1049","0","59.49","39.28"
"10","002","00","006","0602","0000","867","655","212","138","1005","1835","0","54.77","35.69"
"10","002","00","006","0602","0239","405","301","104","93","498","868","0","57.37","34.68"
"10","002","00","006","0602","0240","462","354","108","45","507","967","0","52.43","36.61"
"10","002","00","006","0603","0000","497","377","120","78","575","940","0","61.17","40.11"
"10","002","00","006","0603","0241","497","377","120","78","575","940","0","61.17","40.11"
"10","002","00","006","0604","0000","411","324","87","38","449","975","0","46.05","33.23"
"10","002","00","006","0604","0242","411","324","87","38","449","975","0","46.05","33.23"
"10","002","00","006","0605","0000","804","609","195","148","952","1605","0","59.31","37.94"
"10","002","00","006","0605","0243","411","301","110","76","487","797","0","61.1","37.77"
"10","002","00","006","0605","0244","393","308","85","72","465","808","0","57.55","38.12"
"10","002","00","006","0606","0000","703","504","199","134","837","1523","0","54.96","33.09"
"10","002","00","006","0606","0245","444","303","141","93","537","911","0","58.95","33.26"
"10","002","00","006","0606","0246","259","201","58","41","300","612","0","49.02","32.84"
"10","002","00","006","0607","0000","446","327","119","54","500","790","0","63.29","41.39"
"10","002","00","006","0607","0247","446","327","119","54","500","790","0","63.29","41.39"
"10","002","00","006","0608","0000","1190","885","305","153","1343","2338","0","57.44","37.85"
"10","002","00","006","0608","0248","466","335","131","57","523","878","0","59.57","38.15"
"10","002","00","006","0608","0249","411","320","91","52","463","723","0","64.04","44.26"
"10","002","00","006","0608","0250","313","230","83","44","357","737","0","48.44","31.21"
"10","002","00","006","0609","0000","769","594","175","82","851","1581","0","53.83","37.57"
"10","002","00","006","0609","0251","345","249","96","68","413","686","0","60.2","36.3"
"10","002","00","006","0609","0252","424","345","79","14","438","895","0","48.94","38.55"
"10","002","00","006","0610","0000","673","535","138","80","753","1237","0","60.87","43.25"
"10","002","00","006","0610","0253","673","535","138","80","753","1237","0","60.87","43.25"
"10","002","00","006","0611","0000","1108","856","252","154","1262","2241","0","56.31","38.2"
"10","002","00","006","0611","0254","572","453","119","78","650","1134","0","57.32","39.95"
"10","002","00","006","0611","0255","536","403","133","76","612","1107","0","55.28","36.4"
"10","002","00","006","0612","0000","558","434","124","38","596","1057","0","56.39","41.06"
"10","002","00","006","0612","0256","558","434","124","38","596","1057","0","56.39","41.06"
"10","002","00","006","0613","0000","829","634","195","98","927","1773","0","52.28","35.76"
"10","002","00","006","0613","0257","488","382","106","42","530","1051","0","50.43","36.35"
"10","002","00","006","0613","0258","341","252","89","56","397","722","0","54.99","34.9"
"10","002","00","006","0614","0000","577","433","144","79","656","1068","0","61.42","40.54"
"10","002","00","006","0614","0238","577","433","144","79","656","1068","0","61.42","40.54"
"10","002","00","007","0000","0000","13277","10219","3058","1740","15017","28131","32281","53.38","36.33"
"10","002","00","007","0701","0000","2697","2193","504","220","2917","5648","0","51.65","38.83"
"10","002","00","007","0701","0259","675","542","133","29","704","1393","0","50.54","38.91"
"10","002","00","007","0701","0260","433","344","89","27","460","895","0","51.4","38.44"
"10","002","00","007","0701","0261","595","496","99","74","669","1231","0","54.35","40.29"
"10","002","00","007","0701","0262","516","419","97","40","556","1098","0","50.64","38.16"
"10","002","00","007","0701","0263","478","392","86","50","528","1031","0","51.21","38.02"
"10","002","00","007","0702","0000","968","744","224","131","1099","2198","0","50.0","33.85"
"10","002","00","007","0702","0264","475","365","110","79","554","1030","0","53.79","35.44"
"10","002","00","007","0702","0265","493","379","114","52","545","1168","0","46.66","32.45"
"10","002","00","007","0703","0000","772","586","186","132","904","1587","0","56.96","36.93"
"10","002","00","007","0703","0266","383","288","95","74","457","809","0","56.49","35.6"
"10","002","00","007","0703","0267","389","298","91","58","447","778","0","57.46","38.3"
"10","002","00","007","0704","0000","765","626","139","80","845","1465","0","57.68","42.73"
"10","002","00","007","0704","0268","765","626","139","80","845","1465","0","57.68","42.73"
"10","002","00","007","0705","0000","958","738","220","100","1058","1839","0","57.53","40.13"
"10","002","00","007","0705","0269","526","395","131","52","578","979","0","59.04","40.35"
"10","002","00","007","0705","0270","432","343","89","48","480","860","0","55.81","39.88"
"10","002","00","007","0706","0000","501","387","114","96","597","1205","0","49.54","32.12"
"10","002","00","007","0706","0271","501","387","114","96","597","1205","0","49.54","32.12"
"10","002","00","007","0707","0000","726","561","165","129","855","1494","0","57.23","37.55"
"10","002","00","007","0707","0272","520","409","111","92","612","1082","0","56.56","37.8"
"10","002","00","007","0707","0273","206","152","54","37","243","412","0","58.98","36.89"
"10","002","00","007","0708","0000","254","175","79","35","289","635","0","45.51","27.56"
"10","002","00","007","0708","0274","165","115","50","20","185","403","0","45.91","28.54"
"10","002","00","007","0708","0275","89","60","29","15","104","232","0","44.83","25.86"
"10","002","00","007","0709","0000","867","656","211","131","998","1838","0","54.3","35.69"
"10","002","00","007","0709","0276","437","330","107","68","505","944","0","53.5","34.96"
"10","002","00","007","0709","0277","430","326","104","63","493","894","0","55.15","36.47"
"10","002","00","007","0710","0000","661","506","155","91","752","1356","0","55.46","37.32"
"10","002","00","007","0710","0278","661","506","155","91","752","1356","0","55.46","37.32"
"10","002","00","007","0711","0000","1157","820","337","187","1344","2295","0","58.56","35.73"
"10","002","00","007","0711","0279","403","301","102","50","453","780","0","58.08","38.59"
"10","002","00","007","0711","0280","496","339","157","94","590","932","0","63.3","36.37"
"10","002","00","007","0711","0281","258","180","78","43","301","583","0","51.63","30.87"
"10","002","00","007","0712","0000","1147","890","257","188","1335","2435","0","54.83","36.55"
"10","002","00","007","0712","0282","425","333","92","77","502","900","0","55.78","37.0"
"10","002","00","007","0712","0283","349","258","91","53","402","747","0","53.82","34.54"
"10","002","00","007","0712","0284","373","299","74","58","431","788","0","54.7","37.94"
"10","002","00","007","0713","0000","399","283","116","65","464","884","0","52.49","32.01"
"10","002","00","007","0713","0285","399","283","116","65","464","884","0","52.49","32.01"
"10","002","00","007","0714","0000","388","293","95","22","410","857","0","47.84","34.19"
"10","002","00","007","0714","0286","388","293","95","22","410","857","0","47.84","34.19"
"10","002","00","007","0715","0000","449","341","108","34","483","1016","0","47.54","33.56"
"10","002","00","007","0715","0287","449","341","108","34","483","1016","0","47.54","33.56"
"10","002","00","007","0716","0000","568","420","148","99","667","1379","0","48.37","30.46"
"10","002","00","007","0716","0288","260","196","64","45","305","690","0","44.2","28.41"
"10","002","00","007","0716","0289","308","224","84","54","362","689","0","52.54","32.51"
"10","002","00","008","0000","0000","22208","17407","4801","1804","24012","45405","52843","52.88","38.34"
"10","002","00","008","0801","0000","582","451","131","60","642","1217","0","52.75","37.06"
"10","002","00","008","0801","0312","582","451","131","60","642","1217","0","52.75","37.06"
"10","002","00","008","0802","0000","871","668","203","73","944","1624","0","58.13","41.13"
"10","002","00","008","0802","0290","433","329","104","54","487","807","0","60.35","40.77"
"10","002","00","008","0802","0291","438","339","99","19","457","817","0","55.94","41.49"
"10","002","00","008","0803","0000","594","480","114","64","658","1156","0","56.92","41.52"
"10","002","00","008","0803","0292","594","480","114","64","658","1156","0","56.92","41.52"
"10","002","00","008","0804","0000","422","317","105","50","472","892","0","52.91","35.54"
"10","002","00","008","0804","0293","422","317","105","50","472","892","0","52.91","35.54"
"10","002","00","008","0805","0000","485","360","125","44","529","897","0","58.97","40.13"
"10","002","00","008","0805","0294","485","360","125","44","529","897","0","58.97","40.13"
"10","002","00","008","0806","0000","764","583","181","62","826","1392","0","59.34","41.88"
"10","002","00","008","0806","0295","764","583","181","62","826","1392","0","59.34","41.88"
"10","002","00","008","0807","0000","1375","1077","298","95","1470","2906","0","50.58","37.06"
"10","002","00","008","0807","0296","786","623","163","51","837","1471","0","56.9","42.35"
"10","002","00","008","0807","0297","589","454","135","44","633","1435","0","44.11","31.64"
"10","002","00","008","0808","0000","1511","1194","317","72","1583","2975","0","53.21","40.13"
"10","002","00","008","0808","0298","725","560","165","43","768","1519","0","50.56","36.87"
"10","002","00","008","0808","0299","786","634","152","29","815","1456","0","55.98","43.54"
"10","002","00","008","0809","0000","367","295","72","37","404","694","0","58.21","42.51"
"10","002","00","008","0809","0301","367","295","72","37","404","694","0","58.21","42.51"
"10","002","00","008","0810","0000","375","280","95","53","428","711","0","60.2","39.38"
"10","002","00","008","0810","0300","375","280","95","53","428","711","0","60.2","39.38"
"10","002","00","008","0811","0000","885","678","207","67","952","1526","0","62.39","44.43"
"10","002","00","008","0811","0302","885","678","207","67","952","1526","0","62.39","44.43"
"10","002","00","008","0812","0000","439","435","4","34","473","884","0","53.51","49.21"
"10","002","00","008","0812","0303","439","435","4","34","473","884","0","53.51","49.21"
"10","002","00","008","0813","0000","547","504","43","68","615","1465","0","41.98","34.4"
"10","002","00","008","0813","0304","547","504","43","68","615","1465","0","41.98","34.4"
"10","002","00","008","0814","0000","236","184","52","40","276","488","0","56.56","37.7"
"10","002","00","008","0814","0305","236","184","52","40","276","488","0","56.56","37.7"
"10","002","00","008","0815","0000","2344","1834","510","192","2536","4993","0","50.79","36.73"
"10","002","00","008","0815","0306","593","467","126","53","646","1218","0","53.04","38.34"
"10","002","00","008","0815","0307","604","470","134","52","656","1291","0","50.81","36.41"
"10","002","00","008","0815","0308","625","490","135","37","662","1324","0","50.0","37.01"
"10","002","00","008","0815","0309","522","407","115","50","572","1160","0","49.31","35.09"
"10","002","00","008","0816","0000","1436","1128","308","96","1532","3000","0","51.07","37.6"
"10","002","00","008","0816","0310","600","479","121","58","658","1246","0","52.81","38.44"
"10","002","00","008","0816","0311","836","649","187","38","874","1754","0","49.83","37.0"
"10","002","00","008","0817","0000","2159","1666","493","198","2357","4651","0","50.68","35.82"
"10","002","00","008","0817","0313","667","532","135","51","718","1495","0","48.03","35.59"
"10","002","00","008","0817","0314","469","356","113","41","510","937","0","54.43","37.99"
"10","002","00","008","0817","0315","509","384","125","39","548","1101","0","49.77","34.88"
"10","002","00","008","0817","0316","514","394","120","67","581","1118","0","51.97","35.24"
"10","002","00","008","0818","0000","1953","1514","439","124","2077","3732","0","55.65","40.57"
"10","002","00","008","0818","0317","706","558","148","46","752","1301","0","57.8","42.89"
"10","002","00","008","0818","0318","597","469","128","28","625","1225","0","51.02","38.29"
"10","002","00","008","0818","0319","650","487","163","50","700","1206","0","58.04","40.38"
"10","002","00","008","0819","0000","1127","857","270","89","1216","2429","0","50.06","35.28"
"10","002","00","008","0819","0320","584","439","145","38","622","1278","0","48.67","34.35"
"10","002","00","008","0819","0321","543","418","125","51","594","1151","0","51.61","36.32"
"10","002","00","008","0820","0000","482","384","98","58","540","1094","0","49.36","35.1"
"10","002","00","008","0820","0322","482","384","98","58","540","1094","0","49.36","35.1"
"10","002","00","008","0821","0000","1228","933","295","105","1333","2494","0","53.45","37.41"
"10","002","00","008","0821","0323","656","499","157","50","706","1247","0","56.62","40.02"
"10","002","00","008","0821","0324","572","434","138","55","627","1247","0","50.28","34.8"
"10","002","00","008","0822","0000","896","703","193","57","953","1677","0","56.83","41.92"
"10","002","00","008","0822","0325","496","389","107","33","529","979","0","54.03","39.73"
"10","002","00","008","0822","0326","400","314","86","24","424","698","0","60.74","44.99"
"10","002","00","008","0823","0000","812","637","175","51","863","1726","0","50.0","36.91"
"10","002","00","008","0823","0327","812","637","175","51","863","1726","0","50.0","36.91"
"10","002","00","008","0824","0000","318","245","73","15","333","782","0","42.58","31.33"
"10","002","00","008","0824","0328","318","245","73","15","333","782","0","42.58","31.33"
"10","002","00","009","0000","0000","16963","13195","3768","1577","18540","34892","39577","53.14","37.82"
"10","002","00","009","0901","0000","941","712","229","91","1032","2020","0","51.09","35.25"
"10","002","00","009","0901","0329","490","372","118","60","550","1076","0","51.12","34.57"
"10","002","00","009","0901","0330","451","340","111","31","482","944","0","51.06","36.02"
"10","002","00","009","0902","0000","905","713","192","75","980","1773","0","55.27","40.21"
"10","002","00","009","0902","0331","425","349","76","25","450","836","0","53.83","41.75"
"10","002","00","009","0902","0332","480","364","116","50","530","937","0","56.56","38.85"
"10","002","00","009","0903","0000","1220","914","306","117","1337","2525","0","52.95","36.2"
"10","002","00","009","0903","0333","611","468","143","41","652","1255","0","51.95","37.29"
"10","002","00","009","0903","0334","609","446","163","76","685","1270","0","53.94","35.12"
"10","002","00","009","0904","0000","737","582","155","74","811","1603","0","50.59","36.31"
"10","002","00","009","0904","0335","363","282","81","31","394","801","0","49.19","35.21"
"10","002","00","009","0904","0336","374","300","74","43","417","802","0","52.0","37.41"
"10","002","00","009","0905","0000","597","476","121","49","646","1306","0","49.46","36.45"
"10","002","00","009","0905","0337","597","476","121","49","646","1306","0","49.46","36.45"
"10","002","00","009","0906","0000","1217","1002","215","80","1297","2506","0","51.76","39.98"
"10","002","00","009","0906","0338","571","455","116","55","626","1190","0","52.61","38.24"
"10","002","00","009","0906","0339","646","547","99","25","671","1316","0","50.99","41.57"
"10","002","00","009","0907","0000","888","703","185","65","953","1779","0","53.57","39.52"
"10","002","00","009","0907","0340","492","386","106","26","518","965","0","53.68","40.0"
"10","002","00","009","0907","0341","396","317","79","39","435","814","0","53.44","38.94"
"10","002","00","009","0908","0000","1814","1418","396","158","1972","3637","0","54.22","38.99"
"10","002","00","009","0908","0342","589","460","129","52","641","1254","0","51.12","36.68"
"10","002","00","009","0908","0343","535","418","117","69","604","1060","0","56.98","39.43"
"10","002","00","009","0908","0344","690","540","150","37","727","1323","0","54.95","40.82"
"10","002","00","009","0909","0000","1880","1508","372","153","2033","3591","0","56.61","41.99"
"10","002","00","009","0909","0348","508","412","96","28","536","924","0","58.01","44.59"
"10","002","00","009","0909","0349","511","399","112","50","561","933","0","60.13","42.77"
"10","002","00","009","0909","0350","493","407","86","35","528","986","0","53.55","41.28"
"10","002","00","009","0909","0351","368","290","78","40","408","748","0","54.55","38.77"
"10","002","00","009","0910","0000","1627","1253","374","124","1751","3233","0","54.16","38.76"
"10","002","00","009","0910","0345","590","448","142","46","636","1120","0","56.79","40.0"
"10","002","00","009","0910","0346","443","361","82","29","472","893","0","52.86","40.43"
"10","002","00","009","0910","0347","594","444","150","49","643","1220","0","52.7","36.39"
"10","002","00","009","0911","0000","746","581","165","86","832","1550","0","53.68","37.48"
"10","002","00","009","0911","0352","746","581","165","86","832","1550","0","53.68","37.48"
"10","002","00","009","0912","0000","726","571","155","67","793","1435","0","55.26","39.79"
"10","002","00","009","0912","0353","324","249","75","30","354","629","0","56.28","39.59"
"10","002","00","009","0912","0354","402","322","80","37","439","806","0","54.47","39.95"
"10","002","00","009","0913","0000","963","715","248","99","1062","2022","0","52.52","35.36"
"10","002","00","009","0913","0355","448","309","139","49","497","956","0","51.99","32.32"
"10","002","00","009","0913","0356","515","406","109","50","565","1066","0","53.0","38.09"
"10","002","00","009","0914","0000","1428","1097","331","142","1570","3079","0","50.99","35.63"
"10","002","00","009","0914","0357","662","517","145","86","748","1513","0","49.44","34.17"
"10","002","00","009","0914","0358","766","580","186","56","822","1566","0","52.49","37.04"
"10","002","00","009","0915","0000","1274","950","324","197","1471","2833","0","51.92","33.53"
"10","002","00","009","0915","0359","429","327","102","66","495","894","0","55.37","36.58"
"10","002","00","009","0915","0360","501","364","137","79","580","1235","0","46.96","29.47"
"10","002","00","009","0915","0361","344","259","85","52","396","704","0","56.25","36.79"
"10","002","00","010","0000","0000","8843","6724","2119","1029","9872","19051","21391","51.82","35.29"
"10","002","00","010","1001","0000","98","70","28","16","114","215","0","53.02","32.56"
"10","002","00","010","1001","0362","98","70","28","16","114","215","0","53.02","32.56"
"10","002","00","010","1002","0000","207","154","53","34","241","523","0","46.08","29.45"
"10","002","00","010","1002","0363","207","154","53","34","241","523","0","46.08","29.45"
"10","002","00","010","1003","0000","343","231","112","47","390","745","0","52.35","31.01"
"10","002","00","010","1003","0364","343","231","112","47","390","745","0","52.35","31.01"
"10","002","00","010","1004","0000","268","209","59","56","324","583","0","55.57","35.85"
"10","002","00","010","1004","0368","268","209","59","56","324","583","0","55.57","35.85"
"10","002","00","010","1005","0000","203","162","41","31","234","436","0","53.67","37.16"
"10","002","00","010","1005","0369","203","162","41","31","234","436","0","53.67","37.16"
"10","002","00","010","1006","0000","571","449","122","65","636","1224","0","51.96","36.68"
"10","002","00","010","1006","0370","571","449","122","65","636","1224","0","51.96","36.68"
"10","002","00","010","1007","0000","496","384","112","48","544","1151","0","47.26","33.36"
"10","002","00","010","1007","0371","496","384","112","48","544","1151","0","47.26","33.36"
"10","002","00","010","1008","0000","435","344","91","42","477","870","0","54.83","39.54"
"10","002","00","010","1008","0372","435","344","91","42","477","870","0","54.83","39.54"
"10","002","00","010","1009","0000","483","378","105","50","533","1284","0","41.51","29.44"
"10","002","00","010","1009","0373","483","378","105","50","533","1284","0","41.51","29.44"
"10","002","00","010","1010","0000","2082","1615","467","155","2237","4286","0","52.19","37.68"
"10","002","00","010","1010","0375","712","559","153","61","773","1439","0","53.72","38.85"
"10","002","00","010","1010","0376","675","516","159","60","735","1445","0","50.87","35.71"
"10","002","00","010","1010","0377","695","540","155","34","729","1402","0","52.0","38.52"
"10","002","00","010","1011","0000","478","365","113","52","530","897","0","59.09","40.69"
"10","002","00","010","1011","0374","478","365","113","52","530","897","0","59.09","40.69"
"10","002","00","010","1012","0000","263","189","74","41","304","617","0","49.27","30.63"
"10","002","00","010","1012","0365","263","189","74","41","304","617","0","49.27","30.63"
"10","002","00","010","1013","0000","220","151","69","43","263","497","0","52.92","30.38"
"10","002","00","010","1013","0366","220","151","69","43","263","497","0","52.92","30.38"
"10","002","00","010","1014","0000","354","254","100","57","411","735","0","55.92","34.56"
"10","002","00","010","1014","0367","354","254","100","57","411","735","0","55.92","34.56"
"10","002","00","010","1015","0000","585","428","157","55","640","1230","0","52.03","34.8"
"10","002","00","010","1015","0378","585","428","157","55","640","1230","0","52.03","34.8"
"10","002","00","010","1016","0000","373","276","97","59","432","774","0","55.81","35.66"
"10","002","00","010","1016","0379","373","276","97","59","432","774","0","55.81","35.66"
"10","002","00","010","1017","0000","776","591","185","90","866","1563","0","55.41","37.81"
"10","002","00","010","1017","0380","427","330","97","50","477","827","0","57.68","39.9"
"10","002","00","010","1017","0381","349","261","88","40","389","736","0","52.85","35.46"
"10","002","00","010","1018","0000","608","474","134","88","696","1421","0","48.98","33.36"
"10","002","00","010","1018","0382","608","474","134","88","696","1421","0","48.98","33.36"
"10","002","00","011","0000","0000","2052","1581","471","273","2325","4935","6247","47.11","32.04"
"10","002","00","011","1101","0000","309","229","80","49","358","893","0","40.09","25.64"
"10","002","00","011","1101","0383","309","229","80","49","358","893","0","40.09","25.64"
"10","002","00","011","1102","0000","406","333","73","52","458","632","0","72.47","52.69"
"10","002","00","011","1102","0384","406","333","73","52","458","632","0","72.47","52.69"
"10","002","00","011","1103","0000","275","221","54","19","294","684","0","42.98","32.31"
"10","002","00","011","1103","0385","275","221","54","19","294","684","0","42.98","32.31"
"10","002","00","011","1104","0000","143","112","31","31","174","264","0","65.91","42.42"
"10","002","00","011","1104","0386","143","112","31","31","174","264","0","65.91","42.42"
"10","002","00","011","1105","0000","109","97","12","5","114","337","0","33.83","28.78"
"10","002","00","011","1105","0387","109","97","12","5","114","337","0","33.83","28.78"
"10","002","00","011","1106","0000","130","99","31","10","140","404","0","34.65","24.5"
"10","002","00","011","1106","0388","130","99","31","10","140","404","0","34.65","24.5"
"10","002","00","011","1107","0000","21","14","7","5","26","55","0","47.27","25.45"
"10","002","00","011","1107","0389","21","14","7","5","26","55","0","47.27","25.45"
"10","002","00","011","1108","0000","231","184","47","17","248","787","0","31.51","23.38"
"10","002","00","011","1108","0391","231","184","47","17","248","787","0","31.51","23.38"
"10","002","00","011","1109","0000","301","217","84","59","360","680","0","52.94","31.91"
"10","002","00","011","1109","0392","301","217","84","59","360","680","0","52.94","31.91"
"10","002","00","011","1110","0000","127","75","52","26","153","199","0","76.88","37.69"
"10","002","00","011","1110","0390","127","75","52","26","153","199","0","76.88","37.69"
"10","002","00","012","0000","0000","2409","1987","422","227","2636","4644","6024","56.76","42.79"
"10","002","00","012","1201","0000","566","488","78","25","591","1210","0","48.84","40.33"
"10","002","00","012","1201","0394","566","488","78","25","591","1210","0","48.84","40.33"
"10","002","00","012","1202","0000","501","418","83","82","583","962","0","60.6","43.45"
"10","002","00","012","1202","0395","501","418","83","82","583","962","0","60.6","43.45"
"10","002","00","012","1203","0000","212","178","34","12","224","444","0","50.45","40.09"
"10","002","00","012","1203","0393","212","178","34","12","224","444","0","50.45","40.09"
"10","002","00","012","1204","0000","144","114","30","7","151","411","0","36.74","27.74"
"10","002","00","012","1204","0396","144","114","30","7","151","411","0","36.74","27.74"
"10","002","00","012","1205","0000","287","237","50","21","308","447","0","68.9","53.02"
"10","002","00","012","1205","0397","287","237","50","21","308","447","0","68.9","53.02"
"10","002","00","012","1206","0000","325","248","77","43","368","475","0","77.47","52.21"
"10","002","00","012","1206","0398","325","248","77","43","368","475","0","77.47","52.21"
"10","002","00","012","1207","0000","374","304","70","37","411","695","0","59.14","43.74"
"10","002","00","012","1207","0399","374","304","70","37","411","695","0","59.14","43.74"
"10","015","00","000","0000","0000","132248","104153","28095","12163","144411","278059","328331","51.94","37.46"
"10","015","00","001","0000","0000","42418","33828","8590","2948","45366","84807","103798","53.49","39.89"
"10","015","00","001","0101","0000","682","540","142","33","715","1512","0","47.29","35.71"
"10","015","00","001","0101","0019","682","540","142","33","715","1512","0","47.29","35.71"
"10","015","00","001","0102","0000","1004","756","248","106","1110","1996","0","55.61","37.88"
"10","015","00","001","0102","0014","517","382","135","66","583","1071","0","54.44","35.67"
"10","015","00","001","0102","0015","487","374","113","40","527","925","0","56.97","40.43"
"10","015","00","001","0103","0000","224","191","33","20","244","442","0","55.2","43.21"
"10","015","00","001","0103","0023","224","191","33","20","244","442","0","55.2","43.21"
"10","015","00","001","0104","0000","279","212","67","30","309","566","0","54.59","37.46"
"10","015","00","001","0104","0029","279","212","67","30","309","566","0","54.59","37.46"
"10","015","00","001","0105","0000","305","252","53","18","323","565","0","57.17","44.6"
"10","015","00","001","0105","0031","305","252","53","18","323","565","0","57.17","44.6"
"10","015","00","001","0106","0000","1479","1181","298","149","1628","2983","0","54.58","39.59"
"10","015","00","001","0106","0033","430","343","87","49","479","911","0","52.58","37.65"
"10","015","00","001","0106","0034","487","391","96","50","537","1029","0","52.19","38.0"
"10","015","00","001","0106","0035","562","447","115","50","612","1043","0","58.68","42.86"
"10","015","00","001","0107","0000","744","584","160","55","799","1840","0","43.42","31.74"
"10","015","00","001","0107","0052","462","359","103","37","499","1339","0","37.27","26.81"
"10","015","00","001","0107","0053","282","225","57","18","300","501","0","59.88","44.91"
"10","015","00","001","0108","0000","1760","1438","322","121","1881","3241","0","58.04","44.37"
"10","015","00","001","0108","0049","603","493","110","37","640","1022","0","62.62","48.24"
"10","015","00","001","0108","0050","585","469","116","47","632","1135","0","55.68","41.32"
"10","015","00","001","0108","0051","572","476","96","37","609","1084","0","56.18","43.91"
"10","015","00","001","0109","0000","825","660","165","35","860","1522","0","56.5","43.36"
"10","015","00","001","0109","0001","825","660","165","35","860","1522","0","56.5","43.36"
"10","015","00","001","0110","0000","886","739","147","84","970","2029","0","47.81","36.42"
"10","015","00","001","0110","0005","211","165","46","27","238","470","0","50.64","35.11"
"10","015","00","001","0110","0006","391","332","59","41","432","838","0","51.55","39.62"
"10","015","00","001","0110","0007","284","242","42","16","300","721","0","41.61","33.56"
"10","015","00","001","0112","0000","229","180","49","15","244","469","0","52.03","38.38"
"10","015","00","001","0112","0030","229","180","49","15","244","469","0","52.03","38.38"
"10","015","00","001","0113","0000","280","224","56","29","309","538","0","57.43","41.64"
"10","015","00","001","0113","0028","280","224","56","29","309","538","0","57.43","41.64"
"10","015","00","001","0114","0000","1863","1382","481","123","1986","3514","0","56.52","39.33"
"10","015","00","001","0114","0038","701","549","152","48","749","1331","0","56.27","41.25"
"10","015","00","001","0114","0039","658","427","231","35","693","1228","0","56.43","34.77"
"10","015","00","001","0114","0040","504","406","98","40","544","955","0","56.96","42.51"
"10","015","00","001","0115","0000","471","372","99","26","497","904","0","54.98","41.15"
"10","015","00","001","0115","0054","471","372","99","26","497","904","0","54.98","41.15"
"10","015","00","001","0116","0000","2532","2006","526","153","2685","5074","0","52.92","39.53"
"10","015","00","001","0116","0069","643","505","138","55","698","1410","0","49.5","35.82"
"10","015","00","001","0116","0070","659","537","122","20","679","1303","0","52.11","41.21"
"10","015","00","001","0116","0071","639","496","143","33","672","1256","0","53.5","39.49"
"10","015","00","001","0116","0072","591","468","123","45","636","1105","0","57.56","42.35"
"10","015","00","001","0117","0000","1918","1528","390","129","2047","3583","0","57.13","42.65"
"10","015","00","001","0117","0016","650","521","129","60","710","1141","0","62.23","45.66"
"10","015","00","001","0117","0017","568","451","117","29","597","1163","0","51.33","38.78"
"10","015","00","001","0117","0018","700","556","144","40","740","1279","0","57.86","43.47"
"10","015","00","001","0118","0000","1682","1340","342","83","1765","3181","0","55.49","42.13"
"10","015","00","001","0118","0002","615","493","122","36","651","1114","0","58.44","44.25"
"10","015","00","001","0118","0003","350","272","78","26","376","670","0","56.12","40.6"
"10","015","00","001","0118","0004","717","575","142","21","738","1397","0","52.83","41.16"
"10","015","00","001","0119","0000","531","428","103","31","562","1114","0","50.45","38.42"
"10","015","00","001","0119","0024","531","428","103","31","562","1114","0","50.45","38.42"
"10","015","00","001","0120","0000","315","242","73","34","349","577","0","60.49","41.94"
"10","015","00","001","0120","0026","315","242","73","34","349","577","0","60.49","41.94"
"10","015","00","001","0121","0000","961","760","201","64","1025","1835","0","55.86","41.42"
"10","015","00","001","0121","0036","458","366","92","29","487","856","0","56.89","42.76"
"10","015","00","001","0121","0037","503","394","109","35","538","979","0","54.95","40.25"
"10","015","00","001","0122","0000","536","442","94","28","564","1192","0","47.32","37.08"
"10","015","00","001","0122","0056","536","442","94","28","564","1192","0","47.32","37.08"
"10","015","00","001","0123","0000","1295","1012","283","73","1368","2766","0","49.46","36.59"
"10","015","00","001","0123","0062","602","478","124","18","620","1311","0","47.29","36.46"
"10","015","00","001","0123","0063","693","534","159","55","748","1455","0","51.41","36.7"
"10","015","00","001","0124","0000","901","723","178","66","967","1715","0","56.38","42.16"
"10","015","00","001","0124","0067","388","309","79","26","414","715","0","57.9","43.22"
"10","015","00","001","0124","0068","513","414","99","40","553","1000","0","55.3","41.4"
"10","015","00","001","0125","0000","485","372","113","42","527","918","0","57.41","40.52"
"10","015","00","001","0125","0008","485","372","113","42","527","918","0","57.41","40.52"
"10","015","00","001","0126","0000","308","245","63","25","333","615","0","54.15","39.84"
"10","015","00","001","0126","0020","308","245","63","25","333","615","0","54.15","39.84"
"10","015","00","001","0127","0000","259","212","47","14","273","559","0","48.84","37.92"
"10","015","00","001","0127","0022","259","212","47","14","273","559","0","48.84","37.92"
"10","015","00","001","0128","0000","467","367","100","26","493","810","0","60.86","45.31"
"10","015","00","001","0128","0027","467","367","100","26","493","810","0","60.86","45.31"
"10","015","00","001","0129","0000","1336","1071","265","103","1439","2674","0","53.81","40.05"
"10","015","00","001","0129","0047","602","477","125","55","657","1184","0","55.49","40.29"
"10","015","00","001","0129","0048","734","594","140","48","782","1490","0","52.48","39.87"
"10","015","00","001","0130","0000","283","214","69","19","302","490","0","61.63","43.67"
"10","015","00","001","0130","0055","283","214","69","19","302","490","0","61.63","43.67"
"10","015","00","001","0131","0000","1005","815","190","86","1091","1975","0","55.24","41.27"
"10","015","00","001","0131","0060","511","426","85","28","539","993","0","54.28","42.9"
"10","015","00","001","0131","0061","494","389","105","58","552","982","0","56.21","39.61"
"10","015","00","001","0132","0000","571","439","132","39","610","1068","0","57.12","41.1"
"10","015","00","001","0132","0077","571","439","132","39","610","1068","0","57.12","41.1"
"10","015","00","001","0133","0000","1447","1171","276","108","1555","2942","0","52.86","39.8"
"10","015","00","001","0133","0009","766","614","152","44","810","1539","0","52.63","39.9"
"10","015","00","001","0133","0010","681","557","124","64","745","1403","0","53.1","39.7"
"10","015","00","001","0134","0000","324","238","86","23","347","606","0","57.26","39.27"
"10","015","00","001","0134","0021","324","238","86","23","347","606","0","57.26","39.27"
"10","015","00","001","0135","0000","213","169","44","21","234","416","0","56.25","40.63"
"10","015","00","001","0135","0025","213","169","44","21","234","416","0","56.25","40.63"
"10","015","00","001","0136","0000","365","301","64","36","401","816","0","49.14","36.89"
"10","015","00","001","0136","0032","365","301","64","36","401","816","0","49.14","36.89"
"10","015","00","001","0137","0000","2597","2107","490","189","2786","5217","0","53.4","40.39"
"10","015","00","001","0137","0043","714","596","118","58","772","1369","0","56.39","43.54"
"10","015","00","001","0137","0044","607","477","130","33","640","1435","0","44.6","33.24"
"10","015","00","001","0137","0045","597","482","115","43","640","1164","0","54.98","41.41"
"10","015","00","001","0137","0046","679","552","127","55","734","1249","0","58.77","44.2"
"10","015","00","001","0138","0000","1140","930","210","89","1229","2226","0","55.21","41.78"
"10","015","00","001","0138","0058","638","530","108","39","677","1267","0","53.43","41.83"
"10","015","00","001","0138","0059","502","400","102","50","552","959","0","57.56","41.71"
"10","015","00","001","0139","0000","409","320","89","26","435","869","0","50.06","36.82"
"10","015","00","001","0139","0057","409","320","89","26","435","869","0","50.06","36.82"
"10","015","00","001","0140","0000","632","493","139","43","675","1482","0","45.55","33.27"
"10","015","00","001","0140","0081","632","493","139","43","675","1482","0","45.55","33.27"
"10","015","00","001","0141","0000","2112","1729","383","117","2229","4183","0","53.29","41.33"
"10","015","00","001","0141","0073","527","402","125","30","557","1089","0","51.15","36.91"
"10","015","00","001","0141","0074","483","397","86","24","507","1043","0","48.61","38.06"
"10","015","00","001","0141","0075","583","491","92","33","616","1080","0","57.04","45.46"
"10","015","00","001","0141","0076","519","439","80","30","549","971","0","56.54","45.21"
"10","015","00","001","0142","0000","1219","977","242","68","1287","2498","0","51.52","39.11"
"10","015","00","001","0142","0041","607","499","108","33","640","1268","0","50.47","39.35"
"10","015","00","001","0142","0042","612","478","134","35","647","1230","0","52.6","38.86"
"10","015","00","001","0143","0000","1673","1346","327","117","1790","3727","0","48.03","36.11"
"10","015","00","001","0143","0064","499","395","104","37","536","1151","0","46.57","34.32"
"10","015","00","001","0143","0065","573","460","113","37","610","1237","0","49.31","37.19"
"10","015","00","001","0143","0066","601","491","110","43","644","1339","0","48.1","36.67"
"10","015","00","001","0144","0000","2038","1633","405","129","2167","4064","0","53.32","40.18"
"10","015","00","001","0144","0078","661","528","133","31","692","1379","0","50.18","38.29"
"10","015","00","001","0144","0079","659","522","137","58","717","1362","0","52.64","38.33"
"10","015","00","001","0144","0080","718","583","135","40","758","1323","0","57.29","44.07"
"10","015","00","001","0145","0000","1833","1487","346","123","1956","3494","0","55.98","42.56"
"10","015","00","001","0145","0011","534","427","107","30","564","1068","0","52.81","39.98"
"10","015","00","001","0145","0012","610","501","109","31","641","1167","0","54.93","42.93"
"10","015","00","001","0145","0013","689","559","130","62","751","1259","0","59.65","44.4"
"10","015","00","002","0000","0000","4717","3783","934","573","5290","9676","10902","54.67","39.1"
"10","015","00","002","0201","0000","668","560","108","70","738","1192","0","61.91","46.98"
"10","015","00","002","0201","0195","668","560","108","70","738","1192","0","61.91","46.98"
"10","015","00","002","0202","0000","292","230","62","31","323","639","0","50.55","35.99"
"10","015","00","002","0202","0196","292","230","62","31","323","639","0","50.55","35.99"
"10","015","00","002","0203","0000","353","284","69","47","400","601","0","66.56","47.25"
"10","015","00","002","0203","0197","353","284","69","47","400","601","0","66.56","47.25"
"10","015","00","002","0204","0000","669","552","117","56","725","1137","0","63.76","48.55"
"10","015","00","002","0204","0198","669","552","117","56","725","1137","0","63.76","48.55"
"10","015","00","002","0205","0000","678","546","132","88","766","1352","0","56.66","40.38"
"10","015","00","002","0205","0199","363","281","82","54","417","742","0","56.2","37.87"
"10","015","00","002","0205","0200","315","265","50","34","349","610","0","57.21","43.44"
"10","015","00","002","0206","0000","216","157","59","42","258","513","0","50.29","30.6"
"10","015","00","002","0206","0201","153","104","49","39","192","295","0","65.08","35.25"
"10","015","00","002","0206","0202","63","53","10","3","66","218","0","30.28","24.31"
"10","015","00","002","0207","0000","534","422","112","49","583","1248","0","46.71","33.81"
"10","015","00","002","0207","0203","275","221","54","22","297","720","0","41.25","30.69"
"10","015","00","002","0207","0204","259","201","58","27","286","528","0","54.17","38.07"
"10","015","00","002","0208","0000","269","198","71","19","288","560","0","51.43","35.36"
"10","015","00","002","0208","0205","269","198","71","19","288","560","0","51.43","35.36"
"10","015","00","002","0209","0000","237","201","36","54","291","541","0","53.79","37.15"
"10","015","00","002","0209","0206","237","201","36","54","291","541","0","53.79","37.15"
"10","015","00","002","0210","0000","402","321","81","62","464","818","0","56.72","39.24"
"10","015","00","002","0210","0207","402","321","81","62","464","818","0","56.72","39.24"
"10","015","00","002","0211","0000","358","281","77","47","405","984","0","41.16","28.56"
"10","015","00","002","0211","0208","358","281","77","47","405","984","0","41.16","28.56"
"10","015","00","002","0212","0000","41","31","10","8","49","91","0","53.85","34.07"
"10","015","00","002","0212","0209","41","31","10","8","49","91","0","53.85","34.07"
"10","015","00","003","0000","0000","8435","6519","1916","1232","9667","20650","24066","46.81","31.57"
"10","015","00","003","0301","0000","2543","2068","475","248","2791","5111","0","54.61","40.46"
"10","015","00","003","0301","0254","496","397","99","47","543","1008","0","53.87","39.38"
"10","015","00","003","0301","0255","513","417","96","43","556","939","0","59.21","44.41"
"10","015","00","003","0301","0256","595","502","93","61","656","1256","0","52.23","39.97"
"10","015","00","003","0301","0257","453","362","91","52","505","929","0","54.36","38.97"
"10","015","00","003","0301","0258","486","390","96","45","531","979","0","54.24","39.84"
"10","015","00","003","0302","0000","700","536","164","96","796","1619","0","49.17","33.11"
"10","015","00","003","0302","0260","375","292","83","41","416","847","0","49.11","34.47"
"10","015","00","003","0302","0261","325","244","81","55","380","772","0","49.22","31.61"
"10","015","00","003","0303","0000","525","412","113","70","595","1286","0","46.27","32.04"
"10","015","00","003","0303","0264","525","412","113","70","595","1286","0","46.27","32.04"
"10","015","00","003","0304","0000","486","376","110","51","537","1358","0","39.54","27.69"
"10","015","00","003","0304","0262","254","200","54","23","277","558","0","49.64","35.84"
"10","015","00","003","0304","0263","232","176","56","28","260","800","0","32.5","22.0"
"10","015","00","003","0305","0000","687","551","136","43","730","1244","0","58.68","44.29"
"10","015","00","003","0305","0259","687","551","136","43","730","1244","0","58.68","44.29"
"10","015","00","003","0306","0000","514","397","117","85","599","1246","0","48.07","31.86"
"10","015","00","003","0306","0265","514","397","117","85","599","1246","0","48.07","31.86"
"10","015","00","003","0307","0000","273","183","90","72","345","647","0","53.32","28.28"
"10","015","00","003","0307","0266","273","183","90","72","345","647","0","53.32","28.28"
"10","015","00","003","0308","0000","205","164","41","17","222","990","0","22.42","16.57"
"10","015","00","003","0308","0267","205","164","41","17","222","990","0","22.42","16.57"
"10","015","00","003","0309","0000","210","148","62","53","263","530","0","49.62","27.92"
"10","015","00","003","0309","0268","210","148","62","53","263","530","0","49.62","27.92"
"10","015","00","003","0310","0000","526","387","139","153","679","1536","0","44.21","25.2"
"10","015","00","003","0310","0269","303","213","90","56","359","979","0","36.67","21.76"
"10","015","00","003","0310","0270","223","174","49","97","320","557","0","57.45","31.24"
"10","015","00","003","0311","0000","417","319","98","101","518","1499","0","34.56","21.28"
"10","015","00","003","0311","0271","136","112","24","21","157","434","0","36.18","25.81"
"10","015","00","003","0311","0272","281","207","74","80","361","1065","0","33.9","19.44"
"10","015","00","003","0312","0000","356","246","110","105","461","866","0","53.23","28.41"
"10","015","00","003","0312","0273","356","246","110","105","461","866","0","53.23","28.41"
"10","015","00","003","0313","0000","273","198","75","42","315","769","0","40.96","25.75"
"10","015","00","003","0313","0274","273","198","75","42","315","769","0","40.96","25.75"
"10","015","00","003","0314","0000","328","248","80","42","370","869","0","42.58","28.54"
"10","015","00","003","0314","0275","328","248","80","42","370","869","0","42.58","28.54"
"10","015","00","003","0315","0000","392","286","106","54","446","1080","0","41.3","26.48"
"10","015","00","003","0315","0276","392","286","106","54","446","1080","0","41.3","26.48"
"10","015","00","004","0000","0000","8466","6668","1798","699","9165","17029","20112","53.82","39.16"
"10","015","00","004","0401","0000","624","500","124","28","652","1296","0","50.31","38.58"
"10","015","00","004","0401","0082","199","157","42","17","216","367","0","58.86","42.78"
"10","015","00","004","0401","0083","425","343","82","11","436","929","0","46.93","36.92"
"10","015","00","004","0402","0000","457","317","140","70","527","897","0","58.75","35.34"
"10","015","00","004","0402","0084","309","218","91","45","354","590","0","60.0","36.95"
"10","015","00","004","0402","0085","148","99","49","25","173","307","0","56.35","32.25"
"10","015","00","004","0403","0000","1235","978","257","103","1338","2428","0","55.11","40.28"
"10","015","00","004","0403","0086","138","108","30","22","160","260","0","61.54","41.54"
"10","015","00","004","0403","0087","677","527","150","58","735","1283","0","57.29","41.08"
"10","015","00","004","0403","0088","420","343","77","23","443","885","0","50.06","38.76"
"10","015","00","004","0404","0000","1924","1505","419","140","2064","3962","0","52.09","37.99"
"10","015","00","004","0404","0092","542","422","120","48","590","1163","0","50.73","36.29"
"10","015","00","004","0404","0093","791","607","184","46","837","1605","0","52.15","37.82"
"10","015","00","004","0404","0094","591","476","115","46","637","1194","0","53.35","39.87"
"10","015","00","004","0405","0000","503","423","80","49","552","979","0","56.38","43.21"
"10","015","00","004","0405","0095","503","423","80","49","552","979","0","56.38","43.21"
"10","015","00","004","0406","0000","1892","1514","378","119","2011","3719","0","54.07","40.71"
"10","015","00","004","0406","0096","771","605","166","49","820","1485","0","55.22","40.74"
"10","015","00","004","0406","0097","520","418","102","38","558","1070","0","52.15","39.07"
"10","015","00","004","0406","0098","601","491","110","32","633","1164","0","54.38","42.18"
"10","015","00","004","0407","0000","576","449","127","76","652","1249","0","52.2","35.95"
"10","015","00","004","0407","0099","407","321","86","59","466","880","0","52.95","36.48"
"10","015","00","004","0407","0100","169","128","41","17","186","369","0","50.41","34.69"
"10","015","00","004","0408","0000","1255","982","273","114","1369","2499","0","54.78","39.3"
"10","015","00","004","0408","0089","403","312","91","35","438","770","0","56.88","40.52"
"10","015","00","004","0408","0090","672","526","146","67","739","1363","0","54.22","38.59"
"10","015","00","004","0408","0091","180","144","36","12","192","366","0","52.46","39.34"
"10","015","00","005","0000","0000","35333","28209","7124","2515","37848","72116","83262","52.48","39.12"
"10","015","00","005","0501","0000","3672","2967","705","214","3886","7071","0","54.96","41.96"
"10","015","00","005","0501","0147","572","455","117","37","609","1135","0","53.66","40.09"
"10","015","00","005","0501","0148","658","550","108","34","692","1223","0","56.58","44.97"
"10","015","00","005","0501","0149","652","533","119","45","697","1274","0","54.71","41.84"
"10","015","00","005","0501","0150","555","437","118","37","592","1124","0","52.67","38.88"
"10","015","00","005","0501","0151","616","492","124","35","651","1158","0","56.22","42.49"
"10","015","00","005","0501","0152","619","500","119","26","645","1157","0","55.75","43.22"
"10","015","00","005","0502","0000","2532","1998","534","112","2644","4926","0","53.67","40.56"
"10","015","00","005","0502","0153","650","530","120","36","686","1258","0","54.53","42.13"
"10","015","00","005","0502","0154","638","497","141","30","668","1257","0","53.14","39.54"
"10","015","00","005","0502","0155","611","486","125","32","643","1245","0","51.65","39.04"
"10","015","00","005","0502","0156","633","485","148","14","647","1166","0","55.49","41.6"
"10","015","00","005","0503","0000","1680","1296","384","146","1826","3739","0","48.84","34.66"
"10","015","00","005","0503","0119","535","420","115","39","574","1107","0","51.85","37.94"
"10","015","00","005","0503","0120","539","412","127","48","587","1179","0","49.79","34.94"
"10","015","00","005","0503","0121","606","464","142","59","665","1453","0","45.77","31.93"
"10","015","00","005","0504","0000","2075","1667","408","145","2220","4178","0","53.14","39.9"
"10","015","00","005","0504","0115","516","407","109","37","553","1059","0","52.22","38.43"
"10","015","00","005","0504","0116","511","418","93","34","545","983","0","55.44","42.52"
"10","015","00","005","0504","0117","526","434","92","33","559","1031","0","54.22","42.1"
"10","015","00","005","0504","0118","522","408","114","41","563","1105","0","50.95","36.92"
"10","015","00","005","0505","0000","3502","2834","668","208","3710","6870","0","54.0","41.25"
"10","015","00","005","0505","0122","793","639","154","48","841","1432","0","58.73","44.62"
"10","015","00","005","0505","0123","692","560","132","36","728","1320","0","55.15","42.42"
"10","015","00","005","0505","0124","655","525","130","28","683","1356","0","50.37","38.72"
"10","015","00","005","0505","0125","621","513","108","40","661","1295","0","51.04","39.61"
"10","015","00","005","0505","0126","741","597","144","56","797","1467","0","54.33","40.7"
"10","015","00","005","0506","0000","2591","2067","524","154","2745","5242","0","52.37","39.43"
"10","015","00","005","0506","0127","749","591","158","35","784","1515","0","51.75","39.01"
"10","015","00","005","0506","0128","578","459","119","49","627","1063","0","58.98","43.18"
"10","015","00","005","0506","0129","535","430","105","26","561","1284","0","43.69","33.49"
"10","015","00","005","0506","0130","729","587","142","44","773","1380","0","56.01","42.54"
"10","015","00","005","0507","0000","1443","1136","307","139","1582","2959","0","53.46","38.39"
"10","015","00","005","0507","0131","675","527","148","56","731","1297","0","56.36","40.63"
"10","015","00","005","0507","0132","768","609","159","83","851","1662","0","51.2","36.64"
"10","015","00","005","0508","0000","654","476","178","94","748","1563","0","47.86","30.45"
"10","015","00","005","0508","0133","654","476","178","94","748","1563","0","47.86","30.45"
"10","015","00","005","0509","0000","571","455","116","50","621","1288","0","48.21","35.33"
"10","015","00","005","0509","0134","571","455","116","50","621","1288","0","48.21","35.33"
"10","015","00","005","0510","0000","1401","1104","297","103","1504","2845","0","52.86","38.8"
"10","015","00","005","0510","0135","466","364","102","38","504","907","0","55.57","40.13"
"10","015","00","005","0510","0136","439","354","85","35","474","917","0","51.69","38.6"
"10","015","00","005","0510","0137","496","386","110","30","526","1021","0","51.52","37.81"
"10","015","00","005","0511","0000","1633","1322","311","153","1786","3187","0","56.04","41.48"
"10","015","00","005","0511","0138","575","459","116","39","614","1033","0","59.44","44.43"
"10","015","00","005","0511","0139","497","398","99","53","550","966","0","56.94","41.2"
"10","015","00","005","0511","0140","561","465","96","61","622","1188","0","52.36","39.14"
"10","015","00","005","0512","0000","1926","1585","341","101","2027","4066","0","49.85","38.98"
"10","015","00","005","0512","0141","730","608","122","30","760","1480","0","51.35","41.08"
"10","015","00","005","0512","0142","634","521","113","39","673","1393","0","48.31","37.4"
"10","015","00","005","0512","0143","562","456","106","32","594","1193","0","49.79","38.22"
"10","015","00","005","0513","0000","1926","1521","405","181","2107","3961","0","53.19","38.4"
"10","015","00","005","0513","0144","653","529","124","41","694","1445","0","48.03","36.61"
"10","015","00","005","0513","0145","635","492","143","86","721","1301","0","55.42","37.82"
"10","015","00","005","0513","0146","638","500","138","54","692","1215","0","56.95","41.15"
"10","015","00","005","0514","0000","3030","2447","583","212","3242","6041","0","53.67","40.51"
"10","015","00","005","0514","0157","659","528","131","51","710","1358","0","52.28","38.88"
"10","015","00","005","0514","0158","596","496","100","34","630","1214","0","51.89","40.86"
"10","015","00","005","0514","0159","561","458","103","55","616","1151","0","53.52","39.79"
"10","015","00","005","0514","0160","602","465","137","32","634","1157","0","54.8","40.19"
"10","015","00","005","0514","0161","612","500","112","40","652","1161","0","56.16","43.07"
"10","015","00","005","0515","0000","2593","2064","529","184","2777","5491","0","50.57","37.59"
"10","015","00","005","0515","0162","687","543","144","49","736","1304","0","56.44","41.64"
"10","015","00","005","0515","0163","661","527","134","53","714","1367","0","52.23","38.55"
"10","015","00","005","0515","0164","623","479","144","42","665","1411","0","47.13","33.95"
"10","015","00","005","0515","0165","622","515","107","40","662","1409","0","46.98","36.55"
"10","015","00","005","0516","0000","1081","851","230","122","1203","2338","0","51.45","36.4"
"10","015","00","005","0516","0166","487","392","95","43","530","1125","0","47.11","34.84"
"10","015","00","005","0516","0167","594","459","135","79","673","1213","0","55.48","37.84"
"10","015","00","005","0517","0000","2035","1608","427","143","2178","4415","0","49.33","36.42"
"10","015","00","005","0517","0168","591","456","135","33","624","1141","0","54.69","39.96"
"10","015","00","005","0517","0169","505","414","91","23","528","1156","0","45.67","35.81"
"10","015","00","005","0517","0170","512","427","85","50","562","1092","0","51.47","39.1"
"10","015","00","005","0517","0171","427","311","116","37","464","1026","0","45.22","30.31"
"10","015","00","005","0518","0000","988","811","177","54","1042","1936","0","53.82","41.89"
"10","015","00","005","0518","0172","401","328","73","16","417","804","0","51.87","40.8"
"10","015","00","005","0518","0173","587","483","104","38","625","1132","0","55.21","42.67"
"10","015","00","006","0000","0000","7842","5963","1879","882","8724","15847","18006","55.05","37.63"
"10","015","00","006","0601","0000","189","148","41","29","218","357","0","61.06","41.46"
"10","015","00","006","0601","0175","189","148","41","29","218","357","0","61.06","41.46"
"10","015","00","006","0602","0000","462","353","109","39","501","1052","0","47.62","33.56"
"10","015","00","006","0602","0174","462","353","109","39","501","1052","0","47.62","33.56"
"10","015","00","006","0603","0000","955","737","218","107","1062","1897","0","55.98","38.85"
"10","015","00","006","0603","0176","461","360","101","54","515","1022","0","50.39","35.23"
"10","015","00","006","0603","0177","494","377","117","53","547","875","0","62.51","43.09"
"10","015","00","006","0604","0000","675","512","163","70","745","1399","0","53.25","36.6"
"10","015","00","006","0604","0178","377","279","98","46","423","691","0","61.22","40.38"
"10","015","00","006","0604","0179","298","233","65","24","322","708","0","45.48","32.91"
"10","015","00","006","0605","0000","422","324","98","52","474","894","0","53.02","36.24"
"10","015","00","006","0605","0180","422","324","98","52","474","894","0","53.02","36.24"
"10","015","00","006","0606","0000","392","315","77","39","431","695","0","62.01","45.32"
"10","015","00","006","0606","0183","392","315","77","39","431","695","0","62.01","45.32"
"10","015","00","006","0607","0000","796","619","177","79","875","1627","0","53.78","38.05"
"10","015","00","006","0607","0181","368","295","73","40","408","746","0","54.69","39.54"
"10","015","00","006","0607","0182","428","324","104","39","467","881","0","53.01","36.78"
"10","015","00","006","0608","0000","428","311","117","83","511","816","0","62.62","38.11"
"10","015","00","006","0608","0184","428","311","117","83","511","816","0","62.62","38.11"
"10","015","00","006","0609","0000","352","266","86","43","395","773","0","51.1","34.41"
"10","015","00","006","0609","0185","352","266","86","43","395","773","0","51.1","34.41"
"10","015","00","006","0610","0000","748","580","168","96","844","1436","0","58.77","40.39"
"10","015","00","006","0610","0186","522","396","126","65","587","1029","0","57.05","38.48"
"10","015","00","006","0610","0187","226","184","42","31","257","407","0","63.14","45.21"
"10","015","00","006","0611","0000","1299","952","347","106","1405","2549","0","55.12","37.35"
"10","015","00","006","0611","0188","591","444","147","55","646","1139","0","56.72","38.98"
"10","015","00","006","0611","0189","534","380","154","38","572","996","0","57.43","38.15"
"10","015","00","006","0611","0190","174","128","46","13","187","414","0","45.17","30.92"
"10","015","00","006","0612","0000","144","103","41","13","157","270","0","58.15","38.15"
"10","015","00","006","0612","0191","144","103","41","13","157","270","0","58.15","38.15"
"10","015","00","006","0613","0000","428","336","92","60","488","836","0","58.37","40.19"
"10","015","00","006","0613","0192","428","336","92","60","488","836","0","58.37","40.19"
"10","015","00","006","0614","0000","269","201","68","43","312","739","0","42.22","27.2"
"10","015","00","006","0614","0194","269","201","68","43","312","739","0","42.22","27.2"
"10","015","00","006","0615","0000","283","206","77","23","306","507","0","60.36","40.63"
"10","015","00","006","0615","0193","283","206","77","23","306","507","0","60.36","40.63"
"10","015","00","007","0000","0000","5080","3925","1155","738","5818","11417","12847","50.96","34.38"
"10","015","00","007","0701","0000","464","380","84","35","499","859","0","58.09","44.24"
"10","015","00","007","0701","0211","464","380","84","35","499","859","0","58.09","44.24"
"10","015","00","007","0702","0000","635","491","144","84","719","1295","0","55.52","37.92"
"10","015","00","007","0702","0210","635","491","144","84","719","1295","0","55.52","37.92"
"10","015","00","007","0703","0000","445","340","105","126","571","958","0","59.6","35.49"
"10","015","00","007","0703","0212","445","340","105","126","571","958","0","59.6","35.49"
"10","015","00","007","0704","0000","482","355","127","105","587","1011","0","58.06","35.11"
"10","015","00","007","0704","0213","482","355","127","105","587","1011","0","58.06","35.11"
"10","015","00","007","0705","0000","536","417","119","67","603","1041","0","57.93","40.06"
"10","015","00","007","0705","0214","536","417","119","67","603","1041","0","57.93","40.06"
"10","015","00","007","0706","0000","244","211","33","24","268","471","0","56.9","44.8"
"10","015","00","007","0706","0221","244","211","33","24","268","471","0","56.9","44.8"
"10","015","00","007","0707","0000","349","264","85","53","402","756","0","53.17","34.92"
"10","015","00","007","0707","0222","309","232","77","48","357","640","0","55.78","36.25"
"10","015","00","007","0707","0223","40","32","8","5","45","116","0","38.79","27.59"
"10","015","00","007","0708","0000","134","109","25","11","145","496","0","29.23","21.98"
"10","015","00","007","0708","0224","134","109","25","11","145","496","0","29.23","21.98"
"10","015","00","007","0709","0000","131","97","34","15","146","324","0","45.06","29.94"
"10","015","00","007","0709","0225","131","97","34","15","146","324","0","45.06","29.94"
"10","015","00","007","0710","0000","157","125","32","19","176","454","0","38.77","27.53"
"10","015","00","007","0710","0226","157","125","32","19","176","454","0","38.77","27.53"
"10","015","00","007","0711","0000","407","315","92","78","485","1009","0","48.07","31.22"
"10","015","00","007","0711","0215","370","285","85","78","448","821","0","54.57","34.71"
"10","015","00","007","0711","0216","37","30","7","0","37","188","0","19.68","15.96"
"10","015","00","007","0712","0000","394","302","92","46","440","960","0","45.83","31.46"
"10","015","00","007","0712","0217","250","201","49","32","282","514","0","54.86","39.11"
"10","015","00","007","0712","0218","144","101","43","14","158","446","0","35.43","22.65"
"10","015","00","007","0713","0000","382","291","91","49","431","851","0","50.65","34.2"
"10","015","00","007","0713","0219","382","291","91","49","431","851","0","50.65","34.2"
"10","015","00","007","0714","0000","320","228","92","26","346","932","0","37.12","24.46"
"10","015","00","007","0714","0220","320","228","92","26","346","932","0","37.12","24.46"
"10","015","00","008","0000","0000","1575","1172","403","314","1889","4395","4811","42.98","26.67"
"10","015","00","008","0801","0000","624","476","148","83","707","1779","0","39.74","26.76"
"10","015","00","008","0801","0229","238","161","77","49","287","613","0","46.82","26.26"
"10","015","00","008","0801","0230","334","271","63","30","364","809","0","44.99","33.5"
"10","015","00","008","0801","0231","52","44","8","4","56","357","0","15.69","12.32"
"10","015","00","008","0802","0000","262","192","70","78","340","669","0","50.82","28.7"
"10","015","00","008","0802","0232","262","192","70","78","340","669","0","50.82","28.7"
"10","015","00","008","0803","0000","188","153","35","9","197","479","0","41.13","31.94"
"10","015","00","008","0803","0233","188","153","35","9","197","479","0","41.13","31.94"
"10","015","00","008","0804","0000","246","166","80","57","303","751","0","40.35","22.1"
"10","015","00","008","0804","0228","246","166","80","57","303","751","0","40.35","22.1"
"10","015","00","008","0805","0000","255","185","70","87","342","717","0","47.7","25.8"
"10","015","00","008","0805","0227","255","185","70","87","342","717","0","47.7","25.8"
"10","015","00","009","0000","0000","4435","3429","1006","576","5011","10279","11716","48.75","33.36"
"10","015","00","009","0901","0000","956","771","185","121","1077","1904","0","56.57","40.49"
"10","015","00","009","0901","0241","421","345","76","48","469","813","0","57.69","42.44"
"10","015","00","009","0901","0242","535","426","109","73","608","1091","0","55.73","39.05"
"10","015","00","009","0902","0000","931","732","199","105","1036","1814","0","57.11","40.35"
"10","015","00","009","0902","0243","435","355","80","44","479","839","0","57.09","42.31"
"10","015","00","009","0902","0244","496","377","119","61","557","975","0","57.13","38.67"
"10","015","00","009","0903","0000","230","169","61","24","254","546","0","46.52","30.95"
"10","015","00","009","0903","0245","230","169","61","24","254","546","0","46.52","30.95"
"10","015","00","009","0904","0000","507","391","116","62","569","1002","0","56.79","39.02"
"10","015","00","009","0904","0246","507","391","116","62","569","1002","0","56.79","39.02"
"10","015","00","009","0905","0000","237","176","61","39","276","593","0","46.54","29.68"
"10","015","00","009","0905","0247","237","176","61","39","276","593","0","46.54","29.68"
"10","015","00","009","0906","0000","468","347","121","82","550","965","0","56.99","35.96"
"10","015","00","009","0906","0248","468","347","121","82","550","965","0","56.99","35.96"
"10","015","00","009","0907","0000","405","305","100","70","475","863","0","55.04","35.34"
"10","015","00","009","0907","0249","405","305","100","70","475","863","0","55.04","35.34"
"10","015","00","009","0908","0000","71","53","18","7","78","340","0","22.94","15.59"
"10","015","00","009","0908","0250","71","53","18","7","78","340","0","22.94","15.59"
"10","015","00","009","0909","0000","314","239","75","39","353","764","0","46.2","31.28"
"10","015","00","009","0909","0251","314","239","75","39","353","764","0","46.2","31.28"
"10","015","00","009","0910","0000","154","116","38","11","165","868","0","19.01","13.36"
"10","015","00","009","0910","0252","154","116","38","11","165","868","0","19.01","13.36"
"10","015","00","009","0911","0000","162","130","32","16","178","620","0","28.71","20.97"
"10","015","00","009","0911","0253","162","130","32","16","178","620","0","28.71","20.97"
"10","015","00","010","0000","0000","3604","2782","822","509","4113","9065","10331","45.37","30.69"
"10","015","00","010","1001","0000","177","142","35","21","198","467","0","42.4","30.41"
"10","015","00","010","1001","0277","177","142","35","21","198","467","0","42.4","30.41"
"10","015","00","010","1002","0000","347","266","81","60","407","1032","0","39.44","25.78"
"10","015","00","010","1002","0278","347","266","81","60","407","1032","0","39.44","25.78"
"10","015","00","010","1003","0000","239","198","41","38","277","638","0","43.42","31.03"
"10","015","00","010","1003","0279","239","198","41","38","277","638","0","43.42","31.03"
"10","015","00","010","1004","0000","243","179","64","79","322","591","0","54.48","30.29"
"10","015","00","010","1004","0280","243","179","64","79","322","591","0","54.48","30.29"
"10","015","00","010","1005","0000","536","420","116","56","592","1087","0","54.46","38.64"
"10","015","00","010","1005","0281","536","420","116","56","592","1087","0","54.46","38.64"
"10","015","00","010","1006","0000","205","152","53","19","224","431","0","51.97","35.27"
"10","015","00","010","1006","0282","205","152","53","19","224","431","0","51.97","35.27"
"10","015","00","010","1007","0000","394","330","64","40","434","893","0","48.6","36.95"
"10","015","00","010","1007","0283","394","330","64","40","434","893","0","48.6","36.95"
"10","015","00","010","1008","0000","129","92","37","20","149","361","0","41.27","25.48"
"10","015","00","010","1008","0284","129","92","37","20","149","361","0","41.27","25.48"
"10","015","00","010","1009","0000","487","361","126","51","538","1362","0","39.5","26.51"
"10","015","00","010","1009","0285","487","361","126","51","538","1362","0","39.5","26.51"
"10","015","00","010","1010","0000","208","162","46","29","237","458","0","51.75","35.37"
"10","015","00","010","1010","0286","208","162","46","29","237","458","0","51.75","35.37"
"10","015","00","010","1011","0000","158","124","34","36","194","621","0","31.24","19.97"
"10","015","00","010","1011","0287","158","124","34","36","194","621","0","31.24","19.97"
"10","015","00","010","1012","0000","212","149","63","31","243","493","0","49.29","30.22"
"10","015","00","010","1012","0288","212","149","63","31","243","493","0","49.29","30.22"
"10","015","00","010","1013","0000","269","207","62","29","298","631","0","47.23","32.81"
"10","015","00","010","1013","0289","269","207","62","29","298","631","0","47.23","32.81"
"10","015","00","011","0000","0000","5500","4254","1246","518","6018","12562","15937","47.91","33.86"
"10","015","00","011","1101","0000","460","330","130","58","518","1373","0","37.73","24.03"
"10","015","00","011","1101","0103","460","330","130","58","518","1373","0","37.73","24.03"
"10","015","00","011","1102","0000","708","557","151","84","792","1806","0","43.85","30.84"
"10","015","00","011","1102","0104","627","488","139","76","703","1644","0","42.76","29.68"
"10","015","00","011","1102","0105","81","69","12","8","89","162","0","54.94","42.59"
"10","015","00","011","1103","0000","697","538","159","67","764","1766","0","43.26","30.46"
"10","015","00","011","1103","0106","165","115","50","28","193","384","0","50.26","29.95"
"10","015","00","011","1103","0107","532","423","109","39","571","1382","0","41.32","30.61"
"10","015","00","011","1104","0000","589","442","147","102","691","1139","0","60.67","38.81"
"10","015","00","011","1104","0111","589","442","147","102","691","1139","0","60.67","38.81"
"10","015","00","011","1105","0000","563","447","116","8","571","1213","0","47.07","36.85"
"10","015","00","011","1105","0112","563","447","116","8","571","1213","0","47.07","36.85"
"10","015","00","011","1106","0000","487","401","86","46","533","1084","0","49.17","36.99"
"10","015","00","011","1106","0113","358","294","64","32","390","754","0","51.72","38.99"
"10","015","00","011","1106","0114","129","107","22","14","143","330","0","43.33","32.42"
"10","015","00","011","1107","0000","754","588","166","40","794","1752","0","45.32","33.56"
"10","015","00","011","1107","0108","486","383","103","23","509","1125","0","45.24","34.04"
"10","015","00","011","1107","0109","268","205","63","17","285","627","0","45.45","32.7"
"10","015","00","011","1108","0000","567","445","122","51","618","987","0","62.61","45.09"
"10","015","00","011","1108","0110","567","445","122","51","618","987","0","62.61","45.09"
"10","015","00","011","1109","0000","675","506","169","62","737","1442","0","51.11","35.09"
"10","015","00","011","1109","0101","408","313","95","33","441","867","0","50.87","36.1"
"10","015","00","011","1109","0102","267","193","74","29","296","575","0","51.48","33.57"
"10","015","00","012","0000","0000","2469","1802","667","355","2824","5269","6439","53.6","34.2"
"10","015","00","012","1201","0000","511","376","135","82","593","1072","0","55.32","35.07"
"10","015","00","012","1201","0234","511","376","135","82","593","1072","0","55.32","35.07"
"10","015","00","012","1202","0000","204","160","44","13","217","560","0","38.75","28.57"
"10","015","00","012","1202","0235","204","160","44","13","217","560","0","38.75","28.57"
"10","015","00","012","1203","0000","422","325","97","36","458","773","0","59.25","42.04"
"10","015","00","012","1203","0236","422","325","97","36","458","773","0","59.25","42.04"
"10","015","00","012","1204","0000","237","176","61","13","250","661","0","37.82","26.63"
"10","015","00","012","1204","0237","237","176","61","13","250","661","0","37.82","26.63"
"10","015","00","012","1205","0000","482","361","121","89","571","1117","0","51.12","32.32"
"10","015","00","012","1205","0238","208","158","50","16","224","442","0","50.68","35.75"
"10","015","00","012","1205","0239","274","203","71","73","347","675","0","51.41","30.07"
"10","015","00","012","1206","0000","613","404","209","122","735","1086","0","67.68","37.2"
"10","015","00","012","1206","0240","613","404","209","122","735","1086","0","67.68","37.2"
"10","015","00","013","0000","0000","2374","1819","555","304","2678","4947","6104","54.13","36.77"
"10","015","00","013","1301","0000","265","200","65","17","282","533","0","52.91","37.52"
"10","015","00","013","1301","0290","265","200","65","17","282","533","0","52.91","37.52"
"10","015","00","013","1302","0000","446","328","118","60","506","1015","0","49.85","32.32"
"10","015","00","013","1302","0291","284","203","81","42","326","522","0","62.45","38.89"
"10","015","00","013","1302","0292","162","125","37","18","180","493","0","36.51","25.35"
"10","015","00","013","1303","0000","396","307","89","42","438","701","0","62.48","43.79"
"10","015","00","013","1303","0293","396","307","89","42","438","701","0","62.48","43.79"
"10","015","00","013","1304","0000","390","308","82","53","443","746","0","59.38","41.29"
"10","015","00","013","1304","0294","390","308","82","53","443","746","0","59.38","41.29"
"10","015","00","013","1305","0000","431","299","132","85","516","1021","0","50.54","29.29"
"10","015","00","013","1305","0295","317","211","106","69","386","616","0","62.66","34.25"
"10","015","00","013","1305","0296","114","88","26","16","130","405","0","32.1","21.73"
"10","015","00","013","1306","0000","446","377","69","47","493","931","0","52.95","40.49"
"10","015","00","013","1306","0297","160","131","29","17","177","329","0","53.8","39.82"
"10","015","00","013","1306","0298","197","166","31","21","218","428","0","50.93","38.79"
"10","015","00","013","1306","0299","89","80","9","9","98","174","0","56.32","45.98"
"10","014","00","000","0000","0000","84345","65521","18824","9356","93701","185996","219268","50.38","35.23"
"10","014","00","001","0000","0000","43704","34531","9173","3501","47205","87803","105587","53.76","39.33"
"10","014","00","001","0101","0000","662","482","180","109","771","1505","0","51.23","32.03"
"10","014","00","001","0101","0052","662","482","180","109","771","1505","0","51.23","32.03"
"10","014","00","001","0102","0000","347","271","76","57","404","836","0","48.33","32.42"
"10","014","00","001","0102","0053","347","271","76","57","404","836","0","48.33","32.42"
"10","014","00","001","0103","0000","1120","923","197","77","1197","2162","0","55.37","42.69"
"10","014","00","001","0103","0056","1120","923","197","77","1197","2162","0","55.37","42.69"
"10","014","00","001","0104","0000","1336","1064","272","102","1438","2688","0","53.5","39.58"
"10","014","00","001","0104","0059","653","544","109","46","699","1359","0","51.43","40.03"
"10","014","00","001","0104","0060","683","520","163","56","739","1329","0","55.61","39.13"
"10","014","00","001","0105","0000","1544","1116","428","83","1627","2767","0","58.8","40.33"
"10","014","00","001","0105","0057","939","641","298","25","964","1627","0","59.25","39.4"
"10","014","00","001","0105","0058","605","475","130","58","663","1140","0","58.16","41.67"
"10","014","00","001","0106","0000","1333","1049","284","121","1454","2644","0","54.99","39.67"
"10","014","00","001","0106","0054","683","547","136","49","732","1294","0","56.57","42.27"
"10","014","00","001","0106","0055","650","502","148","72","722","1350","0","53.48","37.19"
"10","014","00","001","0107","0000","3443","2751","692","230","3673","6543","0","56.14","42.04"
"10","014","00","001","0107","0026","899","702","197","51","950","1638","0","58.0","42.86"
"10","014","00","001","0107","0027","812","651","161","58","870","1576","0","55.2","41.31"
"10","014","00","001","0107","0028","825","669","156","67","892","1595","0","55.92","41.94"
"10","014","00","001","0107","0029","907","729","178","54","961","1734","0","55.42","42.04"
"10","014","00","001","0108","0000","1710","1358","352","105","1815","3141","0","57.78","43.23"
"10","014","00","001","0108","0006","845","671","174","45","890","1651","0","53.91","40.64"
"10","014","00","001","0108","0007","865","687","178","60","925","1490","0","62.08","46.11"
"10","014","00","001","0109","0000","413","343","70","32","445","859","0","51.8","39.93"
"10","014","00","001","0109","0008","413","343","70","32","445","859","0","51.8","39.93"
"10","014","00","001","0110","0000","1497","1220","277","114","1611","2651","0","60.77","46.02"
"10","014","00","001","0110","0032","729","591","138","62","791","1313","0","60.24","45.01"
"10","014","00","001","0110","0033","768","629","139","52","820","1338","0","61.29","47.01"
"10","014","00","001","0111","0000","1656","1319","337","112","1768","3021","0","58.52","43.66"
"10","014","00","001","0111","0030","781","629","152","61","842","1476","0","57.05","42.62"
"10","014","00","001","0111","0031","875","690","185","51","926","1545","0","59.94","44.66"
"10","014","00","001","0112","0000","2172","1718","454","130","2302","4021","0","57.25","42.73"
"10","014","00","001","0112","0003","658","521","137","37","695","1259","0","55.2","41.38"
"10","014","00","001","0112","0004","722","558","164","44","766","1399","0","54.75","39.89"
"10","014","00","001","0112","0005","792","639","153","49","841","1363","0","61.7","46.88"
"10","014","00","001","0113","0000","824","760","64","77","901","1469","0","61.33","51.74"
"10","014","00","001","0113","0002","824","760","64","77","901","1469","0","61.33","51.74"
"10","014","00","001","0114","0000","330","251","79","46","376","651","0","57.76","38.56"
"10","014","00","001","0114","0010","330","251","79","46","376","651","0","57.76","38.56"
"10","014","00","001","0115","0000","746","579","167","76","822","1650","0","49.82","35.09"
"10","014","00","001","0115","0011","746","579","167","76","822","1650","0","49.82","35.09"
"10","014","00","001","0116","0000","350","276","74","31","381","632","0","60.28","43.67"
"10","014","00","001","0116","0013","350","276","74","31","381","632","0","60.28","43.67"
"10","014","00","001","0117","0000","622","471","151","98","720","1299","0","55.43","36.26"
"10","014","00","001","0117","0016","622","471","151","98","720","1299","0","55.43","36.26"
"10","014","00","001","0118","0000","501","394","107","34","535","890","0","60.11","44.27"
"10","014","00","001","0118","0009","501","394","107","34","535","890","0","60.11","44.27"
"10","014","00","001","0119","0000","413","304","109","36","449","724","0","62.02","41.99"
"10","014","00","001","0119","0012","413","304","109","36","449","724","0","62.02","41.99"
"10","014","00","001","0120","0000","449","344","105","36","485","811","0","59.8","42.42"
"10","014","00","001","0120","0017","449","344","105","36","485","811","0","59.8","42.42"
"10","014","00","001","0121","0000","421","324","97","41","462","771","0","59.92","42.02"
"10","014","00","001","0121","0014","421","324","97","41","462","771","0","59.92","42.02"
"10","014","00","001","0122","0000","379","280","99","28","407","798","0","51.0","35.09"
"10","014","00","001","0122","0015","379","280","99","28","407","798","0","51.0","35.09"
"10","014","00","001","0123","0000","402","313","89","26","428","874","0","48.97","35.81"
"10","014","00","001","0123","0001","402","313","89","26","428","874","0","48.97","35.81"
"10","014","00","001","0124","0000","452","350","102","37","489","764","0","64.01","45.81"
"10","014","00","001","0124","0018","452","350","102","37","489","764","0","64.01","45.81"
"10","014","00","001","0125","0000","278","227","51","19","297","601","0","49.42","37.77"
"10","014","00","001","0125","0023","278","227","51","19","297","601","0","49.42","37.77"
"10","014","00","001","0126","0000","376","267","109","20","396","784","0","50.51","34.06"
"10","014","00","001","0126","0019","376","267","109","20","396","784","0","50.51","34.06"
"10","014","00","001","0127","0000","193","154","39","9","202","417","0","48.44","36.93"
"10","014","00","001","0127","0024","193","154","39","9","202","417","0","48.44","36.93"
"10","014","00","001","0128","0000","191","149","42","15","206","427","0","48.24","34.89"
"10","014","00","001","0128","0020","191","149","42","15","206","427","0","48.24","34.89"
"10","014","00","001","0129","0000","749","573","176","81","830","1597","0","51.97","35.88"
"10","014","00","001","0129","0063","749","573","176","81","830","1597","0","51.97","35.88"
"10","014","00","001","0130","0000","991","761","230","111","1102","2028","0","54.34","37.52"
"10","014","00","001","0130","0061","472","365","107","43","515","990","0","52.02","36.87"
"10","014","00","001","0130","0062","519","396","123","68","587","1038","0","56.55","38.15"
"10","014","00","001","0131","0000","1317","1024","293","116","1433","2959","0","48.43","34.61"
"10","014","00","001","0131","0036","612","450","162","65","677","1407","0","48.12","31.98"
"10","014","00","001","0131","0037","705","574","131","51","756","1552","0","48.71","36.98"
"10","014","00","001","0132","0000","1360","1097","263","75","1435","2577","0","55.68","42.57"
"10","014","00","001","0132","0034","678","566","112","24","702","1312","0","53.51","43.14"
"10","014","00","001","0132","0035","682","531","151","51","733","1265","0","57.94","41.98"
"10","014","00","001","0133","0000","724","593","131","88","812","1445","0","56.19","41.04"
"10","014","00","001","0133","0038","724","593","131","88","812","1445","0","56.19","41.04"
"10","014","00","001","0134","0000","1112","879","233","67","1179","2098","0","56.2","41.9"
"10","014","00","001","0134","0039","1112","879","233","67","1179","2098","0","56.2","41.9"
"10","014","00","001","0135","0000","690","541","149","86","776","1324","0","58.61","40.86"
"10","014","00","001","0135","0040","690","541","149","86","776","1324","0","58.61","40.86"
"10","014","00","001","0136","0000","1403","1134","269","64","1467","2793","0","52.52","40.6"
"10","014","00","001","0136","0021","599","480","119","36","635","1292","0","49.15","37.15"
"10","014","00","001","0136","0022","804","654","150","28","832","1501","0","55.43","43.57"
"10","014","00","001","0137","0000","512","413","99","47","559","1001","0","55.84","41.26"
"10","014","00","001","0137","0025","512","413","99","47","559","1001","0","55.84","41.26"
"10","014","00","001","0138","0000","3904","3148","756","248","4152","8002","0","51.89","39.34"
"10","014","00","001","0138","0041","794","664","130","46","840","1598","0","52.57","41.55"
"10","014","00","001","0138","0042","742","626","116","31","773","1513","0","51.09","41.37"
"10","014","00","001","0138","0043","817","644","173","37","854","1679","0","50.86","38.36"
"10","014","00","001","0138","0044","665","501","164","72","737","1414","0","52.12","35.43"
"10","014","00","001","0138","0045","886","713","173","62","948","1798","0","52.73","39.66"
"10","014","00","001","0139","0000","2320","1844","476","235","2555","5087","0","50.23","36.25"
"10","014","00","001","0139","0046","720","572","148","80","800","1749","0","45.74","32.7"
"10","014","00","001","0139","0047","838","647","191","92","930","1709","0","54.42","37.86"
"10","014","00","001","0139","0048","762","625","137","63","825","1629","0","50.64","38.37"
"10","014","00","001","0140","0000","1029","806","223","100","1129","2375","0","47.54","33.94"
"10","014","00","001","0140","0049","519","404","115","71","590","1116","0","52.87","36.2"
"10","014","00","001","0140","0050","510","402","108","29","539","1259","0","42.81","31.93"
"10","014","00","001","0141","0000","507","384","123","44","551","1232","0","44.72","31.17"
"10","014","00","001","0141","0051","507","384","123","44","551","1232","0","44.72","31.17"
"10","014","00","001","0142","0000","666","517","149","78","744","1385","0","53.72","37.33"
"10","014","00","001","0142","0064","666","517","149","78","744","1385","0","53.72","37.33"
"10","014","00","001","0143","0000","390","305","85","18","408","939","0","43.45","32.48"
"10","014","00","001","0143","0065","390","305","85","18","408","939","0","43.45","32.48"
"10","014","00","001","0144","0000","486","382","104","62","548","1258","0","43.56","30.37"
"10","014","00","001","0144","0066","486","382","104","62","548","1258","0","43.56","30.37"
"10","014","00","001","0145","0000","615","463","152","10","625","1350","0","46.3","34.3"
"10","014","00","001","0145","0067","615","463","152","10","625","1350","0","46.3","34.3"
"10","014","00","001","0146","0000","769","610","159","70","839","1953","0","42.96","31.23"
"10","014","00","001","0146","0068","438","354","84","36","474","1058","0","44.8","33.46"
"10","014","00","001","0146","0069","331","256","75","34","365","895","0","40.78","28.6"
"10","014","00","002","0000","0000","5203","4010","1193","869","6072","12426","14105","48.87","32.27"
"10","014","00","002","0201","0000","190","141","49","29","219","637","0","34.38","22.14"
"10","014","00","002","0201","0085","70","56","14","3","73","373","0","19.57","15.01"
"10","014","00","002","0201","0086","120","85","35","26","146","264","0","55.3","32.2"
"10","014","00","002","0202","0000","327","231","96","85","412","969","0","42.52","23.84"
"10","014","00","002","0202","0083","174","125","49","44","218","488","0","44.67","25.61"
"10","014","00","002","0202","0084","153","106","47","41","194","481","0","40.33","22.04"
"10","014","00","002","0203","0000","485","370","115","149","634","1403","0","45.19","26.37"
"10","014","00","002","0203","0081","198","154","44","64","262","516","0","50.78","29.84"
"10","014","00","002","0203","0082","287","216","71","85","372","887","0","41.94","24.35"
"10","014","00","002","0204","0000","1201","968","233","208","1409","2731","0","51.59","35.44"
"10","014","00","002","0204","0079","580","465","115","110","690","1365","0","50.55","34.07"
"10","014","00","002","0204","0080","621","503","118","98","719","1366","0","52.64","36.82"
"10","014","00","002","0205","0000","916","721","195","82","998","1901","0","52.5","37.93"
"10","014","00","002","0205","0077","459","356","103","47","506","931","0","54.35","38.24"
"10","014","00","002","0205","0078","457","365","92","35","492","970","0","50.72","37.63"
"10","014","00","002","0206","0000","980","774","206","112","1092","2197","0","49.7","35.23"
"10","014","00","002","0206","0074","135","108","27","24","159","339","0","46.9","31.86"
"10","014","00","002","0206","0075","421","335","86","29","450","995","0","45.23","33.67"
"10","014","00","002","0206","0076","424","331","93","59","483","863","0","55.97","38.35"
"10","014","00","002","0207","0000","277","206","71","68","345","747","0","46.18","27.58"
"10","014","00","002","0207","0073","277","206","71","68","345","747","0","46.18","27.58"
"10","014","00","002","0208","0000","827","599","228","136","963","1841","0","52.31","32.54"
"10","014","00","002","0208","0070","215","171","44","45","260","516","0","50.39","33.14"
"10","014","00","002","0208","0071","510","342","168","74","584","960","0","60.83","35.63"
"10","014","00","002","0208","0072","102","86","16","17","119","365","0","32.6","23.56"
"10","014","00","003","0000","0000","3363","2662","701","313","3676","7509","8727","48.95","35.45"
"10","014","00","003","0301","0000","681","538","143","89","770","1691","0","45.54","31.82"
"10","014","00","003","0301","0093","415","322","93","56","471","912","0","51.64","35.31"
"10","014","00","003","0301","0094","266","216","50","33","299","779","0","38.38","27.73"
"10","014","00","003","0302","0000","577","477","100","36","613","1137","0","53.91","41.95"
"10","014","00","003","0302","0091","577","477","100","36","613","1137","0","53.91","41.95"
"10","014","00","003","0303","0000","332","252","80","35","367","887","0","41.38","28.41"
"10","014","00","003","0303","0090","332","252","80","35","367","887","0","41.38","28.41"
"10","014","00","003","0304","0000","460","358","102","40","500","828","0","60.39","43.24"
"10","014","00","003","0304","0089","460","358","102","40","500","828","0","60.39","43.24"
"10","014","00","003","0305","0000","818","654","164","55","873","1699","0","51.38","38.49"
"10","014","00","003","0305","0087","510","408","102","26","536","909","0","58.97","44.88"
"10","014","00","003","0305","0088","308","246","62","29","337","790","0","42.66","31.14"
"10","014","00","003","0306","0000","182","150","32","21","203","535","0","37.94","28.04"
"10","014","00","003","0306","0095","182","150","32","21","203","535","0","37.94","28.04"
"10","014","00","003","0307","0000","313","233","80","37","350","732","0","47.81","31.83"
"10","014","00","003","0307","0092","313","233","80","37","350","732","0","47.81","31.83"
"10","014","00","004","0000","0000","6886","5255","1631","835","7721","14976","17314","51.56","35.09"
"10","014","00","004","0401","0000","185","121","64","26","211","476","0","44.33","25.42"
"10","014","00","004","0401","0105","83","51","32","13","96","261","0","36.78","19.54"
"10","014","00","004","0401","0106","102","70","32","13","115","215","0","53.49","32.56"
"10","014","00","004","0402","0000","199","159","40","26","225","436","0","51.61","36.47"
"10","014","00","004","0402","0117","199","159","40","26","225","436","0","51.61","36.47"
"10","014","00","004","0403","0000","196","158","38","23","219","488","0","44.88","32.38"
"10","014","00","004","0403","0115","196","158","38","23","219","488","0","44.88","32.38"
"10","014","00","004","0404","0000","189","150","39","15","204","347","0","58.79","43.23"
"10","014","00","004","0404","0116","189","150","39","15","204","347","0","58.79","43.23"
"10","014","00","004","0405","0000","493","378","115","81","574","1163","0","49.36","32.5"
"10","014","00","004","0405","0103","298","227","71","48","346","727","0","47.59","31.22"
"10","014","00","004","0405","0104","195","151","44","33","228","436","0","52.29","34.63"
"10","014","00","004","0406","0000","537","423","114","63","600","1270","0","47.24","33.31"
"10","014","00","004","0406","0101","301","235","66","29","330","767","0","43.02","30.64"
"10","014","00","004","0406","0102","236","188","48","34","270","503","0","53.68","37.38"
"10","014","00","004","0407","0000","388","292","96","77","465","1066","0","43.62","27.39"
"10","014","00","004","0407","0098","74","47","27","22","96","219","0","43.84","21.46"
"10","014","00","004","0407","0099","173","136","37","41","214","460","0","46.52","29.57"
"10","014","00","004","0407","0100","141","109","32","14","155","387","0","40.05","28.17"
"10","014","00","004","0408","0000","1059","801","258","106","1165","2206","0","52.81","36.31"
"10","014","00","004","0408","0096","535","376","159","64","599","1041","0","57.54","36.12"
"10","014","00","004","0408","0097","524","425","99","42","566","1165","0","48.58","36.48"
"10","014","00","004","0409","0000","514","369","145","80","594","1110","0","53.51","33.24"
"10","014","00","004","0409","0110","514","369","145","80","594","1110","0","53.51","33.24"
"10","014","00","004","0410","0000","1496","1172","324","87","1583","3015","0","52.5","38.87"
"10","014","00","004","0410","0107","734","577","157","8","742","1442","0","51.46","40.01"
"10","014","00","004","0410","0108","246","200","46","16","262","527","0","49.72","37.95"
"10","014","00","004","0410","0109","516","395","121","63","579","1046","0","55.35","37.76"
"10","014","00","004","0411","0000","575","444","131","53","628","1105","0","56.83","40.18"
"10","014","00","004","0411","0111","575","444","131","53","628","1105","0","56.83","40.18"
"10","014","00","004","0412","0000","587","455","132","138","725","1167","0","62.13","38.99"
"10","014","00","004","0412","0112","587","455","132","138","725","1167","0","62.13","38.99"
"10","014","00","004","0413","0000","468","333","135","60","528","1127","0","46.85","29.55"
"10","014","00","004","0413","0113","414","290","124","56","470","968","0","48.55","29.96"
"10","014","00","004","0413","0114","54","43","11","4","58","159","0","36.48","27.04"
"10","014","00","005","0000","0000","2738","2011","727","343","3081","6936","7891","44.42","28.99"
"10","014","00","005","0501","0000","240","164","76","48","288","675","0","42.67","24.3"
"10","014","00","005","0501","0125","240","164","76","48","288","675","0","42.67","24.3"
"10","014","00","005","0502","0000","346","248","98","47","393","905","0","43.43","27.4"
"10","014","00","005","0502","0126","192","138","54","21","213","435","0","48.97","31.72"
"10","014","00","005","0502","0127","154","110","44","26","180","470","0","38.3","23.4"
"10","014","00","005","0503","0000","355","251","104","53","408","864","0","47.22","29.05"
"10","014","00","005","0503","0124","355","251","104","53","408","864","0","47.22","29.05"
"10","014","00","005","0504","0000","608","451","157","56","664","1446","0","45.92","31.19"
"10","014","00","005","0504","0121","470","337","133","40","510","1104","0","46.2","30.53"
"10","014","00","005","0504","0122","138","114","24","16","154","342","0","45.03","33.33"
"10","014","00","005","0505","0000","364","276","88","55","419","895","0","46.82","30.84"
"10","014","00","005","0505","0123","364","276","88","55","419","895","0","46.82","30.84"
"10","014","00","005","0506","0000","449","335","114","47","496","1096","0","45.26","30.57"
"10","014","00","005","0506","0118","179","136","43","10","189","522","0","36.21","26.05"
"10","014","00","005","0506","0119","270","199","71","37","307","574","0","53.48","34.67"
"10","014","00","005","0507","0000","376","286","90","37","413","1055","0","39.15","27.11"
"10","014","00","005","0507","0120","376","286","90","37","413","1055","0","39.15","27.11"
"10","014","00","006","0000","0000","2882","2209","673","362","3244","7162","8207","45.29","30.84"
"10","014","00","006","0601","0000","452","332","120","64","516","1137","0","45.38","29.2"
"10","014","00","006","0601","0130","182","136","46","28","210","434","0","48.39","31.34"
"10","014","00","006","0601","0131","270","196","74","36","306","703","0","43.53","27.88"
"10","014","00","006","0602","0000","240","191","49","23","263","654","0","40.21","29.2"
"10","014","00","006","0602","0132","240","191","49","23","263","654","0","40.21","29.2"
"10","014","00","006","0603","0000","108","81","27","20","128","324","0","39.51","25.0"
"10","014","00","006","0603","0133","108","81","27","20","128","324","0","39.51","25.0"
"10","014","00","006","0604","0000","317","236","81","41","358","794","0","45.09","29.72"
"10","014","00","006","0604","0134","317","236","81","41","358","794","0","45.09","29.72"
"10","014","00","006","0605","0000","880","686","194","87","967","1921","0","50.34","35.71"
"10","014","00","006","0605","0128","426","329","97","34","460","992","0","46.37","33.17"
"10","014","00","006","0605","0129","454","357","97","53","507","929","0","54.57","38.43"
"10","014","00","006","0606","0000","126","105","21","13","139","344","0","40.41","30.52"
"10","014","00","006","0606","0136","126","105","21","13","139","344","0","40.41","30.52"
"10","014","00","006","0607","0000","363","281","82","52","415","856","0","48.48","32.83"
"10","014","00","006","0607","0135","363","281","82","52","415","856","0","48.48","32.83"
"10","014","00","006","0608","0000","150","121","29","21","171","311","0","54.98","38.91"
"10","014","00","006","0608","0137","150","121","29","21","171","311","0","54.98","38.91"
"10","014","00","006","0609","0000","119","83","36","17","136","386","0","35.23","21.5"
"10","014","00","006","0609","0138","119","83","36","17","136","386","0","35.23","21.5"
"10","014","00","006","0610","0000","127","93","34","24","151","435","0","34.71","21.38"
"10","014","00","006","0610","0139","127","93","34","24","151","435","0","34.71","21.38"
"10","014","00","007","0000","0000","2750","2087","663","463","3213","7635","8518","42.08","27.33"
"10","014","00","007","0701","0000","442","335","107","83","525","1620","0","32.41","20.68"
"10","014","00","007","0701","0147","174","130","44","35","209","867","0","24.11","14.99"
"10","014","00","007","0701","0148","125","94","31","23","148","345","0","42.9","27.25"
"10","014","00","007","0701","0149","143","111","32","25","168","408","0","41.18","27.21"
"10","014","00","007","0702","0000","276","210","66","12","288","1197","0","24.06","17.54"
"10","014","00","007","0702","0146","276","210","66","12","288","1197","0","24.06","17.54"
"10","014","00","007","0703","0000","357","261","96","36","393","977","0","40.23","26.71"
"10","014","00","007","0703","0145","357","261","96","36","393","977","0","40.23","26.71"
"10","014","00","007","0704","0000","105","82","23","9","114","262","0","43.51","31.3"
"10","014","00","007","0704","0150","105","82","23","9","114","262","0","43.51","31.3"
"10","014","00","007","0705","0000","214","172","42","42","256","555","0","46.13","30.99"
"10","014","00","007","0705","0144","214","172","42","42","256","555","0","46.13","30.99"
"10","014","00","007","0706","0000","345","259","86","93","438","918","0","47.71","28.21"
"10","014","00","007","0706","0143","345","259","86","93","438","918","0","47.71","28.21"
"10","014","00","007","0707","0000","1011","768","243","188","1199","2106","0","56.93","36.47"
"10","014","00","007","0707","0140","98","85","13","24","122","290","0","42.07","29.31"
"10","014","00","007","0707","0141","294","227","67","43","337","620","0","54.35","36.61"
"10","014","00","007","0707","0142","619","456","163","121","740","1196","0","61.87","38.13"
"10","014","00","008","0000","0000","2101","1590","511","484","2585","6484","7196","39.87","24.52"
"10","014","00","008","0801","0000","200","151","49","63","263","630","0","41.75","23.97"
"10","014","00","008","0801","0160","11","9","2","2","13","25","0","52.0","36.0"
"10","014","00","008","0801","0161","189","142","47","61","250","605","0","41.32","23.47"
"10","014","00","008","0802","0000","313","242","71","93","406","1191","0","34.09","20.32"
"10","014","00","008","0802","0157","203","152","51","76","279","660","0","42.27","23.03"
"10","014","00","008","0802","0158","60","52","8","3","63","336","0","18.75","15.48"
"10","014","00","008","0802","0159","50","38","12","14","64","195","0","32.82","19.49"
"10","014","00","008","0803","0000","122","91","31","10","132","532","0","24.81","17.11"
"10","014","00","008","0803","0156","122","91","31","10","132","532","0","24.81","17.11"
"10","014","00","008","0804","0000","656","508","148","102","758","1993","0","38.03","25.49"
"10","014","00","008","0804","0154","391","321","70","32","423","1268","0","33.36","25.32"
"10","014","00","008","0804","0155","265","187","78","70","335","725","0","46.21","25.79"
"10","014","00","008","0805","0000","376","279","97","123","499","913","0","54.65","30.56"
"10","014","00","008","0805","0153","376","279","97","123","499","913","0","54.65","30.56"
"10","014","00","008","0806","0000","434","319","115","93","527","1225","0","43.02","26.04"
"10","014","00","008","0806","0151","252","177","75","57","309","536","0","57.65","33.02"
"10","014","00","008","0806","0152","182","142","40","36","218","689","0","31.64","20.61"
"10","014","00","009","0000","0000","3968","2997","971","569","4537","9666","11186","46.94","31.01"
"10","014","00","009","0901","0000","596","463","133","75","671","1297","0","51.73","35.7"
"10","014","00","009","0901","0162","333","264","69","51","384","722","0","53.19","36.57"
"10","014","00","009","0901","0163","263","199","64","24","287","575","0","49.91","34.61"
"10","014","00","009","0902","0000","274","199","75","36","310","623","0","49.76","31.94"
"10","014","00","009","0902","0164","274","199","75","36","310","623","0","49.76","31.94"
"10","014","00","009","0903","0000","239","184","55","56","295","622","0","47.43","29.58"
"10","014","00","009","0903","0165","239","184","55","56","295","622","0","47.43","29.58"
"10","014","00","009","0904","0000","187","149","38","14","201","560","0","35.89","26.61"
"10","014","00","009","0904","0166","187","149","38","14","201","560","0","35.89","26.61"
"10","014","00","009","0905","0000","691","533","158","102","793","1410","0","56.24","37.8"
"10","014","00","009","0905","0169","364","282","82","50","414","673","0","61.52","41.9"
"10","014","00","009","0905","0170","327","251","76","52","379","737","0","51.42","34.06"
"10","014","00","009","0906","0000","731","531","200","148","879","1766","0","49.77","30.07"
"10","014","00","009","0906","0167","414","317","97","109","523","957","0","54.65","33.12"
"10","014","00","009","0906","0168","317","214","103","39","356","809","0","44.0","26.45"
"10","014","00","009","0907","0000","361","247","114","56","417","798","0","52.26","30.95"
"10","014","00","009","0907","0171","204","146","58","34","238","424","0","56.13","34.43"
"10","014","00","009","0907","0172","157","101","56","22","179","374","0","47.86","27.01"
"10","014","00","009","0908","0000","517","407","110","29","546","1698","0","32.16","23.97"
"10","014","00","009","0908","0173","256","193","63","21","277","829","0","33.41","23.28"
"10","014","00","009","0908","0174","261","214","47","8","269","869","0","30.96","24.63"
"10","014","00","009","0909","0000","372","284","88","53","425","892","0","47.65","31.84"
"10","014","00","009","0909","0175","58","48","10","5","63","223","0","28.25","21.52"
"10","014","00","009","0909","0176","314","236","78","48","362","669","0","54.11","35.28"
"10","014","00","010","0000","0000","2119","1577","542","555","2674","5266","6100","50.78","29.95"
"10","014","00","010","1001","0000","285","203","82","95","380","763","0","49.8","26.61"
"10","014","00","010","1001","0181","149","110","39","64","213","386","0","55.18","28.5"
"10","014","00","010","1001","0182","136","93","43","31","167","377","0","44.3","24.67"
"10","014","00","010","1002","0000","420","307","113","114","534","1134","0","47.09","27.07"
"10","014","00","010","1002","0180","420","307","113","114","534","1134","0","47.09","27.07"
"10","014","00","010","1003","0000","591","442","149","118","709","1327","0","53.43","33.31"
"10","014","00","010","1003","0179","591","442","149","118","709","1327","0","53.43","33.31"
"10","014","00","010","1004","0000","563","430","133","157","720","1474","0","48.85","29.17"
"10","014","00","010","1004","0178","563","430","133","157","720","1474","0","48.85","29.17"
"10","014","00","010","1005","0000","260","195","65","71","331","568","0","58.27","34.33"
"10","014","00","010","1005","0177","260","195","65","71","331","568","0","58.27","34.33"
"10","014","00","011","0000","0000","1447","1147","300","101","1548","3579","4097","43.25","32.05"
"10","014","00","011","1101","0000","444","339","105","33","477","1023","0","46.63","33.14"
"10","014","00","011","1101","0185","351","270","81","30","381","813","0","46.86","33.21"
"10","014","00","011","1101","0186","93","69","24","3","96","210","0","45.71","32.86"
"10","014","00","011","1102","0000","435","346","89","38","473","1082","0","43.72","31.98"
"10","014","00","011","1102","0184","435","346","89","38","473","1082","0","43.72","31.98"
"10","014","00","011","1103","0000","568","462","106","30","598","1474","0","40.57","31.34"
"10","014","00","011","1103","0183","568","462","106","30","598","1474","0","40.57","31.34"
"10","014","00","012","0000","0000","1520","1129","391","212","1732","3278","4207","52.84","34.44"
"10","014","00","012","1201","0000","353","256","97","40","393","728","0","53.98","35.16"
"10","014","00","012","1201","0190","353","256","97","40","393","728","0","53.98","35.16"
"10","014","00","012","1202","0000","119","89","30","21","140","259","0","54.05","34.36"
"10","014","00","012","1202","0191","119","89","30","21","140","259","0","54.05","34.36"
"10","014","00","012","1203","0000","113","79","34","13","126","254","0","49.61","31.1"
"10","014","00","012","1203","0192","113","79","34","13","126","254","0","49.61","31.1"
"10","014","00","012","1204","0000","420","311","109","60","480","971","0","49.43","32.03"
"10","014","00","012","1204","0189","420","311","109","60","480","971","0","49.43","32.03"
"10","014","00","012","1205","0000","293","226","67","37","330","569","0","58.0","39.72"
"10","014","00","012","1205","0188","293","226","67","37","330","569","0","58.0","39.72"
"10","014","00","012","1206","0000","222","168","54","41","263","497","0","52.92","33.8"
"10","014","00","012","1206","0187","222","168","54","41","263","497","0","52.92","33.8"
"10","014","00","013","0000","0000","1311","974","337","199","1510","2930","3656","51.54","33.24"
"10","014","00","013","1301","0000","210","154","56","20","230","579","0","39.72","26.6"
"10","014","00","013","1301","0196","210","154","56","20","230","579","0","39.72","26.6"
"10","014","00","013","1302","0000","180","144","36","29","209","315","0","66.35","45.71"
"10","014","00","013","1302","0195","180","144","36","29","209","315","0","66.35","45.71"
"10","014","00","013","1303","0000","230","161","69","66","296","426","0","69.48","37.79"
"10","014","00","013","1303","0194","230","161","69","66","296","426","0","69.48","37.79"
"10","014","00","013","1304","0000","246","175","71","28","274","596","0","45.97","29.36"
"10","014","00","013","1304","0197","246","175","71","28","274","596","0","45.97","29.36"
"10","014","00","013","1305","0000","445","340","105","56","501","1014","0","49.41","33.53"
"10","014","00","013","1305","0193","445","340","105","56","501","1014","0","49.41","33.53"
"10","014","00","014","0000","0000","1400","1060","340","212","1612","3028","3748","53.24","35.01"
"10","014","00","014","1401","0000","341","266","75","52","393","520","0","75.58","51.15"
"10","014","00","014","1401","0200","341","266","75","52","393","520","0","75.58","51.15"
"10","014","00","014","1402","0000","308","245","63","36","344","601","0","57.24","40.77"
"10","014","00","014","1402","0199","308","245","63","36","344","601","0","57.24","40.77"
"10","014","00","014","1403","0000","470","346","124","64","534","1241","0","43.03","27.88"
"10","014","00","014","1403","0198","470","346","124","64","534","1241","0","43.03","27.88"
"10","014","00","014","1404","0000","163","124","39","26","189","336","0","56.25","36.9"
"10","014","00","014","1404","0201","163","124","39","26","189","336","0","56.25","36.9"
"10","014","00","014","1405","0000","118","79","39","34","152","330","0","46.06","23.94"
"10","014","00","014","1405","0202","118","79","39","34","152","330","0","46.06","23.94"
"10","014","00","015","0000","0000","1561","1291","270","198","1759","3137","3615","56.07","41.15"
"10","014","00","015","1501","0000","230","164","66","25","255","628","0","40.61","26.11"
"10","014","00","015","1501","0208","230","164","66","25","255","628","0","40.61","26.11"
"10","014","00","015","1502","0000","404","401","3","58","462","867","0","53.29","46.25"
"10","014","00","015","1502","0209","404","401","3","58","462","867","0","53.29","46.25"
"10","014","00","015","1503","0000","182","139","43","29","211","331","0","63.75","41.99"
"10","014","00","015","1503","0207","182","139","43","29","211","331","0","63.75","41.99"
"10","014","00","015","1504","0000","336","266","70","36","372","586","0","63.48","45.39"
"10","014","00","015","1504","0203","128","97","31","26","154","246","0","62.6","39.43"
"10","014","00","015","1504","0204","208","169","39","10","218","340","0","64.12","49.71"
"10","014","00","015","1505","0000","227","178","49","37","264","429","0","61.54","41.49"
"10","014","00","015","1505","0206","227","178","49","37","264","429","0","61.54","41.49"
"10","014","00","015","1506","0000","182","143","39","13","195","296","0","65.88","48.31"
"10","014","00","015","1506","0205","182","143","39","13","195","296","0","65.88","48.31"
"10","014","00","016","0000","0000","1392","991","401","140","1532","4181","5114","36.64","23.7"
"10","014","00","016","1601","0000","336","228","108","26","362","1240","0","29.19","18.39"
"10","014","00","016","1601","0212","336","228","108","26","362","1240","0","29.19","18.39"
"10","014","00","016","1602","0000","240","173","67","39","279","760","0","36.71","22.76"
"10","014","00","016","1602","0213","240","173","67","39","279","760","0","36.71","22.76"
"10","014","00","016","1603","0000","477","353","124","47","524","1238","0","42.33","28.51"
"10","014","00","016","1603","0211","477","353","124","47","524","1238","0","42.33","28.51"
"10","014","00","016","1604","0000","339","237","102","28","367","943","0","38.92","25.13"
"10","014","00","016","1604","0210","339","237","102","28","367","943","0","38.92","25.13"
"10","016","00","000","0000","0000","36142","28232","7910","3599","39741","90405","104400","43.96","31.23"
"10","016","00","001","0000","0000","23601","18487","5114","1997","25598","53655","62523","47.71","34.46"
"10","016","00","001","0102","0000","211","152","59","12","223","481","0","46.36","31.6"
"10","016","00","001","0102","0001","211","152","59","12","223","481","0","46.36","31.6"
"10","016","00","001","0103","0000","265","218","47","17","282","558","0","50.54","39.07"
"10","016","00","001","0103","0002","265","218","47","17","282","558","0","50.54","39.07"
"10","016","00","001","0104","0000","217","161","56","46","263","533","0","49.34","30.21"
"10","016","00","001","0104","0003","217","161","56","46","263","533","0","49.34","30.21"
"10","016","00","001","0105","0000","410","300","110","31","441","922","0","47.83","32.54"
"10","016","00","001","0105","0004","410","300","110","31","441","922","0","47.83","32.54"
"10","016","00","001","0106","0000","493","367","126","40","533","1021","0","52.2","35.95"
"10","016","00","001","0106","0005","493","367","126","40","533","1021","0","52.2","35.95"
"10","016","00","001","0107","0000","367","275","92","34","401","793","0","50.57","34.68"
"10","016","00","001","0107","0006","367","275","92","34","401","793","0","50.57","34.68"
"10","016","00","001","0108","0000","924","613","311","75","999","1955","0","51.1","31.36"
"10","016","00","001","0108","0007","460","350","110","48","508","954","0","53.25","36.69"
"10","016","00","001","0108","0008","464","263","201","27","491","1001","0","49.05","26.27"
"10","016","00","001","0109","0000","1917","1552","365","125","2042","4130","0","49.44","37.58"
"10","016","00","001","0109","0010","610","498","112","46","656","1402","0","46.79","35.52"
"10","016","00","001","0109","0011","664","547","117","34","698","1389","0","50.25","39.38"
"10","016","00","001","0109","0012","643","507","136","45","688","1339","0","51.38","37.86"
"10","016","00","001","0110","0000","492","369","123","36","528","1192","0","44.3","30.96"
"10","016","00","001","0110","0009","492","369","123","36","528","1192","0","44.3","30.96"
"10","016","00","001","0111","0000","2380","1861","519","222","2602","5281","0","49.27","35.24"
"10","016","00","001","0111","0013","529","400","129","55","584","1254","0","46.57","31.9"
"10","016","00","001","0111","0014","542","436","106","57","599","1194","0","50.17","36.52"
"10","016","00","001","0111","0015","609","467","142","63","672","1393","0","48.24","33.52"
"10","016","00","001","0111","0016","700","558","142","47","747","1440","0","51.88","38.75"
"10","016","00","001","0112","0000","1106","861","245","111","1217","2499","0","48.7","34.45"
"10","016","00","001","0112","0017","531","396","135","55","586","1215","0","48.23","32.59"
"10","016","00","001","0112","0018","575","465","110","56","631","1284","0","49.14","36.21"
"10","016","00","001","0113","0000","675","525","150","76","751","1512","0","49.67","34.72"
"10","016","00","001","0113","0019","675","525","150","76","751","1512","0","49.67","34.72"
"10","016","00","001","0114","0000","2503","1908","595","182","2685","6044","0","44.42","31.57"
"10","016","00","001","0114","0020","302","242","60","62","364","1181","0","30.82","20.49"
"10","016","00","001","0114","0021","621","494","127","47","668","1348","0","49.55","36.65"
"10","016","00","001","0114","0022","682","528","154","32","714","1391","0","51.33","37.96"
"10","016","00","001","0114","0023","898","644","254","41","939","2124","0","44.21","30.32"
"10","016","00","001","0115","0000","1407","1128","279","107","1514","3082","0","49.12","36.6"
"10","016","00","001","0115","0024","670","530","140","69","739","1500","0","49.27","35.33"
"10","016","00","001","0115","0025","737","598","139","38","775","1582","0","48.99","37.8"
"10","016","00","001","0116","0000","1501","1187","314","97","1598","3192","0","50.06","37.19"
"10","016","00","001","0116","0026","752","590","162","42","794","1638","0","48.47","36.02"
"10","016","00","001","0116","0027","749","597","152","55","804","1554","0","51.74","38.42"
"10","016","00","001","0117","0000","767","619","148","53","820","1872","0","43.8","33.07"
"10","016","00","001","0117","0028","349","279","70","26","375","980","0","38.27","28.47"
"10","016","00","001","0117","0029","418","340","78","27","445","892","0","49.89","38.12"
"10","016","00","001","0118","0000","305","247","58","16","321","778","0","41.26","31.75"
"10","016","00","001","0118","0030","305","247","58","16","321","778","0","41.26","31.75"
"10","016","00","001","0119","0000","440","362","78","31","471","930","0","50.65","38.92"
"10","016","00","001","0119","0031","440","362","78","31","471","930","0","50.65","38.92"
"10","016","00","001","0120","0000","1376","1154","222","71","1447","2609","0","55.46","44.23"
"10","016","00","001","0120","0032","810","680","130","45","855","1481","0","57.73","45.91"
"10","016","00","001","0120","0033","566","474","92","26","592","1128","0","52.48","42.02"
"10","016","00","001","0121","0000","191","159","32","25","216","415","0","52.05","38.31"
"10","016","00","001","0121","0034","191","159","32","25","216","415","0","52.05","38.31"
"10","016","00","001","0122","0000","995","833","162","77","1072","2070","0","51.79","40.24"
"10","016","00","001","0122","0035","514","433","81","43","557","1120","0","49.73","38.66"
"10","016","00","001","0122","0036","481","400","81","34","515","950","0","54.21","42.11"
"10","016","00","001","0123","0000","257","204","53","23","280","627","0","44.66","32.54"
"10","016","00","001","0123","0037","257","204","53","23","280","627","0","44.66","32.54"
"10","016","00","001","0124","0000","466","372","94","48","514","989","0","51.97","37.61"
"10","016","00","001","0124","0039","466","372","94","48","514","989","0","51.97","37.61"
"10","016","00","001","0125","0000","482","395","87","30","512","1055","0","48.53","37.44"
"10","016","00","001","0125","0038","482","395","87","30","512","1055","0","48.53","37.44"
"10","016","00","001","0126","0000","297","229","68","32","329","591","0","55.67","38.75"
"10","016","00","001","0126","0040","297","229","68","32","329","591","0","55.67","38.75"
"10","016","00","001","0127","0000","705","575","130","71","776","1700","0","45.65","33.82"
"10","016","00","001","0127","0043","351","283","68","46","397","797","0","49.81","35.51"
"10","016","00","001","0127","0044","354","292","62","25","379","903","0","41.97","32.34"
"10","016","00","001","0128","0000","988","743","245","132","1120","2466","0","45.42","30.13"
"10","016","00","001","0128","0041","590","440","150","67","657","1387","0","47.37","31.72"
"10","016","00","001","0128","0042","398","303","95","65","463","1079","0","42.91","28.08"
"10","016","00","001","0129","0000","150","105","45","24","174","376","0","46.28","27.93"
"10","016","00","001","0129","0045","150","105","45","24","174","376","0","46.28","27.93"
"10","016","00","001","0130","0000","172","131","41","22","194","371","0","52.29","35.31"
"10","016","00","001","0130","0046","172","131","41","22","194","371","0","52.29","35.31"
"10","016","00","001","0131","0000","423","339","84","17","440","1173","0","37.51","28.9"
"10","016","00","001","0131","0047","423","339","84","17","440","1173","0","37.51","28.9"
"10","016","00","001","0132","0000","413","315","98","31","444","1389","0","31.97","22.68"
"10","016","00","001","0132","0048","413","315","98","31","444","1389","0","31.97","22.68"
"10","016","00","001","0133","0000","152","112","40","61","213","761","0","27.99","14.72"
"10","016","00","001","0133","0049","152","112","40","61","213","761","0","27.99","14.72"
"10","016","00","001","0134","0000","154","116","38","22","176","288","0","61.11","40.28"
"10","016","00","001","0134","0050","154","116","38","22","176","288","0","61.11","40.28"
"10","016","00","002","0000","0000","4860","3825","1035","485","5345","12741","14533","41.95","30.02"
"10","016","00","002","0201","0000","514","427","87","58","572","1120","0","51.07","38.13"
"10","016","00","002","0201","0051","514","427","87","58","572","1120","0","51.07","38.13"
"10","016","00","002","0202","0000","127","99","28","13","140","332","0","42.17","29.82"
"10","016","00","002","0202","0052","127","99","28","13","140","332","0","42.17","29.82"
"10","016","00","002","0203","0000","84","63","21","3","87","242","0","35.95","26.03"
"10","016","00","002","0203","0053","84","63","21","3","87","242","0","35.95","26.03"
"10","016","00","002","0204","0000","90","64","26","9","99","293","0","33.79","21.84"
"10","016","00","002","0204","0054","90","64","26","9","99","293","0","33.79","21.84"
"10","016","00","002","0205","0000","224","173","51","49","273","666","0","40.99","25.98"
"10","016","00","002","0205","0055","224","173","51","49","273","666","0","40.99","25.98"
"10","016","00","002","0206","0000","144","115","29","18","162","326","0","49.69","35.28"
"10","016","00","002","0206","0056","144","115","29","18","162","326","0","49.69","35.28"
"10","016","00","002","0207","0000","246","191","55","17","263","732","0","35.93","26.09"
"10","016","00","002","0207","0057","246","191","55","17","263","732","0","35.93","26.09"
"10","016","00","002","0208","0000","272","222","50","25","297","651","0","45.62","34.1"
"10","016","00","002","0208","0058","272","222","50","25","297","651","0","45.62","34.1"
"10","016","00","002","0209","0000","293","240","53","15","308","744","0","41.4","32.26"
"10","016","00","002","0209","0059","293","240","53","15","308","744","0","41.4","32.26"
"10","016","00","002","0210","0000","69","53","16","5","74","134","0","55.22","39.55"
"10","016","00","002","0210","0060","69","53","16","5","74","134","0","55.22","39.55"
"10","016","00","002","0211","0000","77","65","12","1","78","216","0","36.11","30.09"
"10","016","00","002","0211","0062","77","65","12","1","78","216","0","36.11","30.09"
"10","016","00","002","0212","0000","120","98","22","10","130","279","0","46.59","35.13"
"10","016","00","002","0212","0064","120","98","22","10","130","279","0","46.59","35.13"
"10","016","00","002","0213","0000","184","153","31","9","193","664","0","29.07","23.04"
"10","016","00","002","0213","0063","184","153","31","9","193","664","0","29.07","23.04"
"10","016","00","002","0214","0000","138","108","30","7","145","296","0","48.99","36.49"
"10","016","00","002","0214","0065","138","108","30","7","145","296","0","48.99","36.49"
"10","016","00","002","0215","0000","238","189","49","21","259","794","0","32.62","23.8"
"10","016","00","002","0215","0061","238","189","49","21","259","794","0","32.62","23.8"
"10","016","00","002","0216","0000","113","96","17","5","118","257","0","45.91","37.35"
"10","016","00","002","0216","0066","113","96","17","5","118","257","0","45.91","37.35"
"10","016","00","002","0217","0000","26","22","4","1","27","89","0","30.34","24.72"
"10","016","00","002","0217","0067","26","22","4","1","27","89","0","30.34","24.72"
"10","016","00","002","0218","0000","351","254","97","31","382","815","0","46.87","31.17"
"10","016","00","002","0218","0068","351","254","97","31","382","815","0","46.87","31.17"
"10","016","00","002","0219","0000","351","278","73","28","379","975","0","38.87","28.51"
"10","016","00","002","0219","0069","351","278","73","28","379","975","0","38.87","28.51"
"10","016","00","002","0220","0000","277","201","76","39","316","648","0","48.77","31.02"
"10","016","00","002","0220","0070","277","201","76","39","316","648","0","48.77","31.02"
"10","016","00","002","0221","0000","691","536","155","102","793","1739","0","45.6","30.82"
"10","016","00","002","0221","0071","331","262","69","24","355","893","0","39.75","29.34"
"10","016","00","002","0221","0072","360","274","86","78","438","846","0","51.77","32.39"
"10","016","00","002","0222","0000","231","178","53","19","250","729","0","34.29","24.42"
"10","016","00","002","0222","0073","231","178","53","19","250","729","0","34.29","24.42"
"10","016","00","003","0000","0000","3199","2443","756","389","3588","8625","9856","41.6","28.32"
"10","016","00","003","0301","0000","235","158","77","20","255","514","0","49.61","30.74"
"10","016","00","003","0301","0074","235","158","77","20","255","514","0","49.61","30.74"
"10","016","00","003","0302","0000","308","252","56","19","327","657","0","49.77","38.36"
"10","016","00","003","0302","0075","308","252","56","19","327","657","0","49.77","38.36"
"10","016","00","003","0303","0000","68","53","15","4","72","109","0","66.06","48.62"
"10","016","00","003","0303","0076","68","53","15","4","72","109","0","66.06","48.62"
"10","016","00","003","0304","0000","59","51","8","6","65","156","0","41.67","32.69"
"10","016","00","003","0304","0077","59","51","8","6","65","156","0","41.67","32.69"
"10","016","00","003","0305","0000","115","83","32","5","120","293","0","40.96","28.33"
"10","016","00","003","0305","0078","115","83","32","5","120","293","0","40.96","28.33"
"10","016","00","003","0306","0000","65","49","16","2","67","231","0","29.0","21.21"
"10","016","00","003","0306","0079","65","49","16","2","67","231","0","29.0","21.21"
"10","016","00","003","0307","0000","74","49","25","12","86","161","0","53.42","30.43"
"10","016","00","003","0307","0080","74","49","25","12","86","161","0","53.42","30.43"
"10","016","00","003","0308","0000","722","572","150","58","780","1705","0","45.75","33.55"
"10","016","00","003","0308","0081","722","572","150","58","780","1705","0","45.75","33.55"
"10","016","00","003","0309","0000","112","80","32","9","121","285","0","42.46","28.07"
"10","016","00","003","0309","0082","112","80","32","9","121","285","0","42.46","28.07"
"10","016","00","003","0310","0000","201","142","59","10","211","723","0","29.18","19.64"
"10","016","00","003","0310","0083","201","142","59","10","211","723","0","29.18","19.64"
"10","016","00","003","0311","0000","253","201","52","33","286","774","0","36.95","25.97"
"10","016","00","003","0311","0084","253","201","52","33","286","774","0","36.95","25.97"
"10","016","00","003","0312","0000","374","261","113","113","487","1429","0","34.08","18.26"
"10","016","00","003","0312","0085","374","261","113","113","487","1429","0","34.08","18.26"
"10","016","00","003","0313","0000","425","351","74","73","498","1084","0","45.94","32.38"
"10","016","00","003","0313","0086","425","351","74","73","498","1084","0","45.94","32.38"
"10","016","00","003","0314","0000","119","96","23","6","125","251","0","49.8","38.25"
"10","016","00","003","0314","0087","119","96","23","6","125","251","0","49.8","38.25"
"10","016","00","003","0315","0000","69","45","24","19","88","253","0","34.78","17.79"
"10","016","00","003","0315","0088","69","45","24","19","88","253","0","34.78","17.79"
"10","016","00","004","0000","0000","2079","1618","461","382","2461","7382","8396","33.34","21.92"
"10","016","00","004","0401","0000","41","29","12","0","41","283","0","14.49","10.25"
"10","016","00","004","0401","0089","41","29","12","0","41","283","0","14.49","10.25"
"10","016","00","004","0402","0000","104","84","20","17","121","424","0","28.54","19.81"
"10","016","00","004","0402","0090","104","84","20","17","121","424","0","28.54","19.81"
"10","016","00","004","0403","0000","93","71","22","10","103","282","0","36.52","25.18"
"10","016","00","004","0403","0092","93","71","22","10","103","282","0","36.52","25.18"
"10","016","00","004","0404","0000","228","173","55","56","284","826","0","34.38","20.94"
"10","016","00","004","0404","0091","228","173","55","56","284","826","0","34.38","20.94"
"10","016","00","004","0405","0000","195","150","45","55","250","661","0","37.82","22.69"
"10","016","00","004","0405","0093","195","150","45","55","250","661","0","37.82","22.69"
"10","016","00","004","0406","0000","22","13","9","5","27","141","0","19.15","9.22"
"10","016","00","004","0406","0094","22","13","9","5","27","141","0","19.15","9.22"
"10","016","00","004","0407","0000","165","137","28","8","173","635","0","27.24","21.57"
"10","016","00","004","0407","0095","165","137","28","8","173","635","0","27.24","21.57"
"10","016","00","004","0408","0000","62","46","16","4","66","216","0","30.56","21.3"
"10","016","00","004","0408","0096","62","46","16","4","66","216","0","30.56","21.3"
"10","016","00","004","0409","0000","106","78","28","23","129","572","0","22.55","13.64"
"10","016","00","004","0409","0097","106","78","28","23","129","572","0","22.55","13.64"
"10","016","00","004","0410","0000","403","320","83","93","496","1267","0","39.15","25.26"
"10","016","00","004","0410","0098","403","320","83","93","496","1267","0","39.15","25.26"
"10","016","00","004","0411","0000","660","517","143","111","771","2075","0","37.16","24.92"
"10","016","00","004","0411","0099","315","264","51","30","345","942","0","36.62","28.03"
"10","016","00","004","0411","0100","345","253","92","81","426","1133","0","37.6","22.33"
"10","016","00","005","0000","0000","1525","1192","333","232","1757","4628","5237","37.96","25.76"
"10","016","00","005","0501","0000","290","233","57","37","327","734","0","44.55","31.74"
"10","016","00","005","0501","0101","290","233","57","37","327","734","0","44.55","31.74"
"10","016","00","005","0502","0000","164","141","23","26","190","454","0","41.85","31.06"
"10","016","00","005","0502","0102","164","141","23","26","190","454","0","41.85","31.06"
"10","016","00","005","0503","0000","79","63","16","13","92","300","0","30.67","21.0"
"10","016","00","005","0503","0103","79","63","16","13","92","300","0","30.67","21.0"
"10","016","00","005","0504","0000","193","151","42","44","237","471","0","50.32","32.06"
"10","016","00","005","0504","0104","193","151","42","44","237","471","0","50.32","32.06"
"10","016","00","005","0505","0000","429","319","110","72","501","1414","0","35.43","22.56"
"10","016","00","005","0505","0105","181","144","37","22","203","672","0","30.21","21.43"
"10","016","00","005","0505","0106","248","175","73","50","298","742","0","40.16","23.58"
"10","016","00","005","0506","0000","161","127","34","8","169","476","0","35.5","26.68"
"10","016","00","005","0506","0108","161","127","34","8","169","476","0","35.5","26.68"
"10","016","00","005","0507","0000","36","26","10","5","41","208","0","19.71","12.5"
"10","016","00","005","0507","0109","36","26","10","5","41","208","0","19.71","12.5"
"10","016","00","005","0508","0000","89","63","26","19","108","264","0","40.91","23.86"
"10","016","00","005","0508","0107","89","63","26","19","108","264","0","40.91","23.86"
"10","016","00","005","0509","0000","84","69","15","8","92","307","0","29.97","22.48"
"10","016","00","005","0509","0110","84","69","15","8","92","307","0","29.97","22.48"
"10","016","00","006","0000","0000","878","667","211","114","992","3374","3855","29.4","19.77"
"10","016","00","006","0601","0000","62","50","12","4","66","248","0","26.61","20.16"
"10","016","00","006","0601","0111","62","50","12","4","66","248","0","26.61","20.16"
"10","016","00","006","0602","0000","171","131","40","33","204","581","0","35.11","22.55"
"10","016","00","006","0602","0112","171","131","40","33","204","581","0","35.11","22.55"
"10","016","00","006","0603","0000","190","138","52","34","224","641","0","34.95","21.53"
"10","016","00","006","0603","0113","190","138","52","34","224","641","0","34.95","21.53"
"10","016","00","006","0604","0000","104","76","28","7","111","382","0","29.06","19.9"
"10","016","00","006","0604","0114","104","76","28","7","111","382","0","29.06","19.9"
"10","016","00","006","0605","0000","66","51","15","6","72","351","0","20.51","14.53"
"10","016","00","006","0605","0115","66","51","15","6","72","351","0","20.51","14.53"
"10","016","00","006","0606","0000","285","221","64","30","315","1171","0","26.9","18.87"
"10","016","00","006","0606","0116","285","221","64","30","315","1171","0","26.9","18.87"
"10","017","00","000","0000","0000","152140","118570","33570","10546","162686","320030","370269","50.83","37.05"
"10","017","00","001","0000","0000","19542","15275","4267","1538","21080","45545","51716","46.28","33.54"
"10","017","00","001","0101","0000","405","315","90","34","439","709","0","61.92","44.43"
"10","017","00","001","0101","0035","405","315","90","34","439","709","0","61.92","44.43"
"10","017","00","001","0102","0000","576","444","132","57","633","1219","0","51.93","36.42"
"10","017","00","001","0102","0033","576","444","132","57","633","1219","0","51.93","36.42"
"10","017","00","001","0103","0000","414","306","108","18","432","904","0","47.79","33.85"
"10","017","00","001","0103","0034","414","306","108","18","432","904","0","47.79","33.85"
"10","017","00","001","0104","0000","482","351","131","58","540","1037","0","52.07","33.85"
"10","017","00","001","0104","0032","482","351","131","58","540","1037","0","52.07","33.85"
"10","017","00","001","0105","0000","627","492","135","47","674","1210","0","55.7","40.66"
"10","017","00","001","0105","0031","627","492","135","47","674","1210","0","55.7","40.66"
"10","017","00","001","0106","0000","548","417","131","70","618","1175","0","52.6","35.49"
"10","017","00","001","0106","0030","548","417","131","70","618","1175","0","52.6","35.49"
"10","017","00","001","0107","0000","569","441","128","47","616","1267","0","48.62","34.81"
"10","017","00","001","0107","0029","569","441","128","47","616","1267","0","48.62","34.81"
"10","017","00","001","0108","0000","382","293","89","45","427","802","0","53.24","36.53"
"10","017","00","001","0108","0028","382","293","89","45","427","802","0","53.24","36.53"
"10","017","00","001","0109","0000","586","458","128","64","650","1594","0","40.78","28.73"
"10","017","00","001","0109","0027","586","458","128","64","650","1594","0","40.78","28.73"
"10","017","00","001","0110","0000","1053","811","242","72","1125","2316","0","48.58","35.02"
"10","017","00","001","0110","0025","422","315","107","40","462","859","0","53.78","36.67"
"10","017","00","001","0110","0026","631","496","135","32","663","1457","0","45.5","34.04"
"10","017","00","001","0111","0000","616","526","90","68","684","1341","0","51.01","39.22"
"10","017","00","001","0111","0024","616","526","90","68","684","1341","0","51.01","39.22"
"10","017","00","001","0112","0000","853","703","150","98","951","2000","0","47.55","35.15"
"10","017","00","001","0112","0022","521","411","110","50","571","1138","0","50.18","36.12"
"10","017","00","001","0112","0023","332","292","40","48","380","862","0","44.08","33.87"
"10","017","00","001","0113","0000","960","750","210","50","1010","1960","0","51.53","38.27"
"10","017","00","001","0113","0020","538","419","119","26","564","1090","0","51.74","38.44"
"10","017","00","001","0113","0021","422","331","91","24","446","870","0","51.26","38.05"
"10","017","00","001","0114","0000","597","464","133","34","631","1270","0","49.69","36.54"
"10","017","00","001","0114","0019","597","464","133","34","631","1270","0","49.69","36.54"
"10","017","00","001","0115","0000","477","385","92","28","505","1166","0","43.31","33.02"
"10","017","00","001","0115","0016","477","385","92","28","505","1166","0","43.31","33.02"
"10","017","00","001","0116","0000","788","590","198","86","874","1753","0","49.86","33.66"
"10","017","00","001","0116","0014","788","590","198","86","874","1753","0","49.86","33.66"
"10","017","00","001","0117","0000","400","301","99","42","442","984","0","44.92","30.59"
"10","017","00","001","0117","0015","400","301","99","42","442","984","0","44.92","30.59"
"10","017","00","001","0118","0000","509","364","145","76","585","1261","0","46.39","28.87"
"10","017","00","001","0118","0013","509","364","145","76","585","1261","0","46.39","28.87"
"10","017","00","001","0119","0000","578","437","141","51","629","1474","0","42.67","29.65"
"10","017","00","001","0119","0005","578","437","141","51","629","1474","0","42.67","29.65"
"10","017","00","001","0120","0000","485","395","90","63","548","1271","0","43.12","31.08"
"10","017","00","001","0120","0006","485","395","90","63","548","1271","0","43.12","31.08"
"10","017","00","001","0121","0000","228","175","53","17","245","466","0","52.58","37.55"
"10","017","00","001","0121","0001","228","175","53","17","245","466","0","52.58","37.55"
"10","017","00","001","0122","0000","2012","1561","451","121","2133","5256","0","40.58","29.7"
"10","017","00","001","0122","0002","498","372","126","25","523","1262","0","41.44","29.48"
"10","017","00","001","0122","0003","489","343","146","66","555","1171","0","47.4","29.29"
"10","017","00","001","0122","0004","1025","846","179","30","1055","2823","0","37.37","29.97"
"10","017","00","001","0123","0000","589","447","142","21","610","1694","0","36.01","26.39"
"10","017","00","001","0123","0018","589","447","142","21","610","1694","0","36.01","26.39"
"10","017","00","001","0124","0000","442","342","100","29","471","973","0","48.41","35.15"
"10","017","00","001","0124","0017","442","342","100","29","471","973","0","48.41","35.15"
"10","017","00","001","0125","0000","2344","1896","448","85","2429","5430","0","44.73","34.92"
"10","017","00","001","0125","0010","624","500","124","18","642","1352","0","47.49","36.98"
"10","017","00","001","0125","0011","624","513","111","19","643","1413","0","45.51","36.31"
"10","017","00","001","0125","0012","1096","883","213","48","1144","2665","0","42.93","33.13"
"10","017","00","001","0126","0000","2022","1611","411","157","2179","5013","0","43.47","32.14"
"10","017","00","001","0126","0007","1084","829","255","73","1157","2707","0","42.74","30.62"
"10","017","00","001","0126","0008","679","562","117","71","750","1545","0","48.54","36.38"
"10","017","00","001","0126","0009","259","220","39","13","272","761","0","35.74","28.91"
"10","017","00","002","0000","0000","22531","17242","5289","1698","24229","46256","53819","52.38","37.28"
"10","017","00","002","0201","0000","1889","1442","447","139","2028","3754","0","54.02","38.41"
"10","017","00","002","0201","0219","644","477","167","61","705","1258","0","56.04","37.92"
"10","017","00","002","0201","0220","639","499","140","45","684","1237","0","55.3","40.34"
"10","017","00","002","0201","0221","606","466","140","33","639","1259","0","50.75","37.01"
"10","017","00","002","0202","0000","1089","807","282","105","1194","2464","0","48.46","32.75"
"10","017","00","002","0202","0222","502","358","144","53","555","1120","0","49.55","31.96"
"10","017","00","002","0202","0223","587","449","138","52","639","1344","0","47.54","33.41"
"10","017","00","002","0203","0000","1873","1445","428","128","2001","3568","0","56.08","40.5"
"10","017","00","002","0203","0226","902","713","189","66","968","1735","0","55.79","41.1"
"10","017","00","002","0203","0227","971","732","239","62","1033","1833","0","56.36","39.93"
"10","017","00","002","0204","0000","984","734","250","75","1059","1900","0","55.74","38.63"
"10","017","00","002","0204","0228","463","339","124","24","487","938","0","51.92","36.14"
"10","017","00","002","0204","0229","521","395","126","51","572","962","0","59.46","41.06"
"10","017","00","002","0205","0000","1142","903","239","93","1235","2190","0","56.39","41.23"
"10","017","00","002","0205","0230","625","481","144","45","670","1191","0","56.26","40.39"
"10","017","00","002","0205","0231","517","422","95","48","565","999","0","56.56","42.24"
"10","017","00","002","0206","0000","716","542","174","67","783","1525","0","51.34","35.54"
"10","017","00","002","0206","0232","126","105","21","12","138","282","0","48.94","37.23"
"10","017","00","002","0206","0233","590","437","153","55","645","1243","0","51.89","35.16"
"10","017","00","002","0207","0000","519","389","130","40","559","1092","0","51.19","35.62"
"10","017","00","002","0207","0234","519","389","130","40","559","1092","0","51.19","35.62"
"10","017","00","002","0208","0000","1072","803","269","51","1123","2260","0","49.69","35.53"
"10","017","00","002","0208","0238","431","330","101","21","452","975","0","46.36","33.85"
"10","017","00","002","0208","0239","641","473","168","30","671","1285","0","52.22","36.81"
"10","017","00","002","0209","0000","2085","1614","471","138","2223","4286","0","51.87","37.66"
"10","017","00","002","0209","0235","624","470","154","44","668","1246","0","53.61","37.72"
"10","017","00","002","0209","0236","822","636","186","53","875","1722","0","50.81","36.93"
"10","017","00","002","0209","0237","639","508","131","41","680","1318","0","51.59","38.54"
"10","017","00","002","0210","0000","1709","1299","410","184","1893","3463","0","54.66","37.51"
"10","017","00","002","0210","0244","866","660","206","80","946","1774","0","53.33","37.2"
"10","017","00","002","0210","0245","843","639","204","104","947","1689","0","56.07","37.83"
"10","017","00","002","0211","0000","897","674","223","88","985","2066","0","47.68","32.62"
"10","017","00","002","0211","0240","465","352","113","52","517","1077","0","48.0","32.68"
"10","017","00","002","0211","0241","432","322","110","36","468","989","0","47.32","32.56"
"10","017","00","002","0212","0000","205","154","51","12","217","428","0","50.7","35.98"
"10","017","00","002","0212","0253","205","154","51","12","217","428","0","50.7","35.98"
"10","017","00","002","0213","0000","173","119","54","23","196","326","0","60.12","36.5"
"10","017","00","002","0213","0254","173","119","54","23","196","326","0","60.12","36.5"
"10","017","00","002","0214","0000","228","178","50","18","246","351","0","70.09","50.71"
"10","017","00","002","0214","0255","228","178","50","18","246","351","0","70.09","50.71"
"10","017","00","002","0215","0000","826","660","166","38","864","1871","0","46.18","35.28"
"10","017","00","002","0215","0256","826","660","166","38","864","1871","0","46.18","35.28"
"10","017","00","002","0216","0000","191","144","47","7","198","448","0","44.2","32.14"
"10","017","00","002","0216","0257","191","144","47","7","198","448","0","44.2","32.14"
"10","017","00","002","0217","0000","1009","756","253","70","1079","1936","0","55.73","39.05"
"10","017","00","002","0217","0224","569","427","142","47","616","1011","0","60.93","42.24"
"10","017","00","002","0217","0225","440","329","111","23","463","925","0","50.05","35.57"
"10","017","00","002","0218","0000","2820","2169","651","173","2993","6059","0","49.4","35.8"
"10","017","00","002","0218","0246","625","480","145","61","686","1355","0","50.63","35.42"
"10","017","00","002","0218","0247","702","533","169","61","763","1512","0","50.46","35.25"
"10","017","00","002","0218","0248","670","505","165","26","696","1486","0","46.84","33.98"
"10","017","00","002","0218","0249","823","651","172","25","848","1706","0","49.71","38.16"
"10","017","00","002","0219","0000","1944","1570","374","149","2093","3803","0","55.04","41.28"
"10","017","00","002","0219","0250","674","624","50","63","737","1384","0","53.25","45.09"
"10","017","00","002","0219","0251","577","408","169","48","625","1045","0","59.81","39.04"
"10","017","00","002","0219","0252","693","538","155","38","731","1374","0","53.2","39.16"
"10","017","00","002","0220","0000","1160","840","320","100","1260","2466","0","51.09","34.06"
"10","017","00","002","0220","0242","550","398","152","43","593","1193","0","49.71","33.36"
"10","017","00","002","0220","0243","610","442","168","57","667","1273","0","52.4","34.72"
"10","017","00","003","0000","0000","16230","12703","3527","893","17123","33225","38606","51.54","38.23"
"10","017","00","003","0301","0000","652","506","146","46","698","1431","0","48.78","35.36"
"10","017","00","003","0301","0191","652","506","146","46","698","1431","0","48.78","35.36"
"10","017","00","003","0302","0000","326","245","81","24","350","637","0","54.95","38.46"
"10","017","00","003","0302","0193","326","245","81","24","350","637","0","54.95","38.46"
"10","017","00","003","0303","0000","396","302","94","28","424","735","0","57.69","41.09"
"10","017","00","003","0303","0194","396","302","94","28","424","735","0","57.69","41.09"
"10","017","00","003","0304","0000","1683","1302","381","118","1801","3641","0","49.46","35.76"
"10","017","00","003","0304","0195","474","377","97","30","504","1078","0","46.75","34.97"
"10","017","00","003","0304","0196","581","435","146","44","625","1238","0","50.48","35.14"
"10","017","00","003","0304","0197","628","490","138","44","672","1325","0","50.72","36.98"
"10","017","00","003","0305","0000","1340","1064","276","84","1424","2626","0","54.23","40.52"
"10","017","00","003","0305","0206","660","517","143","50","710","1267","0","56.04","40.81"
"10","017","00","003","0305","0207","680","547","133","34","714","1359","0","52.54","40.25"
"10","017","00","003","0306","0000","1464","1212","252","70","1534","2916","0","52.61","41.56"
"10","017","00","003","0306","0208","537","455","82","22","559","970","0","57.63","46.91"
"10","017","00","003","0306","0209","488","405","83","20","508","1002","0","50.7","40.42"
"10","017","00","003","0306","0210","439","352","87","28","467","944","0","49.47","37.29"
"10","017","00","003","0307","0000","1222","943","279","75","1297","2553","0","50.8","36.94"
"10","017","00","003","0307","0200","607","478","129","41","648","1110","0","58.38","43.06"
"10","017","00","003","0307","0201","615","465","150","34","649","1443","0","44.98","32.22"
"10","017","00","003","0308","0000","1224","958","266","77","1301","2654","0","49.02","36.1"
"10","017","00","003","0308","0198","729","575","154","43","772","1475","0","52.34","38.98"
"10","017","00","003","0308","0199","495","383","112","34","529","1179","0","44.87","32.49"
"10","017","00","003","0309","0000","199","140","59","23","222","415","0","53.49","33.73"
"10","017","00","003","0309","0202","199","140","59","23","222","415","0","53.49","33.73"
"10","017","00","003","0310","0000","2303","1813","490","109","2412","4551","0","53.0","39.84"
"10","017","00","003","0310","0203","637","515","122","20","657","1378","0","47.68","37.37"
"10","017","00","003","0310","0204","787","605","182","28","815","1570","0","51.91","38.54"
"10","017","00","003","0310","0205","879","693","186","61","940","1603","0","58.64","43.23"
"10","017","00","003","0311","0000","187","145","42","11","198","456","0","43.42","31.8"
"10","017","00","003","0311","0192","187","145","42","11","198","456","0","43.42","31.8"
"10","017","00","003","0312","0000","2515","2000","515","107","2622","4893","0","53.59","40.87"
"10","017","00","003","0312","0215","693","544","149","29","722","1328","0","54.37","40.96"
"10","017","00","003","0312","0216","563","438","125","23","586","1173","0","49.96","37.34"
"10","017","00","003","0312","0217","563","454","109","36","599","1019","0","58.78","44.55"
"10","017","00","003","0312","0218","696","564","132","19","715","1373","0","52.08","41.08"
"10","017","00","003","0313","0000","2719","2073","646","121","2840","5717","0","49.68","36.26"
"10","017","00","003","0313","0211","797","623","174","43","840","1500","0","56.0","41.53"
"10","017","00","003","0313","0212","548","448","100","28","576","1442","0","39.94","31.07"
"10","017","00","003","0313","0213","597","473","124","26","623","1165","0","53.48","40.6"
"10","017","00","003","0313","0214","777","529","248","24","801","1610","0","49.75","32.86"
"10","017","00","004","0000","0000","17798","13573","4225","1682","19480","36738","43950","53.02","36.95"
"10","017","00","004","0401","0000","712","568","144","106","818","1782","0","45.9","31.87"
"10","017","00","004","0401","0072","712","568","144","106","818","1782","0","45.9","31.87"
"10","017","00","004","0402","0000","530","397","133","64","594","1055","0","56.3","37.63"
"10","017","00","004","0402","0073","530","397","133","64","594","1055","0","56.3","37.63"
"10","017","00","004","0403","0000","692","545","147","39","731","1558","0","46.92","34.98"
"10","017","00","004","0403","0074","692","545","147","39","731","1558","0","46.92","34.98"
"10","017","00","004","0404","0000","845","654","191","48","893","1736","0","51.44","37.67"
"10","017","00","004","0404","0075","845","654","191","48","893","1736","0","51.44","37.67"
"10","017","00","004","0405","0000","1256","942","314","97","1353","2352","0","57.53","40.05"
"10","017","00","004","0405","0076","681","504","177","52","733","1243","0","58.97","40.55"
"10","017","00","004","0405","0077","575","438","137","45","620","1109","0","55.91","39.5"
"10","017","00","004","0406","0000","924","763","161","39","963","1684","0","57.19","45.31"
"10","017","00","004","0406","0078","924","763","161","39","963","1684","0","57.19","45.31"
"10","017","00","004","0407","0000","450","339","111","40","490","919","0","53.32","36.89"
"10","017","00","004","0407","0079","450","339","111","40","490","919","0","53.32","36.89"
"10","017","00","004","0408","0000","463","347","116","25","488","991","0","49.24","35.02"
"10","017","00","004","0408","0080","463","347","116","25","488","991","0","49.24","35.02"
"10","017","00","004","0409","0000","442","346","96","19","461","876","0","52.63","39.5"
"10","017","00","004","0409","0081","442","346","96","19","461","876","0","52.63","39.5"
"10","017","00","004","0410","0000","794","612","182","75","869","1480","0","58.72","41.35"
"10","017","00","004","0410","0082","554","423","131","52","606","1046","0","57.93","40.44"
"10","017","00","004","0410","0083","240","189","51","23","263","434","0","60.6","43.55"
"10","017","00","004","0411","0000","391","300","91","58","449","764","0","58.77","39.27"
"10","017","00","004","0411","0084","391","300","91","58","449","764","0","58.77","39.27"
"10","017","00","004","0412","0000","463","337","126","28","491","968","0","50.72","34.81"
"10","017","00","004","0412","0085","463","337","126","28","491","968","0","50.72","34.81"
"10","017","00","004","0413","0000","1113","822","291","107","1220","2641","0","46.19","31.12"
"10","017","00","004","0413","0086","604","439","165","72","676","1326","0","50.98","33.11"
"10","017","00","004","0413","0087","509","383","126","35","544","1315","0","41.37","29.13"
"10","017","00","004","0414","0000","396","292","104","51","447","775","0","57.68","37.68"
"10","017","00","004","0414","0088","396","292","104","51","447","775","0","57.68","37.68"
"10","017","00","004","0415","0000","659","504","155","91","750","1326","0","56.56","38.01"
"10","017","00","004","0415","0089","318","234","84","55","373","652","0","57.21","35.89"
"10","017","00","004","0415","0090","341","270","71","36","377","674","0","55.93","40.06"
"10","017","00","004","0416","0000","370","288","82","41","411","789","0","52.09","36.5"
"10","017","00","004","0416","0091","370","288","82","41","411","789","0","52.09","36.5"
"10","017","00","004","0417","0000","825","630","195","76","901","1715","0","52.54","36.73"
"10","017","00","004","0417","0092","825","630","195","76","901","1715","0","52.54","36.73"
"10","017","00","004","0418","0000","404","295","109","48","452","849","0","53.24","34.75"
"10","017","00","004","0418","0093","404","295","109","48","452","849","0","53.24","34.75"
"10","017","00","004","0419","0000","427","342","85","38","465","875","0","53.14","39.09"
"10","017","00","004","0419","0094","427","342","85","38","465","875","0","53.14","39.09"
"10","017","00","004","0420","0000","391","292","99","42","433","851","0","50.88","34.31"
"10","017","00","004","0420","0095","391","292","99","42","433","851","0","50.88","34.31"
"10","017","00","004","0421","0000","398","308","90","28","426","735","0","57.96","41.9"
"10","017","00","004","0421","0096","398","308","90","28","426","735","0","57.96","41.9"
"10","017","00","004","0422","0000","461","337","124","73","534","1009","0","52.92","33.4"
"10","017","00","004","0422","0097","461","337","124","73","534","1009","0","52.92","33.4"
"10","017","00","004","0423","0000","477","338","139","51","528","1082","0","48.8","31.24"
"10","017","00","004","0423","0098","477","338","139","51","528","1082","0","48.8","31.24"
"10","017","00","004","0424","0000","1394","1100","294","130","1524","2797","0","54.49","39.33"
"10","017","00","004","0424","0099","580","433","147","80","660","1278","0","51.64","33.88"
"10","017","00","004","0424","0100","814","667","147","50","864","1519","0","56.88","43.91"
"10","017","00","004","0425","0000","336","268","68","42","378","708","0","53.39","37.85"
"10","017","00","004","0425","0103","336","268","68","42","378","708","0","53.39","37.85"
"10","017","00","004","0426","0000","324","231","93","30","354","567","0","62.43","40.74"
"10","017","00","004","0426","0104","324","231","93","30","354","567","0","62.43","40.74"
"10","017","00","004","0427","0000","351","240","111","59","410","751","0","54.59","31.96"
"10","017","00","004","0427","0105","351","240","111","59","410","751","0","54.59","31.96"
"10","017","00","004","0428","0000","324","236","88","29","353","589","0","59.93","40.07"
"10","017","00","004","0428","0106","324","236","88","29","353","589","0","59.93","40.07"
"10","017","00","004","0429","0000","1186","900","286","108","1294","2514","0","51.47","35.8"
"10","017","00","004","0429","0101","547","419","128","47","594","1336","0","44.46","31.36"
"10","017","00","004","0429","0102","639","481","158","61","700","1178","0","59.42","40.83"
"10","017","00","005","0000","0000","19474","14924","4550","1463","20937","41856","47428","50.02","35.66"
"10","017","00","005","0501","0000","386","279","107","20","406","796","0","51.01","35.05"
"10","017","00","005","0501","0107","386","279","107","20","406","796","0","51.01","35.05"
"10","017","00","005","0502","0000","588","461","127","49","637","1036","0","61.49","44.5"
"10","017","00","005","0502","0108","588","461","127","49","637","1036","0","61.49","44.5"
"10","017","00","005","0503","0000","389","274","115","43","432","756","0","57.14","36.24"
"10","017","00","005","0503","0109","389","274","115","43","432","756","0","57.14","36.24"
"10","017","00","005","0504","0000","382","281","101","21","403","957","0","42.11","29.36"
"10","017","00","005","0504","0110","382","281","101","21","403","957","0","42.11","29.36"
"10","017","00","005","0505","0000","393","299","94","11","404","802","0","50.37","37.28"
"10","017","00","005","0505","0111","393","299","94","11","404","802","0","50.37","37.28"
"10","017","00","005","0506","0000","610","488","122","52","662","1263","0","52.41","38.64"
"10","017","00","005","0506","0112","610","488","122","52","662","1263","0","52.41","38.64"
"10","017","00","005","0507","0000","422","324","98","20","442","778","0","56.81","41.65"
"10","017","00","005","0507","0113","422","324","98","20","442","778","0","56.81","41.65"
"10","017","00","005","0508","0000","573","423","150","87","660","1180","0","55.93","35.85"
"10","017","00","005","0508","0114","573","423","150","87","660","1180","0","55.93","35.85"
"10","017","00","005","0509","0000","426","341","85","34","460","990","0","46.46","34.44"
"10","017","00","005","0509","0115","426","341","85","34","460","990","0","46.46","34.44"
"10","017","00","005","0510","0000","515","386","129","32","547","1332","0","41.07","28.98"
"10","017","00","005","0510","0116","515","386","129","32","547","1332","0","41.07","28.98"
"10","017","00","005","0511","0000","767","586","181","51","818","1770","0","46.21","33.11"
"10","017","00","005","0511","0117","363","274","89","29","392","848","0","46.23","32.31"
"10","017","00","005","0511","0118","404","312","92","22","426","922","0","46.2","33.84"
"10","017","00","005","0512","0000","668","480","188","39","707","1584","0","44.63","30.3"
"10","017","00","005","0512","0122","668","480","188","39","707","1584","0","44.63","30.3"
"10","017","00","005","0513","0000","449","340","109","36","485","1319","0","36.77","25.78"
"10","017","00","005","0513","0123","449","340","109","36","485","1319","0","36.77","25.78"
"10","017","00","005","0514","0000","251","194","57","28","279","574","0","48.61","33.8"
"10","017","00","005","0514","0120","251","194","57","28","279","574","0","48.61","33.8"
"10","017","00","005","0515","0000","404","312","92","50","454","877","0","51.77","35.58"
"10","017","00","005","0515","0121","404","312","92","50","454","877","0","51.77","35.58"
"10","017","00","005","0516","0000","382","280","102","46","428","715","0","59.86","39.16"
"10","017","00","005","0516","0141","382","280","102","46","428","715","0","59.86","39.16"
"10","017","00","005","0517","0000","464","341","123","49","513","849","0","60.42","40.16"
"10","017","00","005","0517","0140","464","341","123","49","513","849","0","60.42","40.16"
"10","017","00","005","0518","0000","409","319","90","21","430","932","0","46.14","34.23"
"10","017","00","005","0518","0139","409","319","90","21","430","932","0","46.14","34.23"
"10","017","00","005","0519","0000","671","490","181","80","751","1642","0","45.74","29.84"
"10","017","00","005","0519","0138","671","490","181","80","751","1642","0","45.74","29.84"
"10","017","00","005","0520","0000","2637","2207","430","136","2773","5387","0","51.48","40.97"
"10","017","00","005","0520","0126","958","814","144","33","991","2088","0","47.46","38.98"
"10","017","00","005","0520","0127","975","861","114","43","1018","1946","0","52.31","44.24"
"10","017","00","005","0520","0128","704","532","172","60","764","1353","0","56.47","39.32"
"10","017","00","005","0521","0000","2771","2119","652","270","3041","5560","0","54.69","38.11"
"10","017","00","005","0521","0129","619","471","148","153","772","1317","0","58.62","35.76"
"10","017","00","005","0521","0130","461","315","146","35","496","870","0","57.01","36.21"
"10","017","00","005","0521","0131","687","565","122","35","722","1322","0","54.61","42.74"
"10","017","00","005","0521","0132","575","445","130","17","592","1295","0","45.71","34.36"
"10","017","00","005","0521","0133","429","323","106","30","459","756","0","60.71","42.72"
"10","017","00","005","0522","0000","1755","1315","440","129","1884","3815","0","49.38","34.47"
"10","017","00","005","0522","0124","906","676","230","76","982","1938","0","50.67","34.88"
"10","017","00","005","0522","0125","849","639","210","53","902","1877","0","48.06","34.04"
"10","017","00","005","0523","0000","252","180","72","19","271","459","0","59.04","39.22"
"10","017","00","005","0523","0119","252","180","72","19","271","459","0","59.04","39.22"
"10","017","00","005","0524","0000","2910","2205","705","140","3050","6483","0","47.05","34.01"
"10","017","00","005","0524","0134","682","515","167","26","708","1602","0","44.19","32.15"
"10","017","00","005","0524","0135","700","538","162","46","746","1568","0","47.58","34.31"
"10","017","00","005","0524","0136","694","502","192","43","737","1404","0","52.49","35.75"
"10","017","00","005","0524","0137","834","650","184","25","859","1909","0","45.0","34.05"
"10","017","00","006","0000","0000","34275","26895","7380","1970","36245","70396","82263","51.49","38.21"
"10","017","00","006","0601","0000","536","419","117","43","579","1213","0","47.73","34.54"
"10","017","00","006","0601","0143","536","419","117","43","579","1213","0","47.73","34.54"
"10","017","00","006","0602","0000","407","306","101","44","451","1026","0","43.96","29.82"
"10","017","00","006","0602","0144","407","306","101","44","451","1026","0","43.96","29.82"
"10","017","00","006","0603","0000","589","447","142","67","656","1361","0","48.2","32.84"
"10","017","00","006","0603","0142","589","447","142","67","656","1361","0","48.2","32.84"
"10","017","00","006","0604","0000","537","424","113","89","626","1038","0","60.31","40.85"
"10","017","00","006","0604","0145","537","424","113","89","626","1038","0","60.31","40.85"
"10","017","00","006","0605","0000","479","338","141","64","543","897","0","60.54","37.68"
"10","017","00","006","0605","0146","479","338","141","64","543","897","0","60.54","37.68"
"10","017","00","006","0606","0000","876","676","200","74","950","2042","0","46.52","33.1"
"10","017","00","006","0606","0147","672","514","158","63","735","1401","0","52.46","36.69"
"10","017","00","006","0606","0148","204","162","42","11","215","641","0","33.54","25.27"
"10","017","00","006","0607","0000","920","786","134","80","1000","1944","0","51.44","40.43"
"10","017","00","006","0607","0149","687","603","84","58","745","1472","0","50.61","40.96"
"10","017","00","006","0607","0150","233","183","50","22","255","472","0","54.03","38.77"
"10","017","00","006","0608","0000","1479","1174","305","94","1573","3250","0","48.4","36.12"
"10","017","00","006","0608","0153","833","712","121","45","878","1901","0","46.19","37.45"
"10","017","00","006","0608","0154","646","462","184","49","695","1349","0","51.52","34.25"
"10","017","00","006","0609","0000","462","354","108","28","490","841","0","58.26","42.09"
"10","017","00","006","0609","0151","462","354","108","28","490","841","0","58.26","42.09"
"10","017","00","006","0610","0000","273","204","69","30","303","571","0","53.06","35.73"
"10","017","00","006","0610","0152","273","204","69","30","303","571","0","53.06","35.73"
"10","017","00","006","0611","0000","1910","1471","439","118","2028","3922","0","51.71","37.51"
"10","017","00","006","0611","0179","989","765","224","57","1046","1960","0","53.37","39.03"
"10","017","00","006","0611","0180","921","706","215","61","982","1962","0","50.05","35.98"
"10","017","00","006","0612","0000","803","603","200","44","847","1641","0","51.61","36.75"
"10","017","00","006","0612","0186","803","603","200","44","847","1641","0","51.61","36.75"
"10","017","00","006","0613","0000","2601","2011","590","141","2742","5289","0","51.84","38.02"
"10","017","00","006","0613","0187","622","472","150","39","661","1279","0","51.68","36.9"
"10","017","00","006","0613","0188","666","531","135","28","694","1360","0","51.03","39.04"
"10","017","00","006","0613","0189","715","551","164","45","760","1399","0","54.32","39.39"
"10","017","00","006","0613","0190","598","457","141","29","627","1251","0","50.12","36.53"
"10","017","00","006","0614","0000","1875","1460","415","102","1977","3946","0","50.1","37.0"
"10","017","00","006","0614","0181","1036","808","228","59","1095","2117","0","51.72","38.17"
"10","017","00","006","0614","0182","839","652","187","43","882","1829","0","48.22","35.65"
"10","017","00","006","0615","0000","1276","963","313","89","1365","2576","0","52.99","37.38"
"10","017","00","006","0615","0155","580","433","147","42","622","1225","0","50.78","35.35"
"10","017","00","006","0615","0156","696","530","166","47","743","1351","0","55.0","39.23"
"10","017","00","006","0616","0000","2537","1998","539","109","2646","4768","0","55.49","41.9"
"10","017","00","006","0616","0159","824","658","166","48","872","1613","0","54.06","40.79"
"10","017","00","006","0616","0160","902","723","179","34","936","1731","0","54.07","41.77"
"10","017","00","006","0616","0161","811","617","194","27","838","1424","0","58.85","43.33"
"10","017","00","006","0617","0000","1723","1353","370","119","1842","3485","0","52.86","38.82"
"10","017","00","006","0617","0162","842","668","174","60","902","1806","0","49.94","36.99"
"10","017","00","006","0617","0163","881","685","196","59","940","1679","0","55.99","40.8"
"10","017","00","006","0618","0000","1928","1526","402","52","1980","3942","0","50.23","38.71"
"10","017","00","006","0618","0164","942","718","224","40","982","1902","0","51.63","37.75"
"10","017","00","006","0618","0165","986","808","178","12","998","2040","0","48.92","39.61"
"10","017","00","006","0619","0000","1237","934","303","74","1311","2556","0","51.29","36.54"
"10","017","00","006","0619","0166","655","501","154","54","709","1313","0","54.0","38.16"
"10","017","00","006","0619","0167","582","433","149","20","602","1243","0","48.43","34.84"
"10","017","00","006","0620","0000","1314","1011","303","53","1367","2968","0","46.06","34.06"
"10","017","00","006","0620","0171","631","486","145","27","658","1557","0","42.26","31.21"
"10","017","00","006","0620","0172","683","525","158","26","709","1411","0","50.25","37.21"
"10","017","00","006","0621","0000","2231","1809","422","90","2321","4538","0","51.15","39.86"
"10","017","00","006","0621","0183","703","576","127","33","736","1529","0","48.14","37.67"
"10","017","00","006","0621","0184","924","736","188","40","964","1869","0","51.58","39.38"
"10","017","00","006","0621","0185","604","497","107","17","621","1140","0","54.47","43.6"
"10","017","00","006","0622","0000","1792","1394","398","81","1873","3319","0","56.43","42.0"
"10","017","00","006","0622","0168","853","677","176","34","887","1759","0","50.43","38.49"
"10","017","00","006","0622","0169","419","320","99","18","437","694","0","62.97","46.11"
"10","017","00","006","0622","0170","520","397","123","29","549","866","0","63.39","45.84"
"10","017","00","006","0623","0000","2046","1629","417","111","2157","4650","0","46.39","35.03"
"10","017","00","006","0623","0176","763","619","144","29","792","1673","0","47.34","37.0"
"10","017","00","006","0623","0177","509","391","118","49","558","1054","0","52.94","37.1"
"10","017","00","006","0623","0178","774","619","155","33","807","1923","0","41.97","32.19"
"10","017","00","006","0624","0000","2308","1859","449","78","2386","4499","0","53.03","41.32"
"10","017","00","006","0624","0173","861","687","174","28","889","1568","0","56.7","43.81"
"10","017","00","006","0624","0174","683","532","151","42","725","1400","0","51.79","38.0"
"10","017","00","006","0624","0175","764","640","124","8","772","1531","0","50.42","41.8"
"10","017","00","006","0625","0000","2136","1746","390","96","2232","4114","0","54.25","42.44"
"10","017","00","006","0625","0157","858","679","179","46","904","1601","0","56.46","42.41"
"10","017","00","006","0625","0158","1278","1067","211","50","1328","2513","0","52.85","42.46"
"10","017","00","007","0000","0000","22290","17958","4332","1302","23592","46014","52487","51.27","39.03"
"10","017","00","007","0701","0000","545","423","122","42","587","1096","0","53.56","38.59"
"10","017","00","007","0701","0036","545","423","122","42","587","1096","0","53.56","38.59"
"10","017","00","007","0702","0000","667","525","142","47","714","1232","0","57.95","42.61"
"10","017","00","007","0702","0037","667","525","142","47","714","1232","0","57.95","42.61"
"10","017","00","007","0703","0000","618","483","135","19","637","1184","0","53.8","40.79"
"10","017","00","007","0703","0038","618","483","135","19","637","1184","0","53.8","40.79"
"10","017","00","007","0704","0000","1215","967","248","107","1322","2321","0","56.96","41.66"
"10","017","00","007","0704","0039","602","494","108","62","664","1133","0","58.61","43.6"
"10","017","00","007","0704","0040","613","473","140","45","658","1188","0","55.39","39.81"
"10","017","00","007","0705","0000","385","287","98","37","422","725","0","58.21","39.59"
"10","017","00","007","0705","0041","385","287","98","37","422","725","0","58.21","39.59"
"10","017","00","007","0706","0000","668","511","157","52","720","1524","0","47.24","33.53"
"10","017","00","007","0706","0042","668","511","157","52","720","1524","0","47.24","33.53"
"10","017","00","007","0707","0000","370","285","85","31","401","736","0","54.48","38.72"
"10","017","00","007","0707","0043","370","285","85","31","401","736","0","54.48","38.72"
"10","017","00","007","0708","0000","693","538","155","43","736","1562","0","47.12","34.44"
"10","017","00","007","0708","0044","285","215","70","23","308","611","0","50.41","35.19"
"10","017","00","007","0708","0045","408","323","85","20","428","951","0","45.01","33.96"
"10","017","00","007","0709","0000","791","621","170","41","832","1616","0","51.49","38.43"
"10","017","00","007","0709","0046","791","621","170","41","832","1616","0","51.49","38.43"
"10","017","00","007","0710","0000","773","621","152","42","815","1516","0","53.76","40.96"
"10","017","00","007","0710","0047","773","621","152","42","815","1516","0","53.76","40.96"
"10","017","00","007","0711","0000","929","704","225","59","988","2118","0","46.65","33.24"
"10","017","00","007","0711","0048","408","301","107","29","437","1049","0","41.66","28.69"
"10","017","00","007","0711","0049","521","403","118","30","551","1069","0","51.54","37.7"
"10","017","00","007","0712","0000","843","685","158","41","884","1763","0","50.14","38.85"
"10","017","00","007","0712","0054","481","394","87","25","506","999","0","50.65","39.44"
"10","017","00","007","0712","0055","362","291","71","16","378","764","0","49.48","38.09"
"10","017","00","007","0713","0000","1544","1333","211","73","1617","3570","0","45.29","37.34"
"10","017","00","007","0713","0056","711","565","146","36","747","1555","0","48.04","36.33"
"10","017","00","007","0713","0057","833","768","65","37","870","2015","0","43.18","38.11"
"10","017","00","007","0714","0000","1443","1148","295","101","1544","2837","0","54.42","40.47"
"10","017","00","007","0714","0058","671","538","133","47","718","1268","0","56.62","42.43"
"10","017","00","007","0714","0059","772","610","162","54","826","1569","0","52.64","38.88"
"10","017","00","007","0715","0000","647","511","136","45","692","1295","0","53.44","39.46"
"10","017","00","007","0715","0071","647","511","136","45","692","1295","0","53.44","39.46"
"10","017","00","007","0716","0000","2261","1810","451","143","2404","4113","0","58.45","44.01"
"10","017","00","007","0716","0050","385","306","79","35","420","727","0","57.77","42.09"
"10","017","00","007","0716","0051","521","425","96","22","543","929","0","58.45","45.75"
"10","017","00","007","0716","0052","653","510","143","37","690","1118","0","61.72","45.62"
"10","017","00","007","0716","0053","702","569","133","49","751","1339","0","56.09","42.49"
"10","017","00","007","0717","0000","1502","1246","256","80","1582","3780","0","41.85","32.96"
"10","017","00","007","0717","0069","815","669","146","41","856","2016","0","42.46","33.18"
"10","017","00","007","0717","0070","687","577","110","39","726","1764","0","41.16","32.71"
"10","017","00","007","0718","0000","1655","1362","293","98","1753","3461","0","50.65","39.35"
"10","017","00","007","0718","0060","886","722","164","67","953","1985","0","48.01","36.37"
"10","017","00","007","0718","0061","769","640","129","31","800","1476","0","54.2","43.36"
"10","017","00","007","0719","0000","1123","914","209","65","1188","2494","0","47.63","36.65"
"10","017","00","007","0719","0067","644","516","128","39","683","1485","0","45.99","34.75"
"10","017","00","007","0719","0068","479","398","81","26","505","1009","0","50.05","39.44"
"10","017","00","007","0720","0000","3618","2984","634","136","3754","7071","0","53.09","42.2"
"10","017","00","007","0720","0062","802","651","151","34","836","1493","0","55.99","43.6"
"10","017","00","007","0720","0063","726","599","127","25","751","1249","0","60.13","47.96"
"10","017","00","007","0720","0064","763","627","136","25","788","1559","0","50.55","40.22"
"10","017","00","007","0720","0065","539","452","87","16","555","1168","0","47.52","38.7"
"10","017","00","007","0720","0066","788","655","133","36","824","1602","0","51.44","40.89"
"10","018","00","000","0000","0000","184701","141640","43061","11576","196277","351775","444775","55.8","40.26"
"10","018","00","001","0000","0000","87215","66631","20584","4981","92196","163757","215079","56.3","40.69"
"10","018","00","001","0101","0000","384","289","95","36","420","714","0","58.82","40.48"
"10","018","00","001","0101","0101","384","289","95","36","420","714","0","58.82","40.48"
"10","018","00","001","0102","0000","739","558","181","53","792","1396","0","56.73","39.97"
"10","018","00","001","0102","0103","739","558","181","53","792","1396","0","56.73","39.97"
"10","018","00","001","0103","0000","473","334","139","53","526","875","0","60.11","38.17"
"10","018","00","001","0103","0102","473","334","139","53","526","875","0","60.11","38.17"
"10","018","00","001","0104","0000","249","180","69","20","269","507","0","53.06","35.5"
"10","018","00","001","0104","0100","249","180","69","20","269","507","0","53.06","35.5"
"10","018","00","001","0105","0000","325","225","100","27","352","566","0","62.19","39.75"
"10","018","00","001","0105","0004","325","225","100","27","352","566","0","62.19","39.75"
"10","018","00","001","0106","0000","146","96","50","24","170","305","0","55.74","31.48"
"10","018","00","001","0106","0006","146","96","50","24","170","305","0","55.74","31.48"
"10","018","00","001","0107","0000","338","239","99","26","364","640","0","56.88","37.34"
"10","018","00","001","0107","0005","338","239","99","26","364","640","0","56.88","37.34"
"10","018","00","001","0108","0000","280","219","61","20","300","475","0","63.16","46.11"
"10","018","00","001","0108","0113","280","219","61","20","300","475","0","63.16","46.11"
"10","018","00","001","0109","0000","402","293","109","51","453","752","0","60.24","38.96"
"10","018","00","001","0109","0112","402","293","109","51","453","752","0","60.24","38.96"
"10","018","00","001","0110","0000","361","264","97","40","401","710","0","56.48","37.18"
"10","018","00","001","0110","0111","361","264","97","40","401","710","0","56.48","37.18"
"10","018","00","001","0111","0000","490","362","128","21","511","1512","0","33.8","23.94"
"10","018","00","001","0111","0001","490","362","128","21","511","1512","0","33.8","23.94"
"10","018","00","001","0112","0000","313","229","84","24","337","563","0","59.86","40.67"
"10","018","00","001","0112","0007","313","229","84","24","337","563","0","59.86","40.67"
"10","018","00","001","0113","0000","1650","1274","376","106","1756","3123","0","56.23","40.79"
"10","018","00","001","0113","0027","817","633","184","53","870","1573","0","55.31","40.24"
"10","018","00","001","0113","0028","833","641","192","53","886","1550","0","57.16","41.35"
"10","018","00","001","0114","0000","1553","1160","393","115","1668","2928","0","56.97","39.62"
"10","018","00","001","0114","0114","449","335","114","35","484","880","0","55.0","38.07"
"10","018","00","001","0114","0115","535","398","137","38","573","989","0","57.94","40.24"
"10","018","00","001","0114","0116","569","427","142","42","611","1059","0","57.7","40.32"
"10","018","00","001","0115","0000","770","540","230","75","845","1422","0","59.42","37.97"
"10","018","00","001","0115","0117","327","223","104","43","370","607","0","60.96","36.74"
"10","018","00","001","0115","0118","443","317","126","32","475","815","0","58.28","38.9"
"10","018","00","001","0116","0000","2643","2009","634","158","2801","5524","0","50.71","36.37"
"10","018","00","001","0116","0104","606","457","149","43","649","1232","0","52.68","37.09"
"10","018","00","001","0116","0105","666","480","186","47","713","1323","0","53.89","36.28"
"10","018","00","001","0116","0106","669","511","158","25","694","1516","0","45.78","33.71"
"10","018","00","001","0116","0107","702","561","141","43","745","1453","0","51.27","38.61"
"10","018","00","001","0117","0000","948","754","194","54","1002","1682","0","59.57","44.83"
"10","018","00","001","0117","0002","557","446","111","25","582","953","0","61.07","46.8"
"10","018","00","001","0117","0003","391","308","83","29","420","729","0","57.61","42.25"
"10","018","00","001","0118","0000","2378","1844","534","104","2482","4456","0","55.7","41.38"
"10","018","00","001","0118","0010","833","658","175","37","870","1615","0","53.87","40.74"
"10","018","00","001","0118","0011","693","546","147","44","737","1287","0","57.26","42.42"
"10","018","00","001","0118","0012","852","640","212","23","875","1554","0","56.31","41.18"
"10","018","00","001","0119","0000","2263","1713","550","121","2384","4162","0","57.28","41.16"
"10","018","00","001","0119","0013","782","605","177","19","801","1388","0","57.71","43.59"
"10","018","00","001","0119","0014","792","591","201","38","830","1419","0","58.49","41.65"
"10","018","00","001","0119","0015","689","517","172","64","753","1355","0","55.57","38.15"
"10","018","00","001","0120","0000","2583","1973","610","164","2747","4714","0","58.27","41.85"
"10","018","00","001","0120","0019","580","454","126","31","611","1062","0","57.53","42.75"
"10","018","00","001","0120","0020","707","545","162","44","751","1315","0","57.11","41.44"
"10","018","00","001","0120","0021","547","414","133","47","594","1000","0","59.4","41.4"
"10","018","00","001","0120","0022","749","560","189","42","791","1337","0","59.16","41.88"
"10","018","00","001","0121","0000","2965","2244","721","141","3106","5333","0","58.24","42.08"
"10","018","00","001","0121","0023","915","718","197","36","951","1747","0","54.44","41.1"
"10","018","00","001","0121","0024","918","679","239","39","957","1600","0","59.81","42.44"
"10","018","00","001","0121","0025","624","479","145","33","657","1158","0","56.74","41.36"
"10","018","00","001","0121","0026","508","368","140","33","541","828","0","65.34","44.44"
"10","018","00","001","0122","0000","1306","991","315","105","1411","2283","0","61.8","43.41"
"10","018","00","001","0122","0039","682","489","193","79","761","1271","0","59.87","38.47"
"10","018","00","001","0122","0040","624","502","122","26","650","1012","0","64.23","49.6"
"10","018","00","001","0123","0000","1327","1009","318","115","1442","2604","0","55.38","38.75"
"10","018","00","001","0123","0041","529","405","124","59","588","1001","0","58.74","40.46"
"10","018","00","001","0123","0042","798","604","194","56","854","1603","0","53.28","37.68"
"10","018","00","001","0124","0000","2383","1788","595","146","2529","4297","0","58.86","41.61"
"10","018","00","001","0124","0050","667","478","189","38","705","1195","0","59.0","40.0"
"10","018","00","001","0124","0051","799","584","215","67","866","1569","0","55.19","37.22"
"10","018","00","001","0124","0052","917","726","191","41","958","1533","0","62.49","47.36"
"10","018","00","001","0125","0000","2266","1890","376","139","2405","3992","0","60.25","47.34"
"10","018","00","001","0125","0053","761","629","132","51","812","1336","0","60.78","47.08"
"10","018","00","001","0125","0054","754","652","102","52","806","1367","0","58.96","47.7"
"10","018","00","001","0125","0055","751","609","142","36","787","1289","0","61.06","47.25"
"10","018","00","001","0126","0000","3497","2693","804","192","3689","6055","0","60.92","44.48"
"10","018","00","001","0126","0034","704","551","153","52","756","1262","0","59.9","43.66"
"10","018","00","001","0126","0035","654","506","148","25","679","1199","0","56.63","42.2"
"10","018","00","001","0126","0036","718","553","165","32","750","1226","0","61.17","45.11"
"10","018","00","001","0126","0037","821","629","192","54","875","1377","0","63.54","45.68"
"10","018","00","001","0126","0038","600","454","146","29","629","991","0","63.47","45.81"
"10","018","00","001","0127","0000","1731","1361","370","90","1821","3142","0","57.96","43.32"
"10","018","00","001","0127","0031","517","417","100","23","540","935","0","57.75","44.6"
"10","018","00","001","0127","0032","570","444","126","23","593","1074","0","55.21","41.34"
"10","018","00","001","0127","0033","644","500","144","44","688","1133","0","60.72","44.13"
"10","018","00","001","0128","0000","1730","1318","412","93","1823","3440","0","52.99","38.31"
"10","018","00","001","0128","0122","508","372","136","42","550","1062","0","51.79","35.03"
"10","018","00","001","0128","0123","562","430","132","30","592","1046","0","56.6","41.11"
"10","018","00","001","0128","0124","660","516","144","21","681","1332","0","51.13","38.74"
"10","018","00","001","0129","0000","1562","1149","413","109","1671","2999","0","55.72","38.31"
"10","018","00","001","0129","0108","471","325","146","46","517","880","0","58.75","36.93"
"10","018","00","001","0129","0109","531","416","115","26","557","1058","0","52.65","39.32"
"10","018","00","001","0129","0110","560","408","152","37","597","1061","0","56.27","38.45"
"10","018","00","001","0130","0000","2738","2094","644","123","2861","5036","0","56.81","41.58"
"10","018","00","001","0130","0132","650","498","152","37","687","1315","0","52.24","37.87"
"10","018","00","001","0130","0133","752","580","172","37","789","1413","0","55.84","41.05"
"10","018","00","001","0130","0134","578","450","128","25","603","1064","0","56.67","42.29"
"10","018","00","001","0130","0135","758","566","192","24","782","1244","0","62.86","45.5"
"10","018","00","001","0131","0000","2895","2201","694","157","3052","5678","0","53.75","38.76"
"10","018","00","001","0131","0125","727","539","188","50","777","1350","0","57.56","39.93"
"10","018","00","001","0131","0126","702","554","148","21","723","1438","0","50.28","38.53"
"10","018","00","001","0131","0127","663","504","159","55","718","1414","0","50.78","35.64"
"10","018","00","001","0131","0128","803","604","199","31","834","1476","0","56.5","40.92"
"10","018","00","001","0132","0000","673","521","152","25","698","1233","0","56.61","42.25"
"10","018","00","001","0132","0099","673","521","152","25","698","1233","0","56.61","42.25"
"10","018","00","001","0133","0000","1622","1223","399","126","1748","3003","0","58.21","40.73"
"10","018","00","001","0133","0063","620","475","145","54","674","1132","0","59.54","41.96"
"10","018","00","001","0133","0064","137","93","44","13","150","251","0","59.76","37.05"
"10","018","00","001","0133","0065","865","655","210","59","924","1620","0","57.04","40.43"
"10","018","00","001","0135","0000","480","393","87","36","516","915","0","56.39","42.95"
"10","018","00","001","0135","0059","480","393","87","36","516","915","0","56.39","42.95"
"10","018","00","001","0136","0000","1549","1225","324","101","1650","2751","0","59.98","44.53"
"10","018","00","001","0136","0056","500","385","115","26","526","960","0","54.79","40.1"
"10","018","00","001","0136","0057","507","395","112","27","534","843","0","63.35","46.86"
"10","018","00","001","0136","0058","542","445","97","48","590","948","0","62.24","46.94"
"10","018","00","001","0137","0000","1947","1609","338","96","2043","3556","0","57.45","45.25"
"10","018","00","001","0137","0060","988","833","155","45","1033","1801","0","57.36","46.25"
"10","018","00","001","0137","0061","560","439","121","37","597","1079","0","55.33","40.69"
"10","018","00","001","0137","0062","399","337","62","14","413","676","0","61.09","49.85"
"10","018","00","001","0138","0000","1320","985","335","90","1410","2768","0","50.94","35.59"
"10","018","00","001","0138","0043","643","460","183","41","684","1236","0","55.34","37.22"
"10","018","00","001","0138","0044","677","525","152","49","726","1532","0","47.39","34.27"
"10","018","00","001","0139","0000","1726","1297","429","133","1859","3331","0","55.81","38.94"
"10","018","00","001","0139","0045","670","513","157","46","716","1306","0","54.82","39.28"
"10","018","00","001","0139","0046","561","424","137","69","630","1073","0","58.71","39.52"
"10","018","00","001","0139","0047","495","360","135","18","513","952","0","53.89","37.82"
"10","018","00","001","0140","0000","961","750","211","51","1012","2076","0","48.75","36.13"
"10","018","00","001","0140","0048","564","428","136","36","600","1298","0","46.22","32.97"
"10","018","00","001","0140","0049","397","322","75","15","412","778","0","52.96","41.39"
"10","018","00","001","0141","0000","2335","1724","611","115","2450","4669","0","52.47","36.92"
"10","018","00","001","0141","0077","599","465","134","27","626","1215","0","51.52","38.27"
"10","018","00","001","0141","0078","493","364","129","39","532","1067","0","49.86","34.11"
"10","018","00","001","0141","0079","630","449","181","21","651","1194","0","54.52","37.6"
"10","018","00","001","0141","0080","613","446","167","28","641","1193","0","53.73","37.38"
"10","018","00","001","0142","0000","4217","3165","1052","182","4399","7900","0","55.68","40.06"
"10","018","00","001","0142","0066","760","576","184","40","800","1479","0","54.09","38.95"
"10","018","00","001","0142","0067","722","528","194","32","754","1402","0","53.78","37.66"
"10","018","00","001","0142","0068","682","513","169","51","733","1280","0","57.27","40.08"
"10","018","00","001","0142","0069","702","530","172","23","725","1228","0","59.04","43.16"
"10","018","00","001","0142","0070","611","456","155","7","618","1157","0","53.41","39.41"
"10","018","00","001","0142","0071","740","562","178","29","769","1354","0","56.79","41.51"
"10","018","00","001","0143","0000","2827","2180","647","175","3002","5242","0","57.27","41.59"
"10","018","00","001","0143","0081","733","564","169","72","805","1388","0","58.0","40.63"
"10","018","00","001","0143","0082","701","543","158","32","733","1267","0","57.85","42.86"
"10","018","00","001","0143","0083","698","569","129","27","725","1299","0","55.81","43.8"
"10","018","00","001","0143","0084","695","504","191","44","739","1288","0","57.38","39.13"
"10","018","00","001","0144","0000","2373","1852","521","113","2486","4240","0","58.63","43.68"
"10","018","00","001","0144","0096","815","645","170","35","850","1400","0","60.71","46.07"
"10","018","00","001","0144","0097","837","630","207","28","865","1473","0","58.72","42.77"
"10","018","00","001","0144","0098","721","577","144","50","771","1367","0","56.4","42.21"
"10","018","00","001","0145","0000","2508","1971","537","128","2636","5042","0","52.28","39.09"
"10","018","00","001","0145","0092","668","522","146","46","714","1323","0","53.97","39.46"
"10","018","00","001","0145","0093","610","494","116","17","627","1207","0","51.95","40.93"
"10","018","00","001","0145","0094","575","452","123","39","614","1264","0","48.58","35.76"
"10","018","00","001","0145","0095","655","503","152","26","681","1248","0","54.57","40.3"
"10","018","00","001","0146","0000","2391","1853","538","135","2526","4634","0","54.51","39.99"
"10","018","00","001","0146","0088","563","437","126","46","609","1135","0","53.66","38.5"
"10","018","00","001","0146","0089","566","458","108","20","586","1165","0","50.3","39.31"
"10","018","00","001","0146","0090","589","450","139","27","616","1124","0","54.8","40.04"
"10","018","00","001","0146","0091","673","508","165","42","715","1210","0","59.09","41.98"
"10","018","00","001","0147","0000","3701","2879","822","180","3881","6262","0","61.98","45.98"
"10","018","00","001","0147","0072","825","615","210","43","868","1334","0","65.07","46.1"
"10","018","00","001","0147","0073","689","561","128","34","723","1234","0","58.59","45.46"
"10","018","00","001","0147","0074","840","673","167","42","882","1398","0","63.09","48.14"
"10","018","00","001","0147","0075","539","383","156","29","568","928","0","61.21","41.27"
"10","018","00","001","0147","0076","808","647","161","32","840","1368","0","61.4","47.3"
"10","018","00","001","0148","0000","1289","923","366","74","1363","2357","0","57.83","39.16"
"10","018","00","001","0148","0029","691","499","192","30","721","1317","0","54.75","37.89"
"10","018","00","001","0148","0030","598","424","174","44","642","1040","0","61.73","40.77"
"10","018","00","001","0149","0000","1718","1294","424","115","1833","3392","0","54.04","38.15"
"10","018","00","001","0149","0119","440","348","92","40","480","777","0","61.78","44.79"
"10","018","00","001","0149","0120","640","479","161","35","675","1399","0","48.25","34.24"
"10","018","00","001","0149","0121","638","467","171","40","678","1216","0","55.76","38.4"
"10","018","00","001","0150","0000","2497","1912","585","114","2611","4777","0","54.66","40.03"
"10","018","00","001","0150","0016","782","591","191","38","820","1490","0","55.03","39.66"
"10","018","00","001","0150","0017","869","683","186","28","897","1615","0","55.54","42.29"
"10","018","00","001","0150","0018","846","638","208","48","894","1672","0","53.47","38.16"
"10","018","00","001","0151","0000","962","729","233","42","1004","1782","0","56.34","40.91"
"10","018","00","001","0151","0008","385","290","95","19","404","741","0","54.52","39.14"
"10","018","00","001","0151","0009","577","439","138","23","600","1041","0","57.64","42.17"
"10","018","00","001","0152","0000","1997","1499","498","97","2094","3526","0","59.39","42.51"
"10","018","00","001","0152","0129","765","585","180","47","812","1326","0","61.24","44.12"
"10","018","00","001","0152","0130","552","435","117","22","574","927","0","61.92","46.93"
"10","018","00","001","0152","0131","680","479","201","28","708","1273","0","55.62","37.63"
"10","018","00","001","0153","0000","2284","1761","523","83","2367","4816","0","49.15","36.57"
"10","018","00","001","0153","0136","576","438","138","6","582","1160","0","50.17","37.76"
"10","018","00","001","0153","0137","659","509","150","24","683","1398","0","48.86","36.41"
"10","018","00","001","0153","0138","548","428","120","21","569","1384","0","41.11","30.92"
"10","018","00","001","0153","0139","501","386","115","32","533","874","0","60.98","44.16"
"10","018","00","001","0154","0000","2150","1593","557","68","2218","3600","0","61.61","44.25"
"10","018","00","001","0154","0085","718","526","192","26","744","1228","0","60.59","42.83"
"10","018","00","001","0154","0086","669","503","166","17","686","1135","0","60.44","44.32"
"10","018","00","001","0154","0087","763","564","199","25","788","1237","0","63.7","45.59"
"10","018","00","002","0000","0000","63603","48668","14935","4266","67869","123122","151391","55.12","39.53"
"10","018","00","002","0201","0000","294","205","89","27","321","535","0","60.0","38.32"
"10","018","00","002","0201","0141","294","205","89","27","321","535","0","60.0","38.32"
"10","018","00","002","0202","0000","406","308","98","35","441","711","0","62.03","43.32"
"10","018","00","002","0202","0144","406","308","98","35","441","711","0","62.03","43.32"
"10","018","00","002","0203","0000","386","249","137","58","444","746","0","59.52","33.38"
"10","018","00","002","0203","0142","386","249","137","58","444","746","0","59.52","33.38"
"10","018","00","002","0204","0000","222","152","70","11","233","477","0","48.85","31.87"
"10","018","00","002","0204","0140","222","152","70","11","233","477","0","48.85","31.87"
"10","018","00","002","0205","0000","522","394","128","42","564","1143","0","49.34","34.47"
"10","018","00","002","0205","0145","522","394","128","42","564","1143","0","49.34","34.47"
"10","018","00","002","0206","0000","254","192","62","21","275","546","0","50.37","35.16"
"10","018","00","002","0206","0143","254","192","62","21","275","546","0","50.37","35.16"
"10","018","00","002","0207","0000","671","502","169","40","711","1370","0","51.9","36.64"
"10","018","00","002","0207","0146","671","502","169","40","711","1370","0","51.9","36.64"
"10","018","00","002","0208","0000","496","380","116","37","533","957","0","55.69","39.71"
"10","018","00","002","0208","0172","496","380","116","37","533","957","0","55.69","39.71"
"10","018","00","002","0209","0000","315","232","83","44","359","561","0","63.99","41.35"
"10","018","00","002","0209","0169","315","232","83","44","359","561","0","63.99","41.35"
"10","018","00","002","0210","0000","435","331","104","30","465","761","0","61.1","43.5"
"10","018","00","002","0210","0167","435","331","104","30","465","761","0","61.1","43.5"
"10","018","00","002","0211","0000","434","316","118","35","469","788","0","59.52","40.1"
"10","018","00","002","0211","0168","434","316","118","35","469","788","0","59.52","40.1"
"10","018","00","002","0212","0000","629","465","164","41","670","1398","0","47.93","33.26"
"10","018","00","002","0212","0171","629","465","164","41","670","1398","0","47.93","33.26"
"10","018","00","002","0213","0000","728","561","167","94","822","1558","0","52.76","36.01"
"10","018","00","002","0213","0170","728","561","167","94","822","1558","0","52.76","36.01"
"10","018","00","002","0214","0000","2395","1808","587","175","2570","4800","0","53.54","37.67"
"10","018","00","002","0214","0173","632","503","129","49","681","1195","0","56.99","42.09"
"10","018","00","002","0214","0174","563","416","147","45","608","1236","0","49.19","33.66"
"10","018","00","002","0214","0175","605","438","167","54","659","1255","0","52.51","34.9"
"10","018","00","002","0214","0176","595","451","144","27","622","1114","0","55.83","40.48"
"10","018","00","002","0215","0000","1477","1122","355","102","1579","2949","0","53.54","38.05"
"10","018","00","002","0215","0188","708","564","144","44","752","1457","0","51.61","38.71"
"10","018","00","002","0215","0189","769","558","211","58","827","1492","0","55.43","37.4"
"10","018","00","002","0216","0000","1947","1492","455","126","2073","3906","0","53.07","38.2"
"10","018","00","002","0216","0185","560","437","123","18","578","1272","0","45.44","34.36"
"10","018","00","002","0216","0186","693","516","177","60","753","1306","0","57.66","39.51"
"10","018","00","002","0216","0187","694","539","155","48","742","1328","0","55.87","40.59"
"10","018","00","002","0217","0000","1167","879","288","104","1271","2131","0","59.64","41.25"
"10","018","00","002","0217","0190","645","491","154","55","700","1160","0","60.34","42.33"
"10","018","00","002","0217","0191","522","388","134","49","571","971","0","58.81","39.96"
"10","018","00","002","0218","0000","857","645","212","65","922","1651","0","55.84","39.07"
"10","018","00","002","0218","0228","476","361","115","23","499","946","0","52.75","38.16"
"10","018","00","002","0218","0229","381","284","97","42","423","705","0","60.0","40.28"
"10","018","00","002","0219","0000","2026","1530","496","108","2134","3852","0","55.4","39.72"
"10","018","00","002","0219","0221","633","452","181","30","663","1175","0","56.43","38.47"
"10","018","00","002","0219","0222","728","571","157","27","755","1371","0","55.07","41.65"
"10","018","00","002","0219","0223","665","507","158","51","716","1306","0","54.82","38.82"
"10","018","00","002","0220","0000","446","317","129","60","506","848","0","59.67","37.38"
"10","018","00","002","0220","0230","446","317","129","60","506","848","0","59.67","37.38"
"10","018","00","002","0221","0000","1445","1094","351","76","1521","2712","0","56.08","40.34"
"10","018","00","002","0221","0199","749","581","168","47","796","1442","0","55.2","40.29"
"10","018","00","002","0221","0200","696","513","183","29","725","1270","0","57.09","40.39"
"10","018","00","002","0222","0000","3247","2494","753","217","3464","5949","0","58.23","41.92"
"10","018","00","002","0222","0208","590","454","136","24","614","1106","0","55.52","41.05"
"10","018","00","002","0222","0209","543","463","80","31","574","1044","0","54.98","44.35"
"10","018","00","002","0222","0210","589","426","163","38","627","1061","0","59.1","40.15"
"10","018","00","002","0222","0211","822","627","195","71","893","1518","0","58.83","41.3"
"10","018","00","002","0222","0212","703","524","179","53","756","1220","0","61.97","42.95"
"10","018","00","002","0223","0000","2671","2232","439","117","2788","4623","0","60.31","48.28"
"10","018","00","002","0223","0217","575","474","101","21","596","1059","0","56.28","44.76"
"10","018","00","002","0223","0218","647","544","103","38","685","1130","0","60.62","48.14"
"10","018","00","002","0223","0219","715","589","126","32","747","1208","0","61.84","48.76"
"10","018","00","002","0223","0220","734","625","109","26","760","1226","0","61.99","50.98"
"10","018","00","002","0224","0000","2678","2070","608","169","2847","5718","0","49.79","36.2"
"10","018","00","002","0224","0231","657","506","151","28","685","1295","0","52.9","39.07"
"10","018","00","002","0224","0232","696","543","153","43","739","1467","0","50.37","37.01"
"10","018","00","002","0224","0233","692","535","157","46","738","1659","0","44.48","32.25"
"10","018","00","002","0224","0234","633","486","147","52","685","1297","0","52.81","37.47"
"10","018","00","002","0225","0000","306","222","84","40","346","594","0","58.25","37.37"
"10","018","00","002","0225","0244","306","222","84","40","346","594","0","58.25","37.37"
"10","018","00","002","0226","0000","1461","1117","344","151","1612","2831","0","56.94","39.46"
"10","018","00","002","0226","0235","714","540","174","75","789","1374","0","57.42","39.3"
"10","018","00","002","0226","0236","747","577","170","76","823","1457","0","56.49","39.6"
"10","018","00","002","0227","0000","748","548","200","87","835","1609","0","51.9","34.06"
"10","018","00","002","0227","0243","748","548","200","87","835","1609","0","51.9","34.06"
"10","018","00","002","0228","0000","1822","1389","433","131","1953","3393","0","57.56","40.94"
"10","018","00","002","0228","0237","597","469","128","36","633","1072","0","59.05","43.75"
"10","018","00","002","0228","0238","666","499","167","53","719","1350","0","53.26","36.96"
"10","018","00","002","0228","0239","559","421","138","42","601","971","0","61.89","43.36"
"10","018","00","002","0229","0000","1967","1542","425","143","2110","3723","0","56.67","41.42"
"10","018","00","002","0229","0240","775","600","175","73","848","1450","0","58.48","41.38"
"10","018","00","002","0229","0241","472","365","107","34","506","895","0","56.54","40.78"
"10","018","00","002","0229","0242","720","577","143","36","756","1378","0","54.86","41.87"
"10","018","00","002","0230","0000","925","702","223","43","968","1766","0","54.81","39.75"
"10","018","00","002","0230","0158","601","454","147","26","627","1128","0","55.59","40.25"
"10","018","00","002","0230","0159","324","248","76","17","341","638","0","53.45","38.87"
"10","018","00","002","0231","0000","1855","1382","473","72","1927","3589","0","53.69","38.51"
"10","018","00","002","0231","0147","716","526","190","37","753","1390","0","54.17","37.84"
"10","018","00","002","0231","0148","505","385","120","8","513","962","0","53.33","40.02"
"10","018","00","002","0231","0149","634","471","163","27","661","1237","0","53.44","38.08"
"10","018","00","002","0232","0000","2457","1907","550","165","2622","5156","0","50.85","36.99"
"10","018","00","002","0232","0151","345","270","75","16","361","758","0","47.63","35.62"
"10","018","00","002","0232","0152","632","505","127","30","662","1320","0","50.15","38.26"
"10","018","00","002","0232","0153","695","533","162","60","755","1519","0","49.7","35.09"
"10","018","00","002","0232","0154","122","86","36","10","132","347","0","38.04","24.78"
"10","018","00","002","0232","0155","663","513","150","49","712","1212","0","58.75","42.33"
"10","018","00","002","0233","0000","1423","1056","367","116","1539","2912","0","52.85","36.26"
"10","018","00","002","0233","0156","725","555","170","44","769","1484","0","51.82","37.4"
"10","018","00","002","0233","0157","698","501","197","72","770","1428","0","53.92","35.08"
"10","018","00","002","0234","0000","2064","1551","513","147","2211","4121","0","53.65","37.64"
"10","018","00","002","0234","0163","693","541","152","50","743","1394","0","53.3","38.81"
"10","018","00","002","0234","0164","721","536","185","42","763","1568","0","48.66","34.18"
"10","018","00","002","0234","0165","650","474","176","55","705","1159","0","60.83","40.9"
"10","018","00","002","0235","0000","102","85","17","3","105","252","0","41.67","33.73"
"10","018","00","002","0235","0166","102","85","17","3","105","252","0","41.67","33.73"
"10","018","00","002","0236","0000","2510","1941","569","194","2704","4656","0","58.08","41.69"
"10","018","00","002","0236","0224","665","500","165","32","697","1340","0","52.01","37.31"
"10","018","00","002","0236","0225","613","461","152","67","680","1111","0","61.21","41.49"
"10","018","00","002","0236","0226","699","551","148","54","753","1197","0","62.91","46.03"
"10","018","00","002","0236","0227","533","429","104","41","574","1008","0","56.94","42.56"
"10","018","00","002","0237","0000","2723","2051","672","176","2899","5296","0","54.74","38.73"
"10","018","00","002","0237","0177","721","541","180","32","753","1396","0","53.94","38.75"
"10","018","00","002","0237","0178","772","556","216","62","834","1456","0","57.28","38.19"
"10","018","00","002","0237","0179","706","541","165","34","740","1374","0","53.86","39.37"
"10","018","00","002","0237","0180","524","413","111","48","572","1070","0","53.46","38.6"
"10","018","00","002","0238","0000","2350","1803","547","192","2542","4524","0","56.19","39.85"
"10","018","00","002","0238","0181","572","431","141","67","639","1142","0","55.95","37.74"
"10","018","00","002","0238","0182","534","417","117","21","555","1103","0","50.32","37.81"
"10","018","00","002","0238","0183","601","428","173","76","677","1190","0","56.89","35.97"
"10","018","00","002","0238","0184","643","527","116","28","671","1089","0","61.62","48.39"
"10","018","00","002","0239","0000","1888","1438","450","106","1994","4112","0","48.49","34.97"
"10","018","00","002","0239","0192","415","307","108","21","436","1401","0","31.12","21.91"
"10","018","00","002","0239","0193","724","545","179","40","764","1340","0","57.01","40.67"
"10","018","00","002","0239","0194","749","586","163","45","794","1371","0","57.91","42.74"
"10","018","00","002","0240","0000","2499","1938","561","125","2624","4793","0","54.75","40.43"
"10","018","00","002","0240","0195","570","474","96","25","595","1267","0","46.96","37.41"
"10","018","00","002","0240","0196","622","463","159","41","663","1073","0","61.79","43.15"
"10","018","00","002","0240","0197","642","483","159","36","678","1159","0","58.5","41.67"
"10","018","00","002","0240","0198","665","518","147","23","688","1294","0","53.17","40.03"
"10","018","00","002","0241","0000","3085","2389","696","138","3223","5721","0","56.34","41.76"
"10","018","00","002","0241","0213","823","633","190","14","837","1475","0","56.75","42.92"
"10","018","00","002","0241","0214","688","513","175","55","743","1373","0","54.12","37.36"
"10","018","00","002","0241","0215","788","601","187","29","817","1450","0","56.34","41.45"
"10","018","00","002","0241","0216","786","642","144","40","826","1423","0","58.05","45.12"
"10","018","00","002","0242","0000","3467","2652","815","183","3650","6417","0","56.88","41.33"
"10","018","00","002","0242","0203","636","470","166","40","676","1163","0","58.13","40.41"
"10","018","00","002","0242","0204","694","520","174","22","716","1334","0","53.67","38.98"
"10","018","00","002","0242","0205","743","565","178","45","788","1415","0","55.69","39.93"
"10","018","00","002","0242","0206","748","564","184","40","788","1305","0","60.38","43.22"
"10","018","00","002","0242","0207","646","533","113","36","682","1200","0","56.83","44.42"
"10","018","00","002","0243","0000","1271","973","298","73","1344","2128","0","63.16","45.72"
"10","018","00","002","0243","0201","713","533","180","37","750","1179","0","63.61","45.21"
"10","018","00","002","0243","0202","558","440","118","36","594","949","0","62.59","46.36"
"10","018","00","002","0244","0000","742","565","177","50","792","1604","0","49.38","35.22"
"10","018","00","002","0244","0150","742","565","177","50","792","1604","0","49.38","35.22"
"10","018","00","002","0245","0000","1790","1447","343","97","1887","3235","0","58.33","44.73"
"10","018","00","002","0245","0160","664","573","91","44","708","1222","0","57.94","46.89"
"10","018","00","002","0245","0161","557","438","119","24","581","1076","0","54.0","40.71"
"10","018","00","002","0245","0162","569","436","133","29","598","937","0","63.82","46.53"
"10","018","00","003","0000","0000","33883","26341","7542","2329","36212","64896","78305","55.8","40.59"
"10","018","00","003","0301","0000","1366","1047","319","138","1504","2513","0","59.85","41.66"
"10","018","00","003","0301","0271","595","472","123","60","655","1182","0","55.41","39.93"
"10","018","00","003","0301","0272","771","575","196","78","849","1331","0","63.79","43.2"
"10","018","00","003","0302","0000","2716","2041","675","172","2888","5255","0","54.96","38.84"
"10","018","00","003","0302","0266","557","410","147","49","606","1088","0","55.7","37.68"
"10","018","00","003","0302","0267","407","316","91","22","429","903","0","47.51","34.99"
"10","018","00","003","0302","0268","543","385","158","44","587","1012","0","58.0","38.04"
"10","018","00","003","0302","0269","536","408","128","33","569","1014","0","56.11","40.24"
"10","018","00","003","0302","0270","673","522","151","24","697","1238","0","56.3","42.16"
"10","018","00","003","0303","0000","1208","928","280","81","1289","2288","0","56.34","40.56"
"10","018","00","003","0303","0264","516","412","104","28","544","970","0","56.08","42.47"
"10","018","00","003","0303","0265","692","516","176","53","745","1318","0","56.53","39.15"
"10","018","00","003","0304","0000","1341","1031","310","144","1485","2371","0","62.63","43.48"
"10","018","00","003","0304","0262","714","544","170","85","799","1348","0","59.27","40.36"
"10","018","00","003","0304","0263","627","487","140","59","686","1023","0","67.06","47.61"
"10","018","00","003","0305","0000","1175","855","320","129","1304","2095","0","62.24","40.81"
"10","018","00","003","0305","0260","624","450","174","63","687","1138","0","60.37","39.54"
"10","018","00","003","0305","0261","551","405","146","66","617","957","0","64.47","42.32"
"10","018","00","003","0306","0000","1726","1319","407","124","1850","3128","0","59.14","42.17"
"10","018","00","003","0306","0257","564","439","125","22","586","1067","0","54.92","41.14"
"10","018","00","003","0306","0258","492","385","107","36","528","863","0","61.18","44.61"
"10","018","00","003","0306","0259","670","495","175","66","736","1198","0","61.44","41.32"
"10","018","00","003","0307","0000","1569","1315","254","79","1648","2881","0","57.2","45.64"
"10","018","00","003","0307","0252","795","695","100","56","851","1473","0","57.77","47.18"
"10","018","00","003","0307","0253","774","620","154","23","797","1408","0","56.61","44.03"
"10","018","00","003","0308","0000","2262","1798","464","111","2373","4517","0","52.53","39.81"
"10","018","00","003","0308","0254","594","463","131","22","616","1318","0","46.74","35.13"
"10","018","00","003","0308","0255","754","604","150","50","804","1337","0","60.13","45.18"
"10","018","00","003","0308","0256","914","731","183","39","953","1862","0","51.18","39.26"
"10","018","00","003","0309","0000","2553","1991","562","145","2698","4959","0","54.41","40.15"
"10","018","00","003","0309","0245","724","561","163","54","778","1443","0","53.92","38.88"
"10","018","00","003","0309","0246","638","489","149","47","685","1241","0","55.2","39.4"
"10","018","00","003","0309","0247","611","481","130","29","640","1194","0","53.6","40.28"
"10","018","00","003","0309","0248","580","460","120","15","595","1081","0","55.04","42.55"
"10","018","00","003","0310","0000","2163","1703","460","127","2290","3917","0","58.46","43.48"
"10","018","00","003","0310","0273","592","475","117","25","617","976","0","63.22","48.67"
"10","018","00","003","0310","0274","422","330","92","22","444","834","0","53.24","39.57"
"10","018","00","003","0310","0275","485","388","97","44","529","919","0","57.56","42.22"
"10","018","00","003","0310","0276","664","510","154","36","700","1188","0","58.92","42.93"
"10","018","00","003","0311","0000","1856","1436","420","141","1997","3342","0","59.75","42.97"
"10","018","00","003","0311","0277","574","439","135","51","625","1086","0","57.55","40.42"
"10","018","00","003","0311","0278","667","501","166","49","716","1144","0","62.59","43.79"
"10","018","00","003","0311","0279","615","496","119","41","656","1112","0","58.99","44.6"
"10","018","00","003","0312","0000","2343","1921","422","129","2472","4231","0","58.43","45.4"
"10","018","00","003","0312","0280","807","636","171","44","851","1476","0","57.66","43.09"
"10","018","00","003","0312","0281","682","534","148","35","717","1291","0","55.54","41.36"
"10","018","00","003","0312","0282","854","751","103","50","904","1464","0","61.75","51.3"
"10","018","00","003","0313","0000","1472","1139","333","113","1585","2763","0","57.37","41.22"
"10","018","00","003","0313","0283","764","614","150","80","844","1427","0","59.15","43.03"
"10","018","00","003","0313","0284","708","525","183","33","741","1336","0","55.46","39.3"
"10","018","00","003","0314","0000","557","380","177","37","594","1131","0","52.52","33.6"
"10","018","00","003","0314","0285","557","380","177","37","594","1131","0","52.52","33.6"
"10","018","00","003","0315","0000","1135","874","261","129","1264","2076","0","60.89","42.1"
"10","018","00","003","0315","0286","580","448","132","69","649","1070","0","60.65","41.87"
"10","018","00","003","0315","0287","555","426","129","60","615","1006","0","61.13","42.35"
"10","018","00","003","0316","0000","1096","882","214","70","1166","2342","0","49.79","37.66"
"10","018","00","003","0316","0288","520","422","98","41","561","1223","0","45.87","34.51"
"10","018","00","003","0316","0289","576","460","116","29","605","1119","0","54.07","41.11"
"10","018","00","003","0317","0000","418","319","99","27","445","896","0","49.67","35.6"
"10","018","00","003","0317","0299","418","319","99","27","445","896","0","49.67","35.6"
"10","018","00","003","0318","0000","471","369","102","35","506","890","0","56.85","41.46"
"10","018","00","003","0318","0298","471","369","102","35","506","890","0","56.85","41.46"
"10","018","00","003","0319","0000","398","318","80","30","428","776","0","55.15","40.98"
"10","018","00","003","0319","0297","398","318","80","30","428","776","0","55.15","40.98"
"10","018","00","003","0320","0000","838","635","203","60","898","1784","0","50.34","35.59"
"10","018","00","003","0320","0295","362","279","83","36","398","719","0","55.35","38.8"
"10","018","00","003","0320","0296","476","356","120","24","500","1065","0","46.95","33.43"
"10","018","00","003","0321","0000","1975","1537","438","133","2108","4325","0","48.74","35.54"
"10","018","00","003","0321","0291","712","564","148","37","749","1627","0","46.04","34.67"
"10","018","00","003","0321","0292","602","457","145","42","644","1289","0","49.96","35.45"
"10","018","00","003","0321","0293","661","516","145","54","715","1409","0","50.75","36.62"
"10","018","00","003","0322","0000","649","491","158","34","683","1400","0","48.79","35.07"
"10","018","00","003","0322","0290","649","491","158","34","683","1400","0","48.79","35.07"
"10","018","00","003","0323","0000","396","278","118","19","415","814","0","50.98","34.15"
"10","018","00","003","0323","0294","396","278","118","19","415","814","0","50.98","34.15"
"10","018","00","003","0324","0000","2200","1734","466","122","2322","4202","0","55.26","41.27"
"10","018","00","003","0324","0249","427","333","94","27","454","807","0","56.26","41.26"
"10","018","00","003","0324","0250","898","701","197","55","953","1760","0","54.15","39.83"
"10","018","00","003","0324","0251","875","700","175","40","915","1635","0","55.96","42.81"
"10","020","00","000","0000","0000","109359","81506","27853","8800","118159","221553","268741","53.33","36.79"
"10","020","00","001","0000","0000","50037","37194","12843","3705","53742","100647","121279","53.4","36.95"
"10","020","00","001","0101","0000","2163","1674","489","159","2322","4386","0","52.94","38.17"
"10","020","00","001","0101","0079","577","417","160","65","642","1282","0","50.08","32.53"
"10","020","00","001","0101","0080","862","697","165","65","927","1571","0","59.01","44.37"
"10","020","00","001","0101","0081","724","560","164","29","753","1533","0","49.12","36.53"
"10","020","00","001","0102","0000","1434","1055","379","67","1501","3393","0","44.24","31.09"
"10","020","00","001","0102","0077","724","546","178","24","748","1823","0","41.03","29.95"
"10","020","00","001","0102","0078","710","509","201","43","753","1570","0","47.96","32.42"
"10","020","00","001","0103","0000","1310","1117","193","84","1394","2832","0","49.22","39.44"
"10","020","00","001","0103","0075","580","536","44","34","614","1404","0","43.73","38.18"
"10","020","00","001","0103","0076","730","581","149","50","780","1428","0","54.62","40.69"
"10","020","00","001","0104","0000","1582","1170","412","149","1731","3249","0","53.28","36.01"
"10","020","00","001","0104","0069","802","586","216","72","874","1682","0","51.96","34.84"
"10","020","00","001","0104","0070","780","584","196","77","857","1567","0","54.69","37.27"
"10","020","00","001","0105","0000","1140","899","241","54","1194","2188","0","54.57","41.09"
"10","020","00","001","0105","0071","610","484","126","28","638","1207","0","52.86","40.1"
"10","020","00","001","0105","0072","530","415","115","26","556","981","0","56.68","42.3"
"10","020","00","001","0134","0000","2162","1629","533","159","2321","4205","0","55.2","38.74"
"10","020","00","001","0134","0021","595","444","151","58","653","1199","0","54.46","37.03"
"10","020","00","001","0134","0022","638","497","141","31","669","1236","0","54.13","40.21"
"10","020","00","001","0134","0023","439","325","114","26","465","890","0","52.25","36.52"
"10","020","00","001","0134","0024","490","363","127","44","534","880","0","60.68","41.25"
"10","020","00","001","0135","0000","2247","1625","622","163","2410","4172","0","57.77","38.95"
"10","020","00","001","0135","0018","857","618","239","50","907","1552","0","58.44","39.82"
"10","020","00","001","0135","0019","818","595","223","69","887","1558","0","56.93","38.19"
"10","020","00","001","0135","0020","572","412","160","44","616","1062","0","58.0","38.79"
"10","020","00","001","0136","0000","1916","1460","456","119","2035","3967","0","51.3","36.8"
"10","020","00","001","0136","0015","645","477","168","54","699","1453","0","48.11","32.83"
"10","020","00","001","0136","0016","530","409","121","22","552","1094","0","50.46","37.39"
"10","020","00","001","0136","0017","741","574","167","43","784","1420","0","55.21","40.42"
"10","020","00","001","0137","0000","1222","929","293","65","1287","2334","0","55.14","39.8"
"10","020","00","001","0137","0011","657","499","158","33","690","1221","0","56.51","40.87"
"10","020","00","001","0137","0012","565","430","135","32","597","1113","0","53.64","38.63"
"10","020","00","001","0138","0000","951","744","207","56","1007","1794","0","56.13","41.47"
"10","020","00","001","0138","0005","396","307","89","35","431","702","0","61.4","43.73"
"10","020","00","001","0138","0006","555","437","118","21","576","1092","0","52.75","40.02"
"10","020","00","001","0139","0000","2227","1660","567","123","2350","4239","0","55.44","39.16"
"10","020","00","001","0139","0027","723","552","171","52","775","1435","0","54.01","38.47"
"10","020","00","001","0139","0028","774","579","195","42","816","1349","0","60.49","42.92"
"10","020","00","001","0139","0029","730","529","201","29","759","1455","0","52.16","36.36"
"10","020","00","001","0141","0000","857","662","195","75","932","1816","0","51.32","36.45"
"10","020","00","001","0141","0008","857","662","195","75","932","1816","0","51.32","36.45"
"10","020","00","001","0142","0000","436","316","120","16","452","1023","0","44.18","30.89"
"10","020","00","001","0142","0007","436","316","120","16","452","1023","0","44.18","30.89"
"10","020","00","001","0143","0000","1573","1142","431","97","1670","2847","0","58.66","40.11"
"10","020","00","001","0143","0013","775","561","214","44","819","1452","0","56.4","38.64"
"10","020","00","001","0143","0014","798","581","217","53","851","1395","0","61.0","41.65"
"10","020","00","001","0144","0000","1170","893","277","64","1234","2301","0","53.63","38.81"
"10","020","00","001","0144","0001","536","406","130","36","572","1025","0","55.8","39.61"
"10","020","00","001","0144","0002","634","487","147","28","662","1276","0","51.88","38.17"
"10","020","00","001","0145","0000","988","746","242","56","1044","1987","0","52.54","37.54"
"10","020","00","001","0145","0042","464","348","116","17","481","938","0","51.28","37.1"
"10","020","00","001","0145","0043","524","398","126","39","563","1049","0","53.67","37.94"
"10","020","00","001","0146","0000","625","463","162","78","703","1360","0","51.69","34.04"
"10","020","00","001","0146","0044","625","463","162","78","703","1360","0","51.69","34.04"
"10","020","00","001","0147","0000","670","461","209","111","781","1615","0","48.36","28.54"
"10","020","00","001","0147","0045","670","461","209","111","781","1615","0","48.36","28.54"
"10","020","00","001","0148","0000","617","432","185","55","672","1267","0","53.04","34.1"
"10","020","00","001","0148","0046","617","432","185","55","672","1267","0","53.04","34.1"
"10","020","00","001","0149","0000","1529","1165","364","166","1695","3410","0","49.71","34.16"
"10","020","00","001","0149","0047","677","519","158","77","754","1579","0","47.75","32.87"
"10","020","00","001","0149","0048","852","646","206","89","941","1831","0","51.39","35.28"
"10","020","00","001","0150","0000","1060","778","282","84","1144","2146","0","53.31","36.25"
"10","020","00","001","0150","0049","510","394","116","43","553","977","0","56.6","40.33"
"10","020","00","001","0150","0050","550","384","166","41","591","1169","0","50.56","32.85"
"10","020","00","001","0151","0000","1302","1071","231","113","1415","2504","0","56.51","42.77"
"10","020","00","001","0151","0051","646","465","181","91","737","1238","0","59.53","37.56"
"10","020","00","001","0151","0052","656","606","50","22","678","1266","0","53.55","47.87"
"10","020","00","001","0152","0000","1292","985","307","68","1360","2717","0","50.06","36.25"
"10","020","00","001","0152","0053","614","469","145","47","661","1429","0","46.26","32.82"
"10","020","00","001","0152","0054","678","516","162","21","699","1288","0","54.27","40.06"
"10","020","00","001","0153","0000","1211","911","300","133","1344","2347","0","57.26","38.82"
"10","020","00","001","0153","0060","547","412","135","58","605","1170","0","51.71","35.21"
"10","020","00","001","0153","0061","664","499","165","75","739","1177","0","62.79","42.4"
"10","020","00","001","0154","0000","2002","1543","459","130","2132","3893","0","54.76","39.64"
"10","020","00","001","0154","0057","607","457","150","55","662","1133","0","58.43","40.34"
"10","020","00","001","0154","0058","640","493","147","53","693","1235","0","56.11","39.92"
"10","020","00","001","0154","0059","755","593","162","22","777","1525","0","50.95","38.89"
"10","020","00","001","0155","0000","1852","1377","475","217","2069","3667","0","56.42","37.55"
"10","020","00","001","0155","0062","600","459","141","74","674","1207","0","55.84","38.03"
"10","020","00","001","0155","0063","665","500","165","56","721","1272","0","56.68","39.31"
"10","020","00","001","0155","0064","587","418","169","87","674","1188","0","56.73","35.19"
"10","020","00","001","0156","0000","1122","830","292","134","1256","2101","0","59.78","39.5"
"10","020","00","001","0156","0040","560","437","123","52","612","1023","0","59.82","42.72"
"10","020","00","001","0156","0041","562","393","169","82","644","1078","0","59.74","36.46"
"10","020","00","001","0157","0000","825","601","224","94","919","1824","0","50.38","32.95"
"10","020","00","001","0157","0038","502","369","133","63","565","961","0","58.79","38.4"
"10","020","00","001","0157","0039","323","232","91","31","354","863","0","41.02","26.88"
"10","020","00","001","0158","0000","942","680","262","56","998","2058","0","48.49","33.04"
"10","020","00","001","0158","0036","430","314","116","25","455","967","0","47.05","32.47"
"10","020","00","001","0158","0037","512","366","146","31","543","1091","0","49.77","33.55"
"10","020","00","001","0159","0000","996","707","289","78","1074","2021","0","53.14","34.98"
"10","020","00","001","0159","0032","477","346","131","49","526","941","0","55.9","36.77"
"10","020","00","001","0159","0033","519","361","158","29","548","1080","0","50.74","33.43"
"10","020","00","001","0160","0000","962","674","288","72","1034","1867","0","55.38","36.1"
"10","020","00","001","0160","0030","485","361","124","40","525","915","0","57.38","39.45"
"10","020","00","001","0160","0031","477","313","164","32","509","952","0","53.47","32.88"
"10","020","00","001","0161","0000","959","698","261","42","1001","1858","0","53.88","37.57"
"10","020","00","001","0161","0025","602","441","161","24","626","1189","0","52.65","37.09"
"10","020","00","001","0161","0026","357","257","100","18","375","669","0","56.05","38.42"
"10","020","00","001","0162","0000","1074","771","303","64","1138","2210","0","51.49","34.89"
"10","020","00","001","0162","0034","504","376","128","34","538","1157","0","46.5","32.5"
"10","020","00","001","0162","0035","570","395","175","30","600","1053","0","56.98","37.51"
"10","020","00","001","0163","0000","1277","945","332","104","1381","2343","0","58.94","40.33"
"10","020","00","001","0163","0067","702","531","171","59","761","1332","0","57.13","39.86"
"10","020","00","001","0163","0068","575","414","161","45","620","1011","0","61.33","40.95"
"10","020","00","001","0164","0000","1098","820","278","75","1173","2192","0","53.51","37.41"
"10","020","00","001","0164","0065","546","415","131","32","578","1172","0","49.32","35.41"
"10","020","00","001","0164","0066","552","405","147","43","595","1020","0","58.33","39.71"
"10","020","00","001","0165","0000","1115","853","262","95","1210","2149","0","56.31","39.69"
"10","020","00","001","0165","0003","446","336","110","46","492","974","0","50.51","34.5"
"10","020","00","001","0165","0004","669","517","152","49","718","1175","0","61.11","44.0"
"10","020","00","001","0166","0000","1885","1048","837","107","1992","3634","0","54.82","28.84"
"10","020","00","001","0166","0009","990","350","640","72","1062","1936","0","54.86","18.08"
"10","020","00","001","0166","0010","895","698","197","35","930","1698","0","54.77","41.11"
"10","020","00","001","0167","0000","947","686","261","59","1006","1902","0","52.89","36.07"
"10","020","00","001","0167","0055","501","360","141","37","538","980","0","54.9","36.73"
"10","020","00","001","0167","0056","446","326","120","22","468","922","0","50.76","35.36"
"10","020","00","001","0168","0000","1297","974","323","64","1361","2829","0","48.11","34.43"
"10","020","00","001","0168","0073","666","516","150","47","713","1395","0","51.11","36.99"
"10","020","00","001","0168","0074","631","458","173","17","648","1434","0","45.19","31.94"
"10","020","00","002","0000","0000","59322","44312","15010","5095","64417","120906","147462","53.28","36.65"
"10","020","00","002","0201","0000","388","272","116","59","447","770","0","58.05","35.32"
"10","020","00","002","0201","0152","388","272","116","59","447","770","0","58.05","35.32"
"10","020","00","002","0202","0000","974","706","268","79","1053","2071","0","50.85","34.09"
"10","020","00","002","0202","0157","456","334","122","41","497","997","0","49.85","33.5"
"10","020","00","002","0202","0158","518","372","146","38","556","1074","0","51.77","34.64"
"10","020","00","002","0203","0000","1173","870","303","116","1289","2257","0","57.11","38.55"
"10","020","00","002","0203","0148","592","450","142","81","673","1146","0","58.73","39.27"
"10","020","00","002","0203","0149","581","420","161","35","616","1111","0","55.45","37.8"
"10","020","00","002","0205","0000","820","590","230","111","931","1970","0","47.26","29.95"
"10","020","00","002","0205","0153","451","324","127","25","476","1135","0","41.94","28.55"
"10","020","00","002","0205","0154","369","266","103","86","455","835","0","54.49","31.86"
"10","020","00","002","0209","0000","1984","1450","534","107","2091","4311","0","48.5","33.63"
"10","020","00","002","0209","0159","596","418","178","24","620","1460","0","42.47","28.63"
"10","020","00","002","0209","0160","650","490","160","27","677","1352","0","50.07","36.24"
"10","020","00","002","0209","0161","738","542","196","56","794","1499","0","52.97","36.16"
"10","020","00","002","0210","0000","2100","1549","551","268","2368","4132","0","57.31","37.49"
"10","020","00","002","0210","0168","745","537","208","107","852","1467","0","58.08","36.61"
"10","020","00","002","0210","0169","670","495","175","74","744","1431","0","51.99","34.59"
"10","020","00","002","0210","0170","685","517","168","87","772","1234","0","62.56","41.9"
"10","020","00","002","0211","0000","1484","1199","285","66","1550","3214","0","48.23","37.31"
"10","020","00","002","0211","0165","753","627","126","32","785","1674","0","46.89","37.46"
"10","020","00","002","0211","0166","731","572","159","34","765","1540","0","49.68","37.14"
"10","020","00","002","0212","0000","1415","1060","355","140","1555","2868","0","54.22","36.96"
"10","020","00","002","0212","0175","800","585","215","105","905","1546","0","58.54","37.84"
"10","020","00","002","0212","0176","615","475","140","35","650","1322","0","49.17","35.93"
"10","020","00","002","0213","0000","790","583","207","88","878","1549","0","56.68","37.64"
"10","020","00","002","0213","0177","790","583","207","88","878","1549","0","56.68","37.64"
"10","020","00","002","0214","0000","495","368","127","30","525","1155","0","45.45","31.86"
"10","020","00","002","0214","0174","495","368","127","30","525","1155","0","45.45","31.86"
"10","020","00","002","0215","0000","1100","818","282","95","1195","2120","0","56.37","38.58"
"10","020","00","002","0215","0093","573","415","158","68","641","1053","0","60.87","39.41"
"10","020","00","002","0215","0094","527","403","124","27","554","1067","0","51.92","37.77"
"10","020","00","002","0216","0000","1889","1427","462","152","2041","4105","0","49.72","34.76"
"10","020","00","002","0216","0097","533","401","132","49","582","1196","0","48.66","33.53"
"10","020","00","002","0216","0098","554","407","147","34","588","1280","0","45.94","31.8"
"10","020","00","002","0216","0099","802","619","183","69","871","1629","0","53.47","38.0"
"10","020","00","002","0217","0000","1552","1167","385","140","1692","3195","0","52.96","36.53"
"10","020","00","002","0217","0110","651","479","172","67","718","1396","0","51.43","34.31"
"10","020","00","002","0217","0111","901","688","213","73","974","1799","0","54.14","38.24"
"10","020","00","002","0218","0000","1620","1172","448","91","1711","3440","0","49.74","34.07"
"10","020","00","002","0218","0095","717","510","207","34","751","1575","0","47.68","32.38"
"10","020","00","002","0218","0096","903","662","241","57","960","1865","0","51.47","35.5"
"10","020","00","002","0219","0000","1844","1373","471","99","1943","3351","0","57.98","40.97"
"10","020","00","002","0219","0105","563","432","131","34","597","1000","0","59.7","43.2"
"10","020","00","002","0219","0106","595","444","151","29","624","1095","0","56.99","40.55"
"10","020","00","002","0219","0107","686","497","189","36","722","1256","0","57.48","39.57"
"10","020","00","002","0220","0000","1019","772","247","77","1096","1827","0","59.99","42.26"
"10","020","00","002","0220","0108","503","396","107","57","560","962","0","58.21","41.16"
"10","020","00","002","0220","0109","516","376","140","20","536","865","0","61.97","43.47"
"10","020","00","002","0221","0000","3053","2357","696","160","3213","6594","0","48.73","35.74"
"10","020","00","002","0221","0112","693","546","147","34","727","1505","0","48.31","36.28"
"10","020","00","002","0221","0113","802","612","190","79","881","1698","0","51.88","36.04"
"10","020","00","002","0221","0114","914","697","217","30","944","1854","0","50.92","37.59"
"10","020","00","002","0221","0115","644","502","142","17","661","1537","0","43.01","32.66"
"10","020","00","002","0222","0000","989","730","259","89","1078","2024","0","53.26","36.07"
"10","020","00","002","0222","0103","442","325","117","83","525","841","0","62.43","38.64"
"10","020","00","002","0222","0104","547","405","142","6","553","1183","0","46.75","34.23"
"10","020","00","002","0231","0000","971","723","248","82","1053","1994","0","52.81","36.26"
"10","020","00","002","0231","0082","431","322","109","19","450","885","0","50.85","36.38"
"10","020","00","002","0231","0083","540","401","139","63","603","1109","0","54.37","36.16"
"10","020","00","002","0245","0000","896","705","191","50","946","1625","0","58.22","43.38"
"10","020","00","002","0245","0140","436","322","114","37","473","756","0","62.57","42.59"
"10","020","00","002","0245","0141","460","383","77","13","473","869","0","54.43","44.07"
"10","020","00","002","0246","0000","896","641","255","39","935","1904","0","49.11","33.67"
"10","020","00","002","0246","0138","336","233","103","17","353","736","0","47.96","31.66"
"10","020","00","002","0246","0139","560","408","152","22","582","1168","0","49.83","34.93"
"10","020","00","002","0247","0000","2954","2276","678","248","3202","5706","0","56.12","39.89"
"10","020","00","002","0247","0134","782","612","170","86","868","1548","0","56.07","39.53"
"10","020","00","002","0247","0135","640","491","149","43","683","1295","0","52.74","37.92"
"10","020","00","002","0247","0136","739","564","175","58","797","1318","0","60.47","42.79"
"10","020","00","002","0247","0137","793","609","184","61","854","1545","0","55.28","39.42"
"10","020","00","002","0248","0000","2794","2087","707","302","3096","5397","0","57.37","38.67"
"10","020","00","002","0248","0130","713","544","169","38","751","1185","0","63.38","45.91"
"10","020","00","002","0248","0131","701","499","202","64","765","1278","0","59.86","39.05"
"10","020","00","002","0248","0132","585","432","153","35","620","1394","0","44.48","30.99"
"10","020","00","002","0248","0133","795","612","183","165","960","1540","0","62.34","39.74"
"10","020","00","002","0249","0000","2050","1485","565","376","2426","4343","0","55.86","34.19"
"10","020","00","002","0249","0120","687","509","178","53","740","1362","0","54.33","37.37"
"10","020","00","002","0249","0121","677","504","173","43","720","1279","0","56.29","39.41"
"10","020","00","002","0249","0122","686","472","214","280","966","1702","0","56.76","27.73"
"10","020","00","002","0250","0000","1965","1460","505","222","2187","3715","0","58.87","39.3"
"10","020","00","002","0250","0117","515","379","136","77","592","944","0","62.71","40.15"
"10","020","00","002","0250","0118","836","632","204","87","923","1627","0","56.73","38.84"
"10","020","00","002","0250","0119","614","449","165","58","672","1144","0","58.74","39.25"
"10","020","00","002","0251","0000","944","713","231","102","1046","1811","0","57.76","39.37"
"10","020","00","002","0251","0142","527","393","134","52","579","983","0","58.9","39.98"
"10","020","00","002","0251","0143","417","320","97","50","467","828","0","56.4","38.65"
"10","020","00","002","0252","0000","935","775","160","43","978","1775","0","55.1","43.66"
"10","020","00","002","0252","0144","935","775","160","43","978","1775","0","55.1","43.66"
"10","020","00","002","0253","0000","2445","1846","599","201","2646","4992","0","53.0","36.98"
"10","020","00","002","0253","0126","707","535","172","52","759","1280","0","59.3","41.8"
"10","020","00","002","0253","0127","532","396","136","52","584","1220","0","47.87","32.46"
"10","020","00","002","0253","0128","529","387","142","43","572","1172","0","48.81","33.02"
"10","020","00","002","0253","0129","677","528","149","54","731","1320","0","55.38","40.0"
"10","020","00","002","0254","0000","715","602","113","53","768","1419","0","54.12","42.42"
"10","020","00","002","0254","0145","715","602","113","53","768","1419","0","54.12","42.42"
"10","020","00","002","0255","0000","722","507","215","94","816","1604","0","50.87","31.61"
"10","020","00","002","0255","0116","722","507","215","94","816","1604","0","50.87","31.61"
"10","020","00","002","0256","0000","967","703","264","106","1073","1945","0","55.17","36.14"
"10","020","00","002","0256","0084","447","308","139","49","496","1020","0","48.63","30.2"
"10","020","00","002","0256","0085","520","395","125","57","577","925","0","62.38","42.7"
"10","020","00","002","0257","0000","677","445","232","33","710","1671","0","42.49","26.63"
"10","020","00","002","0257","0086","677","445","232","33","710","1671","0","42.49","26.63"
"10","020","00","002","0258","0000","1088","798","290","73","1161","2251","0","51.58","35.45"
"10","020","00","002","0258","0087","603","443","160","40","643","1215","0","52.92","36.46"
"10","020","00","002","0258","0088","485","355","130","33","518","1036","0","50.0","34.27"
"10","020","00","002","0259","0000","1047","733","314","74","1121","2256","0","49.69","32.49"
"10","020","00","002","0259","0089","516","352","164","40","556","1129","0","49.25","31.18"
"10","020","00","002","0259","0090","531","381","150","34","565","1127","0","50.13","33.81"
"10","020","00","002","0260","0000","647","495","152","31","678","1366","0","49.63","36.24"
"10","020","00","002","0260","0092","647","495","152","31","678","1366","0","49.63","36.24"
"10","020","00","002","0261","0000","679","480","199","56","735","1415","0","51.94","33.92"
"10","020","00","002","0261","0091","679","480","199","56","735","1415","0","51.94","33.92"
"10","020","00","002","0262","0000","760","579","181","38","798","1634","0","48.84","35.43"
"10","020","00","002","0262","0146","372","269","103","18","390","779","0","50.06","34.53"
"10","020","00","002","0262","0147","388","310","78","20","408","855","0","47.72","36.26"
"10","020","00","002","0263","0000","791","583","208","84","875","1584","0","55.24","36.81"
"10","020","00","002","0263","0150","434","319","115","58","492","767","0","64.15","41.59"
"10","020","00","002","0263","0151","357","264","93","26","383","817","0","46.88","32.31"
"10","020","00","002","0264","0000","913","669","244","82","995","2126","0","46.8","31.47"
"10","020","00","002","0264","0155","516","397","119","40","556","1182","0","47.04","33.59"
"10","020","00","002","0264","0156","397","272","125","42","439","944","0","46.5","28.81"
"10","020","00","002","0265","0000","2046","1526","520","173","2219","4164","0","53.29","36.65"
"10","020","00","002","0265","0100","710","519","191","88","798","1393","0","57.29","37.26"
"10","020","00","002","0265","0101","583","435","148","41","624","1077","0","57.94","40.39"
"10","020","00","002","0265","0102","753","572","181","44","797","1694","0","47.05","33.77"
"10","020","00","002","0266","0000","1490","1137","353","139","1629","2718","0","59.93","41.83"
"10","020","00","002","0266","0123","736","564","172","60","796","1358","0","58.62","41.53"
"10","020","00","002","0266","0124","754","573","181","79","833","1360","0","61.25","42.13"
"10","020","00","002","0267","0000","817","607","210","76","893","1589","0","56.2","38.2"
"10","020","00","002","0267","0125","817","607","210","76","893","1589","0","56.2","38.2"
"10","020","00","002","0268","0000","1854","1400","454","82","1936","3598","0","53.81","38.91"
"10","020","00","002","0268","0171","619","472","147","23","642","1266","0","50.71","37.28"
"10","020","00","002","0268","0172","624","464","160","34","658","1211","0","54.34","38.32"
"10","020","00","002","0268","0173","611","464","147","25","636","1121","0","56.74","41.39"
"10","020","00","002","0269","0000","2002","1457","545","241","2243","4295","0","52.22","33.92"
"10","020","00","002","0269","0162","591","428","163","108","699","1262","0","55.39","33.91"
"10","020","00","002","0269","0163","623","450","173","38","661","1299","0","50.89","34.64"
"10","020","00","002","0269","0164","788","579","209","95","883","1734","0","50.92","33.39"
"10","020","00","002","0270","0000","568","417","151","28","596","1056","0","56.44","39.49"
"10","020","00","002","0270","0167","568","417","151","28","596","1056","0","56.44","39.49"
"09","020","00","000","0000","0000","40955","34139","6816","2945","43900","122695","138845","35.78","27.82"
"09","020","00","001","0000","0000","12380","10346","2034","812","13192","37815","43315","34.89","27.36"
"09","020","00","001","0101","0000","1712","1418","294","116","1828","4977","0","36.73","28.49"
"09","020","00","001","0101","0001","462","400","62","30","492","1396","0","35.24","28.65"
"09","020","00","001","0101","0002","651","525","126","42","693","1831","0","37.85","28.67"
"09","020","00","001","0101","0003","599","493","106","44","643","1750","0","36.74","28.17"
"09","020","00","001","0102","0000","3405","2852","553","187","3592","9882","0","36.35","28.86"
"09","020","00","001","0102","0007","501","405","96","55","556","1610","0","34.53","25.16"
"09","020","00","001","0102","0008","570","484","86","32","602","1687","0","35.68","28.69"
"09","020","00","001","0102","0009","558","481","77","22","580","1594","0","36.39","30.18"
"09","020","00","001","0102","0010","577","482","95","22","599","1726","0","34.7","27.93"
"09","020","00","001","0102","0011","604","512","92","25","629","1733","0","36.3","29.54"
"09","020","00","001","0102","0012","595","488","107","31","626","1532","0","40.86","31.85"
"09","020","00","001","0103","0000","1904","1592","312","129","2033","5465","0","37.2","29.13"
"09","020","00","001","0103","0004","664","564","100","53","717","1889","0","37.96","29.86"
"09","020","00","001","0103","0005","506","403","103","30","536","1675","0","32.0","24.06"
"09","020","00","001","0103","0006","734","625","109","46","780","1901","0","41.03","32.88"
"09","020","00","001","0104","0000","1275","1053","222","93","1368","4112","0","33.27","25.61"
"09","020","00","001","0104","0013","662","547","115","55","717","2079","0","34.49","26.31"
"09","020","00","001","0104","0014","613","506","107","38","651","2033","0","32.02","24.89"
"09","020","00","001","0105","0000","977","813","164","77","1054","3788","0","27.82","21.46"
"09","020","00","001","0105","0018","672","570","102","37","709","2435","0","29.12","23.41"
"09","020","00","001","0105","0019","305","243","62","40","345","1353","0","25.5","17.96"
"09","020","00","001","0106","0000","680","557","123","55","735","2140","0","34.35","26.03"
"09","020","00","001","0106","0017","680","557","123","55","735","2140","0","34.35","26.03"
"09","020","00","001","0107","0000","903","776","127","71","974","2851","0","34.16","27.22"
"09","020","00","001","0107","0020","467","399","68","29","496","1574","0","31.51","25.35"
"09","020","00","001","0107","0021","436","377","59","42","478","1277","0","37.43","29.52"
"09","020","00","001","0108","0000","1524","1285","239","84","1608","4600","0","34.96","27.93"
"09","020","00","001","0108","0015","834","705","129","48","882","2517","0","35.04","28.01"
"09","020","00","001","0108","0016","690","580","110","36","726","2083","0","34.85","27.84"
"09","020","00","002","0000","0000","6055","5095","960","505","6560","18560","20751","35.34","27.45"
"09","020","00","002","0201","0000","1673","1392","281","150","1823","5106","0","35.7","27.26"
"09","020","00","002","0201","0066","602","493","109","52","654","1909","0","34.26","25.83"
"09","020","00","002","0201","0067","574","483","91","51","625","1524","0","41.01","31.69"
"09","020","00","002","0201","0068","497","416","81","47","544","1673","0","32.52","24.87"
"09","020","00","002","0202","0000","658","586","72","43","701","1895","0","36.99","30.92"
"09","020","00","002","0202","0075","658","586","72","43","701","1895","0","36.99","30.92"
"09","020","00","002","0203","0000","426","356","70","37","463","1135","0","40.79","31.37"
"09","020","00","002","0203","0076","426","356","70","37","463","1135","0","40.79","31.37"
"09","020","00","002","0204","0000","835","711","124","62","897","2377","0","37.74","29.91"
"09","020","00","002","0204","0077","392","330","62","43","435","1252","0","34.74","26.36"
"09","020","00","002","0204","0078","443","381","62","19","462","1125","0","41.07","33.87"
"09","020","00","002","0205","0000","606","519","87","54","660","2003","0","32.95","25.91"
"09","020","00","002","0205","0069","606","519","87","54","660","2003","0","32.95","25.91"
"09","020","00","002","0206","0000","444","375","69","35","479","1540","0","31.1","24.35"
"09","020","00","002","0206","0072","444","375","69","35","479","1540","0","31.1","24.35"
"09","020","00","002","0207","0000","581","477","104","53","634","2166","0","29.27","22.02"
"09","020","00","002","0207","0073","341","281","60","35","376","1216","0","30.92","23.11"
"09","020","00","002","0207","0074","240","196","44","18","258","950","0","27.16","20.63"
"09","020","00","002","0208","0000","832","679","153","71","903","2338","0","38.62","29.04"
"09","020","00","002","0208","0070","462","376","86","31","493","1212","0","40.68","31.02"
"09","020","00","002","0208","0071","370","303","67","40","410","1126","0","36.41","26.91"
"09","020","00","003","0000","0000","8891","7443","1448","688","9579","25915","29658","36.96","28.72"
"09","020","00","003","0301","0000","1488","1219","269","143","1631","4137","0","39.42","29.47"
"09","020","00","003","0301","0049","493","392","101","47","540","1348","0","40.06","29.08"
"09","020","00","003","0301","0050","445","360","85","42","487","1386","0","35.14","25.97"
"09","020","00","003","0301","0051","550","467","83","54","604","1403","0","43.05","33.29"
"09","020","00","003","0302","0000","1132","928","204","96","1228","3264","0","37.62","28.43"
"09","020","00","003","0302","0052","629","534","95","44","673","1771","0","38.0","30.15"
"09","020","00","003","0302","0053","503","394","109","52","555","1493","0","37.17","26.39"
"09","020","00","003","0303","0000","809","670","139","73","882","2618","0","33.69","25.59"
"09","020","00","003","0303","0062","377","312","65","35","412","1236","0","33.33","25.24"
"09","020","00","003","0303","0063","432","358","74","38","470","1382","0","34.01","25.9"
"09","020","00","003","0304","0000","622","534","88","52","674","2006","0","33.6","26.62"
"09","020","00","003","0304","0056","622","534","88","52","674","2006","0","33.6","26.62"
"09","020","00","003","0305","0000","988","830","158","67","1055","3145","0","33.55","26.39"
"09","020","00","003","0305","0064","531","446","85","29","560","1631","0","34.33","27.35"
"09","020","00","003","0305","0065","457","384","73","38","495","1514","0","32.69","25.36"
"09","020","00","003","0306","0000","2707","2240","467","160","2867","7628","0","37.59","29.37"
"09","020","00","003","0306","0057","607","500","107","34","641","1780","0","36.01","28.09"
"09","020","00","003","0306","0058","613","521","92","22","635","1739","0","36.52","29.96"
"09","020","00","003","0306","0059","444","372","72","34","478","1384","0","34.54","26.88"
"09","020","00","003","0306","0060","490","398","92","38","528","1400","0","37.71","28.43"
"09","020","00","003","0306","0061","553","449","104","32","585","1325","0","44.15","33.89"
"09","020","00","003","0307","0000","483","421","62","55","538","1510","0","35.63","27.88"
"09","020","00","003","0307","0054","483","421","62","55","538","1510","0","35.63","27.88"
"09","020","00","003","0308","0000","662","601","61","42","704","1607","0","43.81","37.4"
"09","020","00","003","0308","0055","662","601","61","42","704","1607","0","43.81","37.4"
"09","020","00","004","0000","0000","9506","7708","1798","651","10157","28162","31588","36.07","27.37"
"09","020","00","004","0401","0000","928","766","162","97","1025","3272","0","31.33","23.41"
"09","020","00","004","0401","0022","482","400","82","59","541","1735","0","31.18","23.05"
"09","020","00","004","0401","0023","446","366","80","38","484","1537","0","31.49","23.81"
"09","020","00","004","0402","0000","1468","1196","272","110","1578","4507","0","35.01","26.54"
"09","020","00","004","0402","0024","550","436","114","41","591","1766","0","33.47","24.69"
"09","020","00","004","0402","0025","358","294","64","17","375","1015","0","36.95","28.97"
"09","020","00","004","0402","0026","560","466","94","52","612","1726","0","35.46","27.0"
"09","020","00","004","0403","0000","472","399","73","33","505","1537","0","32.86","25.96"
"09","020","00","004","0403","0038","472","399","73","33","505","1537","0","32.86","25.96"
"09","020","00","004","0404","0000","2626","2098","528","140","2766","7318","0","37.8","28.67"
"09","020","00","004","0404","0027","501","408","93","33","534","1691","0","31.58","24.13"
"09","020","00","004","0404","0028","827","582","245","38","865","2044","0","42.32","28.47"
"09","020","00","004","0404","0029","728","624","104","36","764","1848","0","41.34","33.77"
"09","020","00","004","0404","0030","570","484","86","33","603","1735","0","34.76","27.9"
"09","020","00","004","0405","0000","1577","1340","237","137","1714","5157","0","33.24","25.98"
"09","020","00","004","0405","0031","580","490","90","47","627","1795","0","34.93","27.3"
"09","020","00","004","0405","0032","533","457","76","47","580","1834","0","31.62","24.92"
"09","020","00","004","0405","0033","464","393","71","43","507","1528","0","33.18","25.72"
"09","020","00","004","0406","0000","2435","1909","526","134","2569","6371","0","40.32","29.96"
"09","020","00","004","0406","0034","539","460","79","29","568","1473","0","38.56","31.23"
"09","020","00","004","0406","0035","560","476","84","43","603","1679","0","35.91","28.35"
"09","020","00","004","0406","0036","888","600","288","43","931","1921","0","48.46","31.23"
"09","020","00","004","0406","0037","448","373","75","19","467","1298","0","35.98","28.74"
"09","020","00","005","0000","0000","3968","3412","556","279","4247","11676","12847","36.37","29.22"
"09","020","00","005","0501","0000","958","810","148","72","1030","2841","0","36.25","28.51"
"09","020","00","005","0501","0045","496","412","84","29","525","1412","0","37.18","29.18"
"09","020","00","005","0501","0046","462","398","64","43","505","1429","0","35.34","27.85"
"09","020","00","005","0502","0000","449","370","79","30","479","1425","0","33.61","25.96"
"09","020","00","005","0502","0044","449","370","79","30","479","1425","0","33.61","25.96"
"09","020","00","005","0503","0000","735","629","106","60","795","2395","0","33.19","26.26"
"09","020","00","005","0503","0042","413","348","65","27","440","1296","0","33.95","26.85"
"09","020","00","005","0503","0043","322","281","41","33","355","1099","0","32.3","25.57"
"09","020","00","005","0504","0000","1261","1123","138","78","1339","3380","0","39.62","33.22"
"09","020","00","005","0504","0039","685","618","67","37","722","1647","0","43.84","37.52"
"09","020","00","005","0504","0040","576","505","71","41","617","1733","0","35.6","29.14"
"09","020","00","005","0505","0000","565","480","85","39","604","1635","0","36.94","29.36"
"09","020","00","005","0505","0041","565","480","85","39","604","1635","0","36.94","29.36"
"09","020","00","006","0000","0000","155","135","20","10","165","567","686","29.1","23.81"
"09","020","00","006","0601","0000","74","63","11","4","78","275","0","28.36","22.91"
"09","020","00","006","0601","0047","74","63","11","4","78","275","0","28.36","22.91"
"09","020","00","006","0602","0000","81","72","9","6","87","292","0","29.79","24.66"
"09","020","00","006","0602","0048","81","72","9","6","87","292","0","29.79","24.66"
"09","007","00","000","0000","0000","5474","4705","769","257","5731","11205","13062","51.15","41.99"
"09","007","00","001","0000","0000","3133","2708","425","139","3272","6461","7657","50.64","41.91"
"09","007","00","001","0101","0000","969","830","139","44","1013","1967","0","51.5","42.2"
"09","007","00","001","0101","0001","969","830","139","44","1013","1967","0","51.5","42.2"
"09","007","00","001","01x2","0000","832","717","115","46","878","1837","0","47.8","39.03"
"09","007","00","001","01x2","0002","832","717","115","46","878","1837","0","47.8","39.03"
"09","007","00","001","01x4","0000","564","471","93","23","587","1114","0","52.69","42.28"
"09","007","00","001","01x4","0003","564","471","93","23","587","1114","0","52.69","42.28"
"09","007","00","001","01x5","0000","768","690","78","26","794","1543","0","51.46","44.72"
"09","007","00","001","01x5","0004","768","690","78","26","794","1543","0","51.46","44.72"
"09","007","00","002","0000","0000","1045","903","142","59","1104","2125","2430","51.95","42.49"
"09","007","00","002","02x1","0000","765","657","108","49","814","1515","0","53.73","43.37"
"09","007","00","002","02x1","0005","765","657","108","49","814","1515","0","53.73","43.37"
"09","007","00","002","02x4","0000","280","246","34","10","290","610","0","47.54","40.33"
"09","007","00","002","02x4","0006","280","246","34","10","290","610","0","47.54","40.33"
"09","007","00","003","0000","0000","734","610","124","43","777","1481","1627","52.46","41.19"
"09","007","00","003","03x1","0000","321","264","57","14","335","698","0","47.99","37.82"
"09","007","00","003","03x1","0007","321","264","57","14","335","698","0","47.99","37.82"
"09","007","00","003","03x4","0000","413","346","67","29","442","783","0","56.45","44.19"
"09","007","00","003","03x4","0008","413","346","67","29","442","783","0","56.45","44.19"
"09","007","00","004","0000","0000","562","484","78","16","578","1138","1348","50.79","42.53"
"09","007","00","004","04x1","0000","562","484","78","16","578","1138","0","50.79","42.53"
"09","007","00","004","04x1","0009","562","484","78","16","578","1138","0","50.79","42.53"
