"prv_code","city_code","area_code","dept_code","li_code","tbox_no","valid_ticket","agree_ticket","disagree_ticket","invalid_ticket","vote_ticket","votable_population","population","vote_to_votable","agree_to_votable"
"00","000","00","000","0000","0000","10331983","3382286","6949697","608484","10940467","19757067","23580833","55.37","17.12"
"63","000","00","000","0000","0000","1232070","469793","762277","59045","1291115","2228430","2669874","57.94","21.08"
"63","000","00","001","0000","0000","96056","36698","59358","4370","100426","169278","205826","59.33","21.68"
"63","000","00","001","0102","0000","2601","990","1611","128","2729","4660","0","58.56","21.24"
"63","000","00","001","0102","0527","920","359","561","33","953","1583","0","60.2","22.68"
"63","000","00","001","0102","0528","931","352","579","51","982","1691","0","58.07","20.82"
"63","000","00","001","0102","0529","750","279","471","44","794","1386","0","57.29","20.13"
"63","000","00","001","0103","0000","3956","1525","2431","216","4172","6767","0","61.65","22.54"
"63","000","00","001","0103","0530","774","292","482","53","827","1362","0","60.72","21.44"
"63","000","00","001","0103","0531","798","299","499","47","845","1399","0","60.4","21.37"
"63","000","00","001","0103","0532","766","320","446","48","814","1324","0","61.48","24.17"
"63","000","00","001","0103","0533","799","318","481","32","831","1296","0","64.12","24.54"
"63","000","00","001","0103","0534","819","296","523","36","855","1386","0","61.69","21.36"
"63","000","00","001","0104","0000","3379","1332","2047","159","3538","5950","0","59.46","22.39"
"63","000","00","001","0104","0535","925","383","542","55","980","1529","0","64.09","25.05"
"63","000","00","001","0104","0536","789","282","507","34","823","1416","0","58.12","19.92"
"63","000","00","001","0104","0537","865","352","513","37","902","1619","0","55.71","21.74"
"63","000","00","001","0104","0538","800","315","485","33","833","1386","0","60.1","22.73"
"63","000","00","001","0105","0000","2437","975","1462","98","2535","4033","0","62.86","24.18"
"63","000","00","001","0105","0539","861","354","507","29","890","1380","0","64.49","25.65"
"63","000","00","001","0105","0540","791","331","460","37","828","1357","0","61.02","24.39"
"63","000","00","001","0105","0541","785","290","495","32","817","1296","0","63.04","22.38"
"63","000","00","001","0106","0000","2538","973","1565","131","2669","4450","0","59.98","21.87"
"63","000","00","001","0106","0542","916","349","567","63","979","1632","0","59.99","21.38"
"63","000","00","001","0106","0543","797","309","488","34","831","1414","0","58.77","21.85"
"63","000","00","001","0106","0544","825","315","510","34","859","1404","0","61.18","22.44"
"63","000","00","001","0107","0000","2490","932","1558","131","2621","4279","0","61.25","21.78"
"63","000","00","001","0107","0545","803","266","537","51","854","1365","0","62.56","19.49"
"63","000","00","001","0107","0546","819","327","492","41","860","1431","0","60.1","22.85"
"63","000","00","001","0107","0547","868","339","529","39","907","1483","0","61.16","22.86"
"63","000","00","001","0108","0000","2309","878","1431","109","2418","4010","0","60.3","21.9"
"63","000","00","001","0108","0548","785","308","477","33","818","1293","0","63.26","23.82"
"63","000","00","001","0108","0549","774","306","468","33","807","1410","0","57.23","21.7"
"63","000","00","001","0108","0550","750","264","486","43","793","1307","0","60.67","20.2"
"63","000","00","001","0109","0000","2233","853","1380","98","2331","3710","0","62.83","22.99"
"63","000","00","001","0109","0551","763","322","441","31","794","1242","0","63.93","25.93"
"63","000","00","001","0109","0552","714","266","448","25","739","1192","0","62.0","22.32"
"63","000","00","001","0109","0553","756","265","491","42","798","1276","0","62.54","20.77"
"63","000","00","001","0110","0000","2162","757","1405","72","2234","3676","0","60.77","20.59"
"63","000","00","001","0110","0554","692","251","441","20","712","1201","0","59.28","20.9"
"63","000","00","001","0110","0555","775","250","525","24","799","1318","0","60.62","18.97"
"63","000","00","001","0110","0556","695","256","439","28","723","1157","0","62.49","22.13"
"63","000","00","001","0111","0000","3554","1341","2213","144","3698","6311","0","58.6","21.25"
"63","000","00","001","0111","0557","656","245","411","18","674","1157","0","58.25","21.18"
"63","000","00","001","0111","0558","810","275","535","30","840","1357","0","61.9","20.27"
"63","000","00","001","0111","0559","629","251","378","31","660","1215","0","54.32","20.66"
"63","000","00","001","0111","0560","744","294","450","34","778","1345","0","57.84","21.86"
"63","000","00","001","0111","0561","715","276","439","31","746","1237","0","60.31","22.31"
"63","000","00","001","0112","0000","5023","1729","3294","203","5226","8478","0","61.64","20.39"
"63","000","00","001","0112","0562","838","243","595","37","875","1393","0","62.81","17.44"
"63","000","00","001","0112","0563","827","332","495","38","865","1331","0","64.99","24.94"
"63","000","00","001","0112","0564","925","369","556","46","971","1550","0","62.65","23.81"
"63","000","00","001","0112","0565","731","201","530","13","744","1308","0","56.88","15.37"
"63","000","00","001","0112","0566","841","274","567","37","878","1490","0","58.93","18.39"
"63","000","00","001","0112","0567","861","310","551","32","893","1406","0","63.51","22.05"
"63","000","00","001","0113","0000","1397","553","844","55","1452","2286","0","63.52","24.19"
"63","000","00","001","0113","0568","751","293","458","23","774","1191","0","64.99","24.6"
"63","000","00","001","0113","0569","646","260","386","32","678","1095","0","61.92","23.74"
"63","000","00","001","0114","0000","2079","746","1333","107","2186","3688","0","59.27","20.23"
"63","000","00","001","0114","0570","677","236","441","42","719","1198","0","60.02","19.7"
"63","000","00","001","0114","0571","709","259","450","41","750","1265","0","59.29","20.47"
"63","000","00","001","0114","0572","693","251","442","24","717","1225","0","58.53","20.49"
"63","000","00","001","0115","0000","3015","1442","1573","147","3162","5271","0","59.99","27.36"
"63","000","00","001","0115","0573","1002","387","615","53","1055","1698","0","62.13","22.79"
"63","000","00","001","0115","0574","1002","668","334","44","1046","1819","0","57.5","36.72"
"63","000","00","001","0115","0575","1011","387","624","50","1061","1754","0","60.49","22.06"
"63","000","00","001","0116","0000","4494","1777","2717","206","4700","7675","0","61.24","23.15"
"63","000","00","001","0116","0576","814","337","477","34","848","1361","0","62.31","24.76"
"63","000","00","001","0116","0577","717","258","459","25","742","1189","0","62.41","21.7"
"63","000","00","001","0116","0578","709","282","427","39","748","1214","0","61.61","23.23"
"63","000","00","001","0116","0579","740","299","441","33","773","1284","0","60.2","23.29"
"63","000","00","001","0116","0580","766","303","463","41","807","1297","0","62.22","23.36"
"63","000","00","001","0116","0581","748","298","450","34","782","1330","0","58.8","22.41"
"63","000","00","001","0117","0000","3285","1206","2079","142","3427","5685","0","60.28","21.21"
"63","000","00","001","0117","0582","828","305","523","41","869","1396","0","62.25","21.85"
"63","000","00","001","0117","0583","820","277","543","26","846","1480","0","57.16","18.72"
"63","000","00","001","0117","0584","829","319","510","34","863","1419","0","60.82","22.48"
"63","000","00","001","0117","0585","808","305","503","41","849","1390","0","61.08","21.94"
"63","000","00","001","0118","0000","3178","1322","1856","179","3357","7127","0","47.1","18.55"
"63","000","00","001","0118","0588","874","369","505","24","898","2677","0","33.55","13.78"
"63","000","00","001","0118","0589","720","302","418","47","767","1281","0","59.88","23.58"
"63","000","00","001","0118","0590","672","270","402","49","721","1469","0","49.08","18.38"
"63","000","00","001","0118","0591","912","381","531","59","971","1700","0","57.12","22.41"
"63","000","00","001","0119","0000","4092","1582","2510","217","4309","7443","0","57.89","21.25"
"63","000","00","001","0119","0592","790","330","460","40","830","1503","0","55.22","21.96"
"63","000","00","001","0119","0593","726","295","431","39","765","1309","0","58.44","22.54"
"63","000","00","001","0119","0594","780","280","500","55","835","1376","0","60.68","20.35"
"63","000","00","001","0119","0595","937","355","582","27","964","1654","0","58.28","21.46"
"63","000","00","001","0119","0596","859","322","537","56","915","1601","0","57.15","20.11"
"63","000","00","001","0120","0000","2836","1072","1764","129","2965","4845","0","61.2","22.13"
"63","000","00","001","0120","0597","856","299","557","31","887","1496","0","59.29","19.99"
"63","000","00","001","0120","0598","959","372","587","55","1014","1598","0","63.45","23.28"
"63","000","00","001","0120","0599","1021","401","620","43","1064","1751","0","60.77","22.9"
"63","000","00","001","0121","0000","5101","1699","3402","208","5309","8544","0","62.14","19.89"
"63","000","00","001","0121","0600","938","329","609","34","972","1557","0","62.43","21.13"
"63","000","00","001","0121","0601","1080","360","720","35","1115","1686","0","66.13","21.35"
"63","000","00","001","0121","0602","995","263","732","54","1049","1707","0","61.45","15.41"
"63","000","00","001","0121","0603","1147","392","755","49","1196","1854","0","64.51","21.14"
"63","000","00","001","0121","0604","941","355","586","36","977","1740","0","56.15","20.4"
"63","000","00","001","0122","0000","4252","1595","2657","175","4427","7404","0","59.79","21.54"
"63","000","00","001","0122","0605","836","321","515","51","887","1494","0","59.37","21.49"
"63","000","00","001","0122","0606","829","296","533","45","874","1453","0","60.15","20.37"
"63","000","00","001","0122","0607","852","328","524","26","878","1458","0","60.22","22.5"
"63","000","00","001","0122","0608","875","338","537","27","902","1536","0","58.72","22.01"
"63","000","00","001","0122","0609","860","312","548","26","886","1463","0","60.56","21.33"
"63","000","00","001","0124","0000","3749","1462","2287","169","3918","7047","0","55.6","20.75"
"63","000","00","001","0124","0610","936","389","547","23","959","1790","0","53.58","21.73"
"63","000","00","001","0124","0611","969","359","610","42","1011","1679","0","60.21","21.38"
"63","000","00","001","0124","0612","875","324","551","55","930","1785","0","52.1","18.15"
"63","000","00","001","0124","0613","969","390","579","49","1018","1793","0","56.78","21.75"
"63","000","00","001","0125","0000","3215","1202","2013","175","3390","5573","0","60.83","21.57"
"63","000","00","001","0125","0614","770","274","496","51","821","1381","0","59.45","19.84"
"63","000","00","001","0125","0615","750","283","467","26","776","1279","0","60.67","22.13"
"63","000","00","001","0125","0616","956","354","602","58","1014","1681","0","60.32","21.06"
"63","000","00","001","0125","0617","739","291","448","40","779","1232","0","63.23","23.62"
"63","000","00","001","0126","0000","4342","1683","2659","152","4494","7803","0","57.59","21.57"
"63","000","00","001","0126","0618","852","321","531","35","887","1533","0","57.86","20.94"
"63","000","00","001","0126","0619","922","370","552","32","954","1540","0","61.95","24.03"
"63","000","00","001","0126","0620","935","359","576","28","963","1716","0","56.12","20.92"
"63","000","00","001","0126","0621","879","366","513","35","914","1664","0","54.93","22.0"
"63","000","00","001","0126","0622","754","267","487","22","776","1350","0","57.48","19.78"
"63","000","00","001","0127","0000","1802","694","1108","97","1899","3395","0","55.94","20.44"
"63","000","00","001","0127","0623","1011","377","634","34","1045","1837","0","56.89","20.52"
"63","000","00","001","0127","0624","791","317","474","63","854","1558","0","54.81","20.35"
"63","000","00","001","0128","0000","1641","616","1025","87","1728","2894","0","59.71","21.29"
"63","000","00","001","0128","0625","827","324","503","49","876","1420","0","61.69","22.82"
"63","000","00","001","0128","0626","814","292","522","38","852","1474","0","57.8","19.81"
"63","000","00","001","0129","0000","1842","688","1154","78","1920","3317","0","57.88","20.74"
"63","000","00","001","0129","0627","872","346","526","40","912","1591","0","57.32","21.75"
"63","000","00","001","0129","0628","970","342","628","38","1008","1726","0","58.4","19.81"
"63","000","00","001","0130","0000","3238","1294","1944","144","3382","5792","0","58.39","22.34"
"63","000","00","001","0130","0629","821","345","476","30","851","1452","0","58.61","23.76"
"63","000","00","001","0130","0630","805","319","486","38","843","1482","0","56.88","21.52"
"63","000","00","001","0130","0631","844","321","523","35","879","1460","0","60.21","21.99"
"63","000","00","001","0130","0632","768","309","459","41","809","1398","0","57.87","22.1"
"63","000","00","001","0131","0000","1539","585","954","65","1604","2649","0","60.55","22.08"
"63","000","00","001","0131","0633","826","331","495","41","867","1423","0","60.93","23.26"
"63","000","00","001","0131","0634","713","254","459","24","737","1226","0","60.11","20.72"
"63","000","00","001","0132","0000","2140","903","1237","85","2225","3761","0","59.16","24.01"
"63","000","00","001","0132","0635","661","248","413","37","698","1158","0","60.28","21.42"
"63","000","00","001","0132","0636","795","407","388","28","823","1426","0","57.71","28.54"
"63","000","00","001","0132","0637","684","248","436","20","704","1177","0","59.81","21.07"
"63","000","00","001","0133","0000","3091","1079","2012","148","3239","5355","0","60.49","20.15"
"63","000","00","001","0133","0638","751","322","429","44","795","1363","0","58.33","23.62"
"63","000","00","001","0133","0639","726","249","477","42","768","1240","0","61.94","20.08"
"63","000","00","001","0133","0640","821","297","524","34","855","1375","0","62.18","21.6"
"63","000","00","001","0133","0641","793","211","582","28","821","1377","0","59.62","15.32"
"63","000","00","001","0134","0000","1287","524","763","49","1336","2242","0","59.59","23.37"
"63","000","00","001","0134","0642","664","257","407","20","684","1225","0","55.84","20.98"
"63","000","00","001","0134","0643","623","267","356","29","652","1017","0","64.11","26.25"
"63","000","00","001","0135","0000","1759","689","1070","67","1826","3158","0","57.82","21.82"
"63","000","00","001","0135","0586","886","362","524","34","920","1525","0","60.33","23.74"
"63","000","00","001","0135","0587","873","327","546","33","906","1633","0","55.48","20.02"
"63","000","00","002","0000","0000","106054","39545","66509","4758","110812","190444","223594","58.19","20.76"
"63","000","00","002","0201","0000","2422","802","1620","86","2508","5151","0","48.69","15.57"
"63","000","00","002","0201","0644","785","279","506","23","808","2476","0","32.63","11.27"
"63","000","00","002","0201","0645","863","276","587","21","884","1381","0","64.01","19.99"
"63","000","00","002","0201","0646","774","247","527","42","816","1294","0","63.06","19.09"
"63","000","00","002","0202","0000","2299","845","1454","87","2386","3949","0","60.42","21.4"
"63","000","00","002","0202","0647","771","287","484","34","805","1351","0","59.59","21.24"
"63","000","00","002","0202","0648","750","277","473","23","773","1296","0","59.65","21.37"
"63","000","00","002","0202","0649","778","281","497","30","808","1302","0","62.06","21.58"
"63","000","00","002","0203","0000","1289","493","796","81","1370","2446","0","56.01","20.16"
"63","000","00","002","0203","0650","531","194","337","54","585","1025","0","57.07","18.93"
"63","000","00","002","0203","0651","758","299","459","27","785","1421","0","55.24","21.04"
"63","000","00","002","0204","0000","1626","656","970","56","1682","3076","0","54.68","21.33"
"63","000","00","002","0204","0652","823","332","491","32","855","1501","0","56.96","22.12"
"63","000","00","002","0204","0653","803","324","479","24","827","1575","0","52.51","20.57"
"63","000","00","002","0205","0000","1674","647","1027","52","1726","2898","0","59.56","22.33"
"63","000","00","002","0205","0654","863","314","549","22","885","1516","0","58.38","20.71"
"63","000","00","002","0205","0655","811","333","478","30","841","1382","0","60.85","24.1"
"63","000","00","002","0206","0000","2835","1042","1793","164","2999","5054","0","59.34","20.62"
"63","000","00","002","0206","0656","624","228","396","37","661","1128","0","58.6","20.21"
"63","000","00","002","0206","0657","754","265","489","48","802","1397","0","57.41","18.97"
"63","000","00","002","0206","0658","688","253","435","43","731","1161","0","62.96","21.79"
"63","000","00","002","0206","0659","769","296","473","36","805","1368","0","58.85","21.64"
"63","000","00","002","0207","0000","2709","1063","1646","116","2825","4589","0","61.56","23.16"
"63","000","00","002","0207","0660","618","228","390","21","639","1049","0","60.92","21.73"
"63","000","00","002","0207","0661","754","266","488","39","793","1308","0","60.63","20.34"
"63","000","00","002","0207","0662","690","275","415","40","730","1154","0","63.26","23.83"
"63","000","00","002","0207","0663","647","294","353","16","663","1078","0","61.5","27.27"
"63","000","00","002","0208","0000","3951","1489","2462","136","4087","6667","0","61.3","22.33"
"63","000","00","002","0208","0664","782","285","497","29","811","1375","0","58.98","20.73"
"63","000","00","002","0208","0665","820","273","547","36","856","1448","0","59.12","18.85"
"63","000","00","002","0208","0666","744","265","479","19","763","1250","0","61.04","21.2"
"63","000","00","002","0208","0667","809","328","481","22","831","1381","0","60.17","23.75"
"63","000","00","002","0208","0668","796","338","458","30","826","1213","0","68.1","27.86"
"63","000","00","002","0209","0000","5007","1811","3196","182","5189","8706","0","59.6","20.8"
"63","000","00","002","0209","0669","851","292","559","30","881","1373","0","64.17","21.27"
"63","000","00","002","0209","0670","728","268","460","28","756","1226","0","61.66","21.86"
"63","000","00","002","0209","0671","650","254","396","20","670","1117","0","59.98","22.74"
"63","000","00","002","0209","0672","676","214","462","31","707","1123","0","62.96","19.06"
"63","000","00","002","0209","0673","702","242","460","26","728","1200","0","60.67","20.17"
"63","000","00","002","0209","0674","689","268","421","24","713","1335","0","53.41","20.07"
"63","000","00","002","0209","0675","711","273","438","23","734","1332","0","55.11","20.5"
"63","000","00","002","0210","0000","1740","622","1118","117","1857","3190","0","58.21","19.5"
"63","000","00","002","0210","0676","926","314","612","60","986","1648","0","59.83","19.05"
"63","000","00","002","0210","0677","814","308","506","57","871","1542","0","56.49","19.97"
"63","000","00","002","0211","0000","2446","944","1502","132","2578","4362","0","59.1","21.64"
"63","000","00","002","0211","0678","675","259","416","58","733","1228","0","59.69","21.09"
"63","000","00","002","0211","0679","960","370","590","42","1002","1731","0","57.89","21.37"
"63","000","00","002","0211","0680","811","315","496","32","843","1403","0","60.09","22.45"
"63","000","00","002","0212","0000","1764","652","1112","104","1868","3229","0","57.85","20.19"
"63","000","00","002","0212","0681","992","353","639","70","1062","1929","0","55.05","18.3"
"63","000","00","002","0212","0682","772","299","473","34","806","1300","0","62.0","23.0"
"63","000","00","002","0213","0000","2354","871","1483","95","2449","4405","0","55.6","19.77"
"63","000","00","002","0213","0683","772","292","480","20","792","1486","0","53.3","19.65"
"63","000","00","002","0213","0684","749","300","449","38","787","1532","0","51.37","19.58"
"63","000","00","002","0213","0685","833","279","554","37","870","1387","0","62.73","20.12"
"63","000","00","002","0214","0000","1851","679","1172","117","1968","3536","0","55.66","19.2"
"63","000","00","002","0214","0686","621","211","410","40","661","1195","0","55.31","17.66"
"63","000","00","002","0214","0687","567","227","340","42","609","1068","0","57.02","21.25"
"63","000","00","002","0214","0688","663","241","422","35","698","1273","0","54.83","18.93"
"63","000","00","002","0215","0000","2133","838","1295","148","2281","3898","0","58.52","21.5"
"63","000","00","002","0215","0689","780","305","475","61","841","1329","0","63.28","22.95"
"63","000","00","002","0215","0690","694","271","423","39","733","1311","0","55.91","20.67"
"63","000","00","002","0215","0691","659","262","397","48","707","1258","0","56.2","20.83"
"63","000","00","002","0216","0000","2899","1156","1743","180","3079","5022","0","61.31","23.02"
"63","000","00","002","0216","0692","721","292","429","53","774","1277","0","60.61","22.87"
"63","000","00","002","0216","0693","765","285","480","50","815","1285","0","63.42","22.18"
"63","000","00","002","0216","0694","698","274","424","41","739","1161","0","63.65","23.6"
"63","000","00","002","0216","0695","715","305","410","36","751","1299","0","57.81","23.48"
"63","000","00","002","0217","0000","2739","1045","1694","115","2854","4811","0","59.32","21.72"
"63","000","00","002","0217","0696","684","255","429","38","722","1243","0","58.09","20.51"
"63","000","00","002","0217","0697","670","255","415","24","694","1197","0","57.98","21.3"
"63","000","00","002","0217","0698","764","308","456","21","785","1224","0","64.13","25.16"
"63","000","00","002","0217","0699","621","227","394","32","653","1147","0","56.93","19.79"
"63","000","00","002","0218","0000","2503","905","1598","108","2611","4373","0","59.71","20.7"
"63","000","00","002","0218","0700","605","224","381","22","627","1045","0","60.0","21.44"
"63","000","00","002","0218","0701","660","235","425","31","691","1096","0","63.05","21.44"
"63","000","00","002","0218","0702","634","240","394","13","647","1115","0","58.03","21.52"
"63","000","00","002","0218","0703","604","206","398","42","646","1117","0","57.83","18.44"
"63","000","00","002","0219","0000","2052","789","1263","85","2137","3770","0","56.68","20.93"
"63","000","00","002","0219","0704","516","223","293","22","538","1019","0","52.8","21.88"
"63","000","00","002","0219","0705","757","291","466","38","795","1346","0","59.06","21.62"
"63","000","00","002","0219","0706","779","275","504","25","804","1405","0","57.22","19.57"
"63","000","00","002","0220","0000","3784","1374","2410","161","3945","6448","0","61.18","21.31"
"63","000","00","002","0220","0707","758","268","490","41","799","1356","0","58.92","19.76"
"63","000","00","002","0220","0708","774","293","481","32","806","1250","0","64.48","23.44"
"63","000","00","002","0220","0709","742","252","490","27","769","1254","0","61.32","20.1"
"63","000","00","002","0220","0710","748","287","461","19","767","1317","0","58.24","21.79"
"63","000","00","002","0220","0711","762","274","488","42","804","1271","0","63.26","21.56"
"63","000","00","002","0221","0000","1073","402","671","63","1136","2004","0","56.69","20.06"
"63","000","00","002","0221","0712","529","203","326","33","562","979","0","57.41","20.74"
"63","000","00","002","0221","0713","544","199","345","30","574","1025","0","56.0","19.41"
"63","000","00","002","0222","0000","3255","1246","2009","93","3348","5741","0","58.32","21.7"
"63","000","00","002","0222","0714","752","270","482","23","775","1512","0","51.26","17.86"
"63","000","00","002","0222","0715","862","357","505","33","895","1483","0","60.35","24.07"
"63","000","00","002","0222","0716","810","317","493","25","835","1359","0","61.44","23.33"
"63","000","00","002","0222","0717","831","302","529","12","843","1387","0","60.78","21.77"
"63","000","00","002","0223","0000","2496","937","1559","94","2590","4448","0","58.23","21.07"
"63","000","00","002","0223","0718","781","288","493","29","810","1455","0","55.67","19.79"
"63","000","00","002","0223","0719","832","299","533","31","863","1461","0","59.07","20.47"
"63","000","00","002","0223","0720","883","350","533","34","917","1532","0","59.86","22.85"
"63","000","00","002","0224","0000","2319","897","1422","129","2448","3964","0","61.76","22.63"
"63","000","00","002","0224","0721","637","261","376","31","668","1043","0","64.05","25.02"
"63","000","00","002","0224","0722","529","209","320","26","555","875","0","63.43","23.89"
"63","000","00","002","0224","0723","518","203","315","20","538","927","0","58.04","21.9"
"63","000","00","002","0224","0724","635","224","411","52","687","1119","0","61.39","20.02"
"63","000","00","002","0225","0000","4015","1566","2449","194","4209","7061","0","59.61","22.18"
"63","000","00","002","0225","0725","816","313","503","55","871","1463","0","59.54","21.39"
"63","000","00","002","0225","0726","788","308","480","43","831","1293","0","64.27","23.82"
"63","000","00","002","0225","0727","846","328","518","34","880","1553","0","56.66","21.12"
"63","000","00","002","0225","0728","769","316","453","23","792","1360","0","58.24","23.24"
"63","000","00","002","0225","0729","796","301","495","39","835","1392","0","59.99","21.62"
"63","000","00","002","0226","0000","3006","1107","1899","130","3136","5430","0","57.75","20.39"
"63","000","00","002","0226","0730","790","290","500","19","809","1377","0","58.75","21.06"
"63","000","00","002","0226","0731","781","298","483","21","802","1377","0","58.24","21.64"
"63","000","00","002","0226","0732","659","234","425","22","681","1269","0","53.66","18.44"
"63","000","00","002","0226","0733","776","285","491","68","844","1407","0","59.99","20.26"
"63","000","00","002","0227","0000","2047","749","1298","102","2149","3609","0","59.55","20.75"
"63","000","00","002","0227","0734","664","237","427","27","691","1172","0","58.96","20.22"
"63","000","00","002","0227","0735","678","249","429","22","700","1182","0","59.22","21.07"
"63","000","00","002","0227","0736","705","263","442","53","758","1255","0","60.4","20.96"
"63","000","00","002","0228","0000","2376","847","1529","79","2455","4437","0","55.33","19.09"
"63","000","00","002","0228","0737","878","326","552","31","909","1689","0","53.82","19.3"
"63","000","00","002","0228","0738","868","316","552","23","891","1605","0","55.51","19.69"
"63","000","00","002","0228","0739","630","205","425","25","655","1143","0","57.31","17.94"
"63","000","00","002","0229","0000","3202","1188","2014","152","3354","5898","0","56.87","20.14"
"63","000","00","002","0229","0740","754","282","472","26","780","1440","0","54.17","19.58"
"63","000","00","002","0229","0741","820","301","519","38","858","1495","0","57.39","20.13"
"63","000","00","002","0229","0742","851","323","528","48","899","1514","0","59.38","21.33"
"63","000","00","002","0229","0743","777","282","495","40","817","1449","0","56.38","19.46"
"63","000","00","002","0230","0000","4512","1657","2855","162","4674","7867","0","59.41","21.06"
"63","000","00","002","0230","0744","813","299","514","45","858","1401","0","61.24","21.34"
"63","000","00","002","0230","0745","638","240","398","20","658","1181","0","55.72","20.32"
"63","000","00","002","0230","0746","855","317","538","17","872","1376","0","63.37","23.04"
"63","000","00","002","0230","0747","833","274","559","42","875","1422","0","61.53","19.27"
"63","000","00","002","0230","0748","720","261","459","18","738","1267","0","58.25","20.6"
"63","000","00","002","0230","0749","653","266","387","20","673","1220","0","55.16","21.8"
"63","000","00","002","0231","0000","2461","914","1547","85","2546","4622","0","55.08","19.77"
"63","000","00","002","0231","0750","800","272","528","24","824","1562","0","52.75","17.41"
"63","000","00","002","0231","0751","803","320","483","27","830","1455","0","57.04","21.99"
"63","000","00","002","0231","0752","858","322","536","34","892","1605","0","55.58","20.06"
"63","000","00","002","0232","0000","3404","1275","2129","97","3501","6070","0","57.68","21.0"
"63","000","00","002","0232","0753","986","334","652","32","1018","1626","0","62.61","20.54"
"63","000","00","002","0232","0754","916","361","555","25","941","1561","0","60.28","23.13"
"63","000","00","002","0232","0755","756","289","467","18","774","1547","0","50.03","18.68"
"63","000","00","002","0232","0756","746","291","455","22","768","1336","0","57.49","21.78"
"63","000","00","002","0233","0000","3688","1359","2329","182","3870","6899","0","56.1","19.7"
"63","000","00","002","0233","0757","660","252","408","32","692","1314","0","52.66","19.18"
"63","000","00","002","0233","0758","697","261","436","30","727","1297","0","56.05","20.12"
"63","000","00","002","0233","0759","735","257","478","34","769","1366","0","56.3","18.81"
"63","000","00","002","0233","0760","794","300","494","51","845","1472","0","57.4","20.38"
"63","000","00","002","0233","0761","802","289","513","35","837","1450","0","57.72","19.93"
"63","000","00","002","0234","0000","2352","879","1473","131","2483","4100","0","60.56","21.44"
"63","000","00","002","0234","0762","729","269","460","44","773","1328","0","58.21","20.26"
"63","000","00","002","0234","0763","822","307","515","39","861","1399","0","61.54","21.94"
"63","000","00","002","0234","0764","801","303","498","48","849","1373","0","61.84","22.07"
"63","000","00","002","0235","0000","1946","734","1212","78","2024","3592","0","56.35","20.43"
"63","000","00","002","0235","0765","592","216","376","25","617","1099","0","56.14","19.65"
"63","000","00","002","0235","0766","673","260","413","37","710","1226","0","57.91","21.21"
"63","000","00","002","0235","0767","681","258","423","16","697","1267","0","55.01","20.36"
"63","000","00","002","0236","0000","3417","1269","2148","136","3553","6247","0","56.88","20.31"
"63","000","00","002","0236","0768","859","288","571","41","900","1531","0","58.79","18.81"
"63","000","00","002","0236","0769","837","270","567","37","874","1438","0","60.78","18.78"
"63","000","00","002","0236","0770","897","344","553","21","918","1657","0","55.4","20.76"
"63","000","00","002","0236","0771","824","367","457","37","861","1621","0","53.12","22.64"
"63","000","00","002","0237","0000","1661","619","1042","57","1718","2842","0","60.45","21.78"
"63","000","00","002","0237","0772","881","327","554","24","905","1508","0","60.01","21.68"
"63","000","00","002","0237","0773","780","292","488","33","813","1334","0","60.94","21.89"
"63","000","00","002","0238","0000","2003","758","1245","92","2095","3662","0","57.21","20.7"
"63","000","00","002","0238","0774","562","200","362","33","595","1246","0","47.75","16.05"
"63","000","00","002","0238","0775","726","280","446","35","761","1196","0","63.63","23.41"
"63","000","00","002","0238","0776","715","278","437","24","739","1220","0","60.57","22.79"
"63","000","00","002","0239","0000","3357","1242","2115","189","3546","6210","0","57.1","20.0"
"63","000","00","002","0239","0777","846","304","542","21","867","1538","0","56.37","19.77"
"63","000","00","002","0239","0778","890","321","569","55","945","1565","0","60.38","20.51"
"63","000","00","002","0239","0779","824","315","509","69","893","1621","0","55.09","19.43"
"63","000","00","002","0239","0780","797","302","495","44","841","1486","0","56.59","20.32"
"63","000","00","002","0240","0000","2397","872","1525","124","2521","4310","0","58.49","20.23"
"63","000","00","002","0240","0781","784","301","483","32","816","1507","0","54.15","19.97"
"63","000","00","002","0240","0782","859","317","542","42","901","1516","0","59.43","20.91"
"63","000","00","002","0240","0783","754","254","500","50","804","1287","0","62.47","19.74"
"63","000","00","002","0241","0000","990","305","685","67","1057","1851","0","57.1","16.48"
"63","000","00","002","0241","0784","521","187","334","40","561","1050","0","53.43","17.81"
"63","000","00","002","0241","0785","469","118","351","27","496","801","0","61.92","14.73"
"63","000","00","003","0000","0000","140598","53370","87228","5605","146203","252645","308835","57.87","21.12"
"63","000","00","003","0301","0000","2685","986","1699","94","2779","4848","0","57.32","20.34"
"63","000","00","003","0301","1214","637","241","396","22","659","1184","0","55.66","20.35"
"63","000","00","003","0301","1215","627","234","393","34","661","1197","0","55.22","19.55"
"63","000","00","003","0301","1216","697","267","430","16","713","1221","0","58.39","21.87"
"63","000","00","003","0301","1217","724","244","480","22","746","1246","0","59.87","19.58"
"63","000","00","003","0302","0000","2542","1075","1467","94","2636","4386","0","60.1","24.51"
"63","000","00","003","0302","1218","886","377","509","25","911","1478","0","61.64","25.51"
"63","000","00","003","0302","1219","727","317","410","32","759","1314","0","57.76","24.12"
"63","000","00","003","0302","1220","929","381","548","37","966","1594","0","60.6","23.9"
"63","000","00","003","0303","0000","3365","1290","2075","108","3473","5767","0","60.22","22.37"
"63","000","00","003","0303","1221","832","318","514","24","856","1429","0","59.9","22.25"
"63","000","00","003","0303","1222","865","298","567","27","892","1452","0","61.43","20.52"
"63","000","00","003","0303","1223","885","380","505","20","905","1551","0","58.35","24.5"
"63","000","00","003","0303","1224","783","294","489","37","820","1335","0","61.42","22.02"
"63","000","00","003","0304","0000","3700","1414","2286","171","3871","6795","0","56.97","20.81"
"63","000","00","003","0304","1225","634","239","395","27","661","1196","0","55.27","19.98"
"63","000","00","003","0304","1226","707","262","445","28","735","1339","0","54.89","19.57"
"63","000","00","003","0304","1227","808","346","462","28","836","1448","0","57.73","23.9"
"63","000","00","003","0304","1228","757","280","477","41","798","1373","0","58.12","20.39"
"63","000","00","003","0304","1229","794","287","507","47","841","1439","0","58.44","19.94"
"63","000","00","003","0305","0000","2284","822","1462","68","2352","4461","0","52.72","18.43"
"63","000","00","003","0305","1230","626","246","380","7","633","1174","0","53.92","20.95"
"63","000","00","003","0305","1231","601","223","378","15","616","1144","0","53.85","19.49"
"63","000","00","003","0305","1232","577","166","411","25","602","1119","0","53.8","14.83"
"63","000","00","003","0305","1233","480","187","293","21","501","1024","0","48.93","18.26"
"63","000","00","003","0306","0000","2954","1012","1942","109","3063","5067","0","60.45","19.97"
"63","000","00","003","0306","1234","607","189","418","20","627","1032","0","60.76","18.31"
"63","000","00","003","0306","1235","765","222","543","26","791","1319","0","59.97","16.83"
"63","000","00","003","0306","1236","817","281","536","25","842","1369","0","61.5","20.53"
"63","000","00","003","0306","1237","765","320","445","38","803","1347","0","59.61","23.76"
"63","000","00","003","0307","0000","3075","1161","1914","104","3179","5988","0","53.09","19.39"
"63","000","00","003","0307","1238","842","334","508","25","867","1655","0","52.39","20.18"
"63","000","00","003","0307","1239","789","284","505","26","815","1595","0","51.1","17.81"
"63","000","00","003","0307","1240","761","291","470","29","790","1429","0","55.28","20.36"
"63","000","00","003","0307","1241","683","252","431","24","707","1309","0","54.01","19.25"
"63","000","00","003","0308","0000","1493","569","924","61","1554","2818","0","55.15","20.19"
"63","000","00","003","0308","1242","802","283","519","22","824","1508","0","54.64","18.77"
"63","000","00","003","0308","1243","691","286","405","39","730","1310","0","55.73","21.83"
"63","000","00","003","0309","0000","1882","704","1178","95","1977","3667","0","53.91","19.2"
"63","000","00","003","0309","1244","637","227","410","29","666","1233","0","54.01","18.41"
"63","000","00","003","0309","1245","660","254","406","38","698","1287","0","54.23","19.74"
"63","000","00","003","0309","1246","585","223","362","28","613","1147","0","53.44","19.44"
"63","000","00","003","0310","0000","3471","1263","2208","160","3631","6508","0","55.79","19.41"
"63","000","00","003","0310","1247","663","244","419","17","680","1260","0","53.97","19.37"
"63","000","00","003","0310","1248","828","264","564","32","860","1377","0","62.45","19.17"
"63","000","00","003","0310","1249","656","265","391","61","717","1284","0","55.84","20.64"
"63","000","00","003","0310","1250","665","241","424","25","690","1314","0","52.51","18.34"
"63","000","00","003","0310","1251","659","249","410","25","684","1273","0","53.73","19.56"
"63","000","00","003","0311","0000","2831","1137","1694","98","2929","4829","0","60.65","23.55"
"63","000","00","003","0311","1252","662","282","380","20","682","1146","0","59.51","24.61"
"63","000","00","003","0311","1253","749","286","463","20","769","1285","0","59.84","22.26"
"63","000","00","003","0311","1254","763","317","446","25","788","1297","0","60.76","24.44"
"63","000","00","003","0311","1255","657","252","405","33","690","1101","0","62.67","22.89"
"63","000","00","003","0312","0000","2325","931","1394","100","2425","4047","0","59.92","23.0"
"63","000","00","003","0312","1256","727","307","420","34","761","1310","0","58.09","23.44"
"63","000","00","003","0312","1257","832","322","510","39","871","1365","0","63.81","23.59"
"63","000","00","003","0312","1258","766","302","464","27","793","1372","0","57.8","22.01"
"63","000","00","003","0313","0000","2124","849","1275","80","2204","3596","0","61.29","23.61"
"63","000","00","003","0313","1259","713","289","424","24","737","1189","0","61.98","24.31"
"63","000","00","003","0313","1260","737","286","451","24","761","1256","0","60.59","22.77"
"63","000","00","003","0313","1261","674","274","400","32","706","1151","0","61.34","23.81"
"63","000","00","003","0314","0000","3635","1362","2273","120","3755","6129","0","61.27","22.22"
"63","000","00","003","0314","1262","889","337","552","31","920","1501","0","61.29","22.45"
"63","000","00","003","0314","1263","895","318","577","19","914","1520","0","60.13","20.92"
"63","000","00","003","0314","1264","919","340","579","37","956","1529","0","62.52","22.24"
"63","000","00","003","0314","1265","932","367","565","33","965","1579","0","61.11","23.24"
"63","000","00","003","0315","0000","3109","1280","1829","80","3189","6705","0","47.56","19.09"
"63","000","00","003","0315","1266","671","273","398","18","689","2619","0","26.31","10.42"
"63","000","00","003","0315","1267","738","294","444","19","757","1290","0","58.68","22.79"
"63","000","00","003","0315","1268","806","320","486","20","826","1307","0","63.2","24.48"
"63","000","00","003","0315","1269","894","393","501","23","917","1489","0","61.58","26.39"
"63","000","00","003","0316","0000","2812","1122","1690","96","2908","4884","0","59.54","22.97"
"63","000","00","003","0316","1270","656","243","413","30","686","1097","0","62.53","22.15"
"63","000","00","003","0316","1271","756","308","448","24","780","1328","0","58.73","23.19"
"63","000","00","003","0316","1272","662","282","380","22","684","1189","0","57.53","23.72"
"63","000","00","003","0316","1273","738","289","449","20","758","1270","0","59.69","22.76"
"63","000","00","003","0317","0000","2953","1236","1717","106","3059","5155","0","59.34","23.98"
"63","000","00","003","0317","1274","767","336","431","13","780","1349","0","57.82","24.91"
"63","000","00","003","0317","1275","711","305","406","25","736","1292","0","56.97","23.61"
"63","000","00","003","0317","1276","777","306","471","33","810","1314","0","61.64","23.29"
"63","000","00","003","0317","1277","698","289","409","35","733","1200","0","61.08","24.08"
"63","000","00","003","0318","0000","1751","678","1073","55","1806","3119","0","57.9","21.74"
"63","000","00","003","0318","1278","878","338","540","29","907","1558","0","58.22","21.69"
"63","000","00","003","0318","1279","873","340","533","26","899","1561","0","57.59","21.78"
"63","000","00","003","0319","0000","1690","653","1037","58","1748","2945","0","59.35","22.17"
"63","000","00","003","0319","1280","822","309","513","30","852","1446","0","58.92","21.37"
"63","000","00","003","0319","1281","868","344","524","28","896","1499","0","59.77","22.95"
"63","000","00","003","0320","0000","1644","602","1042","46","1690","2978","0","56.75","20.21"
"63","000","00","003","0320","1282","843","301","542","20","863","1467","0","58.83","20.52"
"63","000","00","003","0320","1283","801","301","500","26","827","1511","0","54.73","19.92"
"63","000","00","003","0321","0000","2690","1009","1681","122","2812","4640","0","60.6","21.75"
"63","000","00","003","0321","1284","907","335","572","48","955","1600","0","59.69","20.94"
"63","000","00","003","0321","1285","900","350","550","36","936","1573","0","59.5","22.25"
"63","000","00","003","0321","1286","883","324","559","38","921","1467","0","62.78","22.09"
"63","000","00","003","0322","0000","3312","1229","2083","122","3434","5891","0","58.29","20.86"
"63","000","00","003","0322","1287","764","259","505","36","800","1358","0","58.91","19.07"
"63","000","00","003","0322","1288","874","329","545","33","907","1568","0","57.84","20.98"
"63","000","00","003","0322","1289","816","319","497","33","849","1411","0","60.17","22.61"
"63","000","00","003","0322","1290","858","322","536","20","878","1554","0","56.5","20.72"
"63","000","00","003","0323","0000","3443","1240","2203","91","3534","5712","0","61.87","21.71"
"63","000","00","003","0323","1291","794","300","494","32","826","1345","0","61.41","22.3"
"63","000","00","003","0323","1292","831","311","520","13","844","1435","0","58.82","21.67"
"63","000","00","003","0323","1293","912","307","605","20","932","1481","0","62.93","20.73"
"63","000","00","003","0323","1294","906","322","584","26","932","1451","0","64.23","22.19"
"63","000","00","003","0326","0000","1862","661","1201","71","1933","3091","0","62.54","21.38"
"63","000","00","003","0326","1295","988","323","665","47","1035","1566","0","66.09","20.63"
"63","000","00","003","0326","1296","874","338","536","24","898","1525","0","58.89","22.16"
"63","000","00","003","0327","0000","2270","833","1437","109","2379","4215","0","56.44","19.76"
"63","000","00","003","0327","1297","711","268","443","42","753","1336","0","56.36","20.06"
"63","000","00","003","0327","1298","842","293","549","50","892","1483","0","60.15","19.76"
"63","000","00","003","0327","1299","717","272","445","17","734","1396","0","52.58","19.48"
"63","000","00","003","0328","0000","3177","1304","1873","146","3323","5535","0","60.04","23.56"
"63","000","00","003","0328","1300","822","325","497","46","868","1406","0","61.74","23.12"
"63","000","00","003","0328","1301","831","325","506","33","864","1434","0","60.25","22.66"
"63","000","00","003","0328","1302","726","364","362","33","759","1288","0","58.93","28.26"
"63","000","00","003","0328","1303","798","290","508","34","832","1407","0","59.13","20.61"
"63","000","00","003","0329","0000","2364","953","1411","122","2486","4554","0","54.59","20.93"
"63","000","00","003","0329","1304","803","410","393","31","834","1514","0","55.09","27.08"
"63","000","00","003","0329","1305","728","256","472","50","778","1550","0","50.19","16.52"
"63","000","00","003","0329","1306","833","287","546","41","874","1490","0","58.66","19.26"
"63","000","00","003","0330","0000","2629","995","1634","97","2726","4663","0","58.46","21.34"
"63","000","00","003","0330","1307","706","284","422","25","731","1284","0","56.93","22.12"
"63","000","00","003","0330","1308","660","241","419","24","684","1129","0","60.58","21.35"
"63","000","00","003","0330","1309","687","269","418","23","710","1193","0","59.51","22.55"
"63","000","00","003","0330","1310","576","201","375","25","601","1057","0","56.86","19.02"
"63","000","00","003","0331","0000","2852","1097","1755","167","3019","5453","0","55.36","20.12"
"63","000","00","003","0331","1311","749","314","435","42","791","1361","0","58.12","23.07"
"63","000","00","003","0331","1312","749","259","490","48","797","1412","0","56.44","18.34"
"63","000","00","003","0331","1313","673","252","421","22","695","1423","0","48.84","17.71"
"63","000","00","003","0331","1314","681","272","409","55","736","1257","0","58.55","21.64"
"63","000","00","003","0332","0000","2806","1039","1767","136","2942","4829","0","60.92","21.52"
"63","000","00","003","0332","1315","678","226","452","27","705","1133","0","62.22","19.95"
"63","000","00","003","0332","1316","606","235","371","24","630","1077","0","58.5","21.82"
"63","000","00","003","0332","1317","751","300","451","35","786","1300","0","60.46","23.08"
"63","000","00","003","0332","1318","771","278","493","50","821","1319","0","62.24","21.08"
"63","000","00","003","0333","0000","2007","727","1280","110","2117","3633","0","58.27","20.01"
"63","000","00","003","0333","1319","706","255","451","50","756","1265","0","59.76","20.16"
"63","000","00","003","0333","1320","663","228","435","31","694","1265","0","54.86","18.02"
"63","000","00","003","0333","1321","638","244","394","29","667","1103","0","60.47","22.12"
"63","000","00","003","0334","0000","2274","844","1430","103","2377","3958","0","60.06","21.32"
"63","000","00","003","0334","1322","770","275","495","32","802","1341","0","59.81","20.51"
"63","000","00","003","0334","1323","784","285","499","39","823","1357","0","60.65","21.0"
"63","000","00","003","0334","1324","720","284","436","32","752","1260","0","59.68","22.54"
"63","000","00","003","0335","0000","2093","817","1276","94","2187","3844","0","56.89","21.25"
"63","000","00","003","0335","1325","730","292","438","39","769","1295","0","59.38","22.55"
"63","000","00","003","0335","1326","726","282","444","29","755","1399","0","53.97","20.16"
"63","000","00","003","0335","1327","637","243","394","26","663","1150","0","57.65","21.13"
"63","000","00","003","0336","0000","2793","1050","1743","105","2898","5149","0","56.28","20.39"
"63","000","00","003","0336","1328","690","267","423","24","714","1351","0","52.85","19.76"
"63","000","00","003","0336","1329","757","317","440","37","794","1341","0","59.21","23.64"
"63","000","00","003","0336","1330","609","211","398","21","630","1129","0","55.8","18.69"
"63","000","00","003","0336","1331","737","255","482","23","760","1328","0","57.23","19.2"
"63","000","00","003","0337","0000","3458","1156","2302","108","3566","6080","0","58.65","19.01"
"63","000","00","003","0337","1332","959","296","663","23","982","1557","0","63.07","19.01"
"63","000","00","003","0337","1333","894","295","599","33","927","1461","0","63.45","20.19"
"63","000","00","003","0337","1334","802","290","512","23","825","1589","0","51.92","18.25"
"63","000","00","003","0337","1335","803","275","528","29","832","1473","0","56.48","18.67"
"63","000","00","003","0338","0000","1846","723","1123","88","1934","3311","0","58.41","21.84"
"63","000","00","003","0338","1336","806","343","463","32","838","1479","0","56.66","23.19"
"63","000","00","003","0338","1337","490","161","329","33","523","833","0","62.79","19.33"
"63","000","00","003","0338","1338","550","219","331","23","573","999","0","57.36","21.92"
"63","000","00","003","0339","0000","1023","391","632","22","1045","1757","0","59.48","22.25"
"63","000","00","003","0339","1339","1023","391","632","22","1045","1757","0","59.48","22.25"
"63","000","00","003","0340","0000","4494","1747","2747","171","4665","7674","0","60.79","22.77"
"63","000","00","003","0340","1340","904","321","583","33","937","1573","0","59.57","20.41"
"63","000","00","003","0340","1341","955","352","603","26","981","1587","0","61.81","22.18"
"63","000","00","003","0340","1342","868","343","525","46","914","1496","0","61.1","22.93"
"63","000","00","003","0340","1343","836","377","459","34","870","1440","0","60.42","26.18"
"63","000","00","003","0340","1344","931","354","577","32","963","1578","0","61.03","22.43"
"63","000","00","003","0341","0000","2009","856","1153","64","2073","3594","0","57.68","23.82"
"63","000","00","003","0341","1345","711","292","419","22","733","1223","0","59.93","23.88"
"63","000","00","003","0341","1346","547","269","278","21","568","1119","0","50.76","24.04"
"63","000","00","003","0341","1347","751","295","456","21","772","1252","0","61.66","23.56"
"63","000","00","003","0343","0000","4089","1604","2485","149","4238","7232","0","58.6","22.18"
"63","000","00","003","0343","1348","909","374","535","40","949","1576","0","60.22","23.73"
"63","000","00","003","0343","1349","798","300","498","28","826","1425","0","57.96","21.05"
"63","000","00","003","0343","1350","774","312","462","23","797","1450","0","54.97","21.52"
"63","000","00","003","0343","1351","792","277","515","26","818","1444","0","56.65","19.18"
"63","000","00","003","0343","1352","816","341","475","32","848","1337","0","63.43","25.5"
"63","000","00","003","0344","0000","2846","1044","1802","129","2975","5100","0","58.33","20.47"
"63","000","00","003","0344","1353","761","269","492","31","792","1417","0","55.89","18.98"
"63","000","00","003","0344","1354","697","266","431","33","730","1250","0","58.4","21.28"
"63","000","00","003","0344","1355","655","230","425","28","683","1176","0","58.08","19.56"
"63","000","00","003","0344","1356","733","279","454","37","770","1257","0","61.26","22.2"
"63","000","00","003","0346","0000","2732","1026","1706","123","2855","4851","0","58.85","21.15"
"63","000","00","003","0346","1357","707","253","454","39","746","1257","0","59.35","20.13"
"63","000","00","003","0346","1358","655","257","398","29","684","1148","0","59.58","22.39"
"63","000","00","003","0346","1359","793","299","494","36","829","1418","0","58.46","21.09"
"63","000","00","003","0346","1360","577","217","360","19","596","1028","0","57.98","21.11"
"63","000","00","003","0347","0000","3857","1375","2482","165","4022","6796","0","59.18","20.23"
"63","000","00","003","0347","1361","843","347","496","29","872","1445","0","60.35","24.01"
"63","000","00","003","0347","1362","776","293","483","38","814","1361","0","59.81","21.53"
"63","000","00","003","0347","1363","786","157","629","42","828","1343","0","61.65","11.69"
"63","000","00","003","0347","1364","726","283","443","32","758","1267","0","59.83","22.34"
"63","000","00","003","0347","1365","726","295","431","24","750","1380","0","54.35","21.38"
"63","000","00","003","0348","0000","2334","865","1469","109","2443","4312","0","56.66","20.06"
"63","000","00","003","0348","1366","830","311","519","39","869","1524","0","57.02","20.41"
"63","000","00","003","0348","1367","848","311","537","30","878","1470","0","59.73","21.16"
"63","000","00","003","0348","1368","656","243","413","40","696","1318","0","52.81","18.44"
"63","000","00","003","0349","0000","2248","804","1444","104","2352","4254","0","55.29","18.9"
"63","000","00","003","0349","1369","730","271","459","49","779","1430","0","54.48","18.95"
"63","000","00","003","0349","1370","766","267","499","34","800","1386","0","57.72","19.26"
"63","000","00","003","0349","1371","752","266","486","21","773","1438","0","53.76","18.5"
"63","000","00","003","0350","0000","2819","1059","1760","112","2931","5267","0","55.65","20.11"
"63","000","00","003","0350","1372","647","228","419","22","669","1270","0","52.68","17.95"
"63","000","00","003","0350","1373","746","281","465","36","782","1395","0","56.06","20.14"
"63","000","00","003","0350","1374","719","261","458","24","743","1292","0","57.51","20.2"
"63","000","00","003","0350","1375","707","289","418","30","737","1310","0","56.26","22.06"
"63","000","00","003","0351","0000","2922","1110","1812","101","3023","5321","0","56.81","20.86"
"63","000","00","003","0351","1376","726","277","449","32","758","1319","0","57.47","21.0"
"63","000","00","003","0351","1377","774","293","481","23","797","1355","0","58.82","21.62"
"63","000","00","003","0351","1378","688","269","419","20","708","1312","0","53.96","20.5"
"63","000","00","003","0351","1379","734","271","463","26","760","1335","0","56.93","20.3"
"63","000","00","003","0352","0000","2196","837","1359","72","2268","4124","0","55.0","20.3"
"63","000","00","003","0352","1380","768","295","473","26","794","1489","0","53.32","19.81"
"63","000","00","003","0352","1381","748","277","471","24","772","1307","0","59.07","21.19"
"63","000","00","003","0352","1382","680","265","415","22","702","1328","0","52.86","19.95"
"63","000","00","003","0353","0000","2859","1132","1727","132","2991","5169","0","57.86","21.9"
"63","000","00","003","0353","1383","699","276","423","9","708","1277","0","55.44","21.61"
"63","000","00","003","0353","1384","728","271","457","34","762","1314","0","57.99","20.62"
"63","000","00","003","0353","1385","736","283","453","27","763","1270","0","60.08","22.28"
"63","000","00","003","0353","1386","696","302","394","62","758","1308","0","57.95","23.09"
"63","000","00","003","0354","0000","2030","788","1242","85","2115","3647","0","57.99","21.61"
"63","000","00","003","0354","1387","661","258","403","24","685","1138","0","60.19","22.67"
"63","000","00","003","0354","1388","715","283","432","29","744","1333","0","55.81","21.23"
"63","000","00","003","0354","1389","654","247","407","32","686","1176","0","58.33","21.0"
"63","000","00","003","0355","0000","2957","1047","1910","130","3087","5436","0","56.79","19.26"
"63","000","00","003","0355","1390","707","262","445","37","744","1311","0","56.75","19.98"
"63","000","00","003","0355","1391","703","233","470","20","723","1295","0","55.83","17.99"
"63","000","00","003","0355","1392","791","265","526","43","834","1421","0","58.69","18.65"
"63","000","00","003","0355","1393","756","287","469","30","786","1409","0","55.78","20.37"
"63","000","00","003","0356","0000","3700","1415","2285","139","3839","6534","0","58.75","21.66"
"63","000","00","003","0356","1394","817","305","512","26","843","1434","0","58.79","21.27"
"63","000","00","003","0356","1395","738","289","449","44","782","1449","0","53.97","19.94"
"63","000","00","003","0356","1396","732","282","450","28","760","1284","0","59.19","21.96"
"63","000","00","003","0356","1397","700","268","432","18","718","1248","0","57.53","21.47"
"63","000","00","003","0356","1398","713","271","442","23","736","1119","0","65.77","24.22"
"63","000","00","003","0357","0000","1282","447","835","104","1386","2327","0","59.56","19.21"
"63","000","00","003","0357","1399","509","183","326","32","541","883","0","61.27","20.72"
"63","000","00","003","0357","1400","322","81","241","40","362","630","0","57.46","12.86"
"63","000","00","003","0357","1401","451","183","268","32","483","814","0","59.34","22.48"
"63","000","00","004","0000","0000","106234","41628","64606","5201","111435","195148","229680","57.1","21.33"
"63","000","00","004","0401","0000","1473","606","867","53","1526","2854","0","53.47","21.23"
"63","000","00","004","0401","0786","848","331","517","28","876","1522","0","57.56","21.75"
"63","000","00","004","0401","0787","625","275","350","25","650","1332","0","48.8","20.65"
"63","000","00","004","0402","0000","2332","929","1403","109","2441","4755","0","51.34","19.54"
"63","000","00","004","0402","0788","799","321","478","39","838","1656","0","50.6","19.38"
"63","000","00","004","0402","0789","671","269","402","37","708","1367","0","51.79","19.68"
"63","000","00","004","0402","0790","862","339","523","33","895","1732","0","51.67","19.57"
"63","000","00","004","0403","0000","1751","683","1068","85","1836","3284","0","55.91","20.8"
"63","000","00","004","0403","0791","898","351","547","43","941","1634","0","57.59","21.48"
"63","000","00","004","0403","0792","853","332","521","42","895","1650","0","54.24","20.12"
"63","000","00","004","0404","0000","2233","948","1285","100","2333","4046","0","57.66","23.43"
"63","000","00","004","0404","0793","789","298","491","35","824","1392","0","59.2","21.41"
"63","000","00","004","0404","0794","595","300","295","30","625","1177","0","53.1","25.49"
"63","000","00","004","0404","0795","849","350","499","35","884","1477","0","59.85","23.7"
"63","000","00","004","0405","0000","1208","443","765","79","1287","2359","0","54.56","18.78"
"63","000","00","004","0405","0796","535","211","324","46","581","1063","0","54.66","19.85"
"63","000","00","004","0405","0797","673","232","441","33","706","1296","0","54.48","17.9"
"63","000","00","004","0406","0000","3061","1230","1831","169","3230","6065","0","53.26","20.28"
"63","000","00","004","0406","0798","678","277","401","35","713","1330","0","53.61","20.83"
"63","000","00","004","0406","0799","754","287","467","53","807","1483","0","54.42","19.35"
"63","000","00","004","0406","0800","794","314","480","34","828","1542","0","53.7","20.36"
"63","000","00","004","0406","0801","835","352","483","47","882","1710","0","51.58","20.58"
"63","000","00","004","0407","0000","1979","716","1263","97","2076","3822","0","54.32","18.73"
"63","000","00","004","0407","0802","657","250","407","20","677","1315","0","51.48","19.01"
"63","000","00","004","0407","0803","664","240","424","47","711","1245","0","57.11","19.28"
"63","000","00","004","0407","0804","658","226","432","30","688","1262","0","54.52","17.91"
"63","000","00","004","0408","0000","3265","1323","1942","176","3441","6149","0","55.96","21.52"
"63","000","00","004","0408","0805","826","350","476","53","879","1518","0","57.91","23.06"
"63","000","00","004","0408","0806","825","321","504","49","874","1522","0","57.42","21.09"
"63","000","00","004","0408","0807","782","301","481","46","828","1580","0","52.41","19.05"
"63","000","00","004","0408","0808","832","351","481","28","860","1529","0","56.25","22.96"
"63","000","00","004","0409","0000","1892","719","1173","88","1980","3581","0","55.29","20.08"
"63","000","00","004","0409","0809","641","252","389","36","677","1221","0","55.45","20.64"
"63","000","00","004","0409","0810","703","261","442","26","729","1221","0","59.71","21.38"
"63","000","00","004","0409","0811","548","206","342","26","574","1139","0","50.4","18.09"
"63","000","00","004","0410","0000","2256","893","1363","106","2362","4306","0","54.85","20.74"
"63","000","00","004","0410","0812","754","285","469","52","806","1407","0","57.29","20.26"
"63","000","00","004","0410","0813","731","317","414","28","759","1321","0","57.46","24.0"
"63","000","00","004","0410","0814","771","291","480","26","797","1578","0","50.51","18.44"
"63","000","00","004","0411","0000","2466","959","1507","125","2591","4917","0","52.69","19.5"
"63","000","00","004","0411","0815","853","311","542","40","893","1739","0","51.35","17.88"
"63","000","00","004","0411","0816","818","331","487","38","856","1637","0","52.29","20.22"
"63","000","00","004","0411","0817","795","317","478","47","842","1541","0","54.64","20.57"
"63","000","00","004","0412","0000","2095","919","1176","106","2201","3765","0","58.46","24.41"
"63","000","00","004","0412","0818","693","280","413","28","721","1210","0","59.59","23.14"
"63","000","00","004","0412","0819","804","389","415","35","839","1331","0","63.04","29.23"
"63","000","00","004","0412","0820","598","250","348","43","641","1224","0","52.37","20.42"
"63","000","00","004","0413","0000","1795","526","1269","63","1858","3209","0","57.9","16.39"
"63","000","00","004","0413","0824","993","291","702","38","1031","1805","0","57.12","16.12"
"63","000","00","004","0413","0825","802","235","567","25","827","1404","0","58.9","16.74"
"63","000","00","004","0414","0000","4554","1768","2786","193","4747","7819","0","60.71","22.61"
"63","000","00","004","0414","0826","1052","428","624","36","1088","1708","0","63.7","25.06"
"63","000","00","004","0414","0827","876","365","511","43","919","1451","0","63.34","25.16"
"63","000","00","004","0414","0828","960","369","591","34","994","1684","0","59.03","21.91"
"63","000","00","004","0414","0829","885","312","573","20","905","1585","0","57.1","19.68"
"63","000","00","004","0414","0830","781","294","487","60","841","1391","0","60.46","21.14"
"63","000","00","004","0415","0000","3237","1293","1944","118","3355","5575","0","60.18","23.19"
"63","000","00","004","0415","0831","853","309","544","54","907","1375","0","65.96","22.47"
"63","000","00","004","0415","0832","864","363","501","17","881","1472","0","59.85","24.66"
"63","000","00","004","0415","0833","708","276","432","31","739","1327","0","55.69","20.8"
"63","000","00","004","0415","0834","812","345","467","16","828","1401","0","59.1","24.63"
"63","000","00","004","0416","0000","4556","1881","2675","139","4695","7980","0","58.83","23.57"
"63","000","00","004","0416","0835","814","284","530","33","847","1423","0","59.52","19.96"
"63","000","00","004","0416","0836","901","367","534","26","927","1569","0","59.08","23.39"
"63","000","00","004","0416","0837","939","380","559","23","962","1651","0","58.27","23.02"
"63","000","00","004","0416","0838","883","382","501","21","904","1624","0","55.67","23.52"
"63","000","00","004","0416","0839","1019","468","551","36","1055","1713","0","61.59","27.32"
"63","000","00","004","0417","0000","490","183","307","42","532","944","0","56.36","19.39"
"63","000","00","004","0417","0862","490","183","307","42","532","944","0","56.36","19.39"
"63","000","00","004","0418","0000","2542","1005","1537","141","2683","4693","0","57.17","21.41"
"63","000","00","004","0418","0846","789","312","477","43","832","1472","0","56.52","21.2"
"63","000","00","004","0418","0847","783","331","452","45","828","1517","0","54.58","21.82"
"63","000","00","004","0418","0848","970","362","608","53","1023","1704","0","60.04","21.24"
"63","000","00","004","0419","0000","2568","932","1636","134","2702","4476","0","60.37","20.82"
"63","000","00","004","0419","0821","869","293","576","44","913","1585","0","57.6","18.49"
"63","000","00","004","0419","0822","896","345","551","51","947","1523","0","62.18","22.65"
"63","000","00","004","0419","0823","803","294","509","39","842","1368","0","61.55","21.49"
"63","000","00","004","0420","0000","2452","971","1481","168","2620","4535","0","57.77","21.41"
"63","000","00","004","0420","0849","881","346","535","45","926","1603","0","57.77","21.58"
"63","000","00","004","0420","0850","740","285","455","56","796","1432","0","55.59","19.9"
"63","000","00","004","0420","0851","831","340","491","67","898","1500","0","59.87","22.67"
"63","000","00","004","0421","0000","3233","1266","1967","153","3386","5635","0","60.09","22.47"
"63","000","00","004","0421","0852","785","296","489","34","819","1332","0","61.49","22.22"
"63","000","00","004","0421","0853","848","331","517","43","891","1450","0","61.45","22.83"
"63","000","00","004","0421","0854","842","357","485","38","880","1434","0","61.37","24.9"
"63","000","00","004","0421","0855","758","282","476","38","796","1419","0","56.1","19.87"
"63","000","00","004","0422","0000","2264","901","1363","120","2384","4400","0","54.18","20.48"
"63","000","00","004","0422","0856","703","263","440","33","736","1292","0","56.97","20.36"
"63","000","00","004","0422","0857","804","336","468","45","849","1526","0","55.64","22.02"
"63","000","00","004","0422","0858","757","302","455","42","799","1582","0","50.51","19.09"
"63","000","00","004","0423","0000","2364","947","1417","133","2497","4584","0","54.47","20.66"
"63","000","00","004","0423","0859","787","316","471","42","829","1588","0","52.2","19.9"
"63","000","00","004","0423","0860","822","294","528","52","874","1463","0","59.74","20.1"
"63","000","00","004","0423","0861","755","337","418","39","794","1533","0","51.79","21.98"
"63","000","00","004","0424","0000","2617","1022","1595","138","2755","6843","0","40.26","14.93"
"63","000","00","004","0424","0863","1031","374","657","59","1090","1745","0","62.46","21.43"
"63","000","00","004","0424","0864","804","337","467","38","842","1679","0","50.15","20.07"
"63","000","00","004","0424","0865","782","311","471","41","823","3419","0","24.07","9.1"
"63","000","00","004","0425","0000","3958","1581","2377","234","4192","7203","0","58.2","21.95"
"63","000","00","004","0425","0866","789","321","468","46","835","1387","0","60.2","23.14"
"63","000","00","004","0425","0867","940","369","571","52","992","1672","0","59.33","22.07"
"63","000","00","004","0425","0868","727","287","440","49","776","1319","0","58.83","21.76"
"63","000","00","004","0425","0869","730","284","446","42","772","1364","0","56.6","20.82"
"63","000","00","004","0425","0870","772","320","452","45","817","1461","0","55.92","21.9"
"63","000","00","004","0426","0000","1989","819","1170","110","2099","3654","0","57.44","22.41"
"63","000","00","004","0426","0871","657","262","395","41","698","1173","0","59.51","22.34"
"63","000","00","004","0426","0872","616","245","371","41","657","1171","0","56.11","20.92"
"63","000","00","004","0426","0873","716","312","404","28","744","1310","0","56.79","23.82"
"63","000","00","004","0427","0000","3795","1514","2281","188","3983","6655","0","59.85","22.75"
"63","000","00","004","0427","0874","738","300","438","43","781","1373","0","56.88","21.85"
"63","000","00","004","0427","0875","771","303","468","28","799","1290","0","61.94","23.49"
"63","000","00","004","0427","0876","763","289","474","40","803","1346","0","59.66","21.47"
"63","000","00","004","0427","0877","837","358","479","53","890","1468","0","60.63","24.39"
"63","000","00","004","0427","0878","686","264","422","24","710","1178","0","60.27","22.41"
"63","000","00","004","0428","0000","3385","1345","2040","156","3541","6102","0","58.03","22.04"
"63","000","00","004","0428","0879","953","368","585","38","991","1654","0","59.92","22.25"
"63","000","00","004","0428","0880","818","333","485","42","860","1464","0","58.74","22.75"
"63","000","00","004","0428","0881","780","304","476","39","819","1450","0","56.48","20.97"
"63","000","00","004","0428","0882","834","340","494","37","871","1534","0","56.78","22.16"
"63","000","00","004","0429","0000","3757","1507","2250","197","3954","6660","0","59.37","22.63"
"63","000","00","004","0429","0883","920","364","556","47","967","1703","0","56.78","21.37"
"63","000","00","004","0429","0884","910","338","572","47","957","1610","0","59.44","20.99"
"63","000","00","004","0429","0885","945","379","566","52","997","1653","0","60.31","22.93"
"63","000","00","004","0429","0886","982","426","556","51","1033","1694","0","60.98","25.15"
"63","000","00","004","0430","0000","2610","1015","1595","132","2742","4824","0","56.84","21.04"
"63","000","00","004","0430","0887","862","325","537","40","902","1623","0","55.58","20.02"
"63","000","00","004","0430","0888","901","361","540","43","944","1618","0","58.34","22.31"
"63","000","00","004","0430","0889","847","329","518","49","896","1583","0","56.6","20.78"
"63","000","00","004","0431","0000","2698","1113","1585","147","2845","4529","0","62.82","24.57"
"63","000","00","004","0431","0890","916","390","526","48","964","1605","0","60.06","24.3"
"63","000","00","004","0431","0891","842","330","512","48","890","1398","0","63.66","23.61"
"63","000","00","004","0431","0892","940","393","547","51","991","1526","0","64.94","25.75"
"63","000","00","004","0432","0000","2610","1050","1560","137","2747","4739","0","57.97","22.16"
"63","000","00","004","0432","0893","875","354","521","41","916","1555","0","58.91","22.77"
"63","000","00","004","0432","0894","859","327","532","35","894","1597","0","55.98","20.48"
"63","000","00","004","0432","0895","876","369","507","61","937","1587","0","59.04","23.25"
"63","000","00","004","0433","0000","1834","758","1076","84","1918","3133","0","61.22","24.19"
"63","000","00","004","0433","0896","927","391","536","37","964","1587","0","60.74","24.64"
"63","000","00","004","0433","0897","907","367","540","47","954","1546","0","61.71","23.74"
"63","000","00","004","0434","0000","2788","1016","1772","143","2931","5094","0","57.54","19.95"
"63","000","00","004","0434","0898","707","244","463","48","755","1322","0","57.11","18.46"
"63","000","00","004","0434","0899","709","262","447","32","741","1267","0","58.48","20.68"
"63","000","00","004","0434","0900","667","253","414","20","687","1210","0","56.78","20.91"
"63","000","00","004","0434","0901","705","257","448","43","748","1295","0","57.76","19.85"
"63","000","00","004","0435","0000","2696","926","1770","124","2820","4474","0","63.03","20.7"
"63","000","00","004","0435","0902","848","325","523","41","889","1467","0","60.6","22.15"
"63","000","00","004","0435","0903","903","281","622","39","942","1491","0","63.18","18.85"
"63","000","00","004","0435","0904","945","320","625","44","989","1516","0","65.24","21.11"
"63","000","00","004","0436","0000","2184","923","1261","104","2288","4035","0","56.7","22.87"
"63","000","00","004","0436","0905","721","294","427","24","745","1384","0","53.83","21.24"
"63","000","00","004","0436","0906","682","316","366","47","729","1138","0","64.06","27.77"
"63","000","00","004","0436","0907","781","313","468","33","814","1513","0","53.8","20.69"
"63","000","00","004","0437","0000","1708","668","1040","105","1813","2988","0","60.68","22.36"
"63","000","00","004","0437","0908","880","353","527","47","927","1559","0","59.46","22.64"
"63","000","00","004","0437","0909","828","315","513","58","886","1429","0","62.0","22.04"
"63","000","00","004","0438","0000","1470","562","908","69","1539","2459","0","62.59","22.85"
"63","000","00","004","0438","0910","744","295","449","27","771","1245","0","61.93","23.69"
"63","000","00","004","0438","0911","726","267","459","42","768","1214","0","63.26","21.99"
"63","000","00","004","0439","0000","2955","1152","1803","118","3073","5339","0","57.56","21.58"
"63","000","00","004","0439","0912","817","314","503","26","843","1394","0","60.47","22.53"
"63","000","00","004","0439","0913","706","276","430","17","723","1336","0","54.12","20.66"
"63","000","00","004","0439","0914","670","281","389","35","705","1227","0","57.46","22.9"
"63","000","00","004","0439","0915","762","281","481","40","802","1382","0","58.03","20.33"
"63","000","00","004","0440","0000","2172","823","1349","116","2288","4100","0","55.8","20.07"
"63","000","00","004","0440","0916","773","263","510","48","821","1436","0","57.17","18.31"
"63","000","00","004","0440","0917","695","298","397","44","739","1405","0","52.6","21.21"
"63","000","00","004","0440","0918","704","262","442","24","728","1259","0","57.82","20.81"
"63","000","00","004","0441","0000","3576","1298","2278","147","3723","6297","0","59.12","20.61"
"63","000","00","004","0441","0840","947","364","583","43","990","1647","0","60.11","22.1"
"63","000","00","004","0441","0841","917","326","591","32","949","1762","0","53.86","18.5"
"63","000","00","004","0441","0842","825","274","551","36","861","1399","0","61.54","19.59"
"63","000","00","004","0441","0843","887","334","553","36","923","1489","0","61.99","22.43"
"63","000","00","004","0442","0000","1366","495","871","55","1421","2267","0","62.68","21.84"
"63","000","00","004","0442","0844","760","290","470","27","787","1269","0","62.02","22.85"
"63","000","00","004","0442","0845","606","205","401","28","634","998","0","63.53","20.54"
"63","000","00","005","0000","0000","72089","26803","45286","3086","75175","128292","159026","58.6","20.89"
"63","000","00","005","0501","0000","1459","561","898","76","1535","2625","0","58.48","21.37"
"63","000","00","005","0501","1001","758","292","466","33","791","1308","0","60.47","22.32"
"63","000","00","005","0501","1002","701","269","432","43","744","1317","0","56.49","20.43"
"63","000","00","005","0502","0000","1242","451","791","54","1296","2197","0","58.99","20.53"
"63","000","00","005","0502","1003","641","223","418","23","664","1069","0","62.11","20.86"
"63","000","00","005","0502","1004","601","228","373","31","632","1128","0","56.03","20.21"
"63","000","00","005","0503","0000","1218","462","756","50","1268","2101","0","60.35","21.99"
"63","000","00","005","0503","1005","607","237","370","39","646","1053","0","61.35","22.51"
"63","000","00","005","0503","1006","611","225","386","11","622","1048","0","59.35","21.47"
"63","000","00","005","0504","0000","2342","840","1502","97","2439","3990","0","61.13","21.05"
"63","000","00","005","0504","1007","699","244","455","42","741","1297","0","57.13","18.81"
"63","000","00","005","0504","1008","703","255","448","20","723","1193","0","60.6","21.37"
"63","000","00","005","0504","1009","940","341","599","35","975","1500","0","65.0","22.73"
"63","000","00","005","0505","0000","2250","916","1334","78","2328","4079","0","57.07","22.46"
"63","000","00","005","0505","1010","734","294","440","31","765","1346","0","56.84","21.84"
"63","000","00","005","0505","1011","718","283","435","16","734","1283","0","57.21","22.06"
"63","000","00","005","0505","1012","798","339","459","31","829","1450","0","57.17","23.38"
"63","000","00","005","0506","0000","3156","1220","1936","124","3280","5329","0","61.55","22.89"
"63","000","00","005","0506","1013","822","326","496","34","856","1433","0","59.73","22.75"
"63","000","00","005","0506","1014","818","325","493","44","862","1309","0","65.85","24.83"
"63","000","00","005","0506","1015","822","304","518","12","834","1386","0","60.17","21.93"
"63","000","00","005","0506","1016","694","265","429","34","728","1201","0","60.62","22.06"
"63","000","00","005","0507","0000","3032","1130","1902","124","3156","5107","0","61.8","22.13"
"63","000","00","005","0507","1017","793","300","493","30","823","1336","0","61.6","22.46"
"63","000","00","005","0507","1018","799","307","492","31","830","1358","0","61.12","22.61"
"63","000","00","005","0507","1019","684","260","424","36","720","1177","0","61.17","22.09"
"63","000","00","005","0507","1020","756","263","493","27","783","1236","0","63.35","21.28"
"63","000","00","005","0508","0000","1671","612","1059","70","1741","2952","0","58.98","20.73"
"63","000","00","005","0508","1021","816","290","526","44","860","1478","0","58.19","19.62"
"63","000","00","005","0508","1022","855","322","533","26","881","1474","0","59.77","21.85"
"63","000","00","005","0509","0000","2773","1033","1740","158","2931","4914","0","59.65","21.02"
"63","000","00","005","0509","1023","658","250","408","35","693","1172","0","59.13","21.33"
"63","000","00","005","0509","1024","723","276","447","48","771","1310","0","58.85","21.07"
"63","000","00","005","0509","1025","720","246","474","39","759","1263","0","60.1","19.48"
"63","000","00","005","0509","1026","672","261","411","36","708","1169","0","60.56","22.33"
"63","000","00","005","0510","0000","2223","789","1434","67","2290","3916","0","58.48","20.15"
"63","000","00","005","0510","1027","797","292","505","18","815","1391","0","58.59","20.99"
"63","000","00","005","0510","1028","660","225","435","19","679","1201","0","56.54","18.73"
"63","000","00","005","0510","1029","766","272","494","30","796","1324","0","60.12","20.54"
"63","000","00","005","0511","0000","2919","1100","1819","175","3094","5279","0","58.61","20.84"
"63","000","00","005","0511","1030","647","221","426","43","690","1216","0","56.74","18.17"
"63","000","00","005","0511","1031","648","249","399","41","689","1183","0","58.24","21.05"
"63","000","00","005","0511","1032","833","325","508","59","892","1469","0","60.72","22.12"
"63","000","00","005","0511","1033","791","305","486","32","823","1411","0","58.33","21.62"
"63","000","00","005","0512","0000","2413","866","1547","193","2606","4497","0","57.95","19.26"
"63","000","00","005","0512","1034","770","284","486","75","845","1398","0","60.44","20.31"
"63","000","00","005","0512","1035","780","263","517","67","847","1479","0","57.27","17.78"
"63","000","00","005","0512","1036","863","319","544","51","914","1620","0","56.42","19.69"
"63","000","00","005","0513","0000","1859","725","1134","52","1911","3160","0","60.47","22.94"
"63","000","00","005","0513","1037","602","232","370","13","615","1041","0","59.08","22.29"
"63","000","00","005","0513","1038","599","244","355","16","615","1056","0","58.24","23.11"
"63","000","00","005","0513","1039","658","249","409","23","681","1063","0","64.06","23.42"
"63","000","00","005","0514","0000","2807","963","1844","192","2999","5865","0","51.13","16.42"
"63","000","00","005","0514","1040","711","244","467","38","749","1591","0","47.08","15.34"
"63","000","00","005","0514","1041","667","222","445","51","718","1502","0","47.8","14.78"
"63","000","00","005","0514","1042","668","236","432","47","715","1331","0","53.72","17.73"
"63","000","00","005","0514","1043","761","261","500","56","817","1441","0","56.7","18.11"
"63","000","00","005","0515","0000","2111","726","1385","80","2191","3562","0","61.51","20.38"
"63","000","00","005","0515","1044","768","300","468","31","799","1273","0","62.77","23.57"
"63","000","00","005","0515","1045","676","227","449","23","699","1133","0","61.69","20.04"
"63","000","00","005","0515","1046","667","199","468","26","693","1156","0","59.95","17.21"
"63","000","00","005","0516","0000","1494","554","940","90","1584","2643","0","59.93","20.96"
"63","000","00","005","0516","1047","760","300","460","40","800","1377","0","58.1","21.79"
"63","000","00","005","0516","1048","734","254","480","50","784","1266","0","61.93","20.06"
"63","000","00","005","0517","0000","1342","498","844","51","1393","2235","0","62.33","22.28"
"63","000","00","005","0517","1049","689","235","454","25","714","1111","0","64.27","21.15"
"63","000","00","005","0517","1050","653","263","390","26","679","1124","0","60.41","23.4"
"63","000","00","005","0518","0000","1636","598","1038","55","1691","2724","0","62.08","21.95"
"63","000","00","005","0518","1051","825","306","519","28","853","1373","0","62.13","22.29"
"63","000","00","005","0518","1052","811","292","519","27","838","1351","0","62.03","21.61"
"63","000","00","005","0519","0000","5065","1848","3217","163","5228","8679","0","60.24","21.29"
"63","000","00","005","0519","1053","866","324","542","25","891","1495","0","59.6","21.67"
"63","000","00","005","0519","1054","886","341","545","33","919","1436","0","64.0","23.75"
"63","000","00","005","0519","1055","851","319","532","21","872","1516","0","57.52","21.04"
"63","000","00","005","0519","1056","775","284","491","32","807","1374","0","58.73","20.67"
"63","000","00","005","0519","1057","814","289","525","25","839","1522","0","55.12","18.99"
"63","000","00","005","0519","1058","873","291","582","27","900","1336","0","67.37","21.78"
"63","000","00","005","0520","0000","2630","1013","1617","117","2747","4648","0","59.1","21.79"
"63","000","00","005","0520","1059","886","358","528","32","918","1551","0","59.19","23.08"
"63","000","00","005","0520","1060","910","339","571","46","956","1594","0","59.97","21.27"
"63","000","00","005","0520","1061","834","316","518","39","873","1503","0","58.08","21.02"
"63","000","00","005","0521","0000","4194","1465","2729","138","4332","7237","0","59.86","20.24"
"63","000","00","005","0521","1062","841","289","552","23","864","1455","0","59.38","19.86"
"63","000","00","005","0521","1063","821","309","512","15","836","1439","0","58.1","21.47"
"63","000","00","005","0521","1064","827","306","521","38","865","1469","0","58.88","20.83"
"63","000","00","005","0521","1065","842","245","597","33","875","1430","0","61.19","17.13"
"63","000","00","005","0521","1066","863","316","547","29","892","1444","0","61.77","21.88"
"63","000","00","005","0522","0000","721","254","467","19","740","1254","0","59.01","20.26"
"63","000","00","005","0522","1067","721","254","467","19","740","1254","0","59.01","20.26"
"63","000","00","005","0523","0000","1843","692","1151","96","1939","3213","0","60.35","21.54"
"63","000","00","005","0523","1068","534","206","328","38","572","932","0","61.37","22.1"
"63","000","00","005","0523","1069","613","235","378","32","645","1055","0","61.14","22.27"
"63","000","00","005","0523","1070","696","251","445","26","722","1226","0","58.89","20.47"
"63","000","00","005","0524","0000","1452","525","927","62","1514","2726","0","55.54","19.26"
"63","000","00","005","0524","1071","701","236","465","34","735","1390","0","52.88","16.98"
"63","000","00","005","0524","1072","751","289","462","28","779","1336","0","58.31","21.63"
"63","000","00","005","0525","0000","1515","592","923","75","1590","2780","0","57.19","21.29"
"63","000","00","005","0525","1073","715","285","430","29","744","1419","0","52.43","20.08"
"63","000","00","005","0525","1074","800","307","493","46","846","1361","0","62.16","22.56"
"63","000","00","005","0526","0000","2251","810","1441","59","2310","5016","0","46.05","16.15"
"63","000","00","005","0526","1075","869","302","567","43","912","2520","0","36.19","11.98"
"63","000","00","005","0526","1076","712","254","458","11","723","1224","0","59.07","20.75"
"63","000","00","005","0526","1077","670","254","416","5","675","1272","0","53.07","19.97"
"63","000","00","005","0527","0000","2236","867","1369","98","2334","3951","0","59.07","21.94"
"63","000","00","005","0527","1078","793","331","462","26","819","1400","0","58.5","23.64"
"63","000","00","005","0527","1079","718","273","445","31","749","1319","0","56.79","20.7"
"63","000","00","005","0527","1080","725","263","462","41","766","1232","0","62.18","21.35"
"63","000","00","005","0528","0000","1978","765","1213","70","2048","3274","0","62.55","23.37"
"63","000","00","005","0528","1081","785","308","477","24","809","1265","0","63.95","24.35"
"63","000","00","005","0528","1082","653","250","403","20","673","1055","0","63.79","23.7"
"63","000","00","005","0528","1083","540","207","333","26","566","954","0","59.33","21.7"
"63","000","00","005","0529","0000","2602","1010","1592","118","2720","4703","0","57.84","21.48"
"63","000","00","005","0529","1084","579","206","373","39","618","1018","0","60.71","20.24"
"63","000","00","005","0529","1085","790","301","489","20","810","1431","0","56.6","21.03"
"63","000","00","005","0529","1086","642","276","366","34","676","1271","0","53.19","21.72"
"63","000","00","005","0529","1087","591","227","364","25","616","983","0","62.67","23.09"
"63","000","00","005","0530","0000","3569","1335","2234","131","3700","6409","0","57.73","20.83"
"63","000","00","005","0530","1088","884","334","550","28","912","1594","0","57.21","20.95"
"63","000","00","005","0530","1089","909","345","564","39","948","1565","0","60.58","22.04"
"63","000","00","005","0530","1090","929","342","587","28","957","1650","0","58.0","20.73"
"63","000","00","005","0530","1091","847","314","533","36","883","1600","0","55.19","19.63"
"63","000","00","005","0531","0000","4086","1583","2503","154","4240","7227","0","58.67","21.9"
"63","000","00","005","0531","1092","764","293","471","30","794","1391","0","57.08","21.06"
"63","000","00","005","0531","1093","971","373","598","28","999","1769","0","56.47","21.09"
"63","000","00","005","0531","1094","852","342","510","32","884","1487","0","59.45","23.0"
"63","000","00","005","0531","1095","749","275","474","34","783","1291","0","60.65","21.3"
"63","000","00","005","0531","1096","750","300","450","30","780","1289","0","60.51","23.27"
"63","000","00","006","0000","0000","59088","23597","35491","3422","62510","107557","127833","58.12","21.94"
"63","000","00","006","0601","0000","1504","617","887","85","1589","2613","0","60.81","23.61"
"63","000","00","006","0601","0919","710","300","410","43","753","1261","0","59.71","23.79"
"63","000","00","006","0601","0920","794","317","477","42","836","1352","0","61.83","23.45"
"63","000","00","006","0602","0000","1632","639","993","78","1710","2972","0","57.54","21.5"
"63","000","00","006","0602","0921","805","315","490","34","839","1462","0","57.39","21.55"
"63","000","00","006","0602","0922","827","324","503","44","871","1510","0","57.68","21.46"
"63","000","00","006","0603","0000","2176","860","1316","150","2326","4132","0","56.29","20.81"
"63","000","00","006","0603","0923","772","321","451","30","802","1496","0","53.61","21.46"
"63","000","00","006","0603","0924","707","274","433","48","755","1329","0","56.81","20.62"
"63","000","00","006","0603","0925","697","265","432","72","769","1307","0","58.84","20.28"
"63","000","00","006","0604","0000","1834","758","1076","102","1936","3197","0","60.56","23.71"
"63","000","00","006","0604","0926","590","242","348","43","633","1065","0","59.44","22.72"
"63","000","00","006","0604","0927","613","259","354","18","631","1085","0","58.16","23.87"
"63","000","00","006","0604","0928","631","257","374","41","672","1047","0","64.18","24.55"
"63","000","00","006","0605","0000","2660","1113","1547","155","2815","4703","0","59.86","23.67"
"63","000","00","006","0605","0929","626","293","333","30","656","1215","0","53.99","24.12"
"63","000","00","006","0605","0930","666","293","373","35","701","1117","0","62.76","26.23"
"63","000","00","006","0605","0931","692","279","413","39","731","1186","0","61.64","23.52"
"63","000","00","006","0605","0932","676","248","428","51","727","1185","0","61.35","20.93"
"63","000","00","006","0606","0000","2184","875","1309","102","2286","3923","0","58.27","22.3"
"63","000","00","006","0606","0933","755","277","478","37","792","1359","0","58.28","20.38"
"63","000","00","006","0606","0934","716","259","457","25","741","1273","0","58.21","20.35"
"63","000","00","006","0606","0935","713","339","374","40","753","1291","0","58.33","26.26"
"63","000","00","006","0607","0000","2909","1186","1723","134","3043","5142","0","59.18","23.06"
"63","000","00","006","0607","0936","685","275","410","32","717","1288","0","55.67","21.35"
"63","000","00","006","0607","0937","754","299","455","31","785","1245","0","63.05","24.02"
"63","000","00","006","0607","0938","745","319","426","43","788","1261","0","62.49","25.3"
"63","000","00","006","0607","0939","725","293","432","28","753","1348","0","55.86","21.74"
"63","000","00","006","0608","0000","2436","958","1478","159","2595","4303","0","60.31","22.26"
"63","000","00","006","0608","0940","920","387","533","68","988","1676","0","58.95","23.09"
"63","000","00","006","0608","0941","773","276","497","33","806","1311","0","61.48","21.05"
"63","000","00","006","0608","0942","743","295","448","58","801","1316","0","60.87","22.42"
"63","000","00","006","0609","0000","2378","990","1388","150","2528","4253","0","59.44","23.28"
"63","000","00","006","0609","0943","770","332","438","57","827","1409","0","58.69","23.56"
"63","000","00","006","0609","0944","824","351","473","48","872","1436","0","60.72","24.44"
"63","000","00","006","0609","0945","784","307","477","45","829","1408","0","58.88","21.8"
"63","000","00","006","0610","0000","2074","789","1285","79","2153","3710","0","58.03","21.27"
"63","000","00","006","0610","0946","696","260","436","39","735","1276","0","57.6","20.38"
"63","000","00","006","0610","0947","617","219","398","20","637","1110","0","57.39","19.73"
"63","000","00","006","0610","0948","761","310","451","20","781","1324","0","58.99","23.41"
"63","000","00","006","0611","0000","4547","1682","2865","245","4792","7949","0","60.28","21.16"
"63","000","00","006","0611","0949","555","195","360","44","599","1016","0","58.96","19.19"
"63","000","00","006","0611","0950","611","233","378","33","644","1028","0","62.65","22.67"
"63","000","00","006","0611","0951","660","231","429","39","699","1158","0","60.36","19.95"
"63","000","00","006","0611","0952","671","237","434","30","701","1138","0","61.6","20.83"
"63","000","00","006","0611","0953","707","254","453","29","736","1214","0","60.63","20.92"
"63","000","00","006","0611","0954","616","224","392","23","639","1090","0","58.62","20.55"
"63","000","00","006","0611","0955","727","308","419","47","774","1305","0","59.31","23.6"
"63","000","00","006","0612","0000","1984","776","1208","97","2081","3518","0","59.15","22.06"
"63","000","00","006","0612","0956","625","237","388","28","653","1167","0","55.96","20.31"
"63","000","00","006","0612","0957","639","252","387","39","678","1148","0","59.06","21.95"
"63","000","00","006","0612","0958","720","287","433","30","750","1203","0","62.34","23.86"
"63","000","00","006","0613","0000","3042","1326","1716","167","3209","5427","0","59.13","24.43"
"63","000","00","006","0613","0959","772","320","452","37","809","1441","0","56.14","22.21"
"63","000","00","006","0613","0960","771","477","294","51","822","1315","0","62.51","36.27"
"63","000","00","006","0613","0961","765","315","450","40","805","1393","0","57.79","22.61"
"63","000","00","006","0613","0962","734","214","520","39","773","1278","0","60.49","16.74"
"63","000","00","006","0614","0000","1266","587","679","91","1357","2388","0","56.83","24.58"
"63","000","00","006","0614","0963","654","355","299","38","692","1246","0","55.54","28.49"
"63","000","00","006","0614","0964","612","232","380","53","665","1142","0","58.23","20.32"
"63","000","00","006","0615","0000","1571","622","949","88","1659","2699","0","61.47","23.05"
"63","000","00","006","0615","0965","775","297","478","47","822","1336","0","61.53","22.23"
"63","000","00","006","0615","0966","796","325","471","41","837","1363","0","61.41","23.84"
"63","000","00","006","0616","0000","2418","954","1464","105","2523","4354","0","57.95","21.91"
"63","000","00","006","0616","0967","850","303","547","28","878","1476","0","59.49","20.53"
"63","000","00","006","0616","0968","795","357","438","47","842","1418","0","59.38","25.18"
"63","000","00","006","0616","0969","773","294","479","30","803","1460","0","55.0","20.14"
"63","000","00","006","0617","0000","1177","474","703","111","1288","2468","0","52.19","19.21"
"63","000","00","006","0617","0970","599","252","347","38","637","1222","0","52.13","20.62"
"63","000","00","006","0617","0971","578","222","356","73","651","1246","0","52.25","17.82"
"63","000","00","006","0618","0000","2183","850","1333","99","2282","3885","0","58.74","21.88"
"63","000","00","006","0618","0972","739","279","460","47","786","1256","0","62.58","22.21"
"63","000","00","006","0618","0973","724","280","444","28","752","1289","0","58.34","21.72"
"63","000","00","006","0618","0974","720","291","429","24","744","1340","0","55.52","21.72"
"63","000","00","006","0619","0000","1577","596","981","98","1675","4014","0","41.73","14.85"
"63","000","00","006","0619","0975","795","322","473","42","837","1555","0","53.83","20.71"
"63","000","00","006","0619","0976","782","274","508","56","838","2459","0","34.08","11.14"
"63","000","00","006","0620","0000","2334","943","1391","186","2520","4466","0","56.43","21.12"
"63","000","00","006","0620","0977","481","176","305","56","537","1108","0","48.47","15.88"
"63","000","00","006","0620","0978","448","160","288","37","485","867","0","55.94","18.45"
"63","000","00","006","0620","0979","766","326","440","56","822","1329","0","61.85","24.53"
"63","000","00","006","0620","0980","639","281","358","37","676","1162","0","58.18","24.18"
"63","000","00","006","0621","0000","3003","1236","1767","189","3192","5823","0","54.82","21.23"
"63","000","00","006","0621","0981","726","272","454","66","792","1434","0","55.23","18.97"
"63","000","00","006","0621","0982","743","315","428","51","794","1351","0","58.77","23.32"
"63","000","00","006","0621","0983","786","321","465","48","834","1531","0","54.47","20.97"
"63","000","00","006","0621","0984","748","328","420","24","772","1507","0","51.23","21.77"
"63","000","00","006","0622","0000","3951","1561","2390","232","4183","7142","0","58.57","21.86"
"63","000","00","006","0622","0985","792","338","454","49","841","1488","0","56.52","22.72"
"63","000","00","006","0622","0986","797","325","472","58","855","1384","0","61.78","23.48"
"63","000","00","006","0622","0987","801","278","523","53","854","1460","0","58.49","19.04"
"63","000","00","006","0622","0988","788","310","478","45","833","1371","0","60.76","22.61"
"63","000","00","006","0622","0989","773","310","463","27","800","1439","0","55.59","21.54"
"63","000","00","006","0624","0000","2917","1150","1767","218","3135","5195","0","60.35","22.14"
"63","000","00","006","0624","0990","778","335","443","58","836","1376","0","60.76","24.35"
"63","000","00","006","0624","0991","716","271","445","67","783","1366","0","57.32","19.84"
"63","000","00","006","0624","0992","737","297","440","49","786","1218","0","64.53","24.38"
"63","000","00","006","0624","0993","686","247","439","44","730","1235","0","59.11","20.0"
"63","000","00","006","0625","0000","3210","1223","1987","179","3389","5651","0","59.97","21.64"
"63","000","00","006","0625","0994","720","234","486","19","739","1364","0","54.18","17.16"
"63","000","00","006","0625","0995","859","345","514","52","911","1408","0","64.7","24.5"
"63","000","00","006","0625","0996","799","326","473","52","851","1450","0","58.69","22.48"
"63","000","00","006","0625","0997","832","318","514","56","888","1429","0","62.14","22.25"
"63","000","00","006","0626","0000","2121","832","1289","123","2244","3630","0","61.82","22.92"
"63","000","00","006","0626","0998","658","259","399","58","716","1170","0","61.2","22.14"
"63","000","00","006","0626","0999","733","271","462","5","738","1245","0","59.28","21.77"
"63","000","00","006","0626","1000","730","302","428","60","790","1215","0","65.02","24.86"
"63","000","00","007","0000","0000","86240","32071","54169","5330","91570","164020","189875","55.83","19.55"
"63","000","00","007","0701","0000","2505","950","1555","150","2655","4833","0","54.93","19.66"
"63","000","00","007","0701","1097","737","291","446","47","784","1305","0","60.08","22.3"
"63","000","00","007","0701","1098","549","192","357","55","604","1183","0","51.06","16.23"
"63","000","00","007","0701","1099","634","228","406","22","656","1176","0","55.78","19.39"
"63","000","00","007","0701","1100","585","239","346","26","611","1169","0","52.27","20.44"
"63","000","00","007","0702","0000","1408","497","911","93","1501","3020","0","49.7","16.46"
"63","000","00","007","0702","1101","704","231","473","37","741","1457","0","50.86","15.85"
"63","000","00","007","0702","1102","704","266","438","56","760","1563","0","48.62","17.02"
"63","000","00","007","0703","0000","1641","672","969","62","1703","3386","0","50.3","19.85"
"63","000","00","007","0703","1103","846","341","505","23","869","1771","0","49.07","19.25"
"63","000","00","007","0703","1104","795","331","464","39","834","1615","0","51.64","20.5"
"63","000","00","007","0704","0000","2974","1120","1854","184","3158","5794","0","54.5","19.33"
"63","000","00","007","0704","1105","765","314","451","67","832","1478","0","56.29","21.24"
"63","000","00","007","0704","1106","774","293","481","27","801","1462","0","54.79","20.04"
"63","000","00","007","0704","1107","693","226","467","43","736","1507","0","48.84","15.0"
"63","000","00","007","0704","1108","742","287","455","47","789","1347","0","58.57","21.31"
"63","000","00","007","0705","0000","2963","1195","1768","177","3140","5489","0","57.21","21.77"
"63","000","00","007","0705","1109","690","263","427","43","733","1367","0","53.62","19.24"
"63","000","00","007","0705","1110","745","296","449","39","784","1277","0","61.39","23.18"
"63","000","00","007","0705","1111","790","332","458","49","839","1395","0","60.14","23.8"
"63","000","00","007","0705","1112","738","304","434","46","784","1450","0","54.07","20.97"
"63","000","00","007","0706","0000","2630","973","1657","170","2800","5192","0","53.93","18.74"
"63","000","00","007","0706","1113","662","261","401","35","697","1340","0","52.01","19.48"
"63","000","00","007","0706","1114","625","243","382","40","665","1242","0","53.54","19.57"
"63","000","00","007","0706","1115","658","235","423","56","714","1286","0","55.52","18.27"
"63","000","00","007","0706","1116","685","234","451","39","724","1324","0","54.68","17.67"
"63","000","00","007","0707","0000","2153","831","1322","157","2310","4411","0","52.37","18.84"
"63","000","00","007","0707","1117","796","327","469","59","855","1619","0","52.81","20.2"
"63","000","00","007","0707","1118","617","235","382","59","676","1352","0","50.0","17.38"
"63","000","00","007","0707","1119","740","269","471","39","779","1440","0","54.1","18.68"
"63","000","00","007","0708","0000","1948","778","1170","145","2093","3514","0","59.56","22.14"
"63","000","00","007","0708","1120","672","290","382","48","720","1194","0","60.3","24.29"
"63","000","00","007","0708","1121","647","228","419","43","690","1083","0","63.71","21.05"
"63","000","00","007","0708","1122","629","260","369","54","683","1237","0","55.21","21.02"
"63","000","00","007","0709","0000","2361","972","1389","135","2496","4301","0","58.03","22.6"
"63","000","00","007","0709","1123","850","361","489","36","886","1625","0","54.52","22.22"
"63","000","00","007","0709","1124","757","290","467","47","804","1324","0","60.73","21.9"
"63","000","00","007","0709","1125","754","321","433","52","806","1352","0","59.62","23.74"
"63","000","00","007","0710","0000","2299","911","1388","145","2444","5559","0","43.96","16.39"
"63","000","00","007","0710","1126","705","279","426","35","740","2630","0","28.14","10.61"
"63","000","00","007","0710","1127","849","336","513","62","911","1504","0","60.57","22.34"
"63","000","00","007","0710","1128","745","296","449","48","793","1425","0","55.65","20.77"
"63","000","00","007","0711","0000","3307","1299","2008","217","3524","6398","0","55.08","20.3"
"63","000","00","007","0711","1144","533","217","316","32","565","1052","0","53.71","20.63"
"63","000","00","007","0711","1145","607","243","364","36","643","1135","0","56.65","21.41"
"63","000","00","007","0711","1146","638","235","403","55","693","1225","0","56.57","19.18"
"63","000","00","007","0711","1147","795","293","502","43","838","1583","0","52.94","18.51"
"63","000","00","007","0711","1148","734","311","423","51","785","1403","0","55.95","22.17"
"63","000","00","007","0712","0000","2197","874","1323","145","2342","3995","0","58.62","21.88"
"63","000","00","007","0712","1149","767","306","461","47","814","1406","0","57.89","21.76"
"63","000","00","007","0712","1150","765","284","481","51","816","1401","0","58.24","20.27"
"63","000","00","007","0712","1151","665","284","381","47","712","1188","0","59.93","23.91"
"63","000","00","007","0713","0000","1722","475","1247","73","1795","3076","0","58.36","15.44"
"63","000","00","007","0713","1198","780","238","542","36","816","1485","0","54.95","16.03"
"63","000","00","007","0713","1199","942","237","705","37","979","1591","0","61.53","14.9"
"63","000","00","007","0714","0000","4437","1433","3004","178","4615","7544","0","61.17","19.0"
"63","000","00","007","0714","1200","872","275","597","38","910","1394","0","65.28","19.73"
"63","000","00","007","0714","1201","895","283","612","28","923","1522","0","60.64","18.59"
"63","000","00","007","0714","1202","974","278","696","32","1006","1661","0","60.57","16.74"
"63","000","00","007","0714","1203","830","300","530","39","869","1561","0","55.67","19.22"
"63","000","00","007","0714","1204","866","297","569","41","907","1406","0","64.51","21.12"
"63","000","00","007","0715","0000","2681","1146","1535","168","2849","4891","0","58.25","23.43"
"63","000","00","007","0715","1137","650","260","390","25","675","1228","0","54.97","21.17"
"63","000","00","007","0715","1138","670","236","434","54","724","1268","0","57.1","18.61"
"63","000","00","007","0715","1139","682","253","429","53","735","1207","0","60.89","20.96"
"63","000","00","007","0715","1140","679","397","282","36","715","1188","0","60.19","33.42"
"63","000","00","007","0716","0000","3091","1182","1909","204","3295","6228","0","52.91","18.98"
"63","000","00","007","0716","1152","804","306","498","61","865","1597","0","54.16","19.16"
"63","000","00","007","0716","1153","729","276","453","70","799","1290","0","61.94","21.4"
"63","000","00","007","0716","1154","836","319","517","34","870","1746","0","49.83","18.27"
"63","000","00","007","0716","1155","722","281","441","39","761","1595","0","47.71","17.62"
"63","000","00","007","0717","0000","1798","658","1140","111","1909","3860","0","49.46","17.05"
"63","000","00","007","0717","1141","753","281","472","42","795","1474","0","53.93","19.06"
"63","000","00","007","0717","1142","614","221","393","22","636","1304","0","48.77","16.95"
"63","000","00","007","0717","1143","431","156","275","47","478","1082","0","44.18","14.42"
"63","000","00","007","0718","0000","4073","1493","2580","257","4330","7643","0","56.65","19.53"
"63","000","00","007","0718","1132","750","267","483","56","806","1447","0","55.7","18.45"
"63","000","00","007","0718","1133","810","285","525","56","866","1491","0","58.08","19.11"
"63","000","00","007","0718","1134","855","322","533","43","898","1500","0","59.87","21.47"
"63","000","00","007","0718","1135","884","323","561","48","932","1582","0","58.91","20.42"
"63","000","00","007","0718","1136","774","296","478","54","828","1623","0","51.02","18.24"
"63","000","00","007","0719","0000","2302","894","1408","180","2482","4677","0","53.07","19.11"
"63","000","00","007","0719","1129","757","287","470","61","818","1591","0","51.41","18.04"
"63","000","00","007","0719","1130","755","282","473","60","815","1474","0","55.29","19.13"
"63","000","00","007","0719","1131","790","325","465","59","849","1612","0","52.67","20.16"
"63","000","00","007","0720","0000","1900","737","1163","103","2003","3212","0","62.36","22.95"
"63","000","00","007","0720","1163","606","232","374","26","632","1036","0","61.0","22.39"
"63","000","00","007","0720","1164","629","249","380","38","667","1035","0","64.44","24.06"
"63","000","00","007","0720","1165","665","256","409","39","704","1141","0","61.7","22.44"
"63","000","00","007","0721","0000","2707","935","1772","177","2884","5522","0","52.23","16.93"
"63","000","00","007","0721","1205","669","256","413","40","709","1498","0","47.33","17.09"
"63","000","00","007","0721","1206","661","218","443","48","709","1478","0","47.97","14.75"
"63","000","00","007","0721","1207","604","217","387","46","650","1170","0","55.56","18.55"
"63","000","00","007","0721","1208","773","244","529","43","816","1376","0","59.3","17.73"
"63","000","00","007","0722","0000","2186","813","1373","136","2322","3885","0","59.77","20.93"
"63","000","00","007","0722","1166","721","259","462","30","751","1271","0","59.09","20.38"
"63","000","00","007","0722","1167","749","293","456","60","809","1328","0","60.92","22.06"
"63","000","00","007","0722","1168","716","261","455","46","762","1286","0","59.25","20.3"
"63","000","00","007","0723","0000","1566","539","1027","108","1674","2903","0","57.66","18.57"
"63","000","00","007","0723","1172","901","304","597","52","953","1623","0","58.72","18.73"
"63","000","00","007","0723","1173","665","235","430","56","721","1280","0","56.33","18.36"
"63","000","00","007","0724","0000","2994","1117","1877","270","3264","6128","0","53.26","18.23"
"63","000","00","007","0724","1156","854","332","522","81","935","1701","0","54.97","19.52"
"63","000","00","007","0724","1157","608","228","380","57","665","1339","0","49.66","17.03"
"63","000","00","007","0724","1158","684","245","439","69","753","1484","0","50.74","16.51"
"63","000","00","007","0724","1159","848","312","536","63","911","1604","0","56.8","19.45"
"63","000","00","007","0725","0000","2570","1008","1562","156","2726","4923","0","55.37","20.48"
"63","000","00","007","0725","1169","926","363","563","64","990","1679","0","58.96","21.62"
"63","000","00","007","0725","1170","858","339","519","55","913","1619","0","56.39","20.94"
"63","000","00","007","0725","1171","786","306","480","37","823","1625","0","50.65","18.83"
"63","000","00","007","0726","0000","2088","832","1256","141","2229","3767","0","59.17","22.09"
"63","000","00","007","0726","1160","670","253","417","31","701","1197","0","58.56","21.14"
"63","000","00","007","0726","1161","675","274","401","67","742","1347","0","55.09","20.34"
"63","000","00","007","0726","1162","743","305","438","43","786","1223","0","64.27","24.94"
"63","000","00","007","0727","0000","1663","614","1049","111","1774","2911","0","60.94","21.09"
"63","000","00","007","0727","1180","790","296","494","41","831","1342","0","61.92","22.06"
"63","000","00","007","0727","1181","873","318","555","70","943","1569","0","60.1","20.27"
"63","000","00","007","0728","0000","2218","859","1359","114","2332","4194","0","55.6","20.48"
"63","000","00","007","0728","1177","764","318","446","33","797","1373","0","58.05","23.16"
"63","000","00","007","0728","1178","721","266","455","54","775","1394","0","55.6","19.08"
"63","000","00","007","0728","1179","733","275","458","27","760","1427","0","53.26","19.27"
"63","000","00","007","0729","0000","1514","541","973","87","1601","3234","0","49.51","16.73"
"63","000","00","007","0729","1182","710","238","472","50","760","1514","0","50.2","15.72"
"63","000","00","007","0729","1183","804","303","501","37","841","1720","0","48.9","17.62"
"63","000","00","007","0730","0000","2580","952","1628","158","2738","4533","0","60.4","21.0"
"63","000","00","007","0730","1174","912","325","587","62","974","1608","0","60.57","20.21"
"63","000","00","007","0730","1175","799","306","493","53","852","1453","0","58.64","21.06"
"63","000","00","007","0730","1176","869","321","548","43","912","1472","0","61.96","21.81"
"63","000","00","007","0731","0000","2141","777","1364","139","2280","4154","0","54.89","18.7"
"63","000","00","007","0731","1188","652","226","426","34","686","1307","0","52.49","17.29"
"63","000","00","007","0731","1189","783","273","510","61","844","1420","0","59.44","19.23"
"63","000","00","007","0731","1190","706","278","428","44","750","1427","0","52.56","19.48"
"63","000","00","007","0732","0000","3133","1182","1951","184","3317","5505","0","60.25","21.47"
"63","000","00","007","0732","1184","862","317","545","60","922","1461","0","63.11","21.7"
"63","000","00","007","0732","1185","674","255","419","32","706","1264","0","55.85","20.17"
"63","000","00","007","0732","1186","774","274","500","58","832","1334","0","62.37","20.54"
"63","000","00","007","0732","1187","823","336","487","34","857","1446","0","59.27","23.24"
"63","000","00","007","0733","0000","2659","855","1804","195","2854","4900","0","58.24","17.45"
"63","000","00","007","0733","1191","504","165","339","42","546","956","0","57.11","17.26"
"63","000","00","007","0733","1192","720","246","474","77","797","1352","0","58.95","18.2"
"63","000","00","007","0733","1193","734","239","495","47","781","1370","0","57.01","17.45"
"63","000","00","007","0733","1194","701","205","496","29","730","1222","0","59.74","16.78"
"63","000","00","007","0734","0000","2345","710","1635","122","2467","4365","0","56.52","16.27"
"63","000","00","007","0734","1195","758","205","553","37","795","1375","0","57.82","14.91"
"63","000","00","007","0734","1196","807","248","559","43","850","1463","0","58.1","16.95"
"63","000","00","007","0734","1197","780","257","523","42","822","1527","0","53.83","16.83"
"63","000","00","007","0735","0000","1862","664","1198","123","1985","3296","0","60.22","20.15"
"63","000","00","007","0735","1209","605","219","386","19","624","1093","0","57.09","20.04"
"63","000","00","007","0735","1210","630","227","403","54","684","1084","0","63.1","20.94"
"63","000","00","007","0735","1211","627","218","409","50","677","1119","0","60.5","19.48"
"63","000","00","007","0736","0000","1624","583","1041","55","1679","2777","0","60.46","20.99"
"63","000","00","007","0736","1212","833","281","552","23","856","1381","0","61.98","20.35"
"63","000","00","007","0736","1213","791","302","489","32","823","1396","0","58.95","21.63"
"63","000","00","008","0000","0000","130127","47668","82459","5924","136051","227211","273883","59.88","20.98"
"63","000","00","008","0801","0000","3459","1255","2204","160","3619","6228","0","58.11","20.15"
"63","000","00","008","0801","1402","829","310","519","39","868","1539","0","56.4","20.14"
"63","000","00","008","0801","1403","817","274","543","26","843","1548","0","54.46","17.7"
"63","000","00","008","0801","1404","851","309","542","56","907","1493","0","60.75","20.7"
"63","000","00","008","0801","1405","962","362","600","39","1001","1648","0","60.74","21.97"
"63","000","00","008","0802","0000","3481","1218","2263","162","3643","6155","0","59.19","19.79"
"63","000","00","008","0802","1406","852","306","546","43","895","1544","0","57.97","19.82"
"63","000","00","008","0802","1407","867","304","563","41","908","1557","0","58.32","19.52"
"63","000","00","008","0802","1408","819","289","530","34","853","1514","0","56.34","19.09"
"63","000","00","008","0802","1409","943","319","624","44","987","1540","0","64.09","20.71"
"63","000","00","008","0803","0000","2571","930","1641","111","2682","4365","0","61.44","21.31"
"63","000","00","008","0803","1410","883","337","546","26","909","1466","0","62.01","22.99"
"63","000","00","008","0803","1411","847","297","550","39","886","1444","0","61.36","20.57"
"63","000","00","008","0803","1412","841","296","545","46","887","1455","0","60.96","20.34"
"63","000","00","008","0804","0000","3177","1136","2041","128","3305","5676","0","58.23","20.01"
"63","000","00","008","0804","1413","773","260","513","32","805","1440","0","55.9","18.06"
"63","000","00","008","0804","1414","822","271","551","43","865","1398","0","61.87","19.38"
"63","000","00","008","0804","1415","789","323","466","13","802","1412","0","56.8","22.88"
"63","000","00","008","0804","1416","793","282","511","40","833","1426","0","58.42","19.78"
"63","000","00","008","0805","0000","2476","902","1574","106","2582","4345","0","59.42","20.76"
"63","000","00","008","0805","1417","821","302","519","35","856","1437","0","59.57","21.02"
"63","000","00","008","0805","1418","768","265","503","44","812","1340","0","60.6","19.78"
"63","000","00","008","0805","1419","887","335","552","27","914","1568","0","58.29","21.36"
"63","000","00","008","0806","0000","2840","1029","1811","117","2957","5016","0","58.95","20.51"
"63","000","00","008","0806","1420","770","256","514","23","793","1372","0","57.8","18.66"
"63","000","00","008","0806","1421","592","225","367","25","617","1046","0","58.99","21.51"
"63","000","00","008","0806","1422","720","276","444","45","765","1274","0","60.05","21.66"
"63","000","00","008","0806","1423","758","272","486","24","782","1324","0","59.06","20.54"
"63","000","00","008","0807","0000","2764","1009","1755","117","2881","4829","0","59.66","20.89"
"63","000","00","008","0807","1424","945","334","611","42","987","1722","0","57.32","19.4"
"63","000","00","008","0807","1425","982","347","635","52","1034","1737","0","59.53","19.98"
"63","000","00","008","0807","1426","837","328","509","23","860","1370","0","62.77","23.94"
"63","000","00","008","0808","0000","2279","875","1404","104","2383","3961","0","60.16","22.09"
"63","000","00","008","0808","1427","844","331","513","35","879","1495","0","58.8","22.14"
"63","000","00","008","0808","1428","759","296","463","42","801","1328","0","60.32","22.29"
"63","000","00","008","0808","1429","676","248","428","27","703","1138","0","61.78","21.79"
"63","000","00","008","0809","0000","3752","1325","2427","166","3918","6217","0","63.02","21.31"
"63","000","00","008","0809","1430","865","302","563","25","890","1471","0","60.5","20.53"
"63","000","00","008","0809","1431","689","243","446","28","717","1144","0","62.67","21.24"
"63","000","00","008","0809","1432","723","261","462","39","762","1176","0","64.8","22.19"
"63","000","00","008","0809","1433","733","249","484","38","771","1212","0","63.61","20.54"
"63","000","00","008","0809","1434","742","270","472","36","778","1214","0","64.09","22.24"
"63","000","00","008","0810","0000","2690","989","1701","166","2856","4778","0","59.77","20.7"
"63","000","00","008","0810","1435","635","246","389","36","671","1170","0","57.35","21.03"
"63","000","00","008","0810","1436","751","269","482","38","789","1308","0","60.32","20.57"
"63","000","00","008","0810","1437","671","242","429","57","728","1190","0","61.18","20.34"
"63","000","00","008","0810","1438","633","232","401","35","668","1110","0","60.18","20.9"
"63","000","00","008","0811","0000","1688","565","1123","69","1757","2899","0","60.61","19.49"
"63","000","00","008","0811","1439","868","307","561","36","904","1512","0","59.79","20.3"
"63","000","00","008","0811","1440","820","258","562","33","853","1387","0","61.5","18.6"
"63","000","00","008","0812","0000","2407","915","1492","137","2544","4209","0","60.44","21.74"
"63","000","00","008","0812","1441","775","297","478","38","813","1355","0","60.0","21.92"
"63","000","00","008","0812","1442","777","302","475","56","833","1370","0","60.8","22.04"
"63","000","00","008","0812","1443","855","316","539","43","898","1484","0","60.51","21.29"
"63","000","00","008","0813","0000","2461","905","1556","126","2587","4240","0","61.01","21.34"
"63","000","00","008","0813","1444","993","371","622","53","1046","1786","0","58.57","20.77"
"63","000","00","008","0813","1445","708","248","460","48","756","1260","0","60.0","19.68"
"63","000","00","008","0813","1446","760","286","474","25","785","1194","0","65.75","23.95"
"63","000","00","008","0814","0000","1688","635","1053","87","1775","2936","0","60.46","21.63"
"63","000","00","008","0814","1450","800","307","493","54","854","1450","0","58.9","21.17"
"63","000","00","008","0814","1451","888","328","560","33","921","1486","0","61.98","22.07"
"63","000","00","008","0815","0000","3885","1414","2471","145","4030","6643","0","60.67","21.29"
"63","000","00","008","0815","1452","751","270","481","30","781","1259","0","62.03","21.45"
"63","000","00","008","0815","1453","794","285","509","20","814","1317","0","61.81","21.64"
"63","000","00","008","0815","1454","794","296","498","37","831","1321","0","62.91","22.41"
"63","000","00","008","0815","1455","832","300","532","35","867","1475","0","58.78","20.34"
"63","000","00","008","0815","1456","714","263","451","23","737","1271","0","57.99","20.69"
"63","000","00","008","0816","0000","2920","1056","1864","131","3051","5159","0","59.14","20.47"
"63","000","00","008","0816","1457","932","357","575","40","972","1609","0","60.41","22.19"
"63","000","00","008","0816","1458","818","263","555","23","841","1501","0","56.03","17.52"
"63","000","00","008","0816","1459","527","189","338","28","555","997","0","55.67","18.96"
"63","000","00","008","0816","1460","643","247","396","40","683","1052","0","64.92","23.48"
"63","000","00","008","0817","0000","2847","1047","1800","156","3003","4847","0","61.96","21.6"
"63","000","00","008","0817","1461","720","268","452","46","766","1247","0","61.43","21.49"
"63","000","00","008","0817","1462","691","265","426","38","729","1167","0","62.47","22.71"
"63","000","00","008","0817","1463","763","276","487","30","793","1280","0","61.95","21.56"
"63","000","00","008","0817","1464","673","238","435","42","715","1153","0","62.01","20.64"
"63","000","00","008","0818","0000","3457","1214","2243","144","3601","5817","0","61.9","20.87"
"63","000","00","008","0818","1465","895","336","559","34","929","1557","0","59.67","21.58"
"63","000","00","008","0818","1466","812","253","559","47","859","1444","0","59.49","17.52"
"63","000","00","008","0818","1467","916","348","568","29","945","1459","0","64.77","23.85"
"63","000","00","008","0818","1468","834","277","557","34","868","1357","0","63.96","20.41"
"63","000","00","008","0819","0000","2992","1122","1870","146","3138","4847","0","64.74","23.15"
"63","000","00","008","0819","1469","763","269","494","29","792","1194","0","66.33","22.53"
"63","000","00","008","0819","1470","720","280","440","45","765","1184","0","64.61","23.65"
"63","000","00","008","0819","1471","693","264","429","26","719","1119","0","64.25","23.59"
"63","000","00","008","0819","1472","816","309","507","46","862","1350","0","63.85","22.89"
"63","000","00","008","0820","0000","4299","1415","2884","145","4444","7265","0","61.17","19.48"
"63","000","00","008","0820","1473","814","268","546","27","841","1502","0","55.99","17.84"
"63","000","00","008","0820","1474","889","300","589","33","922","1511","0","61.02","19.85"
"63","000","00","008","0820","1475","905","351","554","31","936","1481","0","63.2","23.7"
"63","000","00","008","0820","1476","911","214","697","30","941","1477","0","63.71","14.49"
"63","000","00","008","0820","1477","780","282","498","24","804","1294","0","62.13","21.79"
"63","000","00","008","0821","0000","2155","804","1351","103","2258","3516","0","64.22","22.87"
"63","000","00","008","0821","1478","684","244","440","25","709","1040","0","68.17","23.46"
"63","000","00","008","0821","1479","797","282","515","38","835","1323","0","63.11","21.32"
"63","000","00","008","0821","1480","674","278","396","40","714","1153","0","61.93","24.11"
"63","000","00","008","0822","0000","3401","1201","2200","129","3530","5896","0","59.87","20.37"
"63","000","00","008","0822","1481","886","308","578","20","906","1525","0","59.41","20.2"
"63","000","00","008","0822","1482","753","250","503","39","792","1412","0","56.09","17.71"
"63","000","00","008","0822","1483","894","372","522","39","933","1473","0","63.34","25.25"
"63","000","00","008","0822","1484","868","271","597","31","899","1486","0","60.5","18.24"
"63","000","00","008","0823","0000","3600","1273","2327","150","3750","6013","0","62.36","21.17"
"63","000","00","008","0823","1485","974","338","636","41","1015","1616","0","62.81","20.92"
"63","000","00","008","0823","1486","891","301","590","39","930","1489","0","62.46","20.21"
"63","000","00","008","0823","1487","810","276","534","32","842","1414","0","59.55","19.52"
"63","000","00","008","0823","1488","925","358","567","38","963","1494","0","64.46","23.96"
"63","000","00","008","0824","0000","4654","1689","2965","183","4837","7764","0","62.3","21.75"
"63","000","00","008","0824","1489","921","328","593","39","960","1547","0","62.06","21.2"
"63","000","00","008","0824","1490","923","322","601","45","968","1587","0","61.0","20.29"
"63","000","00","008","0824","1491","948","348","600","20","968","1515","0","63.89","22.97"
"63","000","00","008","0824","1492","951","346","605","39","990","1573","0","62.94","22.0"
"63","000","00","008","0824","1493","911","345","566","40","951","1542","0","61.67","22.37"
"63","000","00","008","0825","0000","1747","672","1075","124","1871","3536","0","52.91","19.0"
"63","000","00","008","0825","1494","767","286","481","44","811","1465","0","55.36","19.52"
"63","000","00","008","0825","1495","308","130","178","38","346","699","0","49.5","18.6"
"63","000","00","008","0825","1496","672","256","416","42","714","1372","0","52.04","18.66"
"63","000","00","008","0826","0000","3377","1250","2127","156","3533","6057","0","58.33","20.64"
"63","000","00","008","0826","1497","706","254","452","42","748","1448","0","51.66","17.54"
"63","000","00","008","0826","1498","869","297","572","48","917","1548","0","59.24","19.19"
"63","000","00","008","0826","1499","872","343","529","33","905","1501","0","60.29","22.85"
"63","000","00","008","0826","1500","930","356","574","33","963","1560","0","61.73","22.82"
"63","000","00","008","0827","0000","4478","1612","2866","166","4644","7736","0","60.03","20.84"
"63","000","00","008","0827","1501","883","328","555","36","919","1567","0","58.65","20.93"
"63","000","00","008","0827","1502","891","352","539","28","919","1554","0","59.14","22.65"
"63","000","00","008","0827","1503","872","300","572","45","917","1544","0","59.39","19.43"
"63","000","00","008","0827","1504","890","316","574","34","924","1528","0","60.47","20.68"
"63","000","00","008","0827","1505","942","316","626","23","965","1543","0","62.54","20.48"
"63","000","00","008","0828","0000","4258","1587","2671","241","4499","9127","0","49.29","17.39"
"63","000","00","008","0828","1506","922","350","572","43","965","2754","0","35.04","12.71"
"63","000","00","008","0828","1507","843","314","529","50","893","1709","0","52.25","18.37"
"63","000","00","008","0828","1508","807","289","518","63","870","1515","0","57.43","19.08"
"63","000","00","008","0828","1509","822","302","520","40","862","1571","0","54.87","19.22"
"63","000","00","008","0828","1510","864","332","532","45","909","1578","0","57.6","21.04"
"63","000","00","008","0829","0000","3721","1343","2378","198","3919","6503","0","60.26","20.65"
"63","000","00","008","0829","1511","783","291","492","39","822","1454","0","56.53","20.01"
"63","000","00","008","0829","1512","810","291","519","49","859","1436","0","59.82","20.26"
"63","000","00","008","0829","1513","843","289","554","39","882","1402","0","62.91","20.61"
"63","000","00","008","0829","1514","663","243","420","40","703","1117","0","62.94","21.75"
"63","000","00","008","0829","1515","622","229","393","31","653","1094","0","59.69","20.93"
"63","000","00","008","0830","0000","4263","1491","2772","223","4486","7402","0","60.61","20.14"
"63","000","00","008","0830","1519","754","258","496","31","785","1385","0","56.68","18.63"
"63","000","00","008","0830","1520","819","328","491","43","862","1416","0","60.88","23.16"
"63","000","00","008","0830","1521","870","294","576","37","907","1412","0","64.24","20.82"
"63","000","00","008","0830","1522","830","284","546","56","886","1535","0","57.72","18.5"
"63","000","00","008","0830","1523","990","327","663","56","1046","1654","0","63.24","19.77"
"63","000","00","008","0831","0000","2899","1065","1834","107","3006","4781","0","62.87","22.28"
"63","000","00","008","0831","1524","713","263","450","25","738","1156","0","63.84","22.75"
"63","000","00","008","0831","1525","752","288","464","26","778","1231","0","63.2","23.4"
"63","000","00","008","0831","1526","696","219","477","32","728","1218","0","59.77","17.98"
"63","000","00","008","0831","1527","738","295","443","24","762","1176","0","64.8","25.09"
"63","000","00","008","0832","0000","2778","985","1793","143","2921","4889","0","59.75","20.15"
"63","000","00","008","0832","1532","906","330","576","39","945","1613","0","58.59","20.46"
"63","000","00","008","0832","1533","972","315","657","59","1031","1697","0","60.75","18.56"
"63","000","00","008","0832","1534","900","340","560","45","945","1579","0","59.85","21.53"
"63","000","00","008","0833","0000","3993","1508","2485","182","4175","6932","0","60.23","21.75"
"63","000","00","008","0833","1538","948","414","534","39","987","1646","0","59.96","25.15"
"63","000","00","008","0833","1539","750","263","487","38","788","1286","0","61.28","20.45"
"63","000","00","008","0833","1540","714","282","432","27","741","1219","0","60.79","23.13"
"63","000","00","008","0833","1541","767","276","491","30","797","1292","0","61.69","21.36"
"63","000","00","008","0833","1542","814","273","541","48","862","1489","0","57.89","18.33"
"63","000","00","008","0834","0000","2837","1285","1552","107","2944","5133","0","57.35","25.03"
"63","000","00","008","0834","1547","884","359","525","23","907","1816","0","49.94","19.77"
"63","000","00","008","0834","1548","540","217","323","26","566","985","0","57.46","22.03"
"63","000","00","008","0834","1549","780","293","487","24","804","1314","0","61.19","22.3"
"63","000","00","008","0834","1550","633","416","217","34","667","1018","0","65.52","40.86"
"63","000","00","008","0835","0000","4099","1558","2541","173","4272","7131","0","59.91","21.85"
"63","000","00","008","0835","1551","911","351","560","32","943","1578","0","59.76","22.24"
"63","000","00","008","0835","1552","826","316","510","30","856","1457","0","58.75","21.69"
"63","000","00","008","0835","1553","779","283","496","41","820","1326","0","61.84","21.34"
"63","000","00","008","0835","1554","828","305","523","34","862","1393","0","61.88","21.9"
"63","000","00","008","0835","1555","755","303","452","36","791","1377","0","57.44","22.0"
"63","000","00","008","0836","0000","1871","723","1148","120","1991","3454","0","57.64","20.93"
"63","000","00","008","0836","1560","758","305","453","38","796","1288","0","61.8","23.68"
"63","000","00","008","0836","1561","684","270","414","34","718","1301","0","55.19","20.75"
"63","000","00","008","0836","1562","429","148","281","48","477","865","0","55.14","17.11"
"63","000","00","008","0837","0000","407","150","257","34","441","789","0","55.89","19.01"
"63","000","00","008","0837","1563","407","150","257","34","441","789","0","55.89","19.01"
"63","000","00","008","0838","0000","2212","712","1500","112","2324","3615","0","64.29","19.7"
"63","000","00","008","0838","1516","649","201","448","39","688","1070","0","64.3","18.79"
"63","000","00","008","0838","1517","809","258","551","37","846","1319","0","64.14","19.56"
"63","000","00","008","0838","1518","754","253","501","36","790","1226","0","64.44","20.64"
"63","000","00","008","0839","0000","3529","1372","2157","163","3692","6498","0","56.82","21.11"
"63","000","00","008","0839","1543","953","428","525","36","989","1611","0","61.39","26.57"
"63","000","00","008","0839","1544","774","293","481","36","810","1549","0","52.29","18.92"
"63","000","00","008","0839","1545","896","314","582","55","951","1678","0","56.67","18.71"
"63","000","00","008","0839","1546","906","337","569","36","942","1660","0","56.75","20.3"
"63","000","00","008","0840","0000","3677","1542","2135","139","3816","6091","0","62.65","25.32"
"63","000","00","008","0840","1556","847","366","481","28","875","1448","0","60.43","25.28"
"63","000","00","008","0840","1557","880","347","533","41","921","1447","0","63.65","23.98"
"63","000","00","008","0840","1558","1094","458","636","41","1135","1739","0","65.27","26.34"
"63","000","00","008","0840","1559","856","371","485","29","885","1457","0","60.74","25.46"
"63","000","00","008","0841","0000","3072","1133","1939","141","3213","5308","0","60.53","21.35"
"63","000","00","008","0841","1528","845","308","537","5","850","1392","0","61.06","22.13"
"63","000","00","008","0841","1529","724","280","444","61","785","1323","0","59.33","21.16"
"63","000","00","008","0841","1530","730","256","474","34","764","1297","0","58.91","19.74"
"63","000","00","008","0841","1531","773","289","484","41","814","1296","0","62.81","22.3"
"63","000","00","008","0842","0000","2553","874","1679","109","2662","4385","0","60.71","19.93"
"63","000","00","008","0842","1447","838","274","564","30","868","1444","0","60.11","18.98"
"63","000","00","008","0842","1448","866","320","546","39","905","1495","0","60.54","21.4"
"63","000","00","008","0842","1449","849","280","569","40","889","1446","0","61.48","19.36"
"63","000","00","008","0843","0000","2413","883","1530","98","2511","4223","0","59.46","20.91"
"63","000","00","008","0843","1535","797","298","499","45","842","1320","0","63.79","22.58"
"63","000","00","008","0843","1536","836","310","526","26","862","1438","0","59.94","21.56"
"63","000","00","008","0843","1537","780","275","505","27","807","1465","0","55.09","18.77"
"63","000","00","009","0000","0000","56927","21854","35073","2530","59457","101907","121769","58.34","21.45"
"63","000","00","009","0901","0000","2934","1124","1810","114","3048","5655","0","53.9","19.88"
"63","000","00","009","0901","0455","691","248","443","26","717","1280","0","56.02","19.38"
"63","000","00","009","0901","0456","758","291","467","20","778","1351","0","57.59","21.54"
"63","000","00","009","0901","0457","763","308","455","30","793","1345","0","58.96","22.9"
"63","000","00","009","0901","0458","722","277","445","38","760","1679","0","45.27","16.5"
"63","000","00","009","0902","0000","1663","630","1033","92","1755","3315","0","52.94","19.0"
"63","000","00","009","0902","0459","863","343","520","43","906","1680","0","53.93","20.42"
"63","000","00","009","0902","0460","800","287","513","49","849","1635","0","51.93","17.55"
"63","000","00","009","0903","0000","2087","812","1275","117","2204","3486","0","63.22","23.29"
"63","000","00","009","0903","0465","669","238","431","31","700","1086","0","64.46","21.92"
"63","000","00","009","0903","0466","730","285","445","46","776","1202","0","64.56","23.71"
"63","000","00","009","0903","0467","688","289","399","40","728","1198","0","60.77","24.12"
"63","000","00","009","0904","0000","3430","1286","2144","117","3547","6330","0","56.03","20.32"
"63","000","00","009","0904","0461","783","276","507","40","823","1459","0","56.41","18.92"
"63","000","00","009","0904","0462","958","384","574","23","981","1706","0","57.5","22.51"
"63","000","00","009","0904","0463","864","304","560","41","905","1674","0","54.06","18.16"
"63","000","00","009","0904","0464","825","322","503","13","838","1491","0","56.2","21.6"
"63","000","00","009","0905","0000","3427","1347","2080","162","3589","6336","0","56.64","21.26"
"63","000","00","009","0905","0483","763","315","448","39","802","1518","0","52.83","20.75"
"63","000","00","009","0905","0484","920","365","555","41","961","1552","0","61.92","23.52"
"63","000","00","009","0905","0485","868","340","528","25","893","1658","0","53.86","20.51"
"63","000","00","009","0905","0486","876","327","549","57","933","1608","0","58.02","20.34"
"63","000","00","009","0906","0000","1766","617","1149","63","1829","3337","0","54.81","18.49"
"63","000","00","009","0906","0504","806","279","527","29","835","1649","0","50.64","16.92"
"63","000","00","009","0906","0505","960","338","622","34","994","1688","0","58.89","20.02"
"63","000","00","009","0907","0000","2348","856","1492","113","2461","4093","0","60.13","20.91"
"63","000","00","009","0907","0490","791","301","490","39","830","1397","0","59.41","21.55"
"63","000","00","009","0907","0491","787","262","525","34","821","1352","0","60.72","19.38"
"63","000","00","009","0907","0492","770","293","477","40","810","1344","0","60.27","21.8"
"63","000","00","009","0908","0000","2228","898","1330","102","2330","4165","0","55.94","21.56"
"63","000","00","009","0908","0493","738","313","425","26","764","1385","0","55.16","22.6"
"63","000","00","009","0908","0494","761","295","466","41","802","1399","0","57.33","21.09"
"63","000","00","009","0908","0495","729","290","439","35","764","1381","0","55.32","21.0"
"63","000","00","009","0909","0000","2324","899","1425","94","2418","4228","0","57.19","21.26"
"63","000","00","009","0909","0496","822","293","529","40","862","1548","0","55.68","18.93"
"63","000","00","009","0909","0497","656","261","395","20","676","1190","0","56.81","21.93"
"63","000","00","009","0909","0498","846","345","501","34","880","1490","0","59.06","23.15"
"63","000","00","009","0910","0000","3464","1310","2154","148","3612","5983","0","60.37","21.9"
"63","000","00","009","0910","0499","646","252","394","28","674","1096","0","61.5","22.99"
"63","000","00","009","0910","0500","741","288","453","25","766","1238","0","61.87","23.26"
"63","000","00","009","0910","0501","756","281","475","34","790","1271","0","62.16","22.11"
"63","000","00","009","0910","0502","639","231","408","31","670","1146","0","58.46","20.16"
"63","000","00","009","0910","0503","682","258","424","30","712","1232","0","57.79","20.94"
"63","000","00","009","0911","0000","3947","1499","2448","237","4184","6741","0","62.07","22.24"
"63","000","00","009","0911","0518","742","273","469","29","771","1225","0","62.94","22.29"
"63","000","00","009","0911","0519","748","299","449","54","802","1264","0","63.45","23.66"
"63","000","00","009","0911","0520","954","360","594","56","1010","1649","0","61.25","21.83"
"63","000","00","009","0911","0521","744","306","438","24","768","1267","0","60.62","24.15"
"63","000","00","009","0911","0522","759","261","498","74","833","1336","0","62.35","19.54"
"63","000","00","009","0912","0000","2237","859","1378","83","2320","3805","0","60.97","22.58"
"63","000","00","009","0912","0509","718","273","445","47","765","1195","0","64.02","22.85"
"63","000","00","009","0912","0510","740","302","438","9","749","1254","0","59.73","24.08"
"63","000","00","009","0912","0511","779","284","495","27","806","1356","0","59.44","20.94"
"63","000","00","009","0913","0000","2340","942","1398","122","2462","4011","0","61.38","23.49"
"63","000","00","009","0913","0512","777","341","436","67","844","1363","0","61.92","25.02"
"63","000","00","009","0913","0513","793","311","482","35","828","1317","0","62.87","23.61"
"63","000","00","009","0913","0514","770","290","480","20","790","1331","0","59.35","21.79"
"63","000","00","009","0914","0000","2634","967","1667","116","2750","4733","0","58.1","20.43"
"63","000","00","009","0914","0515","894","330","564","46","940","1610","0","58.39","20.5"
"63","000","00","009","0914","0516","841","309","532","27","868","1542","0","56.29","20.04"
"63","000","00","009","0914","0517","899","328","571","43","942","1581","0","59.58","20.75"
"63","000","00","009","0915","0000","2586","949","1637","101","2687","4508","0","59.61","21.05"
"63","000","00","009","0915","0506","880","309","571","30","910","1503","0","60.55","20.56"
"63","000","00","009","0915","0507","860","364","496","34","894","1542","0","57.98","23.61"
"63","000","00","009","0915","0508","846","276","570","37","883","1463","0","60.36","18.87"
"63","000","00","009","0916","0000","4005","1526","2479","212","4217","7922","0","53.23","19.26"
"63","000","00","009","0916","0478","787","287","500","50","837","1529","0","54.74","18.77"
"63","000","00","009","0916","0479","827","321","506","44","871","1618","0","53.83","19.84"
"63","000","00","009","0916","0480","716","268","448","44","760","1545","0","49.19","17.35"
"63","000","00","009","0916","0481","866","332","534","38","904","1569","0","57.62","21.16"
"63","000","00","009","0916","0482","809","318","491","36","845","1661","0","50.87","19.15"
"63","000","00","009","0917","0000","4675","2051","2624","195","4870","8171","0","59.6","25.1"
"63","000","00","009","0917","0468","754","316","438","28","782","1430","0","54.69","22.1"
"63","000","00","009","0917","0469","754","340","414","41","795","1275","0","62.35","26.67"
"63","000","00","009","0917","0470","830","392","438","42","872","1344","0","64.88","29.17"
"63","000","00","009","0917","0471","810","354","456","27","837","1391","0","60.17","25.45"
"63","000","00","009","0917","0472","797","347","450","25","822","1342","0","61.25","25.86"
"63","000","00","009","0917","0473","730","302","428","32","762","1389","0","54.86","21.74"
"63","000","00","009","0918","0000","3210","1139","2071","120","3330","5592","0","59.55","20.37"
"63","000","00","009","0918","0474","841","332","509","29","870","1426","0","61.01","23.28"
"63","000","00","009","0918","0475","788","234","554","24","812","1359","0","59.75","17.22"
"63","000","00","009","0918","0476","754","276","478","41","795","1366","0","58.2","20.2"
"63","000","00","009","0918","0477","827","297","530","26","853","1441","0","59.2","20.61"
"63","000","00","009","0919","0000","2943","1088","1855","117","3060","4916","0","62.25","22.13"
"63","000","00","009","0919","0523","699","271","428","30","729","1162","0","62.74","23.32"
"63","000","00","009","0919","0524","596","225","371","26","622","1045","0","59.52","21.53"
"63","000","00","009","0919","0525","873","320","553","37","910","1351","0","67.36","23.69"
"63","000","00","009","0919","0526","775","272","503","24","799","1358","0","58.84","20.03"
"63","000","00","009","0920","0000","2679","1055","1624","105","2784","4580","0","60.79","23.03"
"63","000","00","009","0920","0487","785","305","480","28","813","1475","0","55.12","20.68"
"63","000","00","009","0920","0488","1031","421","610","40","1071","1722","0","62.2","24.45"
"63","000","00","009","0920","0489","863","329","534","37","900","1383","0","65.08","23.79"
"63","000","00","010","0000","0000","133233","52075","81158","5297","138530","236824","287227","58.49","21.99"
"63","000","00","010","1001","0000","3565","1391","2174","168","3733","6500","0","57.43","21.4"
"63","000","00","010","1001","0305","855","323","532","17","872","1661","0","52.5","19.45"
"63","000","00","010","1001","0306","834","340","494","56","890","1602","0","55.56","21.22"
"63","000","00","010","1001","0307","951","343","608","62","1013","1655","0","61.21","20.73"
"63","000","00","010","1001","0308","925","385","540","33","958","1582","0","60.56","24.34"
"63","000","00","010","1002","0000","4625","1935","2690","235","4860","8357","0","58.15","23.15"
"63","000","00","010","1002","0309","900","357","543","33","933","1688","0","55.27","21.15"
"63","000","00","010","1002","0310","948","413","535","51","999","1737","0","57.51","23.78"
"63","000","00","010","1002","0311","1027","426","601","51","1078","1809","0","59.59","23.55"
"63","000","00","010","1002","0312","761","289","472","28","789","1376","0","57.34","21.0"
"63","000","00","010","1002","0313","989","450","539","72","1061","1747","0","60.73","25.76"
"63","000","00","010","1003","0000","3575","1451","2124","125","3700","5914","0","62.56","24.54"
"63","000","00","010","1003","0314","822","327","495","29","851","1389","0","61.27","23.54"
"63","000","00","010","1003","0315","892","383","509","26","918","1454","0","63.14","26.34"
"63","000","00","010","1003","0316","889","379","510","32","921","1468","0","62.74","25.82"
"63","000","00","010","1003","0317","972","362","610","38","1010","1603","0","63.01","22.58"
"63","000","00","010","1005","0000","3030","1189","1841","119","3149","5276","0","59.69","22.54"
"63","000","00","010","1005","0318","982","368","614","28","1010","1795","0","56.27","20.5"
"63","000","00","010","1005","0319","1042","432","610","46","1088","1737","0","62.64","24.87"
"63","000","00","010","1005","0320","1006","389","617","45","1051","1744","0","60.26","22.31"
"63","000","00","010","1006","0000","2728","1079","1649","94","2822","4732","0","59.64","22.8"
"63","000","00","010","1006","0321","941","356","585","41","982","1661","0","59.12","21.43"
"63","000","00","010","1006","0322","887","369","518","31","918","1577","0","58.21","23.4"
"63","000","00","010","1006","0323","900","354","546","22","922","1494","0","61.71","23.69"
"63","000","00","010","1007","0000","4683","1773","2910","212","4895","8285","0","59.08","21.4"
"63","000","00","010","1007","0324","918","339","579","38","956","1626","0","58.79","20.85"
"63","000","00","010","1007","0325","919","343","576","58","977","1641","0","59.54","20.9"
"63","000","00","010","1007","0326","889","353","536","29","918","1554","0","59.07","22.72"
"63","000","00","010","1007","0327","994","393","601","52","1046","1728","0","60.53","22.74"
"63","000","00","010","1007","0328","963","345","618","35","998","1736","0","57.49","19.87"
"63","000","00","010","1008","0000","4456","1724","2732","152","4608","7740","0","59.53","22.27"
"63","000","00","010","1008","0329","905","339","566","38","943","1461","0","64.54","23.2"
"63","000","00","010","1008","0330","870","314","556","34","904","1509","0","59.91","20.81"
"63","000","00","010","1008","0331","763","304","459","21","784","1358","0","57.73","22.39"
"63","000","00","010","1008","0332","965","388","577","34","999","1761","0","56.73","22.03"
"63","000","00","010","1008","0333","953","379","574","25","978","1651","0","59.24","22.96"
"63","000","00","010","1009","0000","3048","1123","1925","134","3182","5472","0","58.15","20.52"
"63","000","00","010","1009","0334","1027","373","654","59","1086","1809","0","60.03","20.62"
"63","000","00","010","1009","0335","997","383","614","39","1036","1773","0","58.43","21.6"
"63","000","00","010","1009","0336","1024","367","657","36","1060","1890","0","56.08","19.42"
"63","000","00","010","1010","0000","4323","1609","2714","152","4475","7310","0","61.22","22.01"
"63","000","00","010","1010","0337","1085","438","647","49","1134","1760","0","64.43","24.89"
"63","000","00","010","1010","0338","957","356","601","24","981","1645","0","59.64","21.64"
"63","000","00","010","1010","0339","810","310","500","20","830","1324","0","62.69","23.41"
"63","000","00","010","1010","0340","642","200","442","30","672","1072","0","62.69","18.66"
"63","000","00","010","1010","0341","829","305","524","29","858","1509","0","56.86","20.21"
"63","000","00","010","1011","0000","4065","1493","2572","150","4215","7069","0","59.63","21.12"
"63","000","00","010","1011","0342","962","374","588","43","1005","1715","0","58.6","21.81"
"63","000","00","010","1011","0343","1013","381","632","41","1054","1774","0","59.41","21.48"
"63","000","00","010","1011","0344","1098","414","684","35","1133","1796","0","63.08","23.05"
"63","000","00","010","1011","0345","992","324","668","31","1023","1784","0","57.34","18.16"
"63","000","00","010","1012","0000","2838","1226","1612","109","2947","4835","0","60.95","25.36"
"63","000","00","010","1012","0346","833","345","488","50","883","1417","0","62.31","24.35"
"63","000","00","010","1012","0347","957","435","522","26","983","1699","0","57.86","25.6"
"63","000","00","010","1012","0348","1048","446","602","33","1081","1719","0","62.89","25.95"
"63","000","00","010","1013","0000","2567","981","1586","105","2672","4784","0","55.85","20.51"
"63","000","00","010","1013","0349","976","395","581","34","1010","1715","0","58.89","23.03"
"63","000","00","010","1013","0350","840","317","523","26","866","1634","0","53.0","19.4"
"63","000","00","010","1013","0351","751","269","482","45","796","1435","0","55.47","18.75"
"63","000","00","010","1014","0000","3257","1264","1993","152","3409","5804","0","58.74","21.78"
"63","000","00","010","1014","0352","809","300","509","22","831","1440","0","57.71","20.83"
"63","000","00","010","1014","0353","869","353","516","28","897","1446","0","62.03","24.41"
"63","000","00","010","1014","0354","856","339","517","43","899","1657","0","54.25","20.46"
"63","000","00","010","1014","0355","723","272","451","59","782","1261","0","62.01","21.57"
"63","000","00","010","1015","0000","3619","1402","2217","170","3789","6183","0","61.28","22.68"
"63","000","00","010","1015","0356","216","73","143","24","240","456","0","52.63","16.01"
"63","000","00","010","1015","0357","913","370","543","30","943","1433","0","65.81","25.82"
"63","000","00","010","1015","0358","863","315","548","32","895","1485","0","60.27","21.21"
"63","000","00","010","1015","0359","884","346","538","35","919","1590","0","57.8","21.76"
"63","000","00","010","1015","0360","743","298","445","49","792","1219","0","64.97","24.45"
"63","000","00","010","1016","0000","2854","1019","1835","120","2974","5096","0","58.36","20.0"
"63","000","00","010","1016","0361","931","328","603","46","977","1732","0","56.41","18.94"
"63","000","00","010","1016","0362","1001","347","654","28","1029","1727","0","59.58","20.09"
"63","000","00","010","1016","0363","922","344","578","46","968","1637","0","59.13","21.01"
"63","000","00","010","1017","0000","4238","1654","2584","140","4378","7433","0","58.9","22.25"
"63","000","00","010","1017","0364","811","322","489","28","839","1453","0","57.74","22.16"
"63","000","00","010","1017","0365","884","325","559","33","917","1617","0","56.71","20.1"
"63","000","00","010","1017","0366","869","331","538","37","906","1604","0","56.48","20.64"
"63","000","00","010","1017","0367","888","340","548","10","898","1406","0","63.87","24.18"
"63","000","00","010","1017","0368","786","336","450","32","818","1353","0","60.46","24.83"
"63","000","00","010","1018","0000","3524","1365","2159","106","3630","6052","0","59.98","22.55"
"63","000","00","010","1018","0369","1012","383","629","34","1046","1724","0","60.67","22.22"
"63","000","00","010","1018","0370","808","317","491","30","838","1378","0","60.81","23.0"
"63","000","00","010","1018","0371","844","320","524","21","865","1403","0","61.65","22.81"
"63","000","00","010","1018","0372","860","345","515","21","881","1547","0","56.95","22.3"
"63","000","00","010","1019","0000","4181","1914","2267","152","4333","7177","0","60.37","26.67"
"63","000","00","010","1019","0373","1006","424","582","30","1036","1718","0","60.3","24.68"
"63","000","00","010","1019","0374","1004","397","607","38","1042","1813","0","57.47","21.9"
"63","000","00","010","1019","0375","1079","659","420","39","1118","1791","0","62.42","36.8"
"63","000","00","010","1019","0376","1092","434","658","45","1137","1855","0","61.29","23.4"
"63","000","00","010","1020","0000","3900","1394","2506","164","4064","6880","0","59.07","20.26"
"63","000","00","010","1020","0377","990","260","730","25","1015","1731","0","58.64","15.02"
"63","000","00","010","1020","0378","972","405","567","51","1023","1593","0","64.22","25.42"
"63","000","00","010","1020","0379","968","341","627","40","1008","1869","0","53.93","18.25"
"63","000","00","010","1020","0380","970","388","582","48","1018","1687","0","60.34","23.0"
"63","000","00","010","1021","0000","2474","864","1610","91","2565","4144","0","61.9","20.85"
"63","000","00","010","1021","0381","897","350","547","21","918","1530","0","60.0","22.88"
"63","000","00","010","1021","0382","767","281","486","35","802","1300","0","61.69","21.62"
"63","000","00","010","1021","0383","810","233","577","35","845","1314","0","64.31","17.73"
"63","000","00","010","1022","0000","4866","1975","2891","174","5040","8925","0","56.47","22.13"
"63","000","00","010","1022","0384","747","293","454","13","760","1433","0","53.04","20.45"
"63","000","00","010","1022","0385","772","315","457","26","798","1450","0","55.03","21.72"
"63","000","00","010","1022","0386","877","348","529","44","921","1608","0","57.28","21.64"
"63","000","00","010","1022","0387","809","328","481","35","844","1414","0","59.69","23.2"
"63","000","00","010","1022","0388","861","371","490","29","890","1492","0","59.65","24.87"
"63","000","00","010","1022","0389","800","320","480","27","827","1528","0","54.12","20.94"
"63","000","00","010","1023","0000","3652","1439","2213","133","3785","6634","0","57.05","21.69"
"63","000","00","010","1023","0390","949","370","579","33","982","1692","0","58.04","21.87"
"63","000","00","010","1023","0391","875","331","544","45","920","1556","0","59.13","21.27"
"63","000","00","010","1023","0392","893","349","544","22","915","1637","0","55.89","21.32"
"63","000","00","010","1023","0393","935","389","546","33","968","1749","0","55.35","22.24"
"63","000","00","010","1024","0000","4027","1553","2474","194","4221","7348","0","57.44","21.14"
"63","000","00","010","1024","0394","659","237","422","28","687","1220","0","56.31","19.43"
"63","000","00","010","1024","0395","883","344","539","42","925","1600","0","57.81","21.5"
"63","000","00","010","1024","0396","817","319","498","38","855","1473","0","58.04","21.66"
"63","000","00","010","1024","0397","806","320","486","50","856","1498","0","57.14","21.36"
"63","000","00","010","1024","0398","862","333","529","36","898","1557","0","57.68","21.39"
"63","000","00","010","1025","0000","2251","829","1422","99","2350","4190","0","56.09","19.79"
"63","000","00","010","1025","0399","875","327","548","25","900","1674","0","53.76","19.53"
"63","000","00","010","1025","0400","1003","379","624","39","1042","1728","0","60.3","21.93"
"63","000","00","010","1025","0401","373","123","250","35","408","788","0","51.78","15.61"
"63","000","00","010","1026","0000","3833","1513","2320","149","3982","7138","0","55.79","21.2"
"63","000","00","010","1026","0402","829","350","479","44","873","1542","0","56.61","22.7"
"63","000","00","010","1026","0403","802","322","480","50","852","1676","0","50.84","19.21"
"63","000","00","010","1026","0404","713","297","416","19","732","1360","0","53.82","21.84"
"63","000","00","010","1026","0405","779","279","500","22","801","1259","0","63.62","22.16"
"63","000","00","010","1026","0406","710","265","445","14","724","1301","0","55.65","20.37"
"63","000","00","010","1027","0000","3213","1187","2026","137","3350","5998","0","55.85","19.79"
"63","000","00","010","1027","0407","611","252","359","36","647","1251","0","51.72","20.14"
"63","000","00","010","1027","0408","806","299","507","53","859","1502","0","57.19","19.91"
"63","000","00","010","1027","0409","866","298","568","32","898","1596","0","56.27","18.67"
"63","000","00","010","1027","0410","930","338","592","16","946","1649","0","57.37","20.5"
"63","000","00","010","1028","0000","1873","712","1161","65","1938","3520","0","55.06","20.23"
"63","000","00","010","1028","0411","943","348","595","39","982","1774","0","55.36","19.62"
"63","000","00","010","1028","0412","930","364","566","26","956","1746","0","54.75","20.85"
"63","000","00","010","1029","0000","3480","1405","2075","149","3629","7676","0","47.28","18.3"
"63","000","00","010","1029","0413","806","301","505","25","831","1473","0","56.42","20.43"
"63","000","00","010","1029","0414","935","364","571","35","970","2824","0","34.35","12.89"
"63","000","00","010","1029","0415","931","424","507","31","962","1849","0","52.03","22.93"
"63","000","00","010","1029","0416","808","316","492","58","866","1530","0","56.6","20.65"
"63","000","00","010","1030","0000","2719","1058","1661","113","2832","4808","0","58.9","22.0"
"63","000","00","010","1030","0417","909","366","543","43","952","1656","0","57.49","22.1"
"63","000","00","010","1030","0418","833","341","492","29","862","1457","0","59.16","23.4"
"63","000","00","010","1030","0419","977","351","626","41","1018","1695","0","60.06","20.71"
"63","000","00","010","1031","0000","3757","1493","2264","140","3897","6644","0","58.65","22.47"
"63","000","00","010","1031","0420","954","380","574","31","985","1663","0","59.23","22.85"
"63","000","00","010","1031","0421","913","341","572","38","951","1654","0","57.5","20.62"
"63","000","00","010","1031","0422","937","375","562","48","985","1642","0","59.99","22.84"
"63","000","00","010","1031","0423","953","397","556","23","976","1685","0","57.92","23.56"
"63","000","00","010","1032","0000","3193","1218","1975","129","3322","5552","0","59.83","21.94"
"63","000","00","010","1032","0424","1001","371","630","42","1043","1862","0","56.02","19.92"
"63","000","00","010","1032","0425","1101","453","648","39","1140","1900","0","60.0","23.84"
"63","000","00","010","1032","0426","1091","394","697","48","1139","1790","0","63.63","22.01"
"63","000","00","010","1033","0000","2558","955","1603","134","2692","4787","0","56.24","19.95"
"63","000","00","010","1033","0427","770","301","469","47","817","1417","0","57.66","21.24"
"63","000","00","010","1033","0428","932","335","597","39","971","1694","0","57.32","19.78"
"63","000","00","010","1033","0429","856","319","537","48","904","1676","0","53.94","19.03"
"63","000","00","010","1034","0000","4641","1890","2751","176","4817","8109","0","59.4","23.31"
"63","000","00","010","1034","0430","912","381","531","21","933","1643","0","56.79","23.19"
"63","000","00","010","1034","0431","915","384","531","32","947","1588","0","59.63","24.18"
"63","000","00","010","1034","0432","917","364","553","46","963","1603","0","60.07","22.71"
"63","000","00","010","1034","0433","918","372","546","37","955","1629","0","58.62","22.84"
"63","000","00","010","1034","0434","979","389","590","40","1019","1646","0","61.91","23.63"
"63","000","00","010","1035","0000","4163","1579","2584","180","4343","7457","0","58.24","21.17"
"63","000","00","010","1035","0435","1013","361","652","33","1046","1883","0","55.55","19.17"
"63","000","00","010","1035","0436","802","312","490","35","837","1434","0","58.37","21.76"
"63","000","00","010","1035","0437","797","315","482","18","815","1418","0","57.48","22.21"
"63","000","00","010","1035","0438","781","290","491","46","827","1373","0","60.23","21.12"
"63","000","00","010","1035","0439","770","301","469","48","818","1349","0","60.64","22.31"
"63","000","00","010","1036","0000","2719","1045","1674","100","2819","4624","0","60.96","22.6"
"63","000","00","010","1036","0440","900","344","556","31","931","1511","0","61.61","22.77"
"63","000","00","010","1036","0441","941","359","582","38","979","1563","0","62.64","22.97"
"63","000","00","010","1036","0442","878","342","536","31","909","1550","0","58.65","22.06"
"63","000","00","010","1037","0000","611","221","390","41","652","1157","0","56.35","19.1"
"63","000","00","010","1037","0443","611","221","390","41","652","1157","0","56.35","19.1"
"63","000","00","010","1038","0000","2944","1219","1725","112","3056","5175","0","59.05","23.56"
"63","000","00","010","1038","0444","1018","447","571","32","1050","1768","0","59.39","25.28"
"63","000","00","010","1038","0445","936","362","574","42","978","1664","0","58.77","21.75"
"63","000","00","010","1038","0446","990","410","580","38","1028","1743","0","58.98","23.52"
"63","000","00","010","1039","0000","4324","1712","2612","128","4452","7392","0","60.23","23.16"
"63","000","00","010","1039","0447","866","335","531","19","885","1480","0","59.8","22.64"
"63","000","00","010","1039","0448","944","405","539","36","980","1589","0","61.67","25.49"
"63","000","00","010","1039","0449","765","288","477","30","795","1371","0","57.99","21.01"
"63","000","00","010","1039","0450","958","383","575","26","984","1575","0","62.48","24.32"
"63","000","00","010","1039","0451","791","301","490","17","808","1377","0","58.68","21.86"
"63","000","00","010","1040","0000","2859","1222","1637","94","2953","4647","0","63.55","26.3"
"63","000","00","010","1040","0452","929","403","526","40","969","1469","0","65.96","27.43"
"63","000","00","010","1040","0453","948","394","554","20","968","1529","0","63.31","25.77"
"63","000","00","010","1040","0454","982","425","557","34","1016","1649","0","61.61","25.77"
"63","000","00","011","0000","0000","131120","50658","80462","7567","138687","241854","286695","57.34","20.95"
"63","000","00","011","1101","0000","1852","724","1128","134","1986","3415","0","58.16","21.2"
"63","000","00","011","1101","0142","906","362","544","55","961","1695","0","56.7","21.36"
"63","000","00","011","1101","0143","946","362","584","79","1025","1720","0","59.59","21.05"
"63","000","00","011","1102","0000","1503","553","950","108","1611","2834","0","56.85","19.51"
"63","000","00","011","1102","0144","681","239","442","62","743","1288","0","57.69","18.56"
"63","000","00","011","1102","0145","822","314","508","46","868","1546","0","56.14","20.31"
"63","000","00","011","1103","0000","1524","572","952","86","1610","2659","0","60.55","21.51"
"63","000","00","011","1103","0146","389","148","241","22","411","652","0","63.04","22.7"
"63","000","00","011","1103","0147","457","176","281","23","480","870","0","55.17","20.23"
"63","000","00","011","1103","0148","678","248","430","41","719","1137","0","63.24","21.81"
"63","000","00","011","1104","0000","2349","879","1470","140","2489","5331","0","46.69","16.49"
"63","000","00","011","1104","0149","625","223","402","40","665","1050","0","63.33","21.24"
"63","000","00","011","1104","0150","596","209","387","46","642","1031","0","62.27","20.27"
"63","000","00","011","1104","0151","643","246","397","18","661","1075","0","61.49","22.88"
"63","000","00","011","1104","0152","485","201","284","36","521","2175","0","23.95","9.24"
"63","000","00","011","1105","0000","3758","1461","2297","218","3976","6757","0","58.84","21.62"
"63","000","00","011","1105","0153","890","324","566","66","956","1775","0","53.86","18.25"
"63","000","00","011","1105","0154","938","352","586","45","983","1669","0","58.9","21.09"
"63","000","00","011","1105","0155","951","394","557","60","1011","1665","0","60.72","23.66"
"63","000","00","011","1105","0156","979","391","588","47","1026","1648","0","62.26","23.73"
"63","000","00","011","1106","0000","3108","1194","1914","196","3304","5565","0","59.37","21.46"
"63","000","00","011","1106","0157","703","241","462","23","726","1246","0","58.27","19.34"
"63","000","00","011","1106","0158","767","308","459","53","820","1419","0","57.79","21.71"
"63","000","00","011","1106","0159","722","286","436","58","780","1327","0","58.78","21.55"
"63","000","00","011","1106","0160","916","359","557","62","978","1573","0","62.17","22.82"
"63","000","00","011","1107","0000","3786","1419","2367","179","3965","6779","0","58.49","20.93"
"63","000","00","011","1107","0161","819","303","516","55","874","1470","0","59.46","20.61"
"63","000","00","011","1107","0162","986","361","625","34","1020","1775","0","57.46","20.34"
"63","000","00","011","1107","0163","959","390","569","37","996","1692","0","58.87","23.05"
"63","000","00","011","1107","0164","1022","365","657","53","1075","1842","0","58.36","19.82"
"63","000","00","011","1108","0000","3957","1530","2427","275","4232","7204","0","58.75","21.24"
"63","000","00","011","1108","0165","674","248","426","42","716","1166","0","61.41","21.27"
"63","000","00","011","1108","0166","822","309","513","68","890","1687","0","52.76","18.32"
"63","000","00","011","1108","0167","880","350","530","49","929","1624","0","57.2","21.55"
"63","000","00","011","1108","0168","851","328","523","77","928","1477","0","62.83","22.21"
"63","000","00","011","1108","0169","730","295","435","39","769","1250","0","61.52","23.6"
"63","000","00","011","1109","0000","3377","1311","2066","243","3620","5934","0","61.0","22.09"
"63","000","00","011","1109","0170","790","313","477","66","856","1434","0","59.69","21.83"
"63","000","00","011","1109","0171","812","319","493","61","873","1452","0","60.12","21.97"
"63","000","00","011","1109","0172","907","351","556","54","961","1533","0","62.69","22.9"
"63","000","00","011","1109","0173","868","328","540","62","930","1515","0","61.39","21.65"
"63","000","00","011","1110","0000","2246","903","1343","141","2387","3942","0","60.55","22.91"
"63","000","00","011","1110","0174","687","291","396","44","731","1203","0","60.76","24.19"
"63","000","00","011","1110","0175","867","357","510","60","927","1487","0","62.34","24.01"
"63","000","00","011","1110","0176","692","255","437","37","729","1252","0","58.23","20.37"
"63","000","00","011","1111","0000","3529","1366","2163","203","3732","6175","0","60.44","22.12"
"63","000","00","011","1111","0177","843","300","543","39","882","1536","0","57.42","19.53"
"63","000","00","011","1111","0178","901","326","575","48","949","1556","0","60.99","20.95"
"63","000","00","011","1111","0179","843","340","503","61","904","1511","0","59.83","22.5"
"63","000","00","011","1111","0180","942","400","542","55","997","1572","0","63.42","25.45"
"63","000","00","011","1112","0000","2653","985","1668","192","2845","4921","0","57.81","20.02"
"63","000","00","011","1112","0181","912","319","593","57","969","1668","0","58.09","19.12"
"63","000","00","011","1112","0182","887","319","568","82","969","1685","0","57.51","18.93"
"63","000","00","011","1112","0183","854","347","507","53","907","1568","0","57.84","22.13"
"63","000","00","011","1113","0000","2959","1134","1825","218","3177","5632","0","56.41","20.13"
"63","000","00","011","1113","0184","683","261","422","49","732","1327","0","55.16","19.67"
"63","000","00","011","1113","0185","703","260","443","60","763","1338","0","57.03","19.43"
"63","000","00","011","1113","0186","745","288","457","61","806","1515","0","53.2","19.01"
"63","000","00","011","1113","0187","828","325","503","48","876","1452","0","60.33","22.38"
"63","000","00","011","1114","0000","2482","956","1526","112","2594","4430","0","58.56","21.58"
"63","000","00","011","1114","0188","794","307","487","44","838","1448","0","57.87","21.2"
"63","000","00","011","1114","0189","877","320","557","35","912","1521","0","59.96","21.04"
"63","000","00","011","1114","0190","811","329","482","33","844","1461","0","57.77","22.52"
"63","000","00","011","1115","0000","2343","946","1397","157","2500","4747","0","52.66","19.93"
"63","000","00","011","1115","0191","785","327","458","54","839","1541","0","54.45","21.22"
"63","000","00","011","1115","0192","720","307","413","43","763","1611","0","47.36","19.06"
"63","000","00","011","1115","0193","838","312","526","60","898","1595","0","56.3","19.56"
"63","000","00","011","1116","0000","2617","965","1652","156","2773","5188","0","53.45","18.6"
"63","000","00","011","1116","0194","850","323","527","33","883","1685","0","52.4","19.17"
"63","000","00","011","1116","0195","865","315","550","62","927","1816","0","51.05","17.35"
"63","000","00","011","1116","0196","902","327","575","61","963","1687","0","57.08","19.38"
"63","000","00","011","1117","0000","3563","1280","2283","202","3765","6631","0","56.78","19.3"
"63","000","00","011","1117","0197","876","320","556","61","937","1646","0","56.93","19.44"
"63","000","00","011","1117","0198","842","306","536","44","886","1643","0","53.93","18.62"
"63","000","00","011","1117","0199","931","321","610","43","974","1687","0","57.74","19.03"
"63","000","00","011","1117","0200","914","333","581","54","968","1655","0","58.49","20.12"
"63","000","00","011","1118","0000","1962","876","1086","88","2050","3634","0","56.41","24.11"
"63","000","00","011","1118","0201","921","461","460","40","961","1779","0","54.02","25.91"
"63","000","00","011","1118","0202","1041","415","626","48","1089","1855","0","58.71","22.37"
"63","000","00","011","1119","0000","2774","1065","1709","174","2948","5700","0","51.72","18.68"
"63","000","00","011","1119","0203","744","298","446","43","787","1350","0","58.3","22.07"
"63","000","00","011","1119","0204","730","260","470","34","764","1455","0","52.51","17.87"
"63","000","00","011","1119","0205","667","262","405","56","723","1497","0","48.3","17.5"
"63","000","00","011","1119","0206","633","245","388","41","674","1398","0","48.21","17.53"
"63","000","00","011","1120","0000","4201","1582","2619","313","4514","8041","0","56.14","19.67"
"63","000","00","011","1120","0207","971","349","622","56","1027","1747","0","58.79","19.98"
"63","000","00","011","1120","0208","747","287","460","73","820","1465","0","55.97","19.59"
"63","000","00","011","1120","0209","801","288","513","65","866","1530","0","56.6","18.82"
"63","000","00","011","1120","0210","909","346","563","62","971","1855","0","52.35","18.65"
"63","000","00","011","1120","0211","773","312","461","57","830","1444","0","57.48","21.61"
"63","000","00","011","1121","0000","3334","1297","2037","243","3577","6387","0","56.0","20.31"
"63","000","00","011","1121","0212","786","317","469","49","835","1563","0","53.42","20.28"
"63","000","00","011","1121","0213","791","305","486","67","858","1482","0","57.89","20.58"
"63","000","00","011","1121","0214","800","326","474","69","869","1552","0","55.99","21.01"
"63","000","00","011","1121","0215","957","349","608","58","1015","1790","0","56.7","19.5"
"63","000","00","011","1122","0000","3216","1201","2015","294","3510","6383","0","54.99","18.82"
"63","000","00","011","1122","0216","783","281","502","75","858","1628","0","52.7","17.26"
"63","000","00","011","1122","0217","699","258","441","59","758","1337","0","56.69","19.3"
"63","000","00","011","1122","0218","929","353","576","65","994","1750","0","56.8","20.17"
"63","000","00","011","1122","0219","805","309","496","95","900","1668","0","53.96","18.53"
"63","000","00","011","1123","0000","1952","724","1228","143","2095","4342","0","48.25","16.67"
"63","000","00","011","1123","0220","607","238","369","60","667","1403","0","47.54","16.96"
"63","000","00","011","1123","0221","658","262","396","42","700","1468","0","47.68","17.85"
"63","000","00","011","1123","0222","687","224","463","41","728","1471","0","49.49","15.23"
"63","000","00","011","1124","0000","2470","934","1536","183","2653","5240","0","50.63","17.82"
"63","000","00","011","1124","0223","809","305","504","65","874","1666","0","52.46","18.31"
"63","000","00","011","1124","0224","783","307","476","50","833","1587","0","52.49","19.34"
"63","000","00","011","1124","0225","878","322","556","68","946","1987","0","47.61","16.21"
"63","000","00","011","1125","0000","1613","662","951","79","1692","2999","0","56.42","22.07"
"63","000","00","011","1125","0226","633","299","334","21","654","1271","0","51.46","23.52"
"63","000","00","011","1125","0227","980","363","617","58","1038","1728","0","60.07","21.01"
"63","000","00","011","1126","0000","3613","1382","2231","159","3772","6297","0","59.9","21.95"
"63","000","00","011","1126","0228","924","337","587","55","979","1630","0","60.06","20.67"
"63","000","00","011","1126","0229","930","362","568","40","970","1619","0","59.91","22.36"
"63","000","00","011","1126","0230","798","294","504","14","812","1425","0","56.98","20.63"
"63","000","00","011","1126","0231","961","389","572","50","1011","1623","0","62.29","23.97"
"63","000","00","011","1127","0000","2243","913","1330","139","2382","3862","0","61.68","23.64"
"63","000","00","011","1127","0242","768","308","460","62","830","1273","0","65.2","24.19"
"63","000","00","011","1127","0243","730","297","433","37","767","1273","0","60.25","23.33"
"63","000","00","011","1127","0244","745","308","437","40","785","1316","0","59.65","23.4"
"63","000","00","011","1128","0000","2684","1091","1593","157","2841","4960","0","57.28","22.0"
"63","000","00","011","1128","0245","911","343","568","52","963","1659","0","58.05","20.68"
"63","000","00","011","1128","0246","941","420","521","48","989","1749","0","56.55","24.01"
"63","000","00","011","1128","0247","832","328","504","57","889","1552","0","57.28","21.13"
"63","000","00","011","1129","0000","2639","923","1716","126","2765","4457","0","62.04","20.71"
"63","000","00","011","1129","0232","874","344","530","53","927","1564","0","59.27","21.99"
"63","000","00","011","1129","0233","855","265","590","42","897","1376","0","65.19","19.26"
"63","000","00","011","1129","0234","910","314","596","31","941","1517","0","62.03","20.7"
"63","000","00","011","1130","0000","2722","931","1791","116","2838","4952","0","57.31","18.8"
"63","000","00","011","1130","0248","872","296","576","41","913","1529","0","59.71","19.36"
"63","000","00","011","1130","0249","884","272","612","35","919","1644","0","55.9","16.55"
"63","000","00","011","1130","0250","966","363","603","40","1006","1779","0","56.55","20.4"
"63","000","00","011","1131","0000","3706","1450","2256","146","3852","6584","0","58.51","22.02"
"63","000","00","011","1131","0235","890","344","546","39","929","1729","0","53.73","19.9"
"63","000","00","011","1131","0236","891","349","542","37","928","1511","0","61.42","23.1"
"63","000","00","011","1131","0237","1044","389","655","39","1083","1811","0","59.8","21.48"
"63","000","00","011","1131","0238","881","368","513","31","912","1533","0","59.49","24.01"
"63","000","00","011","1132","0000","2614","947","1667","128","2742","4558","0","60.16","20.78"
"63","000","00","011","1132","0239","1025","381","644","49","1074","1657","0","64.82","22.99"
"63","000","00","011","1132","0240","827","317","510","32","859","1499","0","57.3","21.15"
"63","000","00","011","1132","0241","762","249","513","47","809","1402","0","57.7","17.76"
"63","000","00","011","1133","0000","2778","1092","1686","142","2920","5127","0","56.95","21.3"
"63","000","00","011","1133","0260","987","372","615","49","1036","1826","0","56.74","20.37"
"63","000","00","011","1133","0261","903","369","534","40","943","1647","0","57.26","22.4"
"63","000","00","011","1133","0262","888","351","537","53","941","1654","0","56.89","21.22"
"63","000","00","011","1134","0000","4252","1741","2511","196","4448","7652","0","58.13","22.75"
"63","000","00","011","1134","0251","879","359","520","39","918","1597","0","57.48","22.48"
"63","000","00","011","1134","0252","808","321","487","36","844","1454","0","58.05","22.08"
"63","000","00","011","1134","0253","912","381","531","55","967","1582","0","61.13","24.08"
"63","000","00","011","1134","0254","867","357","510","41","908","1518","0","59.82","23.52"
"63","000","00","011","1134","0255","786","323","463","25","811","1501","0","54.03","21.52"
"63","000","00","011","1135","0000","3321","1336","1985","160","3481","5690","0","61.18","23.48"
"63","000","00","011","1135","0256","818","323","495","42","860","1420","0","60.56","22.75"
"63","000","00","011","1135","0257","832","337","495","45","877","1494","0","58.7","22.56"
"63","000","00","011","1135","0258","940","370","570","35","975","1568","0","62.18","23.6"
"63","000","00","011","1135","0259","731","306","425","38","769","1208","0","63.66","25.33"
"63","000","00","011","1136","0000","3191","1314","1877","143","3334","5497","0","60.65","23.9"
"63","000","00","011","1136","0263","901","363","538","34","935","1550","0","60.32","23.42"
"63","000","00","011","1136","0264","793","338","455","27","820","1298","0","63.17","26.04"
"63","000","00","011","1136","0265","771","300","471","40","811","1297","0","62.53","23.13"
"63","000","00","011","1136","0266","726","313","413","42","768","1352","0","56.8","23.15"
"63","000","00","011","1137","0000","2499","1039","1460","141","2640","4565","0","57.83","22.76"
"63","000","00","011","1137","0267","838","313","525","38","876","1522","0","57.56","20.57"
"63","000","00","011","1137","0268","857","383","474","67","924","1602","0","57.68","23.91"
"63","000","00","011","1137","0269","804","343","461","36","840","1441","0","58.29","23.8"
"63","000","00","011","1138","0000","2400","990","1410","71","2471","4410","0","56.03","22.45"
"63","000","00","011","1138","0270","708","316","392","15","723","1325","0","54.57","23.85"
"63","000","00","011","1138","0271","864","342","522","42","906","1567","0","57.82","21.83"
"63","000","00","011","1138","0272","828","332","496","14","842","1518","0","55.47","21.87"
"63","000","00","011","1139","0000","3718","1520","2198","138","3856","6605","0","58.38","23.01"
"63","000","00","011","1139","0273","911","357","554","36","947","1549","0","61.14","23.05"
"63","000","00","011","1139","0274","931","386","545","26","957","1652","0","57.93","23.37"
"63","000","00","011","1139","0275","991","417","574","50","1041","1766","0","58.95","23.61"
"63","000","00","011","1139","0276","885","360","525","26","911","1638","0","55.62","21.98"
"63","000","00","011","1140","0000","3342","1274","2068","132","3474","6105","0","56.9","20.87"
"63","000","00","011","1140","0277","785","306","479","40","825","1491","0","55.33","20.52"
"63","000","00","011","1140","0278","868","328","540","22","890","1521","0","58.51","21.56"
"63","000","00","011","1140","0279","774","291","483","49","823","1351","0","60.92","21.54"
"63","000","00","011","1140","0280","915","349","566","21","936","1742","0","53.73","20.03"
"63","000","00","011","1141","0000","4233","1759","2474","156","4389","7594","0","57.8","23.16"
"63","000","00","011","1141","0281","880","493","387","32","912","1585","0","57.54","31.1"
"63","000","00","011","1141","0282","853","302","551","38","891","1521","0","58.58","19.86"
"63","000","00","011","1141","0283","825","335","490","30","855","1543","0","55.41","21.71"
"63","000","00","011","1141","0284","816","297","519","21","837","1404","0","59.62","21.15"
"63","000","00","011","1141","0285","859","332","527","35","894","1541","0","58.01","21.54"
"63","000","00","011","1142","0000","3197","1217","1980","134","3331","5828","0","57.16","20.88"
"63","000","00","011","1142","0286","845","300","545","39","884","1584","0","55.81","18.94"
"63","000","00","011","1142","0287","868","349","519","43","911","1519","0","59.97","22.98"
"63","000","00","011","1142","0288","764","295","469","18","782","1482","0","52.77","19.91"
"63","000","00","011","1142","0289","720","273","447","34","754","1243","0","60.66","21.96"
"63","000","00","011","1143","0000","624","209","415","41","665","1156","0","57.53","18.08"
"63","000","00","011","1143","0290","624","209","415","41","665","1156","0","57.53","18.08"
"63","000","00","011","1144","0000","606","251","355","76","682","1262","0","54.04","19.89"
"63","000","00","011","1144","0291","606","251","355","76","682","1262","0","54.04","19.89"
"63","000","00","011","1145","0000","998","392","606","74","1072","1747","0","61.36","22.44"
"63","000","00","011","1145","0292","500","181","319","33","533","889","0","59.96","20.36"
"63","000","00","011","1145","0293","498","211","287","41","539","858","0","62.82","24.59"
"63","000","00","011","1146","0000","1436","530","906","146","1582","2781","0","56.89","19.06"
"63","000","00","011","1146","0294","479","184","295","55","534","945","0","56.51","19.47"
"63","000","00","011","1146","0295","508","192","316","48","556","960","0","57.92","20.0"
"63","000","00","011","1146","0296","449","154","295","43","492","876","0","56.16","17.58"
"63","000","00","011","1147","0000","851","287","564","89","940","1475","0","63.73","19.46"
"63","000","00","011","1147","0297","329","129","200","34","363","556","0","65.29","23.2"
"63","000","00","011","1147","0298","522","158","364","55","577","919","0","62.79","17.19"
"63","000","00","011","1148","0000","822","291","531","80","902","1360","0","66.32","21.4"
"63","000","00","011","1148","0299","822","291","531","80","902","1360","0","66.32","21.4"
"63","000","00","011","1149","0000","771","257","514","63","834","1355","0","61.55","18.97"
"63","000","00","011","1149","0300","771","257","514","63","834","1355","0","61.55","18.97"
"63","000","00","011","1150","0000","1413","499","914","72","1485","2434","0","61.01","20.5"
"63","000","00","011","1150","0301","712","260","452","32","744","1252","0","59.42","20.77"
"63","000","00","011","1150","0302","701","239","462","40","741","1182","0","62.69","20.22"
"63","000","00","011","1151","0000","1319","504","815","65","1384","2671","0","51.82","18.87"
"63","000","00","011","1151","0303","673","255","418","29","702","1431","0","49.06","17.82"
"63","000","00","011","1151","0304","646","249","397","36","682","1240","0","55.0","20.08"
"63","000","00","012","0000","0000","114304","43826","70478","5955","120259","213250","255631","56.39","20.55"
"63","000","00","012","1201","0000","2216","880","1336","123","2339","3797","0","61.6","23.18"
"63","000","00","012","1201","0001","750","276","474","53","803","1313","0","61.16","21.02"
"63","000","00","012","1201","0002","835","335","500","35","870","1403","0","62.01","23.88"
"63","000","00","012","1201","0003","631","269","362","35","666","1081","0","61.61","24.88"
"63","000","00","012","1202","0000","2137","872","1265","141","2278","3798","0","59.98","22.96"
"63","000","00","012","1202","0004","681","276","405","50","731","1209","0","60.46","22.83"
"63","000","00","012","1202","0005","730","301","429","48","778","1326","0","58.67","22.7"
"63","000","00","012","1202","0006","726","295","431","43","769","1263","0","60.89","23.36"
"63","000","00","012","1203","0000","2639","1008","1631","148","2787","4640","0","60.06","21.72"
"63","000","00","012","1203","0007","912","362","550","55","967","1580","0","61.2","22.91"
"63","000","00","012","1203","0008","891","322","569","43","934","1577","0","59.23","20.42"
"63","000","00","012","1203","0009","836","324","512","50","886","1483","0","59.74","21.85"
"63","000","00","012","1204","0000","3294","1246","2048","160","3454","6090","0","56.72","20.46"
"63","000","00","012","1204","0010","792","307","485","32","824","1461","0","56.4","21.01"
"63","000","00","012","1204","0011","786","310","476","51","837","1466","0","57.09","21.15"
"63","000","00","012","1204","0012","922","335","587","45","967","1620","0","59.69","20.68"
"63","000","00","012","1204","0013","794","294","500","32","826","1543","0","53.53","19.05"
"63","000","00","012","1205","0000","3406","1250","2156","189","3595","6230","0","57.7","20.06"
"63","000","00","012","1205","0014","766","273","493","56","822","1513","0","54.33","18.04"
"63","000","00","012","1205","0015","860","300","560","33","893","1534","0","58.21","19.56"
"63","000","00","012","1205","0016","923","339","584","61","984","1650","0","59.64","20.55"
"63","000","00","012","1205","0017","857","338","519","39","896","1533","0","58.45","22.05"
"63","000","00","012","1206","0000","3337","1492","1845","178","3515","6528","0","53.84","22.86"
"63","000","00","012","1206","0018","901","344","557","37","938","1702","0","55.11","20.21"
"63","000","00","012","1206","0019","943","432","511","35","978","1721","0","56.83","25.1"
"63","000","00","012","1206","0020","921","402","519","44","965","1575","0","61.27","25.52"
"63","000","00","012","1206","0021","572","314","258","62","634","1530","0","41.44","20.52"
"63","000","00","012","1207","0000","3536","1297","2239","199","3735","6810","0","54.85","19.05"
"63","000","00","012","1207","0022","964","359","605","50","1014","1728","0","58.68","20.78"
"63","000","00","012","1207","0023","908","328","580","58","966","1702","0","56.76","19.27"
"63","000","00","012","1207","0024","906","350","556","57","963","1696","0","56.78","20.64"
"63","000","00","012","1207","0025","758","260","498","34","792","1684","0","47.03","15.44"
"63","000","00","012","1208","0000","3779","1432","2347","174","3953","6642","0","59.52","21.56"
"63","000","00","012","1208","0026","991","382","609","39","1030","1717","0","59.99","22.25"
"63","000","00","012","1208","0027","904","359","545","38","942","1605","0","58.69","22.37"
"63","000","00","012","1208","0028","932","324","608","58","990","1723","0","57.46","18.8"
"63","000","00","012","1208","0029","952","367","585","39","991","1597","0","62.05","22.98"
"63","000","00","012","1209","0000","4301","1686","2615","176","4477","7993","0","56.01","21.09"
"63","000","00","012","1209","0030","943","349","594","36","979","1700","0","57.59","20.53"
"63","000","00","012","1209","0031","776","346","430","35","811","1544","0","52.53","22.41"
"63","000","00","012","1209","0032","837","318","519","39","876","1635","0","53.58","19.45"
"63","000","00","012","1209","0033","850","330","520","23","873","1495","0","58.39","22.07"
"63","000","00","012","1209","0034","895","343","552","43","938","1619","0","57.94","21.19"
"63","000","00","012","1210","0000","3528","1474","2054","116","3644","6869","0","53.05","21.46"
"63","000","00","012","1210","0035","924","407","517","35","959","1683","0","56.98","24.18"
"63","000","00","012","1210","0036","864","339","525","38","902","1662","0","54.27","20.4"
"63","000","00","012","1210","0037","883","358","525","24","907","1850","0","49.03","19.35"
"63","000","00","012","1210","0038","857","370","487","19","876","1674","0","52.33","22.1"
"63","000","00","012","1211","0000","2407","872","1535","111","2518","4183","0","60.2","20.85"
"63","000","00","012","1211","0039","871","314","557","47","918","1511","0","60.75","20.78"
"63","000","00","012","1211","0040","771","268","503","19","790","1393","0","56.71","19.24"
"63","000","00","012","1211","0041","765","290","475","45","810","1279","0","63.33","22.67"
"63","000","00","012","1212","0000","2272","871","1401","135","2407","3837","0","62.73","22.7"
"63","000","00","012","1212","0042","607","241","366","29","636","1122","0","56.68","21.48"
"63","000","00","012","1212","0043","805","296","509","47","852","1238","0","68.82","23.91"
"63","000","00","012","1212","0044","860","334","526","59","919","1477","0","62.22","22.61"
"63","000","00","012","1213","0000","3377","1217","2160","175","3552","5857","0","60.65","20.78"
"63","000","00","012","1213","0045","869","331","538","43","912","1495","0","61.0","22.14"
"63","000","00","012","1213","0046","888","337","551","40","928","1469","0","63.17","22.94"
"63","000","00","012","1213","0047","814","274","540","45","859","1462","0","58.76","18.74"
"63","000","00","012","1213","0048","806","275","531","47","853","1431","0","59.61","19.22"
"63","000","00","012","1214","0000","2492","1019","1473","115","2607","4391","0","59.37","23.21"
"63","000","00","012","1214","0049","833","356","477","32","865","1486","0","58.21","23.96"
"63","000","00","012","1214","0050","828","321","507","55","883","1449","0","60.94","22.15"
"63","000","00","012","1214","0051","831","342","489","28","859","1456","0","59.0","23.49"
"63","000","00","012","1215","0000","2237","845","1392","114","2351","4005","0","58.7","21.1"
"63","000","00","012","1215","0052","727","274","453","36","763","1311","0","58.2","20.9"
"63","000","00","012","1215","0053","755","272","483","51","806","1356","0","59.44","20.06"
"63","000","00","012","1215","0054","755","299","456","27","782","1338","0","58.45","22.35"
"63","000","00","012","1216","0000","2500","970","1530","85","2585","4644","0","55.66","20.89"
"63","000","00","012","1216","0055","848","324","524","34","882","1525","0","57.84","21.25"
"63","000","00","012","1216","0056","860","338","522","31","891","1620","0","55.0","20.86"
"63","000","00","012","1216","0057","792","308","484","20","812","1499","0","54.17","20.55"
"63","000","00","012","1217","0000","4248","1623","2625","234","4482","7724","0","58.03","21.01"
"63","000","00","012","1217","0058","865","299","566","31","896","1497","0","59.85","19.97"
"63","000","00","012","1217","0059","875","355","520","43","918","1624","0","56.53","21.86"
"63","000","00","012","1217","0060","798","305","493","56","854","1536","0","55.6","19.86"
"63","000","00","012","1217","0061","863","346","517","59","922","1469","0","62.76","23.55"
"63","000","00","012","1217","0062","847","318","529","45","892","1598","0","55.82","19.9"
"63","000","00","012","1218","0000","2568","958","1610","165","2733","4923","0","55.51","19.46"
"63","000","00","012","1218","0063","899","348","551","34","933","1690","0","55.21","20.59"
"63","000","00","012","1218","0064","781","255","526","82","863","1599","0","53.97","15.95"
"63","000","00","012","1218","0065","888","355","533","49","937","1634","0","57.34","21.73"
"63","000","00","012","1219","0000","844","335","509","42","886","1660","0","53.37","20.18"
"63","000","00","012","1219","0066","844","335","509","42","886","1660","0","53.37","20.18"
"63","000","00","012","1220","0000","4903","1930","2973","259","5162","9045","0","57.07","21.34"
"63","000","00","012","1220","0067","951","403","548","50","1001","1900","0","52.68","21.21"
"63","000","00","012","1220","0068","984","399","585","50","1034","1797","0","57.54","22.2"
"63","000","00","012","1220","0069","1020","392","628","46","1066","1832","0","58.19","21.4"
"63","000","00","012","1220","0070","989","370","619","56","1045","1784","0","58.58","20.74"
"63","000","00","012","1220","0071","959","366","593","57","1016","1732","0","58.66","21.13"
"63","000","00","012","1221","0000","3959","1506","2453","285","4244","8470","0","50.11","17.78"
"63","000","00","012","1221","0072","523","206","317","38","561","2035","0","27.57","10.12"
"63","000","00","012","1221","0073","801","329","472","57","858","1504","0","57.05","21.88"
"63","000","00","012","1221","0074","941","317","624","63","1004","1683","0","59.66","18.84"
"63","000","00","012","1221","0075","834","318","516","70","904","1635","0","55.29","19.45"
"63","000","00","012","1221","0076","860","336","524","57","917","1613","0","56.85","20.83"
"63","000","00","012","1222","0000","3943","1529","2414","227","4170","7542","0","55.29","20.27"
"63","000","00","012","1222","0077","774","303","471","26","800","1483","0","53.94","20.43"
"63","000","00","012","1222","0078","806","301","505","41","847","1500","0","56.47","20.07"
"63","000","00","012","1222","0079","828","334","494","45","873","1483","0","58.87","22.52"
"63","000","00","012","1222","0080","809","313","496","65","874","1544","0","56.61","20.27"
"63","000","00","012","1222","0081","726","278","448","50","776","1532","0","50.65","18.15"
"63","000","00","012","1223","0000","2770","1055","1715","153","2923","5554","0","52.63","19.0"
"63","000","00","012","1223","0082","961","372","589","66","1027","1819","0","56.46","20.45"
"63","000","00","012","1223","0083","895","306","589","62","957","1863","0","51.37","16.43"
"63","000","00","012","1223","0084","914","377","537","25","939","1872","0","50.16","20.14"
"63","000","00","012","1224","0000","2756","1026","1730","116","2872","5164","0","55.62","19.87"
"63","000","00","012","1224","0085","897","309","588","48","945","1627","0","58.08","18.99"
"63","000","00","012","1224","0086","875","316","559","25","900","1696","0","53.07","18.63"
"63","000","00","012","1224","0087","984","401","583","43","1027","1841","0","55.78","21.78"
"63","000","00","012","1225","0000","3249","1245","2004","140","3389","5954","0","56.92","20.91"
"63","000","00","012","1225","0088","714","303","411","39","753","1324","0","56.87","22.89"
"63","000","00","012","1225","0089","796","285","511","26","822","1504","0","54.65","18.95"
"63","000","00","012","1225","0090","824","305","519","35","859","1511","0","56.85","20.19"
"63","000","00","012","1225","0091","915","352","563","40","955","1615","0","59.13","21.8"
"63","000","00","012","1226","0000","1354","539","815","65","1419","2762","0","51.38","19.51"
"63","000","00","012","1226","0092","640","245","395","31","671","1270","0","52.83","19.29"
"63","000","00","012","1226","0093","714","294","420","34","748","1492","0","50.13","19.71"
"63","000","00","012","1227","0000","3058","1229","1829","96","3154","5832","0","54.08","21.07"
"63","000","00","012","1227","0094","756","318","438","26","782","1429","0","54.72","22.25"
"63","000","00","012","1227","0095","797","330","467","21","818","1567","0","52.2","21.06"
"63","000","00","012","1227","0096","752","286","466","34","786","1388","0","56.63","20.61"
"63","000","00","012","1227","0097","753","295","458","15","768","1448","0","53.04","20.37"
"63","000","00","012","1228","0000","2069","770","1299","114","2183","3829","0","57.01","20.11"
"63","000","00","012","1228","0098","694","261","433","39","733","1356","0","54.06","19.25"
"63","000","00","012","1228","0099","703","253","450","34","737","1308","0","56.35","19.34"
"63","000","00","012","1228","0100","672","256","416","41","713","1165","0","61.2","21.97"
"63","000","00","012","1229","0000","3298","1159","2139","162","3460","5889","0","58.75","19.68"
"63","000","00","012","1229","0101","809","281","528","57","866","1429","0","60.6","19.66"
"63","000","00","012","1229","0102","783","260","523","23","806","1472","0","54.76","17.66"
"63","000","00","012","1229","0103","913","350","563","35","948","1508","0","62.86","23.21"
"63","000","00","012","1229","0104","793","268","525","47","840","1480","0","56.76","18.11"
"63","000","00","012","1230","0000","2328","898","1430","124","2452","4365","0","56.17","20.57"
"63","000","00","012","1230","0105","589","237","352","32","621","1142","0","54.38","20.75"
"63","000","00","012","1230","0106","800","304","496","29","829","1554","0","53.35","19.56"
"63","000","00","012","1230","0107","939","357","582","63","1002","1669","0","60.04","21.39"
"63","000","00","012","1231","0000","2767","986","1781","157","2924","5333","0","54.83","18.49"
"63","000","00","012","1231","0108","967","327","640","50","1017","1823","0","55.79","17.94"
"63","000","00","012","1231","0109","913","338","575","51","964","1739","0","55.43","19.44"
"63","000","00","012","1231","0110","887","321","566","56","943","1771","0","53.25","18.13"
"63","000","00","012","1232","0000","1522","522","1000","80","1602","2937","0","54.55","17.77"
"63","000","00","012","1232","0111","729","240","489","48","777","1468","0","52.93","16.35"
"63","000","00","012","1232","0112","793","282","511","32","825","1469","0","56.16","19.2"
"63","000","00","012","1233","0000","2172","716","1456","100","2272","3617","0","62.81","19.8"
"63","000","00","012","1233","0113","681","222","459","30","711","1094","0","64.99","20.29"
"63","000","00","012","1233","0114","659","198","461","35","694","1101","0","63.03","17.98"
"63","000","00","012","1233","0115","832","296","536","35","867","1422","0","60.97","20.82"
"63","000","00","012","1234","0000","2186","890","1296","147","2333","3912","0","59.64","22.75"
"63","000","00","012","1234","0116","732","328","404","46","778","1390","0","55.97","23.6"
"63","000","00","012","1234","0117","741","278","463","42","783","1307","0","59.91","21.27"
"63","000","00","012","1234","0118","713","284","429","59","772","1215","0","63.54","23.37"
"63","000","00","012","1235","0000","2517","938","1579","152","2669","4886","0","54.63","19.2"
"63","000","00","012","1235","0119","844","316","528","58","902","1642","0","54.93","19.24"
"63","000","00","012","1235","0120","819","288","531","43","862","1623","0","53.11","17.74"
"63","000","00","012","1235","0121","854","334","520","51","905","1621","0","55.83","20.6"
"63","000","00","012","1236","0000","2920","1198","1722","120","3040","5397","0","56.33","22.2"
"63","000","00","012","1236","0122","742","314","428","19","761","1367","0","55.67","22.97"
"63","000","00","012","1236","0123","687","284","403","37","724","1309","0","55.31","21.7"
"63","000","00","012","1236","0124","760","313","447","27","787","1356","0","58.04","23.08"
"63","000","00","012","1236","0125","731","287","444","37","768","1365","0","56.26","21.03"
"63","000","00","012","1237","0000","3399","1364","2035","168","3567","6487","0","54.99","21.03"
"63","000","00","012","1237","0126","846","347","499","29","875","1613","0","54.25","21.51"
"63","000","00","012","1237","0127","749","308","441","34","783","1590","0","49.25","19.37"
"63","000","00","012","1237","0128","923","339","584","48","971","1662","0","58.42","20.4"
"63","000","00","012","1237","0129","881","370","511","57","938","1622","0","57.83","22.81"
"63","000","00","012","1238","0000","5199","1974","3225","272","5471","10006","0","54.68","19.73"
"63","000","00","012","1238","0130","973","404","569","29","1002","1820","0","55.05","22.2"
"63","000","00","012","1238","0131","895","312","583","52","947","1615","0","58.64","19.32"
"63","000","00","012","1238","0132","691","243","448","64","755","1612","0","46.84","15.07"
"63","000","00","012","1238","0133","863","342","521","61","924","1652","0","55.93","20.7"
"63","000","00","012","1238","0134","921","345","576","21","942","1666","0","56.54","20.71"
"63","000","00","012","1238","0135","856","328","528","45","901","1641","0","54.91","19.99"
"63","000","00","012","1239","0000","1030","415","615","80","1110","2170","0","51.15","19.12"
"63","000","00","012","1239","0136","304","141","163","19","323","528","0","61.17","26.7"
"63","000","00","012","1239","0137","726","274","452","61","787","1642","0","47.93","16.69"
"63","000","00","012","1240","0000","791","257","534","63","854","1519","0","56.22","16.92"
"63","000","00","012","1240","0138","434","156","278","37","471","829","0","56.82","18.82"
"63","000","00","012","1240","0139","357","101","256","26","383","690","0","55.51","14.64"
"63","000","00","012","1241","0000","541","180","361","43","584","1067","0","54.73","16.87"
"63","000","00","012","1241","0140","541","180","361","43","584","1067","0","54.73","16.87"
"63","000","00","012","1242","0000","455","153","302","52","507","892","0","56.84","17.15"
"63","000","00","012","1242","0141","455","153","302","52","507","892","0","56.84","17.15"
"65","000","00","000","0000","0000","1764602","616312","1148290","103690","1868292","3375513","3992291","55.35","18.26"
"65","000","00","001","0000","0000","247263","88512","158751","15343","262606","463411","554357","56.67","19.1"
"65","000","00","001","0101","0000","703","279","424","73","776","1388","0","55.91","20.1"
"65","000","00","001","0101","0894","703","279","424","73","776","1388","0","55.91","20.1"
"65","000","00","001","0102","0000","726","300","426","35","761","1294","0","58.81","23.18"
"65","000","00","001","0102","0895","726","300","426","35","761","1294","0","58.81","23.18"
"65","000","00","001","0103","0000","404","171","233","15","419","667","0","62.82","25.64"
"65","000","00","001","0103","0896","404","171","233","15","419","667","0","62.82","25.64"
"65","000","00","001","0104","0000","458","163","295","28","486","898","0","54.12","18.15"
"65","000","00","001","0104","0897","458","163","295","28","486","898","0","54.12","18.15"
"65","000","00","001","0105","0000","907","303","604","61","968","1568","0","61.73","19.32"
"65","000","00","001","0105","0898","478","168","310","28","506","829","0","61.04","20.27"
"65","000","00","001","0105","0899","429","135","294","33","462","739","0","62.52","18.27"
"65","000","00","001","0106","0000","2352","861","1491","160","2512","4718","0","53.24","18.25"
"65","000","00","001","0106","0900","594","215","379","43","637","1035","0","61.55","20.77"
"65","000","00","001","0106","0901","773","310","463","25","798","1713","0","46.58","18.1"
"65","000","00","001","0106","0902","327","110","217","13","340","658","0","51.67","16.72"
"65","000","00","001","0106","0903","658","226","432","79","737","1312","0","56.17","17.23"
"65","000","00","001","0107","0000","1393","459","934","103","1496","2885","0","51.85","15.91"
"65","000","00","001","0107","0904","727","243","484","46","773","1492","0","51.81","16.29"
"65","000","00","001","0107","0905","666","216","450","57","723","1393","0","51.9","15.51"
"65","000","00","001","0108","0000","2937","1160","1777","182","3119","8490","0","36.74","13.66"
"65","000","00","001","0108","0906","938","403","535","40","978","4742","0","20.62","8.5"
"65","000","00","001","0108","0907","747","280","467","39","786","1439","0","54.62","19.46"
"65","000","00","001","0108","0908","659","251","408","69","728","1187","0","61.33","21.15"
"65","000","00","001","0108","0909","593","226","367","34","627","1122","0","55.88","20.14"
"65","000","00","001","0109","0000","2096","767","1329","155","2251","3787","0","59.44","20.25"
"65","000","00","001","0109","0910","739","255","484","61","800","1363","0","58.69","18.71"
"65","000","00","001","0109","0911","595","215","380","52","647","1093","0","59.19","19.67"
"65","000","00","001","0109","0912","762","297","465","42","804","1331","0","60.41","22.31"
"65","000","00","001","0110","0000","1966","729","1237","146","2112","3777","0","55.92","19.3"
"65","000","00","001","0110","0915","618","233","385","70","688","1268","0","54.26","18.38"
"65","000","00","001","0110","0916","659","217","442","33","692","1313","0","52.7","16.53"
"65","000","00","001","0110","0917","689","279","410","43","732","1196","0","61.2","23.33"
"65","000","00","001","0111","0000","2804","1013","1791","136","2940","4565","0","64.4","22.19"
"65","000","00","001","0111","0918","746","276","470","31","777","1137","0","68.34","24.27"
"65","000","00","001","0111","0919","773","300","473","38","811","1269","0","63.91","23.64"
"65","000","00","001","0111","0920","659","228","431","31","690","1117","0","61.77","20.41"
"65","000","00","001","0111","0921","626","209","417","36","662","1042","0","63.53","20.06"
"65","000","00","001","0112","0000","1362","456","906","125","1487","2473","0","60.13","18.44"
"65","000","00","001","0112","0922","686","234","452","76","762","1257","0","60.62","18.62"
"65","000","00","001","0112","0923","676","222","454","49","725","1216","0","59.62","18.26"
"65","000","00","001","0113","0000","1401","542","859","101","1502","2416","0","62.17","22.43"
"65","000","00","001","0113","0924","606","249","357","54","660","1126","0","58.61","22.11"
"65","000","00","001","0113","0925","795","293","502","47","842","1290","0","65.27","22.71"
"65","000","00","001","0114","0000","1996","621","1375","87","2083","3372","0","61.77","18.42"
"65","000","00","001","0114","0928","815","251","564","34","849","1329","0","63.88","18.89"
"65","000","00","001","0114","0929","581","161","420","23","604","996","0","60.64","16.16"
"65","000","00","001","0114","0930","600","209","391","30","630","1047","0","60.17","19.96"
"65","000","00","001","0115","0000","1436","581","855","90","1526","2524","0","60.46","23.02"
"65","000","00","001","0115","0931","715","237","478","54","769","1272","0","60.46","18.63"
"65","000","00","001","0115","0932","721","344","377","36","757","1252","0","60.46","27.48"
"65","000","00","001","0116","0000","1863","665","1198","171","2034","3509","0","57.97","18.95"
"65","000","00","001","0116","0936","546","198","348","53","599","1093","0","54.8","18.12"
"65","000","00","001","0116","0937","598","210","388","70","668","1148","0","58.19","18.29"
"65","000","00","001","0116","0938","719","257","462","48","767","1268","0","60.49","20.27"
"65","000","00","001","0117","0000","2346","808","1538","195","2541","4250","0","59.79","19.01"
"65","000","00","001","0117","0939","651","236","415","67","718","1230","0","58.37","19.19"
"65","000","00","001","0117","0940","542","161","381","36","578","1012","0","57.11","15.91"
"65","000","00","001","0117","0941","448","158","290","41","489","811","0","60.3","19.48"
"65","000","00","001","0117","0942","705","253","452","51","756","1197","0","63.16","21.14"
"65","000","00","001","0118","0000","1292","443","849","67","1359","2364","0","57.49","18.74"
"65","000","00","001","0118","0943","620","207","413","30","650","1142","0","56.92","18.13"
"65","000","00","001","0118","0944","672","236","436","37","709","1222","0","58.02","19.31"
"65","000","00","001","0119","0000","1778","654","1124","136","1914","3208","0","59.66","20.39"
"65","000","00","001","0119","0947","565","213","352","33","598","1011","0","59.15","21.07"
"65","000","00","001","0119","0948","628","241","387","54","682","1157","0","58.95","20.83"
"65","000","00","001","0119","0949","585","200","385","49","634","1040","0","60.96","19.23"
"65","000","00","001","0120","0000","1913","615","1298","103","2016","3621","0","55.68","16.98"
"65","000","00","001","0120","0950","668","237","431","37","705","1173","0","60.1","20.2"
"65","000","00","001","0120","0951","522","132","390","26","548","1193","0","45.93","11.06"
"65","000","00","001","0120","0952","723","246","477","40","763","1255","0","60.8","19.6"
"65","000","00","001","0121","0000","1880","706","1174","82","1962","3298","0","59.49","21.41"
"65","000","00","001","0121","0953","740","294","446","35","775","1306","0","59.34","22.51"
"65","000","00","001","0121","0954","608","217","391","17","625","1050","0","59.52","20.67"
"65","000","00","001","0121","0955","532","195","337","30","562","942","0","59.66","20.7"
"65","000","00","001","0122","0000","2122","703","1419","113","2235","3677","0","60.78","19.12"
"65","000","00","001","0122","0956","672","212","460","44","716","1133","0","63.2","18.71"
"65","000","00","001","0122","0957","705","235","470","33","738","1251","0","58.99","18.78"
"65","000","00","001","0122","0958","745","256","489","36","781","1293","0","60.4","19.8"
"65","000","00","001","0123","0000","1816","656","1160","161","1977","3492","0","56.62","18.79"
"65","000","00","001","0123","0959","603","219","384","57","660","1208","0","54.64","18.13"
"65","000","00","001","0123","0960","658","234","424","55","713","1223","0","58.3","19.13"
"65","000","00","001","0123","0961","555","203","352","49","604","1061","0","56.93","19.13"
"65","000","00","001","0124","0000","2154","682","1472","106","2260","3596","0","62.85","18.97"
"65","000","00","001","0124","0964","682","214","468","35","717","1120","0","64.02","19.11"
"65","000","00","001","0124","0965","653","228","425","42","695","1091","0","63.7","20.9"
"65","000","00","001","0124","0966","819","240","579","29","848","1385","0","61.23","17.33"
"65","000","00","001","0125","0000","1353","461","892","89","1442","2269","0","63.55","20.32"
"65","000","00","001","0125","0969","714","253","461","42","756","1191","0","63.48","21.24"
"65","000","00","001","0125","0970","639","208","431","47","686","1078","0","63.64","19.29"
"65","000","00","001","0126","0000","1474","525","949","111","1585","2673","0","59.3","19.64"
"65","000","00","001","0126","0971","741","248","493","64","805","1351","0","59.59","18.36"
"65","000","00","001","0126","0972","733","277","456","47","780","1322","0","59.0","20.95"
"65","000","00","001","0127","0000","1110","380","730","106","1216","1897","0","64.1","20.03"
"65","000","00","001","0127","0973","474","154","320","51","525","868","0","60.48","17.74"
"65","000","00","001","0127","0974","636","226","410","55","691","1029","0","67.15","21.96"
"65","000","00","001","0128","0000","3386","1205","2181","185","3571","6157","0","58.0","19.57"
"65","000","00","001","0128","0975","894","309","585","35","929","1602","0","57.99","19.29"
"65","000","00","001","0128","0976","771","255","516","54","825","1362","0","60.57","18.72"
"65","000","00","001","0128","0977","897","344","553","68","965","1698","0","56.83","20.26"
"65","000","00","001","0128","0978","824","297","527","28","852","1495","0","56.99","19.87"
"65","000","00","001","0129","0000","2205","835","1370","160","2365","4360","0","54.24","19.15"
"65","000","00","001","0129","0979","793","319","474","58","851","1522","0","55.91","20.96"
"65","000","00","001","0129","0980","699","256","443","58","757","1279","0","59.19","20.02"
"65","000","00","001","0129","0981","713","260","453","44","757","1559","0","48.56","16.68"
"65","000","00","001","0130","0000","2396","892","1504","161","2557","4788","0","53.4","18.63"
"65","000","00","001","0130","0982","755","282","473","74","829","1537","0","53.94","18.35"
"65","000","00","001","0130","0983","743","282","461","59","802","1531","0","52.38","18.42"
"65","000","00","001","0130","0984","898","328","570","28","926","1720","0","53.84","19.07"
"65","000","00","001","0131","0000","2798","1026","1772","169","2967","5277","0","56.23","19.44"
"65","000","00","001","0131","0985","603","210","393","37","640","1165","0","54.94","18.03"
"65","000","00","001","0131","0986","1011","386","625","50","1061","1857","0","57.14","20.79"
"65","000","00","001","0131","0987","568","209","359","62","630","1078","0","58.44","19.39"
"65","000","00","001","0131","0988","616","221","395","20","636","1177","0","54.04","18.78"
"65","000","00","001","0132","0000","1799","655","1144","127","1926","3253","0","59.21","20.14"
"65","000","00","001","0132","0989","991","371","620","55","1046","1798","0","58.18","20.63"
"65","000","00","001","0132","0990","808","284","524","72","880","1455","0","60.48","19.52"
"65","000","00","001","0133","0000","2268","847","1421","106","2374","4295","0","55.27","19.72"
"65","000","00","001","0133","0993","868","362","506","31","899","1600","0","56.19","22.63"
"65","000","00","001","0133","0994","703","233","470","30","733","1409","0","52.02","16.54"
"65","000","00","001","0133","0995","697","252","445","45","742","1286","0","57.7","19.6"
"65","000","00","001","0134","0000","1174","413","761","126","1300","2547","0","51.04","16.22"
"65","000","00","001","0134","0996","580","193","387","92","672","1359","0","49.45","14.2"
"65","000","00","001","0134","0997","594","220","374","34","628","1188","0","52.86","18.52"
"65","000","00","001","0135","0000","3618","1372","2246","199","3817","6884","0","55.45","19.93"
"65","000","00","001","0135","0998","816","298","518","55","871","1627","0","53.53","18.32"
"65","000","00","001","0135","0999","792","314","478","35","827","1633","0","50.64","19.23"
"65","000","00","001","0135","1000","1028","402","626","54","1082","1814","0","59.65","22.16"
"65","000","00","001","0135","1001","982","358","624","55","1037","1810","0","57.29","19.78"
"65","000","00","001","0136","0000","1755","657","1098","147","1902","3315","0","57.38","19.82"
"65","000","00","001","0136","1005","582","211","371","56","638","1130","0","56.46","18.67"
"65","000","00","001","0136","1006","600","229","371","60","660","1056","0","62.5","21.69"
"65","000","00","001","0136","1007","573","217","356","31","604","1129","0","53.5","19.22"
"65","000","00","001","0137","0000","3523","1249","2274","205","3728","6233","0","59.81","20.04"
"65","000","00","001","0137","1008","906","316","590","69","975","1713","0","56.92","18.45"
"65","000","00","001","0137","1009","875","302","573","62","937","1622","0","57.77","18.62"
"65","000","00","001","0137","1010","852","312","540","47","899","1427","0","63.0","21.86"
"65","000","00","001","0137","1011","890","319","571","27","917","1471","0","62.34","21.69"
"65","000","00","001","0138","0000","1476","522","954","130","1606","2637","0","60.9","19.8"
"65","000","00","001","0138","1015","451","163","288","36","487","828","0","58.82","19.69"
"65","000","00","001","0138","1016","457","149","308","60","517","820","0","63.05","18.17"
"65","000","00","001","0138","1017","568","210","358","34","602","989","0","60.87","21.23"
"65","000","00","001","0139","0000","2306","988","1318","167","2473","4257","0","58.09","23.21"
"65","000","00","001","0139","1018","546","192","354","55","601","1023","0","58.75","18.77"
"65","000","00","001","0139","1019","549","200","349","32","581","1044","0","55.65","19.16"
"65","000","00","001","0139","1020","523","174","349","50","573","968","0","59.19","17.98"
"65","000","00","001","0139","1021","688","422","266","30","718","1222","0","58.76","34.53"
"65","000","00","001","0140","0000","1543","569","974","96","1639","2970","0","55.19","19.16"
"65","000","00","001","0140","1022","728","255","473","41","769","1385","0","55.52","18.41"
"65","000","00","001","0140","1023","815","314","501","55","870","1585","0","54.89","19.81"
"65","000","00","001","0141","0000","2020","717","1303","131","2151","3646","0","59.0","19.67"
"65","000","00","001","0141","1024","965","350","615","62","1027","1840","0","55.82","19.02"
"65","000","00","001","0141","1025","1055","367","688","69","1124","1806","0","62.24","20.32"
"65","000","00","001","0142","0000","2387","876","1511","183","2570","4482","0","57.34","19.54"
"65","000","00","001","0142","1026","792","286","506","68","860","1506","0","57.1","18.99"
"65","000","00","001","0142","1027","766","275","491","61","827","1476","0","56.03","18.63"
"65","000","00","001","0142","1028","829","315","514","54","883","1500","0","58.87","21.0"
"65","000","00","001","0143","0000","1727","643","1084","98","1825","3108","0","58.72","20.69"
"65","000","00","001","0143","1031","849","307","542","44","893","1601","0","55.78","19.18"
"65","000","00","001","0143","1032","878","336","542","54","932","1507","0","61.84","22.3"
"65","000","00","001","0144","0000","5024","1880","3144","227","5251","8859","0","59.27","21.22"
"65","000","00","001","0144","1035","1032","396","636","74","1106","1822","0","60.7","21.73"
"65","000","00","001","0144","1036","939","340","599","64","1003","1605","0","62.49","21.18"
"65","000","00","001","0144","1037","883","314","569","23","906","1549","0","58.49","20.27"
"65","000","00","001","0144","1038","1136","460","676","26","1162","1948","0","59.65","23.61"
"65","000","00","001","0144","1039","1034","370","664","40","1074","1935","0","55.5","19.12"
"65","000","00","001","0145","0000","1117","407","710","84","1201","2192","0","54.79","18.57"
"65","000","00","001","0145","1040","542","193","349","48","590","1097","0","53.78","17.59"
"65","000","00","001","0145","1041","575","214","361","36","611","1095","0","55.8","19.54"
"65","000","00","001","0146","0000","1994","747","1247","112","2106","3603","0","58.45","20.73"
"65","000","00","001","0146","1044","613","214","399","51","664","1187","0","55.94","18.03"
"65","000","00","001","0146","1045","651","248","403","29","680","1154","0","58.93","21.49"
"65","000","00","001","0146","1046","730","285","445","32","762","1262","0","60.38","22.58"
"65","000","00","001","0147","0000","1386","681","705","142","1528","2681","0","56.99","25.4"
"65","000","00","001","0147","1047","644","200","444","78","722","1271","0","56.81","15.74"
"65","000","00","001","0147","1048","742","481","261","64","806","1410","0","57.16","34.11"
"65","000","00","001","0148","0000","2791","1006","1785","244","3035","5365","0","56.57","18.75"
"65","000","00","001","0148","1049","861","339","522","71","932","1745","0","53.41","19.43"
"65","000","00","001","0148","1050","957","318","639","100","1057","1867","0","56.61","17.03"
"65","000","00","001","0148","1051","973","349","624","73","1046","1753","0","59.67","19.91"
"65","000","00","001","0149","0000","664","235","429","62","726","1204","0","60.3","19.52"
"65","000","00","001","0149","1052","664","235","429","62","726","1204","0","60.3","19.52"
"65","000","00","001","0150","0000","2975","1136","1839","183","3158","5455","0","57.89","20.82"
"65","000","00","001","0150","1053","822","297","525","58","880","1614","0","54.52","18.4"
"65","000","00","001","0150","1054","698","266","432","44","742","1237","0","59.98","21.5"
"65","000","00","001","0150","1055","756","295","461","54","810","1361","0","59.52","21.68"
"65","000","00","001","0150","1056","699","278","421","27","726","1243","0","58.41","22.37"
"65","000","00","001","0151","0000","2153","770","1383","126","2279","3979","0","57.28","19.35"
"65","000","00","001","0151","1057","755","281","474","29","784","1515","0","51.75","18.55"
"65","000","00","001","0151","1058","858","317","541","52","910","1515","0","60.07","20.92"
"65","000","00","001","0151","1059","540","172","368","45","585","949","0","61.64","18.12"
"65","000","00","001","0152","0000","1895","659","1236","126","2021","3768","0","53.64","17.49"
"65","000","00","001","0152","1060","839","292","547","60","899","1629","0","55.19","17.93"
"65","000","00","001","0152","1061","688","237","451","37","725","1238","0","58.56","19.14"
"65","000","00","001","0152","1062","368","130","238","29","397","901","0","44.06","14.43"
"65","000","00","001","0153","0000","1581","577","1004","117","1698","2956","0","57.44","19.52"
"65","000","00","001","0153","1063","804","296","508","62","866","1475","0","58.71","20.07"
"65","000","00","001","0153","1064","777","281","496","55","832","1481","0","56.18","18.97"
"65","000","00","001","0154","0000","2947","1066","1881","181","3128","5602","0","55.84","19.03"
"65","000","00","001","0154","1065","888","300","588","68","956","1800","0","53.11","16.67"
"65","000","00","001","0154","1066","817","303","514","51","868","1630","0","53.25","18.59"
"65","000","00","001","0154","1067","743","272","471","36","779","1298","0","60.02","20.96"
"65","000","00","001","0154","1068","499","191","308","26","525","874","0","60.07","21.85"
"65","000","00","001","0155","0000","1448","539","909","104","1552","2581","0","60.13","20.88"
"65","000","00","001","0155","1071","800","314","486","63","863","1451","0","59.48","21.64"
"65","000","00","001","0155","1072","648","225","423","41","689","1130","0","60.97","19.91"
"65","000","00","001","0156","0000","1641","562","1079","115","1756","2971","0","59.1","18.92"
"65","000","00","001","0156","1073","809","261","548","39","848","1440","0","58.89","18.13"
"65","000","00","001","0156","1074","832","301","531","76","908","1531","0","59.31","19.66"
"65","000","00","001","0157","0000","3699","1250","2449","168","3867","6492","0","59.57","19.25"
"65","000","00","001","0157","1077","662","221","441","25","687","1174","0","58.52","18.82"
"65","000","00","001","0157","1078","671","199","472","42","713","1228","0","58.06","16.21"
"65","000","00","001","0157","1079","676","231","445","32","708","1187","0","59.65","19.46"
"65","000","00","001","0157","1080","497","151","346","43","540","870","0","62.07","17.36"
"65","000","00","001","0157","1081","1193","448","745","26","1219","2033","0","59.96","22.04"
"65","000","00","001","0158","0000","1312","469","843","76","1388","2493","0","55.68","18.81"
"65","000","00","001","0158","1082","721","269","452","46","767","1418","0","54.09","18.97"
"65","000","00","001","0158","1083","591","200","391","30","621","1075","0","57.77","18.6"
"65","000","00","001","0159","0000","2355","898","1457","151","2506","4561","0","54.94","19.69"
"65","000","00","001","0159","1086","983","396","587","65","1048","1893","0","55.36","20.92"
"65","000","00","001","0159","1087","674","237","437","50","724","1302","0","55.61","18.2"
"65","000","00","001","0159","1088","698","265","433","36","734","1366","0","53.73","19.4"
"65","000","00","001","0160","0000","1396","524","872","121","1517","2518","0","60.25","20.81"
"65","000","00","001","0160","1089","754","275","479","76","830","1318","0","62.97","20.86"
"65","000","00","001","0160","1090","642","249","393","45","687","1200","0","57.25","20.75"
"65","000","00","001","0161","0000","2032","762","1270","135","2167","3774","0","57.42","20.19"
"65","000","00","001","0161","1091","1099","439","660","44","1143","2028","0","56.36","21.65"
"65","000","00","001","0161","1092","933","323","610","91","1024","1746","0","58.65","18.5"
"65","000","00","001","0162","0000","1668","621","1047","111","1779","2981","0","59.68","20.83"
"65","000","00","001","0162","1095","765","272","493","39","804","1418","0","56.7","19.18"
"65","000","00","001","0162","1096","903","349","554","72","975","1563","0","62.38","22.33"
"65","000","00","001","0163","0000","1815","638","1177","120","1935","3487","0","55.49","18.3"
"65","000","00","001","0163","1097","912","304","608","75","987","1780","0","55.45","17.08"
"65","000","00","001","0163","1098","903","334","569","45","948","1707","0","55.54","19.57"
"65","000","00","001","0164","0000","1505","515","990","114","1619","3051","0","53.06","16.88"
"65","000","00","001","0164","1099","358","114","244","10","368","906","0","40.62","12.58"
"65","000","00","001","0164","1100","534","185","349","59","593","1030","0","57.57","17.96"
"65","000","00","001","0164","1101","613","216","397","45","658","1115","0","59.01","19.37"
"65","000","00","001","0165","0000","3884","1362","2522","153","4037","7165","0","56.34","19.01"
"65","000","00","001","0165","1102","1003","326","677","24","1027","1836","0","55.94","17.76"
"65","000","00","001","0165","1103","976","330","646","64","1040","1881","0","55.29","17.54"
"65","000","00","001","0165","1104","899","335","564","31","930","1688","0","55.09","19.85"
"65","000","00","001","0165","1105","1006","371","635","34","1040","1760","0","59.09","21.08"
"65","000","00","001","0166","0000","1870","671","1199","133","2003","3186","0","62.87","21.06"
"65","000","00","001","0166","1106","615","217","398","42","657","1044","0","62.93","20.79"
"65","000","00","001","0166","1107","618","227","391","37","655","1043","0","62.8","21.76"
"65","000","00","001","0166","1108","637","227","410","54","691","1099","0","62.88","20.66"
"65","000","00","001","0167","0000","1299","419","880","85","1384","2391","0","57.88","17.52"
"65","000","00","001","0167","1109","679","225","454","48","727","1260","0","57.7","17.86"
"65","000","00","001","0167","1110","620","194","426","37","657","1131","0","58.09","17.15"
"65","000","00","001","0168","0000","2206","755","1451","146","2352","3947","0","59.59","19.13"
"65","000","00","001","0168","1111","680","224","456","41","721","1225","0","58.86","18.29"
"65","000","00","001","0168","1112","864","311","553","43","907","1455","0","62.34","21.37"
"65","000","00","001","0168","1113","662","220","442","62","724","1267","0","57.14","17.36"
"65","000","00","001","0169","0000","2136","777","1359","147","2283","3832","0","59.58","20.28"
"65","000","00","001","0169","1116","621","223","398","19","640","1111","0","57.61","20.07"
"65","000","00","001","0169","1117","710","247","463","71","781","1177","0","66.36","20.99"
"65","000","00","001","0169","1118","805","307","498","57","862","1544","0","55.83","19.88"
"65","000","00","001","0170","0000","2217","841","1376","84","2301","4087","0","56.3","20.58"
"65","000","00","001","0170","1121","800","319","481","29","829","1504","0","55.12","21.21"
"65","000","00","001","0170","1122","711","256","455","35","746","1373","0","54.33","18.65"
"65","000","00","001","0170","1123","706","266","440","20","726","1210","0","60.0","21.98"
"65","000","00","001","0171","0000","1753","567","1186","128","1881","3360","0","55.98","16.88"
"65","000","00","001","0171","1124","908","309","599","60","968","1809","0","53.51","17.08"
"65","000","00","001","0171","1125","845","258","587","68","913","1551","0","58.87","16.63"
"65","000","00","001","0172","0000","2217","794","1423","90","2307","3795","0","60.79","20.92"
"65","000","00","001","0172","1126","806","285","521","27","833","1408","0","59.16","20.24"
"65","000","00","001","0172","1127","741","271","470","28","769","1285","0","59.84","21.09"
"65","000","00","001","0172","1128","670","238","432","35","705","1102","0","63.97","21.6"
"65","000","00","001","0173","0000","1603","553","1050","105","1708","3091","0","55.26","17.89"
"65","000","00","001","0173","1129","712","241","471","31","743","1399","0","53.11","17.23"
"65","000","00","001","0173","1130","891","312","579","74","965","1692","0","57.03","18.44"
"65","000","00","001","0174","0000","2478","939","1539","126","2604","4478","0","58.15","20.97"
"65","000","00","001","0174","1133","691","240","451","32","723","1246","0","58.03","19.26"
"65","000","00","001","0174","1134","819","373","446","40","859","1471","0","58.4","25.36"
"65","000","00","001","0174","1135","968","326","642","54","1022","1761","0","58.04","18.51"
"65","000","00","001","0175","0000","1609","608","1001","93","1702","3027","0","56.23","20.09"
"65","000","00","001","0175","1136","817","308","509","51","868","1499","0","57.91","20.55"
"65","000","00","001","0175","1137","792","300","492","42","834","1528","0","54.58","19.63"
"65","000","00","001","0176","0000","1739","635","1104","82","1821","3086","0","59.01","20.58"
"65","000","00","001","0176","1138","873","327","546","47","920","1536","0","59.9","21.29"
"65","000","00","001","0176","1139","866","308","558","35","901","1550","0","58.13","19.87"
"65","000","00","001","0177","0000","1834","873","961","115","1949","3350","0","58.18","26.06"
"65","000","00","001","0177","1140","1097","382","715","78","1175","2050","0","57.32","18.63"
"65","000","00","001","0177","1141","737","491","246","37","774","1300","0","59.54","37.77"
"65","000","00","001","0178","0000","3138","1139","1999","136","3274","5917","0","55.33","19.25"
"65","000","00","001","0178","1142","836","266","570","52","888","1537","0","57.77","17.31"
"65","000","00","001","0178","1143","682","267","415","23","705","1341","0","52.57","19.91"
"65","000","00","001","0178","1144","894","343","551","28","922","1606","0","57.41","21.36"
"65","000","00","001","0178","1145","726","263","463","33","759","1433","0","52.97","18.35"
"65","000","00","001","0179","0000","2198","757","1441","124","2322","4105","0","56.57","18.44"
"65","000","00","001","0179","1146","849","298","551","39","888","1685","0","52.7","17.69"
"65","000","00","001","0179","1147","729","250","479","45","774","1248","0","62.02","20.03"
"65","000","00","001","0179","1148","620","209","411","40","660","1172","0","56.31","17.83"
"65","000","00","001","0180","0000","3982","1364","2618","213","4195","7527","0","55.73","18.12"
"65","000","00","001","0180","1149","794","290","504","30","824","1640","0","50.24","17.68"
"65","000","00","001","0180","1150","761","259","502","38","799","1428","0","55.95","18.14"
"65","000","00","001","0180","1151","823","296","527","62","885","1527","0","57.96","19.38"
"65","000","00","001","0180","1152","765","255","510","27","792","1350","0","58.67","18.89"
"65","000","00","001","0180","1153","839","264","575","56","895","1582","0","56.57","16.69"
"65","000","00","001","0181","0000","1684","570","1114","81","1765","2823","0","62.52","20.19"
"65","000","00","001","0181","1154","570","190","380","35","605","919","0","65.83","20.67"
"65","000","00","001","0181","1155","523","191","332","22","545","930","0","58.6","20.54"
"65","000","00","001","0181","1156","591","189","402","24","615","974","0","63.14","19.4"
"65","000","00","001","0182","0000","1730","602","1128","88","1818","3170","0","57.35","18.99"
"65","000","00","001","0182","1157","977","327","650","32","1009","1732","0","58.26","18.88"
"65","000","00","001","0182","1158","753","275","478","56","809","1438","0","56.26","19.12"
"65","000","00","001","0183","0000","1751","613","1138","108","1859","3541","0","52.5","17.31"
"65","000","00","001","0183","1159","912","326","586","64","976","1777","0","54.92","18.35"
"65","000","00","001","0183","1160","839","287","552","44","883","1764","0","50.06","16.27"
"65","000","00","001","0184","0000","1942","745","1197","141","2083","3712","0","56.12","20.07"
"65","000","00","001","0184","1164","926","358","568","83","1009","1870","0","53.96","19.14"
"65","000","00","001","0184","1165","1016","387","629","58","1074","1842","0","58.31","21.01"
"65","000","00","001","0185","0000","1227","404","823","83","1310","2322","0","56.42","17.4"
"65","000","00","001","0185","1166","592","195","397","45","637","1094","0","58.23","17.82"
"65","000","00","001","0185","1167","635","209","426","38","673","1228","0","54.8","17.02"
"65","000","00","001","0186","0000","3220","1128","2092","190","3410","6224","0","54.79","18.12"
"65","000","00","001","0186","1170","811","291","520","50","861","1622","0","53.08","17.94"
"65","000","00","001","0186","1171","670","192","478","57","727","1205","0","60.33","15.93"
"65","000","00","001","0186","1172","857","296","561","53","910","1787","0","50.92","16.56"
"65","000","00","001","0186","1173","882","349","533","30","912","1610","0","56.65","21.68"
"65","000","00","001","0187","0000","3587","1316","2271","144","3731","6600","0","56.53","19.94"
"65","000","00","001","0187","1174","1273","474","799","38","1311","2216","0","59.16","21.39"
"65","000","00","001","0187","1175","1242","471","771","42","1284","2294","0","55.97","20.53"
"65","000","00","001","0187","1176","1072","371","701","64","1136","2090","0","54.35","17.75"
"65","000","00","001","0188","0000","1958","657","1301","102","2060","3742","0","55.05","17.56"
"65","000","00","001","0188","1177","652","220","432","30","682","1356","0","50.29","16.22"
"65","000","00","001","0188","1178","584","187","397","33","617","1067","0","57.83","17.53"
"65","000","00","001","0188","1179","722","250","472","39","761","1319","0","57.7","18.95"
"65","000","00","001","0189","0000","1742","611","1131","128","1870","3368","0","55.52","18.14"
"65","000","00","001","0189","1180","685","245","440","44","729","1316","0","55.4","18.62"
"65","000","00","001","0189","1181","590","201","389","61","651","1195","0","54.48","16.82"
"65","000","00","001","0189","1182","467","165","302","23","490","857","0","57.18","19.25"
"65","000","00","001","0190","0000","2475","808","1667","203","2678","4724","0","56.69","17.1"
"65","000","00","001","0190","1183","711","251","460","63","774","1417","0","54.62","17.71"
"65","000","00","001","0190","1184","840","220","620","64","904","1560","0","57.95","14.1"
"65","000","00","001","0190","1185","924","337","587","76","1000","1747","0","57.24","19.29"
"65","000","00","001","0191","0000","2149","782","1367","93","2242","3735","0","60.03","20.94"
"65","000","00","001","0191","1186","701","237","464","43","744","1176","0","63.27","20.15"
"65","000","00","001","0191","1187","624","229","395","26","650","1101","0","59.04","20.8"
"65","000","00","001","0191","1188","824","316","508","24","848","1458","0","58.16","21.67"
"65","000","00","001","0192","0000","3071","1047","2024","239","3310","5591","0","59.2","18.73"
"65","000","00","001","0192","1192","592","204","388","35","627","1120","0","55.98","18.21"
"65","000","00","001","0192","1193","571","192","379","76","647","1022","0","63.31","18.79"
"65","000","00","001","0192","1194","564","199","365","79","643","1049","0","61.3","18.97"
"65","000","00","001","0192","1195","583","205","378","20","603","1007","0","59.88","20.36"
"65","000","00","001","0192","1196","761","247","514","29","790","1393","0","56.71","17.73"
"65","000","00","001","0193","0000","445","166","279","54","499","974","0","51.23","17.04"
"65","000","00","001","0193","1197","170","56","114","30","200","474","0","42.19","11.81"
"65","000","00","001","0193","1198","275","110","165","24","299","500","0","59.8","22.0"
"65","000","00","001","0194","0000","1919","646","1273","123","2042","3502","0","58.31","18.45"
"65","000","00","001","0194","1199","638","215","423","38","676","1177","0","57.43","18.27"
"65","000","00","001","0194","1200","632","205","427","33","665","1186","0","56.07","17.28"
"65","000","00","001","0194","1201","649","226","423","52","701","1139","0","61.55","19.84"
"65","000","00","001","0195","0000","2068","680","1388","85","2153","5201","0","41.4","13.07"
"65","000","00","001","0195","1202","917","287","630","52","969","1750","0","55.37","16.4"
"65","000","00","001","0195","1203","1151","393","758","33","1184","3451","0","34.31","11.39"
"65","000","00","001","0196","0000","2380","855","1525","156","2536","4730","0","53.62","18.08"
"65","000","00","001","0196","1204","793","277","516","70","863","1620","0","53.27","17.1"
"65","000","00","001","0196","1205","431","161","270","24","455","903","0","50.39","17.83"
"65","000","00","001","0196","1206","681","239","442","40","721","1232","0","58.52","19.4"
"65","000","00","001","0196","1207","475","178","297","22","497","975","0","50.97","18.26"
"65","000","00","001","0197","0000","1342","458","884","62","1404","2515","0","55.83","18.21"
"65","000","00","001","0197","1208","639","220","419","34","673","1224","0","54.98","17.97"
"65","000","00","001","0197","1209","703","238","465","28","731","1291","0","56.62","18.44"
"65","000","00","001","0198","0000","4209","1516","2693","197","4406","8555","0","51.5","17.72"
"65","000","00","001","0198","1210","874","302","572","46","920","1828","0","50.33","16.52"
"65","000","00","001","0198","1211","827","316","511","47","874","1725","0","50.67","18.32"
"65","000","00","001","0198","1212","521","184","337","24","545","1085","0","50.23","16.96"
"65","000","00","001","0198","1213","1168","416","752","53","1221","2357","0","51.8","17.65"
"65","000","00","001","0198","1214","819","298","521","27","846","1560","0","54.23","19.1"
"65","000","00","001","0199","0000","2589","895","1694","124","2713","5152","0","52.66","17.37"
"65","000","00","001","0199","1218","902","295","607","49","951","1763","0","53.94","16.73"
"65","000","00","001","0199","1219","852","312","540","27","879","1744","0","50.4","17.89"
"65","000","00","001","0199","1220","835","288","547","48","883","1645","0","53.68","17.51"
"65","000","00","001","01A0","0000","1706","596","1110","108","1814","3118","0","58.18","19.11"
"65","000","00","001","01A0","1228","809","255","554","62","871","1566","0","55.62","16.28"
"65","000","00","001","01A0","1229","897","341","556","46","943","1552","0","60.76","21.97"
"65","000","00","001","01A1","0000","1275","467","808","97","1372","2270","0","60.44","20.57"
"65","000","00","001","01A1","0913","603","216","387","39","642","1026","0","62.57","21.05"
"65","000","00","001","01A1","0914","672","251","421","58","730","1244","0","58.68","20.18"
"65","000","00","001","01A2","0000","2190","782","1408","170","2360","3821","0","61.76","20.47"
"65","000","00","001","01A2","0933","677","220","457","54","731","1238","0","59.05","17.77"
"65","000","00","001","01A2","0934","820","310","510","63","883","1389","0","63.57","22.32"
"65","000","00","001","01A2","0935","693","252","441","53","746","1194","0","62.48","21.11"
"65","000","00","001","01A3","0000","1548","540","1008","89","1637","2740","0","59.74","19.71"
"65","000","00","001","01A3","0962","837","310","527","45","882","1515","0","58.22","20.46"
"65","000","00","001","01A3","0963","711","230","481","44","755","1225","0","61.63","18.78"
"65","000","00","001","01A4","0000","1573","596","977","129","1702","2949","0","57.71","20.21"
"65","000","00","001","01A4","0991","703","254","449","59","762","1245","0","61.2","20.4"
"65","000","00","001","01A4","0992","870","342","528","70","940","1704","0","55.16","20.07"
"65","000","00","001","01A5","0000","1734","575","1159","58","1792","3134","0","57.18","18.35"
"65","000","00","001","01A5","1012","582","192","390","16","598","1076","0","55.58","17.84"
"65","000","00","001","01A5","1013","489","184","305","20","509","979","0","51.99","18.79"
"65","000","00","001","01A5","1014","663","199","464","22","685","1079","0","63.48","18.44"
"65","000","00","001","01A6","0000","1399","497","902","87","1486","2493","0","59.61","19.94"
"65","000","00","001","01A6","1033","760","280","480","56","816","1315","0","62.05","21.29"
"65","000","00","001","01A6","1034","639","217","422","31","670","1178","0","56.88","18.42"
"65","000","00","001","01A7","0000","1203","426","777","33","1236","2026","0","61.01","21.03"
"65","000","00","001","01A7","1069","552","199","353","17","569","992","0","57.36","20.06"
"65","000","00","001","01A7","1070","651","227","424","16","667","1034","0","64.51","21.95"
"65","000","00","001","01A8","0000","1525","532","993","67","1592","2697","0","59.03","19.73"
"65","000","00","001","01A8","1084","801","286","515","34","835","1515","0","55.12","18.88"
"65","000","00","001","01A8","1085","724","246","478","33","757","1182","0","64.04","20.81"
"65","000","00","001","01A9","0000","1112","403","709","83","1195","1966","0","60.78","20.5"
"65","000","00","001","01A9","1114","541","199","342","53","594","972","0","61.11","20.47"
"65","000","00","001","01A9","1115","571","204","367","30","601","994","0","60.46","20.52"
"65","000","00","001","01B0","0000","1909","677","1232","88","1997","3337","0","59.84","20.29"
"65","000","00","001","01B0","1131","971","336","635","27","998","1625","0","61.42","20.68"
"65","000","00","001","01B0","1132","938","341","597","61","999","1712","0","58.35","19.92"
"65","000","00","001","01B1","0000","1150","433","717","83","1233","1860","0","66.29","23.28"
"65","000","00","001","01B1","1168","618","214","404","46","664","998","0","66.53","21.44"
"65","000","00","001","01B1","1169","532","219","313","37","569","862","0","66.01","25.41"
"65","000","00","001","01B2","0000","1905","717","1188","91","1996","3778","0","52.83","18.98"
"65","000","00","001","01B2","1230","952","383","569","38","990","1885","0","52.52","20.32"
"65","000","00","001","01B2","1231","953","334","619","53","1006","1893","0","53.14","17.64"
"65","000","00","001","01B3","0000","2546","872","1674","120","2666","5613","0","47.5","15.54"
"65","000","00","001","01B3","1215","954","332","622","35","989","2201","0","44.93","15.08"
"65","000","00","001","01B3","1216","803","281","522","50","853","1626","0","52.46","17.28"
"65","000","00","001","01B3","1217","789","259","530","35","824","1786","0","46.14","14.5"
"65","000","00","001","01B4","0000","1198","421","777","40","1238","2314","0","53.5","18.19"
"65","000","00","001","01B4","0926","616","227","389","14","630","1215","0","51.85","18.68"
"65","000","00","001","01B4","0927","582","194","388","26","608","1099","0","55.32","17.65"
"65","000","00","001","01B5","0000","1049","377","672","105","1154","1793","0","64.36","21.03"
"65","000","00","001","01B5","0945","469","145","324","38","507","796","0","63.69","18.22"
"65","000","00","001","01B5","0946","580","232","348","67","647","997","0","64.89","23.27"
"65","000","00","001","01B6","0000","1400","494","906","118","1518","2487","0","61.04","19.86"
"65","000","00","001","01B6","0967","745","260","485","50","795","1283","0","61.96","20.27"
"65","000","00","001","01B6","0968","655","234","421","68","723","1204","0","60.05","19.44"
"65","000","00","001","01B7","0000","1667","564","1103","137","1804","3024","0","59.66","18.65"
"65","000","00","001","01B7","1002","610","203","407","52","662","1133","0","58.43","17.92"
"65","000","00","001","01B7","1003","454","155","299","34","488","841","0","58.03","18.43"
"65","000","00","001","01B7","1004","603","206","397","51","654","1050","0","62.29","19.62"
"65","000","00","001","01B8","0000","1181","419","762","113","1294","2059","0","62.85","20.35"
"65","000","00","001","01B8","1029","628","223","405","64","692","1096","0","63.14","20.35"
"65","000","00","001","01B8","1030","553","196","357","49","602","963","0","62.51","20.35"
"65","000","00","001","01B9","0000","1749","586","1163","152","1901","3428","0","55.46","17.09"
"65","000","00","001","01B9","1042","844","270","574","77","921","1678","0","54.89","16.09"
"65","000","00","001","01B9","1043","905","316","589","75","980","1750","0","56.0","18.06"
"65","000","00","001","01C0","0000","1629","490","1139","93","1722","2942","0","58.53","16.66"
"65","000","00","001","01C0","1075","807","290","517","62","869","1349","0","64.42","21.5"
"65","000","00","001","01C0","1076","822","200","622","31","853","1593","0","53.55","12.55"
"65","000","00","001","01C1","0000","1767","665","1102","70","1837","3428","0","53.59","19.4"
"65","000","00","001","01C1","1093","976","369","607","28","1004","1954","0","51.38","18.88"
"65","000","00","001","01C1","1094","791","296","495","42","833","1474","0","56.51","20.08"
"65","000","00","001","01C2","0000","1074","337","737","110","1184","2061","0","57.45","16.35"
"65","000","00","001","01C2","1119","539","161","378","56","595","1021","0","58.28","15.77"
"65","000","00","001","01C2","1120","535","176","359","54","589","1040","0","56.63","16.92"
"65","000","00","001","01C3","0000","2017","669","1348","115","2132","3645","0","58.49","18.35"
"65","000","00","001","01C3","1161","707","225","482","23","730","1289","0","56.63","17.46"
"65","000","00","001","01C3","1162","657","225","432","37","694","1182","0","58.71","19.04"
"65","000","00","001","01C3","1163","653","219","434","55","708","1174","0","60.31","18.65"
"65","000","00","001","01C4","0000","6133","2071","4062","298","6431","12065","0","53.3","17.17"
"65","000","00","001","01C4","1221","887","303","584","40","927","1861","0","49.81","16.28"
"65","000","00","001","01C4","1222","777","215","562","31","808","1596","0","50.63","13.47"
"65","000","00","001","01C4","1223","963","325","638","45","1008","1871","0","53.87","17.37"
"65","000","00","001","01C4","1224","1013","361","652","54","1067","1938","0","55.06","18.63"
"65","000","00","001","01C4","1225","964","348","616","48","1012","1827","0","55.39","19.05"
"65","000","00","001","01C4","1226","680","240","440","37","717","1359","0","52.76","17.66"
"65","000","00","001","01C4","1227","849","279","570","43","892","1613","0","55.3","17.3"
"65","000","00","001","01C5","0000","1558","454","1104","156","1714","3241","0","52.88","14.01"
"65","000","00","001","01C5","1189","768","154","614","56","824","1630","0","50.55","9.45"
"65","000","00","001","01C5","1190","790","300","490","100","890","1611","0","55.25","18.62"
"65","000","00","001","01C6","0000","594","188","406","26","620","1139","0","54.43","16.51"
"65","000","00","001","01C6","1191","594","188","406","26","620","1139","0","54.43","16.51"
"65","000","00","002","0000","0000","171586","62307","109279","12940","184526","329846","386077","55.94","18.89"
"65","000","00","002","0201","0000","2516","876","1640","173","2689","4753","0","56.57","18.43"
"65","000","00","002","0201","0659","757","272","485","52","809","1509","0","53.61","18.03"
"65","000","00","002","0201","0660","866","288","578","52","918","1591","0","57.7","18.1"
"65","000","00","002","0201","0661","893","316","577","69","962","1653","0","58.2","19.12"
"65","000","00","002","0202","0000","789","261","528","52","841","1459","0","57.64","17.89"
"65","000","00","002","0202","0665","789","261","528","52","841","1459","0","57.64","17.89"
"65","000","00","002","0203","0000","1151","385","766","113","1264","2090","0","60.48","18.42"
"65","000","00","002","0203","0666","569","189","380","53","622","1024","0","60.74","18.46"
"65","000","00","002","0203","0667","582","196","386","60","642","1066","0","60.23","18.39"
"65","000","00","002","0204","0000","504","201","303","59","563","856","0","65.77","23.48"
"65","000","00","002","0204","0668","504","201","303","59","563","856","0","65.77","23.48"
"65","000","00","002","0205","0000","1749","740","1009","126","1875","3533","0","53.07","20.95"
"65","000","00","002","0205","0671","923","419","504","66","989","1887","0","52.41","22.2"
"65","000","00","002","0205","0672","826","321","505","60","886","1646","0","53.83","19.5"
"65","000","00","002","0206","0000","206","74","132","12","218","358","0","60.89","20.67"
"65","000","00","002","0206","0673","206","74","132","12","218","358","0","60.89","20.67"
"65","000","00","002","0207","0000","2975","1076","1899","138","3113","5443","0","57.19","19.77"
"65","000","00","002","0207","0674","585","219","366","41","626","1039","0","60.25","21.08"
"65","000","00","002","0207","0675","617","231","386","29","646","1114","0","57.99","20.74"
"65","000","00","002","0207","0676","905","334","571","32","937","1588","0","59.01","21.03"
"65","000","00","002","0207","0677","868","292","576","36","904","1702","0","53.11","17.16"
"65","000","00","002","0208","0000","2659","964","1695","156","2815","4778","0","58.92","20.18"
"65","000","00","002","0208","0678","735","272","463","52","787","1288","0","61.1","21.12"
"65","000","00","002","0208","0679","923","330","593","54","977","1629","0","59.98","20.26"
"65","000","00","002","0208","0680","1001","362","639","50","1051","1861","0","56.48","19.45"
"65","000","00","002","0209","0000","1655","578","1077","132","1787","3108","0","57.5","18.6"
"65","000","00","002","0209","0683","839","276","563","64","903","1595","0","56.61","17.3"
"65","000","00","002","0209","0684","816","302","514","68","884","1513","0","58.43","19.96"
"65","000","00","002","0210","0000","3018","1073","1945","173","3191","8503","0","37.53","12.62"
"65","000","00","002","0210","0685","716","290","426","43","759","4433","0","17.12","6.54"
"65","000","00","002","0210","0686","699","232","467","50","749","1283","0","58.38","18.08"
"65","000","00","002","0210","0687","818","265","553","54","872","1430","0","60.98","18.53"
"65","000","00","002","0210","0688","785","286","499","26","811","1357","0","59.76","21.08"
"65","000","00","002","0211","0000","1022","379","643","77","1099","1846","0","59.53","20.53"
"65","000","00","002","0211","0689","536","189","347","35","571","963","0","59.29","19.63"
"65","000","00","002","0211","0690","486","190","296","42","528","883","0","59.8","21.52"
"65","000","00","002","0212","0000","1643","597","1046","151","1794","3110","0","57.68","19.2"
"65","000","00","002","0212","0691","763","261","502","88","851","1494","0","56.96","17.47"
"65","000","00","002","0212","0692","880","336","544","63","943","1616","0","58.35","20.79"
"65","000","00","002","0213","0000","2210","803","1407","163","2373","3998","0","59.35","20.09"
"65","000","00","002","0213","0693","707","273","434","53","760","1329","0","57.19","20.54"
"65","000","00","002","0213","0694","761","268","493","47","808","1289","0","62.68","20.79"
"65","000","00","002","0213","0695","742","262","480","63","805","1380","0","58.33","18.99"
"65","000","00","002","0214","0000","3216","1176","2040","196","3412","5679","0","60.08","20.71"
"65","000","00","002","0214","0696","933","377","556","34","967","1668","0","57.97","22.6"
"65","000","00","002","0214","0697","709","256","453","67","776","1226","0","63.3","20.88"
"65","000","00","002","0214","0698","818","285","533","42","860","1421","0","60.52","20.06"
"65","000","00","002","0214","0699","756","258","498","53","809","1364","0","59.31","18.91"
"65","000","00","002","0215","0000","2118","771","1347","149","2267","3736","0","60.68","20.64"
"65","000","00","002","0215","0700","686","239","447","46","732","1232","0","59.42","19.4"
"65","000","00","002","0215","0701","731","252","479","51","782","1248","0","62.66","20.19"
"65","000","00","002","0215","0702","701","280","421","52","753","1256","0","59.95","22.29"
"65","000","00","002","0216","0000","1827","674","1153","92","1919","3175","0","60.44","21.23"
"65","000","00","002","0216","0703","891","327","564","43","934","1506","0","62.02","21.71"
"65","000","00","002","0216","0704","936","347","589","49","985","1669","0","59.02","20.79"
"65","000","00","002","0217","0000","3039","1137","1902","271","3310","5489","0","60.3","20.71"
"65","000","00","002","0217","0705","704","251","453","64","768","1308","0","58.72","19.19"
"65","000","00","002","0217","0706","766","276","490","62","828","1263","0","65.56","21.85"
"65","000","00","002","0217","0707","774","301","473","64","838","1471","0","56.97","20.46"
"65","000","00","002","0217","0708","795","309","486","81","876","1447","0","60.54","21.35"
"65","000","00","002","0218","0000","2711","1049","1662","170","2881","5520","0","52.19","19.0"
"65","000","00","002","0218","0709","784","372","412","51","835","1693","0","49.32","21.97"
"65","000","00","002","0218","0710","1037","393","644","51","1088","2015","0","54.0","19.5"
"65","000","00","002","0218","0711","890","284","606","68","958","1812","0","52.87","15.67"
"65","000","00","002","0219","0000","1555","592","963","79","1634","2948","0","55.43","20.08"
"65","000","00","002","0219","0712","767","307","460","30","797","1509","0","52.82","20.34"
"65","000","00","002","0219","0713","788","285","503","49","837","1439","0","58.17","19.81"
"65","000","00","002","0220","0000","3483","1304","2179","159","3642","6530","0","55.77","19.97"
"65","000","00","002","0220","0714","782","278","504","41","823","1437","0","57.27","19.35"
"65","000","00","002","0220","0715","864","346","518","57","921","1697","0","54.27","20.39"
"65","000","00","002","0220","0716","904","340","564","33","937","1793","0","52.26","18.96"
"65","000","00","002","0220","0717","933","340","593","28","961","1603","0","59.95","21.21"
"65","000","00","002","0221","0000","1238","486","752","63","1301","2292","0","56.76","21.2"
"65","000","00","002","0221","0718","615","243","372","19","634","1166","0","54.37","20.84"
"65","000","00","002","0221","0719","623","243","380","44","667","1126","0","59.24","21.58"
"65","000","00","002","0222","0000","594","182","412","56","650","1291","0","50.35","14.1"
"65","000","00","002","0222","0720","594","182","412","56","650","1291","0","50.35","14.1"
"65","000","00","002","0223","0000","846","316","530","55","901","1597","0","56.42","19.79"
"65","000","00","002","0223","0721","846","316","530","55","901","1597","0","56.42","19.79"
"65","000","00","002","0224","0000","1155","582","573","99","1254","1992","0","62.95","29.22"
"65","000","00","002","0224","0722","608","219","389","57","665","1081","0","61.52","20.26"
"65","000","00","002","0224","0723","547","363","184","42","589","911","0","64.65","39.85"
"65","000","00","002","0225","0000","811","297","514","45","856","1719","0","49.8","17.28"
"65","000","00","002","0225","0724","811","297","514","45","856","1719","0","49.8","17.28"
"65","000","00","002","0226","0000","656","266","390","71","727","1289","0","56.4","20.64"
"65","000","00","002","0226","0725","656","266","390","71","727","1289","0","56.4","20.64"
"65","000","00","002","0227","0000","744","259","485","60","804","1318","0","61.0","19.65"
"65","000","00","002","0227","0726","744","259","485","60","804","1318","0","61.0","19.65"
"65","000","00","002","0228","0000","910","357","553","50","960","1822","0","52.69","19.59"
"65","000","00","002","0228","0727","910","357","553","50","960","1822","0","52.69","19.59"
"65","000","00","002","0229","0000","607","212","395","84","691","1185","0","58.31","17.89"
"65","000","00","002","0229","0728","607","212","395","84","691","1185","0","58.31","17.89"
"65","000","00","002","0230","0000","663","427","236","59","722","1369","0","52.74","31.19"
"65","000","00","002","0230","0729","663","427","236","59","722","1369","0","52.74","31.19"
"65","000","00","002","0231","0000","804","285","519","57","861","1507","0","57.13","18.91"
"65","000","00","002","0231","0730","804","285","519","57","861","1507","0","57.13","18.91"
"65","000","00","002","0232","0000","964","359","605","77","1041","1876","0","55.49","19.14"
"65","000","00","002","0232","0731","500","189","311","55","555","926","0","59.94","20.41"
"65","000","00","002","0232","0732","464","170","294","22","486","950","0","51.16","17.89"
"65","000","00","002","0233","0000","819","306","513","70","889","1678","0","52.98","18.24"
"65","000","00","002","0233","0733","819","306","513","70","889","1678","0","52.98","18.24"
"65","000","00","002","0234","0000","570","209","361","68","638","1117","0","57.12","18.71"
"65","000","00","002","0234","0734","570","209","361","68","638","1117","0","57.12","18.71"
"65","000","00","002","0235","0000","660","256","404","51","711","1318","0","53.95","19.42"
"65","000","00","002","0235","0735","660","256","404","51","711","1318","0","53.95","19.42"
"65","000","00","002","0236","0000","782","299","483","33","815","1388","0","58.72","21.54"
"65","000","00","002","0236","0736","782","299","483","33","815","1388","0","58.72","21.54"
"65","000","00","002","0237","0000","533","224","309","65","598","1026","0","58.28","21.83"
"65","000","00","002","0237","0737","533","224","309","65","598","1026","0","58.28","21.83"
"65","000","00","002","0238","0000","1173","430","743","79","1252","2063","0","60.69","20.84"
"65","000","00","002","0238","0738","634","231","403","46","680","1096","0","62.04","21.08"
"65","000","00","002","0238","0739","539","199","340","33","572","967","0","59.15","20.58"
"65","000","00","002","0239","0000","1819","676","1143","106","1925","3534","0","54.47","19.13"
"65","000","00","002","0239","0740","945","350","595","44","989","1871","0","52.86","18.71"
"65","000","00","002","0239","0741","874","326","548","62","936","1663","0","56.28","19.6"
"65","000","00","002","0240","0000","636","217","419","26","662","1208","0","54.8","17.96"
"65","000","00","002","0240","0742","636","217","419","26","662","1208","0","54.8","17.96"
"65","000","00","002","0241","0000","1227","488","739","94","1321","2476","0","53.35","19.71"
"65","000","00","002","0241","0743","672","275","397","66","738","1398","0","52.79","19.67"
"65","000","00","002","0241","0744","555","213","342","28","583","1078","0","54.08","19.76"
"65","000","00","002","0242","0000","1228","433","795","138","1366","2495","0","54.75","17.35"
"65","000","00","002","0242","0745","538","166","372","61","599","1102","0","54.36","15.06"
"65","000","00","002","0242","0746","690","267","423","77","767","1393","0","55.06","19.17"
"65","000","00","002","0243","0000","1394","506","888","134","1528","2485","0","61.49","20.36"
"65","000","00","002","0243","0747","670","230","440","71","741","1251","0","59.23","18.39"
"65","000","00","002","0243","0748","724","276","448","63","787","1234","0","63.78","22.37"
"65","000","00","002","0244","0000","1735","645","1090","134","1869","3251","0","57.49","19.84"
"65","000","00","002","0244","0749","891","332","559","69","960","1661","0","57.8","19.99"
"65","000","00","002","0244","0750","844","313","531","65","909","1590","0","57.17","19.69"
"65","000","00","002","0245","0000","2102","766","1336","176","2278","3773","0","60.38","20.3"
"65","000","00","002","0245","0751","644","229","415","58","702","1182","0","59.39","19.37"
"65","000","00","002","0245","0752","746","272","474","72","818","1369","0","59.75","19.87"
"65","000","00","002","0245","0753","712","265","447","46","758","1222","0","62.03","21.69"
"65","000","00","002","0246","0000","663","237","426","81","744","1304","0","57.06","18.17"
"65","000","00","002","0246","0754","663","237","426","81","744","1304","0","57.06","18.17"
"65","000","00","002","0247","0000","528","175","353","36","564","1054","0","53.51","16.6"
"65","000","00","002","0247","0755","528","175","353","36","564","1054","0","53.51","16.6"
"65","000","00","002","0248","0000","851","301","550","69","920","1635","0","56.27","18.41"
"65","000","00","002","0248","0756","851","301","550","69","920","1635","0","56.27","18.41"
"65","000","00","002","0249","0000","880","319","561","60","940","1779","0","52.84","17.93"
"65","000","00","002","0249","0757","880","319","561","60","940","1779","0","52.84","17.93"
"65","000","00","002","0250","0000","855","310","545","78","933","1633","0","57.13","18.98"
"65","000","00","002","0250","0758","855","310","545","78","933","1633","0","57.13","18.98"
"65","000","00","002","0251","0000","1103","424","679","78","1181","2128","0","55.5","19.92"
"65","000","00","002","0251","0759","604","224","380","38","642","1107","0","57.99","20.23"
"65","000","00","002","0251","0760","499","200","299","40","539","1021","0","52.79","19.59"
"65","000","00","002","0252","0000","768","265","503","83","851","1649","0","51.61","16.07"
"65","000","00","002","0252","0761","768","265","503","83","851","1649","0","51.61","16.07"
"65","000","00","002","0253","0000","463","166","297","32","495","874","0","56.64","18.99"
"65","000","00","002","0253","0762","463","166","297","32","495","874","0","56.64","18.99"
"65","000","00","002","0254","0000","729","260","469","95","824","1402","0","58.77","18.54"
"65","000","00","002","0254","0763","729","260","469","95","824","1402","0","58.77","18.54"
"65","000","00","002","0255","0000","798","274","524","72","870","1713","0","50.79","16.0"
"65","000","00","002","0255","0764","798","274","524","72","870","1713","0","50.79","16.0"
"65","000","00","002","0256","0000","1012","382","630","92","1104","2011","0","54.9","19.0"
"65","000","00","002","0256","0765","447","163","284","43","490","973","0","50.36","16.75"
"65","000","00","002","0256","0766","565","219","346","49","614","1038","0","59.15","21.1"
"65","000","00","002","0257","0000","821","298","523","124","945","1833","0","51.55","16.26"
"65","000","00","002","0257","0767","821","298","523","124","945","1833","0","51.55","16.26"
"65","000","00","002","0258","0000","428","158","270","35","463","817","0","56.67","19.34"
"65","000","00","002","0258","0768","428","158","270","35","463","817","0","56.67","19.34"
"65","000","00","002","0259","0000","768","271","497","55","823","1387","0","59.34","19.54"
"65","000","00","002","0259","0769","768","271","497","55","823","1387","0","59.34","19.54"
"65","000","00","002","0260","0000","447","165","282","32","479","784","0","61.1","21.05"
"65","000","00","002","0260","0770","447","165","282","32","479","784","0","61.1","21.05"
"65","000","00","002","0261","0000","1168","440","728","99","1267","2259","0","56.09","19.48"
"65","000","00","002","0261","0771","543","211","332","34","577","1096","0","52.65","19.25"
"65","000","00","002","0261","0772","625","229","396","65","690","1163","0","59.33","19.69"
"65","000","00","002","0262","0000","925","326","599","52","977","1868","0","52.3","17.45"
"65","000","00","002","0262","0773","925","326","599","52","977","1868","0","52.3","17.45"
"65","000","00","002","0263","0000","1023","354","669","89","1112","2051","0","54.22","17.26"
"65","000","00","002","0263","0774","559","187","372","56","615","1117","0","55.06","16.74"
"65","000","00","002","0263","0775","464","167","297","33","497","934","0","53.21","17.88"
"65","000","00","002","0264","0000","684","240","444","61","745","1412","0","52.76","17.0"
"65","000","00","002","0264","0776","684","240","444","61","745","1412","0","52.76","17.0"
"65","000","00","002","0265","0000","625","209","416","46","671","1062","0","63.18","19.68"
"65","000","00","002","0265","0777","625","209","416","46","671","1062","0","63.18","19.68"
"65","000","00","002","0266","0000","1012","359","653","140","1152","1827","0","63.05","19.65"
"65","000","00","002","0266","0778","453","160","293","58","511","891","0","57.35","17.96"
"65","000","00","002","0266","0779","559","199","360","82","641","936","0","68.48","21.26"
"65","000","00","002","0267","0000","1035","398","637","90","1125","2150","0","52.33","18.51"
"65","000","00","002","0267","0780","527","183","344","66","593","1085","0","54.65","16.87"
"65","000","00","002","0267","0781","508","215","293","24","532","1065","0","49.95","20.19"
"65","000","00","002","0268","0000","1573","558","1015","106","1679","2948","0","56.95","18.93"
"65","000","00","002","0268","0782","742","269","473","59","801","1398","0","57.3","19.24"
"65","000","00","002","0268","0783","831","289","542","47","878","1550","0","56.65","18.65"
"65","000","00","002","0269","0000","845","289","556","65","910","1674","0","54.36","17.26"
"65","000","00","002","0269","0784","845","289","556","65","910","1674","0","54.36","17.26"
"65","000","00","002","0270","0000","644","216","428","53","697","1215","0","57.37","17.78"
"65","000","00","002","0270","0785","644","216","428","53","697","1215","0","57.37","17.78"
"65","000","00","002","0271","0000","819","288","531","66","885","1606","0","55.11","17.93"
"65","000","00","002","0271","0786","819","288","531","66","885","1606","0","55.11","17.93"
"65","000","00","002","0272","0000","1286","440","846","109","1395","2420","0","57.64","18.18"
"65","000","00","002","0272","0787","617","222","395","47","664","1182","0","56.18","18.78"
"65","000","00","002","0272","0788","669","218","451","62","731","1238","0","59.05","17.61"
"65","000","00","002","0273","0000","1507","541","966","113","1620","2750","0","58.91","19.67"
"65","000","00","002","0273","0789","734","262","472","67","801","1342","0","59.69","19.52"
"65","000","00","002","0273","0790","773","279","494","46","819","1408","0","58.17","19.82"
"65","000","00","002","0274","0000","920","326","594","76","996","1770","0","56.27","18.42"
"65","000","00","002","0274","0791","920","326","594","76","996","1770","0","56.27","18.42"
"65","000","00","002","0275","0000","1017","405","612","71","1088","1915","0","56.81","21.15"
"65","000","00","002","0275","0792","504","214","290","47","551","940","0","58.62","22.77"
"65","000","00","002","0275","0793","513","191","322","24","537","975","0","55.08","19.59"
"65","000","00","002","0276","0000","2166","756","1410","169","2335","4183","0","55.82","18.07"
"65","000","00","002","0276","0794","754","295","459","48","802","1507","0","53.22","19.58"
"65","000","00","002","0276","0795","749","263","486","64","813","1419","0","57.29","18.53"
"65","000","00","002","0276","0796","663","198","465","57","720","1257","0","57.28","15.75"
"65","000","00","002","0277","0000","1731","611","1120","133","1864","3364","0","55.41","18.16"
"65","000","00","002","0277","0797","855","311","544","67","922","1619","0","56.95","19.21"
"65","000","00","002","0277","0798","876","300","576","66","942","1745","0","53.98","17.19"
"65","000","00","002","0278","0000","2664","1020","1644","191","2855","4898","0","58.29","20.82"
"65","000","00","002","0278","0799","784","306","478","74","858","1519","0","56.48","20.14"
"65","000","00","002","0278","0800","841","272","569","48","889","1682","0","52.85","16.17"
"65","000","00","002","0278","0801","1039","442","597","69","1108","1697","0","65.29","26.05"
"65","000","00","002","0279","0000","905","280","625","90","995","1997","0","49.82","14.02"
"65","000","00","002","0279","0802","437","134","303","46","483","1073","0","45.01","12.49"
"65","000","00","002","0279","0803","468","146","322","44","512","924","0","55.41","15.8"
"65","000","00","002","0280","0000","735","231","504","57","792","1613","0","49.1","14.32"
"65","000","00","002","0280","0804","735","231","504","57","792","1613","0","49.1","14.32"
"65","000","00","002","0281","0000","1169","458","711","115","1284","2152","0","59.67","21.28"
"65","000","00","002","0281","0805","571","159","412","57","628","1034","0","60.74","15.38"
"65","000","00","002","0281","0806","598","299","299","58","656","1118","0","58.68","26.74"
"65","000","00","002","0282","0000","1856","654","1202","183","2039","3595","0","56.72","18.19"
"65","000","00","002","0282","0807","642","224","418","76","718","1269","0","56.58","17.65"
"65","000","00","002","0282","0808","510","189","321","49","559","990","0","56.46","19.09"
"65","000","00","002","0282","0809","704","241","463","58","762","1336","0","57.04","18.04"
"65","000","00","002","0283","0000","1751","599","1152","111","1862","3182","0","58.52","18.82"
"65","000","00","002","0283","0810","849","287","562","52","901","1601","0","56.28","17.93"
"65","000","00","002","0283","0811","902","312","590","59","961","1581","0","60.78","19.73"
"65","000","00","002","0284","0000","1443","506","937","96","1539","2571","0","59.86","19.68"
"65","000","00","002","0284","0812","724","261","463","59","783","1345","0","58.22","19.41"
"65","000","00","002","0284","0813","719","245","474","37","756","1226","0","61.66","19.98"
"65","000","00","002","0285","0000","1383","463","920","137","1520","2790","0","54.48","16.59"
"65","000","00","002","0285","0814","777","263","514","87","864","1650","0","52.36","15.94"
"65","000","00","002","0285","0815","606","200","406","50","656","1140","0","57.54","17.54"
"65","000","00","002","0286","0000","1693","579","1114","106","1799","3338","0","53.89","17.35"
"65","000","00","002","0286","0816","795","274","521","47","842","1639","0","51.37","16.72"
"65","000","00","002","0286","0817","898","305","593","59","957","1699","0","56.33","17.95"
"65","000","00","002","0287","0000","2211","727","1484","173","2384","4355","0","54.74","16.69"
"65","000","00","002","0287","0820","782","256","526","62","844","1540","0","54.81","16.62"
"65","000","00","002","0287","0821","671","204","467","48","719","1276","0","56.35","15.99"
"65","000","00","002","0287","0822","758","267","491","63","821","1539","0","53.35","17.35"
"65","000","00","002","0288","0000","1503","541","962","126","1629","2898","0","56.21","18.67"
"65","000","00","002","0288","0828","734","264","470","63","797","1407","0","56.65","18.76"
"65","000","00","002","0288","0829","769","277","492","63","832","1491","0","55.8","18.58"
"65","000","00","002","0289","0000","2470","878","1592","200","2670","4718","0","56.59","18.61"
"65","000","00","002","0289","0837","750","262","488","68","818","1398","0","58.51","18.74"
"65","000","00","002","0289","0838","859","320","539","68","927","1706","0","54.34","18.76"
"65","000","00","002","0289","0839","861","296","565","64","925","1614","0","57.31","18.34"
"65","000","00","002","0290","0000","2487","934","1553","189","2676","4723","0","56.66","19.78"
"65","000","00","002","0290","0840","863","316","547","68","931","1591","0","58.52","19.86"
"65","000","00","002","0290","0841","831","330","501","50","881","1627","0","54.15","20.28"
"65","000","00","002","0290","0842","793","288","505","71","864","1505","0","57.41","19.14"
"65","000","00","002","0291","0000","1826","620","1206","167","1993","3577","0","55.72","17.33"
"65","000","00","002","0291","0832","951","321","630","130","1081","1938","0","55.78","16.56"
"65","000","00","002","0291","0833","875","299","576","37","912","1639","0","55.64","18.24"
"65","000","00","002","0292","0000","1252","485","767","91","1343","2290","0","58.65","21.18"
"65","000","00","002","0292","0823","665","257","408","40","705","1170","0","60.26","21.97"
"65","000","00","002","0292","0824","587","228","359","51","638","1120","0","56.96","20.36"
"65","000","00","002","0293","0000","3644","1366","2278","215","3859","7372","0","52.35","18.53"
"65","000","00","002","0293","0846","990","389","601","65","1055","1800","0","58.61","21.61"
"65","000","00","002","0293","0847","785","295","490","49","834","1703","0","48.97","17.32"
"65","000","00","002","0293","0848","943","361","582","44","987","1975","0","49.97","18.28"
"65","000","00","002","0293","0849","926","321","605","57","983","1894","0","51.9","16.95"
"65","000","00","002","0294","0000","2191","773","1418","115","2306","3957","0","58.28","19.54"
"65","000","00","002","0294","0850","770","259","511","53","823","1405","0","58.58","18.43"
"65","000","00","002","0294","0851","725","251","474","25","750","1293","0","58.0","19.41"
"65","000","00","002","0294","0852","696","263","433","37","733","1259","0","58.22","20.89"
"65","000","00","002","0295","0000","2046","760","1286","177","2223","3711","0","59.9","20.48"
"65","000","00","002","0295","0853","642","225","417","67","709","1144","0","61.98","19.67"
"65","000","00","002","0295","0854","704","258","446","62","766","1254","0","61.08","20.57"
"65","000","00","002","0295","0855","700","277","423","48","748","1313","0","56.97","21.1"
"65","000","00","002","0296","0000","1715","651","1064","140","1855","3369","0","55.06","19.32"
"65","000","00","002","0296","0856","801","302","499","77","878","1594","0","55.08","18.95"
"65","000","00","002","0296","0857","914","349","565","63","977","1775","0","55.04","19.66"
"65","000","00","002","0297","0000","1552","512","1040","154","1706","2831","0","60.26","18.09"
"65","000","00","002","0297","0858","769","248","521","80","849","1516","0","56.0","16.36"
"65","000","00","002","0297","0859","783","264","519","74","857","1315","0","65.17","20.08"
"65","000","00","002","0298","0000","1023","356","667","103","1126","2003","0","56.22","17.77"
"65","000","00","002","0298","0860","470","177","293","49","519","843","0","61.57","21.0"
"65","000","00","002","0298","0861","553","179","374","54","607","1160","0","52.33","15.43"
"65","000","00","002","0299","0000","1178","392","786","101","1279","2106","0","60.73","18.61"
"65","000","00","002","0299","0862","562","174","388","50","612","1052","0","58.17","16.54"
"65","000","00","002","0299","0863","616","218","398","51","667","1054","0","63.28","20.68"
"65","000","00","002","02A0","0000","1011","359","652","96","1107","1933","0","57.27","18.57"
"65","000","00","002","02A0","0864","537","191","346","55","592","997","0","59.38","19.16"
"65","000","00","002","02A0","0865","474","168","306","41","515","936","0","55.02","17.95"
"65","000","00","002","02A1","0000","1584","567","1017","143","1727","3154","0","54.76","17.98"
"65","000","00","002","02A1","0866","833","302","531","84","917","1658","0","55.31","18.21"
"65","000","00","002","02A1","0867","751","265","486","59","810","1496","0","54.14","17.71"
"65","000","00","002","02A2","0000","1265","425","840","94","1359","2216","0","61.33","19.18"
"65","000","00","002","02A2","0868","612","212","400","43","655","1064","0","61.56","19.92"
"65","000","00","002","02A2","0869","653","213","440","51","704","1152","0","61.11","18.49"
"65","000","00","002","02A3","0000","2119","773","1346","128","2247","4173","0","53.85","18.52"
"65","000","00","002","02A3","0870","780","283","497","43","823","1532","0","53.72","18.47"
"65","000","00","002","02A3","0871","637","222","415","31","668","1338","0","49.93","16.59"
"65","000","00","002","02A3","0872","702","268","434","54","756","1303","0","58.02","20.57"
"65","000","00","002","02A4","0000","2206","809","1397","129","2335","4610","0","50.65","17.55"
"65","000","00","002","02A4","0880","656","244","412","28","684","1381","0","49.53","17.67"
"65","000","00","002","02A4","0881","774","279","495","69","843","1681","0","50.15","16.6"
"65","000","00","002","02A4","0882","776","286","490","32","808","1548","0","52.2","18.48"
"65","000","00","002","02A5","0000","2780","1002","1778","185","2965","5569","0","53.24","17.99"
"65","000","00","002","02A5","0875","858","296","562","90","948","1821","0","52.06","16.25"
"65","000","00","002","02A5","0876","928","342","586","41","969","1906","0","50.84","17.94"
"65","000","00","002","02A5","0877","994","364","630","54","1048","1842","0","56.89","19.76"
"65","000","00","002","02A6","0000","1506","509","997","140","1646","2860","0","57.55","17.8"
"65","000","00","002","02A6","0873","746","253","493","76","822","1369","0","60.04","18.48"
"65","000","00","002","02A6","0874","760","256","504","64","824","1491","0","55.26","17.17"
"65","000","00","002","02A7","0000","1013","353","660","81","1094","1841","0","59.42","19.17"
"65","000","00","002","02A7","0878","442","133","309","35","477","878","0","54.33","15.15"
"65","000","00","002","02A7","0879","571","220","351","46","617","963","0","64.07","22.85"
"65","000","00","002","02A8","0000","3565","1331","2234","188","3753","6784","0","55.32","19.62"
"65","000","00","002","02A8","0883","844","339","505","50","894","1542","0","57.98","21.98"
"65","000","00","002","02A8","0884","794","295","499","68","862","1557","0","55.36","18.95"
"65","000","00","002","02A8","0885","859","306","553","40","899","1661","0","54.12","18.42"
"65","000","00","002","02A8","0886","1068","391","677","30","1098","2024","0","54.25","19.32"
"65","000","00","002","02A9","0000","858","303","555","87","945","1585","0","59.62","19.12"
"65","000","00","002","02A9","0669","393","142","251","42","435","764","0","56.94","18.59"
"65","000","00","002","02A9","0670","465","161","304","45","510","821","0","62.12","19.61"
"65","000","00","002","02B0","0000","2283","787","1496","195","2478","4172","0","59.4","18.86"
"65","000","00","002","02B0","0662","760","253","507","68","828","1392","0","59.48","18.18"
"65","000","00","002","02B0","0663","814","281","533","64","878","1451","0","60.51","19.37"
"65","000","00","002","02B0","0664","709","253","456","63","772","1329","0","58.09","19.04"
"65","000","00","002","02B1","0000","1830","653","1177","87","1917","3540","0","54.15","18.45"
"65","000","00","002","02B1","0681","861","300","561","46","907","1727","0","52.52","17.37"
"65","000","00","002","02B1","0682","969","353","616","41","1010","1813","0","55.71","19.47"
"65","000","00","002","02B2","0000","1416","503","913","119","1535","2603","0","58.97","19.32"
"65","000","00","002","02B2","0830","768","273","495","54","822","1381","0","59.52","19.77"
"65","000","00","002","02B2","0831","648","230","418","65","713","1222","0","58.35","18.82"
"65","000","00","002","02B3","0000","2641","983","1658","192","2833","5130","0","55.22","19.16"
"65","000","00","002","02B3","0825","946","331","615","63","1009","1789","0","56.4","18.5"
"65","000","00","002","02B3","0826","748","300","448","62","810","1520","0","53.29","19.74"
"65","000","00","002","02B3","0827","947","352","595","67","1014","1821","0","55.68","19.33"
"65","000","00","002","02B4","0000","2343","884","1459","149","2492","4507","0","55.29","19.61"
"65","000","00","002","02B4","0843","718","260","458","43","761","1331","0","57.18","19.53"
"65","000","00","002","02B4","0844","830","327","503","53","883","1678","0","52.62","19.49"
"65","000","00","002","02B4","0845","795","297","498","53","848","1498","0","56.61","19.83"
"65","000","00","002","02B5","0000","2559","863","1696","185","2744","5076","0","54.06","17.0"
"65","000","00","002","02B5","0834","831","302","529","78","909","1614","0","56.32","18.71"
"65","000","00","002","02B5","0835","891","298","593","46","937","1709","0","54.83","17.44"
"65","000","00","002","02B5","0836","837","263","574","61","898","1753","0","51.23","15.0"
"65","000","00","002","02B6","0000","1734","601","1133","128","1862","3039","0","61.27","19.78"
"65","000","00","002","02B6","0818","926","310","616","68","994","1501","0","66.22","20.65"
"65","000","00","002","02B6","0819","808","291","517","60","868","1538","0","56.44","18.92"
"65","000","00","002","02B7","0000","1582","514","1068","145","1727","3294","0","52.43","15.6"
"65","000","00","002","02B7","0887","745","247","498","54","799","1588","0","50.31","15.55"
"65","000","00","002","02B7","0888","837","267","570","91","928","1706","0","54.4","15.65"
"65","000","00","002","02B8","0000","1975","696","1279","136","2111","3705","0","56.98","18.79"
"65","000","00","002","02B8","0889","746","277","469","39","785","1341","0","58.54","20.66"
"65","000","00","002","02B8","0890","525","174","351","40","565","1025","0","55.12","16.98"
"65","000","00","002","02B8","0891","704","245","459","57","761","1339","0","56.83","18.3"
"65","000","00","002","02B9","0000","1809","653","1156","145","1954","3551","0","55.03","18.39"
"65","000","00","002","02B9","0892","875","306","569","80","955","1725","0","55.36","17.74"
"65","000","00","002","02B9","0893","934","347","587","65","999","1826","0","54.71","19.0"
"65","000","00","003","0000","0000","188257","63839","124418","9944","198201","355978","412545","55.68","17.93"
"65","000","00","003","0301","0000","2646","943","1703","127","2773","5249","0","52.83","17.97"
"65","000","00","003","0301","1232","793","286","507","51","844","1630","0","51.78","17.55"
"65","000","00","003","0301","1233","940","340","600","49","989","1775","0","55.72","19.15"
"65","000","00","003","0301","1234","913","317","596","27","940","1844","0","50.98","17.19"
"65","000","00","003","0302","0000","4437","1629","2808","264","4701","8034","0","58.51","20.28"
"65","000","00","003","0302","1282","893","337","556","68","961","1788","0","53.75","18.85"
"65","000","00","003","0302","1283","969","323","646","44","1013","1793","0","56.5","18.01"
"65","000","00","003","0302","1284","715","259","456","69","784","1352","0","57.99","19.16"
"65","000","00","003","0302","1285","1069","444","625","57","1126","1813","0","62.11","24.49"
"65","000","00","003","0302","1286","791","266","525","26","817","1288","0","63.43","20.65"
"65","000","00","003","0303","0000","2005","677","1328","104","2109","3829","0","55.08","17.68"
"65","000","00","003","0303","1287","638","229","409","39","677","1186","0","57.08","19.31"
"65","000","00","003","0303","1288","631","196","435","13","644","1237","0","52.06","15.84"
"65","000","00","003","0303","1289","736","252","484","52","788","1406","0","56.05","17.92"
"65","000","00","003","0304","0000","2109","733","1376","137","2246","3774","0","59.51","19.42"
"65","000","00","003","0304","1290","757","272","485","51","808","1442","0","56.03","18.86"
"65","000","00","003","0304","1291","611","229","382","42","653","1040","0","62.79","22.02"
"65","000","00","003","0304","1292","741","232","509","44","785","1292","0","60.76","17.96"
"65","000","00","003","0305","0000","1863","640","1223","124","1987","3600","0","55.19","17.78"
"65","000","00","003","0305","1293","932","302","630","54","986","1811","0","54.45","16.68"
"65","000","00","003","0305","1294","931","338","593","70","1001","1789","0","55.95","18.89"
"65","000","00","003","0306","0000","1867","552","1315","90","1957","3177","0","61.6","17.37"
"65","000","00","003","0306","1295","534","167","367","29","563","859","0","65.54","19.44"
"65","000","00","003","0306","1296","606","154","452","21","627","972","0","64.51","15.84"
"65","000","00","003","0306","1297","727","231","496","40","767","1346","0","56.98","17.16"
"65","000","00","003","0307","0000","1291","441","850","42","1333","2157","0","61.8","20.45"
"65","000","00","003","0307","1235","619","226","393","20","639","1019","0","62.71","22.18"
"65","000","00","003","0307","1236","672","215","457","22","694","1138","0","60.98","18.89"
"65","000","00","003","0308","0000","2965","939","2026","147","3112","5702","0","54.58","16.47"
"65","000","00","003","0308","1237","913","305","608","40","953","1878","0","50.75","16.24"
"65","000","00","003","0308","1238","1085","301","784","37","1122","1980","0","56.67","15.2"
"65","000","00","003","0308","1239","967","333","634","70","1037","1844","0","56.24","18.06"
"65","000","00","003","0309","0000","2819","1060","1759","107","2926","5344","0","54.75","19.84"
"65","000","00","003","0309","1240","1101","506","595","37","1138","2085","0","54.58","24.27"
"65","000","00","003","0309","1241","790","231","559","43","833","1498","0","55.61","15.42"
"65","000","00","003","0309","1242","928","323","605","27","955","1761","0","54.23","18.34"
"65","000","00","003","0310","0000","1761","617","1144","106","1867","3294","0","56.68","18.73"
"65","000","00","003","0310","1248","898","339","559","61","959","1712","0","56.02","19.8"
"65","000","00","003","0310","1249","863","278","585","45","908","1582","0","57.4","17.57"
"65","000","00","003","0311","0000","1780","615","1165","104","1884","3235","0","58.24","19.01"
"65","000","00","003","0311","1250","903","321","582","55","958","1742","0","54.99","18.43"
"65","000","00","003","0311","1251","877","294","583","49","926","1493","0","62.02","19.69"
"65","000","00","003","0312","0000","2079","671","1408","143","2222","3990","0","55.69","16.82"
"65","000","00","003","0312","1252","678","257","421","47","725","1352","0","53.62","19.01"
"65","000","00","003","0312","1253","701","210","491","40","741","1244","0","59.57","16.88"
"65","000","00","003","0312","1254","700","204","496","56","756","1394","0","54.23","14.63"
"65","000","00","003","0313","0000","1719","624","1095","93","1812","3747","0","48.36","16.65"
"65","000","00","003","0313","1255","825","309","516","30","855","1917","0","44.6","16.12"
"65","000","00","003","0313","1256","894","315","579","63","957","1830","0","52.3","17.21"
"65","000","00","003","0314","0000","2011","746","1265","123","2134","3892","0","54.83","19.17"
"65","000","00","003","0314","1257","632","241","391","32","664","1124","0","59.07","21.44"
"65","000","00","003","0314","1258","673","252","421","48","721","1412","0","51.06","17.85"
"65","000","00","003","0314","1259","706","253","453","43","749","1356","0","55.24","18.66"
"65","000","00","003","0315","0000","2079","678","1401","160","2239","3940","0","56.83","17.21"
"65","000","00","003","0315","1260","708","205","503","37","745","1425","0","52.28","14.39"
"65","000","00","003","0315","1261","696","244","452","63","759","1259","0","60.29","19.38"
"65","000","00","003","0315","1262","675","229","446","60","735","1256","0","58.52","18.23"
"65","000","00","003","0316","0000","2344","810","1534","137","2481","4502","0","55.11","17.99"
"65","000","00","003","0316","1263","758","253","505","44","802","1423","0","56.36","17.78"
"65","000","00","003","0316","1264","696","242","454","45","741","1221","0","60.69","19.82"
"65","000","00","003","0316","1265","890","315","575","48","938","1858","0","50.48","16.95"
"65","000","00","003","0317","0000","2599","896","1703","144","2743","4958","0","55.32","18.07"
"65","000","00","003","0317","1266","898","308","590","48","946","1804","0","52.44","17.07"
"65","000","00","003","0317","1267","918","336","582","42","960","1669","0","57.52","20.13"
"65","000","00","003","0317","1268","783","252","531","54","837","1485","0","56.36","16.97"
"65","000","00","003","0318","0000","1925","668","1257","133","2058","3351","0","61.41","19.93"
"65","000","00","003","0318","1269","574","193","381","39","613","1005","0","61.0","19.2"
"65","000","00","003","0318","1270","704","259","445","49","753","1175","0","64.09","22.04"
"65","000","00","003","0318","1271","647","216","431","45","692","1171","0","59.09","18.45"
"65","000","00","003","0319","0000","2173","744","1429","112","2285","4413","0","51.78","16.86"
"65","000","00","003","0319","1272","838","294","544","38","876","1746","0","50.17","16.84"
"65","000","00","003","0319","1273","734","262","472","41","775","1555","0","49.84","16.85"
"65","000","00","003","0319","1274","601","188","413","33","634","1112","0","57.01","16.91"
"65","000","00","003","0320","0000","1699","607","1092","71","1770","3286","0","53.86","18.47"
"65","000","00","003","0320","1434","760","284","476","43","803","1462","0","54.92","19.43"
"65","000","00","003","0320","1435","939","323","616","28","967","1824","0","53.02","17.71"
"65","000","00","003","0321","0000","1561","561","1000","69","1630","2823","0","57.74","19.87"
"65","000","00","003","0321","1436","747","272","475","38","785","1389","0","56.52","19.58"
"65","000","00","003","0321","1437","814","289","525","31","845","1434","0","58.93","20.15"
"65","000","00","003","0322","0000","2835","953","1882","96","2931","5350","0","54.79","17.81"
"65","000","00","003","0322","1440","976","306","670","24","1000","1858","0","53.82","16.47"
"65","000","00","003","0322","1441","929","346","583","26","955","1801","0","53.03","19.21"
"65","000","00","003","0322","1442","930","301","629","46","976","1691","0","57.72","17.8"
"65","000","00","003","0323","0000","2365","815","1550","78","2443","3948","0","61.88","20.64"
"65","000","00","003","0323","1443","785","282","503","28","813","1363","0","59.65","20.69"
"65","000","00","003","0323","1444","737","249","488","27","764","1220","0","62.62","20.41"
"65","000","00","003","0323","1445","843","284","559","23","866","1365","0","63.44","20.81"
"65","000","00","003","0324","0000","1705","573","1132","114","1819","3205","0","56.76","17.88"
"65","000","00","003","0324","1446","657","204","453","26","683","1178","0","57.98","17.32"
"65","000","00","003","0324","1447","473","161","312","33","506","830","0","60.96","19.4"
"65","000","00","003","0324","1448","575","208","367","55","630","1197","0","52.63","17.38"
"65","000","00","003","0325","0000","3765","1368","2397","127","3892","7168","0","54.3","19.08"
"65","000","00","003","0325","1275","1011","363","648","43","1054","1780","0","59.21","20.39"
"65","000","00","003","0325","1276","1032","386","646","27","1059","1918","0","55.21","20.13"
"65","000","00","003","0325","1277","743","269","474","25","768","1689","0","45.47","15.93"
"65","000","00","003","0325","1278","979","350","629","32","1011","1781","0","56.77","19.65"
"65","000","00","003","0326","0000","2541","870","1671","116","2657","4567","0","58.18","19.05"
"65","000","00","003","0326","1279","770","274","496","37","807","1419","0","56.87","19.31"
"65","000","00","003","0326","1280","693","230","463","33","726","1344","0","54.02","17.11"
"65","000","00","003","0326","1281","1078","366","712","46","1124","1804","0","62.31","20.29"
"65","000","00","003","0327","0000","2314","730","1584","152","2466","4082","0","60.41","17.88"
"65","000","00","003","0327","1449","754","231","523","48","802","1369","0","58.58","16.87"
"65","000","00","003","0327","1450","748","242","506","53","801","1336","0","59.96","18.11"
"65","000","00","003","0327","1451","812","257","555","51","863","1377","0","62.67","18.66"
"65","000","00","003","0328","0000","1782","602","1180","97","1879","3188","0","58.94","18.88"
"65","000","00","003","0328","1452","829","277","552","54","883","1499","0","58.91","18.48"
"65","000","00","003","0328","1453","953","325","628","43","996","1689","0","58.97","19.24"
"65","000","00","003","0329","0000","2313","837","1476","132","2445","4314","0","56.68","19.4"
"65","000","00","003","0329","1456","857","301","556","48","905","1545","0","58.58","19.48"
"65","000","00","003","0329","1457","689","263","426","52","741","1326","0","55.88","19.83"
"65","000","00","003","0329","1458","767","273","494","32","799","1443","0","55.37","18.92"
"65","000","00","003","0330","0000","3142","1045","2097","132","3274","5694","0","57.5","18.35"
"65","000","00","003","0330","1459","922","301","621","32","954","1712","0","55.72","17.58"
"65","000","00","003","0330","1460","985","317","668","58","1043","1916","0","54.44","16.54"
"65","000","00","003","0330","1461","507","167","340","34","541","863","0","62.69","19.35"
"65","000","00","003","0330","1462","728","260","468","8","736","1203","0","61.18","21.61"
"65","000","00","003","0331","0000","2281","734","1547","80","2361","4490","0","52.58","16.35"
"65","000","00","003","0331","1463","786","275","511","12","798","1483","0","53.81","18.54"
"65","000","00","003","0331","1464","818","258","560","25","843","1575","0","53.52","16.38"
"65","000","00","003","0331","1465","677","201","476","43","720","1432","0","50.28","14.04"
"65","000","00","003","0332","0000","2248","759","1489","123","2371","4073","0","58.21","18.63"
"65","000","00","003","0332","1466","760","264","496","48","808","1441","0","56.07","18.32"
"65","000","00","003","0332","1467","713","245","468","43","756","1269","0","59.57","19.31"
"65","000","00","003","0332","1468","775","250","525","32","807","1363","0","59.21","18.34"
"65","000","00","003","0333","0000","1670","623","1047","70","1740","2973","0","58.53","20.96"
"65","000","00","003","0333","1474","857","333","524","40","897","1526","0","58.78","21.82"
"65","000","00","003","0333","1475","813","290","523","30","843","1447","0","58.26","20.04"
"65","000","00","003","0334","0000","1524","485","1039","108","1632","2757","0","59.19","17.59"
"65","000","00","003","0334","1305","708","228","480","41","749","1319","0","56.79","17.29"
"65","000","00","003","0334","1306","816","257","559","67","883","1438","0","61.4","17.87"
"65","000","00","003","0335","0000","3220","1015","2205","151","3371","6396","0","52.7","15.87"
"65","000","00","003","0335","1307","892","300","592","34","926","1808","0","51.22","16.59"
"65","000","00","003","0335","1308","614","170","444","20","634","1191","0","53.23","14.27"
"65","000","00","003","0335","1309","845","278","567","63","908","1632","0","55.64","17.03"
"65","000","00","003","0335","1310","869","267","602","34","903","1765","0","51.16","15.13"
"65","000","00","003","0336","0000","2243","642","1601","97","2340","3909","0","59.86","16.42"
"65","000","00","003","0336","1311","658","190","468","26","684","1168","0","58.56","16.27"
"65","000","00","003","0336","1312","642","190","452","18","660","1176","0","56.12","16.16"
"65","000","00","003","0336","1313","943","262","681","53","996","1565","0","63.64","16.74"
"65","000","00","003","0337","0000","2335","780","1555","96","2431","4512","0","53.88","17.29"
"65","000","00","003","0337","1314","765","253","512","45","810","1578","0","51.33","16.03"
"65","000","00","003","0337","1315","1072","364","708","28","1100","2029","0","54.21","17.94"
"65","000","00","003","0337","1316","498","163","335","23","521","905","0","57.57","18.01"
"65","000","00","003","0338","0000","2252","685","1567","154","2406","4293","0","56.04","15.96"
"65","000","00","003","0338","1317","419","113","306","24","443","839","0","52.8","13.47"
"65","000","00","003","0338","1318","419","134","285","25","444","762","0","58.27","17.59"
"65","000","00","003","0338","1319","768","237","531","53","821","1420","0","57.82","16.69"
"65","000","00","003","0338","1320","646","201","445","52","698","1272","0","54.87","15.8"
"65","000","00","003","0339","0000","1948","629","1319","72","2020","3755","0","53.79","16.75"
"65","000","00","003","0339","1321","1001","342","659","50","1051","1976","0","53.19","17.31"
"65","000","00","003","0339","1322","947","287","660","22","969","1779","0","54.47","16.13"
"65","000","00","003","0340","0000","1417","515","902","101","1518","2870","0","52.89","17.94"
"65","000","00","003","0340","1325","648","218","430","49","697","1369","0","50.91","15.92"
"65","000","00","003","0340","1326","769","297","472","52","821","1501","0","54.7","19.79"
"65","000","00","003","0341","0000","183","64","119","14","197","321","0","61.37","19.94"
"65","000","00","003","0341","1329","183","64","119","14","197","321","0","61.37","19.94"
"65","000","00","003","0342","0000","2319","750","1569","177","2496","4556","0","54.78","16.46"
"65","000","00","003","0342","1330","727","237","490","61","788","1474","0","53.46","16.08"
"65","000","00","003","0342","1331","769","253","516","74","843","1461","0","57.7","17.32"
"65","000","00","003","0342","1332","823","260","563","42","865","1621","0","53.36","16.04"
"65","000","00","003","0343","0000","1209","406","803","75","1284","2102","0","61.08","19.31"
"65","000","00","003","0343","1333","779","259","520","54","833","1327","0","62.77","19.52"
"65","000","00","003","0343","1334","430","147","283","21","451","775","0","58.19","18.97"
"65","000","00","003","0344","0000","2032","662","1370","94","2126","6749","0","31.5","9.81"
"65","000","00","003","0344","1337","760","241","519","35","795","4411","0","18.02","5.46"
"65","000","00","003","0344","1338","644","217","427","37","681","1212","0","56.19","17.9"
"65","000","00","003","0344","1339","628","204","424","22","650","1126","0","57.73","18.12"
"65","000","00","003","0345","0000","2223","714","1509","82","2305","4522","0","50.97","15.79"
"65","000","00","003","0345","1346","722","249","473","28","750","1627","0","46.1","15.3"
"65","000","00","003","0345","1347","780","253","527","30","810","1503","0","53.89","16.83"
"65","000","00","003","0345","1348","721","212","509","24","745","1392","0","53.52","15.23"
"65","000","00","003","0346","0000","2108","711","1397","98","2206","3898","0","56.59","18.24"
"65","000","00","003","0346","1349","612","196","416","26","638","1067","0","59.79","18.37"
"65","000","00","003","0346","1350","814","261","553","45","859","1623","0","52.93","16.08"
"65","000","00","003","0346","1351","682","254","428","27","709","1208","0","58.69","21.03"
"65","000","00","003","0347","0000","2337","778","1559","90","2427","4870","0","49.84","15.98"
"65","000","00","003","0347","1352","850","260","590","38","888","1991","0","44.6","13.06"
"65","000","00","003","0347","1353","873","296","577","36","909","1932","0","47.05","15.32"
"65","000","00","003","0347","1354","614","222","392","16","630","947","0","66.53","23.44"
"65","000","00","003","0348","0000","1658","534","1124","95","1753","3234","0","54.21","16.51"
"65","000","00","003","0348","1355","912","292","620","51","963","1660","0","58.01","17.59"
"65","000","00","003","0348","1356","746","242","504","44","790","1574","0","50.19","15.37"
"65","000","00","003","0349","0000","2525","858","1667","155","2680","5146","0","52.08","16.67"
"65","000","00","003","0349","1357","1037","360","677","48","1085","2136","0","50.8","16.85"
"65","000","00","003","0349","1358","734","256","478","48","782","1462","0","53.49","17.51"
"65","000","00","003","0349","1359","754","242","512","59","813","1548","0","52.52","15.63"
"65","000","00","003","0350","0000","2523","820","1703","144","2667","4228","0","63.08","19.39"
"65","000","00","003","0350","1360","436","139","297","21","457","692","0","66.04","20.09"
"65","000","00","003","0350","1361","728","224","504","40","768","1221","0","62.9","18.35"
"65","000","00","003","0350","1362","773","267","506","46","819","1331","0","61.53","20.06"
"65","000","00","003","0350","1363","586","190","396","37","623","984","0","63.31","19.31"
"65","000","00","003","0351","0000","1583","499","1084","66","1649","3150","0","52.35","15.84"
"65","000","00","003","0351","1364","904","296","608","36","940","1871","0","50.24","15.82"
"65","000","00","003","0351","1365","679","203","476","30","709","1279","0","55.43","15.87"
"65","000","00","003","0352","0000","2639","912","1727","130","2769","4826","0","57.38","18.9"
"65","000","00","003","0352","1366","876","302","574","49","925","1629","0","56.78","18.54"
"65","000","00","003","0352","1367","809","300","509","36","845","1482","0","57.02","20.24"
"65","000","00","003","0352","1368","954","310","644","45","999","1715","0","58.25","18.08"
"65","000","00","003","0353","0000","1041","329","712","51","1092","1952","0","55.94","16.85"
"65","000","00","003","0353","1369","1041","329","712","51","1092","1952","0","55.94","16.85"
"65","000","00","003","0354","0000","373","124","249","28","401","686","0","58.45","18.08"
"65","000","00","003","0354","1370","373","124","249","28","401","686","0","58.45","18.08"
"65","000","00","003","0355","0000","4021","1309","2712","165","4186","7264","0","57.63","18.02"
"65","000","00","003","0355","1371","702","231","471","36","738","1577","0","46.8","14.65"
"65","000","00","003","0355","1372","628","161","467","33","661","1158","0","57.08","13.9"
"65","000","00","003","0355","1373","740","256","484","19","759","1195","0","63.51","21.42"
"65","000","00","003","0355","1374","647","231","416","28","675","1054","0","64.04","21.92"
"65","000","00","003","0355","1375","378","136","242","18","396","612","0","64.71","22.22"
"65","000","00","003","0355","1376","926","294","632","31","957","1668","0","57.37","17.63"
"65","000","00","003","0356","0000","1394","470","924","98","1492","2240","0","66.61","20.98"
"65","000","00","003","0356","1377","643","208","435","48","691","1071","0","64.52","19.42"
"65","000","00","003","0356","1378","751","262","489","50","801","1169","0","68.52","22.41"
"65","000","00","003","0357","0000","2755","923","1832","125","2880","5558","0","51.82","16.61"
"65","000","00","003","0357","1379","721","239","482","33","754","1370","0","55.04","17.45"
"65","000","00","003","0357","1380","882","295","587","64","946","1574","0","60.1","18.74"
"65","000","00","003","0357","1381","1152","389","763","28","1180","2614","0","45.14","14.88"
"65","000","00","003","0358","0000","1410","479","931","83","1493","2518","0","59.29","19.02"
"65","000","00","003","0358","1382","844","261","583","37","881","1477","0","59.65","17.67"
"65","000","00","003","0358","1383","566","218","348","46","612","1041","0","58.79","20.94"
"65","000","00","003","0359","0000","2456","870","1586","171","2627","4723","0","55.62","18.42"
"65","000","00","003","0359","1384","756","265","491","56","812","1538","0","52.8","17.23"
"65","000","00","003","0359","1385","829","306","523","48","877","1599","0","54.85","19.14"
"65","000","00","003","0359","1386","871","299","572","67","938","1586","0","59.14","18.85"
"65","000","00","003","0360","0000","2051","715","1336","127","2178","3580","0","60.84","19.97"
"65","000","00","003","0360","1387","992","324","668","53","1045","1726","0","60.54","18.77"
"65","000","00","003","0360","1388","1059","391","668","74","1133","1854","0","61.11","21.09"
"65","000","00","003","0361","0000","2503","863","1640","155","2658","4390","0","60.55","19.66"
"65","000","00","003","0361","1389","827","280","547","56","883","1472","0","59.99","19.02"
"65","000","00","003","0361","1390","822","278","544","52","874","1430","0","61.12","19.44"
"65","000","00","003","0361","1391","854","305","549","47","901","1488","0","60.55","20.5"
"65","000","00","003","0362","0000","2156","871","1285","142","2298","4066","0","56.52","21.42"
"65","000","00","003","0362","1392","662","245","417","31","693","1251","0","55.4","19.58"
"65","000","00","003","0362","1393","821","279","542","41","862","1487","0","57.97","18.76"
"65","000","00","003","0362","1394","673","347","326","70","743","1328","0","55.95","26.13"
"65","000","00","003","0363","0000","1289","427","862","70","1359","2136","0","63.62","19.99"
"65","000","00","003","0363","1395","660","243","417","38","698","1128","0","61.88","21.54"
"65","000","00","003","0363","1396","629","184","445","32","661","1008","0","65.58","18.25"
"65","000","00","003","0364","0000","2139","739","1400","88","2227","4005","0","55.61","18.45"
"65","000","00","003","0364","1397","997","355","642","34","1031","1786","0","57.73","19.88"
"65","000","00","003","0364","1398","1142","384","758","54","1196","2219","0","53.9","17.31"
"65","000","00","003","0365","0000","1449","481","968","50","1499","2817","0","53.21","17.07"
"65","000","00","003","0365","1399","663","210","453","32","695","1322","0","52.57","15.89"
"65","000","00","003","0365","1400","786","271","515","18","804","1495","0","53.78","18.13"
"65","000","00","003","0366","0000","2380","771","1609","145","2525","4456","0","56.67","17.3"
"65","000","00","003","0366","1401","739","259","480","44","783","1414","0","55.37","18.32"
"65","000","00","003","0366","1402","911","256","655","58","969","1681","0","57.64","15.23"
"65","000","00","003","0366","1403","730","256","474","43","773","1361","0","56.8","18.81"
"65","000","00","003","0367","0000","2175","741","1434","112","2287","4089","0","55.93","18.12"
"65","000","00","003","0367","1404","755","255","500","49","804","1442","0","55.76","17.68"
"65","000","00","003","0367","1405","728","262","466","28","756","1383","0","54.66","18.94"
"65","000","00","003","0367","1406","692","224","468","35","727","1264","0","57.52","17.72"
"65","000","00","003","0368","0000","1921","645","1276","121","2042","3761","0","54.29","17.15"
"65","000","00","003","0368","1407","999","317","682","83","1082","1810","0","59.78","17.51"
"65","000","00","003","0368","1408","922","328","594","38","960","1951","0","49.21","16.81"
"65","000","00","003","0369","0000","1861","614","1247","94","1955","3527","0","55.43","17.41"
"65","000","00","003","0369","1409","766","260","506","37","803","1582","0","50.76","16.43"
"65","000","00","003","0369","1410","1095","354","741","57","1152","1945","0","59.23","18.2"
"65","000","00","003","0370","0000","2170","650","1520","96","2266","3950","0","57.37","16.46"
"65","000","00","003","0370","1411","767","235","532","40","807","1390","0","58.06","16.91"
"65","000","00","003","0370","1412","644","224","420","24","668","1161","0","57.54","19.29"
"65","000","00","003","0370","1413","759","191","568","32","791","1399","0","56.54","13.65"
"65","000","00","003","0371","0000","1900","562","1338","121","2021","3453","0","58.53","16.28"
"65","000","00","003","0371","1414","567","167","400","41","608","1070","0","56.82","15.61"
"65","000","00","003","0371","1415","618","184","434","26","644","1169","0","55.09","15.74"
"65","000","00","003","0371","1416","715","211","504","54","769","1214","0","63.34","17.38"
"65","000","00","003","0372","0000","1948","609","1339","102","2050","3371","0","60.81","18.07"
"65","000","00","003","0372","1471","629","205","424","43","672","1150","0","58.43","17.83"
"65","000","00","003","0372","1472","689","224","465","26","715","1154","0","61.96","19.41"
"65","000","00","003","0372","1473","630","180","450","33","663","1067","0","62.14","16.87"
"65","000","00","003","0373","0000","2976","1166","1810","106","3082","5742","0","53.67","20.31"
"65","000","00","003","0373","1245","964","380","584","34","998","1789","0","55.79","21.24"
"65","000","00","003","0373","1246","1079","404","675","37","1116","2000","0","55.8","20.2"
"65","000","00","003","0373","1247","933","382","551","35","968","1953","0","49.56","19.56"
"65","000","00","003","0374","0000","934","298","636","39","973","1712","0","56.83","17.41"
"65","000","00","003","0374","1433","934","298","636","39","973","1712","0","56.83","17.41"
"65","000","00","003","0375","0000","2069","701","1368","112","2181","3955","0","55.15","17.72"
"65","000","00","003","0375","1438","995","303","692","60","1055","1953","0","54.02","15.51"
"65","000","00","003","0375","1439","1074","398","676","52","1126","2002","0","56.24","19.88"
"65","000","00","003","0376","0000","1391","482","909","87","1478","2402","0","61.53","20.07"
"65","000","00","003","0376","1454","744","263","481","53","797","1323","0","60.24","19.88"
"65","000","00","003","0376","1455","647","219","428","34","681","1079","0","63.11","20.3"
"65","000","00","003","0377","0000","1215","399","816","48","1263","2260","0","55.88","17.65"
"65","000","00","003","0377","1469","613","176","437","23","636","1089","0","58.4","16.16"
"65","000","00","003","0377","1470","602","223","379","25","627","1171","0","53.54","19.04"
"65","000","00","003","0378","0000","1376","408","968","76","1452","2828","0","51.34","14.43"
"65","000","00","003","0378","1323","684","229","455","37","721","1454","0","49.59","15.75"
"65","000","00","003","0378","1324","692","179","513","39","731","1374","0","53.2","13.03"
"65","000","00","003","0379","0000","1149","370","779","102","1251","1970","0","63.5","18.78"
"65","000","00","003","0379","1327","548","171","377","54","602","920","0","65.43","18.59"
"65","000","00","003","0379","1328","601","199","402","48","649","1050","0","61.81","18.95"
"65","000","00","003","0380","0000","1872","662","1210","132","2004","3817","0","52.5","17.34"
"65","000","00","003","0380","1335","949","352","597","69","1018","1916","0","53.13","18.37"
"65","000","00","003","0380","1336","923","310","613","63","986","1901","0","51.87","16.31"
"65","000","00","003","0381","0000","3239","1123","2116","139","3378","5946","0","56.81","18.89"
"65","000","00","003","0381","1340","776","270","506","27","803","1507","0","53.28","17.92"
"65","000","00","003","0381","1341","819","293","526","22","841","1519","0","55.37","19.29"
"65","000","00","003","0381","1342","814","294","520","32","846","1467","0","57.67","20.04"
"65","000","00","003","0381","1343","830","266","564","58","888","1453","0","61.11","18.31"
"65","000","00","003","0382","0000","1487","497","990","71","1558","2666","0","58.44","18.64"
"65","000","00","003","0382","1344","788","260","528","35","823","1364","0","60.34","19.06"
"65","000","00","003","0382","1345","699","237","462","36","735","1302","0","56.45","18.2"
"65","000","00","003","0383","0000","1333","462","871","64","1397","2421","0","57.7","19.08"
"65","000","00","003","0383","1298","564","207","357","30","594","1034","0","57.45","20.02"
"65","000","00","003","0383","1299","769","255","514","34","803","1387","0","57.89","18.39"
"65","000","00","003","0384","0000","1866","632","1234","114","1980","3737","0","52.98","16.91"
"65","000","00","003","0384","1300","1108","371","737","66","1174","2067","0","56.8","17.95"
"65","000","00","003","0384","1301","758","261","497","48","806","1670","0","48.26","15.63"
"65","000","00","003","0385","0000","2157","735","1422","122","2279","3771","0","60.43","19.49"
"65","000","00","003","0385","1417","785","275","510","47","832","1398","0","59.51","19.67"
"65","000","00","003","0385","1418","584","193","391","34","618","1049","0","58.91","18.4"
"65","000","00","003","0385","1419","788","267","521","41","829","1324","0","62.61","20.17"
"65","000","00","003","0386","0000","1657","574","1083","80","1737","3474","0","50.0","16.52"
"65","000","00","003","0386","1420","822","296","526","26","848","1765","0","48.05","16.77"
"65","000","00","003","0386","1421","835","278","557","54","889","1709","0","52.02","16.27"
"65","000","00","003","0387","0000","1371","407","964","108","1479","2504","0","59.07","16.25"
"65","000","00","003","0387","1422","636","183","453","60","696","1186","0","58.68","15.43"
"65","000","00","003","0387","1423","735","224","511","48","783","1318","0","59.41","17.0"
"65","000","00","003","0388","0000","1480","562","918","85","1565","3067","0","51.03","18.32"
"65","000","00","003","0388","1424","801","307","494","39","840","1430","0","58.74","21.47"
"65","000","00","003","0388","1425","679","255","424","46","725","1637","0","44.29","15.58"
"65","000","00","003","0389","0000","2097","757","1340","127","2224","3894","0","57.11","19.44"
"65","000","00","003","0389","1426","690","253","437","45","735","1283","0","57.29","19.72"
"65","000","00","003","0389","1427","694","244","450","39","733","1310","0","55.95","18.63"
"65","000","00","003","0389","1428","713","260","453","43","756","1301","0","58.11","19.98"
"65","000","00","003","0390","0000","1681","619","1062","99","1780","3065","0","58.08","20.2"
"65","000","00","003","0390","1429","901","339","562","64","965","1681","0","57.41","20.17"
"65","000","00","003","0390","1430","780","280","500","35","815","1384","0","58.89","20.23"
"65","000","00","003","0391","0000","1436","529","907","40","1476","2966","0","49.76","17.84"
"65","000","00","003","0391","1431","652","242","410","34","686","1187","0","57.79","20.39"
"65","000","00","003","0391","1432","784","287","497","6","790","1779","0","44.41","16.13"
"65","000","00","003","0392","0000","1698","516","1182","120","1818","3199","0","56.83","16.13"
"65","000","00","003","0392","1302","630","202","428","42","672","1166","0","57.63","17.32"
"65","000","00","003","0392","1303","536","155","381","38","574","963","0","59.61","16.1"
"65","000","00","003","0392","1304","532","159","373","40","572","1070","0","53.46","14.86"
"65","000","00","003","0393","0000","1410","529","881","76","1486","2597","0","57.22","20.37"
"65","000","00","003","0393","1243","658","262","396","40","698","1254","0","55.66","20.89"
"65","000","00","003","0393","1244","752","267","485","36","788","1343","0","58.67","19.88"
"65","000","00","004","0000","0000","106153","36235","69918","4925","111078","187798","221123","59.15","19.29"
"65","000","00","004","0401","0000","1555","569","986","76","1631","3012","0","54.15","18.89"
"65","000","00","004","0401","1486","789","305","484","41","830","1568","0","52.93","19.45"
"65","000","00","004","0401","1487","766","264","502","35","801","1444","0","55.47","18.28"
"65","000","00","004","0402","0000","1431","464","967","69","1500","2535","0","59.17","18.3"
"65","000","00","004","0402","1601","713","246","467","26","739","1189","0","62.15","20.69"
"65","000","00","004","0402","1602","718","218","500","43","761","1346","0","56.54","16.2"
"65","000","00","004","0403","0000","1683","628","1055","54","1737","4440","0","39.12","14.14"
"65","000","00","004","0403","1495","845","312","533","28","873","1598","0","54.63","19.52"
"65","000","00","004","0403","1496","838","316","522","26","864","2842","0","30.4","11.12"
"65","000","00","004","0404","0000","1639","584","1055","79","1718","2710","0","63.39","21.55"
"65","000","00","004","0404","1497","747","267","480","43","790","1261","0","62.65","21.17"
"65","000","00","004","0404","1498","892","317","575","36","928","1449","0","64.04","21.88"
"65","000","00","004","0405","0000","1447","498","949","62","1509","2418","0","62.41","20.6"
"65","000","00","004","0405","1599","689","232","457","31","720","1155","0","62.34","20.09"
"65","000","00","004","0405","1600","758","266","492","31","789","1263","0","62.47","21.06"
"65","000","00","004","0406","0000","1717","629","1088","55","1772","3034","0","58.4","20.73"
"65","000","00","004","0406","1505","891","320","571","20","911","1566","0","58.17","20.43"
"65","000","00","004","0406","1506","826","309","517","35","861","1468","0","58.65","21.05"
"65","000","00","004","0407","0000","1510","514","996","74","1584","2486","0","63.72","20.68"
"65","000","00","004","0407","1507","812","289","523","40","852","1305","0","65.29","22.15"
"65","000","00","004","0407","1508","698","225","473","34","732","1181","0","61.98","19.05"
"65","000","00","004","0408","0000","1394","485","909","105","1499","2537","0","59.09","19.12"
"65","000","00","004","0408","1543","670","219","451","62","732","1234","0","59.32","17.75"
"65","000","00","004","0408","1544","724","266","458","43","767","1303","0","58.86","20.41"
"65","000","00","004","0409","0000","417","117","300","24","441","893","0","49.38","13.1"
"65","000","00","004","0409","1597","417","117","300","24","441","893","0","49.38","13.1"
"65","000","00","004","0410","0000","405","123","282","31","436","743","0","58.68","16.55"
"65","000","00","004","0410","1598","405","123","282","31","436","743","0","58.68","16.55"
"65","000","00","004","0411","0000","2306","817","1489","126","2432","4189","0","58.06","19.5"
"65","000","00","004","0411","1514","825","289","536","41","866","1488","0","58.2","19.42"
"65","000","00","004","0411","1515","757","259","498","48","805","1288","0","62.5","20.11"
"65","000","00","004","0411","1516","724","269","455","37","761","1413","0","53.86","19.04"
"65","000","00","004","0412","0000","1817","664","1153","93","1910","3289","0","58.07","20.19"
"65","000","00","004","0412","1527","949","354","595","49","998","1798","0","55.51","19.69"
"65","000","00","004","0412","1528","868","310","558","44","912","1491","0","61.17","20.79"
"65","000","00","004","0413","0000","3633","1349","2284","152","3785","6230","0","60.75","21.65"
"65","000","00","004","0413","1582","879","321","558","43","922","1598","0","57.7","20.09"
"65","000","00","004","0413","1583","932","351","581","41","973","1609","0","60.47","21.81"
"65","000","00","004","0413","1584","820","307","513","32","852","1375","0","61.96","22.33"
"65","000","00","004","0413","1585","1002","370","632","36","1038","1648","0","62.99","22.45"
"65","000","00","004","0414","0000","2447","869","1578","114","2561","4535","0","56.47","19.16"
"65","000","00","004","0414","1579","870","301","569","39","909","1586","0","57.31","18.98"
"65","000","00","004","0414","1580","689","237","452","21","710","1313","0","54.07","18.05"
"65","000","00","004","0414","1581","888","331","557","54","942","1636","0","57.58","20.23"
"65","000","00","004","0415","0000","2194","774","1420","86","2280","3628","0","62.84","21.33"
"65","000","00","004","0415","1558","726","263","463","26","752","1209","0","62.2","21.75"
"65","000","00","004","0415","1559","688","249","439","25","713","1132","0","62.99","22.0"
"65","000","00","004","0415","1560","780","262","518","35","815","1287","0","63.33","20.36"
"65","000","00","004","0416","0000","2432","797","1635","94","2526","4081","0","61.9","19.53"
"65","000","00","004","0416","1520","712","236","476","32","744","1100","0","67.64","21.45"
"65","000","00","004","0416","1521","923","318","605","39","962","1545","0","62.27","20.58"
"65","000","00","004","0416","1522","797","243","554","23","820","1436","0","57.1","16.92"
"65","000","00","004","0417","0000","2216","499","1717","115","2331","3877","0","60.12","12.87"
"65","000","00","004","0417","1517","733","213","520","43","776","1329","0","58.39","16.03"
"65","000","00","004","0417","1518","859","80","779","31","890","1436","0","61.98","5.57"
"65","000","00","004","0417","1519","624","206","418","41","665","1112","0","59.8","18.53"
"65","000","00","004","0418","0000","1493","499","994","97","1590","2704","0","58.8","18.45"
"65","000","00","004","0418","1489","700","227","473","38","738","1188","0","62.12","19.11"
"65","000","00","004","0418","1490","793","272","521","59","852","1516","0","56.2","17.94"
"65","000","00","004","0419","0000","594","219","375","43","637","1140","0","55.88","19.21"
"65","000","00","004","0419","1488","594","219","375","43","637","1140","0","55.88","19.21"
"65","000","00","004","0420","0000","2051","715","1336","117","2168","3493","0","62.07","20.47"
"65","000","00","004","0420","1523","1018","340","678","60","1078","1731","0","62.28","19.64"
"65","000","00","004","0420","1524","1033","375","658","57","1090","1762","0","61.86","21.28"
"65","000","00","004","0421","0000","1334","469","865","58","1392","2617","0","53.19","17.92"
"65","000","00","004","0421","1525","709","247","462","39","748","1320","0","56.67","18.71"
"65","000","00","004","0421","1526","625","222","403","19","644","1297","0","49.65","17.12"
"65","000","00","004","0422","0000","982","366","616","41","1023","1783","0","57.38","20.53"
"65","000","00","004","0422","1606","469","169","300","13","482","879","0","54.84","19.23"
"65","000","00","004","0422","1607","513","197","316","28","541","904","0","59.85","21.79"
"65","000","00","004","0423","0000","1796","666","1130","77","1873","3314","0","56.52","20.1"
"65","000","00","004","0423","1480","946","362","584","31","977","1733","0","56.38","20.89"
"65","000","00","004","0423","1481","850","304","546","46","896","1581","0","56.67","19.23"
"65","000","00","004","0424","0000","2028","670","1358","110","2138","3452","0","61.94","19.41"
"65","000","00","004","0424","1568","1088","373","715","47","1135","1876","0","60.5","19.88"
"65","000","00","004","0424","1569","940","297","643","63","1003","1576","0","63.64","18.85"
"65","000","00","004","0425","0000","1954","643","1311","65","2019","3469","0","58.2","18.54"
"65","000","00","004","0425","1570","952","316","636","36","988","1661","0","59.48","19.02"
"65","000","00","004","0425","1571","1002","327","675","29","1031","1808","0","57.02","18.09"
"65","000","00","004","0426","0000","2135","734","1401","111","2246","3547","0","63.32","20.69"
"65","000","00","004","0426","1563","737","219","518","28","765","1222","0","62.6","17.92"
"65","000","00","004","0426","1564","665","218","447","48","713","1157","0","61.62","18.84"
"65","000","00","004","0426","1565","733","297","436","35","768","1168","0","65.75","25.43"
"65","000","00","004","0427","0000","1479","507","972","77","1556","2655","0","58.61","19.1"
"65","000","00","004","0427","1566","714","259","455","38","752","1283","0","58.61","20.19"
"65","000","00","004","0427","1567","765","248","517","39","804","1372","0","58.6","18.08"
"65","000","00","004","0428","0000","1673","502","1171","74","1747","2979","0","58.64","16.85"
"65","000","00","004","0428","1610","850","214","636","38","888","1551","0","57.25","13.8"
"65","000","00","004","0428","1611","823","288","535","36","859","1428","0","60.15","20.17"
"65","000","00","004","0429","0000","1330","434","896","74","1404","2239","0","62.71","19.38"
"65","000","00","004","0429","1608","730","236","494","38","768","1221","0","62.9","19.33"
"65","000","00","004","0429","1609","600","198","402","36","636","1018","0","62.48","19.45"
"65","000","00","004","0430","0000","2294","780","1514","61","2355","3932","0","59.89","19.84"
"65","000","00","004","0430","1551","724","255","469","18","742","1210","0","61.32","21.07"
"65","000","00","004","0430","1552","928","309","619","23","951","1630","0","58.34","18.96"
"65","000","00","004","0430","1553","642","216","426","20","662","1092","0","60.62","19.78"
"65","000","00","004","0431","0000","2483","768","1715","99","2582","4196","0","61.53","18.3"
"65","000","00","004","0431","1547","592","199","393","20","612","991","0","61.76","20.08"
"65","000","00","004","0431","1548","619","206","413","22","641","1016","0","63.09","20.28"
"65","000","00","004","0431","1549","658","205","453","36","694","1146","0","60.56","17.89"
"65","000","00","004","0431","1550","614","158","456","21","635","1043","0","60.88","15.15"
"65","000","00","004","0432","0000","1399","479","920","64","1463","2334","0","62.68","20.52"
"65","000","00","004","0432","1556","618","213","405","32","650","1049","0","61.96","20.31"
"65","000","00","004","0432","1557","781","266","515","32","813","1285","0","63.27","20.7"
"65","000","00","004","0433","0000","2313","801","1512","127","2440","4225","0","57.75","18.96"
"65","000","00","004","0433","1576","654","225","429","37","691","1177","0","58.71","19.12"
"65","000","00","004","0433","1577","871","299","572","52","923","1557","0","59.28","19.2"
"65","000","00","004","0433","1578","788","277","511","38","826","1491","0","55.4","18.58"
"65","000","00","004","0434","0000","1839","642","1197","77","1916","3434","0","55.79","18.7"
"65","000","00","004","0434","1536","927","312","615","42","969","1713","0","56.57","18.21"
"65","000","00","004","0434","1537","912","330","582","35","947","1721","0","55.03","19.17"
"65","000","00","004","0435","0000","2482","831","1651","112","2594","4177","0","62.1","19.89"
"65","000","00","004","0435","1540","818","269","549","34","852","1348","0","63.2","19.96"
"65","000","00","004","0435","1541","898","305","593","27","925","1461","0","63.31","20.88"
"65","000","00","004","0435","1542","766","257","509","51","817","1368","0","59.72","18.79"
"65","000","00","004","0436","0000","859","318","541","60","919","1554","0","59.14","20.46"
"65","000","00","004","0436","1476","859","318","541","60","919","1554","0","59.14","20.46"
"65","000","00","004","0437","0000","1243","405","838","58","1301","2107","0","61.75","19.22"
"65","000","00","004","0437","1478","519","166","353","23","542","854","0","63.47","19.44"
"65","000","00","004","0437","1479","724","239","485","35","759","1253","0","60.57","19.07"
"65","000","00","004","0438","0000","2610","875","1735","114","2724","4561","0","59.72","19.18"
"65","000","00","004","0438","1499","845","281","564","40","885","1511","0","58.57","18.6"
"65","000","00","004","0438","1500","891","300","591","37","928","1470","0","63.13","20.41"
"65","000","00","004","0438","1501","874","294","580","37","911","1580","0","57.66","18.61"
"65","000","00","004","0439","0000","2305","736","1569","78","2383","3789","0","62.89","19.42"
"65","000","00","004","0439","1502","876","282","594","29","905","1438","0","62.93","19.61"
"65","000","00","004","0439","1503","797","259","538","30","827","1305","0","63.37","19.85"
"65","000","00","004","0439","1504","632","195","437","19","651","1046","0","62.24","18.64"
"65","000","00","004","0440","0000","1641","525","1116","87","1728","2938","0","58.82","17.87"
"65","000","00","004","0440","1545","826","269","557","28","854","1516","0","56.33","17.74"
"65","000","00","004","0440","1546","815","256","559","59","874","1422","0","61.46","18.0"
"65","000","00","004","0441","0000","389","114","275","40","429","768","0","55.86","14.84"
"65","000","00","004","0441","1596","389","114","275","40","429","768","0","55.86","14.84"
"65","000","00","004","0442","0000","503","133","370","22","525","853","0","61.55","15.59"
"65","000","00","004","0442","1595","503","133","370","22","525","853","0","61.55","15.59"
"65","000","00","004","0443","0000","1036","374","662","49","1085","1898","0","57.17","19.7"
"65","000","00","004","0443","1572","1036","374","662","49","1085","1898","0","57.17","19.7"
"65","000","00","004","0444","0000","2440","833","1607","141","2581","4271","0","60.43","19.5"
"65","000","00","004","0444","1573","900","320","580","31","931","1508","0","61.74","21.22"
"65","000","00","004","0444","1574","773","251","522","54","827","1341","0","61.67","18.72"
"65","000","00","004","0444","1575","767","262","505","56","823","1422","0","57.88","18.42"
"65","000","00","004","0445","0000","1184","417","767","78","1262","2011","0","62.75","20.74"
"65","000","00","004","0445","1612","614","215","399","39","653","1044","0","62.55","20.59"
"65","000","00","004","0445","1613","570","202","368","39","609","967","0","62.98","20.89"
"65","000","00","004","0446","0000","1963","679","1284","114","2077","3545","0","58.59","19.15"
"65","000","00","004","0446","1593","1050","354","696","68","1118","1938","0","57.69","18.27"
"65","000","00","004","0446","1594","913","325","588","46","959","1607","0","59.68","20.22"
"65","000","00","004","0447","0000","2504","941","1563","132","2636","4361","0","60.44","21.58"
"65","000","00","004","0447","1511","903","335","568","68","971","1649","0","58.88","20.32"
"65","000","00","004","0447","1512","725","269","456","29","754","1206","0","62.52","22.31"
"65","000","00","004","0447","1513","876","337","539","35","911","1506","0","60.49","22.38"
"65","000","00","004","0448","0000","1578","610","968","63","1641","2823","0","58.13","21.61"
"65","000","00","004","0448","1509","903","346","557","41","944","1720","0","54.88","20.12"
"65","000","00","004","0448","1510","675","264","411","22","697","1103","0","63.19","23.93"
"65","000","00","004","0449","0000","1979","671","1308","115","2094","3465","0","60.43","19.37"
"65","000","00","004","0449","1533","610","213","397","17","627","1115","0","56.23","19.1"
"65","000","00","004","0449","1534","684","234","450","45","729","1133","0","64.34","20.65"
"65","000","00","004","0449","1535","685","224","461","53","738","1217","0","60.64","18.41"
"65","000","00","004","0450","0000","1319","433","886","56","1375","2331","0","58.99","18.58"
"65","000","00","004","0450","1529","687","229","458","20","707","1223","0","57.81","18.72"
"65","000","00","004","0450","1530","632","204","428","36","668","1108","0","60.29","18.41"
"65","000","00","004","0451","0000","1759","594","1165","78","1837","3104","0","59.18","19.14"
"65","000","00","004","0451","1484","954","340","614","50","1004","1650","0","60.85","20.61"
"65","000","00","004","0451","1485","805","254","551","28","833","1454","0","57.29","17.47"
"65","000","00","004","0452","0000","610","178","432","20","630","1065","0","59.15","16.71"
"65","000","00","004","0452","1477","610","178","432","20","630","1065","0","59.15","16.71"
"65","000","00","004","0453","0000","1160","382","778","47","1207","2025","0","59.6","18.86"
"65","000","00","004","0453","1493","632","204","428","21","653","1084","0","60.24","18.82"
"65","000","00","004","0453","1494","528","178","350","26","554","941","0","58.87","18.92"
"65","000","00","004","0454","0000","1521","541","980","71","1592","2835","0","56.16","19.08"
"65","000","00","004","0454","1491","734","254","480","43","777","1397","0","55.62","18.18"
"65","000","00","004","0454","1492","787","287","500","28","815","1438","0","56.68","19.96"
"65","000","00","004","0455","0000","1735","563","1172","66","1801","3298","0","54.61","17.07"
"65","000","00","004","0455","1482","912","296","616","40","952","1735","0","54.87","17.06"
"65","000","00","004","0455","1483","823","267","556","26","849","1563","0","54.32","17.08"
"65","000","00","004","0456","0000","2048","700","1348","80","2128","3653","0","58.25","19.16"
"65","000","00","004","0456","1554","1056","362","694","53","1109","1872","0","59.24","19.34"
"65","000","00","004","0456","1555","992","338","654","27","1019","1781","0","57.22","18.98"
"65","000","00","004","0457","0000","1343","456","887","51","1394","2411","0","57.82","18.91"
"65","000","00","004","0457","1603","742","250","492","36","778","1368","0","56.87","18.27"
"65","000","00","004","0457","1604","601","206","395","15","616","1043","0","59.06","19.75"
"65","000","00","004","0458","0000","994","350","644","36","1030","1709","0","60.27","20.48"
"65","000","00","004","0458","1605","994","350","644","36","1030","1709","0","60.27","20.48"
"65","000","00","004","0459","0000","1473","492","981","64","1537","2584","0","59.48","19.04"
"65","000","00","004","0459","1538","714","239","475","39","753","1327","0","56.74","18.01"
"65","000","00","004","0459","1539","759","253","506","25","784","1257","0","62.37","20.13"
"65","000","00","004","0460","0000","1550","527","1023","81","1631","2673","0","61.02","19.72"
"65","000","00","004","0460","1531","818","287","531","42","860","1408","0","61.08","20.38"
"65","000","00","004","0460","1532","732","240","492","39","771","1265","0","60.95","18.97"
"65","000","00","004","0461","0000","1297","466","831","74","1371","2166","0","63.3","21.51"
"65","000","00","004","0461","1561","636","226","410","36","672","1068","0","62.92","21.16"
"65","000","00","004","0461","1562","661","240","421","38","699","1098","0","63.66","21.86"
"65","000","00","004","0462","0000","5208","1817","3391","157","5365","8673","0","61.86","20.95"
"65","000","00","004","0462","1586","624","229","395","28","652","1077","0","60.54","21.26"
"65","000","00","004","0462","1587","684","235","449","19","703","1157","0","60.76","20.31"
"65","000","00","004","0462","1588","827","308","519","26","853","1339","0","63.7","23.0"
"65","000","00","004","0462","1589","784","267","517","22","806","1306","0","61.72","20.44"
"65","000","00","004","0462","1590","766","257","509","14","780","1236","0","63.11","20.79"
"65","000","00","004","0462","1591","686","236","450","18","704","1133","0","62.14","20.83"
"65","000","00","004","0462","1592","837","285","552","30","867","1425","0","60.84","20.0"
"65","000","00","005","0000","0000","185059","66304","118755","11384","196443","344981","417405","56.94","19.22"
"65","000","00","005","0501","0000","2717","950","1767","206","2923","4792","0","61.0","19.82"
"65","000","00","005","0501","0302","608","216","392","55","663","1123","0","59.04","19.23"
"65","000","00","005","0501","0303","711","243","468","55","766","1278","0","59.94","19.01"
"65","000","00","005","0501","0304","689","251","438","48","737","1163","0","63.37","21.58"
"65","000","00","005","0501","0305","709","240","469","48","757","1228","0","61.64","19.54"
"65","000","00","005","0502","0000","3759","1477","2282","200","3959","7166","0","55.25","20.61"
"65","000","00","005","0502","0328","671","270","401","32","703","1382","0","50.87","19.54"
"65","000","00","005","0502","0329","786","348","438","45","831","1475","0","56.34","23.59"
"65","000","00","005","0502","0330","812","306","506","35","847","1462","0","57.93","20.93"
"65","000","00","005","0502","0331","753","291","462","34","787","1426","0","55.19","20.41"
"65","000","00","005","0502","0332","737","262","475","54","791","1421","0","55.67","18.44"
"65","000","00","005","0503","0000","673","244","429","79","752","1341","0","56.08","18.2"
"65","000","00","005","0503","0449","673","244","429","79","752","1341","0","56.08","18.2"
"65","000","00","005","0504","0000","2202","787","1415","155","2357","3923","0","60.08","20.06"
"65","000","00","005","0504","0306","656","239","417","55","711","1211","0","58.71","19.74"
"65","000","00","005","0504","0307","651","230","421","52","703","1176","0","59.78","19.56"
"65","000","00","005","0504","0308","895","318","577","48","943","1536","0","61.39","20.7"
"65","000","00","005","0505","0000","2091","772","1319","94","2185","3872","0","56.43","19.94"
"65","000","00","005","0505","0333","830","294","536","30","860","1536","0","55.99","19.14"
"65","000","00","005","0505","0334","874","343","531","48","922","1587","0","58.1","21.61"
"65","000","00","005","0505","0335","387","135","252","16","403","749","0","53.81","18.02"
"65","000","00","005","0506","0000","1875","669","1206","118","1993","3313","0","60.16","20.19"
"65","000","00","005","0506","0446","613","227","386","46","659","1107","0","59.53","20.51"
"65","000","00","005","0506","0447","621","220","401","25","646","1063","0","60.77","20.7"
"65","000","00","005","0506","0448","641","222","419","47","688","1143","0","60.19","19.42"
"65","000","00","005","0507","0000","2324","768","1556","145","2469","4240","0","58.23","18.11"
"65","000","00","005","0507","0312","717","236","481","53","770","1353","0","56.91","17.44"
"65","000","00","005","0507","0313","811","284","527","63","874","1409","0","62.03","20.16"
"65","000","00","005","0507","0314","796","248","548","29","825","1478","0","55.82","16.78"
"65","000","00","005","0508","0000","2068","784","1284","178","2246","3930","0","57.15","19.95"
"65","000","00","005","0508","0383","699","262","437","61","760","1342","0","56.63","19.52"
"65","000","00","005","0508","0384","710","268","442","59","769","1341","0","57.35","19.99"
"65","000","00","005","0508","0385","659","254","405","58","717","1247","0","57.5","20.37"
"65","000","00","005","0509","0000","3366","1216","2150","172","3538","6296","0","56.19","19.31"
"65","000","00","005","0509","0501","791","273","518","47","838","1539","0","54.45","17.74"
"65","000","00","005","0509","0502","863","312","551","37","900","1586","0","56.75","19.67"
"65","000","00","005","0509","0503","883","318","565","50","933","1631","0","57.2","19.5"
"65","000","00","005","0509","0504","829","313","516","38","867","1540","0","56.3","20.32"
"65","000","00","005","0510","0000","1119","392","727","84","1203","1892","0","63.58","20.72"
"65","000","00","005","0510","0315","534","194","340","45","579","921","0","62.87","21.06"
"65","000","00","005","0510","0316","585","198","387","39","624","971","0","64.26","20.39"
"65","000","00","005","0511","0000","2788","983","1805","193","2981","5088","0","58.59","19.32"
"65","000","00","005","0511","0379","674","235","439","58","732","1167","0","62.72","20.14"
"65","000","00","005","0511","0380","670","223","447","50","720","1299","0","55.43","17.17"
"65","000","00","005","0511","0381","657","251","406","40","697","1207","0","57.75","20.8"
"65","000","00","005","0511","0382","787","274","513","45","832","1415","0","58.8","19.36"
"65","000","00","005","0512","0000","1388","512","876","104","1492","2771","0","53.84","18.48"
"65","000","00","005","0512","0518","668","243","425","54","722","1371","0","52.66","17.72"
"65","000","00","005","0512","0519","720","269","451","50","770","1400","0","55.0","19.21"
"65","000","00","005","0513","0000","1705","599","1106","89","1794","3070","0","58.44","19.51"
"65","000","00","005","0513","0319","388","145","243","23","411","697","0","58.97","20.8"
"65","000","00","005","0513","0320","693","243","450","29","722","1235","0","58.46","19.68"
"65","000","00","005","0513","0321","624","211","413","37","661","1138","0","58.08","18.54"
"65","000","00","005","0514","0000","2290","808","1482","144","2434","4068","0","59.83","19.86"
"65","000","00","005","0514","0390","752","290","462","33","785","1346","0","58.32","21.55"
"65","000","00","005","0514","0391","761","261","500","57","818","1372","0","59.62","19.02"
"65","000","00","005","0514","0392","777","257","520","54","831","1350","0","61.56","19.04"
"65","000","00","005","0515","0000","5183","1846","3337","225","5408","9838","0","54.97","18.76"
"65","000","00","005","0515","0547","647","213","434","30","677","1126","0","60.12","18.92"
"65","000","00","005","0515","0548","690","243","447","34","724","1240","0","58.39","19.6"
"65","000","00","005","0515","0549","774","276","498","38","812","1460","0","55.62","18.9"
"65","000","00","005","0515","0550","574","201","373","26","600","1072","0","55.97","18.75"
"65","000","00","005","0515","0551","562","210","352","31","593","1127","0","52.62","18.63"
"65","000","00","005","0515","0552","754","253","501","26","780","1332","0","58.56","18.99"
"65","000","00","005","0515","0553","685","290","395","21","706","1341","0","52.65","21.63"
"65","000","00","005","0515","0554","497","160","337","19","516","1140","0","45.26","14.04"
"65","000","00","005","0516","0000","1359","481","878","57","1416","4462","0","31.73","10.78"
"65","000","00","005","0516","0322","549","189","360","21","570","1063","0","53.62","17.78"
"65","000","00","005","0516","0323","810","292","518","36","846","3399","0","24.89","8.59"
"65","000","00","005","0517","0000","2111","730","1381","166","2277","3947","0","57.69","18.5"
"65","000","00","005","0517","0393","679","252","427","49","728","1307","0","55.7","19.28"
"65","000","00","005","0517","0394","720","244","476","64","784","1353","0","57.95","18.03"
"65","000","00","005","0517","0395","712","234","478","53","765","1287","0","59.44","18.18"
"65","000","00","005","0518","0000","2770","942","1828","186","2956","5155","0","57.34","18.27"
"65","000","00","005","0518","0452","723","237","486","27","750","1309","0","57.3","18.11"
"65","000","00","005","0518","0453","695","248","447","46","741","1216","0","60.94","20.39"
"65","000","00","005","0518","0454","639","201","438","50","689","1278","0","53.91","15.73"
"65","000","00","005","0518","0455","713","256","457","63","776","1352","0","57.4","18.93"
"65","000","00","005","0519","0000","866","296","570","68","934","1575","0","59.3","18.79"
"65","000","00","005","0519","0324","866","296","570","68","934","1575","0","59.3","18.79"
"65","000","00","005","0520","0000","1016","324","692","78","1094","1907","0","57.37","16.99"
"65","000","00","005","0520","0413","519","177","342","34","553","955","0","57.91","18.53"
"65","000","00","005","0520","0414","497","147","350","44","541","952","0","56.83","15.44"
"65","000","00","005","0521","0000","3016","1007","2009","242","3258","6100","0","53.41","16.51"
"65","000","00","005","0521","0485","755","245","510","70","825","1505","0","54.82","16.28"
"65","000","00","005","0521","0486","759","251","508","65","824","1527","0","53.96","16.44"
"65","000","00","005","0521","0487","738","245","493","42","780","1482","0","52.63","16.53"
"65","000","00","005","0521","0488","764","266","498","65","829","1586","0","52.27","16.77"
"65","000","00","005","0522","0000","958","377","581","55","1013","1615","0","62.72","23.34"
"65","000","00","005","0522","0325","958","377","581","55","1013","1615","0","62.72","23.34"
"65","000","00","005","0523","0000","3109","1096","2013","189","3298","5541","0","59.52","19.78"
"65","000","00","005","0523","0415","775","287","488","31","806","1412","0","57.08","20.33"
"65","000","00","005","0523","0416","770","243","527","54","824","1415","0","58.23","17.17"
"65","000","00","005","0523","0417","797","279","518","62","859","1421","0","60.45","19.63"
"65","000","00","005","0523","0418","767","287","480","42","809","1293","0","62.57","22.2"
"65","000","00","005","0524","0000","1143","399","744","86","1229","2161","0","56.87","18.46"
"65","000","00","005","0524","0491","567","206","361","43","610","1090","0","55.96","18.9"
"65","000","00","005","0524","0492","576","193","383","43","619","1071","0","57.8","18.02"
"65","000","00","005","0525","0000","2405","852","1553","174","2579","4748","0","54.32","17.94"
"65","000","00","005","0525","0371","788","283","505","59","847","1571","0","53.91","18.01"
"65","000","00","005","0525","0372","804","283","521","58","862","1594","0","54.08","17.75"
"65","000","00","005","0525","0373","813","286","527","57","870","1583","0","54.96","18.07"
"65","000","00","005","0526","0000","1205","380","825","59","1264","2027","0","62.36","18.75"
"65","000","00","005","0526","0386","653","182","471","21","674","984","0","68.5","18.5"
"65","000","00","005","0526","0387","552","198","354","38","590","1043","0","56.57","18.98"
"65","000","00","005","0527","0000","2510","937","1573","173","2683","4704","0","57.04","19.92"
"65","000","00","005","0527","0508","594","217","377","43","637","1181","0","53.94","18.37"
"65","000","00","005","0527","0509","604","201","403","54","658","1135","0","57.97","17.71"
"65","000","00","005","0527","0510","650","237","413","36","686","1173","0","58.48","20.2"
"65","000","00","005","0527","0511","662","282","380","40","702","1215","0","57.78","23.21"
"65","000","00","005","0528","0000","1222","416","806","136","1358","2406","0","56.44","17.29"
"65","000","00","005","0528","0362","576","187","389","60","636","1170","0","54.36","15.98"
"65","000","00","005","0528","0363","646","229","417","76","722","1236","0","58.41","18.53"
"65","000","00","005","0529","0000","1385","508","877","71","1456","2320","0","62.76","21.9"
"65","000","00","005","0529","0388","716","256","460","38","754","1135","0","66.43","22.56"
"65","000","00","005","0529","0389","669","252","417","33","702","1185","0","59.24","21.27"
"65","000","00","005","0530","0000","2515","852","1663","194","2709","4728","0","57.3","18.02"
"65","000","00","005","0530","0353","831","277","554","68","899","1558","0","57.7","17.78"
"65","000","00","005","0530","0354","786","286","500","71","857","1567","0","54.69","18.25"
"65","000","00","005","0530","0355","898","289","609","55","953","1603","0","59.45","18.03"
"65","000","00","005","0531","0000","2594","874","1720","180","2774","4477","0","61.96","19.52"
"65","000","00","005","0531","0443","833","278","555","72","905","1535","0","58.96","18.11"
"65","000","00","005","0531","0444","904","282","622","46","950","1492","0","63.67","18.9"
"65","000","00","005","0531","0445","857","314","543","62","919","1450","0","63.38","21.66"
"65","000","00","005","0532","0000","2913","1019","1894","138","3051","5219","0","58.46","19.52"
"65","000","00","005","0532","0523","692","225","467","46","738","1318","0","55.99","17.07"
"65","000","00","005","0532","0524","790","282","508","40","830","1411","0","58.82","19.99"
"65","000","00","005","0532","0525","705","259","446","30","735","1262","0","58.24","20.52"
"65","000","00","005","0532","0526","726","253","473","22","748","1228","0","60.91","20.6"
"65","000","00","005","0533","0000","2166","811","1355","174","2340","4251","0","55.05","19.08"
"65","000","00","005","0533","0344","652","238","414","53","705","1351","0","52.18","17.62"
"65","000","00","005","0533","0345","735","296","439","64","799","1403","0","56.95","21.1"
"65","000","00","005","0533","0346","779","277","502","57","836","1497","0","55.85","18.5"
"65","000","00","005","0534","0000","1592","529","1063","105","1697","3285","0","51.66","16.1"
"65","000","00","005","0534","0438","750","254","496","54","804","1633","0","49.23","15.55"
"65","000","00","005","0534","0439","842","275","567","51","893","1652","0","54.06","16.65"
"65","000","00","005","0535","0000","1298","420","878","93","1391","2670","0","52.1","15.73"
"65","000","00","005","0535","0529","661","219","442","47","708","1326","0","53.39","16.52"
"65","000","00","005","0535","0530","637","201","436","46","683","1344","0","50.82","14.96"
"65","000","00","005","0536","0000","1582","540","1042","111","1693","3126","0","54.16","17.27"
"65","000","00","005","0536","0326","792","269","523","61","853","1612","0","52.92","16.69"
"65","000","00","005","0536","0327","790","271","519","50","840","1514","0","55.48","17.9"
"65","000","00","005","0537","0000","2009","697","1312","104","2113","3484","0","60.65","20.01"
"65","000","00","005","0537","0400","650","225","425","58","708","1148","0","61.67","19.6"
"65","000","00","005","0537","0401","665","226","439","7","672","1201","0","55.95","18.82"
"65","000","00","005","0537","0402","694","246","448","39","733","1135","0","64.58","21.67"
"65","000","00","005","0538","0000","3203","1099","2104","213","3416","6209","0","55.02","17.7"
"65","000","00","005","0538","0542","623","204","419","44","667","1245","0","53.57","16.39"
"65","000","00","005","0538","0543","612","216","396","47","659","1212","0","54.37","17.82"
"65","000","00","005","0538","0544","634","214","420","47","681","1253","0","54.35","17.08"
"65","000","00","005","0538","0545","632","211","421","45","677","1272","0","53.22","16.59"
"65","000","00","005","0538","0546","702","254","448","30","732","1227","0","59.66","20.7"
"65","000","00","005","0539","0000","2242","921","1321","139","2381","3713","0","64.13","24.8"
"65","000","00","005","0539","0374","710","208","502","60","770","1245","0","61.85","16.71"
"65","000","00","005","0539","0375","776","437","339","38","814","1203","0","67.66","36.33"
"65","000","00","005","0539","0376","756","276","480","41","797","1265","0","63.0","21.82"
"65","000","00","005","0540","0000","1109","381","728","78","1187","1990","0","59.65","19.15"
"65","000","00","005","0540","0458","442","159","283","26","468","881","0","53.12","18.05"
"65","000","00","005","0540","0459","667","222","445","52","719","1109","0","64.83","20.02"
"65","000","00","005","0541","0000","2098","688","1410","98","2196","3833","0","57.29","17.95"
"65","000","00","005","0541","0537","727","230","497","20","747","1301","0","57.42","17.68"
"65","000","00","005","0541","0538","683","234","449","43","726","1262","0","57.53","18.54"
"65","000","00","005","0541","0539","688","224","464","35","723","1270","0","56.93","17.64"
"65","000","00","005","0542","0000","1260","404","856","75","1335","2442","0","54.67","16.54"
"65","000","00","005","0542","0369","656","219","437","43","699","1225","0","57.06","17.88"
"65","000","00","005","0542","0370","604","185","419","32","636","1217","0","52.26","15.2"
"65","000","00","005","0543","0000","4014","1465","2549","202","4216","7475","0","56.4","19.6"
"65","000","00","005","0543","0460","678","238","440","41","719","1291","0","55.69","18.44"
"65","000","00","005","0543","0461","685","259","426","20","705","1293","0","54.52","20.03"
"65","000","00","005","0543","0462","742","267","475","46","788","1336","0","58.98","19.99"
"65","000","00","005","0543","0463","705","232","473","40","745","1384","0","53.83","16.76"
"65","000","00","005","0543","0464","599","197","402","29","628","1231","0","51.02","16.0"
"65","000","00","005","0543","0465","605","272","333","26","631","940","0","67.13","28.94"
"65","000","00","005","0544","0000","2177","737","1440","146","2323","4010","0","57.93","18.38"
"65","000","00","005","0544","0531","731","233","498","38","769","1355","0","56.75","17.2"
"65","000","00","005","0544","0532","689","218","471","68","757","1306","0","57.96","16.69"
"65","000","00","005","0544","0533","757","286","471","40","797","1349","0","59.08","21.2"
"65","000","00","005","0545","0000","2414","820","1594","187","2601","4756","0","54.69","17.24"
"65","000","00","005","0545","0366","922","325","597","34","956","1586","0","60.28","20.49"
"65","000","00","005","0545","0367","763","256","507","62","825","1597","0","51.66","16.03"
"65","000","00","005","0545","0368","729","239","490","91","820","1573","0","52.13","15.19"
"65","000","00","005","0546","0000","2076","687","1389","211","2287","4025","0","56.82","17.07"
"65","000","00","005","0546","0466","687","237","450","78","765","1369","0","55.88","17.31"
"65","000","00","005","0546","0467","702","212","490","75","777","1384","0","56.14","15.32"
"65","000","00","005","0546","0468","687","238","449","58","745","1272","0","58.57","18.71"
"65","000","00","005","0547","0000","2026","761","1265","163","2189","3876","0","56.48","19.63"
"65","000","00","005","0547","0347","710","267","443","66","776","1272","0","61.01","20.99"
"65","000","00","005","0547","0348","590","218","372","31","621","1269","0","48.94","17.18"
"65","000","00","005","0547","0349","726","276","450","66","792","1335","0","59.33","20.67"
"65","000","00","005","0548","0000","4931","1643","3288","220","5151","9217","0","55.89","17.83"
"65","000","00","005","0548","0471","820","314","506","20","840","1528","0","54.97","20.55"
"65","000","00","005","0548","0472","637","183","454","41","678","1244","0","54.5","14.71"
"65","000","00","005","0548","0473","690","202","488","37","727","1356","0","53.61","14.9"
"65","000","00","005","0548","0474","589","169","420","19","608","1164","0","52.23","14.52"
"65","000","00","005","0548","0475","792","257","535","48","840","1423","0","59.03","18.06"
"65","000","00","005","0548","0476","746","278","468","31","777","1250","0","62.16","22.24"
"65","000","00","005","0548","0477","657","240","417","24","681","1252","0","54.39","19.17"
"65","000","00","005","0549","0000","1157","378","779","90","1247","2200","0","56.68","17.18"
"65","000","00","005","0549","0364","544","168","376","55","599","1071","0","55.93","15.69"
"65","000","00","005","0549","0365","613","210","403","35","648","1129","0","57.4","18.6"
"65","000","00","005","0550","0000","4313","1656","2657","207","4520","7788","0","58.04","21.26"
"65","000","00","005","0550","0480","901","351","550","56","957","1646","0","58.14","21.32"
"65","000","00","005","0550","0481","819","328","491","53","872","1551","0","56.22","21.15"
"65","000","00","005","0550","0482","884","317","567","35","919","1526","0","60.22","20.77"
"65","000","00","005","0550","0483","839","322","517","27","866","1518","0","57.05","21.21"
"65","000","00","005","0550","0484","870","338","532","36","906","1547","0","58.56","21.85"
"65","000","00","005","0551","0000","1414","484","930","101","1515","2542","0","59.6","19.04"
"65","000","00","005","0551","0377","693","227","466","65","758","1255","0","60.4","18.09"
"65","000","00","005","0551","0378","721","257","464","36","757","1287","0","58.82","19.97"
"65","000","00","005","0552","0000","1577","745","832","120","1697","4004","0","42.38","18.61"
"65","000","00","005","0552","0435","301","301","0","46","347","1584","0","21.91","19.0"
"65","000","00","005","0552","0436","837","292","545","32","869","1602","0","54.24","18.23"
"65","000","00","005","0552","0437","439","152","287","42","481","818","0","58.8","18.58"
"65","000","00","005","0553","0000","4940","1775","3165","238","5178","9369","0","55.27","18.95"
"65","000","00","005","0553","0429","801","301","500","35","836","1641","0","50.94","18.34"
"65","000","00","005","0553","0430","822","318","504","46","868","1633","0","53.15","19.47"
"65","000","00","005","0553","0431","848","292","556","25","873","1531","0","57.02","19.07"
"65","000","00","005","0553","0432","859","306","553","46","905","1517","0","59.66","20.17"
"65","000","00","005","0553","0433","756","253","503","51","807","1487","0","54.27","17.01"
"65","000","00","005","0553","0434","854","305","549","35","889","1560","0","56.99","19.55"
"65","000","00","005","0554","0000","4010","1384","2626","218","4228","7331","0","57.67","18.88"
"65","000","00","005","0554","0419","775","283","492","23","798","1475","0","54.1","19.19"
"65","000","00","005","0554","0420","763","251","512","61","824","1429","0","57.66","17.56"
"65","000","00","005","0554","0421","803","275","528","43","846","1481","0","57.12","18.57"
"65","000","00","005","0554","0422","825","266","559","64","889","1472","0","60.39","18.07"
"65","000","00","005","0554","0423","844","309","535","27","871","1474","0","59.09","20.96"
"65","000","00","005","0555","0000","1953","977","976","168","2121","4163","0","50.95","23.47"
"65","000","00","005","0555","0505","666","240","426","45","711","1388","0","51.22","17.29"
"65","000","00","005","0555","0506","635","508","127","77","712","1388","0","51.3","36.6"
"65","000","00","005","0555","0507","652","229","423","46","698","1387","0","50.32","16.51"
"65","000","00","005","0556","0000","1294","434","860","92","1386","2241","0","61.85","19.37"
"65","000","00","005","0556","0499","642","208","434","44","686","1130","0","60.71","18.41"
"65","000","00","005","0556","0500","652","226","426","48","700","1111","0","63.01","20.34"
"65","000","00","005","0557","0000","1675","607","1068","88","1763","3276","0","53.82","18.53"
"65","000","00","005","0557","0396","710","256","454","32","742","1567","0","47.35","16.34"
"65","000","00","005","0557","0397","965","351","614","56","1021","1709","0","59.74","20.54"
"65","000","00","005","0558","0000","1594","592","1002","94","1688","3244","0","52.03","18.25"
"65","000","00","005","0558","0398","805","284","521","39","844","1616","0","52.23","17.57"
"65","000","00","005","0558","0399","789","308","481","55","844","1628","0","51.84","18.92"
"65","000","00","005","0559","0000","2294","778","1516","129","2423","4258","0","56.9","18.27"
"65","000","00","005","0559","0440","785","271","514","45","830","1498","0","55.41","18.09"
"65","000","00","005","0559","0441","729","256","473","50","779","1379","0","56.49","18.56"
"65","000","00","005","0559","0442","780","251","529","34","814","1381","0","58.94","18.18"
"65","000","00","005","0560","0000","2616","899","1717","169","2785","4394","0","63.38","20.46"
"65","000","00","005","0560","0309","892","305","587","41","933","1486","0","62.79","20.52"
"65","000","00","005","0560","0310","898","310","588","65","963","1513","0","63.65","20.49"
"65","000","00","005","0560","0311","826","284","542","63","889","1395","0","63.73","20.36"
"65","000","00","005","0561","0000","1755","568","1187","174","1929","3322","0","58.07","17.1"
"65","000","00","005","0561","0360","943","322","621","93","1036","1696","0","61.08","18.99"
"65","000","00","005","0561","0361","812","246","566","81","893","1626","0","54.92","15.13"
"65","000","00","005","0562","0000","3148","1137","2011","176","3324","5442","0","61.08","20.89"
"65","000","00","005","0562","0409","812","281","531","58","870","1389","0","62.63","20.23"
"65","000","00","005","0562","0410","691","243","448","49","740","1272","0","58.18","19.1"
"65","000","00","005","0562","0411","837","311","526","34","871","1409","0","61.82","22.07"
"65","000","00","005","0562","0412","808","302","506","35","843","1372","0","61.44","22.01"
"65","000","00","005","0563","0000","1765","649","1116","79","1844","3243","0","56.86","20.01"
"65","000","00","005","0563","0358","864","296","568","34","898","1698","0","52.89","17.43"
"65","000","00","005","0563","0359","901","353","548","45","946","1545","0","61.23","22.85"
"65","000","00","005","0564","0000","3257","1174","2083","100","3357","5852","0","57.37","20.06"
"65","000","00","005","0564","0340","830","315","515","12","842","1493","0","56.4","21.1"
"65","000","00","005","0564","0341","830","280","550","48","878","1507","0","58.26","18.58"
"65","000","00","005","0564","0342","798","296","502","20","818","1456","0","56.18","20.33"
"65","000","00","005","0564","0343","799","283","516","20","819","1396","0","58.67","20.27"
"65","000","00","005","0565","0000","1706","557","1149","104","1810","3050","0","59.34","18.26"
"65","000","00","005","0565","0317","901","298","603","65","966","1534","0","62.97","19.43"
"65","000","00","005","0565","0318","805","259","546","39","844","1516","0","55.67","17.08"
"65","000","00","005","0566","0000","1770","600","1170","135","1905","3301","0","57.71","18.18"
"65","000","00","005","0566","0497","906","313","593","63","969","1689","0","57.37","18.53"
"65","000","00","005","0566","0498","864","287","577","72","936","1612","0","58.06","17.8"
"65","000","00","005","0567","0000","1185","381","804","113","1298","2105","0","61.66","18.1"
"65","000","00","005","0567","0489","557","174","383","66","623","1065","0","58.5","16.34"
"65","000","00","005","0567","0490","628","207","421","47","675","1040","0","64.9","19.9"
"65","000","00","005","0568","0000","1193","425","768","96","1289","2340","0","55.09","18.16"
"65","000","00","005","0568","0456","629","238","391","49","678","1298","0","52.23","18.34"
"65","000","00","005","0568","0457","564","187","377","47","611","1042","0","58.64","17.95"
"65","000","00","005","0569","0000","1596","588","1008","71","1667","2712","0","61.47","21.68"
"65","000","00","005","0569","0495","812","292","520","41","853","1362","0","62.63","21.44"
"65","000","00","005","0569","0496","784","296","488","30","814","1350","0","60.3","21.93"
"65","000","00","005","0570","0000","3170","1160","2010","150","3320","5880","0","56.46","19.73"
"65","000","00","005","0570","0512","811","312","499","55","866","1488","0","58.2","20.97"
"65","000","00","005","0570","0513","783","295","488","39","822","1444","0","56.93","20.43"
"65","000","00","005","0570","0514","800","273","527","29","829","1499","0","55.3","18.21"
"65","000","00","005","0570","0515","776","280","496","27","803","1449","0","55.42","19.32"
"65","000","00","005","0571","0000","2249","784","1465","185","2434","4371","0","55.69","17.94"
"65","000","00","005","0571","0520","758","246","512","64","822","1457","0","56.42","16.88"
"65","000","00","005","0571","0521","770","274","496","58","828","1502","0","55.13","18.24"
"65","000","00","005","0571","0522","721","264","457","63","784","1412","0","55.52","18.7"
"65","000","00","005","0572","0000","2881","1008","1873","169","3050","5129","0","59.47","19.65"
"65","000","00","005","0572","0336","725","233","492","43","768","1276","0","60.19","18.26"
"65","000","00","005","0572","0337","694","267","427","34","728","1303","0","55.87","20.49"
"65","000","00","005","0572","0338","718","241","477","55","773","1259","0","61.4","19.14"
"65","000","00","005","0572","0339","744","267","477","37","781","1291","0","60.5","20.68"
"65","000","00","005","0573","0000","1765","666","1099","71","1836","3209","0","57.21","20.75"
"65","000","00","005","0573","0356","838","321","517","31","869","1538","0","56.5","20.87"
"65","000","00","005","0573","0357","927","345","582","40","967","1671","0","57.87","20.65"
"65","000","00","005","0574","0000","2251","833","1418","137","2388","3841","0","62.17","21.69"
"65","000","00","005","0574","0350","754","294","460","38","792","1300","0","60.92","22.62"
"65","000","00","005","0574","0351","720","263","457","53","773","1286","0","60.11","20.45"
"65","000","00","005","0574","0352","777","276","501","46","823","1255","0","65.58","21.99"
"65","000","00","005","0575","0000","4166","1739","2427","131","4297","7288","0","58.96","23.86"
"65","000","00","005","0575","0424","848","321","527","21","869","1462","0","59.44","21.96"
"65","000","00","005","0575","0425","861","533","328","18","879","1484","0","59.23","35.92"
"65","000","00","005","0575","0426","813","280","533","30","843","1461","0","57.7","19.16"
"65","000","00","005","0575","0427","822","315","507","28","850","1444","0","58.86","21.81"
"65","000","00","005","0575","0428","822","290","532","34","856","1437","0","59.57","20.18"
"65","000","00","005","0576","0000","5319","1930","3389","269","5588","9313","0","60.0","20.72"
"65","000","00","005","0576","0403","867","315","552","86","953","1495","0","63.75","21.07"
"65","000","00","005","0576","0404","848","295","553","61","909","1486","0","61.17","19.85"
"65","000","00","005","0576","0405","891","336","555","38","929","1483","0","62.64","22.66"
"65","000","00","005","0576","0406","808","276","532","29","837","1553","0","53.9","17.77"
"65","000","00","005","0576","0407","983","365","618","23","1006","1625","0","61.91","22.46"
"65","000","00","005","0576","0408","922","343","579","32","954","1671","0","57.09","20.53"
"65","000","00","005","0577","0000","1211","432","779","73","1284","2159","0","59.47","20.01"
"65","000","00","005","0577","0450","581","208","373","38","619","1063","0","58.23","19.57"
"65","000","00","005","0577","0451","630","224","406","35","665","1096","0","60.68","20.44"
"65","000","00","005","0578","0000","1661","602","1059","69","1730","3402","0","50.85","17.7"
"65","000","00","005","0578","0493","838","309","529","40","878","1704","0","51.53","18.13"
"65","000","00","005","0578","0494","823","293","530","29","852","1698","0","50.18","17.26"
"65","000","00","005","0579","0000","1070","361","709","58","1128","1981","0","56.94","18.22"
"65","000","00","005","0579","0478","539","179","360","21","560","1022","0","54.79","17.51"
"65","000","00","005","0579","0479","531","182","349","37","568","959","0","59.23","18.98"
"65","000","00","005","0580","0000","1188","553","635","76","1264","2131","0","59.31","25.95"
"65","000","00","005","0580","0469","604","195","409","36","640","1073","0","59.65","18.17"
"65","000","00","005","0580","0470","584","358","226","40","624","1058","0","58.98","33.84"
"65","000","00","005","0581","0000","1722","625","1097","109","1831","3288","0","55.69","19.01"
"65","000","00","005","0581","0516","871","312","559","55","926","1640","0","56.46","19.02"
"65","000","00","005","0581","0517","851","313","538","54","905","1648","0","54.92","18.99"
"65","000","00","005","0582","0000","1917","754","1163","136","2053","3509","0","58.51","21.49"
"65","000","00","005","0582","0527","964","422","542","62","1026","1748","0","58.7","24.14"
"65","000","00","005","0582","0528","953","332","621","74","1027","1761","0","58.32","18.85"
"65","000","00","005","0583","0000","2136","709","1427","115","2251","3784","0","59.49","18.74"
"65","000","00","005","0583","0534","695","248","447","31","726","1265","0","57.39","19.6"
"65","000","00","005","0583","0535","736","244","492","43","779","1282","0","60.76","19.03"
"65","000","00","005","0583","0536","705","217","488","41","746","1237","0","60.31","17.54"
"65","000","00","005","0584","0000","1299","460","839","117","1416","2465","0","57.44","18.66"
"65","000","00","005","0584","0540","674","253","421","58","732","1245","0","58.8","20.32"
"65","000","00","005","0584","0541","625","207","418","59","684","1220","0","56.07","16.97"
"65","000","00","006","0000","0000","143125","47379","95746","6697","149822","264053","302055","56.74","17.94"
"65","000","00","006","0601","0000","1638","553","1085","126","1764","3019","0","58.43","18.32"
"65","000","00","006","0601","2049","860","307","553","56","916","1552","0","59.02","19.78"
"65","000","00","006","0601","2050","778","246","532","70","848","1467","0","57.81","16.77"
"65","000","00","006","0602","0000","2066","906","1160","92","2158","3593","0","60.06","25.22"
"65","000","00","006","0602","2051","767","252","515","35","802","1371","0","58.5","18.38"
"65","000","00","006","0602","2052","574","183","391","26","600","991","0","60.54","18.47"
"65","000","00","006","0602","2053","725","471","254","31","756","1231","0","61.41","38.26"
"65","000","00","006","0603","0000","1911","655","1256","77","1988","3408","0","58.33","19.22"
"65","000","00","006","0603","2054","963","331","632","32","995","1701","0","58.5","19.46"
"65","000","00","006","0603","2055","948","324","624","45","993","1707","0","58.17","18.98"
"65","000","00","006","0604","0000","1918","759","1159","73","1991","3639","0","54.71","20.86"
"65","000","00","006","0604","2056","969","335","634","36","1005","1773","0","56.68","18.89"
"65","000","00","006","0604","2057","949","424","525","37","986","1866","0","52.84","22.72"
"65","000","00","006","0605","0000","2903","1005","1898","118","3021","4958","0","60.93","20.27"
"65","000","00","006","0605","2058","1007","355","652","27","1034","1735","0","59.6","20.46"
"65","000","00","006","0605","2059","1001","350","651","41","1042","1632","0","63.85","21.45"
"65","000","00","006","0605","2060","895","300","595","50","945","1591","0","59.4","18.86"
"65","000","00","006","0606","0000","2759","915","1844","128","2887","4790","0","60.27","19.1"
"65","000","00","006","0606","2063","687","230","457","49","736","1260","0","58.41","18.25"
"65","000","00","006","0606","2064","1127","364","763","38","1165","1948","0","59.8","18.69"
"65","000","00","006","0606","2065","945","321","624","41","986","1582","0","62.33","20.29"
"65","000","00","006","0607","0000","2782","940","1842","98","2880","5031","0","57.25","18.68"
"65","000","00","006","0607","2070","960","320","640","24","984","1735","0","56.71","18.44"
"65","000","00","006","0607","2071","937","305","632","33","970","1716","0","56.53","17.77"
"65","000","00","006","0607","2072","885","315","570","41","926","1580","0","58.61","19.94"
"65","000","00","006","0608","0000","3432","1211","2221","145","3577","5947","0","60.15","20.36"
"65","000","00","006","0608","2073","821","305","516","28","849","1358","0","62.52","22.46"
"65","000","00","006","0608","2074","948","332","616","54","1002","1610","0","62.24","20.62"
"65","000","00","006","0608","2075","748","262","486","29","777","1383","0","56.18","18.94"
"65","000","00","006","0608","2076","915","312","603","34","949","1596","0","59.46","19.55"
"65","000","00","006","0609","0000","1292","379","913","53","1345","2520","0","53.37","15.04"
"65","000","00","006","0609","2077","690","219","471","39","729","1360","0","53.6","16.1"
"65","000","00","006","0609","2078","602","160","442","14","616","1160","0","53.1","13.79"
"65","000","00","006","0610","0000","1562","443","1119","53","1615","2470","0","65.38","17.94"
"65","000","00","006","0610","2079","784","200","584","34","818","1236","0","66.18","16.18"
"65","000","00","006","0610","2080","778","243","535","19","797","1234","0","64.59","19.69"
"65","000","00","006","0611","0000","1502","494","1008","124","1626","2820","0","57.66","17.52"
"65","000","00","006","0611","2081","837","291","546","78","915","1579","0","57.95","18.43"
"65","000","00","006","0611","2082","665","203","462","46","711","1241","0","57.29","16.36"
"65","000","00","006","0612","0000","723","222","501","70","793","1578","0","50.25","14.07"
"65","000","00","006","0612","2085","723","222","501","70","793","1578","0","50.25","14.07"
"65","000","00","006","0613","0000","1463","520","943","104","1567","2917","0","53.72","17.83"
"65","000","00","006","0613","2086","754","296","458","42","796","1442","0","55.2","20.53"
"65","000","00","006","0613","2087","709","224","485","62","771","1475","0","52.27","15.19"
"65","000","00","006","0614","0000","4261","1422","2839","206","4467","7921","0","56.39","17.95"
"65","000","00","006","0614","2088","882","295","587","48","930","1580","0","58.86","18.67"
"65","000","00","006","0614","2089","858","268","590","25","883","1585","0","55.71","16.91"
"65","000","00","006","0614","2090","837","287","550","57","894","1586","0","56.37","18.1"
"65","000","00","006","0614","2091","1024","361","663","53","1077","1931","0","55.77","18.69"
"65","000","00","006","0614","2092","660","211","449","23","683","1239","0","55.13","17.03"
"65","000","00","006","0615","0000","2422","753","1669","126","2548","4617","0","55.19","16.31"
"65","000","00","006","0615","2097","978","324","654","36","1014","1885","0","53.79","17.19"
"65","000","00","006","0615","2098","686","202","484","48","734","1345","0","54.57","15.02"
"65","000","00","006","0615","2099","758","227","531","42","800","1387","0","57.68","16.37"
"65","000","00","006","0616","0000","5517","1804","3713","282","5799","10556","0","54.94","17.09"
"65","000","00","006","0616","2105","930","310","620","62","992","1835","0","54.06","16.89"
"65","000","00","006","0616","2106","1026","353","673","58","1084","2009","0","53.96","17.57"
"65","000","00","006","0616","2107","765","224","541","47","812","1450","0","56.0","15.45"
"65","000","00","006","0616","2108","924","315","609","37","961","1726","0","55.68","18.25"
"65","000","00","006","0616","2109","928","309","619","47","975","1797","0","54.26","17.2"
"65","000","00","006","0616","2110","944","293","651","31","975","1739","0","56.07","16.85"
"65","000","00","006","0617","0000","2808","963","1845","107","2915","5599","0","52.06","17.2"
"65","000","00","006","0617","2114","837","274","563","22","859","1662","0","51.68","16.49"
"65","000","00","006","0617","2115","1137","396","741","46","1183","2067","0","57.23","19.16"
"65","000","00","006","0617","2116","834","293","541","39","873","1870","0","46.68","15.67"
"65","000","00","006","0618","0000","2768","934","1834","115","2883","5222","0","55.21","17.89"
"65","000","00","006","0618","2123","505","158","347","39","544","1079","0","50.42","14.64"
"65","000","00","006","0618","2124","598","187","411","22","620","1140","0","54.39","16.4"
"65","000","00","006","0618","2125","983","335","648","20","1003","1825","0","54.96","18.36"
"65","000","00","006","0618","2126","682","254","428","34","716","1178","0","60.78","21.56"
"65","000","00","006","0619","0000","2450","715","1735","153","2603","5277","0","49.33","13.55"
"65","000","00","006","0619","2133","901","274","627","63","964","1992","0","48.39","13.76"
"65","000","00","006","0619","2134","775","264","511","51","826","1668","0","49.52","15.83"
"65","000","00","006","0619","2135","774","177","597","39","813","1617","0","50.28","10.95"
"65","000","00","006","0620","0000","2850","963","1887","197","3047","5428","0","56.13","17.74"
"65","000","00","006","0620","2136","959","320","639","119","1078","2013","0","53.55","15.9"
"65","000","00","006","0620","2137","1001","345","656","40","1041","1791","0","58.12","19.26"
"65","000","00","006","0620","2138","890","298","592","38","928","1624","0","57.14","18.35"
"65","000","00","006","0621","0000","424","114","310","31","455","939","0","48.46","12.14"
"65","000","00","006","0621","2142","424","114","310","31","455","939","0","48.46","12.14"
"65","000","00","006","0622","0000","2608","863","1745","119","2727","4725","0","57.71","18.26"
"65","000","00","006","0622","2148","1037","360","677","42","1079","1860","0","58.01","19.35"
"65","000","00","006","0622","2149","868","279","589","42","910","1743","0","52.21","16.01"
"65","000","00","006","0622","2150","703","224","479","35","738","1122","0","65.78","19.96"
"65","000","00","006","0623","0000","2421","769","1652","101","2522","4575","0","55.13","16.81"
"65","000","00","006","0623","2151","773","199","574","43","816","1468","0","55.59","13.56"
"65","000","00","006","0623","2152","942","327","615","32","974","1763","0","55.25","18.55"
"65","000","00","006","0623","2153","706","243","463","26","732","1344","0","54.46","18.08"
"65","000","00","006","0624","0000","375","93","282","32","407","753","0","54.05","12.35"
"65","000","00","006","0624","2154","375","93","282","32","407","753","0","54.05","12.35"
"65","000","00","006","0625","0000","1453","592","861","59","1512","2839","0","53.26","20.85"
"65","000","00","006","0625","2155","326","130","196","11","337","602","0","55.98","21.59"
"65","000","00","006","0625","2156","1127","462","665","48","1175","2237","0","52.53","20.65"
"65","000","00","006","0626","0000","1078","373","705","69","1147","2239","0","51.23","16.66"
"65","000","00","006","0626","2157","575","192","383","34","609","1096","0","55.57","17.52"
"65","000","00","006","0626","2158","503","181","322","35","538","1143","0","47.07","15.84"
"65","000","00","006","0627","0000","856","263","593","71","927","1569","0","59.08","16.76"
"65","000","00","006","0627","2159","856","263","593","71","927","1569","0","59.08","16.76"
"65","000","00","006","0628","0000","643","176","467","62","705","1284","0","54.91","13.71"
"65","000","00","006","0628","2160","643","176","467","62","705","1284","0","54.91","13.71"
"65","000","00","006","0629","0000","549","210","339","44","593","1189","0","49.87","17.66"
"65","000","00","006","0629","2161","143","55","88","13","156","439","0","35.54","12.53"
"65","000","00","006","0629","2162","406","155","251","31","437","750","0","58.27","20.67"
"65","000","00","006","0630","0000","2481","827","1654","124","2605","4840","0","53.82","17.09"
"65","000","00","006","0630","2145","917","320","597","41","958","1838","0","52.12","17.41"
"65","000","00","006","0630","2146","777","262","515","39","816","1453","0","56.16","18.03"
"65","000","00","006","0630","2147","787","245","542","44","831","1549","0","53.65","15.82"
"65","000","00","006","0631","0000","860","307","553","40","900","1603","0","56.14","19.15"
"65","000","00","006","0631","1987","860","307","553","40","900","1603","0","56.14","19.15"
"65","000","00","006","0632","0000","1041","366","675","45","1086","1921","0","56.53","19.05"
"65","000","00","006","0632","1988","1041","366","675","45","1086","1921","0","56.53","19.05"
"65","000","00","006","0633","0000","1260","418","842","55","1315","2317","0","56.75","18.04"
"65","000","00","006","0633","1989","577","191","386","19","596","1082","0","55.08","17.65"
"65","000","00","006","0633","1990","683","227","456","36","719","1235","0","58.22","18.38"
"65","000","00","006","0634","0000","895","269","626","23","918","1568","0","58.55","17.16"
"65","000","00","006","0634","1991","895","269","626","23","918","1568","0","58.55","17.16"
"65","000","00","006","0635","0000","437","166","271","29","466","771","0","60.44","21.53"
"65","000","00","006","0635","1992","437","166","271","29","466","771","0","60.44","21.53"
"65","000","00","006","0636","0000","1252","463","789","70","1322","2264","0","58.39","20.45"
"65","000","00","006","0636","1993","688","271","417","30","718","1256","0","57.17","21.58"
"65","000","00","006","0636","1994","564","192","372","40","604","1008","0","59.92","19.05"
"65","000","00","006","0637","0000","2699","861","1838","118","2817","4701","0","59.92","18.32"
"65","000","00","006","0637","1995","855","271","584","42","897","1515","0","59.21","17.89"
"65","000","00","006","0637","1996","977","288","689","39","1016","1637","0","62.06","17.59"
"65","000","00","006","0637","1997","867","302","565","37","904","1549","0","58.36","19.5"
"65","000","00","006","0638","0000","3002","1011","1991","149","3151","5335","0","59.06","18.95"
"65","000","00","006","0638","1998","1204","399","805","49","1253","2011","0","62.31","19.84"
"65","000","00","006","0638","1999","858","270","588","50","908","1554","0","58.43","17.37"
"65","000","00","006","0638","2000","940","342","598","50","990","1770","0","55.93","19.32"
"65","000","00","006","0639","0000","1341","430","911","87","1428","2442","0","58.48","17.61"
"65","000","00","006","0639","2001","740","248","492","42","782","1316","0","59.42","18.84"
"65","000","00","006","0639","2002","601","182","419","45","646","1126","0","57.37","16.16"
"65","000","00","006","0640","0000","4413","1480","2933","211","4624","7834","0","59.02","18.89"
"65","000","00","006","0640","2003","754","257","497","47","801","1460","0","54.86","17.6"
"65","000","00","006","0640","2004","896","309","587","52","948","1584","0","59.85","19.51"
"65","000","00","006","0640","2005","789","277","512","44","833","1449","0","57.49","19.12"
"65","000","00","006","0640","2006","937","292","645","33","970","1520","0","63.82","19.21"
"65","000","00","006","0640","2007","1037","345","692","35","1072","1821","0","58.87","18.95"
"65","000","00","006","0641","0000","3800","1343","2457","125","3925","6728","0","58.34","19.96"
"65","000","00","006","0641","2008","1095","414","681","29","1124","1956","0","57.46","21.17"
"65","000","00","006","0641","2009","939","312","627","41","980","1665","0","58.86","18.74"
"65","000","00","006","0641","2010","936","320","616","33","969","1588","0","61.02","20.15"
"65","000","00","006","0641","2011","830","297","533","22","852","1519","0","56.09","19.55"
"65","000","00","006","0642","0000","2266","760","1506","118","2384","5969","0","39.94","12.73"
"65","000","00","006","0642","2014","643","200","443","46","689","1106","0","62.3","18.08"
"65","000","00","006","0642","2015","393","147","246","17","410","2700","0","15.19","5.44"
"65","000","00","006","0642","2016","590","186","404","18","608","995","0","61.11","18.69"
"65","000","00","006","0642","2017","640","227","413","37","677","1168","0","57.96","19.43"
"65","000","00","006","0643","0000","1409","464","945","61","1470","2208","0","66.58","21.01"
"65","000","00","006","0643","2018","723","232","491","40","763","1123","0","67.94","20.66"
"65","000","00","006","0643","2019","686","232","454","21","707","1085","0","65.16","21.38"
"65","000","00","006","0644","0000","3221","809","2412","151","3372","5645","0","59.73","14.33"
"65","000","00","006","0644","2020","847","290","557","40","887","1412","0","62.82","20.54"
"65","000","00","006","0644","2021","933","80","853","44","977","1659","0","58.89","4.82"
"65","000","00","006","0644","2022","724","232","492","39","763","1198","0","63.69","19.37"
"65","000","00","006","0644","2023","717","207","510","28","745","1376","0","54.14","15.04"
"65","000","00","006","0645","0000","2126","649","1477","77","2203","3926","0","56.11","16.53"
"65","000","00","006","0645","2024","698","211","487","22","720","1300","0","55.38","16.23"
"65","000","00","006","0645","2025","693","200","493","32","725","1238","0","58.56","16.16"
"65","000","00","006","0645","2026","735","238","497","23","758","1388","0","54.61","17.15"
"65","000","00","006","0646","0000","1112","364","748","60","1172","1841","0","63.66","19.77"
"65","000","00","006","0646","2027","558","194","364","34","592","933","0","63.45","20.79"
"65","000","00","006","0646","2028","554","170","384","26","580","908","0","63.88","18.72"
"65","000","00","006","0647","0000","2037","668","1369","116","2153","3508","0","61.37","19.04"
"65","000","00","006","0647","2031","564","185","379","39","603","971","0","62.1","19.05"
"65","000","00","006","0647","2032","675","217","458","37","712","1145","0","62.18","18.95"
"65","000","00","006","0647","2033","798","266","532","40","838","1392","0","60.2","19.11"
"65","000","00","006","0648","0000","1666","500","1166","89","1755","2892","0","60.68","17.29"
"65","000","00","006","0648","2034","865","247","618","53","918","1452","0","63.22","17.01"
"65","000","00","006","0648","2035","801","253","548","36","837","1440","0","58.13","17.57"
"65","000","00","006","0649","0000","1985","662","1323","107","2092","3611","0","57.93","18.33"
"65","000","00","006","0649","2036","958","330","628","63","1021","1786","0","57.17","18.48"
"65","000","00","006","0649","2037","1027","332","695","44","1071","1825","0","58.68","18.19"
"65","000","00","006","0650","0000","1853","627","1226","72","1925","3227","0","59.65","19.43"
"65","000","00","006","0650","2038","867","280","587","27","894","1477","0","60.53","18.96"
"65","000","00","006","0650","2039","986","347","639","45","1031","1750","0","58.91","19.83"
"65","000","00","006","0651","0000","2067","616","1451","77","2144","3771","0","56.85","16.34"
"65","000","00","006","0651","2040","978","284","694","41","1019","1792","0","56.86","15.85"
"65","000","00","006","0651","2041","1089","332","757","36","1125","1979","0","56.85","16.78"
"65","000","00","006","0652","0000","2446","784","1662","70","2516","4133","0","60.88","18.97"
"65","000","00","006","0652","2042","490","165","325","16","506","826","0","61.26","19.98"
"65","000","00","006","0652","2043","1103","332","771","35","1138","1924","0","59.15","17.26"
"65","000","00","006","0652","2044","853","287","566","19","872","1383","0","63.05","20.75"
"65","000","00","006","0653","0000","399","137","262","32","431","830","0","51.93","16.51"
"65","000","00","006","0653","2045","399","137","262","32","431","830","0","51.93","16.51"
"65","000","00","006","0654","0000","3043","997","2046","94","3137","5197","0","60.36","19.18"
"65","000","00","006","0654","2046","1038","335","703","32","1070","1759","0","60.83","19.04"
"65","000","00","006","0654","2047","1125","351","774","40","1165","1957","0","59.53","17.94"
"65","000","00","006","0654","2048","880","311","569","22","902","1481","0","60.9","21.0"
"65","000","00","006","0655","0000","1860","597","1263","59","1919","3135","0","61.21","19.04"
"65","000","00","006","0655","2119","1002","305","697","32","1034","1712","0","60.4","17.82"
"65","000","00","006","0655","2120","858","292","566","27","885","1423","0","62.19","20.52"
"65","000","00","006","0656","0000","3486","1116","2370","152","3638","6684","0","54.43","16.7"
"65","000","00","006","0656","2093","1012","328","684","36","1048","1892","0","55.39","17.34"
"65","000","00","006","0656","2094","764","226","538","45","809","1529","0","52.91","14.78"
"65","000","00","006","0656","2095","754","221","533","35","789","1358","0","58.1","16.27"
"65","000","00","006","0656","2096","956","341","615","36","992","1905","0","52.07","17.9"
"65","000","00","006","0657","0000","2446","797","1649","88","2534","4334","0","58.47","18.39"
"65","000","00","006","0657","2139","682","201","481","34","716","1178","0","60.78","17.06"
"65","000","00","006","0657","2140","731","226","505","24","755","1277","0","59.12","17.7"
"65","000","00","006","0657","2141","1033","370","663","30","1063","1879","0","56.57","19.69"
"65","000","00","006","0658","0000","3565","1220","2345","157","3722","6377","0","58.37","19.13"
"65","000","00","006","0658","2066","730","241","489","35","765","1315","0","58.17","18.33"
"65","000","00","006","0658","2067","822","307","515","48","870","1562","0","55.7","19.65"
"65","000","00","006","0658","2068","1160","379","781","24","1184","1982","0","59.74","19.12"
"65","000","00","006","0658","2069","853","293","560","50","903","1518","0","59.49","19.3"
"65","000","00","006","0659","0000","2002","651","1351","102","2104","3435","0","61.25","18.95"
"65","000","00","006","0659","2121","947","319","628","59","1006","1666","0","60.38","19.15"
"65","000","00","006","0659","2122","1055","332","723","43","1098","1769","0","62.07","18.77"
"65","000","00","006","0660","0000","4725","1475","3250","162","4887","9469","0","51.61","15.58"
"65","000","00","006","0660","2127","767","271","496","33","800","1463","0","54.68","18.52"
"65","000","00","006","0660","2128","640","209","431","23","663","1152","0","57.55","18.14"
"65","000","00","006","0660","2129","903","189","714","34","937","2008","0","46.66","9.41"
"65","000","00","006","0660","2130","932","318","614","33","965","2120","0","45.52","15.0"
"65","000","00","006","0660","2131","677","230","447","16","693","1153","0","60.1","19.95"
"65","000","00","006","0660","2132","806","258","548","23","829","1573","0","52.7","16.4"
"65","000","00","006","0661","0000","1610","510","1100","83","1693","2829","0","59.84","18.03"
"65","000","00","006","0661","2029","866","266","600","47","913","1582","0","57.71","16.81"
"65","000","00","006","0661","2030","744","244","500","36","780","1247","0","62.55","19.57"
"65","000","00","006","0662","0000","1530","477","1053","78","1608","3006","0","53.49","15.87"
"65","000","00","006","0662","2061","759","242","517","59","818","1495","0","54.72","16.19"
"65","000","00","006","0662","2062","771","235","536","19","790","1511","0","52.28","15.55"
"65","000","00","006","0663","0000","1320","397","923","49","1369","2489","0","55.0","15.95"
"65","000","00","006","0663","2083","702","220","482","21","723","1275","0","56.71","17.25"
"65","000","00","006","0663","2084","618","177","441","28","646","1214","0","53.21","14.58"
"65","000","00","006","0664","0000","2617","854","1763","70","2687","4809","0","55.87","17.76"
"65","000","00","006","0664","2111","831","245","586","26","857","1523","0","56.27","16.09"
"65","000","00","006","0664","2112","867","280","587","25","892","1642","0","54.32","17.05"
"65","000","00","006","0664","2113","919","329","590","19","938","1644","0","57.06","20.01"
"65","000","00","006","0665","0000","1396","552","844","52","1448","2280","0","63.51","24.21"
"65","000","00","006","0665","2012","715","289","426","31","746","1185","0","62.95","24.39"
"65","000","00","006","0665","2013","681","263","418","21","702","1095","0","64.11","24.02"
"65","000","00","006","0666","0000","2005","700","1305","107","2112","3797","0","55.62","18.44"
"65","000","00","006","0666","2100","1048","361","687","33","1081","1960","0","55.15","18.42"
"65","000","00","006","0666","2101","957","339","618","74","1031","1837","0","56.12","18.45"
"65","000","00","006","0667","0000","2811","951","1860","115","2926","4983","0","58.72","19.08"
"65","000","00","006","0667","2102","919","321","598","33","952","1662","0","57.28","19.31"
"65","000","00","006","0667","2103","948","330","618","48","996","1617","0","61.6","20.41"
"65","000","00","006","0667","2104","944","300","644","34","978","1704","0","57.39","17.61"
"65","000","00","006","0668","0000","1887","651","1236","78","1965","3528","0","55.7","18.45"
"65","000","00","006","0668","2117","1042","371","671","37","1079","1982","0","54.44","18.72"
"65","000","00","006","0668","2118","845","280","565","41","886","1546","0","57.31","18.11"
"65","000","00","006","0669","0000","1320","444","876","110","1430","2394","0","59.73","18.55"
"65","000","00","006","0669","2143","527","196","331","20","547","960","0","56.98","20.42"
"65","000","00","006","0669","2144","793","248","545","90","883","1434","0","61.58","17.29"
"65","000","00","007","0000","0000","79673","27613","52060","4595","84268","152102","183780","55.4","18.15"
"65","000","00","007","0701","0000","1676","619","1057","130","1806","3613","0","49.99","17.13"
"65","000","00","007","0701","1620","816","295","521","77","893","1897","0","47.07","15.55"
"65","000","00","007","0701","1621","860","324","536","53","913","1716","0","53.21","18.88"
"65","000","00","007","0702","0000","1897","576","1321","120","2017","3470","0","58.13","16.6"
"65","000","00","007","0702","1617","628","183","445","45","673","1211","0","55.57","15.11"
"65","000","00","007","0702","1618","620","206","414","41","661","1125","0","58.76","18.31"
"65","000","00","007","0702","1619","649","187","462","34","683","1134","0","60.23","16.49"
"65","000","00","007","0703","0000","2080","707","1373","125","2205","4252","0","51.86","16.63"
"65","000","00","007","0703","1614","691","240","451","50","741","1408","0","52.63","17.05"
"65","000","00","007","0703","1615","679","228","451","26","705","1310","0","53.82","17.4"
"65","000","00","007","0703","1616","710","239","471","49","759","1534","0","49.48","15.58"
"65","000","00","007","0704","0000","1685","566","1119","98","1783","3296","0","54.1","17.17"
"65","000","00","007","0704","1643","606","190","416","45","651","1116","0","58.33","17.03"
"65","000","00","007","0704","1644","533","186","347","32","565","1077","0","52.46","17.27"
"65","000","00","007","0704","1645","546","190","356","21","567","1103","0","51.41","17.23"
"65","000","00","007","0705","0000","2955","1062","1893","138","3093","5619","0","55.05","18.9"
"65","000","00","007","0705","1639","776","283","493","30","806","1483","0","54.35","19.08"
"65","000","00","007","0705","1640","800","277","523","30","830","1524","0","54.46","18.18"
"65","000","00","007","0705","1641","763","290","473","38","801","1431","0","55.97","20.27"
"65","000","00","007","0705","1642","616","212","404","40","656","1181","0","55.55","17.95"
"65","000","00","007","0706","0000","1923","666","1257","144","2067","4297","0","48.1","15.5"
"65","000","00","007","0706","1633","656","229","427","54","710","1927","0","36.84","11.88"
"65","000","00","007","0706","1634","479","161","318","44","523","914","0","57.22","17.61"
"65","000","00","007","0706","1635","788","276","512","46","834","1456","0","57.28","18.96"
"65","000","00","007","0707","0000","2223","830","1393","114","2337","4468","0","52.31","18.58"
"65","000","00","007","0707","1624","772","289","483","37","809","1542","0","52.46","18.74"
"65","000","00","007","0707","1625","759","271","488","54","813","1470","0","55.31","18.44"
"65","000","00","007","0707","1626","692","270","422","23","715","1456","0","49.11","18.54"
"65","000","00","007","0708","0000","1746","562","1184","120","1866","3218","0","57.99","17.46"
"65","000","00","007","0708","1652","475","142","333","26","501","870","0","57.59","16.32"
"65","000","00","007","0708","1653","766","246","520","53","819","1338","0","61.21","18.39"
"65","000","00","007","0708","1654","505","174","331","41","546","1010","0","54.06","17.23"
"65","000","00","007","0709","0000","2502","931","1571","151","2653","4558","0","58.21","20.43"
"65","000","00","007","0709","1657","819","304","515","62","881","1405","0","62.7","21.64"
"65","000","00","007","0709","1658","832","292","540","55","887","1587","0","55.89","18.4"
"65","000","00","007","0709","1659","851","335","516","34","885","1566","0","56.51","21.39"
"65","000","00","007","0710","0000","2108","751","1357","131","2239","3749","0","59.72","20.03"
"65","000","00","007","0710","1667","721","262","459","58","779","1268","0","61.44","20.66"
"65","000","00","007","0710","1668","714","244","470","31","745","1281","0","58.16","19.05"
"65","000","00","007","0710","1669","673","245","428","42","715","1200","0","59.58","20.42"
"65","000","00","007","0711","0000","1621","498","1123","75","1696","2979","0","56.93","16.72"
"65","000","00","007","0711","1663","935","281","654","36","971","1701","0","57.08","16.52"
"65","000","00","007","0711","1664","686","217","469","39","725","1278","0","56.73","16.98"
"65","000","00","007","0712","0000","751","238","513","41","792","1491","0","53.12","15.96"
"65","000","00","007","0712","1670","751","238","513","41","792","1491","0","53.12","15.96"
"65","000","00","007","0713","0000","562","186","376","22","584","1066","0","54.78","17.45"
"65","000","00","007","0713","1671","562","186","376","22","584","1066","0","54.78","17.45"
"65","000","00","007","0714","0000","1667","565","1102","65","1732","3132","0","55.3","18.04"
"65","000","00","007","0714","1686","836","271","565","35","871","1566","0","55.62","17.31"
"65","000","00","007","0714","1687","831","294","537","30","861","1566","0","54.98","18.77"
"65","000","00","007","0715","0000","1816","683","1133","119","1935","3427","0","56.46","19.93"
"65","000","00","007","0715","1676","657","205","452","31","688","1144","0","60.14","17.92"
"65","000","00","007","0715","1677","540","252","288","30","570","1059","0","53.82","23.8"
"65","000","00","007","0715","1678","619","226","393","58","677","1224","0","55.31","18.46"
"65","000","00","007","0716","0000","2265","767","1498","128","2393","4452","0","53.75","17.23"
"65","000","00","007","0716","1683","783","251","532","53","836","1514","0","55.22","16.58"
"65","000","00","007","0716","1684","754","249","505","27","781","1546","0","50.52","16.11"
"65","000","00","007","0716","1685","728","267","461","48","776","1392","0","55.75","19.18"
"65","000","00","007","0717","0000","2284","754","1530","150","2434","4572","0","53.24","16.49"
"65","000","00","007","0717","1673","833","270","563","45","878","1616","0","54.33","16.71"
"65","000","00","007","0717","1674","702","246","456","57","759","1589","0","47.77","15.48"
"65","000","00","007","0717","1675","749","238","511","48","797","1367","0","58.3","17.41"
"65","000","00","007","0718","0000","1447","505","942","114","1561","2883","0","54.14","17.52"
"65","000","00","007","0718","1699","809","299","510","46","855","1606","0","53.24","18.62"
"65","000","00","007","0718","1700","638","206","432","68","706","1277","0","55.29","16.13"
"65","000","00","007","0719","0000","2713","878","1835","179","2892","5231","0","55.29","16.78"
"65","000","00","007","0719","1695","646","215","431","55","701","1247","0","56.21","17.24"
"65","000","00","007","0719","1696","694","219","475","61","755","1390","0","54.32","15.76"
"65","000","00","007","0719","1697","709","227","482","37","746","1293","0","57.7","17.56"
"65","000","00","007","0719","1698","664","217","447","26","690","1301","0","53.04","16.68"
"65","000","00","007","0720","0000","2364","833","1531","144","2508","4264","0","58.82","19.54"
"65","000","00","007","0720","1692","921","320","601","71","992","1661","0","59.72","19.27"
"65","000","00","007","0720","1693","865","323","542","36","901","1585","0","56.85","20.38"
"65","000","00","007","0720","1694","578","190","388","37","615","1018","0","60.41","18.66"
"65","000","00","007","0721","0000","739","242","497","27","766","1683","0","45.51","14.38"
"65","000","00","007","0721","1708","739","242","497","27","766","1683","0","45.51","14.38"
"65","000","00","007","0722","0000","701","256","445","39","740","1565","0","47.28","16.36"
"65","000","00","007","0722","1722","701","256","445","39","740","1565","0","47.28","16.36"
"65","000","00","007","0723","0000","852","280","572","70","922","1638","0","56.29","17.09"
"65","000","00","007","0723","1714","852","280","572","70","922","1638","0","56.29","17.09"
"65","000","00","007","0724","0000","6363","2150","4213","275","6638","11772","0","56.39","18.26"
"65","000","00","007","0724","1715","847","319","528","29","876","1592","0","55.03","20.04"
"65","000","00","007","0724","1716","856","258","598","36","892","1521","0","58.65","16.96"
"65","000","00","007","0724","1717","999","328","671","40","1039","1707","0","60.87","19.21"
"65","000","00","007","0724","1718","971","348","623","47","1018","1741","0","58.47","19.99"
"65","000","00","007","0724","1719","902","356","546","26","928","1655","0","56.07","21.51"
"65","000","00","007","0724","1720","858","301","557","54","912","1775","0","51.38","16.96"
"65","000","00","007","0724","1721","930","240","690","43","973","1781","0","54.63","13.48"
"65","000","00","007","0725","0000","1037","347","690","51","1088","1966","0","55.34","17.65"
"65","000","00","007","0725","1723","470","155","315","34","504","936","0","53.85","16.56"
"65","000","00","007","0725","1724","567","192","375","17","584","1030","0","56.7","18.64"
"65","000","00","007","0726","0000","4333","1512","2821","141","4474","7662","0","58.39","19.73"
"65","000","00","007","0726","1709","791","245","546","46","837","1452","0","57.64","16.87"
"65","000","00","007","0726","1710","903","345","558","26","929","1592","0","58.35","21.67"
"65","000","00","007","0726","1711","910","304","606","30","940","1619","0","58.06","18.78"
"65","000","00","007","0726","1712","976","341","635","23","999","1642","0","60.84","20.77"
"65","000","00","007","0726","1713","753","277","476","16","769","1357","0","56.67","20.41"
"65","000","00","007","0727","0000","495","160","335","60","555","877","0","63.28","18.24"
"65","000","00","007","0727","1672","495","160","335","60","555","877","0","63.28","18.24"
"65","000","00","007","0728","0000","1980","595","1385","121","2101","3846","0","54.63","15.47"
"65","000","00","007","0728","1646","726","258","468","50","776","1385","0","56.03","18.63"
"65","000","00","007","0728","1647","639","117","522","32","671","1266","0","53.0","9.24"
"65","000","00","007","0728","1648","615","220","395","39","654","1195","0","54.73","18.41"
"65","000","00","007","0729","0000","1681","599","1082","115","1796","3245","0","55.35","18.46"
"65","000","00","007","0729","1660","521","178","343","14","535","997","0","53.66","17.85"
"65","000","00","007","0729","1661","626","233","393","55","681","1187","0","57.37","19.63"
"65","000","00","007","0729","1662","534","188","346","46","580","1061","0","54.67","17.72"
"65","000","00","007","0730","0000","1799","693","1106","129","1928","3196","0","60.33","21.68"
"65","000","00","007","0730","1655","907","348","559","71","978","1658","0","58.99","20.99"
"65","000","00","007","0730","1656","892","345","547","58","950","1538","0","61.77","22.43"
"65","000","00","007","0731","0000","1906","659","1247","69","1975","3571","0","55.31","18.45"
"65","000","00","007","0731","1627","618","217","401","24","642","1124","0","57.12","19.31"
"65","000","00","007","0731","1628","630","210","420","25","655","1235","0","53.04","17.0"
"65","000","00","007","0731","1629","658","232","426","20","678","1212","0","55.94","19.14"
"65","000","00","007","0732","0000","1881","634","1247","134","2015","3764","0","53.53","16.84"
"65","000","00","007","0732","1630","576","186","390","41","617","1223","0","50.45","15.21"
"65","000","00","007","0732","1631","675","216","459","59","734","1335","0","54.98","16.18"
"65","000","00","007","0732","1632","630","232","398","34","664","1206","0","55.06","19.24"
"65","000","00","007","0733","0000","2469","935","1534","154","2623","5192","0","50.52","18.01"
"65","000","00","007","0733","1679","539","222","317","34","573","1141","0","50.22","19.46"
"65","000","00","007","0733","1680","623","216","407","18","641","1396","0","45.92","15.47"
"65","000","00","007","0733","1681","601","251","350","35","636","1157","0","54.97","21.69"
"65","000","00","007","0733","1682","706","246","460","67","773","1498","0","51.6","16.42"
"65","000","00","007","0734","0000","2310","823","1487","168","2478","4454","0","55.64","18.48"
"65","000","00","007","0734","1636","665","236","429","47","712","1409","0","50.53","16.75"
"65","000","00","007","0734","1637","835","278","557","66","901","1500","0","60.07","18.53"
"65","000","00","007","0734","1638","810","309","501","55","865","1545","0","55.99","20.0"
"65","000","00","007","0735","0000","2650","859","1791","145","2795","4995","0","55.96","17.2"
"65","000","00","007","0735","1701","643","240","403","54","697","1219","0","57.18","19.69"
"65","000","00","007","0735","1702","719","234","485","36","755","1454","0","51.93","16.09"
"65","000","00","007","0735","1703","671","196","475","31","702","1314","0","53.42","14.92"
"65","000","00","007","0735","1704","617","189","428","24","641","1008","0","63.59","18.75"
"65","000","00","007","0736","0000","2348","772","1576","140","2488","4615","0","53.91","16.73"
"65","000","00","007","0736","1705","795","279","516","54","849","1574","0","53.94","17.73"
"65","000","00","007","0736","1706","758","242","516","28","786","1364","0","57.62","17.74"
"65","000","00","007","0736","1707","795","251","544","58","853","1677","0","50.86","14.97"
"65","000","00","007","0737","0000","1760","758","1002","103","1863","2739","0","68.02","27.67"
"65","000","00","007","0737","1665","1013","492","521","53","1066","1433","0","74.39","34.33"
"65","000","00","007","0737","1666","747","266","481","50","797","1306","0","61.03","20.37"
"65","000","00","007","0738","0000","1577","569","1008","78","1655","2998","0","55.2","18.98"
"65","000","00","007","0738","1688","780","285","495","49","829","1517","0","54.65","18.79"
"65","000","00","007","0738","1689","797","284","513","29","826","1481","0","55.77","19.18"
"65","000","00","007","0739","0000","1234","386","848","68","1302","2424","0","53.71","15.92"
"65","000","00","007","0739","1690","649","199","450","38","687","1261","0","54.48","15.78"
"65","000","00","007","0739","1691","585","187","398","30","615","1163","0","52.88","16.08"
"65","000","00","007","0740","0000","1340","512","828","76","1416","2517","0","56.26","20.34"
"65","000","00","007","0740","1649","638","238","400","47","685","1254","0","54.63","18.98"
"65","000","00","007","0740","1650","702","274","428","29","731","1263","0","57.88","21.69"
"65","000","00","007","0741","0000","833","304","529","69","902","1473","0","61.24","20.64"
"65","000","00","007","0741","1651","833","304","529","69","902","1473","0","61.24","20.64"
"65","000","00","007","0742","0000","1100","391","709","55","1155","1873","0","61.67","20.88"
"65","000","00","007","0742","1622","423","151","272","35","458","736","0","62.23","20.52"
"65","000","00","007","0742","1623","677","240","437","20","697","1137","0","61.3","21.11"
"65","000","00","008","0000","0000","36077","12235","23842","1985","38062","71645","86223","53.13","17.08"
"65","000","00","008","0801","0000","541","191","350","41","582","965","0","60.31","19.79"
"65","000","00","008","0801","1726","541","191","350","41","582","965","0","60.31","19.79"
"65","000","00","008","0802","0000","1045","332","713","57","1102","2019","0","54.58","16.44"
"65","000","00","008","0802","1729","560","167","393","43","603","1057","0","57.05","15.8"
"65","000","00","008","0802","1730","485","165","320","14","499","962","0","51.87","17.15"
"65","000","00","008","0803","0000","2660","937","1723","114","2774","5052","0","54.91","18.55"
"65","000","00","008","0803","1732","992","334","658","52","1044","1742","0","59.93","19.17"
"65","000","00","008","0803","1733","838","297","541","37","875","1634","0","53.55","18.18"
"65","000","00","008","0803","1734","830","306","524","25","855","1676","0","51.01","18.26"
"65","000","00","008","0804","0000","1829","658","1171","124","1953","3728","0","52.39","17.65"
"65","000","00","008","0804","1727","991","348","643","73","1064","1931","0","55.1","18.02"
"65","000","00","008","0804","1728","838","310","528","51","889","1797","0","49.47","17.25"
"65","000","00","008","0805","0000","555","194","361","32","587","934","0","62.85","20.77"
"65","000","00","008","0805","1731","555","194","361","32","587","934","0","62.85","20.77"
"65","000","00","008","0806","0000","283","80","203","15","298","515","0","57.86","15.53"
"65","000","00","008","0806","1725","283","80","203","15","298","515","0","57.86","15.53"
"65","000","00","008","0807","0000","800","278","522","42","842","1440","0","58.47","19.31"
"65","000","00","008","0807","1750","800","278","522","42","842","1440","0","58.47","19.31"
"65","000","00","008","0808","0000","3929","1327","2602","209","4138","7315","0","56.57","18.14"
"65","000","00","008","0808","1751","938","318","620","56","994","1809","0","54.95","17.58"
"65","000","00","008","0808","1752","937","328","609","54","991","1758","0","56.37","18.66"
"65","000","00","008","0808","1753","832","268","564","36","868","1589","0","54.63","16.87"
"65","000","00","008","0808","1754","610","211","399","29","639","1067","0","59.89","19.78"
"65","000","00","008","0808","1755","612","202","410","34","646","1092","0","59.16","18.5"
"65","000","00","008","0809","0000","1586","555","1031","101","1687","3208","0","52.59","17.3"
"65","000","00","008","0809","1747","472","175","297","35","507","942","0","53.82","18.58"
"65","000","00","008","0809","1748","653","233","420","48","701","1317","0","53.23","17.69"
"65","000","00","008","0809","1749","461","147","314","18","479","949","0","50.47","15.49"
"65","000","00","008","0810","0000","3142","1073","2069","171","3313","6702","0","49.43","16.01"
"65","000","00","008","0810","1743","856","277","579","34","890","1737","0","51.24","15.95"
"65","000","00","008","0810","1744","793","269","524","52","845","1669","0","50.63","16.12"
"65","000","00","008","0810","1745","801","295","506","36","837","1842","0","45.44","16.02"
"65","000","00","008","0810","1746","692","232","460","49","741","1454","0","50.96","15.96"
"65","000","00","008","0811","0000","3364","1150","2214","167","3531","7102","0","49.72","16.19"
"65","000","00","008","0811","1739","871","273","598","44","915","1782","0","51.35","15.32"
"65","000","00","008","0811","1740","754","279","475","44","798","1496","0","53.34","18.65"
"65","000","00","008","0811","1741","990","316","674","35","1025","2071","0","49.49","15.26"
"65","000","00","008","0811","1742","749","282","467","44","793","1753","0","45.24","16.09"
"65","000","00","008","0812","0000","390","126","264","19","409","850","0","48.12","14.82"
"65","000","00","008","0812","1738","390","126","264","19","409","850","0","48.12","14.82"
"65","000","00","008","0813","0000","126","42","84","2","128","227","0","56.39","18.5"
"65","000","00","008","0813","1774","126","42","84","2","128","227","0","56.39","18.5"
"65","000","00","008","0814","0000","2274","759","1515","153","2427","4604","0","52.72","16.49"
"65","000","00","008","0814","1768","666","201","465","48","714","1479","0","48.28","13.59"
"65","000","00","008","0814","1769","849","296","553","51","900","1736","0","51.84","17.05"
"65","000","00","008","0814","1770","759","262","497","54","813","1389","0","58.53","18.86"
"65","000","00","008","0815","0000","1924","646","1278","131","2055","4064","0","50.57","15.9"
"65","000","00","008","0815","1762","485","158","327","21","506","1026","0","49.32","15.4"
"65","000","00","008","0815","1763","815","279","536","44","859","1721","0","49.91","16.21"
"65","000","00","008","0815","1764","624","209","415","66","690","1317","0","52.39","15.87"
"65","000","00","008","0816","0000","1863","631","1232","139","2002","3526","0","56.78","17.9"
"65","000","00","008","0816","1765","586","190","396","41","627","1046","0","59.94","18.16"
"65","000","00","008","0816","1766","637","231","406","53","690","1144","0","60.31","20.19"
"65","000","00","008","0816","1767","640","210","430","45","685","1336","0","51.27","15.72"
"65","000","00","008","0817","0000","2335","729","1606","112","2447","4249","0","57.59","17.16"
"65","000","00","008","0817","1756","924","297","627","42","966","1730","0","55.84","17.17"
"65","000","00","008","0817","1757","686","208","478","29","715","1281","0","55.82","16.24"
"65","000","00","008","0817","1758","725","224","501","41","766","1238","0","61.87","18.09"
"65","000","00","008","0818","0000","2461","755","1706","127","2588","5137","0","50.38","14.7"
"65","000","00","008","0818","1771","1053","287","766","61","1114","1956","0","56.95","14.67"
"65","000","00","008","0818","1772","717","241","476","39","756","1371","0","55.14","17.58"
"65","000","00","008","0818","1773","691","227","464","27","718","1810","0","39.67","12.54"
"65","000","00","008","0819","0000","1948","640","1308","130","2078","4022","0","51.67","15.91"
"65","000","00","008","0819","1759","816","253","563","53","869","1568","0","55.42","16.14"
"65","000","00","008","0819","1760","642","216","426","44","686","1271","0","53.97","16.99"
"65","000","00","008","0819","1761","490","171","319","33","523","1183","0","44.21","14.45"
"65","000","00","008","0820","0000","3022","1132","1890","99","3121","5986","0","52.14","18.91"
"65","000","00","008","0820","1735","1074","392","682","53","1127","2052","0","54.92","19.1"
"65","000","00","008","0820","1736","914","346","568","27","941","1977","0","47.6","17.5"
"65","000","00","008","0820","1737","1034","394","640","19","1053","1957","0","53.81","20.13"
"65","000","00","009","0000","0000","47418","15839","31579","2464","49882","94291","115712","52.9","16.8"
"65","000","00","009","0901","0000","165","57","108","22","187","274","0","68.25","20.8"
"65","000","00","009","0901","1917","165","57","108","22","187","274","0","68.25","20.8"
"65","000","00","009","0902","0000","297","105","192","25","322","583","0","55.23","18.01"
"65","000","00","009","0902","1918","297","105","192","25","322","583","0","55.23","18.01"
"65","000","00","009","0903","0000","1650","594","1056","70","1720","3479","0","49.44","17.07"
"65","000","00","009","0903","1919","790","289","501","22","812","1765","0","46.01","16.37"
"65","000","00","009","0903","1920","860","305","555","48","908","1714","0","52.98","17.79"
"65","000","00","009","0904","0000","1399","480","919","55","1454","2684","0","54.17","17.88"
"65","000","00","009","0904","1921","676","219","457","23","699","1355","0","51.59","16.16"
"65","000","00","009","0904","1922","723","261","462","32","755","1329","0","56.81","19.64"
"65","000","00","009","0905","0000","527","180","347","40","567","1059","0","53.54","17.0"
"65","000","00","009","0905","1923","527","180","347","40","567","1059","0","53.54","17.0"
"65","000","00","009","0906","0000","3413","1249","2164","217","3630","6529","0","55.6","19.13"
"65","000","00","009","0906","1924","736","261","475","50","786","1364","0","57.62","19.13"
"65","000","00","009","0906","1925","599","229","370","47","646","1098","0","58.83","20.86"
"65","000","00","009","0906","1926","669","227","442","45","714","1296","0","55.09","17.52"
"65","000","00","009","0906","1927","636","231","405","34","670","1240","0","54.03","18.63"
"65","000","00","009","0906","1928","773","301","472","41","814","1531","0","53.17","19.66"
"65","000","00","009","0907","0000","2514","840","1674","123","2637","5025","0","52.48","16.72"
"65","000","00","009","0907","1952","795","270","525","38","833","1634","0","50.98","16.52"
"65","000","00","009","0907","1953","893","298","595","39","932","1716","0","54.31","17.37"
"65","000","00","009","0907","1954","826","272","554","46","872","1675","0","52.06","16.24"
"65","000","00","009","0908","0000","4174","1433","2741","236","4410","8724","0","50.55","16.43"
"65","000","00","009","0908","1929","687","221","466","25","712","1444","0","49.31","15.3"
"65","000","00","009","0908","1930","664","253","411","69","733","1347","0","54.42","18.78"
"65","000","00","009","0908","1931","743","240","503","45","788","1455","0","54.16","16.49"
"65","000","00","009","0908","1932","706","239","467","31","737","1556","0","47.37","15.36"
"65","000","00","009","0908","1933","593","213","380","27","620","1390","0","44.6","15.32"
"65","000","00","009","0908","1934","781","267","514","39","820","1532","0","53.52","17.43"
"65","000","00","009","0909","0000","4083","1359","2724","170","4253","8053","0","52.81","16.88"
"65","000","00","009","0909","1935","625","187","438","48","673","1377","0","48.87","13.58"
"65","000","00","009","0909","1936","855","279","576","43","898","1731","0","51.88","16.12"
"65","000","00","009","0909","1937","829","285","544","34","863","1705","0","50.62","16.72"
"65","000","00","009","0909","1938","854","318","536","23","877","1590","0","55.16","20.0"
"65","000","00","009","0909","1939","920","290","630","22","942","1650","0","57.09","17.58"
"65","000","00","009","0910","0000","1737","528","1209","132","1869","3638","0","51.37","14.51"
"65","000","00","009","0910","1966","588","187","401","45","633","1389","0","45.57","13.46"
"65","000","00","009","0910","1967","609","203","406","58","667","1315","0","50.72","15.44"
"65","000","00","009","0910","1968","540","138","402","29","569","934","0","60.92","14.78"
"65","000","00","009","0911","0000","1005","311","694","68","1073","2199","0","48.79","14.14"
"65","000","00","009","0911","1969","583","189","394","32","615","1270","0","48.43","14.88"
"65","000","00","009","0911","1970","422","122","300","36","458","929","0","49.3","13.13"
"65","000","00","009","0912","0000","521","168","353","15","536","1035","0","51.79","16.23"
"65","000","00","009","0912","1971","521","168","353","15","536","1035","0","51.79","16.23"
"65","000","00","009","0913","0000","235","78","157","8","243","502","0","48.41","15.54"
"65","000","00","009","0913","1972","235","78","157","8","243","502","0","48.41","15.54"
"65","000","00","009","0914","0000","367","97","270","46","413","836","0","49.4","11.6"
"65","000","00","009","0914","1973","367","97","270","46","413","836","0","49.4","11.6"
"65","000","00","009","0915","0000","281","81","200","48","329","669","0","49.18","12.11"
"65","000","00","009","0915","1974","281","81","200","48","329","669","0","49.18","12.11"
"65","000","00","009","0916","0000","388","112","276","53","441","733","0","60.16","15.28"
"65","000","00","009","0916","1975","388","112","276","53","441","733","0","60.16","15.28"
"65","000","00","009","0917","0000","1087","355","732","58","1145","2138","0","53.55","16.6"
"65","000","00","009","0917","1979","412","140","272","34","446","771","0","57.85","18.16"
"65","000","00","009","0917","1980","675","215","460","24","699","1367","0","51.13","15.73"
"65","000","00","009","0918","0000","693","186","507","28","721","1394","0","51.72","13.34"
"65","000","00","009","0918","1978","693","186","507","28","721","1394","0","51.72","13.34"
"65","000","00","009","0919","0000","1312","407","905","74","1386","2761","0","50.2","14.74"
"65","000","00","009","0919","1981","603","180","423","44","647","1241","0","52.14","14.5"
"65","000","00","009","0919","1982","709","227","482","30","739","1520","0","48.62","14.93"
"65","000","00","009","0920","0000","523","134","389","34","557","873","0","63.8","15.35"
"65","000","00","009","0920","1983","523","134","389","34","557","873","0","63.8","15.35"
"65","000","00","009","0921","0000","531","164","367","55","586","1322","0","44.33","12.41"
"65","000","00","009","0921","1986","531","164","367","55","586","1322","0","44.33","12.41"
"65","000","00","009","0922","0000","810","243","567","83","893","1865","0","47.88","13.03"
"65","000","00","009","0922","1984","320","104","216","53","373","768","0","48.57","13.54"
"65","000","00","009","0922","1985","490","139","351","30","520","1097","0","47.4","12.67"
"65","000","00","009","0923","0000","2882","1016","1866","134","3016","5947","0","50.71","17.08"
"65","000","00","009","0923","1959","685","229","456","47","732","1363","0","53.71","16.8"
"65","000","00","009","0923","1960","841","298","543","35","876","1624","0","53.94","18.35"
"65","000","00","009","0923","1961","723","269","454","35","758","1352","0","56.07","19.9"
"65","000","00","009","0923","1962","633","220","413","17","650","1608","0","40.42","13.68"
"65","000","00","009","0924","0000","3181","1167","2014","146","3327","6635","0","50.14","17.59"
"65","000","00","009","0924","1955","709","241","468","37","746","1649","0","45.24","14.61"
"65","000","00","009","0924","1956","744","257","487","45","789","1489","0","52.99","17.26"
"65","000","00","009","0924","1957","802","302","500","39","841","1771","0","47.49","17.05"
"65","000","00","009","0924","1958","926","367","559","25","951","1726","0","55.1","21.26"
"65","000","00","009","0925","0000","2240","781","1459","155","2395","4629","0","51.74","16.87"
"65","000","00","009","0925","1963","738","248","490","45","783","1458","0","53.7","17.01"
"65","000","00","009","0925","1964","766","275","491","34","800","1641","0","48.75","16.76"
"65","000","00","009","0925","1965","736","258","478","76","812","1530","0","53.07","16.86"
"65","000","00","009","0926","0000","1694","414","1280","85","1779","3198","0","55.63","12.95"
"65","000","00","009","0926","1976","891","256","635","43","934","1560","0","59.87","16.41"
"65","000","00","009","0926","1977","803","158","645","42","845","1638","0","51.59","9.65"
"65","000","00","009","0927","0000","6763","2271","4492","179","6942","12019","0","57.76","18.9"
"65","000","00","009","0927","1944","869","291","578","10","879","1579","0","55.67","18.43"
"65","000","00","009","0927","1945","752","257","495","19","771","1435","0","53.73","17.91"
"65","000","00","009","0927","1946","946","294","652","28","974","1659","0","58.71","17.72"
"65","000","00","009","0927","1947","889","335","554","27","916","1512","0","60.58","22.16"
"65","000","00","009","0927","1948","822","262","560","31","853","1463","0","58.3","17.91"
"65","000","00","009","0927","1949","843","286","557","20","863","1465","0","58.91","19.52"
"65","000","00","009","0927","1950","833","280","553","18","851","1463","0","58.17","19.14"
"65","000","00","009","0927","1951","809","266","543","26","835","1443","0","57.87","18.43"
"65","000","00","009","0928","0000","2946","1029","1917","105","3051","5488","0","55.59","18.75"
"65","000","00","009","0928","1940","767","272","495","30","797","1441","0","55.31","18.88"
"65","000","00","009","0928","1941","792","265","527","25","817","1404","0","58.19","18.87"
"65","000","00","009","0928","1942","746","279","467","23","769","1295","0","59.38","21.54"
"65","000","00","009","0928","1943","641","213","428","27","668","1348","0","49.55","15.8"
"65","000","00","010","0000","0000","74242","26961","47281","3608","77850","147272","172677","52.86","18.31"
"65","000","00","010","1001","0000","262","90","172","30","292","544","0","53.68","16.54"
"65","000","00","010","1001","0029","262","90","172","30","292","544","0","53.68","16.54"
"65","000","00","010","1002","0000","526","152","374","55","581","1044","0","55.65","14.56"
"65","000","00","010","1002","0030","526","152","374","55","581","1044","0","55.65","14.56"
"65","000","00","010","1003","0000","693","213","480","53","746","1462","0","51.03","14.57"
"65","000","00","010","1003","0031","693","213","480","53","746","1462","0","51.03","14.57"
"65","000","00","010","1004","0000","728","232","496","71","799","1525","0","52.39","15.21"
"65","000","00","010","1004","0032","728","232","496","71","799","1525","0","52.39","15.21"
"65","000","00","010","1005","0000","437","140","297","41","478","986","0","48.48","14.2"
"65","000","00","010","1005","0033","437","140","297","41","478","986","0","48.48","14.2"
"65","000","00","010","1006","0000","1202","355","847","103","1305","2516","0","51.87","14.11"
"65","000","00","010","1006","0035","592","176","416","65","657","1173","0","56.01","15.0"
"65","000","00","010","1006","0036","610","179","431","38","648","1343","0","48.25","13.33"
"65","000","00","010","1007","0000","419","112","307","42","461","806","0","57.2","13.9"
"65","000","00","010","1007","0034","419","112","307","42","461","806","0","57.2","13.9"
"65","000","00","010","1008","0000","5569","1914","3655","189","5758","12236","0","47.06","15.64"
"65","000","00","010","1008","0065","947","287","660","33","980","1837","0","53.35","15.62"
"65","000","00","010","1008","0066","636","235","401","15","651","1924","0","33.84","12.21"
"65","000","00","010","1008","0067","1150","414","736","30","1180","2340","0","50.43","17.69"
"65","000","00","010","1008","0068","761","263","498","46","807","1704","0","47.36","15.43"
"65","000","00","010","1008","0069","682","246","436","38","720","1363","0","52.82","18.05"
"65","000","00","010","1008","0070","1393","469","924","27","1420","3068","0","46.28","15.29"
"65","000","00","010","1009","0000","719","228","491","38","757","1528","0","49.54","14.92"
"65","000","00","010","1009","0071","719","228","491","38","757","1528","0","49.54","14.92"
"65","000","00","010","1010","0000","3199","1110","2089","129","3328","6351","0","52.4","17.48"
"65","000","00","010","1010","0079","743","214","529","38","781","1373","0","56.88","15.59"
"65","000","00","010","1010","0080","907","325","582","38","945","1732","0","54.56","18.76"
"65","000","00","010","1010","0081","733","286","447","33","766","1519","0","50.43","18.83"
"65","000","00","010","1010","0082","816","285","531","20","836","1727","0","48.41","16.5"
"65","000","00","010","1011","0000","2565","1170","1395","155","2720","5041","0","53.96","23.21"
"65","000","00","010","1011","0072","789","285","504","44","833","1600","0","52.06","17.81"
"65","000","00","010","1011","0073","998","317","681","55","1053","1874","0","56.19","16.92"
"65","000","00","010","1011","0074","778","568","210","56","834","1567","0","53.22","36.25"
"65","000","00","010","1012","0000","4451","1843","2608","177","4628","8417","0","54.98","21.9"
"65","000","00","010","1012","0093","923","304","619","38","961","1804","0","53.27","16.85"
"65","000","00","010","1012","0094","697","245","452","40","737","1322","0","55.75","18.53"
"65","000","00","010","1012","0095","1034","392","642","37","1071","2019","0","53.05","19.42"
"65","000","00","010","1012","0096","940","330","610","41","981","1696","0","57.84","19.46"
"65","000","00","010","1012","0097","857","572","285","21","878","1576","0","55.71","36.29"
"65","000","00","010","1013","0000","906","283","623","52","958","2027","0","47.26","13.96"
"65","000","00","010","1013","0037","493","165","328","21","514","1153","0","44.58","14.31"
"65","000","00","010","1013","0038","413","118","295","31","444","874","0","50.8","13.5"
"65","000","00","010","1014","0000","528","249","279","69","597","1063","0","56.16","23.42"
"65","000","00","010","1014","0039","528","249","279","69","597","1063","0","56.16","23.42"
"65","000","00","010","1015","0000","630","194","436","31","661","1309","0","50.5","14.82"
"65","000","00","010","1015","0040","630","194","436","31","661","1309","0","50.5","14.82"
"65","000","00","010","1016","0000","660","232","428","45","705","1290","0","54.65","17.98"
"65","000","00","010","1016","0041","660","232","428","45","705","1290","0","54.65","17.98"
"65","000","00","010","1017","0000","3294","1172","2122","138","3432","6129","0","56.0","19.12"
"65","000","00","010","1017","0042","924","300","624","27","951","1675","0","56.78","17.91"
"65","000","00","010","1017","0043","833","291","542","45","878","1589","0","55.25","18.31"
"65","000","00","010","1017","0044","901","343","558","41","942","1624","0","58.0","21.12"
"65","000","00","010","1017","0045","636","238","398","25","661","1241","0","53.26","19.18"
"65","000","00","010","1018","0000","2998","1083","1915","137","3135","5578","0","56.2","19.42"
"65","000","00","010","1018","0046","664","217","447","41","705","1317","0","53.53","16.48"
"65","000","00","010","1018","0047","682","231","451","25","707","1225","0","57.71","18.86"
"65","000","00","010","1018","0048","759","276","483","29","788","1426","0","55.26","19.35"
"65","000","00","010","1018","0049","893","359","534","42","935","1610","0","58.07","22.3"
"65","000","00","010","1019","0000","3257","1192","2065","207","3464","6426","0","53.91","18.55"
"65","000","00","010","1019","0052","877","340","537","42","919","1822","0","50.44","18.66"
"65","000","00","010","1019","0053","665","250","415","73","738","1232","0","59.9","20.29"
"65","000","00","010","1019","0054","847","254","593","63","910","1588","0","57.3","15.99"
"65","000","00","010","1019","0055","868","348","520","29","897","1784","0","50.28","19.51"
"65","000","00","010","1020","0000","2633","1025","1608","140","2773","5205","0","53.28","19.69"
"65","000","00","010","1020","0056","860","331","529","67","927","1762","0","52.61","18.79"
"65","000","00","010","1020","0057","794","315","479","30","824","1546","0","53.3","20.38"
"65","000","00","010","1020","0058","979","379","600","43","1022","1897","0","53.87","19.98"
"65","000","00","010","1021","0000","4654","1638","3016","168","4822","9332","0","51.67","17.55"
"65","000","00","010","1021","0059","766","286","480","33","799","1489","0","53.66","19.21"
"65","000","00","010","1021","0060","818","283","535","40","858","1679","0","51.1","16.86"
"65","000","00","010","1021","0061","808","300","508","32","840","1693","0","49.62","17.72"
"65","000","00","010","1021","0062","810","266","544","19","829","1674","0","49.52","15.89"
"65","000","00","010","1021","0063","700","237","463","28","728","1330","0","54.74","17.82"
"65","000","00","010","1021","0064","752","266","486","16","768","1467","0","52.35","18.13"
"65","000","00","010","1022","0000","2894","1044","1850","143","3037","5459","0","55.63","19.12"
"65","000","00","010","1022","0098","958","343","615","36","994","1781","0","55.81","19.26"
"65","000","00","010","1022","0099","906","339","567","60","966","1665","0","58.02","20.36"
"65","000","00","010","1022","0100","1030","362","668","47","1077","2013","0","53.5","17.98"
"65","000","00","010","1023","0000","1910","653","1257","79","1989","3659","0","54.36","17.85"
"65","000","00","010","1023","0106","578","192","386","23","601","1289","0","46.63","14.9"
"65","000","00","010","1023","0107","751","263","488","34","785","1319","0","59.51","19.94"
"65","000","00","010","1023","0108","581","198","383","22","603","1051","0","57.37","18.84"
"65","000","00","010","1024","0000","703","231","472","35","738","1348","0","54.75","17.14"
"65","000","00","010","1024","0109","703","231","472","35","738","1348","0","54.75","17.14"
"65","000","00","010","1025","0000","561","188","373","30","591","1106","0","53.44","17.0"
"65","000","00","010","1025","0110","561","188","373","30","591","1106","0","53.44","17.0"
"65","000","00","010","1026","0000","392","129","263","28","420","717","0","58.58","17.99"
"65","000","00","010","1026","0111","392","129","263","28","420","717","0","58.58","17.99"
"65","000","00","010","1027","0000","700","247","453","34","734","1385","0","53.0","17.83"
"65","000","00","010","1027","0112","700","247","453","34","734","1385","0","53.0","17.83"
"65","000","00","010","1028","0000","460","296","164","42","502","841","0","59.69","35.2"
"65","000","00","010","1028","0113","460","296","164","42","502","841","0","59.69","35.2"
"65","000","00","010","1029","0000","362","132","230","25","387","665","0","58.2","19.85"
"65","000","00","010","1029","0114","362","132","230","25","387","665","0","58.2","19.85"
"65","000","00","010","1030","0000","239","80","159","12","251","419","0","59.9","19.09"
"65","000","00","010","1030","0115","239","80","159","12","251","419","0","59.9","19.09"
"65","000","00","010","1031","0000","878","282","596","25","903","1599","0","56.47","17.64"
"65","000","00","010","1031","0116","878","282","596","25","903","1599","0","56.47","17.64"
"65","000","00","010","1032","0000","2505","858","1647","146","2651","4930","0","53.77","17.4"
"65","000","00","010","1032","0117","832","291","541","51","883","1670","0","52.87","17.43"
"65","000","00","010","1032","0118","913","321","592","50","963","1683","0","57.22","19.07"
"65","000","00","010","1032","0119","760","246","514","45","805","1577","0","51.05","15.6"
"65","000","00","010","1033","0000","1776","588","1188","71","1847","3832","0","48.2","15.34"
"65","000","00","010","1033","0120","761","244","517","52","813","1618","0","50.25","15.08"
"65","000","00","010","1033","0121","1015","344","671","19","1034","2214","0","46.7","15.54"
"65","000","00","010","1034","0000","1966","644","1322","110","2076","3750","0","55.36","17.17"
"65","000","00","010","1034","0083","699","225","474","28","727","1297","0","56.05","17.35"
"65","000","00","010","1034","0084","524","182","342","47","571","1066","0","53.56","17.07"
"65","000","00","010","1034","0085","743","237","506","35","778","1387","0","56.09","17.09"
"65","000","00","010","1035","0000","3796","1380","2416","145","3941","7408","0","53.2","18.63"
"65","000","00","010","1035","0086","1009","326","683","34","1043","1909","0","54.64","17.08"
"65","000","00","010","1035","0087","915","301","614","42","957","1770","0","54.07","17.01"
"65","000","00","010","1035","0088","996","335","661","39","1035","2049","0","50.51","16.35"
"65","000","00","010","1035","0089","876","418","458","30","906","1680","0","53.93","24.88"
"65","000","00","010","1036","0000","2239","801","1438","122","2361","4250","0","55.55","18.85"
"65","000","00","010","1036","0090","796","287","509","50","846","1433","0","59.04","20.03"
"65","000","00","010","1036","0091","677","239","438","28","705","1365","0","51.65","17.51"
"65","000","00","010","1036","0092","766","275","491","44","810","1452","0","55.79","18.94"
"65","000","00","010","1037","0000","2149","787","1362","67","2216","4020","0","55.12","19.58"
"65","000","00","010","1037","0077","1080","399","681","41","1121","1992","0","56.28","20.03"
"65","000","00","010","1037","0078","1069","388","681","26","1095","2028","0","53.99","19.13"
"65","000","00","010","1038","0000","1284","512","772","47","1331","2456","0","54.19","20.85"
"65","000","00","010","1038","0075","672","279","393","31","703","1245","0","56.47","22.41"
"65","000","00","010","1038","0076","612","233","379","16","628","1211","0","51.86","19.24"
"65","000","00","010","1039","0000","1924","704","1220","82","2006","3906","0","51.36","18.02"
"65","000","00","010","1039","0050","1070","400","670","36","1106","1982","0","55.8","20.18"
"65","000","00","010","1039","0051","854","304","550","46","900","1924","0","46.78","15.8"
"65","000","00","010","1040","0000","1870","661","1209","94","1964","3612","0","54.37","18.3"
"65","000","00","010","1040","0101","556","203","353","38","594","1108","0","53.61","18.32"
"65","000","00","010","1040","0102","677","237","440","41","718","1305","0","55.02","18.16"
"65","000","00","010","1040","0103","637","221","416","15","652","1199","0","54.38","18.43"
"65","000","00","010","1041","0000","2029","1043","986","82","2111","4142","0","50.97","25.18"
"65","000","00","010","1041","0104","1031","672","359","38","1069","2017","0","53.0","33.32"
"65","000","00","010","1041","0105","998","371","627","44","1042","2125","0","49.04","17.46"
"65","000","00","010","1042","0000","3275","1074","2201","119","3394","6953","0","48.81","15.45"
"65","000","00","010","1042","0122","913","328","585","46","959","1832","0","52.35","17.9"
"65","000","00","010","1042","0123","1079","363","716","48","1127","2123","0","53.09","17.1"
"65","000","00","010","1042","0124","1283","383","900","25","1308","2998","0","43.63","12.78"
"65","000","00","011","0000","0000","87275","31677","55598","4707","91982","173831","200217","52.91","18.22"
"65","000","00","011","1101","0000","665","225","440","41","706","1262","0","55.94","17.83"
"65","000","00","011","1101","2337","665","225","440","41","706","1262","0","55.94","17.83"
"65","000","00","011","1102","0000","494","192","302","47","541","917","0","59.0","20.94"
"65","000","00","011","1102","2338","494","192","302","47","541","917","0","59.0","20.94"
"65","000","00","011","1103","0000","2168","811","1357","88","2256","4156","0","54.28","19.51"
"65","000","00","011","1103","2339","1036","378","658","37","1073","1929","0","55.62","19.6"
"65","000","00","011","1103","2340","1132","433","699","51","1183","2227","0","53.12","19.44"
"65","000","00","011","1104","0000","161","61","100","15","176","322","0","54.66","18.94"
"65","000","00","011","1104","2343","161","61","100","15","176","322","0","54.66","18.94"
"65","000","00","011","1105","0000","1260","485","775","78","1338","2564","0","52.18","18.92"
"65","000","00","011","1105","2373","619","264","355","51","670","1244","0","53.86","21.22"
"65","000","00","011","1105","2374","641","221","420","27","668","1320","0","50.61","16.74"
"65","000","00","011","1106","0000","1754","653","1101","105","1859","4797","0","38.75","13.61"
"65","000","00","011","1106","2350","330","138","192","26","356","1809","0","19.68","7.63"
"65","000","00","011","1106","2351","743","279","464","22","765","1601","0","47.78","17.43"
"65","000","00","011","1106","2352","681","236","445","57","738","1387","0","53.21","17.02"
"65","000","00","011","1107","0000","2439","906","1533","102","2541","4840","0","52.5","18.72"
"65","000","00","011","1107","2344","779","293","486","14","793","1460","0","54.32","20.07"
"65","000","00","011","1107","2345","850","335","515","34","884","1719","0","51.43","19.49"
"65","000","00","011","1107","2346","810","278","532","54","864","1661","0","52.02","16.74"
"65","000","00","011","1108","0000","3293","1522","1771","133","3426","6144","0","55.76","24.77"
"65","000","00","011","1108","2355","1072","373","699","46","1118","2072","0","53.96","18.0"
"65","000","00","011","1108","2356","1194","753","441","50","1244","2120","0","58.68","35.52"
"65","000","00","011","1108","2357","1027","396","631","37","1064","1952","0","54.51","20.29"
"65","000","00","011","1109","0000","1910","675","1235","132","2042","3964","0","51.51","17.03"
"65","000","00","011","1109","2365","656","233","423","62","718","1363","0","52.68","17.09"
"65","000","00","011","1109","2366","681","232","449","30","711","1368","0","51.97","16.96"
"65","000","00","011","1109","2367","573","210","363","40","613","1233","0","49.72","17.03"
"65","000","00","011","1110","0000","681","240","441","54","735","1481","0","49.63","16.21"
"65","000","00","011","1110","2378","681","240","441","54","735","1481","0","49.63","16.21"
"65","000","00","011","1111","0000","717","293","424","54","771","1497","0","51.5","19.57"
"65","000","00","011","1111","2379","717","293","424","54","771","1497","0","51.5","19.57"
"65","000","00","011","1112","0000","1890","705","1185","83","1973","3940","0","50.08","17.89"
"65","000","00","011","1112","2381","907","333","574","48","955","1913","0","49.92","17.41"
"65","000","00","011","1112","2382","983","372","611","35","1018","2027","0","50.22","18.35"
"65","000","00","011","1113","0000","1000","365","635","56","1056","2127","0","49.65","17.16"
"65","000","00","011","1113","2385","1000","365","635","56","1056","2127","0","49.65","17.16"
"65","000","00","011","1114","0000","2494","898","1596","170","2664","5447","0","48.91","16.49"
"65","000","00","011","1114","2386","729","277","452","48","777","1642","0","47.32","16.87"
"65","000","00","011","1114","2387","938","321","617","67","1005","1912","0","52.56","16.79"
"65","000","00","011","1114","2388","827","300","527","55","882","1893","0","46.59","15.85"
"65","000","00","011","1115","0000","2134","779","1355","163","2297","4554","0","50.44","17.11"
"65","000","00","011","1115","2389","658","244","414","57","715","1466","0","48.77","16.64"
"65","000","00","011","1115","2390","731","260","471","61","792","1538","0","51.5","16.91"
"65","000","00","011","1115","2391","745","275","470","45","790","1550","0","50.97","17.74"
"65","000","00","011","1116","0000","695","218","477","55","750","1456","0","51.51","14.97"
"65","000","00","011","1116","2392","695","218","477","55","750","1456","0","51.51","14.97"
"65","000","00","011","1117","0000","531","154","377","37","568","947","0","59.98","16.26"
"65","000","00","011","1117","2393","531","154","377","37","568","947","0","59.98","16.26"
"65","000","00","011","1118","0000","854","281","573","32","886","1988","0","44.57","14.13"
"65","000","00","011","1118","2400","854","281","573","32","886","1988","0","44.57","14.13"
"65","000","00","011","1119","0000","1830","645","1185","161","1991","4055","0","49.1","15.91"
"65","000","00","011","1119","2395","933","306","627","96","1029","2043","0","50.37","14.98"
"65","000","00","011","1119","2396","897","339","558","65","962","2012","0","47.81","16.85"
"65","000","00","011","1120","0000","2819","1024","1795","177","2996","5100","0","58.75","20.08"
"65","000","00","011","1120","2431","715","258","457","50","765","1335","0","57.3","19.33"
"65","000","00","011","1120","2432","771","254","517","37","808","1324","0","61.03","19.18"
"65","000","00","011","1120","2433","733","275","458","52","785","1286","0","61.04","21.38"
"65","000","00","011","1120","2434","600","237","363","38","638","1155","0","55.24","20.52"
"65","000","00","011","1121","0000","1687","593","1094","96","1783","3847","0","46.35","15.41"
"65","000","00","011","1121","2363","823","269","554","52","875","1941","0","45.08","13.86"
"65","000","00","011","1121","2364","864","324","540","44","908","1906","0","47.64","17.0"
"65","000","00","011","1122","0000","2158","755","1403","162","2320","4215","0","55.04","17.91"
"65","000","00","011","1122","2438","1115","409","706","96","1211","2184","0","55.45","18.73"
"65","000","00","011","1122","2439","1043","346","697","66","1109","2031","0","54.6","17.04"
"65","000","00","011","1123","0000","300","86","214","16","316","556","0","56.83","15.47"
"65","000","00","011","1123","2380","300","86","214","16","316","556","0","56.83","15.47"
"65","000","00","011","1124","0000","1782","654","1128","96","1878","3336","0","56.29","19.6"
"65","000","00","011","1124","2440","923","320","603","54","977","1759","0","55.54","18.19"
"65","000","00","011","1124","2441","859","334","525","42","901","1577","0","57.13","21.18"
"65","000","00","011","1125","0000","1495","527","968","64","1559","2765","0","56.38","19.06"
"65","000","00","011","1125","2442","715","257","458","24","739","1364","0","54.18","18.84"
"65","000","00","011","1125","2443","780","270","510","40","820","1401","0","58.53","19.27"
"65","000","00","011","1126","0000","3275","1116","2159","188","3463","6938","0","49.91","16.09"
"65","000","00","011","1126","2411","856","279","577","41","897","1765","0","50.82","15.81"
"65","000","00","011","1126","2412","783","248","535","24","807","1815","0","44.46","13.66"
"65","000","00","011","1126","2413","819","297","522","67","886","1778","0","49.83","16.7"
"65","000","00","011","1126","2414","817","292","525","56","873","1580","0","55.25","18.48"
"65","000","00","011","1127","0000","2663","996","1667","104","2767","5304","0","52.17","18.78"
"65","000","00","011","1127","2422","963","383","580","32","995","2035","0","48.89","18.82"
"65","000","00","011","1127","2423","941","323","618","46","987","1895","0","52.08","17.04"
"65","000","00","011","1127","2424","759","290","469","26","785","1374","0","57.13","21.11"
"65","000","00","011","1128","0000","803","275","528","58","861","1595","0","53.98","17.24"
"65","000","00","011","1128","2336","803","275","528","58","861","1595","0","53.98","17.24"
"65","000","00","011","1129","0000","3222","1079","2143","144","3366","6514","0","51.67","16.56"
"65","000","00","011","1129","2405","762","246","516","29","791","1511","0","52.35","16.28"
"65","000","00","011","1129","2406","797","277","520","37","834","1691","0","49.32","16.38"
"65","000","00","011","1129","2407","839","280","559","32","871","1636","0","53.24","17.11"
"65","000","00","011","1129","2408","824","276","548","46","870","1676","0","51.91","16.47"
"65","000","00","011","1130","0000","3619","1316","2303","187","3806","7292","0","52.19","18.05"
"65","000","00","011","1130","2401","1045","405","640","45","1090","2198","0","49.59","18.43"
"65","000","00","011","1130","2402","825","277","548","44","869","1712","0","50.76","16.18"
"65","000","00","011","1130","2403","962","365","597","44","1006","1806","0","55.7","20.21"
"65","000","00","011","1130","2404","787","269","518","54","841","1576","0","53.36","17.07"
"65","000","00","011","1131","0000","2467","915","1552","138","2605","4725","0","55.13","19.37"
"65","000","00","011","1131","2358","834","296","538","46","880","1654","0","53.2","17.9"
"65","000","00","011","1131","2359","705","250","455","56","761","1444","0","52.7","17.31"
"65","000","00","011","1131","2360","928","369","559","36","964","1627","0","59.25","22.68"
"65","000","00","011","1132","0000","1885","745","1140","104","1989","3817","0","52.11","19.52"
"65","000","00","011","1132","2361","843","322","521","61","904","1751","0","51.63","18.39"
"65","000","00","011","1132","2362","1042","423","619","43","1085","2066","0","52.52","20.47"
"65","000","00","011","1133","0000","2206","749","1457","120","2326","4604","0","50.52","16.27"
"65","000","00","011","1133","2397","660","233","427","27","687","1471","0","46.7","15.84"
"65","000","00","011","1133","2398","776","272","504","40","816","1603","0","50.9","16.97"
"65","000","00","011","1133","2399","770","244","526","53","823","1530","0","53.79","15.95"
"65","000","00","011","1134","0000","1426","517","909","90","1516","2941","0","51.55","17.58"
"65","000","00","011","1134","2415","759","290","469","50","809","1516","0","53.36","19.13"
"65","000","00","011","1134","2416","667","227","440","40","707","1425","0","49.61","15.93"
"65","000","00","011","1135","0000","1451","484","967","93","1544","2824","0","54.67","17.14"
"65","000","00","011","1135","2417","722","246","476","39","761","1388","0","54.83","17.72"
"65","000","00","011","1135","2418","729","238","491","54","783","1436","0","54.53","16.57"
"65","000","00","011","1136","0000","2271","865","1406","87","2358","4624","0","50.99","18.71"
"65","000","00","011","1136","2419","802","320","482","36","838","1591","0","52.67","20.11"
"65","000","00","011","1136","2420","783","280","503","32","815","1639","0","49.73","17.08"
"65","000","00","011","1136","2421","686","265","421","19","705","1394","0","50.57","19.01"
"65","000","00","011","1137","0000","1896","708","1188","81","1977","3176","0","62.25","22.29"
"65","000","00","011","1137","2435","1023","423","600","30","1053","1682","0","62.6","25.15"
"65","000","00","011","1137","2436","873","285","588","51","924","1494","0","61.85","19.08"
"65","000","00","011","1138","0000","649","208","441","55","704","1166","0","60.38","17.84"
"65","000","00","011","1138","2437","649","208","441","55","704","1166","0","60.38","17.84"
"65","000","00","011","1139","0000","1991","680","1311","99","2090","3753","0","55.69","18.12"
"65","000","00","011","1139","2444","645","249","396","52","697","1173","0","59.42","21.23"
"65","000","00","011","1139","2445","529","164","365","21","550","993","0","55.39","16.52"
"65","000","00","011","1139","2446","817","267","550","26","843","1587","0","53.12","16.82"
"65","000","00","011","1140","0000","1221","403","818","49","1270","2429","0","52.28","16.59"
"65","000","00","011","1140","2409","631","218","413","29","660","1264","0","52.22","17.25"
"65","000","00","011","1140","2410","590","185","405","20","610","1165","0","52.36","15.88"
"65","000","00","011","1141","0000","1320","473","847","72","1392","2510","0","55.46","18.84"
"65","000","00","011","1141","2341","598","233","365","41","639","1143","0","55.91","20.38"
"65","000","00","011","1141","2342","722","240","482","31","753","1367","0","55.08","17.56"
"65","000","00","011","1142","0000","2232","837","1395","79","2311","4378","0","52.79","19.12"
"65","000","00","011","1142","2368","783","298","485","24","807","1554","0","51.93","19.18"
"65","000","00","011","1142","2369","834","295","539","37","871","1700","0","51.24","17.35"
"65","000","00","011","1142","2370","615","244","371","18","633","1124","0","56.32","21.71"
"65","000","00","011","1143","0000","3106","1088","2018","127","3233","5763","0","56.1","18.88"
"65","000","00","011","1143","2427","825","294","531","29","854","1548","0","55.17","18.99"
"65","000","00","011","1143","2428","745","260","485","28","773","1350","0","57.26","19.26"
"65","000","00","011","1143","2429","784","287","497","31","815","1499","0","54.37","19.15"
"65","000","00","011","1143","2430","752","247","505","39","791","1366","0","57.91","18.08"
"65","000","00","011","1144","0000","495","195","300","29","524","923","0","56.77","21.13"
"65","000","00","011","1144","2394","495","195","300","29","524","923","0","56.77","21.13"
"65","000","00","011","1145","0000","2623","938","1685","132","2755","4938","0","55.79","19.0"
"65","000","00","011","1145","2347","854","319","535","48","902","1590","0","56.73","20.06"
"65","000","00","011","1145","2348","841","305","536","43","884","1599","0","55.28","19.07"
"65","000","00","011","1145","2349","928","314","614","41","969","1749","0","55.4","17.95"
"65","000","00","011","1146","0000","2049","732","1317","103","2152","3853","0","55.85","19.0"
"65","000","00","011","1146","2353","940","378","562","56","996","1779","0","55.99","21.25"
"65","000","00","011","1146","2354","1109","354","755","47","1156","2074","0","55.74","17.07"
"65","000","00","011","1147","0000","2446","823","1623","124","2570","4541","0","56.6","18.12"
"65","000","00","011","1147","2375","801","306","495","33","834","1473","0","56.62","20.77"
"65","000","00","011","1147","2376","938","293","645","55","993","1802","0","55.11","16.26"
"65","000","00","011","1147","2377","707","224","483","36","743","1266","0","58.69","17.69"
"65","000","00","011","1148","0000","2081","764","1317","105","2186","3950","0","55.34","19.34"
"65","000","00","011","1148","2371","1039","376","663","48","1087","1900","0","57.21","19.79"
"65","000","00","011","1148","2372","1042","388","654","57","1099","2050","0","53.61","18.93"
"65","000","00","011","1149","0000","1410","566","844","43","1453","2373","0","61.23","23.85"
"65","000","00","011","1149","2425","608","258","350","18","626","1061","0","59.0","24.32"
"65","000","00","011","1149","2426","802","308","494","25","827","1312","0","63.03","23.48"
"65","000","00","011","1150","0000","1257","458","799","79","1336","2623","0","50.93","17.46"
"65","000","00","011","1150","2383","908","347","561","39","947","1927","0","49.14","18.01"
"65","000","00","011","1150","2384","349","111","238","40","389","696","0","55.89","15.95"
"65","000","00","012","0000","0000","15698","4937","10761","1317","17015","35036","40022","48.56","14.09"
"65","000","00","012","1201","0000","387","107","280","35","422","725","0","58.21","14.76"
"65","000","00","012","1201","2220","387","107","280","35","422","725","0","58.21","14.76"
"65","000","00","012","1202","0000","970","297","673","67","1037","1899","0","54.61","15.64"
"65","000","00","012","1202","2221","566","182","384","43","609","1074","0","56.7","16.95"
"65","000","00","012","1202","2222","404","115","289","24","428","825","0","51.88","13.94"
"65","000","00","012","1203","0000","623","216","407","75","698","1242","0","56.2","17.39"
"65","000","00","012","1203","2223","623","216","407","75","698","1242","0","56.2","17.39"
"65","000","00","012","1204","0000","776","271","505","59","835","1632","0","51.16","16.61"
"65","000","00","012","1204","2225","441","161","280","28","469","872","0","53.78","18.46"
"65","000","00","012","1204","2226","335","110","225","31","366","760","0","48.16","14.47"
"65","000","00","012","1205","0000","578","205","373","46","624","1330","0","46.92","15.41"
"65","000","00","012","1205","2227","578","205","373","46","624","1330","0","46.92","15.41"
"65","000","00","012","1206","0000","301","85","216","26","327","598","0","54.68","14.21"
"65","000","00","012","1206","2224","301","85","216","26","327","598","0","54.68","14.21"
"65","000","00","012","1207","0000","1668","536","1132","137","1805","3609","0","50.01","14.85"
"65","000","00","012","1207","2228","742","245","497","45","787","1683","0","46.76","14.56"
"65","000","00","012","1207","2229","463","147","316","54","517","980","0","52.76","15.0"
"65","000","00","012","1207","2230","463","144","319","38","501","946","0","52.96","15.22"
"65","000","00","012","1208","0000","499","162","337","58","557","1089","0","51.15","14.88"
"65","000","00","012","1208","2235","499","162","337","58","557","1089","0","51.15","14.88"
"65","000","00","012","1209","0000","698","217","481","53","751","1623","0","46.27","13.37"
"65","000","00","012","1209","2233","411","131","280","26","437","978","0","44.68","13.39"
"65","000","00","012","1209","2234","287","86","201","27","314","645","0","48.68","13.33"
"65","000","00","012","1210","0000","564","190","374","43","607","1291","0","47.02","14.72"
"65","000","00","012","1210","2245","335","118","217","33","368","673","0","54.68","17.53"
"65","000","00","012","1210","2246","229","72","157","10","239","618","0","38.67","11.65"
"65","000","00","012","1211","0000","839","305","534","85","924","1701","0","54.32","17.93"
"65","000","00","012","1211","2240","425","153","272","28","453","817","0","55.45","18.73"
"65","000","00","012","1211","2241","414","152","262","57","471","884","0","53.28","17.19"
"65","000","00","012","1212","0000","1331","454","877","100","1431","2985","0","47.94","15.21"
"65","000","00","012","1212","2242","565","195","370","56","621","1333","0","46.59","14.63"
"65","000","00","012","1212","2243","253","92","161","6","259","607","0","42.67","15.16"
"65","000","00","012","1212","2244","513","167","346","38","551","1045","0","52.73","15.98"
"65","000","00","012","1213","0000","888","287","601","75","963","1923","0","50.08","14.92"
"65","000","00","012","1213","2247","467","154","313","29","496","1063","0","46.66","14.49"
"65","000","00","012","1213","2248","421","133","288","46","467","860","0","54.3","15.47"
"65","000","00","012","1214","0000","221","64","157","25","246","461","0","53.36","13.88"
"65","000","00","012","1214","2237","221","64","157","25","246","461","0","53.36","13.88"
"65","000","00","012","1215","0000","118","37","81","19","137","274","0","50.0","13.5"
"65","000","00","012","1215","2238","118","37","81","19","137","274","0","50.0","13.5"
"65","000","00","012","1216","0000","107","42","65","17","124","286","0","43.36","14.69"
"65","000","00","012","1216","2236","107","42","65","17","124","286","0","43.36","14.69"
"65","000","00","012","1217","0000","86","30","56","9","95","155","0","61.29","19.35"
"65","000","00","012","1217","2239","86","30","56","9","95","155","0","61.29","19.35"
"65","000","00","012","1218","0000","132","43","89","4","136","432","0","31.48","9.95"
"65","000","00","012","1218","2249","132","43","89","4","136","432","0","31.48","9.95"
"65","000","00","012","1219","0000","159","36","123","13","172","445","0","38.65","8.09"
"65","000","00","012","1219","2250","159","36","123","13","172","445","0","38.65","8.09"
"65","000","00","012","1220","0000","126","32","94","12","138","318","0","43.4","10.06"
"65","000","00","012","1220","2251","126","32","94","12","138","318","0","43.4","10.06"
"65","000","00","012","1221","0000","70","13","57","7","77","159","0","48.43","8.18"
"65","000","00","012","1221","2252","70","13","57","7","77","159","0","48.43","8.18"
"65","000","00","012","1222","0000","137","41","96","10","147","337","0","43.62","12.17"
"65","000","00","012","1222","2253","137","41","96","10","147","337","0","43.62","12.17"
"65","000","00","012","1223","0000","177","48","129","13","190","369","0","51.49","13.01"
"65","000","00","012","1223","2256","177","48","129","13","190","369","0","51.49","13.01"
"65","000","00","012","1224","0000","89","31","58","10","99","180","0","55.0","17.22"
"65","000","00","012","1224","2254","89","31","58","10","99","180","0","55.0","17.22"
"65","000","00","012","1225","0000","71","20","51","10","81","187","0","43.32","10.7"
"65","000","00","012","1225","2255","71","20","51","10","81","187","0","43.32","10.7"
"65","000","00","012","1226","0000","165","47","118","21","186","335","0","55.52","14.03"
"65","000","00","012","1226","2257","165","47","118","21","186","335","0","55.52","14.03"
"65","000","00","012","1227","0000","109","38","71","8","117","297","0","39.39","12.79"
"65","000","00","012","1227","2259","109","38","71","8","117","297","0","39.39","12.79"
"65","000","00","012","1228","0000","191","63","128","13","204","470","0","43.4","13.4"
"65","000","00","012","1228","2258","191","63","128","13","204","470","0","43.4","13.4"
"65","000","00","012","1229","0000","442","121","321","30","472","1241","0","38.03","9.75"
"65","000","00","012","1229","2262","442","121","321","30","472","1241","0","38.03","9.75"
"65","000","00","012","1230","0000","922","256","666","113","1035","1946","0","53.19","13.16"
"65","000","00","012","1230","2263","473","134","339","60","533","998","0","53.41","13.43"
"65","000","00","012","1230","2264","449","122","327","53","502","948","0","52.95","12.87"
"65","000","00","012","1231","0000","477","131","346","33","510","1308","0","38.99","10.02"
"65","000","00","012","1231","2265","477","131","346","33","510","1308","0","38.99","10.02"
"65","000","00","012","1232","0000","172","48","124","5","177","267","0","66.29","17.98"
"65","000","00","012","1232","2260","172","48","124","5","177","267","0","66.29","17.98"
"65","000","00","012","1233","0000","229","53","176","13","242","876","0","27.63","6.05"
"65","000","00","012","1233","2261","229","53","176","13","242","876","0","27.63","6.05"
"65","000","00","012","1234","0000","1376","411","965","73","1449","3046","0","47.57","13.49"
"65","000","00","012","1234","2231","592","174","418","31","623","1375","0","45.31","12.65"
"65","000","00","012","1234","2232","784","237","547","42","826","1671","0","49.43","14.18"
"65","000","00","013","0000","0000","104413","36847","67566","5912","110325","200783","236964","54.95","18.35"
"65","000","00","013","1301","0000","1745","597","1148","112","1857","4869","0","38.14","12.26"
"65","000","00","013","1301","1799","512","183","329","33","545","2518","0","21.64","7.27"
"65","000","00","013","1301","1800","633","213","420","32","665","1218","0","54.6","17.49"
"65","000","00","013","1301","1801","600","201","399","47","647","1133","0","57.11","17.74"
"65","000","00","013","1302","0000","986","358","628","68","1054","1825","0","57.75","19.62"
"65","000","00","013","1302","1802","482","167","315","26","508","894","0","56.82","18.68"
"65","000","00","013","1302","1803","504","191","313","42","546","931","0","58.65","20.52"
"65","000","00","013","1303","0000","2857","1012","1845","170","3027","5283","0","57.3","19.16"
"65","000","00","013","1303","1808","742","277","465","44","786","1378","0","57.04","20.1"
"65","000","00","013","1303","1809","783","286","497","48","831","1421","0","58.48","20.13"
"65","000","00","013","1303","1810","685","210","475","46","731","1340","0","54.55","15.67"
"65","000","00","013","1303","1811","647","239","408","32","679","1144","0","59.35","20.89"
"65","000","00","013","1304","0000","2525","858","1667","132","2657","4954","0","53.63","17.32"
"65","000","00","013","1304","1795","688","237","451","24","712","1292","0","55.11","18.34"
"65","000","00","013","1304","1796","649","227","422","27","676","1324","0","51.06","17.15"
"65","000","00","013","1304","1797","574","185","389","41","615","1155","0","53.25","16.02"
"65","000","00","013","1304","1798","614","209","405","40","654","1183","0","55.28","17.67"
"65","000","00","013","1305","0000","1112","337","775","39","1151","1820","0","63.24","18.52"
"65","000","00","013","1305","1804","1112","337","775","39","1151","1820","0","63.24","18.52"
"65","000","00","013","1306","0000","2189","722","1467","172","2361","4161","0","56.74","17.35"
"65","000","00","013","1306","1820","710","229","481","69","779","1356","0","57.45","16.89"
"65","000","00","013","1306","1821","790","262","528","47","837","1496","0","55.95","17.51"
"65","000","00","013","1306","1822","689","231","458","56","745","1309","0","56.91","17.65"
"65","000","00","013","1307","0000","2812","958","1854","187","2999","5067","0","59.19","18.91"
"65","000","00","013","1307","1816","656","212","444","46","702","1230","0","57.07","17.24"
"65","000","00","013","1307","1817","721","265","456","48","769","1342","0","57.3","19.75"
"65","000","00","013","1307","1818","703","243","460","42","745","1268","0","58.75","19.16"
"65","000","00","013","1307","1819","732","238","494","51","783","1227","0","63.81","19.4"
"65","000","00","013","1308","0000","2061","765","1296","130","2191","3900","0","56.18","19.62"
"65","000","00","013","1308","1827","609","230","379","60","669","1182","0","56.6","19.46"
"65","000","00","013","1308","1828","821","299","522","37","858","1558","0","55.07","19.19"
"65","000","00","013","1308","1829","631","236","395","33","664","1160","0","57.24","20.34"
"65","000","00","013","1309","0000","1585","526","1059","77","1662","2965","0","56.05","17.74"
"65","000","00","013","1309","1858","744","247","497","34","778","1445","0","53.84","17.09"
"65","000","00","013","1309","1859","841","279","562","43","884","1520","0","58.16","18.36"
"65","000","00","013","1310","0000","4097","1479","2618","219","4316","7503","0","57.52","19.71"
"65","000","00","013","1310","1840","815","292","523","54","869","1576","0","55.14","18.53"
"65","000","00","013","1310","1841","784","282","502","49","833","1458","0","57.13","19.34"
"65","000","00","013","1310","1842","802","275","527","67","869","1517","0","57.28","18.13"
"65","000","00","013","1310","1843","851","281","570","26","877","1489","0","58.9","18.87"
"65","000","00","013","1310","1844","845","349","496","23","868","1463","0","59.33","23.86"
"65","000","00","013","1311","0000","1447","559","888","116","1563","2821","0","55.41","19.82"
"65","000","00","013","1311","1830","713","272","441","47","760","1357","0","56.01","20.04"
"65","000","00","013","1311","1831","734","287","447","69","803","1464","0","54.85","19.6"
"65","000","00","013","1312","0000","3720","1300","2420","197","3917","7204","0","54.37","18.05"
"65","000","00","013","1312","1875","738","248","490","51","789","1402","0","56.28","17.69"
"65","000","00","013","1312","1876","727","268","459","37","764","1379","0","55.4","19.43"
"65","000","00","013","1312","1877","730","257","473","42","772","1471","0","52.48","17.47"
"65","000","00","013","1312","1878","723","248","475","34","757","1410","0","53.69","17.59"
"65","000","00","013","1312","1879","802","279","523","33","835","1542","0","54.15","18.09"
"65","000","00","013","1313","0000","2638","967","1671","146","2784","5586","0","49.84","17.31"
"65","000","00","013","1313","1864","626","238","388","29","655","1337","0","48.99","17.8"
"65","000","00","013","1313","1865","554","194","360","36","590","1325","0","44.53","14.64"
"65","000","00","013","1313","1866","669","247","422","39","708","1390","0","50.94","17.77"
"65","000","00","013","1313","1867","789","288","501","42","831","1534","0","54.17","18.77"
"65","000","00","013","1314","0000","2114","733","1381","100","2214","3850","0","57.51","19.04"
"65","000","00","013","1314","1880","641","219","422","42","683","1238","0","55.17","17.69"
"65","000","00","013","1314","1881","654","227","427","36","690","1301","0","53.04","17.45"
"65","000","00","013","1314","1882","819","287","532","22","841","1311","0","64.15","21.89"
"65","000","00","013","1315","0000","722","252","470","66","788","1484","0","53.1","16.98"
"65","000","00","013","1315","1868","722","252","470","66","788","1484","0","53.1","16.98"
"65","000","00","013","1316","0000","3197","1083","2114","177","3374","6156","0","54.81","17.59"
"65","000","00","013","1316","1869","749","255","494","46","795","1532","0","51.89","16.64"
"65","000","00","013","1316","1870","804","272","532","45","849","1507","0","56.34","18.05"
"65","000","00","013","1316","1871","831","294","537","42","873","1550","0","56.32","18.97"
"65","000","00","013","1316","1872","813","262","551","44","857","1567","0","54.69","16.72"
"65","000","00","013","1317","0000","3261","1109","2152","207","3468","6530","0","53.11","16.98"
"65","000","00","013","1317","1892","651","223","428","57","708","1312","0","53.96","17.0"
"65","000","00","013","1317","1893","636","217","419","44","680","1301","0","52.27","16.68"
"65","000","00","013","1317","1894","625","222","403","40","665","1254","0","53.03","17.7"
"65","000","00","013","1317","1895","629","235","394","34","663","1215","0","54.57","19.34"
"65","000","00","013","1317","1896","720","212","508","32","752","1448","0","51.93","14.64"
"65","000","00","013","1318","0000","3212","1148","2064","204","3416","6194","0","55.15","18.53"
"65","000","00","013","1318","1906","781","270","511","53","834","1550","0","53.81","17.42"
"65","000","00","013","1318","1907","855","326","529","66","921","1606","0","57.35","20.3"
"65","000","00","013","1318","1908","794","280","514","39","833","1509","0","55.2","18.56"
"65","000","00","013","1318","1909","782","272","510","46","828","1529","0","54.15","17.79"
"65","000","00","013","1319","0000","2298","787","1511","98","2396","4283","0","55.94","18.37"
"65","000","00","013","1319","1886","756","240","516","34","790","1335","0","59.18","17.98"
"65","000","00","013","1319","1887","765","253","512","41","806","1459","0","55.24","17.34"
"65","000","00","013","1319","1888","777","294","483","23","800","1489","0","53.73","19.74"
"65","000","00","013","1320","0000","2261","813","1448","131","2392","4330","0","55.24","18.78"
"65","000","00","013","1320","1792","643","233","410","51","694","1206","0","57.55","19.32"
"65","000","00","013","1320","1793","703","268","435","27","730","1255","0","58.17","21.35"
"65","000","00","013","1320","1794","915","312","603","53","968","1869","0","51.79","16.69"
"65","000","00","013","1321","0000","3690","1255","2435","186","3876","7156","0","54.16","17.54"
"65","000","00","013","1321","1787","698","218","480","42","740","1424","0","51.97","15.31"
"65","000","00","013","1321","1788","737","232","505","48","785","1455","0","53.95","15.95"
"65","000","00","013","1321","1789","718","244","474","21","739","1419","0","52.08","17.2"
"65","000","00","013","1321","1790","780","286","494","33","813","1357","0","59.91","21.08"
"65","000","00","013","1321","1791","757","275","482","42","799","1501","0","53.23","18.32"
"65","000","00","013","1322","0000","2050","752","1298","119","2169","4013","0","54.05","18.74"
"65","000","00","013","1322","1784","671","257","414","39","710","1378","0","51.52","18.65"
"65","000","00","013","1322","1785","637","236","401","31","668","1256","0","53.18","18.79"
"65","000","00","013","1322","1786","742","259","483","49","791","1379","0","57.36","18.78"
"65","000","00","013","1323","0000","2276","771","1505","135","2411","4405","0","54.73","17.5"
"65","000","00","013","1323","1781","779","269","510","44","823","1499","0","54.9","17.95"
"65","000","00","013","1323","1782","738","224","514","30","768","1495","0","51.37","14.98"
"65","000","00","013","1323","1783","759","278","481","61","820","1411","0","58.11","19.7"
"65","000","00","013","1324","0000","2287","749","1538","151","2438","4638","0","52.57","16.15"
"65","000","00","013","1324","1778","750","260","490","60","810","1474","0","54.95","17.64"
"65","000","00","013","1324","1779","729","235","494","42","771","1489","0","51.78","15.78"
"65","000","00","013","1324","1780","808","254","554","49","857","1675","0","51.16","15.16"
"65","000","00","013","1325","0000","1414","489","925","50","1464","2448","0","59.8","19.98"
"65","000","00","013","1325","1776","719","260","459","29","748","1242","0","60.23","20.93"
"65","000","00","013","1325","1777","695","229","466","21","716","1206","0","59.37","18.99"
"65","000","00","013","1326","0000","748","251","497","58","806","1505","0","53.55","16.68"
"65","000","00","013","1326","1775","748","251","497","58","806","1505","0","53.55","16.68"
"65","000","00","013","1327","0000","2389","920","1469","155","2544","4640","0","54.83","19.83"
"65","000","00","013","1327","1847","845","322","523","53","898","1598","0","56.2","20.15"
"65","000","00","013","1327","1848","741","309","432","64","805","1500","0","53.67","20.6"
"65","000","00","013","1327","1849","803","289","514","38","841","1542","0","54.54","18.74"
"65","000","00","013","1328","0000","2542","971","1571","109","2651","5032","0","52.68","19.3"
"65","000","00","013","1328","1835","862","314","548","40","902","1639","0","55.03","19.16"
"65","000","00","013","1328","1836","946","378","568","42","988","1728","0","57.18","21.88"
"65","000","00","013","1328","1837","734","279","455","27","761","1665","0","45.71","16.76"
"65","000","00","013","1329","0000","1692","615","1077","67","1759","3140","0","56.02","19.59"
"65","000","00","013","1329","1850","923","346","577","43","966","1619","0","59.67","21.37"
"65","000","00","013","1329","1851","769","269","500","24","793","1521","0","52.14","17.69"
"65","000","00","013","1330","0000","2147","694","1453","144","2291","3975","0","57.64","17.46"
"65","000","00","013","1330","1900","756","238","518","57","813","1366","0","59.52","17.42"
"65","000","00","013","1330","1901","716","251","465","42","758","1292","0","58.67","19.43"
"65","000","00","013","1330","1902","675","205","470","45","720","1317","0","54.67","15.57"
"65","000","00","013","1331","0000","2258","807","1451","151","2409","4421","0","54.49","18.25"
"65","000","00","013","1331","1910","714","222","492","55","769","1458","0","52.74","15.23"
"65","000","00","013","1331","1911","782","294","488","53","835","1468","0","56.88","20.03"
"65","000","00","013","1331","1912","762","291","471","43","805","1495","0","53.85","19.46"
"65","000","00","013","1332","0000","1387","489","898","73","1460","2605","0","56.05","18.77"
"65","000","00","013","1332","1862","658","218","440","31","689","1262","0","54.6","17.27"
"65","000","00","013","1332","1863","729","271","458","42","771","1343","0","57.41","20.18"
"65","000","00","013","1333","0000","2703","926","1777","166","2869","4947","0","57.99","18.72"
"65","000","00","013","1333","1812","673","235","438","50","723","1268","0","57.02","18.53"
"65","000","00","013","1333","1813","639","198","441","53","692","1196","0","57.86","16.56"
"65","000","00","013","1333","1814","754","277","477","25","779","1308","0","59.56","21.18"
"65","000","00","013","1333","1815","637","216","421","38","675","1175","0","57.45","18.38"
"65","000","00","013","1334","0000","1857","685","1172","156","2013","3896","0","51.67","17.58"
"65","000","00","013","1334","1897","653","209","444","54","707","1321","0","53.52","15.82"
"65","000","00","013","1334","1898","538","206","332","62","600","1150","0","52.17","17.91"
"65","000","00","013","1334","1899","666","270","396","40","706","1425","0","49.54","18.95"
"65","000","00","013","1335","0000","2189","797","1392","136","2325","4116","0","56.49","19.36"
"65","000","00","013","1335","1832","660","228","432","42","702","1335","0","52.58","17.08"
"65","000","00","013","1335","1833","697","248","449","57","754","1346","0","56.02","18.42"
"65","000","00","013","1335","1834","832","321","511","37","869","1435","0","60.56","22.37"
"65","000","00","013","1336","0000","2642","925","1717","157","2799","4896","0","57.17","18.89"
"65","000","00","013","1336","1823","655","246","409","49","704","1175","0","59.91","20.94"
"65","000","00","013","1336","1824","659","227","432","45","704","1237","0","56.91","18.35"
"65","000","00","013","1336","1825","677","217","460","44","721","1256","0","57.4","17.28"
"65","000","00","013","1336","1826","651","235","416","19","670","1228","0","54.56","19.14"
"65","000","00","013","1337","0000","2055","718","1337","97","2152","3975","0","54.14","18.06"
"65","000","00","013","1337","1805","682","216","466","32","714","1320","0","54.09","16.36"
"65","000","00","013","1337","1806","629","232","397","31","660","1241","0","53.18","18.69"
"65","000","00","013","1337","1807","744","270","474","34","778","1414","0","55.02","19.09"
"65","000","00","013","1338","0000","2275","782","1493","134","2409","4680","0","51.47","16.71"
"65","000","00","013","1338","1883","707","223","484","32","739","1511","0","48.91","14.76"
"65","000","00","013","1338","1884","767","248","519","47","814","1531","0","53.17","16.2"
"65","000","00","013","1338","1885","801","311","490","55","856","1638","0","52.26","18.99"
"65","000","00","013","1339","0000","1624","578","1046","98","1722","2900","0","59.38","19.93"
"65","000","00","013","1339","1838","754","269","485","61","815","1333","0","61.14","20.18"
"65","000","00","013","1339","1839","870","309","561","37","907","1567","0","57.88","19.72"
"65","000","00","013","1340","0000","2975","1050","1925","201","3176","5663","0","56.08","18.54"
"65","000","00","013","1340","1913","668","225","443","75","743","1303","0","57.02","17.27"
"65","000","00","013","1340","1914","738","266","472","32","770","1365","0","56.41","19.49"
"65","000","00","013","1340","1915","756","267","489","64","820","1476","0","55.56","18.09"
"65","000","00","013","1340","1916","813","292","521","30","843","1519","0","55.5","19.22"
"65","000","00","013","1341","0000","1393","504","889","36","1429","2846","0","50.21","17.71"
"65","000","00","013","1341","1860","690","242","448","12","702","1484","0","47.3","16.31"
"65","000","00","013","1341","1861","703","262","441","24","727","1362","0","53.38","19.24"
"65","000","00","013","1342","0000","2403","877","1526","101","2504","4173","0","60.0","21.02"
"65","000","00","013","1342","1855","797","276","521","14","811","1423","0","56.99","19.4"
"65","000","00","013","1342","1856","776","288","488","44","820","1321","0","62.07","21.8"
"65","000","00","013","1342","1857","830","313","517","43","873","1429","0","61.09","21.9"
"65","000","00","013","1343","0000","2741","1104","1637","95","2836","5120","0","55.39","21.56"
"65","000","00","013","1343","1852","900","373","527","21","921","1691","0","54.46","22.06"
"65","000","00","013","1343","1853","842","323","519","41","883","1657","0","53.29","19.49"
"65","000","00","013","1343","1854","999","408","591","33","1032","1772","0","58.24","23.02"
"65","000","00","013","1344","0000","1629","587","1042","64","1693","3048","0","55.54","19.26"
"65","000","00","013","1344","1845","870","307","563","20","890","1584","0","56.19","19.38"
"65","000","00","013","1344","1846","759","280","479","44","803","1464","0","54.85","19.13"
"65","000","00","013","1345","0000","1396","475","921","86","1482","2660","0","55.71","17.86"
"65","000","00","013","1345","1873","747","260","487","41","788","1367","0","57.64","19.02"
"65","000","00","013","1345","1874","649","215","434","45","694","1293","0","53.67","16.63"
"65","000","00","013","1346","0000","2820","1012","1808","117","2937","5364","0","54.75","18.87"
"65","000","00","013","1346","1889","930","407","523","71","1001","1774","0","56.43","22.94"
"65","000","00","013","1346","1890","948","321","627","34","982","1792","0","54.8","17.91"
"65","000","00","013","1346","1891","942","284","658","12","954","1798","0","53.06","15.8"
"65","000","00","013","1347","0000","1992","701","1291","122","2114","3736","0","56.58","18.76"
"65","000","00","013","1347","1903","714","246","468","39","753","1324","0","56.87","18.58"
"65","000","00","013","1347","1904","611","215","396","37","648","1189","0","54.5","18.08"
"65","000","00","013","1347","1905","667","240","427","46","713","1223","0","58.3","19.62"
"65","000","00","014","0000","0000","84733","30458","54275","5146","89879","167457","201173","53.67","18.19"
"65","000","00","014","1401","0000","5853","2109","3744","202","6055","10484","0","57.75","20.12"
"65","000","00","014","1401","0581","1026","380","646","33","1059","1791","0","59.13","21.22"
"65","000","00","014","1401","0582","1006","374","632","39","1045","1714","0","60.97","21.82"
"65","000","00","014","1401","0583","989","376","613","28","1017","1780","0","57.13","21.12"
"65","000","00","014","1401","0584","932","331","601","29","961","1713","0","56.1","19.32"
"65","000","00","014","1401","0585","958","321","637","32","990","1720","0","57.56","18.66"
"65","000","00","014","1401","0586","942","327","615","41","983","1766","0","55.66","18.52"
"65","000","00","014","1402","0000","2581","933","1648","161","2742","4958","0","55.3","18.82"
"65","000","00","014","1402","0573","864","324","540","50","914","1652","0","55.33","19.61"
"65","000","00","014","1402","0574","848","330","518","64","912","1650","0","55.27","20.0"
"65","000","00","014","1402","0575","869","279","590","47","916","1656","0","55.31","16.85"
"65","000","00","014","1403","0000","1558","429","1129","93","1651","3576","0","46.17","12.0"
"65","000","00","014","1403","0561","643","213","430","43","686","1779","0","38.56","11.97"
"65","000","00","014","1403","0562","915","216","699","50","965","1797","0","53.7","12.02"
"65","000","00","014","1404","0000","2480","899","1581","196","2676","4665","0","57.36","19.27"
"65","000","00","014","1404","0555","849","323","526","74","923","1600","0","57.69","20.19"
"65","000","00","014","1404","0556","805","279","526","56","861","1549","0","55.58","18.01"
"65","000","00","014","1404","0557","826","297","529","66","892","1516","0","58.84","19.59"
"65","000","00","014","1405","0000","1690","619","1071","132","1822","3361","0","54.21","18.42"
"65","000","00","014","1405","0655","811","295","516","65","876","1673","0","52.36","17.63"
"65","000","00","014","1405","0656","879","324","555","67","946","1688","0","56.04","19.19"
"65","000","00","014","1406","0000","4410","1576","2834","244","4654","9051","0","51.42","17.41"
"65","000","00","014","1406","0640","965","328","637","55","1020","1851","0","55.11","17.72"
"65","000","00","014","1406","0641","841","284","557","41","882","1791","0","49.25","15.86"
"65","000","00","014","1406","0642","864","332","532","58","922","1853","0","49.76","17.92"
"65","000","00","014","1406","0643","824","288","536","38","862","1758","0","49.03","16.38"
"65","000","00","014","1406","0644","916","344","572","52","968","1798","0","53.84","19.13"
"65","000","00","014","1407","0000","2667","940","1727","157","2824","5589","0","50.53","16.82"
"65","000","00","014","1407","0604","920","324","596","41","961","1806","0","53.21","17.94"
"65","000","00","014","1407","0605","932","334","598","64","996","1910","0","52.15","17.49"
"65","000","00","014","1407","0606","815","282","533","52","867","1873","0","46.29","15.06"
"65","000","00","014","1408","0000","2541","870","1671","133","2674","4826","0","55.41","18.03"
"65","000","00","014","1408","0616","847","289","558","42","889","1634","0","54.41","17.69"
"65","000","00","014","1408","0617","820","284","536","51","871","1573","0","55.37","18.05"
"65","000","00","014","1408","0618","874","297","577","40","914","1619","0","56.45","18.34"
"65","000","00","014","1409","0000","2803","980","1823","191","2994","5491","0","54.53","17.85"
"65","000","00","014","1409","0619","931","334","597","82","1013","1878","0","53.94","17.78"
"65","000","00","014","1409","0620","892","287","605","67","959","1797","0","53.37","15.97"
"65","000","00","014","1409","0621","980","359","621","42","1022","1816","0","56.28","19.77"
"65","000","00","014","1410","0000","1547","534","1013","125","1672","2836","0","58.96","18.83"
"65","000","00","014","1410","0622","726","244","482","67","793","1344","0","59.0","18.15"
"65","000","00","014","1410","0623","821","290","531","58","879","1492","0","58.91","19.44"
"65","000","00","014","1411","0000","1501","554","947","94","1595","2963","0","53.83","18.7"
"65","000","00","014","1411","0636","858","331","527","46","904","1602","0","56.43","20.66"
"65","000","00","014","1411","0637","643","223","420","48","691","1361","0","50.77","16.39"
"65","000","00","014","1412","0000","1221","430","791","120","1341","2287","0","58.64","18.8"
"65","000","00","014","1412","0634","581","233","348","61","642","1111","0","57.79","20.97"
"65","000","00","014","1412","0635","640","197","443","59","699","1176","0","59.44","16.75"
"65","000","00","014","1413","0000","962","318","644","92","1054","1959","0","53.8","16.23"
"65","000","00","014","1413","0624","962","318","644","92","1054","1959","0","53.8","16.23"
"65","000","00","014","1414","0000","1460","560","900","120","1580","2980","0","53.02","18.79"
"65","000","00","014","1414","0630","682","263","419","54","736","1332","0","55.26","19.74"
"65","000","00","014","1414","0631","778","297","481","66","844","1648","0","51.21","18.02"
"65","000","00","014","1415","0000","2762","1008","1754","140","2902","5122","0","56.66","19.68"
"65","000","00","014","1415","0587","838","272","566","49","887","1623","0","54.65","16.76"
"65","000","00","014","1415","0588","964","392","572","31","995","1740","0","57.18","22.53"
"65","000","00","014","1415","0589","960","344","616","60","1020","1759","0","57.99","19.56"
"65","000","00","014","1416","0000","2987","1107","1880","177","3164","5489","0","57.64","20.17"
"65","000","00","014","1416","0590","962","365","597","64","1026","1775","0","57.8","20.56"
"65","000","00","014","1416","0591","1046","378","668","42","1088","1909","0","56.99","19.8"
"65","000","00","014","1416","0592","979","364","615","71","1050","1805","0","58.17","20.17"
"65","000","00","014","1417","0000","3018","1116","1902","151","3169","5952","0","53.24","18.75"
"65","000","00","014","1417","0597","716","244","472","47","763","1434","0","53.21","17.02"
"65","000","00","014","1417","0598","765","289","476","45","810","1450","0","55.86","19.93"
"65","000","00","014","1417","0599","765","296","469","15","780","1543","0","50.55","19.18"
"65","000","00","014","1417","0600","772","287","485","44","816","1525","0","53.51","18.82"
"65","000","00","014","1418","0000","1662","570","1092","100","1762","3545","0","49.7","16.08"
"65","000","00","014","1418","0607","830","297","533","44","874","1785","0","48.96","16.64"
"65","000","00","014","1418","0608","832","273","559","56","888","1760","0","50.45","15.51"
"65","000","00","014","1419","0000","2548","900","1648","128","2676","5146","0","52.0","17.49"
"65","000","00","014","1419","0609","976","333","643","36","1012","1841","0","54.97","18.09"
"65","000","00","014","1419","0610","897","318","579","37","934","1855","0","50.35","17.14"
"65","000","00","014","1419","0611","675","249","426","55","730","1450","0","50.34","17.17"
"65","000","00","014","1420","0000","1479","520","959","141","1620","3126","0","51.82","16.63"
"65","000","00","014","1420","0612","772","275","497","58","830","1585","0","52.37","17.35"
"65","000","00","014","1420","0613","707","245","462","83","790","1541","0","51.27","15.9"
"65","000","00","014","1421","0000","3930","1526","2404","238","4168","8323","0","50.08","18.33"
"65","000","00","014","1421","0645","852","324","528","56","908","1645","0","55.2","19.7"
"65","000","00","014","1421","0646","740","271","469","52","792","1612","0","49.13","16.81"
"65","000","00","014","1421","0647","821","320","501","44","865","1784","0","48.49","17.94"
"65","000","00","014","1421","0648","736","260","476","56","792","1701","0","46.56","15.29"
"65","000","00","014","1421","0649","781","351","430","30","811","1581","0","51.3","22.2"
"65","000","00","014","1422","0000","2516","939","1577","148","2664","4648","0","57.31","20.2"
"65","000","00","014","1422","0650","799","318","481","47","846","1534","0","55.15","20.73"
"65","000","00","014","1422","0651","880","326","554","49","929","1620","0","57.35","20.12"
"65","000","00","014","1422","0652","837","295","542","52","889","1494","0","59.5","19.75"
"65","000","00","014","1423","0000","1501","531","970","86","1587","2881","0","55.09","18.43"
"65","000","00","014","1423","0579","684","252","432","42","726","1367","0","53.11","18.43"
"65","000","00","014","1423","0580","817","279","538","44","861","1514","0","56.87","18.43"
"65","000","00","014","1424","0000","2395","831","1564","131","2526","4810","0","52.52","17.28"
"65","000","00","014","1424","0566","772","267","505","41","813","1524","0","53.35","17.52"
"65","000","00","014","1424","0567","778","275","503","58","836","1612","0","51.86","17.06"
"65","000","00","014","1424","0568","845","289","556","32","877","1674","0","52.39","17.26"
"65","000","00","014","1425","0000","1543","672","871","83","1626","2938","0","55.34","22.87"
"65","000","00","014","1425","0571","789","300","489","40","829","1473","0","56.28","20.37"
"65","000","00","014","1425","0572","754","372","382","43","797","1465","0","54.4","25.39"
"65","000","00","014","1426","0000","1380","480","900","67","1447","2726","0","53.08","17.61"
"65","000","00","014","1426","0632","689","245","444","32","721","1355","0","53.21","18.08"
"65","000","00","014","1426","0633","691","235","456","35","726","1371","0","52.95","17.14"
"65","000","00","014","1427","0000","2585","916","1669","171","2756","4838","0","56.97","18.93"
"65","000","00","014","1427","0625","810","280","530","74","884","1611","0","54.87","17.38"
"65","000","00","014","1427","0626","898","323","575","45","943","1574","0","59.91","20.52"
"65","000","00","014","1427","0627","877","313","564","52","929","1653","0","56.2","18.94"
"65","000","00","014","1428","0000","1927","694","1233","105","2032","4897","0","41.49","14.17"
"65","000","00","014","1428","0628","1013","357","656","47","1060","3085","0","34.36","11.57"
"65","000","00","014","1428","0629","914","337","577","58","972","1812","0","53.64","18.6"
"65","000","00","014","1429","0000","2226","762","1464","147","2373","4270","0","55.57","17.85"
"65","000","00","014","1429","0558","723","243","480","52","775","1404","0","55.2","17.31"
"65","000","00","014","1429","0559","692","233","459","65","757","1381","0","54.82","16.87"
"65","000","00","014","1429","0560","811","286","525","30","841","1485","0","56.63","19.26"
"65","000","00","014","1430","0000","1386","473","913","93","1479","2725","0","54.28","17.36"
"65","000","00","014","1430","0657","643","216","427","39","682","1249","0","54.6","17.29"
"65","000","00","014","1430","0658","743","257","486","54","797","1476","0","54.0","17.41"
"65","000","00","014","1431","0000","2308","865","1443","133","2441","4569","0","53.43","18.93"
"65","000","00","014","1431","0576","780","282","498","45","825","1571","0","52.51","17.95"
"65","000","00","014","1431","0577","766","295","471","50","816","1523","0","53.58","19.37"
"65","000","00","014","1431","0578","762","288","474","38","800","1475","0","54.24","19.53"
"65","000","00","014","1432","0000","1235","401","834","127","1362","2455","0","55.48","16.33"
"65","000","00","014","1432","0638","774","251","523","61","835","1530","0","54.58","16.41"
"65","000","00","014","1432","0639","461","150","311","66","527","925","0","56.97","16.22"
"65","000","00","014","1433","0000","1169","463","706","61","1230","2168","0","56.73","21.36"
"65","000","00","014","1433","0653","630","251","379","29","659","1183","0","55.71","21.22"
"65","000","00","014","1433","0654","539","212","327","32","571","985","0","57.97","21.52"
"65","000","00","014","1434","0000","1485","547","938","105","1590","2867","0","55.46","19.08"
"65","000","00","014","1434","0614","818","294","524","54","872","1626","0","53.63","18.08"
"65","000","00","014","1434","0615","667","253","414","51","718","1241","0","57.86","20.39"
"65","000","00","014","1435","0000","2331","791","1540","139","2470","4566","0","54.1","17.32"
"65","000","00","014","1435","0563","738","251","487","50","788","1364","0","57.77","18.4"
"65","000","00","014","1435","0564","869","306","563","57","926","1635","0","56.64","18.72"
"65","000","00","014","1435","0565","724","234","490","32","756","1567","0","48.25","14.93"
"65","000","00","014","1436","0000","1668","585","1083","76","1744","3652","0","47.75","16.02"
"65","000","00","014","1436","0569","870","311","559","45","915","1838","0","49.78","16.92"
"65","000","00","014","1436","0570","798","274","524","31","829","1814","0","45.7","15.1"
"65","000","00","014","1437","0000","3369","1262","2107","205","3574","6697","0","53.37","18.84"
"65","000","00","014","1437","0593","834","309","525","40","874","1642","0","53.23","18.82"
"65","000","00","014","1437","0594","872","329","543","59","931","1713","0","54.35","19.21"
"65","000","00","014","1437","0595","835","317","518","57","892","1746","0","51.09","18.16"
"65","000","00","014","1437","0596","828","307","521","49","877","1596","0","54.95","19.24"
"65","000","00","014","1438","0000","2049","748","1301","134","2183","4021","0","54.29","18.6"
"65","000","00","014","1438","0601","681","257","424","54","735","1419","0","51.8","18.11"
"65","000","00","014","1438","0602","705","262","443","35","740","1298","0","57.01","20.18"
"65","000","00","014","1438","0603","663","229","434","45","708","1304","0","54.29","17.56"
"65","000","00","015","0000","0000","36614","12563","24051","2267","38881","72443","86156","53.67","17.34"
"65","000","00","015","1501","0000","2158","776","1382","155","2313","4225","0","54.75","18.37"
"65","000","00","015","1501","0207","728","269","459","74","802","1456","0","55.08","18.48"
"65","000","00","015","1501","0208","742","258","484","44","786","1482","0","53.04","17.41"
"65","000","00","015","1501","0209","688","249","439","37","725","1287","0","56.33","19.35"
"65","000","00","015","1502","0000","542","210","332","33","575","1106","0","51.99","18.99"
"65","000","00","015","1502","0210","542","210","332","33","575","1106","0","51.99","18.99"
"65","000","00","015","1503","0000","1778","621","1157","122","1900","3437","0","55.28","18.07"
"65","000","00","015","1503","0212","914","319","595","46","960","1833","0","52.37","17.4"
"65","000","00","015","1503","0213","618","229","389","38","656","1141","0","57.49","20.07"
"65","000","00","015","1503","0214","246","73","173","38","284","463","0","61.34","15.77"
"65","000","00","015","1504","0000","619","202","417","63","682","1283","0","53.16","15.74"
"65","000","00","015","1504","0211","619","202","417","63","682","1283","0","53.16","15.74"
"65","000","00","015","1505","0000","2527","881","1646","156","2683","5271","0","50.9","16.71"
"65","000","00","015","1505","0219","883","314","569","83","966","1832","0","52.73","17.14"
"65","000","00","015","1505","0220","793","280","513","28","821","1542","0","53.24","18.16"
"65","000","00","015","1505","0221","851","287","564","45","896","1897","0","47.23","15.13"
"65","000","00","015","1506","0000","2539","880","1659","209","2748","5478","0","50.16","16.06"
"65","000","00","015","1506","0222","873","308","565","89","962","1964","0","48.98","15.68"
"65","000","00","015","1506","0223","829","284","545","56","885","1779","0","49.75","15.96"
"65","000","00","015","1506","0224","837","288","549","64","901","1735","0","51.93","16.6"
"65","000","00","015","1507","0000","587","238","349","33","620","1281","0","48.4","18.58"
"65","000","00","015","1507","0229","587","238","349","33","620","1281","0","48.4","18.58"
"65","000","00","015","1508","0000","2050","865","1185","143","2193","3910","0","56.09","22.12"
"65","000","00","015","1508","0236","498","198","300","34","532","1333","0","39.91","14.85"
"65","000","00","015","1508","0237","712","285","427","48","760","1263","0","60.17","22.57"
"65","000","00","015","1508","0238","840","382","458","61","901","1314","0","68.57","29.07"
"65","000","00","015","1509","0000","1522","464","1058","87","1609","3126","0","51.47","14.84"
"65","000","00","015","1509","0230","794","245","549","54","848","1566","0","54.15","15.64"
"65","000","00","015","1509","0231","728","219","509","33","761","1560","0","48.78","14.04"
"65","000","00","015","1510","0000","2391","813","1578","129","2520","4643","0","54.28","17.51"
"65","000","00","015","1510","0239","755","269","486","32","787","1513","0","52.02","17.78"
"65","000","00","015","1510","0240","828","259","569","32","860","1517","0","56.69","17.07"
"65","000","00","015","1510","0241","808","285","523","65","873","1613","0","54.12","17.67"
"65","000","00","015","1511","0000","1118","301","817","55","1173","2281","0","51.42","13.2"
"65","000","00","015","1511","0253","549","146","403","22","571","1127","0","50.67","12.95"
"65","000","00","015","1511","0254","569","155","414","33","602","1154","0","52.17","13.43"
"65","000","00","015","1512","0000","1561","421","1140","102","1663","2709","0","61.39","15.54"
"65","000","00","015","1512","0251","794","209","585","59","853","1397","0","61.06","14.96"
"65","000","00","015","1512","0252","767","212","555","43","810","1312","0","61.74","16.16"
"65","000","00","015","1513","0000","2135","703","1432","101","2236","3916","0","57.1","17.95"
"65","000","00","015","1513","0248","735","247","488","27","762","1441","0","52.88","17.14"
"65","000","00","015","1513","0249","723","234","489","32","755","1305","0","57.85","17.93"
"65","000","00","015","1513","0250","677","222","455","42","719","1170","0","61.45","18.97"
"65","000","00","015","1514","0000","1451","518","933","127","1578","2819","0","55.98","18.38"
"65","000","00","015","1514","0217","773","294","479","70","843","1534","0","54.95","19.17"
"65","000","00","015","1514","0218","678","224","454","57","735","1285","0","57.2","17.43"
"65","000","00","015","1515","0000","1765","590","1175","71","1836","3401","0","53.98","17.35"
"65","000","00","015","1515","0232","843","284","559","33","876","1622","0","54.01","17.51"
"65","000","00","015","1515","0233","922","306","616","38","960","1779","0","53.96","17.2"
"65","000","00","015","1516","0000","1747","595","1152","91","1838","3446","0","53.34","17.27"
"65","000","00","015","1516","0215","923","291","632","50","973","1786","0","54.48","16.29"
"65","000","00","015","1516","0216","824","304","520","41","865","1660","0","52.11","18.31"
"65","000","00","015","1517","0000","1524","536","988","111","1635","3054","0","53.54","17.55"
"65","000","00","015","1517","0234","716","241","475","61","777","1487","0","52.25","16.21"
"65","000","00","015","1517","0235","808","295","513","50","858","1567","0","54.75","18.83"
"65","000","00","015","1518","0000","3623","1220","2403","210","3833","7389","0","51.87","16.51"
"65","000","00","015","1518","0225","1103","420","683","31","1134","2299","0","49.33","18.27"
"65","000","00","015","1518","0226","803","256","547","52","855","1755","0","48.72","14.59"
"65","000","00","015","1518","0227","870","281","589","56","926","1674","0","55.32","16.79"
"65","000","00","015","1518","0228","847","263","584","71","918","1661","0","55.27","15.83"
"65","000","00","015","1519","0000","3456","1221","2235","184","3640","6815","0","53.41","17.92"
"65","000","00","015","1519","0242","818","254","564","56","874","1616","0","54.08","15.72"
"65","000","00","015","1519","0243","819","304","515","48","867","1616","0","53.65","18.81"
"65","000","00","015","1519","0244","867","292","575","52","919","1689","0","54.41","17.29"
"65","000","00","015","1519","0245","952","371","581","28","980","1894","0","51.74","19.59"
"65","000","00","015","1520","0000","1521","508","1013","85","1606","2853","0","56.29","17.81"
"65","000","00","015","1520","0246","710","237","473","53","763","1210","0","63.06","19.59"
"65","000","00","015","1520","0247","811","271","540","32","843","1643","0","51.31","16.49"
"65","000","00","016","0000","0000","33797","11483","22314","1789","35586","64252","78683","55.39","17.87"
"65","000","00","016","1601","0000","416","140","276","26","442","829","0","53.32","16.89"
"65","000","00","016","1601","0255","305","97","208","21","326","643","0","50.7","15.09"
"65","000","00","016","1601","0256","111","43","68","5","116","186","0","62.37","23.12"
"65","000","00","016","1602","0000","1552","500","1052","86","1638","3051","0","53.69","16.39"
"65","000","00","016","1602","0257","717","223","494","30","747","1457","0","51.27","15.31"
"65","000","00","016","1602","0258","835","277","558","56","891","1594","0","55.9","17.38"
"65","000","00","016","1603","0000","2922","954","1968","169","3091","5921","0","52.2","16.11"
"65","000","00","016","1603","0259","765","218","547","41","806","1598","0","50.44","13.64"
"65","000","00","016","1603","0260","741","273","468","26","767","1503","0","51.03","18.16"
"65","000","00","016","1603","0261","686","231","455","63","749","1436","0","52.16","16.09"
"65","000","00","016","1603","0262","730","232","498","39","769","1384","0","55.56","16.76"
"65","000","00","016","1604","0000","1315","422","893","71","1386","2526","0","54.87","16.71"
"65","000","00","016","1604","0263","664","209","455","38","702","1231","0","57.03","16.98"
"65","000","00","016","1604","0264","651","213","438","33","684","1295","0","52.82","16.45"
"65","000","00","016","1605","0000","2023","681","1342","109","2132","3901","0","54.65","17.46"
"65","000","00","016","1605","0267","647","231","416","29","676","1253","0","53.95","18.44"
"65","000","00","016","1605","0268","636","184","452","30","666","1294","0","51.47","14.22"
"65","000","00","016","1605","0269","740","266","474","50","790","1354","0","58.35","19.65"
"65","000","00","016","1606","0000","1915","662","1253","83","1998","3605","0","55.42","18.36"
"65","000","00","016","1606","0270","665","223","442","25","690","1259","0","54.81","17.71"
"65","000","00","016","1606","0271","693","254","439","26","719","1252","0","57.43","20.29"
"65","000","00","016","1606","0272","557","185","372","32","589","1094","0","53.84","16.91"
"65","000","00","016","1607","0000","2134","790","1344","144","2278","4048","0","56.27","19.52"
"65","000","00","016","1607","0280","692","274","418","42","734","1201","0","61.12","22.81"
"65","000","00","016","1607","0281","618","232","386","45","663","1182","0","56.09","19.63"
"65","000","00","016","1607","0282","824","284","540","57","881","1665","0","52.91","17.06"
"65","000","00","016","1608","0000","1801","630","1171","88","1889","3306","0","57.14","19.06"
"65","000","00","016","1608","0287","585","196","389","31","616","1152","0","53.47","17.01"
"65","000","00","016","1608","0288","601","234","367","23","624","1114","0","56.01","21.01"
"65","000","00","016","1608","0289","615","200","415","34","649","1040","0","62.4","19.23"
"65","000","00","016","1609","0000","1914","644","1270","77","1991","3517","0","56.61","18.31"
"65","000","00","016","1609","0294","659","227","432","29","688","1211","0","56.81","18.74"
"65","000","00","016","1609","0295","690","233","457","23","713","1237","0","57.64","18.84"
"65","000","00","016","1609","0296","565","184","381","25","590","1069","0","55.19","17.21"
"65","000","00","016","1610","0000","2314","766","1548","129","2443","4348","0","56.19","17.62"
"65","000","00","016","1610","0299","713","232","481","34","747","1420","0","52.61","16.34"
"65","000","00","016","1610","0300","732","259","473","51","783","1337","0","58.56","19.37"
"65","000","00","016","1610","0301","869","275","594","44","913","1591","0","57.39","17.28"
"65","000","00","016","1611","0000","1701","569","1132","104","1805","3224","0","55.99","17.65"
"65","000","00","016","1611","0273","855","295","560","37","892","1590","0","56.1","18.55"
"65","000","00","016","1611","0274","846","274","572","67","913","1634","0","55.88","16.77"
"65","000","00","016","1612","0000","3675","1281","2394","219","3894","7245","0","53.75","17.68"
"65","000","00","016","1612","0283","958","305","653","52","1010","1855","0","54.45","16.44"
"65","000","00","016","1612","0284","949","329","620","81","1030","1866","0","55.2","17.63"
"65","000","00","016","1612","0285","983","364","619","52","1035","1935","0","53.49","18.81"
"65","000","00","016","1612","0286","785","283","502","34","819","1589","0","51.54","17.81"
"65","000","00","016","1613","0000","1145","430","715","59","1204","1978","0","60.87","21.74"
"65","000","00","016","1613","0290","567","208","359","38","605","1003","0","60.32","20.74"
"65","000","00","016","1613","0291","578","222","356","21","599","975","0","61.44","22.77"
"65","000","00","016","1614","0000","1490","499","991","81","1571","2920","0","53.8","17.09"
"65","000","00","016","1614","0292","742","239","503","44","786","1440","0","54.58","16.6"
"65","000","00","016","1614","0293","748","260","488","37","785","1480","0","53.04","17.57"
"65","000","00","016","1615","0000","1848","624","1224","80","1928","3331","0","57.88","18.73"
"65","000","00","016","1615","0297","939","317","622","50","989","1680","0","58.87","18.87"
"65","000","00","016","1615","0298","909","307","602","30","939","1651","0","56.87","18.59"
"65","000","00","016","1616","0000","1733","596","1137","102","1835","3173","0","57.83","18.78"
"65","000","00","016","1616","0265","852","314","538","48","900","1563","0","57.58","20.09"
"65","000","00","016","1616","0266","881","282","599","54","935","1610","0","58.07","17.52"
"65","000","00","016","1617","0000","3899","1295","2604","162","4061","7329","0","55.41","17.67"
"65","000","00","016","1617","0275","694","246","448","35","729","1536","0","47.46","16.02"
"65","000","00","016","1617","0276","858","308","550","30","888","1534","0","57.89","20.08"
"65","000","00","016","1617","0277","910","257","653","40","950","1545","0","61.49","16.63"
"65","000","00","016","1617","0278","747","246","501","37","784","1399","0","56.04","17.58"
"65","000","00","016","1617","0279","690","238","452","20","710","1315","0","53.99","18.1"
"65","000","00","017","0000","0000","46065","16387","29678","2208","48273","86203","108950","56.0","19.01"
"65","000","00","017","1701","0000","1860","627","1233","130","1990","3657","0","54.42","17.15"
"65","000","00","017","1701","0145","640","195","445","43","683","1268","0","53.86","15.38"
"65","000","00","017","1701","0146","572","209","363","35","607","1171","0","51.84","17.85"
"65","000","00","017","1701","0147","648","223","425","52","700","1218","0","57.47","18.31"
"65","000","00","017","1702","0000","2347","858","1489","152","2499","4861","0","51.41","17.65"
"65","000","00","017","1702","0148","879","323","556","41","920","1788","0","51.45","18.06"
"65","000","00","017","1702","0149","764","279","485","56","820","1625","0","50.46","17.17"
"65","000","00","017","1702","0150","704","256","448","55","759","1448","0","52.42","17.68"
"65","000","00","017","1703","0000","4324","1493","2831","244","4568","8259","0","55.31","18.08"
"65","000","00","017","1703","0151","620","198","422","65","685","1328","0","51.58","14.91"
"65","000","00","017","1703","0152","655","224","431","51","706","1523","0","46.36","14.71"
"65","000","00","017","1703","0153","647","218","429","36","683","1245","0","54.86","17.51"
"65","000","00","017","1703","0154","797","261","536","29","826","1329","0","62.15","19.64"
"65","000","00","017","1703","0155","817","303","514","39","856","1465","0","58.43","20.68"
"65","000","00","017","1703","0156","788","289","499","24","812","1369","0","59.31","21.11"
"65","000","00","017","1704","0000","2122","728","1394","118","2240","3818","0","58.67","19.07"
"65","000","00","017","1704","0157","755","264","491","35","790","1346","0","58.69","19.61"
"65","000","00","017","1704","0158","592","203","389","57","649","1181","0","54.95","17.19"
"65","000","00","017","1704","0159","775","261","514","26","801","1291","0","62.04","20.22"
"65","000","00","017","1705","0000","1942","640","1302","112","2054","3654","0","56.21","17.52"
"65","000","00","017","1705","0160","629","209","420","44","673","1213","0","55.48","17.23"
"65","000","00","017","1705","0161","704","231","473","30","734","1256","0","58.44","18.39"
"65","000","00","017","1705","0162","609","200","409","38","647","1185","0","54.6","16.88"
"65","000","00","017","1706","0000","711","218","493","47","758","1361","0","55.69","16.02"
"65","000","00","017","1706","0163","711","218","493","47","758","1361","0","55.69","16.02"
"65","000","00","017","1707","0000","9294","3311","5983","310","9604","17256","0","55.66","19.19"
"65","000","00","017","1707","0164","880","290","590","21","901","1756","0","51.31","16.51"
"65","000","00","017","1707","0165","844","274","570","23","867","1676","0","51.73","16.35"
"65","000","00","017","1707","0166","852","290","562","17","869","1540","0","56.43","18.83"
"65","000","00","017","1707","0167","820","290","530","30","850","1569","0","54.17","18.48"
"65","000","00","017","1707","0168","813","303","510","24","837","1514","0","55.28","20.01"
"65","000","00","017","1707","0169","673","268","405","20","693","1193","0","58.09","22.46"
"65","000","00","017","1707","0170","889","308","581","23","912","1610","0","56.65","19.13"
"65","000","00","017","1707","0171","743","287","456","34","777","1338","0","58.07","21.45"
"65","000","00","017","1707","0172","617","201","416","31","648","1141","0","56.79","17.62"
"65","000","00","017","1707","0173","714","271","443","27","741","1307","0","56.69","20.73"
"65","000","00","017","1707","0174","731","256","475","32","763","1327","0","57.5","19.29"
"65","000","00","017","1707","0175","718","273","445","28","746","1285","0","58.05","21.25"
"65","000","00","017","1708","0000","8516","3140","5376","265","8781","15777","0","55.66","19.9"
"65","000","00","017","1708","0176","804","275","529","34","838","1481","0","56.58","18.57"
"65","000","00","017","1708","0177","850","334","516","16","866","1510","0","57.35","22.12"
"65","000","00","017","1708","0178","913","339","574","41","954","1785","0","53.45","18.99"
"65","000","00","017","1708","0179","945","342","603","25","970","1792","0","54.13","19.08"
"65","000","00","017","1708","0180","841","315","526","17","858","1517","0","56.56","20.76"
"65","000","00","017","1708","0181","868","311","557","29","897","1564","0","57.35","19.88"
"65","000","00","017","1708","0182","872","290","582","22","894","1560","0","57.31","18.59"
"65","000","00","017","1708","0183","809","326","483","30","839","1544","0","54.34","21.11"
"65","000","00","017","1708","0184","836","308","528","26","862","1593","0","54.11","19.33"
"65","000","00","017","1708","0185","778","300","478","25","803","1431","0","56.11","20.96"
"65","000","00","017","1709","0000","2915","1006","1909","155","3070","5291","0","58.02","19.01"
"65","000","00","017","1709","0195","795","270","525","25","820","1380","0","59.42","19.57"
"65","000","00","017","1709","0196","723","242","481","45","768","1367","0","56.18","17.7"
"65","000","00","017","1709","0197","738","256","482","41","779","1350","0","57.7","18.96"
"65","000","00","017","1709","0198","659","238","421","44","703","1194","0","58.88","19.93"
"65","000","00","017","1710","0000","459","142","317","45","504","1026","0","49.12","13.84"
"65","000","00","017","1710","0202","459","142","317","45","504","1026","0","49.12","13.84"
"65","000","00","017","1711","0000","619","214","405","58","677","1210","0","55.95","17.69"
"65","000","00","017","1711","0203","619","214","405","58","677","1210","0","55.95","17.69"
"65","000","00","017","1712","0000","449","159","290","68","517","912","0","56.69","17.43"
"65","000","00","017","1712","0204","449","159","290","68","517","912","0","56.69","17.43"
"65","000","00","017","1713","0000","450","173","277","34","484","824","0","58.74","21.0"
"65","000","00","017","1713","0205","450","173","277","34","484","824","0","58.74","21.0"
"65","000","00","017","1714","0000","757","261","496","74","831","1411","0","58.89","18.5"
"65","000","00","017","1714","0206","757","261","496","74","831","1411","0","58.89","18.5"
"65","000","00","017","1715","0000","3229","1254","1975","126","3355","5852","0","57.33","21.43"
"65","000","00","017","1715","0186","812","320","492","28","840","1571","0","53.47","20.37"
"65","000","00","017","1715","0187","800","314","486","30","830","1439","0","57.68","21.82"
"65","000","00","017","1715","0188","811","305","506","33","844","1451","0","58.17","21.02"
"65","000","00","017","1715","0189","806","315","491","35","841","1391","0","60.46","22.65"
"65","000","00","017","1716","0000","4093","1482","2611","161","4254","7417","0","57.35","19.98"
"65","000","00","017","1716","0190","775","273","502","38","813","1461","0","55.65","18.69"
"65","000","00","017","1716","0191","898","338","560","18","916","1691","0","54.17","19.99"
"65","000","00","017","1716","0192","800","297","503","46","846","1524","0","55.51","19.49"
"65","000","00","017","1716","0193","803","271","532","36","839","1343","0","62.47","20.18"
"65","000","00","017","1716","0194","817","303","514","23","840","1398","0","60.09","21.67"
"65","000","00","017","1717","0000","1978","681","1297","109","2087","3617","0","57.7","18.83"
"65","000","00","017","1717","0199","686","226","460","51","737","1344","0","54.84","16.82"
"65","000","00","017","1717","0200","622","214","408","31","653","1154","0","56.59","18.54"
"65","000","00","017","1717","0201","670","241","429","27","697","1119","0","62.29","21.54"
"65","000","00","018","0000","0000","10770","3779","6991","587","11357","20624","23617","55.07","18.32"
"65","000","00","018","1801","0000","1504","549","955","65","1569","3004","0","52.23","18.28"
"65","000","00","018","1801","2169","687","261","426","15","702","1496","0","46.93","17.45"
"65","000","00","018","1801","2170","817","288","529","50","867","1508","0","57.49","19.1"
"65","000","00","018","1802","0000","1201","405","796","71","1272","2281","0","55.77","17.76"
"65","000","00","018","1802","2163","573","209","364","29","602","1142","0","52.71","18.3"
"65","000","00","018","1802","2164","628","196","432","42","670","1139","0","58.82","17.21"
"65","000","00","018","1803","0000","1318","468","850","70","1388","2710","0","51.22","17.27"
"65","000","00","018","1803","2167","647","232","415","44","691","1330","0","51.95","17.44"
"65","000","00","018","1803","2168","671","236","435","26","697","1380","0","50.51","17.1"
"65","000","00","018","1804","0000","1033","378","655","52","1085","1946","0","55.76","19.42"
"65","000","00","018","1804","2174","380","137","243","23","403","782","0","51.53","17.52"
"65","000","00","018","1804","2175","653","241","412","29","682","1164","0","58.59","20.7"
"65","000","00","018","1805","0000","317","101","216","23","340","556","0","61.15","18.17"
"65","000","00","018","1805","2178","317","101","216","23","340","556","0","61.15","18.17"
"65","000","00","018","1806","0000","3016","1059","1957","140","3156","5579","0","56.57","18.98"
"65","000","00","018","1806","2171","886","322","564","43","929","1624","0","57.2","19.83"
"65","000","00","018","1806","2172","1124","382","742","44","1168","2165","0","53.95","17.64"
"65","000","00","018","1806","2173","1006","355","651","53","1059","1790","0","59.16","19.83"
"65","000","00","018","1807","0000","1206","411","795","85","1291","2465","0","52.37","16.67"
"65","000","00","018","1807","2165","531","180","351","45","576","1065","0","54.08","16.9"
"65","000","00","018","1807","2166","675","231","444","40","715","1400","0","51.07","16.5"
"65","000","00","018","1808","0000","1175","408","767","81","1256","2083","0","60.3","19.59"
"65","000","00","018","1808","2176","748","260","488","53","801","1344","0","59.6","19.35"
"65","000","00","018","1808","2177","427","148","279","28","455","739","0","61.57","20.03"
"65","000","00","019","0000","0000","3170","1015","2155","300","3470","6861","7727","50.58","14.79"
"65","000","00","019","1901","0000","224","79","145","20","244","391","0","62.4","20.2"
"65","000","00","019","1901","2179","224","79","145","20","244","391","0","62.4","20.2"
"65","000","00","019","1902","0000","364","106","258","40","404","789","0","51.2","13.43"
"65","000","00","019","1902","2180","364","106","258","40","404","789","0","51.2","13.43"
"65","000","00","019","1903","0000","268","94","174","35","303","683","0","44.36","13.76"
"65","000","00","019","1903","2185","268","94","174","35","303","683","0","44.36","13.76"
"65","000","00","019","1904","0000","252","76","176","26","278","662","0","41.99","11.48"
"65","000","00","019","1904","2181","252","76","176","26","278","662","0","41.99","11.48"
"65","000","00","019","1905","0000","149","39","110","12","161","310","0","51.94","12.58"
"65","000","00","019","1905","2182","149","39","110","12","161","310","0","51.94","12.58"
"65","000","00","019","1906","0000","166","43","123","20","186","373","0","49.87","11.53"
"65","000","00","019","1906","2183","133","33","100","15","148","280","0","52.86","11.79"
"65","000","00","019","1906","2184","33","10","23","5","38","93","0","40.86","10.75"
"65","000","00","019","1907","0000","299","82","217","17","316","591","0","53.47","13.87"
"65","000","00","019","1907","2188","299","82","217","17","316","591","0","53.47","13.87"
"65","000","00","019","1908","0000","270","92","178","16","286","726","0","39.39","12.67"
"65","000","00","019","1908","2187","270","92","178","16","286","726","0","39.39","12.67"
"65","000","00","019","1909","0000","164","55","109","26","190","282","0","67.38","19.5"
"65","000","00","019","1909","2189","164","55","109","26","190","282","0","67.38","19.5"
"65","000","00","019","1910","0000","190","63","127","17","207","323","0","64.09","19.5"
"65","000","00","019","1910","2186","190","63","127","17","207","323","0","64.09","19.5"
"65","000","00","019","1911","0000","322","104","218","17","339","788","0","43.02","13.2"
"65","000","00","019","1911","2190","322","104","218","17","339","788","0","43.02","13.2"
"65","000","00","019","1912","0000","502","182","320","54","556","943","0","58.96","19.3"
"65","000","00","019","1912","2191","502","182","320","54","556","943","0","58.96","19.3"
"65","000","00","020","0000","0000","2732","828","1904","293","3025","5891","6570","51.35","14.06"
"65","000","00","020","2001","0000","429","133","296","58","487","843","0","57.77","15.78"
"65","000","00","020","2001","2196","299","95","204","33","332","595","0","55.8","15.97"
"65","000","00","020","2001","2197","130","38","92","25","155","248","0","62.5","15.32"
"65","000","00","020","2002","0000","633","201","432","44","677","1248","0","54.25","16.11"
"65","000","00","020","2002","2192","633","201","432","44","677","1248","0","54.25","16.11"
"65","000","00","020","2003","0000","584","146","438","71","655","1141","0","57.41","12.8"
"65","000","00","020","2003","2194","584","146","438","71","655","1141","0","57.41","12.8"
"65","000","00","020","2004","0000","166","66","100","9","175","417","0","41.97","15.83"
"65","000","00","020","2004","2195","166","66","100","9","175","417","0","41.97","15.83"
"65","000","00","020","2005","0000","336","109","227","40","376","816","0","46.08","13.36"
"65","000","00","020","2005","2198","152","51","101","16","168","338","0","49.7","15.09"
"65","000","00","020","2005","2199","184","58","126","24","208","478","0","43.51","12.13"
"65","000","00","020","2006","0000","252","81","171","40","292","612","0","47.71","13.24"
"65","000","00","020","2006","2193","252","81","171","40","292","612","0","47.71","13.24"
"65","000","00","020","2007","0000","332","92","240","31","363","814","0","44.59","11.3"
"65","000","00","020","2007","2200","151","50","101","9","160","390","0","41.03","12.82"
"65","000","00","020","2007","2201","181","42","139","22","203","424","0","47.88","9.91"
"65","000","00","021","0000","0000","9099","3073","6026","671","9770","20119","23010","48.56","15.27"
"65","000","00","021","2101","0000","136","46","90","12","148","312","0","47.44","14.74"
"65","000","00","021","2101","0011","136","46","90","12","148","312","0","47.44","14.74"
"65","000","00","021","2102","0000","2294","817","1477","146","2440","4806","0","50.77","17.0"
"65","000","00","021","2102","0012","668","239","429","32","700","1421","0","49.26","16.82"
"65","000","00","021","2102","0013","755","268","487","50","805","1557","0","51.7","17.21"
"65","000","00","021","2102","0014","871","310","561","64","935","1828","0","51.15","16.96"
"65","000","00","021","2103","0000","501","172","329","42","543","1060","0","51.23","16.23"
"65","000","00","021","2103","0015","501","172","329","42","543","1060","0","51.23","16.23"
"65","000","00","021","2104","0000","316","110","206","40","356","819","0","43.47","13.43"
"65","000","00","021","2104","0016","316","110","206","40","356","819","0","43.47","13.43"
"65","000","00","021","2105","0000","2644","870","1774","176","2820","6140","0","45.93","14.17"
"65","000","00","021","2105","0017","683","214","469","36","719","1701","0","42.27","12.58"
"65","000","00","021","2105","0018","786","281","505","53","839","1740","0","48.22","16.15"
"65","000","00","021","2105","0019","640","214","426","47","687","1451","0","47.35","14.75"
"65","000","00","021","2105","0020","535","161","374","40","575","1248","0","46.07","12.9"
"65","000","00","021","2106","0000","321","100","221","13","334","629","0","53.1","15.9"
"65","000","00","021","2106","0021","321","100","221","13","334","629","0","53.1","15.9"
"65","000","00","021","2107","0000","215","55","160","19","234","504","0","46.43","10.91"
"65","000","00","021","2107","0022","215","55","160","19","234","504","0","46.43","10.91"
"65","000","00","021","2108","0000","295","95","200","23","318","698","0","45.56","13.61"
"65","000","00","021","2108","0023","295","95","200","23","318","698","0","45.56","13.61"
"65","000","00","021","2109","0000","928","307","621","46","974","2069","0","47.08","14.84"
"65","000","00","021","2109","0024","928","307","621","46","974","2069","0","47.08","14.84"
"65","000","00","021","2110","0000","387","140","247","30","417","784","0","53.19","17.86"
"65","000","00","021","2110","0025","387","140","247","30","417","784","0","53.19","17.86"
"65","000","00","021","2111","0000","237","70","167","29","266","522","0","50.96","13.41"
"65","000","00","021","2111","0026","237","70","167","29","266","522","0","50.96","13.41"
"65","000","00","021","2112","0000","264","90","174","44","308","587","0","52.47","15.33"
"65","000","00","021","2112","0027","264","90","174","44","308","587","0","52.47","15.33"
"65","000","00","021","2113","0000","561","201","360","51","612","1189","0","51.47","16.9"
"65","000","00","021","2113","0028","561","201","360","51","612","1189","0","51.47","16.9"
"65","000","00","022","0000","0000","4887","1535","3352","570","5457","10528","12158","51.83","14.58"
"65","000","00","022","2201","0000","530","197","333","51","581","1121","0","51.83","17.57"
"65","000","00","022","2201","0001","530","197","333","51","581","1121","0","51.83","17.57"
"65","000","00","022","2202","0000","512","195","317","161","673","1389","0","48.45","14.04"
"65","000","00","022","2202","0002","512","195","317","161","673","1389","0","48.45","14.04"
"65","000","00","022","2203","0000","1007","310","697","105","1112","2177","0","51.08","14.24"
"65","000","00","022","2203","0003","447","128","319","46","493","933","0","52.84","13.72"
"65","000","00","022","2203","0004","560","182","378","59","619","1244","0","49.76","14.63"
"65","000","00","022","2204","0000","425","122","303","60","485","883","0","54.93","13.82"
"65","000","00","022","2204","0005","425","122","303","60","485","883","0","54.93","13.82"
"65","000","00","022","2205","0000","795","240","555","46","841","1564","0","53.77","15.35"
"65","000","00","022","2205","0006","795","240","555","46","841","1564","0","53.77","15.35"
"65","000","00","022","2206","0000","747","229","518","50","797","1500","0","53.13","15.27"
"65","000","00","022","2206","0007","747","229","518","50","797","1500","0","53.13","15.27"
"65","000","00","022","2207","0000","136","34","102","15","151","328","0","46.04","10.37"
"65","000","00","022","2207","0008","136","34","102","15","151","328","0","46.04","10.37"
"65","000","00","022","2208","0000","374","116","258","31","405","651","0","62.21","17.82"
"65","000","00","022","2208","0009","374","116","258","31","405","651","0","62.21","17.82"
"65","000","00","022","2209","0000","361","92","269","51","412","915","0","45.03","10.05"
"65","000","00","022","2209","0010","361","92","269","51","412","915","0","45.03","10.05"
"65","000","00","023","0000","0000","16437","5618","10819","1047","17484","32970","38861","53.03","17.04"
"65","000","00","023","2301","0000","3203","1114","2089","190","3393","6595","0","51.45","16.89"
"65","000","00","023","2301","0125","697","243","454","46","743","1498","0","49.6","16.22"
"65","000","00","023","2301","0126","865","330","535","34","899","1939","0","46.36","17.02"
"65","000","00","023","2301","0127","758","237","521","55","813","1516","0","53.63","15.63"
"65","000","00","023","2301","0128","883","304","579","55","938","1642","0","57.13","18.51"
"65","000","00","023","2302","0000","1532","548","984","103","1635","3203","0","51.05","17.11"
"65","000","00","023","2302","0129","875","326","549","67","942","1927","0","48.88","16.92"
"65","000","00","023","2302","0130","657","222","435","36","693","1276","0","54.31","17.4"
"65","000","00","023","2303","0000","1490","511","979","85","1575","2752","0","57.23","18.57"
"65","000","00","023","2303","0131","750","263","487","39","789","1349","0","58.49","19.5"
"65","000","00","023","2303","0132","740","248","492","46","786","1403","0","56.02","17.68"
"65","000","00","023","2304","0000","1779","569","1210","105","1884","3497","0","53.87","16.27"
"65","000","00","023","2304","0133","845","270","575","44","889","1644","0","54.08","16.42"
"65","000","00","023","2304","0134","934","299","635","61","995","1853","0","53.7","16.14"
"65","000","00","023","2305","0000","982","314","668","64","1046","1793","0","58.34","17.51"
"65","000","00","023","2305","0135","982","314","668","64","1046","1793","0","58.34","17.51"
"65","000","00","023","2306","0000","3270","1113","2157","170","3440","6457","0","53.28","17.24"
"65","000","00","023","2306","0136","846","277","569","37","883","1644","0","53.71","16.85"
"65","000","00","023","2306","0137","927","307","620","36","963","1846","0","52.17","16.63"
"65","000","00","023","2306","0138","672","231","441","47","719","1346","0","53.42","17.16"
"65","000","00","023","2306","0139","825","298","527","50","875","1621","0","53.98","18.38"
"65","000","00","023","2307","0000","1819","576","1243","128","1947","4077","0","47.76","14.13"
"65","000","00","023","2307","0140","871","250","621","69","940","2110","0","44.55","11.85"
"65","000","00","023","2307","0141","948","326","622","59","1007","1967","0","51.19","16.57"
"65","000","00","023","2308","0000","840","287","553","53","893","1626","0","54.92","17.65"
"65","000","00","023","2308","0142","840","287","553","53","893","1626","0","54.92","17.65"
"65","000","00","023","2309","0000","768","250","518","65","833","1514","0","55.02","16.51"
"65","000","00","023","2309","0143","768","250","518","65","833","1514","0","55.02","16.51"
"65","000","00","023","2310","0000","754","336","418","84","838","1456","0","57.55","23.08"
"65","000","00","023","2310","0144","754","336","418","84","838","1456","0","57.55","23.08"
"65","000","00","024","0000","0000","1871","523","1348","207","2078","4321","4687","48.09","12.1"
"65","000","00","024","2401","0000","173","43","130","23","196","384","0","51.04","11.2"
"65","000","00","024","2401","2208","173","43","130","23","196","384","0","51.04","11.2"
"65","000","00","024","2402","0000","98","29","69","3","101","232","0","43.53","12.5"
"65","000","00","024","2402","2209","98","29","69","3","101","232","0","43.53","12.5"
"65","000","00","024","2403","0000","131","43","88","9","140","249","0","56.22","17.27"
"65","000","00","024","2403","2210","131","43","88","9","140","249","0","56.22","17.27"
"65","000","00","024","2404","0000","217","66","151","35","252","458","0","55.02","14.41"
"65","000","00","024","2404","2211","217","66","151","35","252","458","0","55.02","14.41"
"65","000","00","024","2405","0000","106","25","81","21","127","232","0","54.74","10.78"
"65","000","00","024","2405","2212","106","25","81","21","127","232","0","54.74","10.78"
"65","000","00","024","2406","0000","245","88","157","18","263","635","0","41.42","13.86"
"65","000","00","024","2406","2213","245","88","157","18","263","635","0","41.42","13.86"
"65","000","00","024","2407","0000","216","54","162","31","247","427","0","57.85","12.65"
"65","000","00","024","2407","2214","216","54","162","31","247","427","0","57.85","12.65"
"65","000","00","024","2408","0000","71","21","50","2","73","147","0","49.66","14.29"
"65","000","00","024","2408","2216","71","21","50","2","73","147","0","49.66","14.29"
"65","000","00","024","2409","0000","126","20","106","12","138","365","0","37.81","5.48"
"65","000","00","024","2409","2217","126","20","106","12","138","365","0","37.81","5.48"
"65","000","00","024","2410","0000","99","16","83","10","109","177","0","61.58","9.04"
"65","000","00","024","2410","2219","99","16","83","10","109","177","0","61.58","9.04"
"65","000","00","024","2411","0000","332","105","227","36","368","862","0","42.69","12.18"
"65","000","00","024","2411","2215","332","105","227","36","368","862","0","42.69","12.18"
"65","000","00","024","2412","0000","57","13","44","7","64","153","0","41.83","8.5"
"65","000","00","024","2412","2218","57","13","44","7","64","153","0","41.83","8.5"
"65","000","00","025","0000","0000","3507","1051","2456","376","3883","7999","8872","48.54","13.14"
"65","000","00","025","2501","0000","197","52","145","17","214","455","0","47.03","11.43"
"65","000","00","025","2501","2266","197","52","145","17","214","455","0","47.03","11.43"
"65","000","00","025","2502","0000","176","51","125","23","199","391","0","50.9","13.04"
"65","000","00","025","2502","2278","56","20","36","9","65","120","0","54.17","16.67"
"65","000","00","025","2502","2279","120","31","89","14","134","271","0","49.45","11.44"
"65","000","00","025","2503","0000","378","167","211","44","422","782","0","53.96","21.36"
"65","000","00","025","2503","2267","136","99","37","12","148","286","0","51.75","34.62"
"65","000","00","025","2503","2268","242","68","174","32","274","496","0","55.24","13.71"
"65","000","00","025","2504","0000","363","108","255","43","406","733","0","55.39","14.73"
"65","000","00","025","2504","2280","192","57","135","21","213","362","0","58.84","15.75"
"65","000","00","025","2504","2281","171","51","120","22","193","371","0","52.02","13.75"
"65","000","00","025","2505","0000","149","46","103","16","165","383","0","43.08","12.01"
"65","000","00","025","2505","2269","149","46","103","16","165","383","0","43.08","12.01"
"65","000","00","025","2506","0000","585","173","412","69","654","1539","0","42.5","11.24"
"65","000","00","025","2506","2270","339","94","245","39","378","887","0","42.62","10.6"
"65","000","00","025","2506","2271","246","79","167","30","276","652","0","42.33","12.12"
"65","000","00","025","2507","0000","156","40","116","13","169","333","0","50.75","12.01"
"65","000","00","025","2507","2272","156","40","116","13","169","333","0","50.75","12.01"
"65","000","00","025","2508","0000","415","124","291","44","459","924","0","49.68","13.42"
"65","000","00","025","2508","2273","290","80","210","32","322","642","0","50.16","12.46"
"65","000","00","025","2508","2274","125","44","81","12","137","282","0","48.58","15.6"
"65","000","00","025","2509","0000","244","72","172","27","271","621","0","43.64","11.59"
"65","000","00","025","2509","2275","244","72","172","27","271","621","0","43.64","11.59"
"65","000","00","025","2510","0000","159","52","107","13","172","422","0","40.76","12.32"
"65","000","00","025","2510","2276","159","52","107","13","172","422","0","40.76","12.32"
"65","000","00","025","2511","0000","116","31","85","21","137","369","0","37.13","8.4"
"65","000","00","025","2511","2277","116","31","85","21","137","369","0","37.13","8.4"
"65","000","00","025","2512","0000","569","135","434","46","615","1047","0","58.74","12.89"
"65","000","00","025","2512","2282","569","135","434","46","615","1047","0","58.74","12.89"
"65","000","00","026","0000","0000","4512","1379","3133","455","4967","11279","12364","44.04","12.23"
"65","000","00","026","2601","0000","388","110","278","49","437","876","0","49.89","12.56"
"65","000","00","026","2601","2283","388","110","278","49","437","876","0","49.89","12.56"
"65","000","00","026","2602","0000","214","70","144","11","225","516","0","43.6","13.57"
"65","000","00","026","2602","2285","214","70","144","11","225","516","0","43.6","13.57"
"65","000","00","026","2603","0000","253","84","169","49","302","686","0","44.02","12.24"
"65","000","00","026","2603","2286","130","46","84","23","153","373","0","41.02","12.33"
"65","000","00","026","2603","2287","123","38","85","26","149","313","0","47.6","12.14"
"65","000","00","026","2604","0000","196","70","126","21","217","433","0","50.12","16.17"
"65","000","00","026","2604","2284","196","70","126","21","217","433","0","50.12","16.17"
"65","000","00","026","2605","0000","236","80","156","29","265","676","0","39.2","11.83"
"65","000","00","026","2605","2292","236","80","156","29","265","676","0","39.2","11.83"
"65","000","00","026","2606","0000","692","209","483","65","757","1673","0","45.25","12.49"
"65","000","00","026","2606","2290","318","86","232","23","341","812","0","42.0","10.59"
"65","000","00","026","2606","2291","374","123","251","42","416","861","0","48.32","14.29"
"65","000","00","026","2607","0000","716","230","486","52","768","1731","0","44.37","13.29"
"65","000","00","026","2607","2295","289","88","201","16","305","769","0","39.66","11.44"
"65","000","00","026","2607","2296","427","142","285","36","463","962","0","48.13","14.76"
"65","000","00","026","2608","0000","710","235","475","90","800","2046","0","39.1","11.49"
"65","000","00","026","2608","2293","377","123","254","30","407","1091","0","37.31","11.27"
"65","000","00","026","2608","2294","333","112","221","60","393","955","0","41.15","11.73"
"65","000","00","026","2609","0000","413","114","299","39","452","900","0","50.22","12.67"
"65","000","00","026","2609","2288","226","52","174","15","241","485","0","49.69","10.72"
"65","000","00","026","2609","2289","187","62","125","24","211","415","0","50.84","14.94"
"65","000","00","026","2610","0000","358","75","283","18","376","739","0","50.88","10.15"
"65","000","00","026","2610","2297","209","43","166","13","222","390","0","56.92","11.03"
"65","000","00","026","2610","2298","149","32","117","5","154","349","0","44.13","9.17"
"65","000","00","026","2611","0000","336","102","234","32","368","1003","0","36.69","10.17"
"65","000","00","026","2611","2299","182","51","131","22","204","508","0","40.16","10.04"
"65","000","00","026","2611","2300","154","51","103","10","164","495","0","33.13","10.3"
"65","000","00","027","0000","0000","8598","2654","5944","1046","9644","18978","21821","50.82","13.98"
"65","000","00","027","2701","0000","237","54","183","25","262","481","0","54.47","11.23"
"65","000","00","027","2701","2301","237","54","183","25","262","481","0","54.47","11.23"
"65","000","00","027","2702","0000","348","108","240","33","381","715","0","53.29","15.1"
"65","000","00","027","2702","2302","348","108","240","33","381","715","0","53.29","15.1"
"65","000","00","027","2703","0000","195","57","138","20","215","481","0","44.7","11.85"
"65","000","00","027","2703","2303","195","57","138","20","215","481","0","44.7","11.85"
"65","000","00","027","2704","0000","570","206","364","266","836","1792","0","46.65","11.5"
"65","000","00","027","2704","2304","570","206","364","266","836","1792","0","46.65","11.5"
"65","000","00","027","2705","0000","1851","591","1260","145","1996","3791","0","52.65","15.59"
"65","000","00","027","2705","2305","842","264","578","71","913","1781","0","51.26","14.82"
"65","000","00","027","2705","2306","1009","327","682","74","1083","2010","0","53.88","16.27"
"65","000","00","027","2706","0000","849","281","568","55","904","1716","0","52.68","16.38"
"65","000","00","027","2706","2310","408","141","267","28","436","828","0","52.66","17.03"
"65","000","00","027","2706","2311","441","140","301","27","468","888","0","52.7","15.77"
"65","000","00","027","2707","0000","558","169","389","54","612","1211","0","50.54","13.96"
"65","000","00","027","2707","2312","558","169","389","54","612","1211","0","50.54","13.96"
"65","000","00","027","2708","0000","222","53","169","17","239","416","0","57.45","12.74"
"65","000","00","027","2708","2313","222","53","169","17","239","416","0","57.45","12.74"
"65","000","00","027","2709","0000","346","117","229","52","398","682","0","58.36","17.16"
"65","000","00","027","2709","2314","346","117","229","52","398","682","0","58.36","17.16"
"65","000","00","027","2710","0000","295","86","209","54","349","644","0","54.19","13.35"
"65","000","00","027","2710","2315","295","86","209","54","349","644","0","54.19","13.35"
"65","000","00","027","2711","0000","369","89","280","40","409","830","0","49.28","10.72"
"65","000","00","027","2711","2316","369","89","280","40","409","830","0","49.28","10.72"
"65","000","00","027","2712","0000","234","62","172","26","260","469","0","55.44","13.22"
"65","000","00","027","2712","2318","234","62","172","26","260","469","0","55.44","13.22"
"65","000","00","027","2713","0000","89","23","66","11","100","188","0","53.19","12.23"
"65","000","00","027","2713","2317","89","23","66","11","100","188","0","53.19","12.23"
"65","000","00","027","2714","0000","188","53","135","29","217","582","0","37.29","9.11"
"65","000","00","027","2714","2319","188","53","135","29","217","582","0","37.29","9.11"
"65","000","00","027","2715","0000","2247","705","1542","219","2466","4980","0","49.52","14.16"
"65","000","00","027","2715","2307","703","214","489","71","774","1572","0","49.24","13.61"
"65","000","00","027","2715","2308","833","267","566","80","913","1777","0","51.38","15.03"
"65","000","00","027","2715","2309","711","224","487","68","779","1631","0","47.76","13.73"
"65","000","00","028","0000","0000","8823","2471","6352","795","9618","19297","22102","49.84","12.81"
"65","000","00","028","2801","0000","2105","647","1458","149","2254","4309","0","52.31","15.02"
"65","000","00","028","2801","2320","646","183","463","50","696","1286","0","54.12","14.23"
"65","000","00","028","2801","2321","803","274","529","55","858","1576","0","54.44","17.39"
"65","000","00","028","2801","2322","656","190","466","44","700","1447","0","48.38","13.13"
"65","000","00","028","2802","0000","1070","290","780","98","1168","2532","0","46.13","11.45"
"65","000","00","028","2802","2325","430","125","305","46","476","1215","0","39.18","10.29"
"65","000","00","028","2802","2326","640","165","475","52","692","1317","0","52.54","12.53"
"65","000","00","028","2803","0000","1333","365","968","134","1467","3226","0","45.47","11.31"
"65","000","00","028","2803","2327","674","183","491","54","728","1676","0","43.44","10.92"
"65","000","00","028","2803","2328","659","182","477","80","739","1550","0","47.68","11.74"
"65","000","00","028","2804","0000","1415","418","997","139","1554","2705","0","57.45","15.45"
"65","000","00","028","2804","2329","542","166","376","50","592","945","0","62.65","17.57"
"65","000","00","028","2804","2330","873","252","621","89","962","1760","0","54.66","14.32"
"65","000","00","028","2805","0000","265","50","215","22","287","570","0","50.35","8.77"
"65","000","00","028","2805","2331","265","50","215","22","287","570","0","50.35","8.77"
"65","000","00","028","2806","0000","441","122","319","25","466","952","0","48.95","12.82"
"65","000","00","028","2806","2332","441","122","319","25","466","952","0","48.95","12.82"
"65","000","00","028","2807","0000","345","91","254","50","395","674","0","58.61","13.5"
"65","000","00","028","2807","2333","345","91","254","50","395","674","0","58.61","13.5"
"65","000","00","028","2808","0000","196","59","137","16","212","405","0","52.35","14.57"
"65","000","00","028","2808","2334","196","59","137","16","212","405","0","52.35","14.57"
"65","000","00","028","2809","0000","494","128","366","55","549","1089","0","50.41","11.75"
"65","000","00","028","2809","2335","494","128","366","55","549","1089","0","50.41","11.75"
"65","000","00","028","2810","0000","1159","301","858","107","1266","2835","0","44.66","10.62"
"65","000","00","028","2810","2323","606","154","452","66","672","1466","0","45.84","10.5"
"65","000","00","028","2810","2324","553","147","406","41","594","1369","0","43.39","10.74"
"65","000","00","029","0000","0000","2748","810","1938","112","2860","5264","6383","54.33","15.39"
"65","000","00","029","2901","0000","1159","340","819","33","1192","2367","0","50.36","14.36"
"65","000","00","029","2901","2203","582","171","411","15","597","1198","0","49.83","14.27"
"65","000","00","029","2901","2204","577","169","408","18","595","1169","0","50.9","14.46"
"65","000","00","029","2902","0000","917","283","634","40","957","1568","0","61.03","18.05"
"65","000","00","029","2902","2202","917","283","634","40","957","1568","0","61.03","18.05"
"65","000","00","029","2903","0000","297","85","212","19","316","615","0","51.38","13.82"
"65","000","00","029","2903","2207","297","85","212","19","316","615","0","51.38","13.82"
"65","000","00","029","2904","0000","252","61","191","19","271","486","0","55.76","12.55"
"65","000","00","029","2904","2206","252","61","191","19","271","486","0","55.76","12.55"
"65","000","00","029","2905","0000","123","41","82","1","124","228","0","54.39","17.98"
"65","000","00","029","2905","2205","123","41","82","1","124","228","0","54.39","17.98"
"68","000","00","000","0000","0000","885636","282142","603494","44083","929719","1801823","2215615","51.6","15.66"
"68","000","00","001","0000","0000","174754","60327","114427","7782","182536","359790","446246","50.73","16.77"
"68","000","00","001","0101","0000","350","139","211","13","363","690","0","52.61","20.14"
"68","000","00","001","0101","0032","350","139","211","13","363","690","0","52.61","20.14"
"68","000","00","001","0102","0000","711","256","455","60","771","1353","0","56.98","18.92"
"68","000","00","001","0102","0034","711","256","455","60","771","1353","0","56.98","18.92"
"68","000","00","001","0103","0000","683","240","443","45","728","1582","0","46.02","15.17"
"68","000","00","001","0103","0043","683","240","443","45","728","1582","0","46.02","15.17"
"68","000","00","001","0104","0000","3111","1022","2089","135","3246","6636","0","48.92","15.4"
"68","000","00","001","0104","0001","766","240","526","41","807","1593","0","50.66","15.07"
"68","000","00","001","0104","0002","826","283","543","26","852","1934","0","44.05","14.63"
"68","000","00","001","0104","0003","864","284","580","49","913","1661","0","54.97","17.1"
"68","000","00","001","0104","0004","655","215","440","19","674","1448","0","46.55","14.85"
"68","000","00","001","0105","0000","1607","557","1050","63","1670","3483","0","47.95","15.99"
"68","000","00","001","0105","0190","827","282","545","28","855","1790","0","47.77","15.75"
"68","000","00","001","0105","0191","780","275","505","35","815","1693","0","48.14","16.24"
"68","000","00","001","0106","0000","4171","1659","2512","125","4296","9063","0","47.4","18.31"
"68","000","00","001","0106","0204","866","294","572","30","896","1796","0","49.89","16.37"
"68","000","00","001","0106","0205","895","334","561","16","911","1878","0","48.51","17.78"
"68","000","00","001","0106","0206","823","284","539","30","853","1729","0","49.33","16.43"
"68","000","00","001","0106","0207","832","271","561","24","856","1843","0","46.45","14.7"
"68","000","00","001","0106","0208","755","476","279","25","780","1817","0","42.93","26.2"
"68","000","00","001","0107","0000","551","207","344","34","585","1028","0","56.91","20.14"
"68","000","00","001","0107","0044","551","207","344","34","585","1028","0","56.91","20.14"
"68","000","00","001","0108","0000","694","249","445","46","740","1452","0","50.96","17.15"
"68","000","00","001","0108","0036","694","249","445","46","740","1452","0","50.96","17.15"
"68","000","00","001","0109","0000","816","289","527","58","874","1681","0","51.99","17.19"
"68","000","00","001","0109","0037","816","289","527","58","874","1681","0","51.99","17.19"
"68","000","00","001","0110","0000","2485","807","1678","110","2595","5078","0","51.1","15.89"
"68","000","00","001","0110","0187","801","282","519","33","834","1764","0","47.28","15.99"
"68","000","00","001","0110","0188","973","288","685","60","1033","1899","0","54.4","15.17"
"68","000","00","001","0110","0189","711","237","474","17","728","1415","0","51.45","16.75"
"68","000","00","001","0111","0000","2249","867","1382","132","2381","4509","0","52.81","19.23"
"68","000","00","001","0111","0113","629","344","285","50","679","1308","0","51.91","26.3"
"68","000","00","001","0111","0114","776","243","533","41","817","1583","0","51.61","15.35"
"68","000","00","001","0111","0115","844","280","564","41","885","1618","0","54.7","17.31"
"68","000","00","001","0112","0000","2101","696","1405","115","2216","4668","0","47.47","14.91"
"68","000","00","001","0112","0131","754","261","493","46","800","1689","0","47.37","15.45"
"68","000","00","001","0112","0132","668","222","446","25","693","1542","0","44.94","14.4"
"68","000","00","001","0112","0133","679","213","466","44","723","1437","0","50.31","14.82"
"68","000","00","001","0113","0000","1458","527","931","71","1529","2928","0","52.22","18.0"
"68","000","00","001","0113","0193","658","243","415","23","681","1434","0","47.49","16.95"
"68","000","00","001","0113","0194","800","284","516","48","848","1494","0","56.76","19.01"
"68","000","00","001","0114","0000","874","265","609","40","914","1916","0","47.7","13.83"
"68","000","00","001","0114","0192","874","265","609","40","914","1916","0","47.7","13.83"
"68","000","00","001","0115","0000","529","172","357","24","553","979","0","56.49","17.57"
"68","000","00","001","0115","0209","529","172","357","24","553","979","0","56.49","17.57"
"68","000","00","001","0116","0000","1661","549","1112","80","1741","3565","0","48.84","15.4"
"68","000","00","001","0116","0134","833","260","573","30","863","1679","0","51.4","15.49"
"68","000","00","001","0116","0135","828","289","539","50","878","1886","0","46.55","15.32"
"68","000","00","001","0117","0000","1238","393","845","79","1317","2210","0","59.59","17.78"
"68","000","00","001","0117","0105","658","192","466","36","694","1149","0","60.4","16.71"
"68","000","00","001","0117","0106","580","201","379","43","623","1061","0","58.72","18.94"
"68","000","00","001","0118","0000","1493","485","1008","85","1578","3058","0","51.6","15.86"
"68","000","00","001","0118","0127","933","292","641","56","989","1995","0","49.57","14.64"
"68","000","00","001","0118","0128","560","193","367","29","589","1063","0","55.41","18.16"
"68","000","00","001","0119","0000","737","251","486","27","764","1587","0","48.14","15.82"
"68","000","00","001","0119","0041","737","251","486","27","764","1587","0","48.14","15.82"
"68","000","00","001","0120","0000","737","256","481","63","800","1375","0","58.18","18.62"
"68","000","00","001","0120","0028","737","256","481","63","800","1375","0","58.18","18.62"
"68","000","00","001","0121","0000","487","176","311","29","516","852","0","60.56","20.66"
"68","000","00","001","0121","0033","487","176","311","29","516","852","0","60.56","20.66"
"68","000","00","001","0122","0000","4561","1640","2921","205","4766","9234","0","51.61","17.76"
"68","000","00","001","0122","0155","876","309","567","36","912","1807","0","50.47","17.1"
"68","000","00","001","0122","0156","915","405","510","36","951","1857","0","51.21","21.81"
"68","000","00","001","0122","0157","836","240","596","57","893","1589","0","56.2","15.1"
"68","000","00","001","0122","0158","1024","365","659","35","1059","2088","0","50.72","17.48"
"68","000","00","001","0122","0159","910","321","589","41","951","1893","0","50.24","16.96"
"68","000","00","001","0123","0000","3386","1197","2189","101","3487","6570","0","53.07","18.22"
"68","000","00","001","0123","0050","778","247","531","22","800","1489","0","53.73","16.59"
"68","000","00","001","0123","0051","1000","379","621","20","1020","1821","0","56.01","20.81"
"68","000","00","001","0123","0052","736","250","486","21","757","1563","0","48.43","15.99"
"68","000","00","001","0123","0053","872","321","551","38","910","1697","0","53.62","18.92"
"68","000","00","001","0124","0000","2908","810","2098","131","3039","6075","0","50.02","13.33"
"68","000","00","001","0124","0151","698","80","618","33","731","1569","0","46.59","5.1"
"68","000","00","001","0124","0152","723","217","506","22","745","1505","0","49.5","14.42"
"68","000","00","001","0124","0153","719","232","487","40","759","1496","0","50.74","15.51"
"68","000","00","001","0124","0154","768","281","487","36","804","1505","0","53.42","18.67"
"68","000","00","001","0125","0000","752","256","496","45","797","1451","0","54.93","17.64"
"68","000","00","001","0125","0042","752","256","496","45","797","1451","0","54.93","17.64"
"68","000","00","001","0126","0000","2924","1027","1897","133","3057","5866","0","52.11","17.51"
"68","000","00","001","0126","0045","927","299","628","38","965","1934","0","49.9","15.46"
"68","000","00","001","0126","0046","507","163","344","45","552","1016","0","54.33","16.04"
"68","000","00","001","0126","0047","546","198","348","34","580","1079","0","53.75","18.35"
"68","000","00","001","0126","0048","944","367","577","16","960","1837","0","52.26","19.98"
"68","000","00","001","0127","0000","717","222","495","44","761","1390","0","54.75","15.97"
"68","000","00","001","0127","0049","717","222","495","44","761","1390","0","54.75","15.97"
"68","000","00","001","0128","0000","2458","832","1626","158","2616","4944","0","52.91","16.83"
"68","000","00","001","0128","0081","779","273","506","56","835","1449","0","57.63","18.84"
"68","000","00","001","0128","0082","822","273","549","60","882","1803","0","48.92","15.14"
"68","000","00","001","0128","0083","857","286","571","42","899","1692","0","53.13","16.9"
"68","000","00","001","0129","0000","2336","768","1568","91","2427","4421","0","54.9","17.37"
"68","000","00","001","0129","0060","639","201","438","30","669","1115","0","60.0","18.03"
"68","000","00","001","0129","0061","826","295","531","34","860","1562","0","55.06","18.89"
"68","000","00","001","0129","0062","871","272","599","27","898","1744","0","51.49","15.6"
"68","000","00","001","0130","0000","2634","909","1725","103","2737","5152","0","53.13","17.64"
"68","000","00","001","0130","0057","910","312","598","29","939","1766","0","53.17","17.67"
"68","000","00","001","0130","0058","798","258","540","39","837","1555","0","53.83","16.59"
"68","000","00","001","0130","0059","926","339","587","35","961","1831","0","52.48","18.51"
"68","000","00","001","0131","0000","631","224","407","27","658","1698","0","38.75","13.19"
"68","000","00","001","0131","0035","631","224","407","27","658","1698","0","38.75","13.19"
"68","000","00","001","0132","0000","3091","1088","2003","146","3237","5981","0","54.12","18.19"
"68","000","00","001","0132","0013","736","266","470","40","776","1482","0","52.36","17.95"
"68","000","00","001","0132","0014","739","249","490","43","782","1423","0","54.95","17.5"
"68","000","00","001","0132","0015","795","307","488","35","830","1509","0","55.0","20.34"
"68","000","00","001","0132","0016","821","266","555","28","849","1567","0","54.18","16.98"
"68","000","00","001","0133","0000","2984","959","2025","132","3116","5805","0","53.68","16.52"
"68","000","00","001","0133","0020","746","237","509","43","789","1399","0","56.4","16.94"
"68","000","00","001","0133","0021","822","282","540","39","861","1540","0","55.91","18.31"
"68","000","00","001","0133","0022","783","258","525","23","806","1638","0","49.21","15.75"
"68","000","00","001","0133","0023","633","182","451","27","660","1228","0","53.75","14.82"
"68","000","00","001","0134","0000","2469","838","1631","129","2598","4781","0","54.34","17.53"
"68","000","00","001","0134","0038","813","290","523","47","860","1669","0","51.53","17.38"
"68","000","00","001","0134","0039","832","214","618","43","875","1530","0","57.19","13.99"
"68","000","00","001","0134","0040","824","334","490","39","863","1582","0","54.55","21.11"
"68","000","00","001","0135","0000","1614","518","1096","110","1724","3529","0","48.85","14.68"
"68","000","00","001","0135","0086","555","196","359","34","589","1173","0","50.21","16.71"
"68","000","00","001","0135","0087","558","186","372","20","578","1162","0","49.74","16.01"
"68","000","00","001","0135","0088","501","136","365","56","557","1194","0","46.65","11.39"
"68","000","00","001","0136","0000","2641","910","1731","124","2765","5705","0","48.47","15.95"
"68","000","00","001","0136","0092","832","274","558","66","898","1780","0","50.45","15.39"
"68","000","00","001","0136","0093","848","309","539","29","877","1904","0","46.06","16.23"
"68","000","00","001","0136","0094","961","327","634","29","990","2021","0","48.99","16.18"
"68","000","00","001","0137","0000","1893","695","1198","56","1949","3870","0","50.36","17.96"
"68","000","00","001","0137","0185","960","348","612","22","982","1925","0","51.01","18.08"
"68","000","00","001","0137","0186","933","347","586","34","967","1945","0","49.72","17.84"
"68","000","00","001","0138","0000","2203","765","1438","129","2332","4271","0","54.6","17.91"
"68","000","00","001","0138","0195","676","212","464","47","723","1311","0","55.15","16.17"
"68","000","00","001","0138","0196","733","242","491","42","775","1476","0","52.51","16.4"
"68","000","00","001","0138","0197","794","311","483","40","834","1484","0","56.2","20.96"
"68","000","00","001","0139","0000","998","366","632","62","1060","1970","0","53.81","18.58"
"68","000","00","001","0139","0202","546","201","345","28","574","1015","0","56.55","19.8"
"68","000","00","001","0139","0203","452","165","287","34","486","955","0","50.89","17.28"
"68","000","00","001","0140","0000","2645","906","1739","114","2759","5333","0","51.73","16.99"
"68","000","00","001","0140","0029","900","299","601","43","943","1743","0","54.1","17.15"
"68","000","00","001","0140","0030","869","300","569","43","912","1862","0","48.98","16.11"
"68","000","00","001","0140","0031","876","307","569","28","904","1728","0","52.31","17.77"
"68","000","00","001","0141","0000","3010","1008","2002","221","3231","6230","0","51.86","16.18"
"68","000","00","001","0141","0024","760","244","516","66","826","1649","0","50.09","14.8"
"68","000","00","001","0141","0025","797","264","533","36","833","1601","0","52.03","16.49"
"68","000","00","001","0141","0026","678","248","430","78","756","1477","0","51.18","16.79"
"68","000","00","001","0141","0027","775","252","523","41","816","1503","0","54.29","16.77"
"68","000","00","001","0142","0000","2440","862","1578","133","2573","5170","0","49.77","16.67"
"68","000","00","001","0142","0010","751","264","487","42","793","1590","0","49.87","16.6"
"68","000","00","001","0142","0011","794","282","512","39","833","1637","0","50.89","17.23"
"68","000","00","001","0142","0012","895","316","579","52","947","1943","0","48.74","16.26"
"68","000","00","001","0143","0000","2392","872","1520","132","2524","5024","0","50.24","17.36"
"68","000","00","001","0143","0007","850","323","527","32","882","1800","0","49.0","17.94"
"68","000","00","001","0143","0008","831","301","530","41","872","1598","0","54.57","18.84"
"68","000","00","001","0143","0009","711","248","463","59","770","1626","0","47.36","15.25"
"68","000","00","001","0144","0000","2118","749","1369","97","2215","4160","0","53.25","18.0"
"68","000","00","001","0144","0017","680","238","442","38","718","1305","0","55.02","18.24"
"68","000","00","001","0144","0018","659","224","435","29","688","1416","0","48.59","15.82"
"68","000","00","001","0144","0019","779","287","492","30","809","1439","0","56.22","19.94"
"68","000","00","001","0145","0000","2307","799","1508","81","2388","4197","0","56.9","19.04"
"68","000","00","001","0145","0173","839","280","559","24","863","1432","0","60.27","19.55"
"68","000","00","001","0145","0174","787","277","510","35","822","1421","0","57.85","19.49"
"68","000","00","001","0145","0175","681","242","439","22","703","1344","0","52.31","18.01"
"68","000","00","001","0146","0000","2423","810","1613","129","2552","5384","0","47.4","15.04"
"68","000","00","001","0146","0182","771","251","520","41","812","1860","0","43.66","13.49"
"68","000","00","001","0146","0183","820","281","539","50","870","1726","0","50.41","16.28"
"68","000","00","001","0146","0184","832","278","554","38","870","1798","0","48.39","15.46"
"68","000","00","001","0147","0000","2893","949","1944","130","3023","6097","0","49.58","15.57"
"68","000","00","001","0147","0198","747","268","479","32","779","1514","0","51.45","17.7"
"68","000","00","001","0147","0199","712","233","479","43","755","1446","0","52.21","16.11"
"68","000","00","001","0147","0200","743","236","507","21","764","1573","0","48.57","15.0"
"68","000","00","001","0147","0201","691","212","479","34","725","1564","0","46.36","13.55"
"68","000","00","001","0148","0000","3252","1121","2131","155","3407","6901","0","49.37","16.24"
"68","000","00","001","0148","0139","894","319","575","45","939","1846","0","50.87","17.28"
"68","000","00","001","0148","0140","735","258","477","42","777","1644","0","47.26","15.69"
"68","000","00","001","0148","0141","774","261","513","32","806","1674","0","48.15","15.59"
"68","000","00","001","0148","0142","849","283","566","36","885","1737","0","50.95","16.29"
"68","000","00","001","0149","0000","2795","998","1797","80","2875","5873","0","48.95","16.99"
"68","000","00","001","0149","0107","844","296","548","28","872","1831","0","47.62","16.17"
"68","000","00","001","0149","0108","1043","370","673","38","1081","2168","0","49.86","17.07"
"68","000","00","001","0149","0109","908","332","576","14","922","1874","0","49.2","17.72"
"68","000","00","001","0150","0000","4043","1384","2659","177","4220","8384","0","50.33","16.51"
"68","000","00","001","0150","0116","982","354","628","53","1035","2127","0","48.66","16.64"
"68","000","00","001","0150","0117","954","328","626","30","984","2033","0","48.4","16.13"
"68","000","00","001","0150","0118","1030","340","690","22","1052","2098","0","50.14","16.21"
"68","000","00","001","0150","0119","1077","362","715","72","1149","2126","0","54.05","17.03"
"68","000","00","001","0151","0000","4161","1490","2671","142","4303","8396","0","51.25","17.75"
"68","000","00","001","0151","0146","880","328","552","31","911","1774","0","51.35","18.49"
"68","000","00","001","0151","0147","838","269","569","34","872","1666","0","52.34","16.15"
"68","000","00","001","0151","0148","786","268","518","13","799","1528","0","52.29","17.54"
"68","000","00","001","0151","0149","819","311","508","45","864","1709","0","50.56","18.2"
"68","000","00","001","0151","0150","838","314","524","19","857","1719","0","49.85","18.27"
"68","000","00","001","0152","0000","1434","481","953","78","1512","2598","0","58.2","18.51"
"68","000","00","001","0152","0079","747","254","493","45","792","1404","0","56.41","18.09"
"68","000","00","001","0152","0080","687","227","460","33","720","1194","0","60.3","19.01"
"68","000","00","001","0153","0000","1877","659","1218","82","1959","3728","0","52.55","17.68"
"68","000","00","001","0153","0084","966","351","615","42","1008","1913","0","52.69","18.35"
"68","000","00","001","0153","0085","911","308","603","40","951","1815","0","52.4","16.97"
"68","000","00","001","0154","0000","1833","635","1198","88","1921","3914","0","49.08","16.22"
"68","000","00","001","0154","0074","902","317","585","43","945","1949","0","48.49","16.26"
"68","000","00","001","0154","0075","931","318","613","45","976","1965","0","49.67","16.18"
"68","000","00","001","0155","0000","3010","999","2011","158","3168","6512","0","48.65","15.34"
"68","000","00","001","0155","0076","1025","358","667","53","1078","2414","0","44.66","14.83"
"68","000","00","001","0155","0077","937","306","631","43","980","1942","0","50.46","15.76"
"68","000","00","001","0155","0078","1048","335","713","62","1110","2156","0","51.48","15.54"
"68","000","00","001","0156","0000","2331","742","1589","105","2436","4845","0","50.28","15.31"
"68","000","00","001","0156","0095","753","222","531","46","799","1545","0","51.72","14.37"
"68","000","00","001","0156","0096","755","241","514","28","783","1617","0","48.42","14.9"
"68","000","00","001","0156","0097","823","279","544","31","854","1683","0","50.74","16.58"
"68","000","00","001","0157","0000","2737","971","1766","71","2808","5884","0","47.72","16.5"
"68","000","00","001","0157","0176","883","306","577","21","904","1942","0","46.55","15.76"
"68","000","00","001","0157","0177","980","342","638","28","1008","2001","0","50.37","17.09"
"68","000","00","001","0157","0178","874","323","551","22","896","1941","0","46.16","16.64"
"68","000","00","001","0158","0000","3668","1194","2474","149","3817","8196","0","46.57","14.57"
"68","000","00","001","0158","0213","1023","324","699","50","1073","2164","0","49.58","14.97"
"68","000","00","001","0158","0214","940","317","623","39","979","2020","0","48.47","15.69"
"68","000","00","001","0158","0215","839","277","562","22","861","1924","0","44.75","14.4"
"68","000","00","001","0158","0216","866","276","590","38","904","2088","0","43.3","13.22"
"68","000","00","001","0159","0000","3424","1173","2251","128","3552","9237","0","38.45","12.7"
"68","000","00","001","0159","0101","877","303","574","36","913","1873","0","48.75","16.18"
"68","000","00","001","0159","0102","735","256","479","35","770","3687","0","20.88","6.94"
"68","000","00","001","0159","0103","915","317","598","29","944","1850","0","51.03","17.14"
"68","000","00","001","0159","0104","897","297","600","28","925","1827","0","50.63","16.26"
"68","000","00","001","0160","0000","2548","861","1687","77","2625","5084","0","51.63","16.94"
"68","000","00","001","0160","0089","863","302","561","43","906","1695","0","53.45","17.82"
"68","000","00","001","0160","0090","883","307","576","15","898","1797","0","49.97","17.08"
"68","000","00","001","0160","0091","802","252","550","19","821","1592","0","51.57","15.83"
"68","000","00","001","0161","0000","3483","1266","2217","143","3626","7274","0","49.85","17.4"
"68","000","00","001","0161","0123","826","314","512","34","860","1691","0","50.86","18.57"
"68","000","00","001","0161","0124","837","329","508","24","861","1900","0","45.32","17.32"
"68","000","00","001","0161","0125","869","291","578","64","933","1761","0","52.98","16.52"
"68","000","00","001","0161","0126","951","332","619","21","972","1922","0","50.57","17.27"
"68","000","00","001","0162","0000","2687","935","1752","133","2820","5712","0","49.37","16.37"
"68","000","00","001","0162","0063","826","289","537","37","863","1838","0","46.95","15.72"
"68","000","00","001","0162","0064","976","340","636","42","1018","1889","0","53.89","18.0"
"68","000","00","001","0162","0065","885","306","579","54","939","1985","0","47.3","15.42"
"68","000","00","001","0163","0000","2445","871","1574","108","2553","4811","0","53.07","18.1"
"68","000","00","001","0163","0136","834","316","518","52","886","1657","0","53.47","19.07"
"68","000","00","001","0163","0137","702","247","455","24","726","1349","0","53.82","18.31"
"68","000","00","001","0163","0138","909","308","601","32","941","1805","0","52.13","17.06"
"68","000","00","001","0164","0000","2389","803","1586","103","2492","4605","0","54.12","17.44"
"68","000","00","001","0164","0054","905","290","615","34","939","1740","0","53.97","16.67"
"68","000","00","001","0164","0055","812","270","542","47","859","1626","0","52.83","16.61"
"68","000","00","001","0164","0056","672","243","429","22","694","1239","0","56.01","19.61"
"68","000","00","001","0165","0000","2567","858","1709","103","2670","4555","0","58.62","18.84"
"68","000","00","001","0165","0066","836","299","537","35","871","1524","0","57.15","19.62"
"68","000","00","001","0165","0067","844","263","581","31","875","1425","0","61.4","18.46"
"68","000","00","001","0165","0068","887","296","591","37","924","1606","0","57.53","18.43"
"68","000","00","001","0166","0000","2175","731","1444","67","2242","4066","0","55.14","17.98"
"68","000","00","001","0166","0069","1103","374","729","27","1130","2056","0","54.96","18.19"
"68","000","00","001","0166","0070","1072","357","715","40","1112","2010","0","55.32","17.76"
"68","000","00","001","0167","0000","2279","785","1494","121","2400","4702","0","51.04","16.7"
"68","000","00","001","0167","0143","792","245","547","47","839","1566","0","53.58","15.64"
"68","000","00","001","0167","0144","768","272","496","42","810","1517","0","53.39","17.93"
"68","000","00","001","0167","0145","719","268","451","32","751","1619","0","46.39","16.55"
"68","000","00","001","0168","0000","2931","1056","1875","74","3005","5893","0","50.99","17.92"
"68","000","00","001","0168","0168","1204","428","776","29","1233","2204","0","55.94","19.42"
"68","000","00","001","0168","0169","901","360","541","29","930","2033","0","45.75","17.71"
"68","000","00","001","0168","0170","826","268","558","16","842","1656","0","50.85","16.18"
"68","000","00","001","0169","0000","2232","797","1435","74","2306","4541","0","50.78","17.55"
"68","000","00","001","0169","0110","684","242","442","21","705","1524","0","46.26","15.88"
"68","000","00","001","0169","0111","745","267","478","23","768","1528","0","50.26","17.47"
"68","000","00","001","0169","0112","803","288","515","30","833","1489","0","55.94","19.34"
"68","000","00","001","0170","0000","2748","961","1787","114","2862","5371","0","53.29","17.89"
"68","000","00","001","0170","0071","1047","345","702","60","1107","2245","0","49.31","15.37"
"68","000","00","001","0170","0072","813","322","491","33","846","1590","0","53.21","20.25"
"68","000","00","001","0170","0073","888","294","594","21","909","1536","0","59.18","19.14"
"68","000","00","001","0171","0000","2744","914","1830","102","2846","5717","0","49.78","15.99"
"68","000","00","001","0171","0098","957","305","652","46","1003","1834","0","54.69","16.63"
"68","000","00","001","0171","0099","938","330","608","33","971","2055","0","47.25","16.06"
"68","000","00","001","0171","0100","849","279","570","23","872","1828","0","47.7","15.26"
"68","000","00","001","0172","0000","2834","944","1890","101","2935","5843","0","50.23","16.16"
"68","000","00","001","0172","0120","913","285","628","39","952","1917","0","49.66","14.87"
"68","000","00","001","0172","0121","946","343","603","32","978","1997","0","48.97","17.18"
"68","000","00","001","0172","0122","975","316","659","30","1005","1929","0","52.1","16.38"
"68","000","00","001","0173","0000","1621","589","1032","61","1682","3158","0","53.26","18.65"
"68","000","00","001","0173","0129","707","247","460","29","736","1412","0","52.12","17.49"
"68","000","00","001","0173","0130","914","342","572","32","946","1746","0","54.18","19.59"
"68","000","00","001","0174","0000","3700","1242","2458","145","3845","7902","0","48.66","15.72"
"68","000","00","001","0174","0164","981","314","667","34","1015","2103","0","48.26","14.93"
"68","000","00","001","0174","0165","922","306","616","40","962","1943","0","49.51","15.75"
"68","000","00","001","0174","0166","950","340","610","34","984","1927","0","51.06","17.64"
"68","000","00","001","0174","0167","847","282","565","37","884","1929","0","45.83","14.62"
"68","000","00","001","0175","0000","2725","946","1779","113","2838","5729","0","49.54","16.51"
"68","000","00","001","0175","0160","563","179","384","32","595","1303","0","45.66","13.74"
"68","000","00","001","0175","0161","725","262","463","31","756","1416","0","53.39","18.5"
"68","000","00","001","0175","0162","636","221","415","30","666","1351","0","49.3","16.36"
"68","000","00","001","0175","0163","801","284","517","20","821","1659","0","49.49","17.12"
"68","000","00","001","0176","0000","1678","649","1029","73","1751","3450","0","50.75","18.81"
"68","000","00","001","0176","0171","829","324","505","43","872","1712","0","50.93","18.93"
"68","000","00","001","0176","0172","849","325","524","30","879","1738","0","50.58","18.7"
"68","000","00","001","0177","0000","1722","569","1153","92","1814","3856","0","47.04","14.76"
"68","000","00","001","0177","0005","909","310","599","41","950","1974","0","48.13","15.7"
"68","000","00","001","0177","0006","813","259","554","51","864","1882","0","45.91","13.76"
"68","000","00","001","0178","0000","2387","887","1500","112","2499","4835","0","51.69","18.35"
"68","000","00","001","0178","0179","877","328","549","35","912","1702","0","53.58","19.27"
"68","000","00","001","0178","0180","779","292","487","43","822","1589","0","51.73","18.38"
"68","000","00","001","0178","0181","731","267","464","34","765","1544","0","49.55","17.29"
"68","000","00","001","0179","0000","2123","775","1348","56","2179","4217","0","51.67","18.38"
"68","000","00","001","0179","0210","716","248","468","17","733","1363","0","53.78","18.2"
"68","000","00","001","0179","0211","769","276","493","16","785","1546","0","50.78","17.85"
"68","000","00","001","0179","0212","638","251","387","23","661","1308","0","50.54","19.19"
"68","000","00","002","0000","0000","168587","53274","115313","7636","176223","334402","411135","52.7","15.93"
"68","000","00","002","0201","0000","1354","367","987","95","1449","2916","0","49.69","12.59"
"68","000","00","002","0201","0617","632","162","470","24","656","1329","0","49.36","12.19"
"68","000","00","002","0201","0618","722","205","517","71","793","1587","0","49.97","12.92"
"68","000","00","002","0202","0000","2784","804","1980","113","2897","5418","0","53.47","14.84"
"68","000","00","002","0202","0614","998","301","697","40","1038","1818","0","57.1","16.56"
"68","000","00","002","0202","0615","957","274","683","39","996","1991","0","50.03","13.76"
"68","000","00","002","0202","0616","829","229","600","34","863","1609","0","53.64","14.23"
"68","000","00","002","0203","0000","1570","458","1112","73","1643","3033","0","54.17","15.1"
"68","000","00","002","0203","0654","818","266","552","35","853","1588","0","53.72","16.75"
"68","000","00","002","0203","0655","752","192","560","38","790","1445","0","54.67","13.29"
"68","000","00","002","0204","0000","471","156","315","32","503","943","0","53.34","16.54"
"68","000","00","002","0204","0763","471","156","315","32","503","943","0","53.34","16.54"
"68","000","00","002","0205","0000","1100","317","783","55","1155","2152","0","53.67","14.73"
"68","000","00","002","0205","0689","543","146","397","12","555","1087","0","51.06","13.43"
"68","000","00","002","0205","0690","557","171","386","43","600","1065","0","56.34","16.06"
"68","000","00","002","0206","0000","2095","659","1436","130","2225","4283","0","51.95","15.39"
"68","000","00","002","0206","0691","926","289","637","63","989","1844","0","53.63","15.67"
"68","000","00","002","0206","0692","543","166","377","38","581","1220","0","47.62","13.61"
"68","000","00","002","0206","0693","626","204","422","29","655","1219","0","53.73","16.74"
"68","000","00","002","0207","0000","2563","825","1738","111","2674","5415","0","49.38","15.24"
"68","000","00","002","0207","0771","976","314","662","50","1026","2156","0","47.59","14.56"
"68","000","00","002","0207","0772","688","220","468","19","707","1479","0","47.8","14.87"
"68","000","00","002","0207","0773","899","291","608","42","941","1780","0","52.87","16.35"
"68","000","00","002","0208","0000","2459","661","1798","134","2593","5136","0","50.49","12.87"
"68","000","00","002","0208","0679","781","238","543","36","817","1659","0","49.25","14.35"
"68","000","00","002","0208","0680","905","239","666","67","972","1874","0","51.87","12.75"
"68","000","00","002","0208","0681","773","184","589","31","804","1603","0","50.16","11.48"
"68","000","00","002","0209","0000","1779","581","1198","84","1863","3474","0","53.63","16.72"
"68","000","00","002","0209","0675","810","251","559","55","865","1659","0","52.14","15.13"
"68","000","00","002","0209","0676","969","330","639","29","998","1815","0","54.99","18.18"
"68","000","00","002","0210","0000","1889","579","1310","89","1978","3758","0","52.63","15.41"
"68","000","00","002","0210","0662","741","210","531","38","779","1489","0","52.32","14.1"
"68","000","00","002","0210","0663","440","150","290","21","461","827","0","55.74","18.14"
"68","000","00","002","0210","0664","708","219","489","30","738","1442","0","51.18","15.19"
"68","000","00","002","0211","0000","2226","638","1588","115","2341","4303","0","54.4","14.83"
"68","000","00","002","0211","0602","713","209","504","45","758","1281","0","59.17","16.32"
"68","000","00","002","0211","0603","808","242","566","24","832","1462","0","56.91","16.55"
"68","000","00","002","0211","0604","705","187","518","46","751","1560","0","48.14","11.99"
"68","000","00","002","0212","0000","2643","800","1843","115","2758","5378","0","51.28","14.88"
"68","000","00","002","0212","0619","971","272","699","21","992","1955","0","50.74","13.91"
"68","000","00","002","0212","0620","835","258","577","52","887","1711","0","51.84","15.08"
"68","000","00","002","0212","0621","837","270","567","42","879","1712","0","51.34","15.77"
"68","000","00","002","0213","0000","1748","884","864","68","1816","3009","0","60.35","29.38"
"68","000","00","002","0213","0652","923","632","291","33","956","1625","0","58.83","38.89"
"68","000","00","002","0213","0653","825","252","573","35","860","1384","0","62.14","18.21"
"68","000","00","002","0214","0000","1091","407","684","46","1137","2061","0","55.17","19.75"
"68","000","00","002","0214","0754","438","160","278","27","465","852","0","54.58","18.78"
"68","000","00","002","0214","0755","653","247","406","19","672","1209","0","55.58","20.43"
"68","000","00","002","0215","0000","2004","627","1377","88","2092","3498","0","59.81","17.92"
"68","000","00","002","0215","0721","817","241","576","33","850","1384","0","61.42","17.41"
"68","000","00","002","0215","0722","624","202","422","14","638","1122","0","56.86","18.0"
"68","000","00","002","0215","0723","563","184","379","41","604","992","0","60.89","18.55"
"68","000","00","002","0216","0000","2114","658","1456","81","2195","4141","0","53.01","15.89"
"68","000","00","002","0216","0627","652","182","470","19","671","1201","0","55.87","15.15"
"68","000","00","002","0216","0628","694","242","452","31","725","1353","0","53.58","17.89"
"68","000","00","002","0216","0629","768","234","534","31","799","1587","0","50.35","14.74"
"68","000","00","002","0217","0000","1779","609","1170","67","1846","5573","0","33.12","10.93"
"68","000","00","002","0217","0642","689","227","462","25","714","3474","0","20.55","6.53"
"68","000","00","002","0217","0643","1090","382","708","42","1132","2099","0","53.93","18.2"
"68","000","00","002","0218","0000","1640","562","1078","61","1701","3540","0","48.05","15.88"
"68","000","00","002","0218","0648","936","306","630","43","979","1900","0","51.53","16.11"
"68","000","00","002","0218","0649","704","256","448","18","722","1640","0","44.02","15.61"
"68","000","00","002","0219","0000","2411","732","1679","81","2492","4845","0","51.43","15.11"
"68","000","00","002","0219","0667","790","256","534","32","822","1764","0","46.6","14.51"
"68","000","00","002","0219","0668","805","231","574","17","822","1488","0","55.24","15.52"
"68","000","00","002","0219","0669","816","245","571","32","848","1593","0","53.23","15.38"
"68","000","00","002","0220","0000","1568","526","1042","40","1608","3362","0","47.83","15.65"
"68","000","00","002","0220","0665","855","288","567","18","873","1842","0","47.39","15.64"
"68","000","00","002","0220","0666","713","238","475","22","735","1520","0","48.36","15.66"
"68","000","00","002","0221","0000","1661","551","1110","93","1754","3334","0","52.61","16.53"
"68","000","00","002","0221","0732","936","314","622","48","984","1951","0","50.44","16.09"
"68","000","00","002","0221","0733","725","237","488","45","770","1383","0","55.68","17.14"
"68","000","00","002","0222","0000","2351","886","1465","103","2454","4872","0","50.37","18.19"
"68","000","00","002","0222","0787","518","184","334","44","562","1097","0","51.23","16.77"
"68","000","00","002","0222","0788","903","344","559","31","934","1917","0","48.72","17.94"
"68","000","00","002","0222","0789","930","358","572","28","958","1858","0","51.56","19.27"
"68","000","00","002","0223","0000","1272","407","865","52","1324","2506","0","52.83","16.24"
"68","000","00","002","0223","0673","591","192","399","26","617","1249","0","49.4","15.37"
"68","000","00","002","0223","0674","681","215","466","26","707","1257","0","56.25","17.1"
"68","000","00","002","0224","0000","1937","615","1322","120","2057","3776","0","54.48","16.29"
"68","000","00","002","0224","0768","521","165","356","38","559","1028","0","54.38","16.05"
"68","000","00","002","0224","0769","630","190","440","40","670","1157","0","57.91","16.42"
"68","000","00","002","0224","0770","786","260","526","42","828","1591","0","52.04","16.34"
"68","000","00","002","0225","0000","1806","678","1128","79","1885","3667","0","51.4","18.49"
"68","000","00","002","0225","0724","910","318","592","36","946","1820","0","51.98","17.47"
"68","000","00","002","0225","0725","896","360","536","43","939","1847","0","50.84","19.49"
"68","000","00","002","0226","0000","1880","632","1248","104","1984","3712","0","53.45","17.03"
"68","000","00","002","0226","0696","882","309","573","60","942","1733","0","54.36","17.83"
"68","000","00","002","0226","0697","998","323","675","44","1042","1979","0","52.65","16.32"
"68","000","00","002","0227","0000","3446","1062","2384","145","3591","6638","0","54.1","16.0"
"68","000","00","002","0227","0716","901","258","643","34","935","1798","0","52.0","14.35"
"68","000","00","002","0227","0717","990","290","700","53","1043","1822","0","57.24","15.92"
"68","000","00","002","0227","0718","831","255","576","24","855","1613","0","53.01","15.81"
"68","000","00","002","0227","0719","724","259","465","34","758","1405","0","53.95","18.43"
"68","000","00","002","0228","0000","416","135","281","26","442","731","0","60.47","18.47"
"68","000","00","002","0228","0764","416","135","281","26","442","731","0","60.47","18.47"
"68","000","00","002","0229","0000","2445","650","1795","164","2609","4672","0","55.84","13.91"
"68","000","00","002","0229","0608","832","210","622","65","897","1627","0","55.13","12.91"
"68","000","00","002","0229","0609","818","228","590","41","859","1519","0","56.55","15.01"
"68","000","00","002","0229","0610","795","212","583","58","853","1526","0","55.9","13.89"
"68","000","00","002","0230","0000","1403","412","991","73","1476","2836","0","52.05","14.53"
"68","000","00","002","0230","0658","748","236","512","41","789","1546","0","51.03","15.27"
"68","000","00","002","0230","0659","655","176","479","32","687","1290","0","53.26","13.64"
"68","000","00","002","0231","0000","1857","569","1288","107","1964","3544","0","55.42","16.06"
"68","000","00","002","0231","0737","932","303","629","56","988","1703","0","58.02","17.79"
"68","000","00","002","0231","0738","925","266","659","51","976","1841","0","53.01","14.45"
"68","000","00","002","0232","0000","1772","606","1166","47","1819","3507","0","51.87","17.28"
"68","000","00","002","0232","0752","962","340","622","30","992","1987","0","49.92","17.11"
"68","000","00","002","0232","0753","810","266","544","17","827","1520","0","54.41","17.5"
"68","000","00","002","0233","0000","4207","1307","2900","145","4352","8947","0","48.64","14.61"
"68","000","00","002","0233","0701","912","255","657","29","941","1943","0","48.43","13.12"
"68","000","00","002","0233","0702","701","232","469","15","716","1363","0","52.53","17.02"
"68","000","00","002","0233","0703","948","324","624","39","987","2172","0","45.44","14.92"
"68","000","00","002","0233","0704","840","246","594","39","879","1798","0","48.89","13.68"
"68","000","00","002","0233","0705","806","250","556","23","829","1671","0","49.61","14.96"
"68","000","00","002","0234","0000","4263","1377","2886","194","4457","8663","0","51.45","15.9"
"68","000","00","002","0234","0709","798","235","563","30","828","1923","0","43.06","12.22"
"68","000","00","002","0234","0710","844","272","572","52","896","1572","0","57.0","17.3"
"68","000","00","002","0234","0711","983","307","676","31","1014","1850","0","54.81","16.59"
"68","000","00","002","0234","0712","780","266","514","42","822","1583","0","51.93","16.8"
"68","000","00","002","0234","0713","858","297","561","39","897","1735","0","51.7","17.12"
"68","000","00","002","0235","0000","1005","322","683","54","1059","1957","0","54.11","16.45"
"68","000","00","002","0235","0758","1005","322","683","54","1059","1957","0","54.11","16.45"
"68","000","00","002","0236","0000","3769","1204","2565","162","3931","7473","0","52.6","16.11"
"68","000","00","002","0236","0741","928","301","627","27","955","1636","0","58.37","18.4"
"68","000","00","002","0236","0742","833","243","590","39","872","1528","0","57.07","15.9"
"68","000","00","002","0236","0743","1044","332","712","62","1106","2289","0","48.32","14.5"
"68","000","00","002","0236","0744","964","328","636","34","998","2020","0","49.41","16.24"
"68","000","00","002","0237","0000","2353","748","1605","96","2449","4365","0","56.11","17.14"
"68","000","00","002","0237","0636","692","234","458","28","720","1368","0","52.63","17.11"
"68","000","00","002","0237","0637","807","233","574","45","852","1424","0","59.83","16.36"
"68","000","00","002","0237","0638","854","281","573","23","877","1573","0","55.75","17.86"
"68","000","00","002","0238","0000","928","531","397","55","983","1730","0","56.82","30.69"
"68","000","00","002","0238","0720","928","531","397","55","983","1730","0","56.82","30.69"
"68","000","00","002","0239","0000","2516","660","1856","175","2691","4878","0","55.17","13.53"
"68","000","00","002","0239","0611","809","214","595","64","873","1618","0","53.96","13.23"
"68","000","00","002","0239","0612","857","232","625","49","906","1554","0","58.3","14.93"
"68","000","00","002","0239","0613","850","214","636","62","912","1706","0","53.46","12.54"
"68","000","00","002","0240","0000","539","202","337","18","557","1011","0","55.09","19.98"
"68","000","00","002","0240","0766","539","202","337","18","557","1011","0","55.09","19.98"
"68","000","00","002","0241","0000","1481","693","788","70","1551","3045","0","50.94","22.76"
"68","000","00","002","0241","0756","749","445","304","56","805","1481","0","54.36","30.05"
"68","000","00","002","0241","0757","732","248","484","14","746","1564","0","47.7","15.86"
"68","000","00","002","0242","0000","2304","756","1548","110","2414","4841","0","49.87","15.62"
"68","000","00","002","0242","0591","699","210","489","41","740","1401","0","52.82","14.99"
"68","000","00","002","0242","0592","863","283","580","37","900","1798","0","50.06","15.74"
"68","000","00","002","0242","0593","742","263","479","32","774","1642","0","47.14","16.02"
"68","000","00","002","0243","0000","2784","962","1822","134","2918","6378","0","45.75","15.08"
"68","000","00","002","0243","0798","976","304","672","61","1037","2068","0","50.15","14.7"
"68","000","00","002","0243","0799","858","300","558","33","891","2152","0","41.4","13.94"
"68","000","00","002","0243","0800","950","358","592","40","990","2158","0","45.88","16.59"
"68","000","00","002","0244","0000","3052","966","2086","128","3180","6013","0","52.89","16.07"
"68","000","00","002","0244","0779","732","228","504","32","764","1426","0","53.58","15.99"
"68","000","00","002","0244","0780","760","219","541","28","788","1618","0","48.7","13.54"
"68","000","00","002","0244","0781","745","220","525","39","784","1441","0","54.41","15.27"
"68","000","00","002","0244","0782","815","299","516","29","844","1528","0","55.24","19.57"
"68","000","00","002","0245","0000","839","268","571","41","880","1532","0","57.44","17.49"
"68","000","00","002","0245","0767","839","268","571","41","880","1532","0","57.44","17.49"
"68","000","00","002","0246","0000","1638","504","1134","94","1732","3344","0","51.79","15.07"
"68","000","00","002","0246","0785","774","233","541","48","822","1534","0","53.59","15.19"
"68","000","00","002","0246","0786","864","271","593","46","910","1810","0","50.28","14.97"
"68","000","00","002","0247","0000","2702","743","1959","171","2873","5162","0","55.66","14.39"
"68","000","00","002","0247","0793","1037","335","702","70","1107","2037","0","54.34","16.45"
"68","000","00","002","0247","0794","666","206","460","34","700","1158","0","60.45","17.79"
"68","000","00","002","0247","0795","999","202","797","67","1066","1967","0","54.19","10.27"
"68","000","00","002","0248","0000","1480","443","1037","66","1546","3148","0","49.11","14.07"
"68","000","00","002","0248","0777","725","214","511","37","762","1609","0","47.36","13.3"
"68","000","00","002","0248","0778","755","229","526","29","784","1539","0","50.94","14.88"
"68","000","00","002","0249","0000","1793","531","1262","114","1907","3686","0","51.74","14.41"
"68","000","00","002","0249","0796","861","274","587","67","928","1830","0","50.71","14.97"
"68","000","00","002","0249","0797","932","257","675","47","979","1856","0","52.75","13.85"
"68","000","00","002","0250","0000","462","155","307","32","494","851","0","58.05","18.21"
"68","000","00","002","0250","0765","462","155","307","32","494","851","0","58.05","18.21"
"68","000","00","002","0251","0000","2447","814","1633","113","2560","4643","0","55.14","17.53"
"68","000","00","002","0251","0790","843","278","565","33","876","1576","0","55.58","17.64"
"68","000","00","002","0251","0791","798","258","540","46","844","1478","0","57.1","17.46"
"68","000","00","002","0251","0792","806","278","528","34","840","1589","0","52.86","17.5"
"68","000","00","002","0252","0000","2323","680","1643","97","2420","4812","0","50.29","14.13"
"68","000","00","002","0252","0729","700","197","503","33","733","1234","0","59.4","15.96"
"68","000","00","002","0252","0730","907","273","634","43","950","2023","0","46.96","13.49"
"68","000","00","002","0252","0731","716","210","506","21","737","1555","0","47.4","13.5"
"68","000","00","002","0253","0000","1458","434","1024","65","1523","2587","0","58.87","16.78"
"68","000","00","002","0253","0634","654","184","470","25","679","1177","0","57.69","15.63"
"68","000","00","002","0253","0635","804","250","554","40","844","1410","0","59.86","17.73"
"68","000","00","002","0254","0000","1519","458","1061","78","1597","2767","0","57.72","16.55"
"68","000","00","002","0254","0761","588","187","401","39","627","1066","0","58.82","17.54"
"68","000","00","002","0254","0762","931","271","660","39","970","1701","0","57.03","15.93"
"68","000","00","002","0255","0000","2676","894","1782","112","2788","5434","0","51.31","16.45"
"68","000","00","002","0255","0774","845","259","586","48","893","1651","0","54.09","15.69"
"68","000","00","002","0255","0775","979","347","632","37","1016","1870","0","54.33","18.56"
"68","000","00","002","0255","0776","852","288","564","27","879","1913","0","45.95","15.05"
"68","000","00","002","0256","0000","2785","897","1888","125","2910","5294","0","54.97","16.94"
"68","000","00","002","0256","0706","882","282","600","52","934","1969","0","47.44","14.32"
"68","000","00","002","0256","0707","957","295","662","41","998","1563","0","63.85","18.87"
"68","000","00","002","0256","0708","946","320","626","32","978","1762","0","55.51","18.16"
"68","000","00","002","0257","0000","2441","817","1624","83","2524","4543","0","55.56","17.98"
"68","000","00","002","0257","0698","861","314","547","27","888","1621","0","54.78","19.37"
"68","000","00","002","0257","0699","744","237","507","41","785","1391","0","56.43","17.04"
"68","000","00","002","0257","0700","836","266","570","15","851","1531","0","55.58","17.37"
"68","000","00","002","0258","0000","1536","451","1085","89","1625","2854","0","56.94","15.8"
"68","000","00","002","0258","0694","655","201","454","42","697","1260","0","55.32","15.95"
"68","000","00","002","0258","0695","881","250","631","47","928","1594","0","58.22","15.68"
"68","000","00","002","0259","0000","1324","406","918","49","1373","2557","0","53.7","15.88"
"68","000","00","002","0259","0714","656","202","454","31","687","1292","0","53.17","15.63"
"68","000","00","002","0259","0715","668","204","464","18","686","1265","0","54.23","16.13"
"68","000","00","002","0260","0000","1687","542","1145","63","1750","3331","0","52.54","16.27"
"68","000","00","002","0260","0630","964","294","670","40","1004","1883","0","53.32","15.61"
"68","000","00","002","0260","0631","723","248","475","23","746","1448","0","51.52","17.13"
"68","000","00","002","0261","0000","1853","622","1231","81","1934","3726","0","51.91","16.69"
"68","000","00","002","0261","0632","913","313","600","42","955","1810","0","52.76","17.29"
"68","000","00","002","0261","0633","940","309","631","39","979","1916","0","51.1","16.13"
"68","000","00","002","0262","0000","2513","830","1683","87","2600","4657","0","55.83","17.82"
"68","000","00","002","0262","0594","845","281","564","35","880","1670","0","52.69","16.83"
"68","000","00","002","0262","0595","775","263","512","26","801","1456","0","55.01","18.06"
"68","000","00","002","0262","0596","893","286","607","26","919","1531","0","60.03","18.68"
"68","000","00","002","0263","0000","1774","485","1289","58","1832","3576","0","51.23","13.56"
"68","000","00","002","0263","0597","906","244","662","33","939","1623","0","57.86","15.03"
"68","000","00","002","0263","0598","868","241","627","25","893","1953","0","45.72","12.34"
"68","000","00","002","0264","0000","1866","571","1295","112","1978","3628","0","54.52","15.74"
"68","000","00","002","0264","0783","856","277","579","48","904","1683","0","53.71","16.46"
"68","000","00","002","0264","0784","1010","294","716","64","1074","1945","0","55.22","15.12"
"68","000","00","002","0265","0000","2346","680","1666","76","2422","4082","0","59.33","16.66"
"68","000","00","002","0265","0605","922","272","650","22","944","1602","0","58.93","16.98"
"68","000","00","002","0265","0606","617","162","455","29","646","1006","0","64.21","16.1"
"68","000","00","002","0265","0607","807","246","561","25","832","1474","0","56.45","16.69"
"68","000","00","002","0266","0000","2290","744","1546","74","2364","4296","0","55.03","17.32"
"68","000","00","002","0266","0639","631","208","423","26","657","1152","0","57.03","18.06"
"68","000","00","002","0266","0640","643","220","423","17","660","1178","0","56.03","18.68"
"68","000","00","002","0266","0641","1016","316","700","31","1047","1966","0","53.26","16.07"
"68","000","00","002","0267","0000","1255","332","923","67","1322","2125","0","62.21","15.62"
"68","000","00","002","0267","0650","566","164","402","30","596","994","0","59.96","16.5"
"68","000","00","002","0267","0651","689","168","521","37","726","1131","0","64.19","14.85"
"68","000","00","002","0268","0000","2401","755","1646","87","2488","4658","0","53.41","16.21"
"68","000","00","002","0268","0670","778","261","517","25","803","1505","0","53.36","17.34"
"68","000","00","002","0268","0671","837","252","585","22","859","1661","0","51.72","15.17"
"68","000","00","002","0268","0672","786","242","544","40","826","1492","0","55.36","16.22"
"68","000","00","002","0269","0000","1451","455","996","67","1518","2575","0","58.95","17.67"
"68","000","00","002","0269","0644","637","193","444","25","662","1178","0","56.2","16.38"
"68","000","00","002","0269","0645","814","262","552","42","856","1397","0","61.27","18.75"
"68","000","00","002","0270","0000","1857","611","1246","87","1944","3756","0","51.76","16.27"
"68","000","00","002","0270","0646","884","286","598","43","927","1669","0","55.54","17.14"
"68","000","00","002","0270","0647","973","325","648","44","1017","2087","0","48.73","15.57"
"68","000","00","002","0271","0000","1677","470","1207","92","1769","3596","0","49.19","13.07"
"68","000","00","002","0271","0660","989","262","727","60","1049","2145","0","48.9","12.21"
"68","000","00","002","0271","0661","688","208","480","32","720","1451","0","49.62","14.33"
"68","000","00","002","0272","0000","2339","686","1653","92","2431","4686","0","51.88","14.64"
"68","000","00","002","0272","0622","792","221","571","42","834","1448","0","57.6","15.26"
"68","000","00","002","0272","0623","779","241","538","40","819","1605","0","51.03","15.02"
"68","000","00","002","0272","0624","768","224","544","10","778","1633","0","47.64","13.72"
"68","000","00","002","0273","0000","2843","922","1921","129","2972","5990","0","49.62","15.39"
"68","000","00","002","0273","0745","1035","326","709","59","1094","2027","0","53.97","16.08"
"68","000","00","002","0273","0746","816","281","535","22","838","1883","0","44.5","14.92"
"68","000","00","002","0273","0747","992","315","677","48","1040","2080","0","50.0","15.14"
"68","000","00","002","0274","0000","2967","811","2156","113","3080","5466","0","56.35","14.84"
"68","000","00","002","0274","0748","344","121","223","12","356","646","0","55.11","18.73"
"68","000","00","002","0274","0749","1066","315","751","50","1116","1780","0","62.7","17.7"
"68","000","00","002","0274","0750","636","99","537","17","653","1372","0","47.59","7.22"
"68","000","00","002","0274","0751","921","276","645","34","955","1668","0","57.25","16.55"
"68","000","00","002","0275","0000","1556","434","1122","55","1611","3555","0","45.32","12.21"
"68","000","00","002","0275","0656","722","178","544","31","753","1743","0","43.2","10.21"
"68","000","00","002","0275","0657","834","256","578","24","858","1812","0","47.35","14.13"
"68","000","00","002","0276","0000","1876","525","1351","67","1943","3484","0","55.77","15.07"
"68","000","00","002","0276","0625","980","301","679","48","1028","1795","0","57.27","16.77"
"68","000","00","002","0276","0626","896","224","672","19","915","1689","0","54.17","13.26"
"68","000","00","002","0277","0000","1729","483","1246","81","1810","3448","0","52.49","14.01"
"68","000","00","002","0277","0685","917","220","697","46","963","1739","0","55.38","12.65"
"68","000","00","002","0277","0686","812","263","549","35","847","1709","0","49.56","15.39"
"68","000","00","002","0278","0000","1726","470","1256","75","1801","3319","0","54.26","14.16"
"68","000","00","002","0278","0687","866","246","620","45","911","1655","0","55.05","14.86"
"68","000","00","002","0278","0688","860","224","636","30","890","1664","0","53.49","13.46"
"68","000","00","002","0279","0000","2352","682","1670","110","2462","4416","0","55.75","15.44"
"68","000","00","002","0279","0734","665","186","479","39","704","1164","0","60.48","15.98"
"68","000","00","002","0279","0735","782","244","538","32","814","1482","0","54.93","16.46"
"68","000","00","002","0279","0736","905","252","653","39","944","1770","0","53.33","14.24"
"68","000","00","002","0280","0000","1406","494","912","75","1481","2405","0","61.58","20.54"
"68","000","00","002","0280","0759","743","275","468","43","786","1223","0","64.27","22.49"
"68","000","00","002","0280","0760","663","219","444","32","695","1182","0","58.8","18.53"
"68","000","00","002","0281","0000","1633","548","1085","55","1688","3243","0","52.05","16.9"
"68","000","00","002","0281","0677","832","266","566","30","862","1702","0","50.65","15.63"
"68","000","00","002","0281","0678","801","282","519","25","826","1541","0","53.6","18.3"
"68","000","00","002","0282","0000","2248","689","1559","81","2329","4712","0","49.43","14.62"
"68","000","00","002","0282","0599","639","208","431","21","660","1155","0","57.14","18.01"
"68","000","00","002","0282","0600","787","231","556","33","820","1800","0","45.56","12.83"
"68","000","00","002","0282","0601","822","250","572","27","849","1757","0","48.32","14.23"
"68","000","00","002","0283","0000","2541","792","1749","97","2638","5423","0","48.64","14.6"
"68","000","00","002","0283","0682","839","277","562","39","878","1735","0","50.61","15.97"
"68","000","00","002","0283","0683","888","315","573","32","920","1815","0","50.69","17.36"
"68","000","00","002","0283","0684","814","200","614","26","840","1873","0","44.85","10.68"
"68","000","00","002","0284","0000","2127","667","1460","128","2255","3731","0","60.44","17.88"
"68","000","00","002","0284","0726","723","219","504","47","770","1302","0","59.14","16.82"
"68","000","00","002","0284","0727","652","206","446","44","696","1203","0","57.86","17.12"
"68","000","00","002","0284","0728","752","242","510","37","789","1226","0","64.36","19.74"
"68","000","00","002","0285","0000","2116","698","1418","66","2182","3970","0","54.96","17.58"
"68","000","00","002","0285","0739","1037","359","678","28","1065","1941","0","54.87","18.5"
"68","000","00","002","0285","0740","1079","339","740","38","1117","2029","0","55.05","16.71"
"68","000","00","003","0000","0000","38555","11844","26711","2818","41373","78285","94862","52.85","15.13"
"68","000","00","003","0301","0000","781","265","516","51","832","1477","0","56.33","17.94"
"68","000","00","003","0301","0522","781","265","516","51","832","1477","0","56.33","17.94"
"68","000","00","003","0302","0000","525","168","357","34","559","1006","0","55.57","16.7"
"68","000","00","003","0302","0523","525","168","357","34","559","1006","0","55.57","16.7"
"68","000","00","003","0303","0000","2214","707","1507","116","2330","4752","0","49.03","14.88"
"68","000","00","003","0303","0527","729","232","497","34","763","1585","0","48.14","14.64"
"68","000","00","003","0303","0528","793","284","509","47","840","1612","0","52.11","17.62"
"68","000","00","003","0303","0529","692","191","501","35","727","1555","0","46.75","12.28"
"68","000","00","003","0304","0000","2817","880","1937","193","3010","5544","0","54.29","15.87"
"68","000","00","003","0304","0530","734","220","514","37","771","1282","0","60.14","17.16"
"68","000","00","003","0304","0531","684","198","486","48","732","1392","0","52.59","14.22"
"68","000","00","003","0304","0532","679","210","469","42","721","1422","0","50.7","14.77"
"68","000","00","003","0304","0533","720","252","468","66","786","1448","0","54.28","17.4"
"68","000","00","003","0305","0000","730","243","487","46","776","1269","0","61.15","19.15"
"68","000","00","003","0305","0534","730","243","487","46","776","1269","0","61.15","19.15"
"68","000","00","003","0306","0000","527","156","371","64","591","977","0","60.49","15.97"
"68","000","00","003","0306","0535","527","156","371","64","591","977","0","60.49","15.97"
"68","000","00","003","0307","0000","1447","441","1006","136","1583","3036","0","52.14","14.53"
"68","000","00","003","0307","0539","490","161","329","41","531","1056","0","50.28","15.25"
"68","000","00","003","0307","0540","599","189","410","53","652","1263","0","51.62","14.96"
"68","000","00","003","0307","0541","358","91","267","42","400","717","0","55.79","12.69"
"68","000","00","003","0308","0000","1024","330","694","82","1106","2275","0","48.62","14.51"
"68","000","00","003","0308","0542","543","168","375","20","563","1299","0","43.34","12.93"
"68","000","00","003","0308","0543","481","162","319","62","543","976","0","55.64","16.6"
"68","000","00","003","0309","0000","453","128","325","55","508","938","0","54.16","13.65"
"68","000","00","003","0309","0544","453","128","325","55","508","938","0","54.16","13.65"
"68","000","00","003","0310","0000","398","116","282","24","422","832","0","50.72","13.94"
"68","000","00","003","0310","0545","398","116","282","24","422","832","0","50.72","13.94"
"68","000","00","003","0311","0000","729","217","512","41","770","1359","0","56.66","15.97"
"68","000","00","003","0311","0536","729","217","512","41","770","1359","0","56.66","15.97"
"68","000","00","003","0312","0000","929","326","603","107","1036","1795","0","57.72","18.16"
"68","000","00","003","0312","0537","621","206","415","63","684","1135","0","60.26","18.15"
"68","000","00","003","0312","0538","308","120","188","44","352","660","0","53.33","18.18"
"68","000","00","003","0313","0000","1249","356","893","100","1349","2713","0","49.72","13.12"
"68","000","00","003","0313","0548","653","213","440","49","702","1410","0","49.79","15.11"
"68","000","00","003","0313","0549","596","143","453","51","647","1303","0","49.65","10.97"
"68","000","00","003","0314","0000","677","226","451","59","736","1560","0","47.18","14.49"
"68","000","00","003","0314","0546","370","114","256","26","396","866","0","45.73","13.16"
"68","000","00","003","0314","0547","307","112","195","33","340","694","0","48.99","16.14"
"68","000","00","003","0315","0000","1257","346","911","125","1382","2852","0","48.46","12.13"
"68","000","00","003","0315","0557","673","199","474","72","745","1446","0","51.52","13.76"
"68","000","00","003","0315","0558","584","147","437","53","637","1406","0","45.31","10.46"
"68","000","00","003","0316","0000","1319","324","995","63","1382","2542","0","54.37","12.75"
"68","000","00","003","0316","0555","637","142","495","41","678","1173","0","57.8","12.11"
"68","000","00","003","0316","0556","682","182","500","22","704","1369","0","51.42","13.29"
"68","000","00","003","0317","0000","1905","621","1284","93","1998","3603","0","55.45","17.24"
"68","000","00","003","0317","0550","561","184","377","28","589","1125","0","52.36","16.36"
"68","000","00","003","0317","0551","621","211","410","23","644","1170","0","55.04","18.03"
"68","000","00","003","0317","0552","723","226","497","42","765","1308","0","58.49","17.28"
"68","000","00","003","0318","0000","2560","781","1779","159","2719","5012","0","54.25","15.58"
"68","000","00","003","0318","0562","833","258","575","25","858","1684","0","50.95","15.32"
"68","000","00","003","0318","0563","1018","312","706","65","1083","1959","0","55.28","15.93"
"68","000","00","003","0318","0564","709","211","498","69","778","1369","0","56.83","15.41"
"68","000","00","003","0319","0000","1412","427","985","83","1495","3088","0","48.41","13.83"
"68","000","00","003","0319","0565","749","231","518","53","802","1431","0","56.04","16.14"
"68","000","00","003","0319","0566","663","196","467","30","693","1657","0","41.82","11.83"
"68","000","00","003","0320","0000","713","213","500","22","735","1514","0","48.55","14.07"
"68","000","00","003","0320","0575","713","213","500","22","735","1514","0","48.55","14.07"
"68","000","00","003","0321","0000","2153","705","1448","223","2376","4947","0","48.03","14.25"
"68","000","00","003","0321","0570","714","241","473","70","784","1511","0","51.89","15.95"
"68","000","00","003","0321","0571","723","251","472","76","799","1719","0","46.48","14.6"
"68","000","00","003","0321","0572","716","213","503","77","793","1717","0","46.19","12.41"
"68","000","00","003","0322","0000","1876","536","1340","128","2004","3732","0","53.7","14.36"
"68","000","00","003","0322","0578","461","120","341","18","479","831","0","57.64","14.44"
"68","000","00","003","0322","0579","733","217","516","47","780","1407","0","55.44","15.42"
"68","000","00","003","0322","0580","682","199","483","63","745","1494","0","49.87","13.32"
"68","000","00","003","0323","0000","1176","333","843","147","1323","2395","0","55.24","13.9"
"68","000","00","003","0323","0573","576","162","414","73","649","1207","0","53.77","13.42"
"68","000","00","003","0323","0574","600","171","429","74","674","1188","0","56.73","14.39"
"68","000","00","003","0324","0000","1499","433","1066","99","1598","2789","0","57.3","15.53"
"68","000","00","003","0324","0576","790","234","556","65","855","1529","0","55.92","15.3"
"68","000","00","003","0324","0577","709","199","510","34","743","1260","0","58.97","15.79"
"68","000","00","003","0325","0000","2241","741","1500","168","2409","4508","0","53.44","16.44"
"68","000","00","003","0325","0524","749","223","526","67","816","1553","0","52.54","14.36"
"68","000","00","003","0325","0525","808","294","514","63","871","1597","0","54.54","18.41"
"68","000","00","003","0325","0526","684","224","460","38","722","1358","0","53.17","16.49"
"68","000","00","003","0326","0000","1856","565","1291","119","1975","3875","0","50.97","14.58"
"68","000","00","003","0326","0567","584","184","400","30","614","1387","0","44.27","13.27"
"68","000","00","003","0326","0568","522","167","355","49","571","1085","0","52.63","15.39"
"68","000","00","003","0326","0569","750","214","536","40","790","1403","0","56.31","15.25"
"68","000","00","003","0327","0000","2449","750","1699","158","2607","4648","0","56.09","16.14"
"68","000","00","003","0327","0559","838","238","600","22","860","1592","0","54.02","14.95"
"68","000","00","003","0327","0560","796","246","550","61","857","1497","0","57.25","16.43"
"68","000","00","003","0327","0561","815","266","549","75","890","1559","0","57.09","17.06"
"68","000","00","003","0328","0000","1639","510","1129","123","1762","3247","0","54.27","15.71"
"68","000","00","003","0328","0553","545","179","366","71","616","1094","0","56.31","16.36"
"68","000","00","003","0328","0554","1094","331","763","52","1146","2153","0","53.23","15.37"
"68","000","00","004","0000","0000","67118","19418","47700","3315","70433","137917","169991","51.07","14.08"
"68","000","00","004","0401","0000","1850","516","1334","80","1930","3705","0","52.09","13.93"
"68","000","00","004","0401","0960","959","267","692","40","999","1943","0","51.42","13.74"
"68","000","00","004","0401","0961","891","249","642","40","931","1762","0","52.84","14.13"
"68","000","00","004","0402","0000","549","161","388","35","584","1083","0","53.92","14.87"
"68","000","00","004","0402","0962","549","161","388","35","584","1083","0","53.92","14.87"
"68","000","00","004","0403","0000","1405","381","1024","109","1514","2633","0","57.5","14.47"
"68","000","00","004","0403","0964","672","184","488","57","729","1274","0","57.22","14.44"
"68","000","00","004","0403","0965","733","197","536","52","785","1359","0","57.76","14.5"
"68","000","00","004","0404","0000","2882","841","2041","113","2995","6964","0","43.01","12.08"
"68","000","00","004","0404","0966","822","256","566","41","863","2444","0","35.31","10.47"
"68","000","00","004","0404","0967","999","282","717","38","1037","2298","0","45.13","12.27"
"68","000","00","004","0404","0968","1061","303","758","34","1095","2222","0","49.28","13.64"
"68","000","00","004","0405","0000","1579","463","1116","141","1720","3237","0","53.14","14.3"
"68","000","00","004","0405","0969","783","228","555","70","853","1610","0","52.98","14.16"
"68","000","00","004","0405","0970","796","235","561","71","867","1627","0","53.29","14.44"
"68","000","00","004","0406","0000","1197","350","847","74","1271","2776","0","45.79","12.61"
"68","000","00","004","0406","0973","729","207","522","48","777","1776","0","43.75","11.66"
"68","000","00","004","0406","0974","468","143","325","26","494","1000","0","49.4","14.3"
"68","000","00","004","0407","0000","2221","599","1622","106","2327","4112","0","56.59","14.57"
"68","000","00","004","0407","1003","779","230","549","28","807","1448","0","55.73","15.88"
"68","000","00","004","0407","1004","721","175","546","36","757","1351","0","56.03","12.95"
"68","000","00","004","0407","1005","721","194","527","42","763","1313","0","58.11","14.78"
"68","000","00","004","0408","0000","1374","391","983","51","1425","2602","0","54.77","15.03"
"68","000","00","004","0408","0989","617","185","432","33","650","1194","0","54.44","15.49"
"68","000","00","004","0408","0990","757","206","551","18","775","1408","0","55.04","14.63"
"68","000","00","004","0409","0000","1009","278","731","36","1045","2027","0","51.55","13.71"
"68","000","00","004","0409","0963","1009","278","731","36","1045","2027","0","51.55","13.71"
"68","000","00","004","0410","0000","1767","506","1261","69","1836","3300","0","55.64","15.33"
"68","000","00","004","0410","0956","872","260","612","27","899","1713","0","52.48","15.18"
"68","000","00","004","0410","0957","895","246","649","42","937","1587","0","59.04","15.5"
"68","000","00","004","0411","0000","762","116","646","41","803","1434","0","56.0","8.09"
"68","000","00","004","0411","0929","762","116","646","41","803","1434","0","56.0","8.09"
"68","000","00","004","0412","0000","627","163","464","35","662","1137","0","58.22","14.34"
"68","000","00","004","0412","0932","627","163","464","35","662","1137","0","58.22","14.34"
"68","000","00","004","0413","0000","2512","718","1794","129","2641","5314","0","49.7","13.51"
"68","000","00","004","0413","0936","770","216","554","47","817","1449","0","56.38","14.91"
"68","000","00","004","0413","0937","820","245","575","47","867","1877","0","46.19","13.05"
"68","000","00","004","0413","0938","922","257","665","35","957","1988","0","48.14","12.93"
"68","000","00","004","0414","0000","2051","611","1440","67","2118","4219","0","50.2","14.48"
"68","000","00","004","0414","0933","1071","323","748","36","1107","2211","0","50.07","14.61"
"68","000","00","004","0414","0934","980","288","692","31","1011","2008","0","50.35","14.34"
"68","000","00","004","0415","0000","1857","618","1239","49","1906","3730","0","51.1","16.57"
"68","000","00","004","0415","0942","900","296","604","21","921","1848","0","49.84","16.02"
"68","000","00","004","0415","0943","957","322","635","28","985","1882","0","52.34","17.11"
"68","000","00","004","0416","0000","1670","441","1229","73","1743","3657","0","47.66","12.06"
"68","000","00","004","0416","0991","748","192","556","40","788","1737","0","45.37","11.05"
"68","000","00","004","0416","0992","922","249","673","33","955","1920","0","49.74","12.97"
"68","000","00","004","0417","0000","1700","487","1213","86","1786","3378","0","52.87","14.42"
"68","000","00","004","0417","0997","859","225","634","57","916","1692","0","54.14","13.3"
"68","000","00","004","0417","0998","841","262","579","29","870","1686","0","51.6","15.54"
"68","000","00","004","0418","0000","2154","501","1653","142","2296","3923","0","58.53","12.77"
"68","000","00","004","0418","0926","656","178","478","52","708","1269","0","55.79","14.03"
"68","000","00","004","0418","0927","719","100","619","53","772","1246","0","61.96","8.03"
"68","000","00","004","0418","0928","779","223","556","37","816","1408","0","57.95","15.84"
"68","000","00","004","0419","0000","1489","399","1090","105","1594","3172","0","50.25","12.58"
"68","000","00","004","0419","0930","729","191","538","52","781","1515","0","51.55","12.61"
"68","000","00","004","0419","0931","760","208","552","53","813","1657","0","49.06","12.55"
"68","000","00","004","0420","0000","881","226","655","52","933","1861","0","50.13","12.14"
"68","000","00","004","0420","0977","881","226","655","52","933","1861","0","50.13","12.14"
"68","000","00","004","0421","0000","1732","501","1231","120","1852","3841","0","48.22","13.04"
"68","000","00","004","0421","0975","967","273","694","69","1036","2290","0","45.24","11.92"
"68","000","00","004","0421","0976","765","228","537","51","816","1551","0","52.61","14.7"
"68","000","00","004","0422","0000","1314","375","939","111","1425","2685","0","53.07","13.97"
"68","000","00","004","0422","0980","747","205","542","53","800","1498","0","53.4","13.68"
"68","000","00","004","0422","0981","567","170","397","58","625","1187","0","52.65","14.32"
"68","000","00","004","0423","0000","1792","501","1291","67","1859","3752","0","49.55","13.35"
"68","000","00","004","0423","1006","842","228","614","39","881","1689","0","52.16","13.5"
"68","000","00","004","0423","1007","950","273","677","28","978","2063","0","47.41","13.23"
"68","000","00","004","0424","0000","1369","379","990","94","1463","2694","0","54.31","14.07"
"68","000","00","004","0424","0982","660","192","468","49","709","1270","0","55.83","15.12"
"68","000","00","004","0424","0983","709","187","522","45","754","1424","0","52.95","13.13"
"68","000","00","004","0425","0000","2368","687","1681","155","2523","5412","0","46.62","12.69"
"68","000","00","004","0425","0986","750","241","509","70","820","1783","0","45.99","13.52"
"68","000","00","004","0425","0987","794","212","582","24","818","1709","0","47.86","12.4"
"68","000","00","004","0425","0988","824","234","590","61","885","1920","0","46.09","12.19"
"68","000","00","004","0426","0000","1637","468","1169","52","1689","3007","0","56.17","15.56"
"68","000","00","004","0426","0958","787","224","563","30","817","1416","0","57.7","15.82"
"68","000","00","004","0426","0959","850","244","606","22","872","1591","0","54.81","15.34"
"68","000","00","004","0427","0000","2999","930","2069","110","3109","6381","0","48.72","14.57"
"68","000","00","004","0427","0950","968","317","651","34","1002","2101","0","47.69","15.09"
"68","000","00","004","0427","0951","1018","309","709","54","1072","2054","0","52.19","15.04"
"68","000","00","004","0427","0952","1013","304","709","22","1035","2226","0","46.5","13.66"
"68","000","00","004","0428","0000","1846","636","1210","54","1900","3687","0","51.53","17.25"
"68","000","00","004","0428","0946","709","211","498","15","724","1562","0","46.35","13.51"
"68","000","00","004","0428","0947","1137","425","712","39","1176","2125","0","55.34","20.0"
"68","000","00","004","0429","0000","1585","511","1074","37","1622","3248","0","49.94","15.73"
"68","000","00","004","0429","0953","735","229","506","12","747","1405","0","53.17","16.3"
"68","000","00","004","0429","0954","850","282","568","25","875","1843","0","47.48","15.3"
"68","000","00","004","0430","0000","1844","463","1381","100","1944","3347","0","58.08","13.83"
"68","000","00","004","0430","0971","958","193","765","46","1004","1589","0","63.18","12.15"
"68","000","00","004","0430","0972","886","270","616","54","940","1758","0","53.47","15.36"
"68","000","00","004","0431","0000","1738","545","1193","74","1812","3883","0","46.66","14.04"
"68","000","00","004","0431","0995","907","281","626","41","948","2020","0","46.93","13.91"
"68","000","00","004","0431","0996","831","264","567","33","864","1863","0","46.38","14.17"
"68","000","00","004","0432","0000","1732","542","1190","122","1854","3492","0","53.09","15.52"
"68","000","00","004","0432","1001","866","270","596","60","926","1603","0","57.77","16.84"
"68","000","00","004","0432","1002","866","272","594","62","928","1889","0","49.13","14.4"
"68","000","00","004","0433","0000","1627","506","1121","107","1734","3183","0","54.48","15.9"
"68","000","00","004","0433","0999","803","254","549","83","886","1626","0","54.49","15.62"
"68","000","00","004","0433","1000","824","252","572","24","848","1557","0","54.46","16.18"
"68","000","00","004","0434","0000","2637","799","1838","111","2748","5546","0","49.55","14.41"
"68","000","00","004","0434","0939","981","318","663","25","1006","1931","0","52.1","16.47"
"68","000","00","004","0434","0940","797","248","549","61","858","1938","0","44.27","12.8"
"68","000","00","004","0434","0941","859","233","626","25","884","1677","0","52.71","13.89"
"68","000","00","004","0435","0000","976","317","659","29","1005","1911","0","52.59","16.59"
"68","000","00","004","0435","0935","976","317","659","29","1005","1911","0","52.59","16.59"
"68","000","00","004","0436","0000","1529","466","1063","47","1576","3479","0","45.3","13.39"
"68","000","00","004","0436","0944","622","193","429","11","633","1541","0","41.08","12.52"
"68","000","00","004","0436","0945","907","273","634","36","943","1938","0","48.66","14.09"
"68","000","00","004","0437","0000","1399","413","986","84","1483","2725","0","54.42","15.16"
"68","000","00","004","0437","0993","628","199","429","25","653","1234","0","52.92","16.13"
"68","000","00","004","0437","0994","771","214","557","59","830","1491","0","55.67","14.35"
"68","000","00","004","0438","0000","1318","370","948","80","1398","2926","0","47.78","12.65"
"68","000","00","004","0438","0978","499","149","350","36","535","1141","0","46.89","13.06"
"68","000","00","004","0438","0979","819","221","598","44","863","1785","0","48.35","12.38"
"68","000","00","004","0439","0000","995","310","685","42","1037","2324","0","44.62","13.34"
"68","000","00","004","0439","0955","995","310","685","42","1037","2324","0","44.62","13.34"
"68","000","00","004","0440","0000","1711","490","1221","72","1783","3323","0","53.66","14.75"
"68","000","00","004","0440","0948","839","237","602","48","887","1516","0","58.51","15.63"
"68","000","00","004","0440","0949","872","253","619","24","896","1807","0","49.58","14.0"
"68","000","00","004","0441","0000","1434","443","991","54","1488","2807","0","53.01","15.78"
"68","000","00","004","0441","0984","753","225","528","23","776","1273","0","60.96","17.67"
"68","000","00","004","0441","0985","681","218","463","31","712","1534","0","46.41","14.21"
"68","000","00","005","0000","0000","62541","20705","41836","3072","65613","129252","164057","50.76","16.02"
"68","000","00","005","0501","0000","1354","413","941","129","1483","2896","0","51.21","14.26"
"68","000","00","005","0501","0396","649","197","452","63","712","1358","0","52.43","14.51"
"68","000","00","005","0501","0397","705","216","489","66","771","1538","0","50.13","14.04"
"68","000","00","005","0502","0000","1713","498","1215","121","1834","3791","0","48.38","13.14"
"68","000","00","005","0502","0398","834","241","593","61","895","2118","0","42.26","11.38"
"68","000","00","005","0502","0399","879","257","622","60","939","1673","0","56.13","15.36"
"68","000","00","005","0503","0000","2188","729","1459","111","2299","4816","0","47.74","15.14"
"68","000","00","005","0503","0404","665","206","459","24","689","1446","0","47.65","14.25"
"68","000","00","005","0503","0405","706","248","458","57","763","1623","0","47.01","15.28"
"68","000","00","005","0503","0406","817","275","542","30","847","1747","0","48.48","15.74"
"68","000","00","005","0504","0000","2171","680","1491","100","2271","4687","0","48.45","14.51"
"68","000","00","005","0504","0411","1053","338","715","49","1102","2189","0","50.34","15.44"
"68","000","00","005","0504","0412","1118","342","776","51","1169","2498","0","46.8","13.69"
"68","000","00","005","0506","0000","1701","567","1134","136","1837","4088","0","44.94","13.87"
"68","000","00","005","0506","0414","773","254","519","77","850","1991","0","42.69","12.76"
"68","000","00","005","0506","0415","928","313","615","59","987","2097","0","47.07","14.93"
"68","000","00","005","0507","0000","1736","579","1157","69","1805","3567","0","50.6","16.23"
"68","000","00","005","0507","0430","929","265","664","40","969","1864","0","51.98","14.22"
"68","000","00","005","0507","0431","807","314","493","29","836","1703","0","49.09","18.44"
"68","000","00","005","0508","0000","1951","687","1264","66","2017","3815","0","52.87","18.01"
"68","000","00","005","0508","0432","926","320","606","32","958","1893","0","50.61","16.9"
"68","000","00","005","0508","0433","1025","367","658","34","1059","1922","0","55.1","19.09"
"68","000","00","005","0509","0000","1257","409","848","63","1320","2380","0","55.46","17.18"
"68","000","00","005","0509","0440","680","224","456","36","716","1181","0","60.63","18.97"
"68","000","00","005","0509","0441","577","185","392","27","604","1199","0","50.38","15.43"
"68","000","00","005","0510","0000","1208","353","855","117","1325","2521","0","52.56","14.0"
"68","000","00","005","0510","0459","521","160","361","43","564","1318","0","42.79","12.14"
"68","000","00","005","0510","0460","687","193","494","74","761","1203","0","63.26","16.04"
"68","000","00","005","0511","0000","796","274","522","28","824","1771","0","46.53","15.47"
"68","000","00","005","0511","0461","796","274","522","28","824","1771","0","46.53","15.47"
"68","000","00","005","0512","0000","1598","503","1095","147","1745","3595","0","48.54","13.99"
"68","000","00","005","0512","0462","793","244","549","62","855","1832","0","46.67","13.32"
"68","000","00","005","0512","0463","805","259","546","85","890","1763","0","50.48","14.69"
"68","000","00","005","0513","0000","637","231","406","15","652","1497","0","43.55","15.43"
"68","000","00","005","0513","0464","637","231","406","15","652","1497","0","43.55","15.43"
"68","000","00","005","0514","0000","886","258","628","107","993","1671","0","59.43","15.44"
"68","000","00","005","0514","0465","886","258","628","107","993","1671","0","59.43","15.44"
"68","000","00","005","0515","0000","1270","415","855","145","1415","2488","0","56.87","16.68"
"68","000","00","005","0515","0466","482","160","322","56","538","929","0","57.91","17.22"
"68","000","00","005","0515","0467","788","255","533","89","877","1559","0","56.25","16.36"
"68","000","00","005","0516","0000","1628","464","1164","77","1705","2938","0","58.03","15.79"
"68","000","00","005","0516","0468","771","231","540","22","793","1497","0","52.97","15.43"
"68","000","00","005","0516","0469","857","233","624","55","912","1441","0","63.29","16.17"
"68","000","00","005","0517","0000","1316","501","815","53","1369","3161","0","43.31","15.85"
"68","000","00","005","0517","0428","731","221","510","22","753","1668","0","45.14","13.25"
"68","000","00","005","0517","0429","585","280","305","31","616","1493","0","41.26","18.75"
"68","000","00","005","0518","0000","2506","939","1567","105","2611","5039","0","51.82","18.63"
"68","000","00","005","0518","0416","802","305","497","46","848","1558","0","54.43","19.58"
"68","000","00","005","0518","0417","960","366","594","30","990","1891","0","52.35","19.35"
"68","000","00","005","0518","0418","744","268","476","29","773","1590","0","48.62","16.86"
"68","000","00","005","0519","0000","1254","360","894","47","1301","2588","0","50.27","13.91"
"68","000","00","005","0519","0438","631","172","459","22","653","1232","0","53.0","13.96"
"68","000","00","005","0519","0439","623","188","435","25","648","1356","0","47.79","13.86"
"68","000","00","005","0520","0000","1529","487","1042","76","1605","3150","0","50.95","15.46"
"68","000","00","005","0520","0436","830","261","569","27","857","1688","0","50.77","15.46"
"68","000","00","005","0520","0437","699","226","473","49","748","1462","0","51.16","15.46"
"68","000","00","005","0521","0000","689","227","462","29","718","1322","0","54.31","17.17"
"68","000","00","005","0521","0413","689","227","462","29","718","1322","0","54.31","17.17"
"68","000","00","005","0522","0000","1689","554","1135","88","1777","3425","0","51.88","16.18"
"68","000","00","005","0522","0407","966","316","650","57","1023","1988","0","51.46","15.9"
"68","000","00","005","0522","0408","723","238","485","31","754","1437","0","52.47","16.56"
"68","000","00","005","0523","0000","1497","442","1055","83","1580","2979","0","53.04","14.84"
"68","000","00","005","0523","0409","812","241","571","53","865","1532","0","56.46","15.73"
"68","000","00","005","0523","0410","685","201","484","30","715","1447","0","49.41","13.89"
"68","000","00","005","0524","0000","1620","549","1071","87","1707","3172","0","53.81","17.31"
"68","000","00","005","0524","0457","823","276","547","35","858","1483","0","57.86","18.61"
"68","000","00","005","0524","0458","797","273","524","52","849","1689","0","50.27","16.16"
"68","000","00","005","0525","0000","2133","753","1380","62","2195","4595","0","47.77","16.39"
"68","000","00","005","0525","0453","1282","433","849","36","1318","2727","0","48.33","15.88"
"68","000","00","005","0525","0454","851","320","531","26","877","1868","0","46.95","17.13"
"68","000","00","005","0526","0000","1939","740","1199","75","2014","4233","0","47.58","17.48"
"68","000","00","005","0526","0446","980","340","640","40","1020","2055","0","49.64","16.55"
"68","000","00","005","0526","0447","959","400","559","35","994","2178","0","45.64","18.37"
"68","000","00","005","0527","0000","1702","577","1125","59","1761","3551","0","49.59","16.25"
"68","000","00","005","0527","0425","812","282","530","30","842","1731","0","48.64","16.29"
"68","000","00","005","0527","0426","890","295","595","29","919","1820","0","50.49","16.21"
"68","000","00","005","0528","0000","2241","748","1493","91","2332","4926","0","47.34","15.18"
"68","000","00","005","0528","0419","1032","335","697","50","1082","2404","0","45.01","13.94"
"68","000","00","005","0528","0420","1209","413","796","41","1250","2522","0","49.56","16.38"
"68","000","00","005","0529","0000","1668","581","1087","62","1730","3348","0","51.67","17.35"
"68","000","00","005","0529","0421","821","270","551","23","844","1633","0","51.68","16.53"
"68","000","00","005","0529","0422","847","311","536","39","886","1715","0","51.66","18.13"
"68","000","00","005","0530","0000","837","283","554","49","886","1633","0","54.26","17.33"
"68","000","00","005","0530","0427","837","283","554","49","886","1633","0","54.26","17.33"
"68","000","00","005","0531","0000","2823","977","1846","114","2937","5379","0","54.6","18.16"
"68","000","00","005","0531","0449","878","284","594","38","916","1667","0","54.95","17.04"
"68","000","00","005","0531","0450","915","322","593","31","946","1745","0","54.21","18.45"
"68","000","00","005","0531","0451","1030","371","659","45","1075","1967","0","54.65","18.86"
"68","000","00","005","0532","0000","1889","657","1232","50","1939","3511","0","55.23","18.71"
"68","000","00","005","0532","0448","902","328","574","29","931","1709","0","54.48","19.19"
"68","000","00","005","0532","0452","987","329","658","21","1008","1802","0","55.94","18.26"
"68","000","00","005","0533","0000","1564","539","1025","46","1610","3133","0","51.39","17.2"
"68","000","00","005","0533","0442","882","305","577","28","910","1710","0","53.22","17.84"
"68","000","00","005","0533","0443","682","234","448","18","700","1423","0","49.19","16.44"
"68","000","00","005","0534","0000","1634","566","1068","60","1694","3161","0","53.59","17.91"
"68","000","00","005","0534","0444","789","295","494","26","815","1522","0","53.55","19.38"
"68","000","00","005","0534","0445","845","271","574","34","879","1639","0","53.63","16.53"
"68","000","00","005","0535","0000","1445","477","968","41","1486","2731","0","54.41","17.47"
"68","000","00","005","0535","0434","726","240","486","23","749","1393","0","53.77","17.23"
"68","000","00","005","0535","0435","719","237","482","18","737","1338","0","55.08","17.71"
"68","000","00","005","0536","0000","2139","706","1433","66","2205","4604","0","47.89","15.33"
"68","000","00","005","0536","0402","1106","341","765","43","1149","2250","0","51.07","15.16"
"68","000","00","005","0536","0403","1033","365","668","23","1056","2354","0","44.86","15.51"
"68","000","00","005","0537","0000","1639","542","1097","80","1719","3199","0","53.74","16.94"
"68","000","00","005","0537","0400","784","261","523","30","814","1500","0","54.27","17.4"
"68","000","00","005","0537","0401","855","281","574","50","905","1699","0","53.27","16.54"
"68","000","00","005","0538","0000","1562","556","1006","64","1626","3153","0","51.57","17.63"
"68","000","00","005","0538","0455","744","264","480","36","780","1537","0","50.75","17.18"
"68","000","00","005","0538","0456","818","292","526","28","846","1616","0","52.35","18.07"
"68","000","00","005","0539","0000","1936","546","1390","68","2004","4244","0","47.22","12.87"
"68","000","00","005","0539","0423","1001","324","677","27","1028","2215","0","46.41","14.63"
"68","000","00","005","0539","0424","935","222","713","41","976","2029","0","48.1","10.94"
"68","000","00","005","0540","0000","1196","338","858","86","1282","2494","0","51.4","13.55"
"68","000","00","005","0540","0470","697","201","496","49","746","1465","0","50.92","13.72"
"68","000","00","005","0540","0471","499","137","362","37","536","1029","0","52.09","13.31"
"68","000","00","006","0000","0000","35185","11241","23944","1753","36938","73900","90407","49.98","15.21"
"68","000","00","006","0601","0000","2884","931","1953","139","3023","6145","0","49.19","15.15"
"68","000","00","006","0601","0472","671","222","449","34","705","1538","0","45.84","14.43"
"68","000","00","006","0601","0473","622","203","419","33","655","1616","0","40.53","12.56"
"68","000","00","006","0601","0474","775","265","510","36","811","1437","0","56.44","18.44"
"68","000","00","006","0601","0475","816","241","575","36","852","1554","0","54.83","15.51"
"68","000","00","006","0602","0000","3116","1020","2096","159","3275","6471","0","50.61","15.76"
"68","000","00","006","0602","0476","610","208","402","33","643","1237","0","51.98","16.81"
"68","000","00","006","0602","0477","649","213","436","49","698","1347","0","51.82","15.81"
"68","000","00","006","0602","0478","628","213","415","21","649","1261","0","51.47","16.89"
"68","000","00","006","0602","0479","605","189","416","34","639","1256","0","50.88","15.05"
"68","000","00","006","0602","0480","624","197","427","22","646","1370","0","47.15","14.38"
"68","000","00","006","0603","0000","2020","570","1450","96","2116","4617","0","45.83","12.35"
"68","000","00","006","0603","0481","715","209","506","41","756","1610","0","46.96","12.98"
"68","000","00","006","0603","0482","671","188","483","34","705","1419","0","49.68","13.25"
"68","000","00","006","0603","0483","634","173","461","21","655","1588","0","41.25","10.89"
"68","000","00","006","0604","0000","772","257","515","42","814","1612","0","50.5","15.94"
"68","000","00","006","0604","0484","772","257","515","42","814","1612","0","50.5","15.94"
"68","000","00","006","0605","0000","4963","1686","3277","236","5199","10011","0","51.93","16.84"
"68","000","00","006","0605","0485","682","201","481","34","716","1440","0","49.72","13.96"
"68","000","00","006","0605","0486","605","210","395","42","647","1326","0","48.79","15.84"
"68","000","00","006","0605","0487","764","230","534","55","819","1455","0","56.29","15.81"
"68","000","00","006","0605","0488","798","271","527","43","841","1562","0","53.84","17.35"
"68","000","00","006","0605","0489","696","223","473","31","727","1284","0","56.62","17.37"
"68","000","00","006","0605","0490","676","252","424","16","692","1454","0","47.59","17.33"
"68","000","00","006","0605","0491","742","299","443","15","757","1490","0","50.81","20.07"
"68","000","00","006","0606","0000","2287","723","1564","145","2432","4861","0","50.03","14.87"
"68","000","00","006","0606","0492","723","225","498","32","755","1617","0","46.69","13.91"
"68","000","00","006","0606","0493","770","269","501","58","828","1594","0","51.94","16.88"
"68","000","00","006","0606","0494","794","229","565","55","849","1650","0","51.45","13.88"
"68","000","00","006","0607","0000","2804","857","1947","129","2933","5896","0","49.75","14.54"
"68","000","00","006","0607","0495","678","205","473","21","699","1467","0","47.65","13.97"
"68","000","00","006","0607","0496","723","222","501","32","755","1494","0","50.54","14.86"
"68","000","00","006","0607","0497","727","224","503","49","776","1538","0","50.46","14.56"
"68","000","00","006","0607","0498","676","206","470","27","703","1397","0","50.32","14.75"
"68","000","00","006","0608","0000","746","237","509","32","778","1637","0","47.53","14.48"
"68","000","00","006","0608","0499","746","237","509","32","778","1637","0","47.53","14.48"
"68","000","00","006","0610","0000","1456","438","1018","104","1560","2866","0","54.43","15.28"
"68","000","00","006","0610","0500","652","199","453","57","709","1452","0","48.83","13.71"
"68","000","00","006","0610","0501","804","239","565","47","851","1414","0","60.18","16.9"
"68","000","00","006","0611","0000","3102","990","2112","121","3223","6871","0","46.91","14.41"
"68","000","00","006","0611","0502","818","246","572","34","852","1670","0","51.02","14.73"
"68","000","00","006","0611","0503","765","258","507","19","784","1701","0","46.09","15.17"
"68","000","00","006","0611","0504","745","230","515","37","782","1813","0","43.13","12.69"
"68","000","00","006","0611","0505","774","256","518","31","805","1687","0","47.72","15.17"
"68","000","00","006","0612","0000","1675","576","1099","60","1735","3206","0","54.12","17.97"
"68","000","00","006","0612","0506","838","287","551","10","848","1650","0","51.39","17.39"
"68","000","00","006","0612","0507","837","289","548","50","887","1556","0","57.01","18.57"
"68","000","00","006","0613","0000","795","254","541","26","821","1844","0","44.52","13.77"
"68","000","00","006","0613","0508","795","254","541","26","821","1844","0","44.52","13.77"
"68","000","00","006","0614","0000","1332","386","946","106","1438","2750","0","52.29","14.04"
"68","000","00","006","0614","0509","599","181","418","54","653","1336","0","48.88","13.55"
"68","000","00","006","0614","0510","733","205","528","52","785","1414","0","55.52","14.5"
"68","000","00","006","0615","0000","1413","421","992","72","1485","2465","0","60.24","17.08"
"68","000","00","006","0615","0511","699","214","485","42","741","1238","0","59.85","17.29"
"68","000","00","006","0615","0512","714","207","507","30","744","1227","0","60.64","16.87"
"68","000","00","006","0616","0000","1185","472","713","54","1239","2548","0","48.63","18.52"
"68","000","00","006","0616","0513","578","202","376","27","605","1199","0","50.46","16.85"
"68","000","00","006","0616","0514","607","270","337","27","634","1349","0","47.0","20.01"
"68","000","00","006","0617","0000","1095","348","747","48","1143","2200","0","51.95","15.82"
"68","000","00","006","0617","0515","550","175","375","25","575","1120","0","51.34","15.63"
"68","000","00","006","0617","0516","545","173","372","23","568","1080","0","52.59","16.02"
"68","000","00","006","0618","0000","1311","410","901","59","1370","2686","0","51.01","15.26"
"68","000","00","006","0618","0517","622","199","423","37","659","1341","0","49.14","14.84"
"68","000","00","006","0618","0518","689","211","478","22","711","1345","0","52.86","15.69"
"68","000","00","006","0619","0000","2229","665","1564","125","2354","5214","0","45.15","12.75"
"68","000","00","006","0619","0519","662","196","466","46","708","1565","0","45.24","12.52"
"68","000","00","006","0619","0520","630","194","436","29","659","1519","0","43.38","12.77"
"68","000","00","006","0619","0521","937","275","662","50","987","2130","0","46.34","12.91"
"68","000","00","007","0000","0000","61754","21039","40715","3114","64868","131702","160182","49.25","15.97"
"68","000","00","007","0701","0000","1876","635","1241","86","1962","3735","0","52.53","17.0"
"68","000","00","007","0701","0270","716","242","474","27","743","1455","0","51.07","16.63"
"68","000","00","007","0701","0271","1160","393","767","59","1219","2280","0","53.46","17.24"
"68","000","00","007","0702","0000","3290","1029","2261","172","3462","6706","0","51.63","15.34"
"68","000","00","007","0702","0231","1076","337","739","53","1129","2178","0","51.84","15.47"
"68","000","00","007","0702","0232","847","261","586","52","899","1672","0","53.77","15.61"
"68","000","00","007","0702","0233","655","194","461","26","681","1376","0","49.49","14.1"
"68","000","00","007","0702","0234","712","237","475","41","753","1480","0","50.88","16.01"
"68","000","00","007","0703","0000","1995","609","1386","140","2135","4353","0","49.05","13.99"
"68","000","00","007","0703","0261","413","141","272","21","434","841","0","51.61","16.77"
"68","000","00","007","0703","0262","994","292","702","52","1046","2284","0","45.8","12.78"
"68","000","00","007","0703","0263","588","176","412","67","655","1228","0","53.34","14.33"
"68","000","00","007","0704","0000","2830","977","1853","160","2990","5735","0","52.14","17.04"
"68","000","00","007","0704","0235","651","228","423","40","691","1258","0","54.93","18.12"
"68","000","00","007","0704","0236","719","250","469","29","748","1464","0","51.09","17.08"
"68","000","00","007","0704","0237","873","285","588","68","941","1844","0","51.03","15.46"
"68","000","00","007","0704","0238","587","214","373","23","610","1169","0","52.18","18.31"
"68","000","00","007","0705","0000","1538","486","1052","85","1623","3253","0","49.89","14.94"
"68","000","00","007","0705","0245","879","276","603","44","923","1788","0","51.62","15.44"
"68","000","00","007","0705","0246","659","210","449","41","700","1465","0","47.78","14.33"
"68","000","00","007","0706","0000","2443","813","1630","128","2571","5386","0","47.73","15.09"
"68","000","00","007","0706","0239","731","243","488","39","770","1921","0","40.08","12.65"
"68","000","00","007","0706","0240","782","247","535","32","814","1694","0","48.05","14.58"
"68","000","00","007","0706","0241","930","323","607","57","987","1771","0","55.73","18.24"
"68","000","00","007","0707","0000","1856","485","1371","110","1966","3629","0","54.17","13.36"
"68","000","00","007","0707","0220","905","222","683","41","946","1744","0","54.24","12.73"
"68","000","00","007","0707","0221","951","263","688","69","1020","1885","0","54.11","13.95"
"68","000","00","007","0708","0000","2480","777","1703","108","2588","5033","0","51.42","15.44"
"68","000","00","007","0708","0217","461","123","338","23","484","874","0","55.38","14.07"
"68","000","00","007","0708","0218","994","262","732","60","1054","2014","0","52.33","13.01"
"68","000","00","007","0708","0219","1025","392","633","25","1050","2145","0","48.95","18.28"
"68","000","00","007","0709","0000","580","194","386","41","621","1156","0","53.72","16.78"
"68","000","00","007","0709","0276","580","194","386","41","621","1156","0","53.72","16.78"
"68","000","00","007","0710","0000","1647","530","1117","71","1718","3553","0","48.35","14.92"
"68","000","00","007","0710","0272","751","221","530","39","790","1668","0","47.36","13.25"
"68","000","00","007","0710","0273","896","309","587","32","928","1885","0","49.23","16.39"
"68","000","00","007","0711","0000","904","310","594","77","981","1840","0","53.32","16.85"
"68","000","00","007","0711","0289","904","310","594","77","981","1840","0","53.32","16.85"
"68","000","00","007","0712","0000","863","271","592","58","921","1917","0","48.04","14.14"
"68","000","00","007","0712","0267","863","271","592","58","921","1917","0","48.04","14.14"
"68","000","00","007","0713","0000","2119","695","1424","149","2268","4707","0","48.18","14.77"
"68","000","00","007","0713","0222","704","219","485","48","752","1546","0","48.64","14.17"
"68","000","00","007","0713","0223","780","270","510","56","836","1684","0","49.64","16.03"
"68","000","00","007","0713","0224","635","206","429","45","680","1477","0","46.04","13.95"
"68","000","00","007","0714","0000","2172","701","1471","151","2323","4832","0","48.08","14.51"
"68","000","00","007","0714","0242","742","236","506","44","786","1665","0","47.21","14.17"
"68","000","00","007","0714","0243","694","254","440","54","748","1439","0","51.98","17.65"
"68","000","00","007","0714","0244","736","211","525","53","789","1728","0","45.66","12.21"
"68","000","00","007","0715","0000","2771","920","1851","182","2953","5448","0","54.2","16.89"
"68","000","00","007","0715","0227","772","245","527","62","834","1525","0","54.69","16.07"
"68","000","00","007","0715","0228","564","196","368","44","608","1041","0","58.41","18.83"
"68","000","00","007","0715","0229","662","237","425","32","694","1404","0","49.43","16.88"
"68","000","00","007","0715","0230","773","242","531","44","817","1478","0","55.28","16.37"
"68","000","00","007","0716","0000","1879","661","1218","145","2024","3952","0","51.21","16.73"
"68","000","00","007","0716","0256","492","162","330","48","540","1005","0","53.73","16.12"
"68","000","00","007","0716","0257","719","243","476","40","759","1449","0","52.38","16.77"
"68","000","00","007","0716","0258","668","256","412","57","725","1498","0","48.4","17.09"
"68","000","00","007","0717","0000","850","305","545","35","885","1752","0","50.51","17.41"
"68","000","00","007","0717","0250","850","305","545","35","885","1752","0","50.51","17.41"
"68","000","00","007","0718","0000","1108","335","773","68","1176","2439","0","48.22","13.74"
"68","000","00","007","0718","0265","612","171","441","32","644","1378","0","46.73","12.41"
"68","000","00","007","0718","0266","496","164","332","36","532","1061","0","50.14","15.46"
"68","000","00","007","0719","0000","1664","581","1083","82","1746","4057","0","43.04","14.32"
"68","000","00","007","0719","0277","845","285","560","46","891","2114","0","42.15","13.48"
"68","000","00","007","0719","0278","819","296","523","36","855","1943","0","44.0","15.23"
"68","000","00","007","0720","0000","2819","1124","1695","117","2936","6056","0","48.48","18.56"
"68","000","00","007","0720","0286","1063","482","581","41","1104","2187","0","50.48","22.04"
"68","000","00","007","0720","0287","909","301","608","42","951","1959","0","48.55","15.36"
"68","000","00","007","0720","0288","847","341","506","34","881","1910","0","46.13","17.85"
"68","000","00","007","0721","0000","1095","336","759","38","1133","2266","0","50.0","14.83"
"68","000","00","007","0721","0290","1095","336","759","38","1133","2266","0","50.0","14.83"
"68","000","00","007","0722","0000","2031","683","1348","104","2135","5170","0","41.3","13.21"
"68","000","00","007","0722","0247","638","195","443","54","692","1659","0","41.71","11.75"
"68","000","00","007","0722","0248","704","238","466","32","736","1693","0","43.47","14.06"
"68","000","00","007","0722","0249","689","250","439","18","707","1818","0","38.89","13.75"
"68","000","00","007","0723","0000","867","255","612","49","916","1979","0","46.29","12.89"
"68","000","00","007","0723","0264","867","255","612","49","916","1979","0","46.29","12.89"
"68","000","00","007","0724","0000","1643","584","1059","45","1688","3317","0","50.89","17.61"
"68","000","00","007","0724","0251","904","310","594","23","927","1818","0","50.99","17.05"
"68","000","00","007","0724","0252","739","274","465","22","761","1499","0","50.77","18.28"
"68","000","00","007","0725","0000","2788","1003","1785","106","2894","5847","0","49.5","17.15"
"68","000","00","007","0725","0253","923","313","610","45","968","1916","0","50.52","16.34"
"68","000","00","007","0725","0254","877","328","549","34","911","1804","0","50.5","18.18"
"68","000","00","007","0725","0255","988","362","626","27","1015","2127","0","47.72","17.02"
"68","000","00","007","0726","0000","1559","512","1047","103","1662","3920","0","42.4","13.06"
"68","000","00","007","0726","0259","917","301","616","57","974","2149","0","45.32","14.01"
"68","000","00","007","0726","0260","642","211","431","46","688","1771","0","38.85","11.91"
"68","000","00","007","0727","0000","2440","920","1520","105","2545","5139","0","49.52","17.9"
"68","000","00","007","0727","0279","806","312","494","32","838","1800","0","46.56","17.33"
"68","000","00","007","0727","0280","932","369","563","43","975","2020","0","48.27","18.27"
"68","000","00","007","0727","0281","702","239","463","30","732","1319","0","55.5","18.12"
"68","000","00","007","0728","0000","4060","1579","2481","159","4219","8591","0","49.11","18.38"
"68","000","00","007","0728","0282","1137","408","729","47","1184","2229","0","53.12","18.3"
"68","000","00","007","0728","0283","925","332","593","30","955","1992","0","47.94","16.67"
"68","000","00","007","0728","0284","1001","371","630","50","1051","2237","0","46.98","16.58"
"68","000","00","007","0728","0285","997","468","529","32","1029","2133","0","48.24","21.94"
"68","000","00","007","0729","0000","1820","861","959","35","1855","3553","0","52.21","24.23"
"68","000","00","007","0729","0274","886","420","466","21","907","1849","0","49.05","22.71"
"68","000","00","007","0729","0275","934","441","493","14","948","1704","0","55.63","25.88"
"68","000","00","007","0730","0000","1089","281","808","64","1153","2956","0","39.01","9.51"
"68","000","00","007","0730","0225","821","191","630","41","862","1528","0","56.41","12.5"
"68","000","00","007","0730","0226","268","90","178","23","291","1428","0","20.38","6.3"
"68","000","00","007","0731","0000","3056","1073","1983","85","3141","6452","0","48.68","16.63"
"68","000","00","007","0731","0291","1043","332","711","30","1073","2387","0","44.95","13.91"
"68","000","00","007","0731","0292","789","275","514","22","811","1692","0","47.93","16.25"
"68","000","00","007","0731","0293","464","182","282","8","472","904","0","52.21","20.13"
"68","000","00","007","0731","0294","760","284","476","25","785","1469","0","53.44","19.33"
"68","000","00","007","0732","0000","1622","514","1108","56","1678","2973","0","56.44","17.29"
"68","000","00","007","0732","0268","872","267","605","29","901","1540","0","58.51","17.34"
"68","000","00","007","0732","0269","750","247","503","27","777","1433","0","54.22","17.24"
"68","000","00","008","0000","0000","78903","25238","53665","4498","83401","165065","201493","50.53","15.29"
"68","000","00","008","0801","0000","2765","946","1819","134","2899","7162","0","40.48","13.21"
"68","000","00","008","0801","0295","759","243","516","71","830","1761","0","47.13","13.8"
"68","000","00","008","0801","0296","717","273","444","14","731","1804","0","40.52","15.13"
"68","000","00","008","0801","0297","491","169","322","22","513","1813","0","28.3","9.32"
"68","000","00","008","0801","0298","798","261","537","27","825","1784","0","46.24","14.63"
"68","000","00","008","0802","0000","3612","1279","2333","124","3736","8278","0","45.13","15.45"
"68","000","00","008","0802","0299","925","305","620","23","948","2257","0","42.0","13.51"
"68","000","00","008","0802","0300","769","237","532","27","796","1857","0","42.86","12.76"
"68","000","00","008","0802","0301","972","446","526","32","1004","2261","0","44.41","19.73"
"68","000","00","008","0802","0302","946","291","655","42","988","1903","0","51.92","15.29"
"68","000","00","008","0803","0000","1633","523","1110","76","1709","3620","0","47.21","14.45"
"68","000","00","008","0803","0303","922","259","663","58","980","1955","0","50.13","13.25"
"68","000","00","008","0803","0304","711","264","447","18","729","1665","0","43.78","15.86"
"68","000","00","008","0804","0000","1590","482","1108","104","1694","3216","0","52.67","14.99"
"68","000","00","008","0804","0310","836","263","573","66","902","1630","0","55.34","16.13"
"68","000","00","008","0804","0311","754","219","535","38","792","1586","0","49.94","13.81"
"68","000","00","008","0805","0000","1620","506","1114","144","1764","3559","0","49.56","14.22"
"68","000","00","008","0805","0312","806","263","543","63","869","1649","0","52.7","15.95"
"68","000","00","008","0805","0313","814","243","571","81","895","1910","0","46.86","12.72"
"68","000","00","008","0806","0000","1637","473","1164","120","1757","3252","0","54.03","14.54"
"68","000","00","008","0806","0314","827","232","595","74","901","1612","0","55.89","14.39"
"68","000","00","008","0806","0315","810","241","569","46","856","1640","0","52.2","14.7"
"68","000","00","008","0807","0000","1565","464","1101","112","1677","3273","0","51.24","14.18"
"68","000","00","008","0807","0318","830","243","587","42","872","1711","0","50.96","14.2"
"68","000","00","008","0807","0319","735","221","514","70","805","1562","0","51.54","14.15"
"68","000","00","008","0808","0000","2216","669","1547","128","2344","4415","0","53.09","15.15"
"68","000","00","008","0808","0320","824","239","585","61","885","1735","0","51.01","13.78"
"68","000","00","008","0808","0321","817","269","548","31","848","1658","0","51.15","16.22"
"68","000","00","008","0808","0322","575","161","414","36","611","1022","0","59.78","15.75"
"68","000","00","008","0809","0000","1550","463","1087","79","1629","3414","0","47.72","13.56"
"68","000","00","008","0809","0323","725","215","510","42","767","1673","0","45.85","12.85"
"68","000","00","008","0809","0324","825","248","577","37","862","1741","0","49.51","14.24"
"68","000","00","008","0810","0000","1007","288","719","58","1065","2110","0","50.47","13.65"
"68","000","00","008","0810","0325","1007","288","719","58","1065","2110","0","50.47","13.65"
"68","000","00","008","0811","0000","1406","432","974","39","1445","2519","0","57.36","17.15"
"68","000","00","008","0811","0331","736","254","482","30","766","1341","0","57.12","18.94"
"68","000","00","008","0811","0332","670","178","492","9","679","1178","0","57.64","15.11"
"68","000","00","008","0812","0000","1490","491","999","131","1621","3871","0","41.88","12.68"
"68","000","00","008","0812","0335","798","237","561","60","858","1943","0","44.16","12.2"
"68","000","00","008","0812","0336","692","254","438","71","763","1928","0","39.57","13.17"
"68","000","00","008","0813","0000","1488","485","1003","77","1565","3147","0","49.73","15.41"
"68","000","00","008","0813","0339","875","301","574","32","907","1947","0","46.58","15.46"
"68","000","00","008","0813","0340","613","184","429","45","658","1200","0","54.83","15.33"
"68","000","00","008","0814","0000","1699","567","1132","115","1814","3883","0","46.72","14.6"
"68","000","00","008","0814","0341","843","264","579","56","899","1895","0","47.44","13.93"
"68","000","00","008","0814","0342","856","303","553","59","915","1988","0","46.03","15.24"
"68","000","00","008","0815","0000","1813","607","1206","110","1923","3410","0","56.39","17.8"
"68","000","00","008","0815","0348","654","195","459","57","711","1317","0","53.99","14.81"
"68","000","00","008","0815","0349","1159","412","747","53","1212","2093","0","57.91","19.68"
"68","000","00","008","0816","0000","1710","539","1171","83","1793","3545","0","50.58","15.2"
"68","000","00","008","0816","0351","855","258","597","52","907","1782","0","50.9","14.48"
"68","000","00","008","0816","0352","855","281","574","31","886","1763","0","50.26","15.94"
"68","000","00","008","0817","0000","3289","1046","2243","168","3457","6933","0","49.86","15.09"
"68","000","00","008","0817","0359","964","321","643","63","1027","1998","0","51.4","16.07"
"68","000","00","008","0817","0360","489","155","334","26","515","916","0","56.22","16.92"
"68","000","00","008","0817","0361","881","272","609","44","925","1943","0","47.61","14.0"
"68","000","00","008","0817","0362","955","298","657","35","990","2076","0","47.69","14.35"
"68","000","00","008","0818","0000","793","250","543","56","849","1505","0","56.41","16.61"
"68","000","00","008","0818","0371","793","250","543","56","849","1505","0","56.41","16.61"
"68","000","00","008","0819","0000","1622","514","1108","114","1736","3303","0","52.56","15.56"
"68","000","00","008","0819","0373","819","291","528","60","879","1618","0","54.33","17.99"
"68","000","00","008","0819","0374","803","223","580","54","857","1685","0","50.86","13.23"
"68","000","00","008","0820","0000","1695","577","1118","100","1795","3716","0","48.3","15.53"
"68","000","00","008","0820","0375","799","273","526","44","843","1835","0","45.94","14.88"
"68","000","00","008","0820","0376","896","304","592","56","952","1881","0","50.61","16.16"
"68","000","00","008","0821","0000","833","254","579","36","869","1766","0","49.21","14.38"
"68","000","00","008","0821","0377","833","254","579","36","869","1766","0","49.21","14.38"
"68","000","00","008","0822","0000","2924","901","2023","136","3060","5083","0","60.2","17.73"
"68","000","00","008","0822","0385","923","301","622","46","969","1685","0","57.51","17.86"
"68","000","00","008","0822","0386","895","287","608","51","946","1748","0","54.12","16.42"
"68","000","00","008","0822","0387","1106","313","793","39","1145","1650","0","69.39","18.97"
"68","000","00","008","0823","0000","1933","642","1291","141","2074","3923","0","52.87","16.37"
"68","000","00","008","0823","0390","935","290","645","88","1023","1841","0","55.57","15.75"
"68","000","00","008","0823","0391","998","352","646","53","1051","2082","0","50.48","16.91"
"68","000","00","008","0824","0000","1530","470","1060","137","1667","3578","0","46.59","13.14"
"68","000","00","008","0824","0365","696","220","476","66","762","1474","0","51.7","14.93"
"68","000","00","008","0824","0366","161","27","134","13","174","718","0","24.23","3.76"
"68","000","00","008","0824","0367","673","223","450","58","731","1386","0","52.74","16.09"
"68","000","00","008","0825","0000","1323","420","903","64","1387","2483","0","55.86","16.92"
"68","000","00","008","0825","0355","632","219","413","34","666","1170","0","56.92","18.72"
"68","000","00","008","0825","0356","691","201","490","30","721","1313","0","54.91","15.31"
"68","000","00","008","0826","0000","1823","555","1268","61","1884","4169","0","45.19","13.31"
"68","000","00","008","0826","0344","897","281","616","11","908","2061","0","44.06","13.63"
"68","000","00","008","0826","0345","926","274","652","50","976","2108","0","46.3","13.0"
"68","000","00","008","0827","0000","1961","614","1347","92","2053","4015","0","51.13","15.29"
"68","000","00","008","0827","0378","858","265","593","66","924","1817","0","50.85","14.58"
"68","000","00","008","0827","0379","1103","349","754","26","1129","2198","0","51.36","15.88"
"68","000","00","008","0828","0000","2171","665","1506","121","2292","4185","0","54.77","15.89"
"68","000","00","008","0828","0307","821","261","560","55","876","1583","0","55.34","16.49"
"68","000","00","008","0828","0308","656","200","456","28","684","1246","0","54.9","16.05"
"68","000","00","008","0828","0309","694","204","490","38","732","1356","0","53.98","15.04"
"68","000","00","008","0829","0000","1418","433","985","105","1523","2854","0","53.36","15.17"
"68","000","00","008","0829","0363","679","206","473","54","733","1363","0","53.78","15.11"
"68","000","00","008","0829","0364","739","227","512","51","790","1491","0","52.98","15.22"
"68","000","00","008","0830","0000","2042","682","1360","86","2128","3951","0","53.86","17.26"
"68","000","00","008","0830","0382","666","212","454","31","697","1257","0","55.45","16.87"
"68","000","00","008","0830","0383","620","212","408","36","656","1267","0","51.78","16.73"
"68","000","00","008","0830","0384","756","258","498","19","775","1427","0","54.31","18.08"
"68","000","00","008","0831","0000","1582","518","1064","103","1685","3085","0","54.62","16.79"
"68","000","00","008","0831","0388","756","276","480","55","811","1478","0","54.87","18.67"
"68","000","00","008","0831","0389","826","242","584","48","874","1607","0","54.39","15.06"
"68","000","00","008","0832","0000","984","310","674","65","1049","2006","0","52.29","15.45"
"68","000","00","008","0832","0343","984","310","674","65","1049","2006","0","52.29","15.45"
"68","000","00","008","0833","0000","1605","526","1079","74","1679","3543","0","47.39","14.85"
"68","000","00","008","0833","0346","842","263","579","51","893","1862","0","47.96","14.12"
"68","000","00","008","0833","0347","763","263","500","23","786","1681","0","46.76","15.65"
"68","000","00","008","0834","0000","802","228","574","51","853","1499","0","56.9","15.21"
"68","000","00","008","0834","0350","802","228","574","51","853","1499","0","56.9","15.21"
"68","000","00","008","0835","0000","653","201","452","50","703","1436","0","48.96","14.0"
"68","000","00","008","0835","0372","653","201","452","50","703","1436","0","48.96","14.0"
"68","000","00","008","0836","0000","1073","372","701","54","1127","2209","0","51.02","16.84"
"68","000","00","008","0836","0393","1073","372","701","54","1127","2209","0","51.02","16.84"
"68","000","00","008","0837","0000","859","256","603","46","905","1959","0","46.2","13.07"
"68","000","00","008","0837","0392","859","256","603","46","905","1959","0","46.2","13.07"
"68","000","00","008","0838","0000","2039","676","1363","92","2131","4531","0","47.03","14.92"
"68","000","00","008","0838","0328","789","270","519","31","820","1848","0","44.37","14.61"
"68","000","00","008","0838","0329","682","219","463","38","720","1334","0","53.97","16.42"
"68","000","00","008","0838","0330","568","187","381","23","591","1349","0","43.81","13.86"
"68","000","00","008","0839","0000","1408","459","949","82","1490","3075","0","48.46","14.93"
"68","000","00","008","0839","0337","657","217","440","26","683","1403","0","48.68","15.47"
"68","000","00","008","0839","0338","751","242","509","56","807","1672","0","48.27","14.47"
"68","000","00","008","0840","0000","1393","477","916","90","1483","2694","0","55.05","17.71"
"68","000","00","008","0840","0305","730","273","457","56","786","1431","0","54.93","19.08"
"68","000","00","008","0840","0306","663","204","459","34","697","1263","0","55.19","16.15"
"68","000","00","008","0841","0000","1310","439","871","81","1391","2537","0","54.83","17.3"
"68","000","00","008","0841","0353","619","198","421","51","670","1226","0","54.65","16.15"
"68","000","00","008","0841","0354","691","241","450","30","721","1311","0","55.0","18.38"
"68","000","00","008","0842","0000","1933","676","1257","50","1983","3821","0","51.9","17.69"
"68","000","00","008","0842","0380","884","304","580","25","909","1732","0","52.48","17.55"
"68","000","00","008","0842","0381","1049","372","677","25","1074","2089","0","51.41","17.81"
"68","000","00","008","0843","0000","1851","649","1202","79","1930","3864","0","49.95","16.8"
"68","000","00","008","0843","0394","931","318","613","38","969","1864","0","51.98","17.06"
"68","000","00","008","0843","0395","920","331","589","41","961","2000","0","48.05","16.55"
"68","000","00","008","0844","0000","1400","474","926","86","1486","2716","0","54.71","17.45"
"68","000","00","008","0844","0316","638","219","419","41","679","1303","0","52.11","16.81"
"68","000","00","008","0844","0317","762","255","507","45","807","1413","0","57.11","18.05"
"68","000","00","008","0845","0000","1172","287","885","55","1227","2155","0","56.94","13.32"
"68","000","00","008","0845","0326","590","144","446","27","617","1145","0","53.89","12.58"
"68","000","00","008","0845","0327","582","143","439","28","610","1010","0","60.4","14.16"
"68","000","00","008","0846","0000","1989","556","1433","217","2206","4294","0","51.37","12.95"
"68","000","00","008","0846","0368","703","211","492","70","773","1487","0","51.98","14.19"
"68","000","00","008","0846","0369","729","195","534","83","812","1552","0","52.32","12.56"
"68","000","00","008","0846","0370","557","150","407","64","621","1255","0","49.48","11.95"
"68","000","00","008","0847","0000","1386","461","925","101","1487","2836","0","52.43","16.26"
"68","000","00","008","0847","0333","702","216","486","43","745","1374","0","54.22","15.72"
"68","000","00","008","0847","0334","684","245","439","58","742","1462","0","50.75","16.76"
"68","000","00","008","0848","0000","1306","436","870","71","1377","2667","0","51.63","16.35"
"68","000","00","008","0848","0357","623","202","421","30","653","1186","0","55.06","17.03"
"68","000","00","008","0848","0358","683","234","449","41","724","1481","0","48.89","15.8"
"68","000","00","009","0000","0000","51838","14882","36956","2571","54409","101574","122981","53.57","14.65"
"68","000","00","009","0901","0000","2230","648","1582","98","2328","4513","0","51.58","14.36"
"68","000","00","009","0901","1008","739","205","534","23","762","1482","0","51.42","13.83"
"68","000","00","009","0901","1009","738","229","509","34","772","1528","0","50.52","14.99"
"68","000","00","009","0901","1010","753","214","539","41","794","1503","0","52.83","14.24"
"68","000","00","009","0902","0000","2827","838","1989","166","2993","5661","0","52.87","14.8"
"68","000","00","009","0902","1013","885","273","612","64","949","2088","0","45.45","13.07"
"68","000","00","009","0902","1014","1048","295","753","65","1113","1987","0","56.01","14.85"
"68","000","00","009","0902","1015","894","270","624","37","931","1586","0","58.7","17.02"
"68","000","00","009","0903","0000","1835","515","1320","83","1918","4006","0","47.88","12.86"
"68","000","00","009","0903","1018","943","261","682","55","998","2081","0","47.96","12.54"
"68","000","00","009","0903","1019","892","254","638","28","920","1925","0","47.79","13.19"
"68","000","00","009","0904","0000","1503","435","1068","73","1576","3188","0","49.44","13.64"
"68","000","00","009","0904","1064","796","247","549","34","830","1649","0","50.33","14.98"
"68","000","00","009","0904","1065","707","188","519","39","746","1539","0","48.47","12.22"
"68","000","00","009","0906","0000","1774","522","1252","132","1906","3662","0","52.05","14.25"
"68","000","00","009","0906","1022","835","249","586","52","887","1790","0","49.55","13.91"
"68","000","00","009","0906","1023","939","273","666","80","1019","1872","0","54.43","14.58"
"68","000","00","009","0907","0000","2101","604","1497","107","2208","4152","0","53.18","14.55"
"68","000","00","009","0907","1026","720","213","507","33","753","1398","0","53.86","15.24"
"68","000","00","009","0907","1027","654","181","473","30","684","1345","0","50.86","13.46"
"68","000","00","009","0907","1028","727","210","517","44","771","1409","0","54.72","14.9"
"68","000","00","009","0908","0000","313","97","216","14","327","678","0","48.23","14.31"
"68","000","00","009","0908","1071","313","97","216","14","327","678","0","48.23","14.31"
"68","000","00","009","0909","0000","2166","615","1551","122","2288","4282","0","53.43","14.36"
"68","000","00","009","0909","1031","778","205","573","55","833","1597","0","52.16","12.84"
"68","000","00","009","0909","1032","722","216","506","26","748","1410","0","53.05","15.32"
"68","000","00","009","0909","1033","666","194","472","41","707","1275","0","55.45","15.22"
"68","000","00","009","0910","0000","2890","867","2023","104","2994","5372","0","55.73","16.14"
"68","000","00","009","0910","1037","980","296","684","35","1015","1786","0","56.83","16.57"
"68","000","00","009","0910","1038","913","284","629","43","956","1756","0","54.44","16.17"
"68","000","00","009","0910","1039","997","287","710","26","1023","1830","0","55.9","15.68"
"68","000","00","009","0911","0000","1053","329","724","58","1111","1909","0","58.2","17.23"
"68","000","00","009","0911","1034","1053","329","724","58","1111","1909","0","58.2","17.23"
"68","000","00","009","0912","0000","2309","705","1604","112","2421","4369","0","55.41","16.14"
"68","000","00","009","0912","1066","842","236","606","43","885","1541","0","57.43","15.31"
"68","000","00","009","0912","1067","715","239","476","39","754","1375","0","54.84","17.38"
"68","000","00","009","0912","1068","752","230","522","30","782","1453","0","53.82","15.83"
"68","000","00","009","0913","0000","1633","444","1189","68","1701","3597","0","47.29","12.34"
"68","000","00","009","0913","1042","852","233","619","40","892","1805","0","49.42","12.91"
"68","000","00","009","0913","1043","781","211","570","28","809","1792","0","45.15","11.77"
"68","000","00","009","0914","0000","2060","579","1481","98","2158","4268","0","50.56","13.57"
"68","000","00","009","0914","1049","650","174","476","45","695","1297","0","53.59","13.42"
"68","000","00","009","0914","1050","672","190","482","17","689","1407","0","48.97","13.5"
"68","000","00","009","0914","1051","738","215","523","36","774","1564","0","49.49","13.75"
"68","000","00","009","0915","0000","1809","525","1284","94","1903","3485","0","54.61","15.06"
"68","000","00","009","0915","1054","885","258","627","50","935","1721","0","54.33","14.99"
"68","000","00","009","0915","1055","924","267","657","44","968","1764","0","54.88","15.14"
"68","000","00","009","0916","0000","1304","423","881","62","1366","2373","0","57.56","17.83"
"68","000","00","009","0916","1069","568","181","387","42","610","1074","0","56.8","16.85"
"68","000","00","009","0916","1070","736","242","494","20","756","1299","0","58.2","18.63"
"68","000","00","009","0917","0000","768","195","573","58","826","1499","0","55.1","13.01"
"68","000","00","009","0917","1056","768","195","573","58","826","1499","0","55.1","13.01"
"68","000","00","009","0918","0000","966","260","706","40","1006","2151","0","46.77","12.09"
"68","000","00","009","0918","1057","966","260","706","40","1006","2151","0","46.77","12.09"
"68","000","00","009","0919","0000","1675","457","1218","62","1737","2980","0","58.29","15.34"
"68","000","00","009","0919","1058","829","229","600","33","862","1524","0","56.56","15.03"
"68","000","00","009","0919","1059","846","228","618","29","875","1456","0","60.1","15.66"
"68","000","00","009","0920","0000","1308","374","934","117","1425","2784","0","51.19","13.43"
"68","000","00","009","0920","1011","741","205","536","53","794","1568","0","50.64","13.07"
"68","000","00","009","0920","1012","567","169","398","64","631","1216","0","51.89","13.9"
"68","000","00","009","0921","0000","1200","337","863","74","1274","2355","0","54.1","14.31"
"68","000","00","009","0921","1016","593","183","410","35","628","1221","0","51.43","14.99"
"68","000","00","009","0921","1017","607","154","453","39","646","1134","0","56.97","13.58"
"68","000","00","009","0922","0000","2221","698","1523","79","2300","4135","0","55.62","16.88"
"68","000","00","009","0922","1020","1110","354","756","29","1139","2095","0","54.37","16.9"
"68","000","00","009","0922","1021","1111","344","767","50","1161","2040","0","56.91","16.86"
"68","000","00","009","0923","0000","1838","515","1323","112","1950","3518","0","55.43","14.64"
"68","000","00","009","0923","1024","916","263","653","57","973","1726","0","56.37","15.24"
"68","000","00","009","0923","1025","922","252","670","55","977","1792","0","54.52","14.06"
"68","000","00","009","0924","0000","1537","520","1017","60","1597","3012","0","53.02","17.26"
"68","000","00","009","0924","1029","641","231","410","17","658","1362","0","48.31","16.96"
"68","000","00","009","0924","1030","896","289","607","43","939","1650","0","56.91","17.52"
"68","000","00","009","0925","0000","2100","569","1531","88","2188","4026","0","54.35","14.13"
"68","000","00","009","0925","1035","1068","292","776","42","1110","2024","0","54.84","14.43"
"68","000","00","009","0925","1036","1032","277","755","46","1078","2002","0","53.85","13.84"
"68","000","00","009","0926","0000","1792","501","1291","63","1855","3216","0","57.68","15.58"
"68","000","00","009","0926","1040","964","270","694","35","999","1697","0","58.87","15.91"
"68","000","00","009","0926","1041","828","231","597","28","856","1519","0","56.35","15.21"
"68","000","00","009","0927","0000","823","205","618","54","877","1500","0","58.47","13.67"
"68","000","00","009","0927","1044","823","205","618","54","877","1500","0","58.47","13.67"
"68","000","00","009","0928","0000","1923","594","1329","124","2047","3980","0","51.43","14.92"
"68","000","00","009","0928","1046","612","169","443","42","654","1444","0","45.29","11.7"
"68","000","00","009","0928","1047","621","173","448","51","672","1321","0","50.87","13.1"
"68","000","00","009","0928","1048","690","252","438","31","721","1215","0","59.34","20.74"
"68","000","00","009","0929","0000","1132","300","832","76","1208","2340","0","51.62","12.82"
"68","000","00","009","0929","1052","659","177","482","41","700","1317","0","53.15","13.44"
"68","000","00","009","0929","1053","473","123","350","35","508","1023","0","49.66","12.02"
"68","000","00","009","0930","0000","2198","570","1628","57","2255","3746","0","60.2","15.22"
"68","000","00","009","0930","1060","1082","275","807","30","1112","1847","0","60.21","14.89"
"68","000","00","009","0930","1061","1116","295","821","27","1143","1899","0","60.19","15.53"
"68","000","00","009","0931","0000","1866","446","1420","84","1950","3390","0","57.52","13.16"
"68","000","00","009","0931","1062","903","208","695","34","937","1725","0","54.32","12.06"
"68","000","00","009","0931","1063","963","238","725","50","1013","1665","0","60.84","14.29"
"68","000","00","009","0932","0000","684","195","489","32","716","1427","0","50.18","13.67"
"68","000","00","009","0932","1045","684","195","489","32","716","1427","0","50.18","13.67"
"68","000","00","010","0000","0000","93431","29045","64386","4155","97586","183560","225897","53.16","15.82"
"68","000","00","010","1001","0000","2252","748","1504","105","2357","4781","0","49.3","15.65"
"68","000","00","010","1001","0864","719","247","472","24","743","1717","0","43.27","14.39"
"68","000","00","010","1001","0865","681","230","451","40","721","1319","0","54.66","17.44"
"68","000","00","010","1001","0866","852","271","581","41","893","1745","0","51.17","15.53"
"68","000","00","010","1002","0000","2277","717","1560","107","2384","4129","0","57.74","17.36"
"68","000","00","010","1002","0867","880","266","614","53","933","1721","0","54.21","15.46"
"68","000","00","010","1002","0868","649","196","453","24","673","1206","0","55.8","16.25"
"68","000","00","010","1002","0869","748","255","493","30","778","1202","0","64.73","21.21"
"68","000","00","010","1003","0000","2882","996","1886","74","2956","5256","0","56.24","18.95"
"68","000","00","010","1003","0850","646","232","414","23","669","1044","0","64.08","22.22"
"68","000","00","010","1003","0851","619","198","421","14","633","1124","0","56.32","17.62"
"68","000","00","010","1003","0852","807","278","529","16","823","1517","0","54.25","18.33"
"68","000","00","010","1003","0853","810","288","522","21","831","1571","0","52.9","18.33"
"68","000","00","010","1004","0000","2905","1220","1685","153","3058","5442","0","56.19","22.42"
"68","000","00","010","1004","0840","686","505","181","48","734","1307","0","56.16","38.64"
"68","000","00","010","1004","0841","717","225","492","33","750","1337","0","56.1","16.83"
"68","000","00","010","1004","0842","617","191","426","23","640","980","0","65.31","19.49"
"68","000","00","010","1004","0843","885","299","586","49","934","1818","0","51.38","16.45"
"68","000","00","010","1005","0000","2555","865","1690","94","2649","5083","0","52.11","17.02"
"68","000","00","010","1005","0857","835","266","569","30","865","1555","0","55.63","17.11"
"68","000","00","010","1005","0858","955","338","617","35","990","2051","0","48.27","16.48"
"68","000","00","010","1005","0859","765","261","504","29","794","1477","0","53.76","17.67"
"68","000","00","010","1006","0000","1866","576","1290","71","1937","3895","0","49.73","14.79"
"68","000","00","010","1006","0835","971","306","665","45","1016","1901","0","53.45","16.1"
"68","000","00","010","1006","0836","895","270","625","26","921","1994","0","46.19","13.54"
"68","000","00","010","1007","0000","1999","622","1377","87","2086","3585","0","58.19","17.35"
"68","000","00","010","1007","0875","552","179","373","33","585","1010","0","57.92","17.72"
"68","000","00","010","1007","0876","702","223","479","23","725","1261","0","57.49","17.68"
"68","000","00","010","1007","0877","745","220","525","31","776","1314","0","59.06","16.74"
"68","000","00","010","1008","0000","2950","1003","1947","102","3052","6426","0","47.49","15.61"
"68","000","00","010","1008","0883","628","181","447","23","651","2213","0","29.42","8.18"
"68","000","00","010","1008","0884","578","224","354","12","590","949","0","62.17","23.6"
"68","000","00","010","1008","0885","936","323","613","34","970","1621","0","59.84","19.93"
"68","000","00","010","1008","0886","808","275","533","33","841","1643","0","51.19","16.74"
"68","000","00","010","1009","0000","1412","397","1015","55","1467","2475","0","59.27","16.04"
"68","000","00","010","1009","0870","675","183","492","30","705","1208","0","58.36","15.15"
"68","000","00","010","1009","0871","737","214","523","25","762","1267","0","60.14","16.89"
"68","000","00","010","1010","0000","2169","621","1548","96","2265","3993","0","56.72","15.55"
"68","000","00","010","1010","0891","585","171","414","27","612","1039","0","58.9","16.46"
"68","000","00","010","1010","0892","747","214","533","31","778","1318","0","59.03","16.24"
"68","000","00","010","1010","0893","837","236","601","38","875","1636","0","53.48","14.43"
"68","000","00","010","1011","0000","2005","579","1426","97","2102","4038","0","52.06","14.34"
"68","000","00","010","1011","0896","666","192","474","45","711","1480","0","48.04","12.97"
"68","000","00","010","1011","0897","692","185","507","19","711","1330","0","53.46","13.91"
"68","000","00","010","1011","0898","647","202","445","33","680","1228","0","55.37","16.45"
"68","000","00","010","1012","0000","2199","664","1535","105","2304","4431","0","52.0","14.99"
"68","000","00","010","1012","0801","693","206","487","35","728","1487","0","48.96","13.85"
"68","000","00","010","1012","0802","726","203","523","37","763","1453","0","52.51","13.97"
"68","000","00","010","1012","0803","780","255","525","33","813","1491","0","54.53","17.1"
"68","000","00","010","1013","0000","2821","777","2044","114","2935","5762","0","50.94","13.48"
"68","000","00","010","1013","0806","899","234","665","27","926","1921","0","48.2","12.18"
"68","000","00","010","1013","0807","1023","276","747","50","1073","1974","0","54.36","13.98"
"68","000","00","010","1013","0808","899","267","632","37","936","1867","0","50.13","14.3"
"68","000","00","010","1014","0000","2342","628","1714","140","2482","4440","0","55.9","14.14"
"68","000","00","010","1014","0827","516","131","385","48","564","1048","0","53.82","12.5"
"68","000","00","010","1014","0828","667","188","479","41","708","1259","0","56.24","14.93"
"68","000","00","010","1014","0829","541","150","391","26","567","1061","0","53.44","14.14"
"68","000","00","010","1014","0830","618","159","459","25","643","1072","0","59.98","14.83"
"68","000","00","010","1015","0000","1256","442","814","45","1301","2326","0","55.93","19.0"
"68","000","00","010","1015","0820","551","160","391","20","571","1130","0","50.53","14.16"
"68","000","00","010","1015","0821","705","282","423","25","730","1196","0","61.04","23.58"
"68","000","00","010","1016","0000","2464","725","1739","94","2558","5300","0","48.26","13.68"
"68","000","00","010","1016","0824","781","233","548","36","817","1564","0","52.24","14.9"
"68","000","00","010","1016","0825","762","209","553","33","795","1824","0","43.59","11.46"
"68","000","00","010","1016","0826","921","283","638","25","946","1912","0","49.48","14.8"
"68","000","00","010","1017","0000","1411","518","893","85","1496","2780","0","53.81","18.63"
"68","000","00","010","1017","0917","705","210","495","47","752","1385","0","54.3","15.16"
"68","000","00","010","1017","0918","706","308","398","38","744","1395","0","53.33","22.08"
"68","000","00","010","1018","0000","1625","459","1166","78","1703","3342","0","50.96","13.73"
"68","000","00","010","1018","0919","833","226","607","36","869","1711","0","50.79","13.21"
"68","000","00","010","1018","0920","792","233","559","42","834","1631","0","51.13","14.29"
"68","000","00","010","1019","0000","1327","378","949","72","1399","2541","0","55.06","14.88"
"68","000","00","010","1019","0923","596","161","435","25","621","1127","0","55.1","14.29"
"68","000","00","010","1019","0924","731","217","514","47","778","1414","0","55.02","15.35"
"68","000","00","010","1020","0000","1021","235","786","37","1058","1931","0","54.79","12.17"
"68","000","00","010","1020","0922","1021","235","786","37","1058","1931","0","54.79","12.17"
"68","000","00","010","1021","0000","600","199","401","21","621","1110","0","55.95","17.93"
"68","000","00","010","1021","0921","600","199","401","21","621","1110","0","55.95","17.93"
"68","000","00","010","1022","0000","790","214","576","51","841","1609","0","52.27","13.3"
"68","000","00","010","1022","0925","790","214","576","51","841","1609","0","52.27","13.3"
"68","000","00","010","1023","0000","2166","628","1538","124","2290","4199","0","54.54","14.96"
"68","000","00","010","1023","0902","666","215","451","48","714","1243","0","57.44","17.3"
"68","000","00","010","1023","0903","802","224","578","39","841","1590","0","52.89","14.09"
"68","000","00","010","1023","0904","698","189","509","37","735","1366","0","53.81","13.84"
"68","000","00","010","1024","0000","2667","784","1883","157","2824","5390","0","52.39","14.55"
"68","000","00","010","1024","0913","486","138","348","34","520","1052","0","49.43","13.12"
"68","000","00","010","1024","0914","664","198","466","42","706","1154","0","61.18","17.16"
"68","000","00","010","1024","0915","803","231","572","21","824","1645","0","50.09","14.04"
"68","000","00","010","1024","0916","714","217","497","60","774","1539","0","50.29","14.1"
"68","000","00","010","1025","0000","1331","388","943","75","1406","2811","0","50.02","13.8"
"68","000","00","010","1025","0908","651","192","459","54","705","1351","0","52.18","14.21"
"68","000","00","010","1025","0909","680","196","484","21","701","1460","0","48.01","13.42"
"68","000","00","010","1026","0000","2129","710","1419","67","2196","4327","0","50.75","16.41"
"68","000","00","010","1026","0910","895","354","541","30","925","1841","0","50.24","19.23"
"68","000","00","010","1026","0911","694","216","478","18","712","1475","0","48.27","14.64"
"68","000","00","010","1026","0912","540","140","400","19","559","1011","0","55.29","13.85"
"68","000","00","010","1027","0000","1480","412","1068","67","1547","3006","0","51.46","13.71"
"68","000","00","010","1027","0804","667","194","473","37","704","1346","0","52.3","14.41"
"68","000","00","010","1027","0805","813","218","595","30","843","1660","0","50.78","13.13"
"68","000","00","010","1028","0000","3209","1034","2175","161","3370","6483","0","51.98","15.95"
"68","000","00","010","1028","0860","777","252","525","32","809","1501","0","53.9","16.79"
"68","000","00","010","1028","0861","734","232","502","47","781","1405","0","55.59","16.51"
"68","000","00","010","1028","0862","826","250","576","50","876","1656","0","52.9","15.1"
"68","000","00","010","1028","0863","872","300","572","32","904","1921","0","47.06","15.62"
"68","000","00","010","1029","0000","875","246","629","45","920","1788","0","51.45","13.76"
"68","000","00","010","1029","0831","875","246","629","45","920","1788","0","51.45","13.76"
"68","000","00","010","1030","0000","2186","637","1549","114","2300","4320","0","53.24","14.75"
"68","000","00","010","1030","0832","776","224","552","17","793","1510","0","52.52","14.83"
"68","000","00","010","1030","0833","690","196","494","50","740","1403","0","52.74","13.97"
"68","000","00","010","1030","0834","720","217","503","47","767","1407","0","54.51","15.42"
"68","000","00","010","1031","0000","2061","682","1379","101","2162","3761","0","57.48","18.13"
"68","000","00","010","1031","0844","769","253","516","38","807","1463","0","55.16","17.29"
"68","000","00","010","1031","0845","685","233","452","35","720","1213","0","59.36","19.21"
"68","000","00","010","1031","0846","607","196","411","28","635","1085","0","58.53","18.06"
"68","000","00","010","1032","0000","1692","477","1215","62","1754","3217","0","54.52","14.83"
"68","000","00","010","1032","0822","855","238","617","29","884","1685","0","52.46","14.12"
"68","000","00","010","1032","0823","837","239","598","33","870","1532","0","56.79","15.6"
"68","000","00","010","1033","0000","2901","877","2024","113","3014","6014","0","50.12","14.58"
"68","000","00","010","1033","0809","900","254","646","28","928","1786","0","51.96","14.22"
"68","000","00","010","1033","0810","658","202","456","26","684","1634","0","41.86","12.36"
"68","000","00","010","1033","0811","575","167","408","29","604","1080","0","55.93","15.46"
"68","000","00","010","1033","0812","768","254","514","30","798","1514","0","52.71","16.78"
"68","000","00","010","1034","0000","2110","626","1484","122","2232","4262","0","52.37","14.69"
"68","000","00","010","1034","0847","708","180","528","31","739","1458","0","50.69","12.35"
"68","000","00","010","1034","0848","735","214","521","45","780","1408","0","55.4","15.2"
"68","000","00","010","1034","0849","667","232","435","46","713","1396","0","51.07","16.62"
"68","000","00","010","1035","0000","1543","491","1052","77","1620","3094","0","52.36","15.87"
"68","000","00","010","1035","0889","743","239","504","48","791","1577","0","50.16","15.16"
"68","000","00","010","1035","0890","800","252","548","29","829","1517","0","54.65","16.61"
"68","000","00","010","1036","0000","2201","669","1532","87","2288","3806","0","60.12","17.58"
"68","000","00","010","1036","0899","779","246","533","33","812","1377","0","58.97","17.86"
"68","000","00","010","1036","0900","702","218","484","27","729","1198","0","60.85","18.2"
"68","000","00","010","1036","0901","720","205","515","27","747","1231","0","60.68","16.65"
"68","000","00","010","1037","0000","2553","819","1734","101","2654","5039","0","52.67","16.25"
"68","000","00","010","1037","0880","743","222","521","29","772","1399","0","55.18","15.87"
"68","000","00","010","1037","0881","943","330","613","43","986","1968","0","50.1","16.77"
"68","000","00","010","1037","0882","867","267","600","29","896","1672","0","53.59","15.97"
"68","000","00","010","1038","0000","2015","584","1431","90","2105","4201","0","50.11","13.9"
"68","000","00","010","1038","0905","693","187","506","45","738","1332","0","55.41","14.04"
"68","000","00","010","1038","0906","564","163","401","19","583","1201","0","48.54","13.57"
"68","000","00","010","1038","0907","758","234","524","26","784","1668","0","47.0","14.03"
"68","000","00","010","1039","0000","1513","520","993","60","1573","2790","0","56.38","18.64"
"68","000","00","010","1039","0894","714","245","469","33","747","1316","0","56.76","18.62"
"68","000","00","010","1039","0895","799","275","524","27","826","1474","0","56.04","18.66"
"68","000","00","010","1040","0000","820","248","572","50","870","1561","0","55.73","15.89"
"68","000","00","010","1040","0878","393","117","276","28","421","722","0","58.31","16.2"
"68","000","00","010","1040","0879","427","131","296","22","449","839","0","53.52","15.61"
"68","000","00","010","1041","0000","2080","687","1393","83","2163","3703","0","58.41","18.55"
"68","000","00","010","1041","0872","586","188","398","24","610","1094","0","55.76","17.18"
"68","000","00","010","1041","0873","778","247","531","45","823","1394","0","59.04","17.72"
"68","000","00","010","1041","0874","716","252","464","14","730","1215","0","60.08","20.74"
"68","000","00","010","1042","0000","2752","869","1883","93","2845","4896","0","58.11","17.75"
"68","000","00","010","1042","0854","965","300","665","28","993","1752","0","56.68","17.12"
"68","000","00","010","1042","0855","836","255","581","32","868","1434","0","60.53","17.78"
"68","000","00","010","1042","0856","951","314","637","33","984","1710","0","57.54","18.36"
"68","000","00","010","1043","0000","2766","900","1866","83","2849","5358","0","53.17","16.8"
"68","000","00","010","1043","0837","872","270","602","29","901","1730","0","52.08","15.61"
"68","000","00","010","1043","0838","965","327","638","43","1008","1905","0","52.91","17.17"
"68","000","00","010","1043","0839","929","303","626","11","940","1723","0","54.56","17.59"
"68","000","00","010","1044","0000","1871","626","1245","82","1953","3596","0","54.31","17.41"
"68","000","00","010","1044","0887","968","332","636","41","1009","1844","0","54.72","18.0"
"68","000","00","010","1044","0888","903","294","609","41","944","1752","0","53.88","16.78"
"68","000","00","010","1045","0000","2169","616","1553","153","2322","4767","0","48.71","12.92"
"68","000","00","010","1045","0813","817","237","580","44","861","1918","0","44.89","12.36"
"68","000","00","010","1045","0814","584","151","433","73","657","1182","0","55.58","12.77"
"68","000","00","010","1045","0815","768","228","540","36","804","1667","0","48.23","13.68"
"68","000","00","010","1046","0000","3213","932","2281","105","3318","6496","0","51.08","14.35"
"68","000","00","010","1046","0816","735","215","520","27","762","1640","0","46.46","13.11"
"68","000","00","010","1046","0817","802","255","547","28","830","1603","0","51.78","15.91"
"68","000","00","010","1046","0818","853","227","626","18","871","1556","0","55.98","14.59"
"68","000","00","010","1046","0819","823","235","588","32","855","1697","0","50.38","13.85"
"68","000","00","011","0000","0000","21733","6086","15647","1409","23142","41461","49159","55.82","14.68"
"68","000","00","011","1101","0000","1569","462","1107","69","1638","2862","0","57.23","16.14"
"68","000","00","011","1101","1072","745","212","533","30","775","1306","0","59.34","16.23"
"68","000","00","011","1101","1073","824","250","574","39","863","1556","0","55.46","16.07"
"68","000","00","011","1102","0000","2211","686","1525","124","2335","3945","0","59.19","17.39"
"68","000","00","011","1102","1074","1057","311","746","54","1111","1849","0","60.09","16.82"
"68","000","00","011","1102","1075","1154","375","779","70","1224","2096","0","58.4","17.89"
"68","000","00","011","1103","0000","750","203","547","47","797","1517","0","52.54","13.38"
"68","000","00","011","1103","1076","750","203","547","47","797","1517","0","52.54","13.38"
"68","000","00","011","1104","0000","1960","567","1393","105","2065","3951","0","52.27","14.35"
"68","000","00","011","1104","1077","1139","325","814","65","1204","2095","0","57.47","15.51"
"68","000","00","011","1104","1078","821","242","579","40","861","1856","0","46.39","13.04"
"68","000","00","011","1105","0000","2211","598","1613","114","2325","4024","0","57.78","14.86"
"68","000","00","011","1105","1086","1093","280","813","40","1133","1992","0","56.88","14.06"
"68","000","00","011","1105","1087","1118","318","800","74","1192","2032","0","58.66","15.65"
"68","000","00","011","1106","0000","1369","399","970","94","1463","2542","0","57.55","15.7"
"68","000","00","011","1106","1082","728","231","497","53","781","1271","0","61.45","18.17"
"68","000","00","011","1106","1083","641","168","473","41","682","1271","0","53.66","13.22"
"68","000","00","011","1107","0000","1220","370","850","88","1308","2319","0","56.4","15.96"
"68","000","00","011","1107","1084","659","202","457","43","702","1234","0","56.89","16.37"
"68","000","00","011","1107","1085","561","168","393","45","606","1085","0","55.85","15.48"
"68","000","00","011","1108","0000","650","179","471","35","685","1385","0","49.46","12.92"
"68","000","00","011","1108","1081","650","179","471","35","685","1385","0","49.46","12.92"
"68","000","00","011","1109","0000","655","189","466","49","704","1425","0","49.4","13.26"
"68","000","00","011","1109","1080","655","189","466","49","704","1425","0","49.4","13.26"
"68","000","00","011","1110","0000","1032","275","757","67","1099","1986","0","55.34","13.85"
"68","000","00","011","1110","1079","1032","275","757","67","1099","1986","0","55.34","13.85"
"68","000","00","011","1111","0000","391","102","289","32","423","741","0","57.09","13.77"
"68","000","00","011","1111","1098","391","102","289","32","423","741","0","57.09","13.77"
"68","000","00","011","1112","0000","817","208","609","82","899","1714","0","52.45","12.14"
"68","000","00","011","1112","1100","817","208","609","82","899","1714","0","52.45","12.14"
"68","000","00","011","1113","0000","525","155","370","57","582","943","0","61.72","16.44"
"68","000","00","011","1113","1099","525","155","370","57","582","943","0","61.72","16.44"
"68","000","00","011","1114","0000","726","182","544","21","747","1340","0","55.75","13.58"
"68","000","00","011","1114","1101","726","182","544","21","747","1340","0","55.75","13.58"
"68","000","00","011","1115","0000","469","119","350","31","500","995","0","50.25","11.96"
"68","000","00","011","1115","1097","469","119","350","31","500","995","0","50.25","11.96"
"68","000","00","011","1116","0000","1250","339","911","89","1339","2265","0","59.12","14.97"
"68","000","00","011","1116","1095","495","121","374","27","522","896","0","58.26","13.5"
"68","000","00","011","1116","1096","755","218","537","62","817","1369","0","59.68","15.92"
"68","000","00","011","1117","0000","613","158","455","56","669","1050","0","63.71","15.05"
"68","000","00","011","1117","1094","613","158","455","56","669","1050","0","63.71","15.05"
"68","000","00","011","1118","0000","366","102","264","42","408","663","0","61.54","15.38"
"68","000","00","011","1118","1092","366","102","264","42","408","663","0","61.54","15.38"
"68","000","00","011","1119","0000","474","140","334","17","491","908","0","54.07","15.42"
"68","000","00","011","1119","1091","474","140","334","17","491","908","0","54.07","15.42"
"68","000","00","011","1120","0000","538","133","405","47","585","1088","0","53.77","12.22"
"68","000","00","011","1120","1093","538","133","405","47","585","1088","0","53.77","12.22"
"68","000","00","011","1121","0000","605","171","434","42","647","1106","0","58.5","15.46"
"68","000","00","011","1121","1090","605","171","434","42","647","1106","0","58.5","15.46"
"68","000","00","011","1122","0000","644","172","472","61","705","1291","0","54.61","13.32"
"68","000","00","011","1122","1088","644","172","472","61","705","1291","0","54.61","13.32"
"68","000","00","011","1123","0000","688","177","511","40","728","1401","0","51.96","12.63"
"68","000","00","011","1123","1089","688","177","511","40","728","1401","0","51.96","12.63"
"68","000","00","012","0000","0000","26210","8076","18134","1669","27879","55149","67208","50.55","14.64"
"68","000","00","012","1201","0000","1187","358","829","68","1255","2733","0","45.92","13.1"
"68","000","00","012","1201","1102","629","194","435","40","669","1371","0","48.8","14.15"
"68","000","00","012","1201","1103","558","164","394","28","586","1362","0","43.02","12.04"
"68","000","00","012","1202","0000","470","156","314","63","533","997","0","53.46","15.65"
"68","000","00","012","1202","1104","470","156","314","63","533","997","0","53.46","15.65"
"68","000","00","012","1203","0000","639","179","460","27","666","1407","0","47.33","12.72"
"68","000","00","012","1203","1105","639","179","460","27","666","1407","0","47.33","12.72"
"68","000","00","012","1204","0000","858","270","588","30","888","1692","0","52.48","15.96"
"68","000","00","012","1204","1106","858","270","588","30","888","1692","0","52.48","15.96"
"68","000","00","012","1205","0000","476","154","322","30","506","892","0","56.73","17.26"
"68","000","00","012","1205","1109","476","154","322","30","506","892","0","56.73","17.26"
"68","000","00","012","1206","0000","1040","290","750","47","1087","2070","0","52.51","14.01"
"68","000","00","012","1206","1107","640","179","461","32","672","1279","0","52.54","14.0"
"68","000","00","012","1206","1108","400","111","289","15","415","791","0","52.47","14.03"
"68","000","00","012","1207","0000","511","149","362","20","531","886","0","59.93","16.82"
"68","000","00","012","1207","1110","511","149","362","20","531","886","0","59.93","16.82"
"68","000","00","012","1208","0000","363","105","258","35","398","712","0","55.9","14.75"
"68","000","00","012","1208","1111","363","105","258","35","398","712","0","55.9","14.75"
"68","000","00","012","1209","0000","727","237","490","87","814","1609","0","50.59","14.73"
"68","000","00","012","1209","1112","727","237","490","87","814","1609","0","50.59","14.73"
"68","000","00","012","1210","0000","1222","361","861","85","1307","2625","0","49.79","13.75"
"68","000","00","012","1210","1113","653","195","458","52","705","1274","0","55.34","15.31"
"68","000","00","012","1210","1114","569","166","403","33","602","1351","0","44.56","12.29"
"68","000","00","012","1211","0000","1337","445","892","99","1436","2504","0","57.35","17.77"
"68","000","00","012","1211","1115","691","236","455","38","729","1262","0","57.77","18.7"
"68","000","00","012","1211","1116","646","209","437","61","707","1242","0","56.92","16.83"
"68","000","00","012","1212","0000","1528","500","1028","88","1616","3074","0","52.57","16.27"
"68","000","00","012","1212","1117","730","247","483","44","774","1461","0","52.98","16.91"
"68","000","00","012","1212","1118","798","253","545","44","842","1613","0","52.2","15.69"
"68","000","00","012","1213","0000","737","217","520","52","789","1479","0","53.35","14.67"
"68","000","00","012","1213","1119","737","217","520","52","789","1479","0","53.35","14.67"
"68","000","00","012","1214","0000","2203","699","1504","148","2351","4760","0","49.39","14.68"
"68","000","00","012","1214","1120","681","218","463","60","741","1552","0","47.74","14.05"
"68","000","00","012","1214","1121","744","237","507","30","774","1517","0","51.02","15.62"
"68","000","00","012","1214","1122","778","244","534","58","836","1691","0","49.44","14.43"
"68","000","00","012","1215","0000","1898","585","1313","105","2003","3762","0","53.24","15.55"
"68","000","00","012","1215","1123","625","204","421","20","645","1157","0","55.75","17.63"
"68","000","00","012","1215","1124","702","206","496","46","748","1455","0","51.41","14.16"
"68","000","00","012","1215","1125","571","175","396","39","610","1150","0","53.04","15.22"
"68","000","00","012","1216","0000","1182","339","843","59","1241","2363","0","52.52","14.35"
"68","000","00","012","1216","1126","588","162","426","37","625","1112","0","56.21","14.57"
"68","000","00","012","1216","1127","594","177","417","22","616","1251","0","49.24","14.15"
"68","000","00","012","1217","0000","1428","468","960","144","1572","2939","0","53.49","15.92"
"68","000","00","012","1217","1128","712","225","487","70","782","1446","0","54.08","15.56"
"68","000","00","012","1217","1129","716","243","473","74","790","1493","0","52.91","16.28"
"68","000","00","012","1218","0000","1275","379","896","96","1371","2476","0","55.37","15.31"
"68","000","00","012","1218","1130","641","190","451","60","701","1339","0","52.35","14.19"
"68","000","00","012","1218","1131","634","189","445","36","670","1137","0","58.93","16.62"
"68","000","00","012","1219","0000","488","129","359","38","526","1043","0","50.43","12.37"
"68","000","00","012","1219","1132","488","129","359","38","526","1043","0","50.43","12.37"
"68","000","00","012","1220","0000","893","294","599","67","960","1968","0","48.78","14.94"
"68","000","00","012","1220","1133","432","142","290","30","462","993","0","46.53","14.3"
"68","000","00","012","1220","1134","461","152","309","37","498","975","0","51.08","15.59"
"68","000","00","012","1221","0000","863","272","591","45","908","2029","0","44.75","13.41"
"68","000","00","012","1221","1135","863","272","591","45","908","2029","0","44.75","13.41"
"68","000","00","012","1222","0000","1403","434","969","97","1500","3802","0","39.45","11.42"
"68","000","00","012","1222","1139","761","219","542","48","809","1870","0","43.26","11.71"
"68","000","00","012","1222","1140","642","215","427","49","691","1932","0","35.77","11.13"
"68","000","00","012","1223","0000","801","227","574","27","828","1884","0","43.95","12.05"
"68","000","00","012","1223","1141","384","103","281","13","397","899","0","44.16","11.46"
"68","000","00","012","1223","1142","417","124","293","14","431","985","0","43.76","12.59"
"68","000","00","012","1224","0000","2681","829","1852","112","2793","5443","0","51.31","15.23"
"68","000","00","012","1224","1136","925","297","628","39","964","1765","0","54.62","16.83"
"68","000","00","012","1224","1137","883","265","618","41","924","1809","0","51.08","14.65"
"68","000","00","012","1224","1138","873","267","606","32","905","1869","0","48.42","14.29"
"68","000","00","013","0000","0000","5027","967","4060","291","5318","9766","11997","54.45","9.9"
"68","000","00","013","1301","0000","1031","197","834","85","1116","1991","0","56.05","9.89"
"68","000","00","013","1301","0581","1031","197","834","85","1116","1991","0","56.05","9.89"
"68","000","00","013","1302","0000","754","143","611","47","801","1392","0","57.54","10.27"
"68","000","00","013","1302","0582","754","143","611","47","801","1392","0","57.54","10.27"
"68","000","00","013","1303","0000","372","93","279","18","390","716","0","54.47","12.99"
"68","000","00","013","1303","0584","372","93","279","18","390","716","0","54.47","12.99"
"68","000","00","013","1304","0000","296","67","229","20","316","564","0","56.03","11.88"
"68","000","00","013","1304","0583","296","67","229","20","316","564","0","56.03","11.88"
"68","000","00","013","1305","0000","296","82","214","8","304","669","0","45.44","12.26"
"68","000","00","013","1305","0586","296","82","214","8","304","669","0","45.44","12.26"
"68","000","00","013","1306","0000","257","42","215","7","264","683","0","38.65","6.15"
"68","000","00","013","1306","0589","257","42","215","7","264","683","0","38.65","6.15"
"68","000","00","013","1307","0000","376","71","305","9","385","760","0","50.66","9.34"
"68","000","00","013","1307","0587","376","71","305","9","385","760","0","50.66","9.34"
"68","000","00","013","1308","0000","651","86","565","31","682","1224","0","55.72","7.03"
"68","000","00","013","1308","0590","651","86","565","31","682","1224","0","55.72","7.03"
"68","000","00","013","1309","0000","596","132","464","49","645","1016","0","63.48","12.99"
"68","000","00","013","1309","0585","596","132","464","49","645","1016","0","63.48","12.99"
"68","000","00","013","1310","0000","398","54","344","17","415","751","0","55.26","7.19"
"68","000","00","013","1310","0588","398","54","344","17","415","751","0","55.26","7.19"
"66","000","00","000","0000","0000","1262384","395557","866827","71128","1333512","2295642","2799254","58.09","17.23"
"66","000","00","001","0000","0000","7780","2451","5329","489","8269","14696","18557","56.27","16.68"
"66","000","00","001","0101","0000","804","261","543","47","851","1531","0","55.58","17.05"
"66","000","00","001","0101","1071","804","261","543","47","851","1531","0","55.58","17.05"
"66","000","00","001","0102","0000","1088","371","717","94","1182","2046","0","57.77","18.13"
"66","000","00","001","0102","1075","635","211","424","53","688","1191","0","57.77","17.72"
"66","000","00","001","0102","1076","453","160","293","41","494","855","0","57.78","18.71"
"66","000","00","001","0103","0000","951","336","615","73","1024","1652","0","61.99","20.34"
"66","000","00","001","0103","1070","951","336","615","73","1024","1652","0","61.99","20.34"
"66","000","00","001","0104","0000","785","228","557","30","815","1431","0","56.95","15.93"
"66","000","00","001","0104","1072","785","228","557","30","815","1431","0","56.95","15.93"
"66","000","00","001","0105","0000","1096","341","755","70","1166","2042","0","57.1","16.7"
"66","000","00","001","0105","1073","580","173","407","36","616","1060","0","58.11","16.32"
"66","000","00","001","0105","1074","516","168","348","34","550","982","0","56.01","17.11"
"66","000","00","001","0106","0000","922","258","664","42","964","1840","0","52.39","14.02"
"66","000","00","001","0106","1077","516","152","364","28","544","1135","0","47.93","13.39"
"66","000","00","001","0106","1078","406","106","300","14","420","705","0","59.57","15.04"
"66","000","00","001","0107","0000","1242","395","847","96","1338","2313","0","57.85","17.08"
"66","000","00","001","0107","1079","579","174","405","31","610","1009","0","60.46","17.24"
"66","000","00","001","0107","1080","663","221","442","65","728","1304","0","55.83","16.95"
"66","000","00","001","0108","0000","892","261","631","37","929","1841","0","50.46","14.18"
"66","000","00","001","0108","1081","892","261","631","37","929","1841","0","50.46","14.18"
"66","000","00","002","0000","0000","36009","11817","24192","2003","38012","64291","76070","59.12","18.38"
"66","000","00","002","0201","0000","1493","461","1032","67","1560","2999","0","52.02","15.37"
"66","000","00","002","0201","1148","432","147","285","17","449","1138","0","39.46","12.92"
"66","000","00","002","0201","1149","570","169","401","20","590","984","0","59.96","17.17"
"66","000","00","002","0201","1150","491","145","346","30","521","877","0","59.41","16.53"
"66","000","00","002","0202","0000","1818","593","1225","137","1955","3129","0","62.48","18.95"
"66","000","00","002","0202","1151","645","215","430","43","688","1070","0","64.3","20.09"
"66","000","00","002","0202","1152","641","207","434","47","688","1106","0","62.21","18.72"
"66","000","00","002","0202","1153","532","171","361","47","579","953","0","60.76","17.94"
"66","000","00","002","0203","0000","2059","651","1408","98","2157","3636","0","59.32","17.9"
"66","000","00","002","0203","1154","706","228","478","26","732","1195","0","61.26","19.08"
"66","000","00","002","0203","1155","678","206","472","39","717","1251","0","57.31","16.47"
"66","000","00","002","0203","1156","675","217","458","33","708","1190","0","59.5","18.24"
"66","000","00","002","0204","0000","1623","627","996","99","1722","2837","0","60.7","22.1"
"66","000","00","002","0204","1157","748","325","423","45","793","1394","0","56.89","23.31"
"66","000","00","002","0204","1158","875","302","573","54","929","1443","0","64.38","20.93"
"66","000","00","002","0205","0000","1147","632","515","91","1238","1966","0","62.97","32.15"
"66","000","00","002","0205","1161","688","483","205","66","754","1211","0","62.26","39.88"
"66","000","00","002","0205","1162","459","149","310","25","484","755","0","64.11","19.74"
"66","000","00","002","0206","0000","1106","328","778","80","1186","1902","0","62.36","17.25"
"66","000","00","002","0206","1159","421","116","305","33","454","762","0","59.58","15.22"
"66","000","00","002","0206","1160","685","212","473","47","732","1140","0","64.21","18.6"
"66","000","00","002","0207","0000","1321","407","914","78","1399","2491","0","56.16","16.34"
"66","000","00","002","0207","1163","781","243","538","61","842","1491","0","56.47","16.3"
"66","000","00","002","0207","1164","540","164","376","17","557","1000","0","55.7","16.4"
"66","000","00","002","0208","0000","1251","431","820","71","1322","2215","0","59.68","19.46"
"66","000","00","002","0208","1165","640","228","412","40","680","1114","0","61.04","20.47"
"66","000","00","002","0208","1166","611","203","408","31","642","1101","0","58.31","18.44"
"66","000","00","002","0209","0000","3794","1251","2543","215","4009","6563","0","61.08","19.06"
"66","000","00","002","0209","1167","705","221","484","45","750","1169","0","64.16","18.91"
"66","000","00","002","0209","1168","748","237","511","63","811","1283","0","63.21","18.47"
"66","000","00","002","0209","1169","719","230","489","28","747","1168","0","63.96","19.69"
"66","000","00","002","0209","1170","740","234","506","35","775","1386","0","55.92","16.88"
"66","000","00","002","0209","1171","882","329","553","44","926","1557","0","59.47","21.13"
"66","000","00","002","0210","0000","2665","911","1754","136","2801","4658","0","60.13","19.56"
"66","000","00","002","0210","1172","752","264","488","61","813","1380","0","58.91","19.13"
"66","000","00","002","0210","1173","944","319","625","44","988","1674","0","59.02","19.06"
"66","000","00","002","0210","1174","969","328","641","31","1000","1604","0","62.34","20.45"
"66","000","00","002","0211","0000","2211","664","1547","103","2314","3743","0","61.82","17.74"
"66","000","00","002","0211","1179","731","199","532","32","763","1252","0","60.94","15.89"
"66","000","00","002","0211","1180","763","265","498","34","797","1250","0","63.76","21.2"
"66","000","00","002","0211","1181","717","200","517","37","754","1241","0","60.76","16.12"
"66","000","00","002","0212","0000","1367","453","914","87","1454","2606","0","55.79","17.38"
"66","000","00","002","0212","1182","669","247","422","42","711","1318","0","53.95","18.74"
"66","000","00","002","0212","1183","698","206","492","45","743","1288","0","57.69","15.99"
"66","000","00","002","0213","0000","2345","692","1653","136","2481","4096","0","60.57","16.89"
"66","000","00","002","0213","1184","860","266","594","46","906","1442","0","62.83","18.45"
"66","000","00","002","0213","1185","676","203","473","43","719","1202","0","59.82","16.89"
"66","000","00","002","0213","1186","809","223","586","47","856","1452","0","58.95","15.36"
"66","000","00","002","0214","0000","849","223","626","47","896","1693","0","52.92","13.17"
"66","000","00","002","0214","1190","849","223","626","47","896","1693","0","52.92","13.17"
"66","000","00","002","0215","0000","2208","661","1547","102","2310","4083","0","56.58","16.19"
"66","000","00","002","0215","1187","782","239","543","44","826","1480","0","55.81","16.15"
"66","000","00","002","0215","1188","956","264","692","31","987","1736","0","56.85","15.21"
"66","000","00","002","0215","1189","470","158","312","27","497","867","0","57.32","18.22"
"66","000","00","002","0216","0000","4947","1587","3360","272","5219","8717","0","59.87","18.21"
"66","000","00","002","0216","1191","906","276","630","47","953","1538","0","61.96","17.95"
"66","000","00","002","0216","1192","931","295","636","77","1008","1593","0","63.28","18.52"
"66","000","00","002","0216","1193","785","261","524","25","810","1481","0","54.69","17.62"
"66","000","00","002","0216","1194","839","280","559","37","876","1414","0","61.95","19.8"
"66","000","00","002","0216","1195","702","236","466","41","743","1297","0","57.29","18.2"
"66","000","00","002","0216","1196","784","239","545","45","829","1394","0","59.47","17.14"
"66","000","00","002","0217","0000","3805","1245","2560","184","3989","6957","0","57.34","17.9"
"66","000","00","002","0217","1175","1058","367","691","38","1096","1815","0","60.39","20.22"
"66","000","00","002","0217","1176","920","287","633","40","960","1700","0","56.47","16.88"
"66","000","00","002","0217","1177","864","273","591","48","912","1592","0","57.29","17.15"
"66","000","00","002","0217","1178","963","318","645","58","1021","1850","0","55.19","17.19"
"66","000","00","003","0000","0000","60473","20611","39862","3253","63726","103643","125726","61.49","19.89"
"66","000","00","003","0301","0000","2063","674","1389","174","2237","3607","0","62.02","18.69"
"66","000","00","003","0301","1201","649","218","431","73","722","1130","0","63.89","19.29"
"66","000","00","003","0301","1202","731","222","509","53","784","1239","0","63.28","17.92"
"66","000","00","003","0301","1203","683","234","449","48","731","1238","0","59.05","18.9"
"66","000","00","003","0302","0000","2185","729","1456","182","2367","3862","0","61.29","18.88"
"66","000","00","003","0302","1204","733","252","481","55","788","1272","0","61.95","19.81"
"66","000","00","003","0302","1205","716","224","492","56","772","1273","0","60.64","17.6"
"66","000","00","003","0302","1206","736","253","483","71","807","1317","0","61.28","19.21"
"66","000","00","003","0303","0000","2160","753","1407","118","2278","3476","0","65.54","21.66"
"66","000","00","003","0303","1207","752","256","496","40","792","1160","0","68.28","22.07"
"66","000","00","003","0303","1208","746","267","479","45","791","1205","0","65.64","22.16"
"66","000","00","003","0303","1209","662","230","432","33","695","1111","0","62.56","20.7"
"66","000","00","003","0304","0000","1693","572","1121","97","1790","2826","0","63.34","20.24"
"66","000","00","003","0304","1210","883","307","576","51","934","1407","0","66.38","21.82"
"66","000","00","003","0304","1211","810","265","545","46","856","1419","0","60.32","18.68"
"66","000","00","003","0305","0000","1467","502","965","98","1565","2572","0","60.85","19.52"
"66","000","00","003","0305","1212","685","221","464","52","737","1157","0","63.7","19.1"
"66","000","00","003","0305","1213","782","281","501","46","828","1415","0","58.52","19.86"
"66","000","00","003","0306","0000","1638","521","1117","86","1724","2743","0","62.85","18.99"
"66","000","00","003","0306","1214","803","245","558","45","848","1289","0","65.79","19.01"
"66","000","00","003","0306","1215","835","276","559","41","876","1454","0","60.25","18.98"
"66","000","00","003","0307","0000","2431","809","1622","119","2550","4315","0","59.1","18.75"
"66","000","00","003","0307","1216","832","265","567","38","870","1491","0","58.35","17.77"
"66","000","00","003","0307","1217","790","263","527","33","823","1394","0","59.04","18.87"
"66","000","00","003","0307","1218","809","281","528","48","857","1430","0","59.93","19.65"
"66","000","00","003","0308","0000","2298","771","1527","188","2486","3836","0","64.81","20.1"
"66","000","00","003","0308","1219","755","249","506","85","840","1342","0","62.59","18.55"
"66","000","00","003","0308","1220","809","277","532","73","882","1304","0","67.64","21.24"
"66","000","00","003","0308","1221","734","245","489","30","764","1190","0","64.2","20.59"
"66","000","00","003","0309","0000","3103","984","2119","199","3302","5320","0","62.07","18.5"
"66","000","00","003","0309","1222","701","193","508","57","758","1273","0","59.54","15.16"
"66","000","00","003","0309","1223","849","281","568","54","903","1387","0","65.1","20.26"
"66","000","00","003","0309","1224","777","257","520","40","817","1356","0","60.25","18.95"
"66","000","00","003","0309","1225","776","253","523","48","824","1304","0","63.19","19.4"
"66","000","00","003","0310","0000","2157","717","1440","120","2277","3842","0","59.27","18.66"
"66","000","00","003","0310","1230","750","236","514","47","797","1308","0","60.93","18.04"
"66","000","00","003","0310","1231","699","232","467","40","739","1250","0","59.12","18.56"
"66","000","00","003","0310","1232","708","249","459","33","741","1284","0","57.71","19.39"
"66","000","00","003","0311","0000","4589","1574","3015","199","4788","7672","0","62.41","20.52"
"66","000","00","003","0311","1240","1019","346","673","33","1052","1643","0","64.03","21.06"
"66","000","00","003","0311","1241","853","277","576","40","893","1423","0","62.75","19.47"
"66","000","00","003","0311","1242","874","294","580","51","925","1542","0","59.99","19.07"
"66","000","00","003","0311","1243","904","341","563","26","930","1533","0","60.67","22.24"
"66","000","00","003","0311","1244","939","316","623","49","988","1531","0","64.53","20.64"
"66","000","00","003","0312","0000","6131","2352","3779","304","6435","10764","0","59.78","21.85"
"66","000","00","003","0312","1248","946","320","626","37","983","1799","0","54.64","17.79"
"66","000","00","003","0312","1249","1032","314","718","56","1088","1708","0","63.7","18.38"
"66","000","00","003","0312","1250","938","654","284","51","989","1700","0","58.18","38.47"
"66","000","00","003","0312","1251","1057","304","753","38","1095","1751","0","62.54","17.36"
"66","000","00","003","0312","1252","1211","426","785","67","1278","2109","0","60.6","20.2"
"66","000","00","003","0312","1253","947","334","613","55","1002","1697","0","59.05","19.68"
"66","000","00","003","0313","0000","4926","1634","3292","217","5143","7918","0","64.95","20.64"
"66","000","00","003","0313","1258","755","266","489","50","805","1274","0","63.19","20.88"
"66","000","00","003","0313","1259","890","287","603","30","920","1390","0","66.19","20.65"
"66","000","00","003","0313","1260","817","287","530","30","847","1295","0","65.41","22.16"
"66","000","00","003","0313","1261","767","234","533","44","811","1312","0","61.81","17.84"
"66","000","00","003","0313","1262","880","289","591","26","906","1417","0","63.94","20.4"
"66","000","00","003","0313","1263","817","271","546","37","854","1230","0","69.43","22.03"
"66","000","00","003","0314","0000","2399","797","1602","126","2525","4174","0","60.49","19.09"
"66","000","00","003","0314","1264","755","237","518","30","785","1308","0","60.02","18.12"
"66","000","00","003","0314","1265","825","276","549","59","884","1467","0","60.26","18.81"
"66","000","00","003","0314","1266","819","284","535","37","856","1399","0","61.19","20.3"
"66","000","00","003","0315","0000","1163","377","786","69","1232","1938","0","63.57","19.45"
"66","000","00","003","0315","1197","545","181","364","29","574","937","0","61.26","19.32"
"66","000","00","003","0315","1198","618","196","422","40","658","1001","0","65.73","19.58"
"66","000","00","003","0316","0000","1533","484","1049","112","1645","2451","0","67.12","19.75"
"66","000","00","003","0316","1199","757","244","513","68","825","1249","0","66.05","19.54"
"66","000","00","003","0316","1200","776","240","536","44","820","1202","0","68.22","19.97"
"66","000","00","003","0317","0000","3258","1142","2116","137","3395","5388","0","63.01","21.2"
"66","000","00","003","0317","1226","784","255","529","24","808","1256","0","64.33","20.3"
"66","000","00","003","0317","1227","832","302","530","31","863","1364","0","63.27","22.14"
"66","000","00","003","0317","1228","780","276","504","69","849","1361","0","62.38","20.28"
"66","000","00","003","0317","1229","862","309","553","13","875","1407","0","62.19","21.96"
"66","000","00","003","0318","0000","2109","729","1380","132","2241","3501","0","64.01","20.82"
"66","000","00","003","0318","1233","698","249","449","57","755","1175","0","64.26","21.19"
"66","000","00","003","0318","1234","731","224","507","38","769","1158","0","66.41","19.34"
"66","000","00","003","0318","1235","680","256","424","37","717","1168","0","61.39","21.92"
"66","000","00","003","0319","0000","3767","1255","2512","126","3893","7241","0","53.76","17.33"
"66","000","00","003","0319","1236","996","315","681","44","1040","1626","0","63.96","19.37"
"66","000","00","003","0319","1237","867","305","562","27","894","2115","0","42.27","14.42"
"66","000","00","003","0319","1238","983","330","653","31","1014","1805","0","56.18","18.28"
"66","000","00","003","0319","1239","921","305","616","24","945","1695","0","55.75","17.99"
"66","000","00","003","0320","0000","2461","833","1628","119","2580","4415","0","58.44","18.87"
"66","000","00","003","0320","1245","740","211","529","31","771","1392","0","55.39","15.16"
"66","000","00","003","0320","1246","880","317","563","35","915","1592","0","57.47","19.91"
"66","000","00","003","0320","1247","841","305","536","53","894","1431","0","62.47","21.31"
"66","000","00","003","0321","0000","3888","1344","2544","178","4066","6474","0","62.81","20.76"
"66","000","00","003","0321","1254","819","303","516","45","864","1456","0","59.34","20.81"
"66","000","00","003","0321","1255","1107","370","737","41","1148","1726","0","66.51","21.44"
"66","000","00","003","0321","1256","1028","348","680","54","1082","1723","0","62.8","20.2"
"66","000","00","003","0321","1257","934","323","611","38","972","1569","0","61.95","20.59"
"66","000","00","003","0322","0000","3054","1058","1996","153","3207","5308","0","60.42","19.93"
"66","000","00","003","0322","1267","678","214","464","53","731","1207","0","60.56","17.73"
"66","000","00","003","0322","1268","754","259","495","37","791","1317","0","60.06","19.67"
"66","000","00","003","0322","1269","885","338","547","28","913","1563","0","58.41","21.63"
"66","000","00","003","0322","1270","737","247","490","35","772","1221","0","63.23","20.23"
"66","000","00","004","0000","0000","53264","18475","34789","2577","55841","95040","115551","58.76","19.44"
"66","000","00","004","0401","0000","1089","382","707","66","1155","1798","0","64.24","21.25"
"66","000","00","004","0401","1085","603","223","380","39","642","1020","0","62.94","21.86"
"66","000","00","004","0401","1086","486","159","327","27","513","778","0","65.94","20.44"
"66","000","00","004","0402","0000","814","268","546","34","848","1416","0","59.89","18.93"
"66","000","00","004","0402","1084","814","268","546","34","848","1416","0","59.89","18.93"
"66","000","00","004","0403","0000","1033","322","711","45","1078","2261","0","47.68","14.24"
"66","000","00","004","0403","1082","490","141","349","26","516","1400","0","36.86","10.07"
"66","000","00","004","0403","1083","543","181","362","19","562","861","0","65.27","21.02"
"66","000","00","004","0404","0000","1429","504","925","68","1497","2295","0","65.23","21.96"
"66","000","00","004","0404","1090","771","266","505","37","808","1251","0","64.59","21.26"
"66","000","00","004","0404","1091","658","238","420","31","689","1044","0","66.0","22.8"
"66","000","00","004","0405","0000","807","268","539","39","846","1465","0","57.75","18.29"
"66","000","00","004","0405","1087","807","268","539","39","846","1465","0","57.75","18.29"
"66","000","00","004","0406","0000","1095","374","721","45","1140","1885","0","60.48","19.84"
"66","000","00","004","0406","1088","590","190","400","17","607","1017","0","59.69","18.68"
"66","000","00","004","0406","1089","505","184","321","28","533","868","0","61.41","21.2"
"66","000","00","004","0407","0000","2713","948","1765","128","2841","4791","0","59.3","19.79"
"66","000","00","004","0407","1092","826","282","544","39","865","1487","0","58.17","18.96"
"66","000","00","004","0407","1093","885","323","562","45","930","1573","0","59.12","20.53"
"66","000","00","004","0407","1094","1002","343","659","44","1046","1731","0","60.43","19.82"
"66","000","00","004","0408","0000","2291","784","1507","91","2382","3948","0","60.33","19.86"
"66","000","00","004","0408","1095","705","206","499","31","736","1209","0","60.88","17.04"
"66","000","00","004","0408","1096","874","301","573","35","909","1564","0","58.12","19.25"
"66","000","00","004","0408","1097","712","277","435","25","737","1175","0","62.72","23.57"
"66","000","00","004","0409","0000","3069","1092","1977","169","3238","5680","0","57.01","19.23"
"66","000","00","004","0409","1098","831","317","514","36","867","1505","0","57.61","21.06"
"66","000","00","004","0409","1099","830","305","525","31","861","1418","0","60.72","21.51"
"66","000","00","004","0409","1100","682","215","467","60","742","1497","0","49.57","14.36"
"66","000","00","004","0409","1101","726","255","471","42","768","1260","0","60.95","20.24"
"66","000","00","004","0410","0000","1232","416","816","102","1334","2330","0","57.25","17.85"
"66","000","00","004","0410","1116","600","205","395","60","660","1129","0","58.46","18.16"
"66","000","00","004","0410","1117","632","211","421","42","674","1201","0","56.12","17.57"
"66","000","00","004","0411","0000","1673","563","1110","98","1771","3196","0","55.41","17.62"
"66","000","00","004","0411","1114","907","287","620","57","964","1822","0","52.91","15.75"
"66","000","00","004","0411","1115","766","276","490","41","807","1374","0","58.73","20.09"
"66","000","00","004","0412","0000","1938","676","1262","115","2053","3502","0","58.62","19.3"
"66","000","00","004","0412","1118","905","304","601","57","962","1639","0","58.69","18.55"
"66","000","00","004","0412","1119","1033","372","661","58","1091","1863","0","58.56","19.97"
"66","000","00","004","0413","0000","1594","565","1029","93","1687","2846","0","59.28","19.85"
"66","000","00","004","0413","1102","801","280","521","47","848","1399","0","60.61","20.01"
"66","000","00","004","0413","1103","793","285","508","46","839","1447","0","57.98","19.7"
"66","000","00","004","0414","0000","3605","1267","2338","187","3792","6488","0","58.45","19.53"
"66","000","00","004","0414","1104","932","337","595","51","983","1683","0","58.41","20.02"
"66","000","00","004","0414","1105","916","325","591","53","969","1585","0","61.14","20.5"
"66","000","00","004","0414","1106","898","330","568","34","932","1557","0","59.86","21.19"
"66","000","00","004","0414","1107","859","275","584","49","908","1663","0","54.6","16.54"
"66","000","00","004","0415","0000","3179","1121","2058","181","3360","5656","0","59.41","19.82"
"66","000","00","004","0415","1122","733","251","482","33","766","1308","0","58.56","19.19"
"66","000","00","004","0415","1123","791","276","515","54","845","1433","0","58.97","19.26"
"66","000","00","004","0415","1124","791","275","516","34","825","1450","0","56.9","18.97"
"66","000","00","004","0415","1125","864","319","545","60","924","1465","0","63.07","21.77"
"66","000","00","004","0416","0000","3075","1048","2027","139","3214","5663","0","56.75","18.51"
"66","000","00","004","0416","1140","656","237","419","25","681","1139","0","59.79","20.81"
"66","000","00","004","0416","1141","657","218","439","27","684","1105","0","61.9","19.73"
"66","000","00","004","0416","1142","820","280","540","46","866","1498","0","57.81","18.69"
"66","000","00","004","0416","1143","942","313","629","41","983","1921","0","51.17","16.29"
"66","000","00","004","0417","0000","3555","1282","2273","148","3703","6075","0","60.95","21.1"
"66","000","00","004","0417","1133","932","316","616","34","966","1613","0","59.89","19.59"
"66","000","00","004","0417","1134","827","301","526","30","857","1454","0","58.94","20.7"
"66","000","00","004","0417","1135","958","356","602","27","985","1597","0","61.68","22.29"
"66","000","00","004","0417","1136","838","309","529","57","895","1411","0","63.43","21.9"
"66","000","00","004","0418","0000","3029","1116","1913","114","3143","5581","0","56.32","20.0"
"66","000","00","004","0418","1108","1081","421","660","44","1125","1921","0","58.56","21.92"
"66","000","00","004","0418","1109","1020","357","663","28","1048","1952","0","53.69","18.29"
"66","000","00","004","0418","1110","928","338","590","42","970","1708","0","56.79","19.79"
"66","000","00","004","0419","0000","3280","1138","2142","164","3444","5667","0","60.77","20.08"
"66","000","00","004","0419","1144","747","253","494","39","786","1340","0","58.66","18.88"
"66","000","00","004","0419","1145","922","310","612","38","960","1536","0","62.5","20.18"
"66","000","00","004","0419","1146","756","270","486","49","805","1361","0","59.15","19.84"
"66","000","00","004","0419","1147","855","305","550","38","893","1430","0","62.45","21.33"
"66","000","00","004","0420","0000","1523","521","1002","86","1609","2794","0","57.59","18.65"
"66","000","00","004","0420","1128","830","305","525","49","879","1428","0","61.55","21.36"
"66","000","00","004","0420","1129","693","216","477","37","730","1366","0","53.44","15.81"
"66","000","00","004","0421","0000","1930","622","1308","100","2030","3600","0","56.39","17.28"
"66","000","00","004","0421","1126","942","296","646","51","993","1818","0","54.62","16.28"
"66","000","00","004","0421","1127","988","326","662","49","1037","1782","0","58.19","18.29"
"66","000","00","004","0422","0000","2729","906","1823","126","2855","4803","0","59.44","18.86"
"66","000","00","004","0422","1137","838","283","555","54","892","1493","0","59.75","18.96"
"66","000","00","004","0422","1138","949","279","670","36","985","1600","0","61.56","17.44"
"66","000","00","004","0422","1139","942","344","598","36","978","1710","0","57.19","20.12"
"66","000","00","004","0423","0000","2419","860","1559","81","2500","4187","0","59.71","20.54"
"66","000","00","004","0423","1130","827","292","535","30","857","1498","0","57.21","19.49"
"66","000","00","004","0423","1131","801","286","515","24","825","1350","0","61.11","21.19"
"66","000","00","004","0423","1132","791","282","509","27","818","1339","0","61.09","21.06"
"66","000","00","004","0424","0000","1668","549","1119","82","1750","2791","0","62.7","19.67"
"66","000","00","004","0424","1120","786","225","561","39","825","1287","0","64.1","17.48"
"66","000","00","004","0424","1121","882","324","558","43","925","1504","0","61.5","21.54"
"66","000","00","004","0425","0000","2495","883","1612","76","2571","4322","0","59.49","20.43"
"66","000","00","004","0425","1111","700","266","434","27","727","1131","0","64.28","23.52"
"66","000","00","004","0425","1112","1038","362","676","25","1063","1916","0","55.48","18.89"
"66","000","00","004","0425","1113","757","255","502","24","781","1275","0","61.25","20.0"
"66","000","00","005","0000","0000","67399","22588","44811","3166","70565","124621","147528","56.62","18.13"
"66","000","00","005","0501","0000","1074","360","714","68","1142","2047","0","55.79","17.59"
"66","000","00","005","0501","0985","524","172","352","34","558","1051","0","53.09","16.37"
"66","000","00","005","0501","0986","550","188","362","34","584","996","0","58.63","18.88"
"66","000","00","005","0502","0000","1895","561","1334","104","1999","3365","0","59.41","16.67"
"66","000","00","005","0502","0987","840","221","619","26","866","1504","0","57.58","14.69"
"66","000","00","005","0502","0988","558","179","379","51","609","975","0","62.46","18.36"
"66","000","00","005","0502","0989","497","161","336","27","524","886","0","59.14","18.17"
"66","000","00","005","0503","0000","726","240","486","52","778","1404","0","55.41","17.09"
"66","000","00","005","0503","0992","726","240","486","52","778","1404","0","55.41","17.09"
"66","000","00","005","0504","0000","836","271","565","38","874","1532","0","57.05","17.69"
"66","000","00","005","0504","0997","395","127","268","17","412","773","0","53.3","16.43"
"66","000","00","005","0504","0998","441","144","297","21","462","759","0","60.87","18.97"
"66","000","00","005","0505","0000","944","284","660","48","992","1683","0","58.94","16.87"
"66","000","00","005","0505","0995","424","128","296","22","446","704","0","63.35","18.18"
"66","000","00","005","0505","0996","520","156","364","26","546","979","0","55.77","15.93"
"66","000","00","005","0506","0000","1416","358","1058","71","1487","2650","0","56.11","13.51"
"66","000","00","005","0506","0999","794","189","605","48","842","1438","0","58.55","13.14"
"66","000","00","005","0506","1000","622","169","453","23","645","1212","0","53.22","13.94"
"66","000","00","005","0507","0000","1822","607","1215","77","1899","3176","0","59.79","19.11"
"66","000","00","005","0507","1001","952","353","599","42","994","1731","0","57.42","20.39"
"66","000","00","005","0507","1002","870","254","616","35","905","1445","0","62.63","17.58"
"66","000","00","005","0508","0000","2763","918","1845","135","2898","5461","0","53.07","16.81"
"66","000","00","005","0508","1003","1004","347","657","40","1044","1855","0","56.28","18.71"
"66","000","00","005","0508","1004","829","268","561","51","880","1728","0","50.93","15.51"
"66","000","00","005","0508","1005","930","303","627","44","974","1878","0","51.86","16.13"
"66","000","00","005","0509","0000","1704","560","1144","74","1778","3340","0","53.23","16.77"
"66","000","00","005","0509","1008","875","309","566","27","902","1761","0","51.22","17.55"
"66","000","00","005","0509","1009","829","251","578","47","876","1579","0","55.48","15.9"
"66","000","00","005","0510","0000","1421","447","974","61","1482","2482","0","59.71","18.01"
"66","000","00","005","0510","1012","825","256","569","36","861","1476","0","58.33","17.34"
"66","000","00","005","0510","1013","596","191","405","25","621","1006","0","61.73","18.99"
"66","000","00","005","0511","0000","2323","733","1590","105","2428","4309","0","56.35","17.01"
"66","000","00","005","0511","1014","776","222","554","39","815","1403","0","58.09","15.82"
"66","000","00","005","0511","1015","756","236","520","28","784","1446","0","54.22","16.32"
"66","000","00","005","0511","1016","791","275","516","38","829","1460","0","56.78","18.84"
"66","000","00","005","0512","0000","1358","488","870","44","1402","2260","0","62.04","21.59"
"66","000","00","005","0512","1017","706","252","454","20","726","1233","0","58.88","20.44"
"66","000","00","005","0512","1018","652","236","416","24","676","1027","0","65.82","22.98"
"66","000","00","005","0513","0000","3207","1133","2074","136","3343","5590","0","59.8","20.27"
"66","000","00","005","0513","1019","696","243","453","18","714","1207","0","59.15","20.13"
"66","000","00","005","0513","1020","695","239","456","31","726","1167","0","62.21","20.48"
"66","000","00","005","0513","1021","635","227","408","25","660","1150","0","57.39","19.74"
"66","000","00","005","0513","1022","587","204","383","38","625","1061","0","58.91","19.23"
"66","000","00","005","0513","1023","594","220","374","24","618","1005","0","61.49","21.89"
"66","000","00","005","0514","0000","2300","803","1497","116","2416","4077","0","59.26","19.7"
"66","000","00","005","0514","1024","692","256","436","22","714","1250","0","57.12","20.48"
"66","000","00","005","0514","1025","828","281","547","47","875","1448","0","60.43","19.41"
"66","000","00","005","0514","1026","780","266","514","47","827","1379","0","59.97","19.29"
"66","000","00","005","0515","0000","2291","742","1549","90","2381","5070","0","46.96","14.64"
"66","000","00","005","0515","1029","569","190","379","21","590","2078","0","28.39","9.14"
"66","000","00","005","0515","1030","923","272","651","41","964","1562","0","61.72","17.41"
"66","000","00","005","0515","1031","799","280","519","28","827","1430","0","57.83","19.58"
"66","000","00","005","0516","0000","2391","804","1587","105","2496","4440","0","56.22","18.11"
"66","000","00","005","0516","1045","724","235","489","36","760","1461","0","52.02","16.08"
"66","000","00","005","0516","1046","771","219","552","42","813","1310","0","62.06","16.72"
"66","000","00","005","0516","1047","896","350","546","27","923","1669","0","55.3","20.97"
"66","000","00","005","0517","0000","1994","728","1266","84","2078","3614","0","57.5","20.14"
"66","000","00","005","0517","1048","1078","405","673","52","1130","1932","0","58.49","20.96"
"66","000","00","005","0517","1049","916","323","593","32","948","1682","0","56.36","19.2"
"66","000","00","005","0518","0000","2642","926","1716","110","2752","4932","0","55.8","18.78"
"66","000","00","005","0518","1050","992","370","622","29","1021","1891","0","53.99","19.57"
"66","000","00","005","0518","1051","1011","345","666","55","1066","1882","0","56.64","18.33"
"66","000","00","005","0518","1052","639","211","428","26","665","1159","0","57.38","18.21"
"66","000","00","005","0519","0000","1448","432","1016","83","1531","2613","0","58.59","16.53"
"66","000","00","005","0519","1068","765","228","537","36","801","1346","0","59.51","16.94"
"66","000","00","005","0519","1069","683","204","479","47","730","1267","0","57.62","16.1"
"66","000","00","005","0520","0000","2008","664","1344","116","2124","3752","0","56.61","17.7"
"66","000","00","005","0520","1010","1099","357","742","75","1174","2192","0","53.56","16.29"
"66","000","00","005","0520","1011","909","307","602","41","950","1560","0","60.9","19.68"
"66","000","00","005","0521","0000","3500","1111","2389","162","3662","6457","0","56.71","17.21"
"66","000","00","005","0521","1053","842","200","642","45","887","1553","0","57.12","12.88"
"66","000","00","005","0521","1054","865","299","566","33","898","1607","0","55.88","18.61"
"66","000","00","005","0521","1055","962","336","626","39","1001","1773","0","56.46","18.95"
"66","000","00","005","0521","1056","831","276","555","45","876","1524","0","57.48","18.11"
"66","000","00","005","0522","0000","3003","1013","1990","146","3149","5282","0","59.62","19.18"
"66","000","00","005","0522","1057","954","309","645","57","1011","1613","0","62.68","19.16"
"66","000","00","005","0522","1058","1065","359","706","44","1109","1877","0","59.08","19.13"
"66","000","00","005","0522","1059","984","345","639","45","1029","1792","0","57.42","19.25"
"66","000","00","005","0523","0000","3297","1413","1884","137","3434","6037","0","56.88","23.41"
"66","000","00","005","0523","1062","911","350","561","31","942","1556","0","60.54","22.49"
"66","000","00","005","0523","1063","802","513","289","32","834","1497","0","55.71","34.27"
"66","000","00","005","0523","1064","823","254","569","43","866","1550","0","55.87","16.39"
"66","000","00","005","0523","1065","761","296","465","31","792","1434","0","55.23","20.64"
"66","000","00","005","0524","0000","2063","690","1373","80","2143","3734","0","57.39","18.48"
"66","000","00","005","0524","1040","710","236","474","21","731","1243","0","58.81","18.99"
"66","000","00","005","0524","1041","635","208","427","15","650","1219","0","53.32","17.06"
"66","000","00","005","0524","1042","718","246","472","44","762","1272","0","59.91","19.34"
"66","000","00","005","0525","0000","2140","707","1433","76","2216","3777","0","58.67","18.72"
"66","000","00","005","0525","1034","770","243","527","25","795","1432","0","55.52","16.97"
"66","000","00","005","0525","1035","670","214","456","33","703","1157","0","60.76","18.5"
"66","000","00","005","0525","1036","700","250","450","18","718","1188","0","60.44","21.04"
"66","000","00","005","0526","0000","751","252","499","39","790","1437","0","54.98","17.54"
"66","000","00","005","0526","0983","751","252","499","39","790","1437","0","54.98","17.54"
"66","000","00","005","0527","0000","850","283","567","62","912","1708","0","53.4","16.57"
"66","000","00","005","0527","0984","850","283","567","62","912","1708","0","53.4","16.57"
"66","000","00","005","0528","0000","1050","376","674","68","1118","2214","0","50.5","16.98"
"66","000","00","005","0528","0990","576","210","366","31","607","1276","0","47.57","16.46"
"66","000","00","005","0528","0991","474","166","308","37","511","938","0","54.48","17.7"
"66","000","00","005","0529","0000","997","362","635","63","1060","1865","0","56.84","19.41"
"66","000","00","005","0529","0993","542","193","349","19","561","996","0","56.33","19.38"
"66","000","00","005","0529","0994","455","169","286","44","499","869","0","57.42","19.45"
"66","000","00","005","0530","0000","1714","514","1200","136","1850","3348","0","55.26","15.35"
"66","000","00","005","0530","1006","868","255","613","74","942","1793","0","52.54","14.22"
"66","000","00","005","0530","1007","846","259","587","62","908","1555","0","58.39","16.66"
"66","000","00","005","0531","0000","1885","573","1312","90","1975","3519","0","56.12","16.28"
"66","000","00","005","0531","1027","910","313","597","50","960","1652","0","58.11","18.95"
"66","000","00","005","0531","1028","975","260","715","40","1015","1867","0","54.37","13.93"
"66","000","00","005","0532","0000","2332","776","1556","103","2435","4305","0","56.56","18.03"
"66","000","00","005","0532","1037","773","223","550","35","808","1419","0","56.94","15.72"
"66","000","00","005","0532","1038","863","308","555","33","896","1653","0","54.2","18.63"
"66","000","00","005","0532","1039","696","245","451","35","731","1233","0","59.29","19.87"
"66","000","00","005","0533","0000","1505","486","1019","75","1580","2689","0","58.76","18.07"
"66","000","00","005","0533","1060","788","236","552","42","830","1392","0","59.63","16.95"
"66","000","00","005","0533","1061","717","250","467","33","750","1297","0","57.83","19.28"
"66","000","00","005","0534","0000","2020","711","1309","90","2110","3659","0","57.67","19.43"
"66","000","00","005","0534","1066","1001","350","651","51","1052","1793","0","58.67","19.52"
"66","000","00","005","0534","1067","1019","361","658","39","1058","1866","0","56.7","19.35"
"66","000","00","005","0535","0000","1759","619","1140","56","1815","3065","0","59.22","20.2"
"66","000","00","005","0535","1043","748","273","475","17","765","1285","0","59.53","21.25"
"66","000","00","005","0535","1044","1011","346","665","39","1050","1780","0","58.99","19.44"
"66","000","00","005","0536","0000","1970","643","1327","66","2036","3728","0","54.61","17.25"
"66","000","00","005","0536","1032","1134","377","757","39","1173","2018","0","58.13","18.68"
"66","000","00","005","0536","1033","836","266","570","27","863","1710","0","50.47","15.56"
"66","000","00","006","0000","0000","101716","34071","67645","4986","106702","183814","228128","58.05","18.54"
"66","000","00","006","0601","0000","2718","983","1735","123","2841","4749","0","59.82","20.7"
"66","000","00","006","0601","0625","970","349","621","52","1022","1638","0","62.39","21.31"
"66","000","00","006","0601","0626","751","294","457","35","786","1335","0","58.88","22.02"
"66","000","00","006","0601","0627","997","340","657","36","1033","1776","0","58.16","19.14"
"66","000","00","006","0602","0000","2829","917","1912","151","2980","5323","0","55.98","17.23"
"66","000","00","006","0602","0634","918","283","635","62","980","1749","0","56.03","16.18"
"66","000","00","006","0602","0635","1031","313","718","46","1077","1877","0","57.38","16.68"
"66","000","00","006","0602","0636","880","321","559","43","923","1697","0","54.39","18.92"
"66","000","00","006","0603","0000","2647","916","1731","141","2788","5447","0","51.18","16.82"
"66","000","00","006","0603","0637","862","272","590","45","907","1480","0","61.28","18.38"
"66","000","00","006","0603","0638","916","336","580","59","975","1483","0","65.75","22.66"
"66","000","00","006","0603","0639","869","308","561","37","906","2484","0","36.47","12.4"
"66","000","00","006","0604","0000","496","138","358","31","527","781","0","67.48","17.67"
"66","000","00","006","0604","0640","496","138","358","31","527","781","0","67.48","17.67"
"66","000","00","006","0605","0000","7256","2482","4774","261","7517","13148","0","57.17","18.88"
"66","000","00","006","0605","0641","849","252","597","47","896","1477","0","60.66","17.06"
"66","000","00","006","0605","0642","969","345","624","30","999","1784","0","56.0","19.34"
"66","000","00","006","0605","0643","927","303","624","34","961","1686","0","57.0","17.97"
"66","000","00","006","0605","0644","937","337","600","29","966","1692","0","57.09","19.92"
"66","000","00","006","0605","0645","874","283","591","31","905","1659","0","54.55","17.06"
"66","000","00","006","0605","0646","835","327","508","17","852","1648","0","51.7","19.84"
"66","000","00","006","0605","0647","914","336","578","26","940","1536","0","61.2","21.88"
"66","000","00","006","0605","0648","951","299","652","47","998","1666","0","59.9","17.95"
"66","000","00","006","0606","0000","2617","912","1705","116","2733","4812","0","56.8","18.95"
"66","000","00","006","0606","0649","814","284","530","37","851","1428","0","59.59","19.89"
"66","000","00","006","0606","0650","943","315","628","46","989","1810","0","54.64","17.4"
"66","000","00","006","0606","0651","860","313","547","33","893","1574","0","56.73","19.89"
"66","000","00","006","0607","0000","2407","752","1655","114","2521","4314","0","58.44","17.43"
"66","000","00","006","0607","0658","946","329","617","34","980","1714","0","57.18","19.19"
"66","000","00","006","0607","0659","790","223","567","51","841","1424","0","59.06","15.66"
"66","000","00","006","0607","0660","671","200","471","29","700","1176","0","59.52","17.01"
"66","000","00","006","0608","0000","1601","435","1166","83","1684","2739","0","61.48","15.88"
"66","000","00","006","0608","0665","782","202","580","59","841","1355","0","62.07","14.91"
"66","000","00","006","0608","0666","819","233","586","24","843","1384","0","60.91","16.84"
"66","000","00","006","0609","0000","2636","911","1725","141","2777","5068","0","54.79","17.98"
"66","000","00","006","0609","0679","903","312","591","62","965","1699","0","56.8","18.36"
"66","000","00","006","0609","0680","872","289","583","36","908","1715","0","52.94","16.85"
"66","000","00","006","0609","0681","861","310","551","43","904","1654","0","54.66","18.74"
"66","000","00","006","0610","0000","1773","600","1173","100","1873","3175","0","58.99","18.9"
"66","000","00","006","0610","0667","922","317","605","42","964","1613","0","59.76","19.65"
"66","000","00","006","0610","0668","851","283","568","58","909","1562","0","58.19","18.12"
"66","000","00","006","0611","0000","2283","756","1527","138","2421","3774","0","64.15","20.03"
"66","000","00","006","0611","0695","722","249","473","31","753","1221","0","61.67","20.39"
"66","000","00","006","0611","0696","789","240","549","63","852","1252","0","68.05","19.17"
"66","000","00","006","0611","0697","772","267","505","44","816","1301","0","62.72","20.52"
"66","000","00","006","0612","0000","1290","285","1005","62","1352","2162","0","62.53","13.18"
"66","000","00","006","0612","0698","643","133","510","28","671","1049","0","63.97","12.68"
"66","000","00","006","0612","0699","647","152","495","34","681","1113","0","61.19","13.66"
"66","000","00","006","0613","0000","1691","472","1219","77","1768","3197","0","55.3","14.76"
"66","000","00","006","0613","0700","818","216","602","39","857","1557","0","55.04","13.87"
"66","000","00","006","0613","0701","873","256","617","38","911","1640","0","55.55","15.61"
"66","000","00","006","0614","0000","2601","810","1791","201","2802","4807","0","58.29","16.85"
"66","000","00","006","0614","0702","849","262","587","86","935","1402","0","66.69","18.69"
"66","000","00","006","0614","0703","846","259","587","61","907","1717","0","52.82","15.08"
"66","000","00","006","0614","0704","906","289","617","54","960","1688","0","56.87","17.12"
"66","000","00","006","0615","0000","2544","783","1761","198","2742","4904","0","55.91","15.97"
"66","000","00","006","0615","0705","628","176","452","93","721","1168","0","61.73","15.07"
"66","000","00","006","0615","0706","891","271","620","56","947","1729","0","54.77","15.67"
"66","000","00","006","0615","0707","1025","336","689","49","1074","2007","0","53.51","16.74"
"66","000","00","006","0616","0000","1268","398","870","107","1375","2364","0","58.16","16.84"
"66","000","00","006","0616","0708","721","225","496","81","802","1296","0","61.88","17.36"
"66","000","00","006","0616","0709","547","173","374","26","573","1068","0","53.65","16.2"
"66","000","00","006","0617","0000","1764","552","1212","114","1878","3343","0","56.18","16.51"
"66","000","00","006","0617","0710","833","239","594","79","912","1707","0","53.43","14.0"
"66","000","00","006","0617","0711","931","313","618","35","966","1636","0","59.05","19.13"
"66","000","00","006","0618","0000","6491","2174","4317","258","6749","12239","0","55.14","17.76"
"66","000","00","006","0618","0712","789","230","559","37","826","1761","0","46.91","13.06"
"66","000","00","006","0618","0713","754","245","509","35","789","1314","0","60.05","18.65"
"66","000","00","006","0618","0714","754","251","503","37","791","1233","0","64.15","20.36"
"66","000","00","006","0618","0715","818","266","552","40","858","1549","0","55.39","17.17"
"66","000","00","006","0618","0716","877","285","592","24","901","1639","0","54.97","17.39"
"66","000","00","006","0618","0717","770","210","560","38","808","1486","0","54.37","14.13"
"66","000","00","006","0618","0718","957","381","576","27","984","1806","0","54.49","21.1"
"66","000","00","006","0618","0719","772","306","466","20","792","1451","0","54.58","21.09"
"66","000","00","006","0619","0000","1557","505","1052","68","1625","2655","0","61.21","19.02"
"66","000","00","006","0619","0720","753","217","536","22","775","1302","0","59.52","16.67"
"66","000","00","006","0619","0721","804","288","516","46","850","1353","0","62.82","21.29"
"66","000","00","006","0620","0000","2548","797","1751","183","2731","4520","0","60.42","17.63"
"66","000","00","006","0620","0741","618","216","402","50","668","1206","0","55.39","17.91"
"66","000","00","006","0620","0742","628","182","446","61","689","1086","0","63.44","16.76"
"66","000","00","006","0620","0743","642","178","464","43","685","1088","0","62.96","16.36"
"66","000","00","006","0620","0744","660","221","439","29","689","1140","0","60.44","19.39"
"66","000","00","006","0621","0000","3443","1145","2298","146","3589","6178","0","58.09","18.53"
"66","000","00","006","0621","0682","888","310","578","25","913","1636","0","55.81","18.95"
"66","000","00","006","0621","0683","711","240","471","27","738","1298","0","56.86","18.49"
"66","000","00","006","0621","0684","794","245","549","46","840","1391","0","60.39","17.61"
"66","000","00","006","0621","0685","1050","350","700","48","1098","1853","0","59.26","18.89"
"66","000","00","006","0622","0000","1981","653","1328","97","2078","3629","0","57.26","17.99"
"66","000","00","006","0622","0686","971","309","662","45","1016","1820","0","55.82","16.98"
"66","000","00","006","0622","0687","1010","344","666","52","1062","1809","0","58.71","19.02"
"66","000","00","006","0623","0000","3751","1303","2448","187","3938","6663","0","59.1","19.56"
"66","000","00","006","0623","0691","951","302","649","40","991","1674","0","59.2","18.04"
"66","000","00","006","0623","0692","958","334","624","51","1009","1610","0","62.67","20.75"
"66","000","00","006","0623","0693","940","340","600","52","992","1695","0","58.53","20.06"
"66","000","00","006","0623","0694","902","327","575","44","946","1684","0","56.18","19.42"
"66","000","00","006","0624","0000","2584","791","1793","124","2708","4890","0","55.38","16.18"
"66","000","00","006","0624","0631","882","264","618","35","917","1710","0","53.63","15.44"
"66","000","00","006","0624","0632","810","283","527","45","855","1595","0","53.61","17.74"
"66","000","00","006","0624","0633","892","244","648","44","936","1585","0","59.05","15.39"
"66","000","00","006","0625","0000","2462","903","1559","95","2557","4205","0","60.81","21.47"
"66","000","00","006","0625","0672","912","315","597","23","935","1494","0","62.58","21.08"
"66","000","00","006","0625","0673","763","305","458","28","791","1325","0","59.7","23.02"
"66","000","00","006","0625","0674","787","283","504","44","831","1386","0","59.96","20.42"
"66","000","00","006","0626","0000","2411","840","1571","110","2521","4271","0","59.03","19.67"
"66","000","00","006","0626","0628","749","263","486","34","783","1351","0","57.96","19.47"
"66","000","00","006","0626","0629","776","276","500","43","819","1338","0","61.21","20.63"
"66","000","00","006","0626","0630","886","301","585","33","919","1582","0","58.09","19.03"
"66","000","00","006","0627","0000","2744","979","1765","110","2854","4987","0","57.23","19.63"
"66","000","00","006","0627","0652","925","321","604","14","939","1650","0","56.91","19.45"
"66","000","00","006","0627","0653","915","323","592","56","971","1681","0","57.76","19.21"
"66","000","00","006","0627","0654","904","335","569","40","944","1656","0","57.0","20.23"
"66","000","00","006","0628","0000","2475","832","1643","125","2600","4145","0","62.73","20.07"
"66","000","00","006","0628","0655","714","210","504","50","764","1243","0","61.46","16.89"
"66","000","00","006","0628","0656","899","313","586","40","939","1471","0","63.83","21.28"
"66","000","00","006","0628","0657","862","309","553","35","897","1431","0","62.68","21.59"
"66","000","00","006","0629","0000","3156","1019","2137","116","3272","5327","0","61.42","19.13"
"66","000","00","006","0629","0661","843","289","554","35","878","1456","0","60.3","19.85"
"66","000","00","006","0629","0662","882","292","590","25","907","1451","0","62.51","20.12"
"66","000","00","006","0629","0663","670","227","443","25","695","1063","0","65.38","21.35"
"66","000","00","006","0629","0664","761","211","550","31","792","1357","0","58.36","15.55"
"66","000","00","006","0630","0000","2088","713","1375","128","2216","3585","0","61.81","19.89"
"66","000","00","006","0630","0669","768","245","523","36","804","1219","0","65.96","20.1"
"66","000","00","006","0630","0670","692","253","439","40","732","1235","0","59.27","20.49"
"66","000","00","006","0630","0671","628","215","413","52","680","1131","0","60.12","19.01"
"66","000","00","006","0631","0000","3890","1429","2461","192","4082","7145","0","57.13","20.0"
"66","000","00","006","0631","0675","1017","379","638","60","1077","1816","0","59.31","20.87"
"66","000","00","006","0631","0676","924","324","600","26","950","1734","0","54.79","18.69"
"66","000","00","006","0631","0677","1002","376","626","58","1060","1777","0","59.65","21.16"
"66","000","00","006","0631","0678","947","350","597","48","995","1818","0","54.73","19.25"
"66","000","00","006","0632","0000","2527","808","1719","129","2656","4359","0","60.93","18.54"
"66","000","00","006","0632","0688","804","258","546","46","850","1352","0","62.87","19.08"
"66","000","00","006","0632","0689","845","259","586","48","893","1521","0","58.71","17.03"
"66","000","00","006","0632","0690","878","291","587","35","913","1486","0","61.44","19.58"
"66","000","00","006","0633","0000","2462","871","1591","151","2613","4285","0","60.98","20.33"
"66","000","00","006","0633","0733","848","304","544","55","903","1526","0","59.17","19.92"
"66","000","00","006","0633","0734","829","284","545","47","876","1425","0","61.47","19.93"
"66","000","00","006","0633","0735","785","283","502","49","834","1334","0","62.52","21.21"
"66","000","00","006","0634","0000","1819","644","1175","72","1891","3215","0","58.82","20.03"
"66","000","00","006","0634","0736","964","336","628","45","1009","1649","0","61.19","20.38"
"66","000","00","006","0634","0737","855","308","547","27","882","1566","0","56.32","19.67"
"66","000","00","006","0635","0000","2731","1007","1724","116","2847","4699","0","60.59","21.43"
"66","000","00","006","0635","0738","959","361","598","36","995","1629","0","61.08","22.16"
"66","000","00","006","0635","0739","903","328","575","56","959","1628","0","58.91","20.15"
"66","000","00","006","0635","0740","869","318","551","24","893","1442","0","61.93","22.05"
"66","000","00","006","0636","0000","1521","537","984","69","1590","3043","0","52.25","17.65"
"66","000","00","006","0636","0731","716","235","481","40","756","1541","0","49.06","15.25"
"66","000","00","006","0636","0732","805","302","503","29","834","1502","0","55.53","20.11"
"66","000","00","006","0637","0000","1573","586","987","67","1640","2917","0","56.22","20.09"
"66","000","00","006","0637","0729","789","296","493","30","819","1402","0","58.42","21.11"
"66","000","00","006","0637","0730","784","290","494","37","821","1515","0","54.19","19.14"
"66","000","00","006","0638","0000","4014","1408","2606","158","4172","7133","0","58.49","19.74"
"66","000","00","006","0638","0725","1011","353","658","42","1053","1847","0","57.01","19.11"
"66","000","00","006","0638","0726","971","357","614","37","1008","1738","0","58.0","20.54"
"66","000","00","006","0638","0727","966","320","646","40","1006","1640","0","61.34","19.51"
"66","000","00","006","0638","0728","1066","378","688","39","1105","1908","0","57.91","19.81"
"66","000","00","006","0639","0000","3067","1025","2042","127","3194","5617","0","56.86","18.25"
"66","000","00","006","0639","0722","1204","406","798","53","1257","2162","0","58.14","18.78"
"66","000","00","006","0639","0723","830","272","558","32","862","1520","0","56.71","17.89"
"66","000","00","006","0639","0724","1033","347","686","42","1075","1935","0","55.56","17.93"
"66","000","00","007","0000","0000","78262","26220","52042","3769","82031","135448","170160","60.56","19.36"
"66","000","00","007","0701","0000","4905","1638","3267","223","5128","8349","0","61.42","19.62"
"66","000","00","007","0701","0745","753","234","519","54","807","1321","0","61.09","17.71"
"66","000","00","007","0701","0746","798","297","501","46","844","1346","0","62.7","22.07"
"66","000","00","007","0701","0747","827","251","576","45","872","1428","0","61.06","17.58"
"66","000","00","007","0701","0748","807","274","533","29","836","1442","0","57.98","19.0"
"66","000","00","007","0701","0749","876","301","575","29","905","1408","0","64.28","21.38"
"66","000","00","007","0701","0750","844","281","563","20","864","1404","0","61.54","20.01"
"66","000","00","007","0702","0000","6561","2248","4313","290","6851","10909","0","62.8","20.61"
"66","000","00","007","0702","0751","818","268","550","46","864","1354","0","63.81","19.79"
"66","000","00","007","0702","0752","802","269","533","37","839","1332","0","62.99","20.2"
"66","000","00","007","0702","0753","890","315","575","34","924","1463","0","63.16","21.53"
"66","000","00","007","0702","0754","818","290","528","39","857","1413","0","60.65","20.52"
"66","000","00","007","0702","0755","756","277","479","28","784","1218","0","64.37","22.74"
"66","000","00","007","0702","0756","762","258","504","35","797","1308","0","60.93","19.72"
"66","000","00","007","0702","0757","932","300","632","36","968","1527","0","63.39","19.65"
"66","000","00","007","0702","0758","783","271","512","35","818","1294","0","63.21","20.94"
"66","000","00","007","0703","0000","3220","1006","2214","211","3431","5848","0","58.67","17.2"
"66","000","00","007","0703","0759","774","239","535","43","817","1516","0","53.89","15.77"
"66","000","00","007","0703","0760","881","294","587","71","952","1529","0","62.26","19.23"
"66","000","00","007","0703","0761","807","249","558","56","863","1397","0","61.78","17.82"
"66","000","00","007","0703","0762","758","224","534","41","799","1406","0","56.83","15.93"
"66","000","00","007","0704","0000","2261","745","1516","141","2402","4409","0","54.48","16.9"
"66","000","00","007","0704","0763","784","225","559","41","825","1497","0","55.11","15.03"
"66","000","00","007","0704","0764","760","249","511","56","816","1424","0","57.3","17.49"
"66","000","00","007","0704","0765","717","271","446","44","761","1488","0","51.14","18.21"
"66","000","00","007","0705","0000","3276","953","2323","175","3451","6387","0","54.03","14.92"
"66","000","00","007","0705","0768","683","213","470","53","736","1190","0","61.85","17.9"
"66","000","00","007","0705","0769","646","180","466","31","677","1174","0","57.67","15.33"
"66","000","00","007","0705","0770","709","205","504","15","724","1224","0","59.15","16.75"
"66","000","00","007","0705","0771","693","212","481","48","741","1466","0","50.55","14.46"
"66","000","00","007","0705","0772","545","143","402","28","573","1333","0","42.99","10.73"
"66","000","00","007","0706","0000","482","162","320","40","522","814","0","64.13","19.9"
"66","000","00","007","0706","0773","482","162","320","40","522","814","0","64.13","19.9"
"66","000","00","007","0707","0000","5297","1694","3603","266","5563","9662","0","57.58","17.53"
"66","000","00","007","0707","0774","748","199","549","52","800","1436","0","55.71","13.86"
"66","000","00","007","0707","0775","857","294","563","49","906","1515","0","59.8","19.41"
"66","000","00","007","0707","0776","762","246","516","36","798","1545","0","51.65","15.92"
"66","000","00","007","0707","0777","777","258","519","38","815","1383","0","58.93","18.66"
"66","000","00","007","0707","0778","817","243","574","38","855","1433","0","59.67","16.96"
"66","000","00","007","0707","0779","605","228","377","22","627","1134","0","55.29","20.11"
"66","000","00","007","0707","0780","731","226","505","31","762","1216","0","62.66","18.59"
"66","000","00","007","0708","0000","762","245","517","45","807","1397","0","57.77","17.54"
"66","000","00","007","0708","0785","762","245","517","45","807","1397","0","57.77","17.54"
"66","000","00","007","0709","0000","2684","846","1838","147","2831","4800","0","58.98","17.63"
"66","000","00","007","0709","0786","863","278","585","60","923","1607","0","57.44","17.3"
"66","000","00","007","0709","0787","914","290","624","38","952","1582","0","60.18","18.33"
"66","000","00","007","0709","0788","907","278","629","49","956","1611","0","59.34","17.26"
"66","000","00","007","0710","0000","4024","1376","2648","150","4174","6621","0","63.04","20.78"
"66","000","00","007","0710","0789","810","275","535","33","843","1322","0","63.77","20.8"
"66","000","00","007","0710","0790","828","283","545","35","863","1321","0","65.33","21.42"
"66","000","00","007","0710","0791","792","251","541","40","832","1360","0","61.18","18.46"
"66","000","00","007","0710","0792","827","279","548","12","839","1361","0","61.65","20.5"
"66","000","00","007","0710","0793","767","288","479","30","797","1257","0","63.4","22.91"
"66","000","00","007","0711","0000","3110","1097","2013","139","3249","5151","0","63.08","21.3"
"66","000","00","007","0711","0809","717","244","473","33","750","1171","0","64.05","20.84"
"66","000","00","007","0711","0810","761","284","477","46","807","1349","0","59.82","21.05"
"66","000","00","007","0711","0811","843","287","556","29","872","1368","0","63.74","20.98"
"66","000","00","007","0711","0812","789","282","507","31","820","1263","0","64.92","22.33"
"66","000","00","007","0712","0000","3584","1223","2361","159","3743","6052","0","61.85","20.21"
"66","000","00","007","0712","0822","1002","355","647","29","1031","1544","0","66.77","22.99"
"66","000","00","007","0712","0823","931","323","608","33","964","1482","0","65.05","21.79"
"66","000","00","007","0712","0824","874","275","599","59","933","1488","0","62.7","18.48"
"66","000","00","007","0712","0825","777","270","507","38","815","1538","0","52.99","17.56"
"66","000","00","007","0713","0000","2648","808","1840","116","2764","4239","0","65.2","19.06"
"66","000","00","007","0713","0805","664","216","448","25","689","981","0","70.23","22.02"
"66","000","00","007","0713","0806","654","195","459","48","702","1097","0","63.99","17.78"
"66","000","00","007","0713","0807","629","177","452","20","649","991","0","65.49","17.86"
"66","000","00","007","0713","0808","701","220","481","23","724","1170","0","61.88","18.8"
"66","000","00","007","0714","0000","843","270","573","100","943","1421","0","66.36","19.0"
"66","000","00","007","0714","0766","369","126","243","38","407","608","0","66.94","20.72"
"66","000","00","007","0714","0767","474","144","330","62","536","813","0","65.93","17.71"
"66","000","00","007","0715","0000","2846","993","1853","133","2979","4733","0","62.94","20.98"
"66","000","00","007","0715","0836","751","270","481","26","777","1278","0","60.8","21.13"
"66","000","00","007","0715","0837","719","245","474","37","756","1144","0","66.08","21.42"
"66","000","00","007","0715","0838","661","243","418","41","702","1140","0","61.58","21.32"
"66","000","00","007","0715","0839","715","235","480","29","744","1171","0","63.54","20.07"
"66","000","00","007","0716","0000","2173","699","1474","116","2289","3673","0","62.32","19.03"
"66","000","00","007","0716","0829","734","221","513","51","785","1217","0","64.5","18.16"
"66","000","00","007","0716","0830","772","279","493","33","805","1347","0","59.76","20.71"
"66","000","00","007","0716","0831","667","199","468","32","699","1109","0","63.03","17.94"
"66","000","00","007","0717","0000","2967","955","2012","142","3109","5144","0","60.44","18.57"
"66","000","00","007","0717","0832","873","311","562","30","903","1546","0","58.41","20.12"
"66","000","00","007","0717","0833","866","286","580","41","907","1408","0","64.42","20.31"
"66","000","00","007","0717","0834","582","134","448","24","606","1057","0","57.33","12.68"
"66","000","00","007","0717","0835","646","224","422","47","693","1133","0","61.17","19.77"
"66","000","00","007","0718","0000","2698","899","1799","151","2849","5184","0","54.96","17.34"
"66","000","00","007","0718","0826","1009","325","684","51","1060","1674","0","63.32","19.41"
"66","000","00","007","0718","0827","821","288","533","46","867","1996","0","43.44","14.43"
"66","000","00","007","0718","0828","868","286","582","54","922","1514","0","60.9","18.89"
"66","000","00","007","0719","0000","2176","727","1449","88","2264","3517","0","64.37","20.67"
"66","000","00","007","0719","0843","711","268","443","25","736","1139","0","64.62","23.53"
"66","000","00","007","0719","0844","761","242","519","25","786","1216","0","64.64","19.9"
"66","000","00","007","0719","0845","704","217","487","38","742","1162","0","63.86","18.67"
"66","000","00","007","0720","0000","2431","787","1644","125","2556","4276","0","59.78","18.41"
"66","000","00","007","0720","0840","811","252","559","34","845","1303","0","64.85","19.34"
"66","000","00","007","0720","0841","763","262","501","35","798","1402","0","56.92","18.69"
"66","000","00","007","0720","0842","857","273","584","56","913","1571","0","58.12","17.38"
"66","000","00","007","0721","0000","3582","1270","2312","152","3734","6405","0","58.3","19.83"
"66","000","00","007","0721","0813","921","334","587","37","958","1547","0","61.93","21.59"
"66","000","00","007","0721","0814","941","335","606","49","990","1649","0","60.04","20.32"
"66","000","00","007","0721","0815","906","306","600","31","937","1629","0","57.52","18.78"
"66","000","00","007","0721","0816","814","295","519","35","849","1580","0","53.73","18.67"
"66","000","00","007","0722","0000","4219","1469","2750","149","4368","7096","0","61.56","20.7"
"66","000","00","007","0722","0817","909","309","600","39","948","1444","0","65.65","21.4"
"66","000","00","007","0722","0818","811","267","544","26","837","1413","0","59.24","18.9"
"66","000","00","007","0722","0819","779","238","541","31","810","1377","0","58.82","17.28"
"66","000","00","007","0722","0820","911","365","546","24","935","1527","0","61.23","23.9"
"66","000","00","007","0722","0821","809","290","519","29","838","1335","0","62.77","21.72"
"66","000","00","007","0723","0000","2830","903","1927","157","2987","5132","0","58.2","17.6"
"66","000","00","007","0723","0781","663","213","450","75","738","1271","0","58.06","16.76"
"66","000","00","007","0723","0782","647","221","426","21","668","1203","0","55.53","18.37"
"66","000","00","007","0723","0783","727","227","500","20","747","1268","0","58.91","17.9"
"66","000","00","007","0723","0784","793","242","551","41","834","1390","0","60.0","17.41"
"66","000","00","007","0724","0000","4818","1709","3109","196","5014","7974","0","62.88","21.43"
"66","000","00","007","0724","0799","677","245","432","37","714","1102","0","64.79","22.23"
"66","000","00","007","0724","0800","1014","330","684","38","1052","1630","0","64.54","20.25"
"66","000","00","007","0724","0801","797","302","495","34","831","1333","0","62.34","22.66"
"66","000","00","007","0724","0802","780","289","491","26","806","1292","0","62.38","22.37"
"66","000","00","007","0724","0803","755","260","495","35","790","1272","0","62.11","20.44"
"66","000","00","007","0724","0804","795","283","512","26","821","1345","0","61.04","21.04"
"66","000","00","007","0725","0000","3865","1498","2367","158","4023","6255","0","64.32","23.95"
"66","000","00","007","0725","0794","760","256","504","23","783","1207","0","64.87","21.21"
"66","000","00","007","0725","0795","794","399","395","28","822","1282","0","64.12","31.12"
"66","000","00","007","0725","0796","795","272","523","27","822","1248","0","65.87","21.79"
"66","000","00","007","0725","0797","813","292","521","38","851","1304","0","65.26","22.39"
"66","000","00","007","0725","0798","703","279","424","42","745","1214","0","61.37","22.98"
"66","000","00","008","0000","0000","125055","40045","85010","5636","130691","227720","278096","57.39","17.59"
"66","000","00","008","0801","0000","1693","489","1204","85","1778","3258","0","54.57","15.01"
"66","000","00","008","0801","0850","595","188","407","21","616","1107","0","55.65","16.98"
"66","000","00","008","0801","0851","1098","301","797","64","1162","2151","0","54.02","13.99"
"66","000","00","008","0802","0000","1876","586","1290","88","1964","3376","0","58.18","17.36"
"66","000","00","008","0802","0846","987","314","673","45","1032","1670","0","61.8","18.8"
"66","000","00","008","0802","0847","889","272","617","43","932","1706","0","54.63","15.94"
"66","000","00","008","0803","0000","3873","1249","2624","130","4003","7049","0","56.79","17.72"
"66","000","00","008","0803","0852","949","299","650","31","980","1612","0","60.79","18.55"
"66","000","00","008","0803","0853","956","295","661","37","993","1743","0","56.97","16.92"
"66","000","00","008","0803","0854","1066","368","698","37","1103","2099","0","52.55","17.53"
"66","000","00","008","0803","0855","902","287","615","25","927","1595","0","58.12","17.99"
"66","000","00","008","0804","0000","3010","997","2013","135","3145","5567","0","56.49","17.91"
"66","000","00","008","0804","0924","897","303","594","35","932","1640","0","56.83","18.48"
"66","000","00","008","0804","0925","1074","341","733","58","1132","2052","0","55.17","16.62"
"66","000","00","008","0804","0926","1039","353","686","42","1081","1875","0","57.65","18.83"
"66","000","00","008","0805","0000","2842","951","1891","125","2967","5056","0","58.68","18.81"
"66","000","00","008","0805","0943","953","331","622","55","1008","1661","0","60.69","19.93"
"66","000","00","008","0805","0944","949","301","648","28","977","1667","0","58.61","18.06"
"66","000","00","008","0805","0945","940","319","621","42","982","1728","0","56.83","18.46"
"66","000","00","008","0806","0000","2309","662","1647","107","2416","4533","0","53.3","14.6"
"66","000","00","008","0806","0860","803","261","542","42","845","1563","0","54.06","16.7"
"66","000","00","008","0806","0861","797","209","588","46","843","1559","0","54.07","13.41"
"66","000","00","008","0806","0862","709","192","517","19","728","1411","0","51.59","13.61"
"66","000","00","008","0807","0000","3304","1036","2268","158","3462","5930","0","58.38","17.47"
"66","000","00","008","0807","0894","838","269","569","46","884","1445","0","61.18","18.62"
"66","000","00","008","0807","0895","952","290","662","44","996","1842","0","54.07","15.74"
"66","000","00","008","0807","0896","690","230","460","30","720","1187","0","60.66","19.38"
"66","000","00","008","0807","0897","824","247","577","38","862","1456","0","59.2","16.96"
"66","000","00","008","0808","0000","7450","2348","5102","356","7806","12981","0","60.13","18.09"
"66","000","00","008","0808","0863","1019","360","659","30","1049","1761","0","59.57","20.44"
"66","000","00","008","0808","0864","808","255","553","56","864","1361","0","63.48","18.74"
"66","000","00","008","0808","0865","996","297","699","58","1054","1852","0","56.91","16.04"
"66","000","00","008","0808","0866","1089","329","760","38","1127","1928","0","58.45","17.06"
"66","000","00","008","0808","0867","924","294","630","39","963","1492","0","64.54","19.71"
"66","000","00","008","0808","0868","1048","319","729","53","1101","1998","0","55.11","15.97"
"66","000","00","008","0808","0869","786","246","540","41","827","1272","0","65.02","19.34"
"66","000","00","008","0808","0870","780","248","532","41","821","1317","0","62.34","18.83"
"66","000","00","008","0809","0000","6411","2069","4342","285","6696","11817","0","56.66","17.51"
"66","000","00","008","0809","0871","666","203","463","53","719","1327","0","54.18","15.3"
"66","000","00","008","0809","0872","679","200","479","26","705","1280","0","55.08","15.63"
"66","000","00","008","0809","0873","948","289","659","44","992","1865","0","53.19","15.5"
"66","000","00","008","0809","0874","759","228","531","36","795","1230","0","64.63","18.54"
"66","000","00","008","0809","0875","718","271","447","27","745","1356","0","54.94","19.99"
"66","000","00","008","0809","0876","954","314","640","34","988","1732","0","57.04","18.13"
"66","000","00","008","0809","0877","906","286","620","37","943","1586","0","59.46","18.03"
"66","000","00","008","0809","0878","781","278","503","28","809","1441","0","56.14","19.29"
"66","000","00","008","0810","0000","5151","1660","3491","212","5363","9996","0","53.65","16.61"
"66","000","00","008","0810","0879","1047","338","709","62","1109","2045","0","54.23","16.53"
"66","000","00","008","0810","0880","965","305","660","40","1005","1914","0","52.51","15.94"
"66","000","00","008","0810","0881","1068","332","736","38","1106","1918","0","57.66","17.31"
"66","000","00","008","0810","0882","1054","326","728","30","1084","2079","0","52.14","15.68"
"66","000","00","008","0810","0883","1017","359","658","42","1059","2040","0","51.91","17.6"
"66","000","00","008","0811","0000","1026","309","717","38","1064","2037","0","52.23","15.17"
"66","000","00","008","0811","0890","1026","309","717","38","1064","2037","0","52.23","15.17"
"66","000","00","008","0812","0000","544","116","428","38","582","985","0","59.09","11.78"
"66","000","00","008","0812","0889","544","116","428","38","582","985","0","59.09","11.78"
"66","000","00","008","0813","0000","4911","1611","3300","159","5070","9749","0","52.01","16.52"
"66","000","00","008","0813","0884","969","337","632","40","1009","2027","0","49.78","16.63"
"66","000","00","008","0813","0885","748","204","544","40","788","1402","0","56.21","14.55"
"66","000","00","008","0813","0886","1035","317","718","39","1074","1826","0","58.82","17.36"
"66","000","00","008","0813","0887","1063","355","708","24","1087","2162","0","50.28","16.42"
"66","000","00","008","0813","0888","1096","398","698","16","1112","2332","0","47.68","17.07"
"66","000","00","008","0814","0000","1183","350","833","68","1251","2094","0","59.74","16.71"
"66","000","00","008","0814","0891","596","166","430","36","632","1032","0","61.24","16.09"
"66","000","00","008","0814","0892","587","184","403","32","619","1062","0","58.29","17.33"
"66","000","00","008","0815","0000","497","132","365","31","528","909","0","58.09","14.52"
"66","000","00","008","0815","0893","497","132","365","31","528","909","0","58.09","14.52"
"66","000","00","008","0816","0000","4652","1622","3030","191","4843","8139","0","59.5","19.93"
"66","000","00","008","0816","0915","844","310","534","43","887","1458","0","60.84","21.26"
"66","000","00","008","0816","0916","911","304","607","42","953","1571","0","60.66","19.35"
"66","000","00","008","0816","0917","912","310","602","36","948","1579","0","60.04","19.63"
"66","000","00","008","0816","0918","1050","364","686","42","1092","1849","0","59.06","19.69"
"66","000","00","008","0816","0919","935","334","601","28","963","1682","0","57.25","19.86"
"66","000","00","008","0817","0000","4364","1405","2959","163","4527","8903","0","50.85","15.78"
"66","000","00","008","0817","0949","1190","368","822","43","1233","2078","0","59.34","17.71"
"66","000","00","008","0817","0950","1128","337","791","39","1167","2059","0","56.68","16.37"
"66","000","00","008","0817","0951","1009","334","675","45","1054","1792","0","58.82","18.64"
"66","000","00","008","0817","0952","1037","366","671","36","1073","2974","0","36.08","12.31"
"66","000","00","008","0818","0000","4654","1498","3156","191","4845","7936","0","61.05","18.88"
"66","000","00","008","0818","0954","1248","383","865","34","1282","2099","0","61.08","18.25"
"66","000","00","008","0818","0955","1126","373","753","45","1171","1823","0","64.23","20.46"
"66","000","00","008","0818","0956","1162","389","773","76","1238","2022","0","61.23","19.24"
"66","000","00","008","0818","0957","1118","353","765","36","1154","1992","0","57.93","17.72"
"66","000","00","008","0819","0000","924","292","632","54","978","1585","0","61.7","18.42"
"66","000","00","008","0819","0958","924","292","632","54","978","1585","0","61.7","18.42"
"66","000","00","008","0820","0000","5693","1733","3960","226","5919","9652","0","61.32","17.95"
"66","000","00","008","0820","0962","1029","286","743","34","1063","1755","0","60.57","16.3"
"66","000","00","008","0820","0963","1017","337","680","28","1045","1497","0","69.81","22.51"
"66","000","00","008","0820","0964","929","289","640","50","979","1567","0","62.48","18.44"
"66","000","00","008","0820","0965","884","263","621","39","923","1624","0","56.83","16.19"
"66","000","00","008","0820","0966","947","265","682","45","992","1614","0","61.46","16.42"
"66","000","00","008","0820","0967","887","293","594","30","917","1595","0","57.49","18.37"
"66","000","00","008","0821","0000","2938","902","2036","131","3069","5219","0","58.8","17.28"
"66","000","00","008","0821","0959","915","282","633","47","962","1565","0","61.47","18.02"
"66","000","00","008","0821","0960","915","271","644","37","952","1780","0","53.48","15.22"
"66","000","00","008","0821","0961","1108","349","759","47","1155","1874","0","61.63","18.62"
"66","000","00","008","0822","0000","591","187","404","42","633","1072","0","59.05","17.44"
"66","000","00","008","0822","0953","591","187","404","42","633","1072","0","59.05","17.44"
"66","000","00","008","0823","0000","3714","1145","2569","275","3989","6608","0","60.37","17.33"
"66","000","00","008","0823","0979","1007","306","701","100","1107","1785","0","62.02","17.14"
"66","000","00","008","0823","0980","933","270","663","52","985","1596","0","61.72","16.92"
"66","000","00","008","0823","0981","983","336","647","63","1046","1731","0","60.43","19.41"
"66","000","00","008","0823","0982","791","233","558","60","851","1496","0","56.89","15.57"
"66","000","00","008","0824","0000","2579","801","1778","144","2723","4576","0","59.51","17.5"
"66","000","00","008","0824","0971","715","220","495","47","762","1372","0","55.54","16.03"
"66","000","00","008","0824","0972","811","244","567","50","861","1415","0","60.85","17.24"
"66","000","00","008","0824","0973","1053","337","716","47","1100","1789","0","61.49","18.84"
"66","000","00","008","0825","0000","2169","645","1524","139","2308","4210","0","54.82","15.32"
"66","000","00","008","0825","0968","903","271","632","55","958","1782","0","53.76","15.21"
"66","000","00","008","0825","0969","690","200","490","34","724","1357","0","53.35","14.74"
"66","000","00","008","0825","0970","576","174","402","50","626","1071","0","58.45","16.25"
"66","000","00","008","0826","0000","2816","955","1861","152","2968","5209","0","56.98","18.33"
"66","000","00","008","0826","0930","1045","353","692","48","1093","1889","0","57.86","18.69"
"66","000","00","008","0826","0931","918","321","597","57","975","1728","0","56.42","18.58"
"66","000","00","008","0826","0932","853","281","572","47","900","1592","0","56.53","17.65"
"66","000","00","008","0827","0000","1659","587","1072","86","1745","3180","0","54.87","18.46"
"66","000","00","008","0827","0933","876","319","557","44","920","1656","0","55.56","19.26"
"66","000","00","008","0827","0934","783","268","515","42","825","1524","0","54.13","17.59"
"66","000","00","008","0828","0000","3262","1114","2148","141","3403","6168","0","55.17","18.06"
"66","000","00","008","0828","0940","1035","342","693","44","1079","2033","0","53.07","16.82"
"66","000","00","008","0828","0941","1023","354","669","45","1068","1947","0","54.85","18.18"
"66","000","00","008","0828","0942","1204","418","786","52","1256","2188","0","57.4","19.1"
"66","000","00","008","0829","0000","2594","833","1761","132","2726","4803","0","56.76","17.34"
"66","000","00","008","0829","0908","938","302","636","44","982","1601","0","61.34","18.86"
"66","000","00","008","0829","0909","810","253","557","48","858","1527","0","56.19","16.57"
"66","000","00","008","0829","0910","846","278","568","40","886","1675","0","52.9","16.6"
"66","000","00","008","0830","0000","2842","902","1940","134","2976","5216","0","57.06","17.29"
"66","000","00","008","0830","0898","1024","339","685","56","1080","1866","0","57.88","18.17"
"66","000","00","008","0830","0899","850","264","586","54","904","1667","0","54.23","15.84"
"66","000","00","008","0830","0900","968","299","669","24","992","1683","0","58.94","17.77"
"66","000","00","008","0831","0000","2735","832","1903","126","2861","4895","0","58.45","17.0"
"66","000","00","008","0831","0976","829","252","577","51","880","1541","0","57.11","16.35"
"66","000","00","008","0831","0977","956","290","666","44","1000","1669","0","59.92","17.38"
"66","000","00","008","0831","0978","950","290","660","31","981","1685","0","58.22","17.21"
"66","000","00","008","0832","0000","3570","1157","2413","100","3670","6364","0","57.67","18.18"
"66","000","00","008","0832","0901","907","324","583","20","927","1642","0","56.46","19.73"
"66","000","00","008","0832","0902","843","278","565","29","872","1475","0","59.12","18.85"
"66","000","00","008","0832","0903","884","259","625","25","909","1644","0","55.29","15.75"
"66","000","00","008","0832","0904","936","296","640","26","962","1603","0","60.01","18.47"
"66","000","00","008","0833","0000","3024","948","2076","122","3146","5179","0","60.75","18.3"
"66","000","00","008","0833","0905","1112","329","783","60","1172","1949","0","60.13","16.88"
"66","000","00","008","0833","0906","1081","326","755","38","1119","1790","0","62.51","18.21"
"66","000","00","008","0833","0907","831","293","538","24","855","1440","0","59.38","20.35"
"66","000","00","008","0834","0000","1751","594","1157","104","1855","3159","0","58.72","18.8"
"66","000","00","008","0834","0848","807","276","531","60","867","1507","0","57.53","18.31"
"66","000","00","008","0834","0849","944","318","626","44","988","1652","0","59.81","19.25"
"66","000","00","008","0835","0000","2663","878","1785","101","2764","4735","0","58.37","18.54"
"66","000","00","008","0835","0935","868","309","559","31","899","1502","0","59.85","20.57"
"66","000","00","008","0835","0936","955","287","668","37","992","1772","0","55.98","16.2"
"66","000","00","008","0835","0937","840","282","558","33","873","1461","0","59.75","19.3"
"66","000","00","008","0836","0000","1983","690","1293","68","2051","3663","0","55.99","18.84"
"66","000","00","008","0836","0938","903","282","621","18","921","1769","0","52.06","15.94"
"66","000","00","008","0836","0939","1080","408","672","50","1130","1894","0","59.66","21.54"
"66","000","00","008","0837","0000","3371","1079","2292","176","3547","6379","0","55.6","16.91"
"66","000","00","008","0837","0911","778","249","529","34","812","1579","0","51.42","15.77"
"66","000","00","008","0837","0912","851","249","602","57","908","1524","0","59.58","16.34"
"66","000","00","008","0837","0913","877","286","591","43","920","1677","0","54.86","17.05"
"66","000","00","008","0837","0914","865","295","570","42","907","1599","0","56.72","18.45"
"66","000","00","008","0838","0000","2763","946","1817","78","2841","4844","0","58.65","19.53"
"66","000","00","008","0838","0946","914","305","609","37","951","1688","0","56.34","18.07"
"66","000","00","008","0838","0947","818","273","545","23","841","1475","0","57.02","18.51"
"66","000","00","008","0838","0948","1031","368","663","18","1049","1681","0","62.4","21.89"
"66","000","00","008","0839","0000","3747","1274","2473","135","3882","6576","0","59.03","19.37"
"66","000","00","008","0839","0920","949","301","648","22","971","1760","0","55.17","17.1"
"66","000","00","008","0839","0921","932","315","617","58","990","1699","0","58.27","18.54"
"66","000","00","008","0839","0922","982","332","650","47","1029","1626","0","63.28","20.42"
"66","000","00","008","0839","0923","884","326","558","8","892","1491","0","59.83","21.86"
"66","000","00","008","0840","0000","2489","836","1653","125","2614","4436","0","58.93","18.85"
"66","000","00","008","0840","0927","859","297","562","26","885","1559","0","56.77","19.05"
"66","000","00","008","0840","0928","828","276","552","58","886","1480","0","59.86","18.65"
"66","000","00","008","0840","0929","802","263","539","41","843","1397","0","60.34","18.83"
"66","000","00","008","0841","0000","3172","977","2195","165","3337","5762","0","57.91","16.96"
"66","000","00","008","0841","0856","973","300","673","49","1022","1923","0","53.15","15.6"
"66","000","00","008","0841","0857","850","234","616","50","900","1641","0","54.84","14.26"
"66","000","00","008","0841","0858","717","241","476","34","751","1157","0","64.91","20.83"
"66","000","00","008","0841","0859","632","202","430","32","664","1041","0","63.78","19.4"
"66","000","00","008","0842","0000","2256","648","1608","120","2376","3915","0","60.69","16.55"
"66","000","00","008","0842","0974","1116","309","807","72","1188","1907","0","62.3","16.2"
"66","000","00","008","0842","0975","1140","339","801","48","1188","2008","0","59.16","16.88"
"66","000","00","009","0000","0000","77726","23853","53873","4566","82292","136658","166867","60.22","17.45"
"66","000","00","009","0901","0000","1290","383","907","77","1367","2292","0","59.64","16.71"
"66","000","00","009","0901","0394","523","157","366","43","566","983","0","57.58","15.97"
"66","000","00","009","0901","0395","767","226","541","34","801","1309","0","61.19","17.27"
"66","000","00","009","0902","0000","551","169","382","57","608","945","0","64.34","17.88"
"66","000","00","009","0902","0397","551","169","382","57","608","945","0","64.34","17.88"
"66","000","00","009","0903","0000","496","168","328","56","552","850","0","64.94","19.76"
"66","000","00","009","0903","0398","496","168","328","56","552","850","0","64.94","19.76"
"66","000","00","009","0904","0000","636","225","411","48","684","1116","0","61.29","20.16"
"66","000","00","009","0904","0396","636","225","411","48","684","1116","0","61.29","20.16"
"66","000","00","009","0905","0000","457","141","316","39","496","760","0","65.26","18.55"
"66","000","00","009","0905","0399","457","141","316","39","496","760","0","65.26","18.55"
"66","000","00","009","0906","0000","499","161","338","35","534","759","0","70.36","21.21"
"66","000","00","009","0906","0419","499","161","338","35","534","759","0","70.36","21.21"
"66","000","00","009","0907","0000","399","142","257","25","424","642","0","66.04","22.12"
"66","000","00","009","0907","0420","399","142","257","25","424","642","0","66.04","22.12"
"66","000","00","009","0908","0000","907","311","596","36","943","1647","0","57.26","18.88"
"66","000","00","009","0908","0415","907","311","596","36","943","1647","0","57.26","18.88"
"66","000","00","009","0909","0000","3010","965","2045","153","3163","4979","0","63.53","19.38"
"66","000","00","009","0909","0421","907","297","610","33","940","1528","0","61.52","19.44"
"66","000","00","009","0909","0422","1086","319","767","53","1139","1788","0","63.7","17.84"
"66","000","00","009","0909","0423","1017","349","668","67","1084","1663","0","65.18","20.99"
"66","000","00","009","0910","0000","1313","401","912","97","1410","2162","0","65.22","18.55"
"66","000","00","009","0910","0424","818","251","567","57","875","1260","0","69.44","19.92"
"66","000","00","009","0910","0425","495","150","345","40","535","902","0","59.31","16.63"
"66","000","00","009","0911","0000","858","301","557","46","904","1457","0","62.05","20.66"
"66","000","00","009","0911","0437","858","301","557","46","904","1457","0","62.05","20.66"
"66","000","00","009","0912","0000","699","225","474","35","734","1184","0","61.99","19.0"
"66","000","00","009","0912","0438","699","225","474","35","734","1184","0","61.99","19.0"
"66","000","00","009","0913","0000","1388","426","962","75","1463","2507","0","58.36","16.99"
"66","000","00","009","0913","0403","626","165","461","42","668","1145","0","58.34","14.41"
"66","000","00","009","0913","0404","762","261","501","33","795","1362","0","58.37","19.16"
"66","000","00","009","0914","0000","1699","502","1197","86","1785","2919","0","61.15","17.2"
"66","000","00","009","0914","0405","800","234","566","45","845","1389","0","60.84","16.85"
"66","000","00","009","0914","0406","899","268","631","41","940","1530","0","61.44","17.52"
"66","000","00","009","0915","0000","2250","639","1611","177","2427","4043","0","60.03","15.81"
"66","000","00","009","0915","0407","818","231","587","64","882","1471","0","59.96","15.7"
"66","000","00","009","0915","0408","794","229","565","69","863","1410","0","61.21","16.24"
"66","000","00","009","0915","0409","638","179","459","44","682","1162","0","58.69","15.4"
"66","000","00","009","0916","0000","4978","1494","3484","284","5262","8802","0","59.78","16.97"
"66","000","00","009","0916","0410","919","261","658","35","954","1656","0","57.61","15.76"
"66","000","00","009","0916","0411","1003","259","744","42","1045","1838","0","56.86","14.09"
"66","000","00","009","0916","0412","899","263","636","54","953","1666","0","57.2","15.79"
"66","000","00","009","0916","0413","1020","370","650","77","1097","1821","0","60.24","20.32"
"66","000","00","009","0916","0414","1137","341","796","76","1213","1821","0","66.61","18.73"
"66","000","00","009","0917","0000","766","268","498","77","843","1256","0","67.12","21.34"
"66","000","00","009","0917","0416","766","268","498","77","843","1256","0","67.12","21.34"
"66","000","00","009","0918","0000","1961","572","1389","84","2045","3345","0","61.14","17.1"
"66","000","00","009","0918","0417","945","265","680","45","990","1552","0","63.79","17.07"
"66","000","00","009","0918","0418","1016","307","709","39","1055","1793","0","58.84","17.12"
"66","000","00","009","0919","0000","5402","1656","3746","309","5711","9838","0","58.05","16.83"
"66","000","00","009","0919","0428","1033","291","742","70","1103","1873","0","58.89","15.54"
"66","000","00","009","0919","0429","1030","296","734","61","1091","1867","0","58.44","15.85"
"66","000","00","009","0919","0430","994","297","697","66","1060","1823","0","58.15","16.29"
"66","000","00","009","0919","0431","994","325","669","50","1044","1962","0","53.21","16.56"
"66","000","00","009","0919","0432","1351","447","904","62","1413","2313","0","61.09","19.33"
"66","000","00","009","0920","0000","3610","1098","2512","219","3829","6232","0","61.44","17.62"
"66","000","00","009","0920","0433","875","272","603","63","938","1510","0","62.12","18.01"
"66","000","00","009","0920","0434","1028","317","711","68","1096","1824","0","60.09","17.38"
"66","000","00","009","0920","0435","789","241","548","39","828","1363","0","60.75","17.68"
"66","000","00","009","0920","0436","918","268","650","49","967","1535","0","63.0","17.46"
"66","000","00","009","0921","0000","1667","877","790","77","1744","2949","0","59.14","29.74"
"66","000","00","009","0921","0426","731","213","518","31","762","1357","0","56.15","15.7"
"66","000","00","009","0921","0427","936","664","272","46","982","1592","0","61.68","41.71"
"66","000","00","009","0922","0000","3279","1046","2233","178","3457","6306","0","54.82","16.59"
"66","000","00","009","0922","0439","1075","375","700","47","1122","2299","0","48.8","16.31"
"66","000","00","009","0922","0440","1073","317","756","83","1156","1940","0","59.59","16.34"
"66","000","00","009","0922","0441","1131","354","777","48","1179","2067","0","57.04","17.13"
"66","000","00","009","0923","0000","5476","1654","3822","355","5831","10123","0","57.6","16.34"
"66","000","00","009","0923","0442","1084","344","740","68","1152","2038","0","56.53","16.88"
"66","000","00","009","0923","0443","1014","329","685","53","1067","1835","0","58.15","17.93"
"66","000","00","009","0923","0444","1069","308","761","78","1147","1979","0","57.96","15.56"
"66","000","00","009","0923","0445","1076","327","749","67","1143","2014","0","56.75","16.24"
"66","000","00","009","0923","0446","1233","346","887","89","1322","2257","0","58.57","15.33"
"66","000","00","009","0924","0000","2725","779","1946","160","2885","4596","0","62.77","16.95"
"66","000","00","009","0924","0447","842","230","612","51","893","1406","0","63.51","16.36"
"66","000","00","009","0924","0448","828","270","558","42","870","1418","0","61.35","19.04"
"66","000","00","009","0924","0449","1055","279","776","67","1122","1772","0","63.32","15.74"
"66","000","00","009","0925","0000","6066","1784","4282","320","6386","10381","0","61.52","17.19"
"66","000","00","009","0925","0452","1007","276","731","80","1087","1758","0","61.83","15.7"
"66","000","00","009","0925","0453","948","279","669","42","990","1546","0","64.04","18.05"
"66","000","00","009","0925","0454","1073","298","775","56","1129","1815","0","62.2","16.42"
"66","000","00","009","0925","0455","1103","373","730","65","1168","1932","0","60.46","19.31"
"66","000","00","009","0925","0456","1091","322","769","49","1140","1770","0","64.41","18.19"
"66","000","00","009","0925","0457","844","236","608","28","872","1560","0","55.9","15.13"
"66","000","00","009","0926","0000","1616","491","1125","63","1679","2649","0","63.38","18.54"
"66","000","00","009","0926","0450","750","236","514","30","780","1202","0","64.89","19.63"
"66","000","00","009","0926","0451","866","255","611","33","899","1447","0","62.13","17.62"
"66","000","00","009","0927","0000","7375","2248","5127","413","7788","13032","0","59.76","17.25"
"66","000","00","009","0927","0458","1018","323","695","49","1067","1810","0","58.95","17.85"
"66","000","00","009","0927","0459","1010","344","666","41","1051","1653","0","63.58","20.81"
"66","000","00","009","0927","0460","814","200","614","54","868","1444","0","60.11","13.85"
"66","000","00","009","0927","0461","813","251","562","27","840","1318","0","63.73","19.04"
"66","000","00","009","0927","0462","892","309","583","69","961","1566","0","61.37","19.73"
"66","000","00","009","0927","0463","978","290","688","45","1023","1748","0","58.52","16.59"
"66","000","00","009","0927","0464","896","272","624","70","966","1772","0","54.51","15.35"
"66","000","00","009","0927","0465","954","259","695","58","1012","1721","0","58.8","15.05"
"66","000","00","009","0928","0000","2854","843","2011","94","2948","5065","0","58.2","16.64"
"66","000","00","009","0928","0400","908","283","625","11","919","1617","0","56.83","17.5"
"66","000","00","009","0928","0401","851","236","615","44","895","1677","0","53.37","14.07"
"66","000","00","009","0928","0402","1095","324","771","39","1134","1771","0","64.03","18.29"
"66","000","00","009","0929","0000","906","258","648","49","955","1578","0","60.52","16.35"
"66","000","00","009","0929","0466","906","258","648","49","955","1578","0","60.52","16.35"
"66","000","00","009","0930","0000","2910","941","1969","189","3099","5227","0","59.29","18.0"
"66","000","00","009","0930","0467","1007","351","656","87","1094","1859","0","58.85","18.88"
"66","000","00","009","0930","0468","833","285","548","45","878","1479","0","59.36","19.27"
"66","000","00","009","0930","0469","1070","305","765","57","1127","1889","0","59.66","16.15"
"66","000","00","009","0931","0000","1700","530","1170","120","1820","3224","0","56.45","16.44"
"66","000","00","009","0931","0470","972","280","692","63","1035","1803","0","57.4","15.53"
"66","000","00","009","0931","0471","728","250","478","57","785","1421","0","55.24","17.59"
"66","000","00","009","0932","0000","1995","506","1489","128","2123","3359","0","63.2","15.06"
"66","000","00","009","0932","0472","952","194","758","55","1007","1585","0","63.53","12.24"
"66","000","00","009","0932","0473","1043","312","731","73","1116","1774","0","62.91","17.59"
"66","000","00","009","0933","0000","1192","201","991","68","1260","2132","0","59.1","9.43"
"66","000","00","009","0933","0474","1192","201","991","68","1260","2132","0","59.1","9.43"
"66","000","00","009","0934","0000","1558","440","1118","94","1652","2874","0","57.48","15.31"
"66","000","00","009","0934","0475","845","228","617","62","907","1515","0","59.87","15.05"
"66","000","00","009","0934","0476","713","212","501","32","745","1359","0","54.82","15.6"
"66","000","00","009","0935","0000","1237","385","852","80","1317","2082","0","63.26","18.49"
"66","000","00","009","0935","0477","563","182","381","40","603","948","0","63.61","19.2"
"66","000","00","009","0935","0478","674","203","471","40","714","1134","0","62.96","17.9"
"66","000","00","009","0936","0000","2001","623","1378","163","2164","3346","0","64.67","18.62"
"66","000","00","009","0936","0479","691","198","493","58","749","1114","0","67.24","17.77"
"66","000","00","009","0936","0480","586","172","414","53","639","1050","0","60.86","16.38"
"66","000","00","009","0936","0481","724","253","471","52","776","1182","0","65.65","21.4"
"66","000","00","010","0000","0000","23584","6038","17546","1865","25449","43181","50308","58.94","13.98"
"66","000","00","010","1001","0000","810","190","620","53","863","1357","0","63.6","14.0"
"66","000","00","010","1001","1540","810","190","620","53","863","1357","0","63.6","14.0"
"66","000","00","010","1002","0000","521","128","393","56","577","865","0","66.71","14.8"
"66","000","00","010","1002","1539","521","128","393","56","577","865","0","66.71","14.8"
"66","000","00","010","1003","0000","590","150","440","51","641","1031","0","62.17","14.55"
"66","000","00","010","1003","1538","590","150","440","51","641","1031","0","62.17","14.55"
"66","000","00","010","1004","0000","1119","287","832","65","1184","1850","0","64.0","15.51"
"66","000","00","010","1004","1536","570","143","427","29","599","984","0","60.87","14.53"
"66","000","00","010","1004","1537","549","144","405","36","585","866","0","67.55","16.63"
"66","000","00","010","1005","0000","1259","318","941","126","1385","2196","0","63.07","14.48"
"66","000","00","010","1005","1534","672","182","490","69","741","1169","0","63.39","15.57"
"66","000","00","010","1005","1535","587","136","451","57","644","1027","0","62.71","13.24"
"66","000","00","010","1006","0000","594","166","428","26","620","977","0","63.46","16.99"
"66","000","00","010","1006","1532","594","166","428","26","620","977","0","63.46","16.99"
"66","000","00","010","1007","0000","754","214","540","44","798","1395","0","57.2","15.34"
"66","000","00","010","1007","1533","754","214","540","44","798","1395","0","57.2","15.34"
"66","000","00","010","1008","0000","2051","526","1525","113","2164","3486","0","62.08","15.09"
"66","000","00","010","1008","1529","666","184","482","30","696","1222","0","56.96","15.06"
"66","000","00","010","1008","1530","772","183","589","49","821","1228","0","66.86","14.9"
"66","000","00","010","1008","1531","613","159","454","34","647","1036","0","62.45","15.35"
"66","000","00","010","1009","0000","958","216","742","87","1045","1878","0","55.64","11.5"
"66","000","00","010","1009","1527","447","95","352","26","473","872","0","54.24","10.89"
"66","000","00","010","1009","1528","511","121","390","61","572","1006","0","56.86","12.03"
"66","000","00","010","1010","0000","2088","556","1532","141","2229","3662","0","60.87","15.18"
"66","000","00","010","1010","1523","774","190","584","49","823","1372","0","59.99","13.85"
"66","000","00","010","1010","1524","849","259","590","38","887","1412","0","62.82","18.34"
"66","000","00","010","1010","1525","465","107","358","54","519","878","0","59.11","12.19"
"66","000","00","010","1011","0000","699","160","539","65","764","1475","0","51.8","10.85"
"66","000","00","010","1011","1526","699","160","539","65","764","1475","0","51.8","10.85"
"66","000","00","010","1012","0000","2726","765","1961","201","2927","4908","0","59.64","15.59"
"66","000","00","010","1012","1519","663","213","450","55","718","1335","0","53.78","15.96"
"66","000","00","010","1012","1520","642","193","449","58","700","1092","0","64.1","17.67"
"66","000","00","010","1012","1521","639","174","465","41","680","1050","0","64.76","16.57"
"66","000","00","010","1012","1522","782","185","597","47","829","1431","0","57.93","12.93"
"66","000","00","010","1013","0000","828","201","627","98","926","1628","0","56.88","12.35"
"66","000","00","010","1013","1518","828","201","627","98","926","1628","0","56.88","12.35"
"66","000","00","010","1014","0000","584","154","430","63","647","991","0","65.29","15.54"
"66","000","00","010","1014","1516","584","154","430","63","647","991","0","65.29","15.54"
"66","000","00","010","1015","0000","440","118","322","22","462","863","0","53.53","13.67"
"66","000","00","010","1015","1517","440","118","322","22","462","863","0","53.53","13.67"
"66","000","00","010","1016","0000","953","211","742","110","1063","1866","0","56.97","11.31"
"66","000","00","010","1016","1514","525","118","407","58","583","1007","0","57.89","11.72"
"66","000","00","010","1016","1515","428","93","335","52","480","859","0","55.88","10.83"
"66","000","00","010","1017","0000","659","146","513","67","726","1299","0","55.89","11.24"
"66","000","00","010","1017","1513","659","146","513","67","726","1299","0","55.89","11.24"
"66","000","00","010","1018","0000","1149","283","866","68","1217","1957","0","62.19","14.46"
"66","000","00","010","1018","1544","565","137","428","22","587","950","0","61.79","14.42"
"66","000","00","010","1018","1545","584","146","438","46","630","1007","0","62.56","14.5"
"66","000","00","010","1019","0000","1135","285","850","96","1231","2050","0","60.05","13.9"
"66","000","00","010","1019","1541","419","108","311","34","453","736","0","61.55","14.67"
"66","000","00","010","1019","1542","716","177","539","62","778","1314","0","59.21","13.47"
"66","000","00","010","1020","0000","818","237","581","100","918","1677","0","54.74","14.13"
"66","000","00","010","1020","1543","818","237","581","100","918","1677","0","54.74","14.13"
"66","000","00","010","1021","0000","590","153","437","46","636","1214","0","52.39","12.6"
"66","000","00","010","1021","1546","590","153","437","46","636","1214","0","52.39","12.6"
"66","000","00","010","1022","0000","933","240","693","87","1020","1809","0","56.38","13.27"
"66","000","00","010","1022","1547","481","108","373","43","524","907","0","57.77","11.91"
"66","000","00","010","1022","1548","452","132","320","44","496","902","0","54.99","14.63"
"66","000","00","010","1023","0000","312","73","239","18","330","720","0","45.83","10.14"
"66","000","00","010","1023","1549","312","73","239","18","330","720","0","45.83","10.14"
"66","000","00","010","1024","0000","314","78","236","15","329","666","0","49.4","11.71"
"66","000","00","010","1024","1550","314","78","236","15","329","666","0","49.4","11.71"
"66","000","00","010","1025","0000","700","183","517","47","747","1361","0","54.89","13.45"
"66","000","00","010","1025","1551","700","183","517","47","747","1361","0","54.89","13.45"
"66","000","00","011","0000","0000","34054","10111","23943","2346","36400","63069","77697","57.71","16.03"
"66","000","00","011","1101","0000","746","228","518","67","813","1356","0","59.96","16.81"
"66","000","00","011","1101","0001","746","228","518","67","813","1356","0","59.96","16.81"
"66","000","00","011","1102","0000","628","217","411","37","665","1059","0","62.8","20.49"
"66","000","00","011","1102","0002","628","217","411","37","665","1059","0","62.8","20.49"
"66","000","00","011","1103","0000","916","279","637","57","973","1568","0","62.05","17.79"
"66","000","00","011","1103","0003","410","132","278","32","442","694","0","63.69","19.02"
"66","000","00","011","1103","0004","506","147","359","25","531","874","0","60.76","16.82"
"66","000","00","011","1104","0000","412","116","296","18","430","763","0","56.36","15.2"
"66","000","00","011","1104","0005","412","116","296","18","430","763","0","56.36","15.2"
"66","000","00","011","1105","0000","1230","369","861","63","1293","2105","0","61.43","17.53"
"66","000","00","011","1105","0006","520","151","369","29","549","856","0","64.14","17.64"
"66","000","00","011","1105","0007","710","218","492","34","744","1249","0","59.57","17.45"
"66","000","00","011","1106","0000","1167","378","789","67","1234","2111","0","58.46","17.91"
"66","000","00","011","1106","0008","490","157","333","32","522","922","0","56.62","17.03"
"66","000","00","011","1106","0009","677","221","456","35","712","1189","0","59.88","18.59"
"66","000","00","011","1107","0000","1947","552","1395","162","2109","3374","0","62.51","16.36"
"66","000","00","011","1107","0010","630","195","435","50","680","1065","0","63.85","18.31"
"66","000","00","011","1107","0011","736","201","535","74","810","1252","0","64.7","16.05"
"66","000","00","011","1107","0012","581","156","425","38","619","1057","0","58.56","14.76"
"66","000","00","011","1108","0000","1200","338","862","76","1276","2091","0","61.02","16.16"
"66","000","00","011","1108","0013","571","151","420","36","607","1031","0","58.87","14.65"
"66","000","00","011","1108","0014","629","187","442","40","669","1060","0","63.11","17.64"
"66","000","00","011","1109","0000","2344","630","1714","145","2489","4405","0","56.5","14.3"
"66","000","00","011","1109","0015","720","216","504","50","770","1311","0","58.73","16.48"
"66","000","00","011","1109","0016","780","209","571","38","818","1424","0","57.44","14.68"
"66","000","00","011","1109","0017","844","205","639","57","901","1670","0","53.95","12.28"
"66","000","00","011","1110","0000","449","143","306","34","483","812","0","59.48","17.61"
"66","000","00","011","1110","0018","449","143","306","34","483","812","0","59.48","17.61"
"66","000","00","011","1111","0000","505","118","387","29","534","863","0","61.88","13.67"
"66","000","00","011","1111","0019","505","118","387","29","534","863","0","61.88","13.67"
"66","000","00","011","1112","0000","1757","495","1262","95","1852","3186","0","58.13","15.54"
"66","000","00","011","1112","0020","898","262","636","51","949","1598","0","59.39","16.4"
"66","000","00","011","1112","0021","859","233","626","44","903","1588","0","56.86","14.67"
"66","000","00","011","1113","0000","648","200","448","50","698","1197","0","58.31","16.71"
"66","000","00","011","1113","0022","648","200","448","50","698","1197","0","58.31","16.71"
"66","000","00","011","1114","0000","547","167","380","70","617","1106","0","55.79","15.1"
"66","000","00","011","1114","0023","547","167","380","70","617","1106","0","55.79","15.1"
"66","000","00","011","1115","0000","1038","311","727","72","1110","1772","0","62.64","17.55"
"66","000","00","011","1115","0024","534","167","367","35","569","903","0","63.01","18.49"
"66","000","00","011","1115","0025","504","144","360","37","541","869","0","62.26","16.57"
"66","000","00","011","1116","0000","2962","998","1964","200","3162","5269","0","60.01","18.94"
"66","000","00","011","1116","0026","758","247","511","29","787","1350","0","58.3","18.3"
"66","000","00","011","1116","0027","601","167","434","89","690","1144","0","60.31","14.6"
"66","000","00","011","1116","0028","710","286","424","40","750","1208","0","62.09","23.68"
"66","000","00","011","1116","0029","893","298","595","42","935","1567","0","59.67","19.02"
"66","000","00","011","1117","0000","1195","386","809","72","1267","2013","0","62.94","19.18"
"66","000","00","011","1117","0030","767","261","506","33","800","1246","0","64.21","20.95"
"66","000","00","011","1117","0031","428","125","303","39","467","767","0","60.89","16.3"
"66","000","00","011","1118","0000","999","275","724","78","1077","1762","0","61.12","15.61"
"66","000","00","011","1118","0032","451","126","325","31","482","790","0","61.01","15.95"
"66","000","00","011","1118","0033","548","149","399","47","595","972","0","61.21","15.33"
"66","000","00","011","1119","0000","707","188","519","61","768","1388","0","55.33","13.54"
"66","000","00","011","1119","0034","707","188","519","61","768","1388","0","55.33","13.54"
"66","000","00","011","1120","0000","2443","717","1726","130","2573","4432","0","58.06","16.18"
"66","000","00","011","1120","0035","676","197","479","38","714","1331","0","53.64","14.8"
"66","000","00","011","1120","0036","681","196","485","47","728","1167","0","62.38","16.8"
"66","000","00","011","1120","0037","1086","324","762","45","1131","1934","0","58.48","16.75"
"66","000","00","011","1121","0000","601","185","416","61","662","1263","0","52.41","14.65"
"66","000","00","011","1121","0038","601","185","416","61","662","1263","0","52.41","14.65"
"66","000","00","011","1122","0000","2063","593","1470","120","2183","3973","0","54.95","14.93"
"66","000","00","011","1122","0039","753","212","541","43","796","1390","0","57.27","15.25"
"66","000","00","011","1122","0040","557","149","408","35","592","1186","0","49.92","12.56"
"66","000","00","011","1122","0041","753","232","521","42","795","1397","0","56.91","16.61"
"66","000","00","011","1123","0000","1229","382","847","86","1315","2571","0","51.15","14.86"
"66","000","00","011","1123","0042","521","157","364","20","541","1173","0","46.12","13.38"
"66","000","00","011","1123","0043","708","225","483","66","774","1398","0","55.36","16.09"
"66","000","00","011","1124","0000","2768","851","1917","184","2952","5453","0","54.14","15.61"
"66","000","00","011","1124","0044","586","199","387","53","639","1228","0","52.04","16.21"
"66","000","00","011","1124","0045","641","197","444","40","681","1258","0","54.13","15.66"
"66","000","00","011","1124","0046","752","207","545","36","788","1435","0","54.91","14.43"
"66","000","00","011","1124","0047","789","248","541","55","844","1532","0","55.09","16.19"
"66","000","00","011","1125","0000","766","228","538","57","823","1522","0","54.07","14.98"
"66","000","00","011","1125","0048","352","93","259","30","382","652","0","58.59","14.26"
"66","000","00","011","1125","0049","414","135","279","27","441","870","0","50.69","15.52"
"66","000","00","011","1126","0000","890","237","653","55","945","1675","0","56.42","14.15"
"66","000","00","011","1126","0050","458","118","340","21","479","891","0","53.76","13.24"
"66","000","00","011","1126","0051","432","119","313","34","466","784","0","59.44","15.18"
"66","000","00","011","1127","0000","674","166","508","77","751","1368","0","54.9","12.13"
"66","000","00","011","1127","0052","674","166","508","77","751","1368","0","54.9","12.13"
"66","000","00","011","1128","0000","553","159","394","53","606","1126","0","53.82","14.12"
"66","000","00","011","1128","0053","553","159","394","53","606","1126","0","53.82","14.12"
"66","000","00","011","1129","0000","670","205","465","70","740","1486","0","49.8","13.8"
"66","000","00","011","1129","0054","670","205","465","70","740","1486","0","49.8","13.8"
"66","000","00","012","0000","0000","39186","12030","27156","2752","41938","71528","86659","58.63","16.82"
"66","000","00","012","1201","0000","564","189","375","23","587","1076","0","54.55","17.57"
"66","000","00","012","1201","0091","564","189","375","23","587","1076","0","54.55","17.57"
"66","000","00","012","1202","0000","584","205","379","41","625","953","0","65.58","21.51"
"66","000","00","012","1202","0092","584","205","379","41","625","953","0","65.58","21.51"
"66","000","00","012","1203","0000","1213","396","817","93","1306","2057","0","63.49","19.25"
"66","000","00","012","1203","0093","527","179","348","47","574","914","0","62.8","19.58"
"66","000","00","012","1203","0094","686","217","469","46","732","1143","0","64.04","18.99"
"66","000","00","012","1204","0000","404","149","255","27","431","680","0","63.38","21.91"
"66","000","00","012","1204","0095","404","149","255","27","431","680","0","63.38","21.91"
"66","000","00","012","1205","0000","1065","309","756","78","1143","1797","0","63.61","17.2"
"66","000","00","012","1205","0096","520","144","376","43","563","904","0","62.28","15.93"
"66","000","00","012","1205","0097","545","165","380","35","580","893","0","64.95","18.48"
"66","000","00","012","1206","0000","872","293","579","46","918","1577","0","58.21","18.58"
"66","000","00","012","1206","0098","872","293","579","46","918","1577","0","58.21","18.58"
"66","000","00","012","1207","0000","379","116","263","29","408","690","0","59.13","16.81"
"66","000","00","012","1207","0099","379","116","263","29","408","690","0","59.13","16.81"
"66","000","00","012","1208","0000","229","65","164","18","247","403","0","61.29","16.13"
"66","000","00","012","1208","0100","229","65","164","18","247","403","0","61.29","16.13"
"66","000","00","012","1209","0000","1207","365","842","95","1302","2190","0","59.45","16.67"
"66","000","00","012","1209","0101","781","244","537","59","840","1413","0","59.45","17.27"
"66","000","00","012","1209","0102","426","121","305","36","462","777","0","59.46","15.57"
"66","000","00","012","1210","0000","5377","1647","3730","259","5636","9237","0","61.02","17.83"
"66","000","00","012","1210","0103","762","210","552","33","795","1313","0","60.55","15.99"
"66","000","00","012","1210","0104","843","242","601","48","891","1439","0","61.92","16.82"
"66","000","00","012","1210","0105","653","210","443","37","690","1265","0","54.55","16.6"
"66","000","00","012","1210","0106","770","247","523","34","804","1277","0","62.96","19.34"
"66","000","00","012","1210","0107","731","223","508","44","775","1276","0","60.74","17.48"
"66","000","00","012","1210","0108","834","281","553","28","862","1376","0","62.65","20.42"
"66","000","00","012","1210","0109","784","234","550","35","819","1291","0","63.44","18.13"
"66","000","00","012","1211","0000","845","291","554","76","921","1510","0","60.99","19.27"
"66","000","00","012","1211","0110","845","291","554","76","921","1510","0","60.99","19.27"
"66","000","00","012","1212","0000","808","235","573","8","816","1524","0","53.54","15.42"
"66","000","00","012","1212","0111","808","235","573","8","816","1524","0","53.54","15.42"
"66","000","00","012","1213","0000","2357","720","1637","155","2512","4302","0","58.39","16.74"
"66","000","00","012","1213","0112","751","240","511","44","795","1474","0","53.93","16.28"
"66","000","00","012","1213","0113","804","240","564","51","855","1507","0","56.74","15.93"
"66","000","00","012","1213","0114","802","240","562","60","862","1321","0","65.25","18.17"
"66","000","00","012","1214","0000","1777","538","1239","106","1883","3293","0","57.18","16.34"
"66","000","00","012","1214","0115","573","178","395","39","612","1157","0","52.9","15.38"
"66","000","00","012","1214","0116","719","225","494","39","758","1255","0","60.4","17.93"
"66","000","00","012","1214","0117","485","135","350","28","513","881","0","58.23","15.32"
"66","000","00","012","1215","0000","1182","348","834","78","1260","2034","0","61.95","17.11"
"66","000","00","012","1215","0118","619","192","427","50","669","1083","0","61.77","17.73"
"66","000","00","012","1215","0119","563","156","407","28","591","951","0","62.15","16.4"
"66","000","00","012","1216","0000","2616","804","1812","194","2810","5145","0","54.62","15.63"
"66","000","00","012","1216","0120","737","224","513","46","783","1424","0","54.99","15.73"
"66","000","00","012","1216","0121","616","198","418","59","675","1233","0","54.74","16.06"
"66","000","00","012","1216","0122","588","184","404","45","633","1288","0","49.15","14.29"
"66","000","00","012","1216","0123","675","198","477","44","719","1200","0","59.92","16.5"
"66","000","00","012","1217","0000","1638","437","1201","52","1690","2745","0","61.57","15.92"
"66","000","00","012","1217","0124","933","201","732","32","965","1609","0","59.98","12.49"
"66","000","00","012","1217","0125","705","236","469","20","725","1136","0","63.82","20.77"
"66","000","00","012","1218","0000","671","169","502","69","740","1302","0","56.84","12.98"
"66","000","00","012","1218","0126","671","169","502","69","740","1302","0","56.84","12.98"
"66","000","00","012","1219","0000","697","214","483","85","782","1373","0","56.96","15.59"
"66","000","00","012","1219","0127","697","214","483","85","782","1373","0","56.96","15.59"
"66","000","00","012","1220","0000","580","184","396","76","656","1257","0","52.19","14.64"
"66","000","00","012","1220","0128","580","184","396","76","656","1257","0","52.19","14.64"
"66","000","00","012","1221","0000","568","177","391","51","619","1184","0","52.28","14.95"
"66","000","00","012","1221","0129","568","177","391","51","619","1184","0","52.28","14.95"
"66","000","00","012","1222","0000","683","171","512","66","749","1322","0","56.66","12.93"
"66","000","00","012","1222","0130","683","171","512","66","749","1322","0","56.66","12.93"
"66","000","00","012","1223","0000","1045","333","712","132","1177","2120","0","55.52","15.71"
"66","000","00","012","1223","0131","578","182","396","56","634","1193","0","53.14","15.26"
"66","000","00","012","1223","0132","467","151","316","76","543","927","0","58.58","16.29"
"66","000","00","012","1224","0000","1272","422","850","122","1394","2236","0","62.34","18.87"
"66","000","00","012","1224","0133","619","203","416","51","670","1073","0","62.44","18.92"
"66","000","00","012","1224","0134","653","219","434","71","724","1163","0","62.25","18.83"
"66","000","00","012","1225","0000","884","245","639","95","979","1757","0","55.72","13.94"
"66","000","00","012","1225","0135","443","124","319","35","478","855","0","55.91","14.5"
"66","000","00","012","1225","0136","441","121","320","60","501","902","0","55.54","13.41"
"66","000","00","012","1226","0000","1316","306","1010","92","1408","2481","0","56.75","12.33"
"66","000","00","012","1226","0137","771","151","620","48","819","1415","0","57.88","10.67"
"66","000","00","012","1226","0138","545","155","390","44","589","1066","0","55.25","14.54"
"66","000","00","012","1227","0000","3933","1502","2431","245","4178","7264","0","57.52","20.68"
"66","000","00","012","1227","0139","715","199","516","68","783","1391","0","56.29","14.31"
"66","000","00","012","1227","0140","718","190","528","48","766","1449","0","52.86","13.11"
"66","000","00","012","1227","0141","782","226","556","52","834","1377","0","60.57","16.41"
"66","000","00","012","1227","0142","804","252","552","44","848","1423","0","59.59","17.71"
"66","000","00","012","1227","0143","914","635","279","33","947","1624","0","58.31","39.1"
"66","000","00","012","1228","0000","1463","419","1044","145","1608","2822","0","56.98","14.85"
"66","000","00","012","1228","0144","686","198","488","67","753","1358","0","55.45","14.58"
"66","000","00","012","1228","0145","777","221","556","78","855","1464","0","58.4","15.1"
"66","000","00","012","1229","0000","681","219","462","59","740","1211","0","61.11","18.08"
"66","000","00","012","1229","0146","681","219","462","59","740","1211","0","61.11","18.08"
"66","000","00","012","1230","0000","673","167","506","54","727","1162","0","62.56","14.37"
"66","000","00","012","1230","0148","673","167","506","54","727","1162","0","62.56","14.37"
"66","000","00","012","1231","0000","817","193","624","60","877","1368","0","64.11","14.11"
"66","000","00","012","1231","0149","817","193","624","60","877","1368","0","64.11","14.11"
"66","000","00","012","1232","0000","786","202","584","23","809","1456","0","55.56","13.87"
"66","000","00","012","1232","0147","786","202","584","23","809","1456","0","55.56","13.87"
"66","000","00","013","0000","0000","39938","12165","27773","2330","42268","74207","93720","56.96","16.39"
"66","000","00","013","1301","0000","704","251","453","37","741","1380","0","53.7","18.19"
"66","000","00","013","1301","0186","704","251","453","37","741","1380","0","53.7","18.19"
"66","000","00","013","1302","0000","1183","433","750","65","1248","2028","0","61.54","21.35"
"66","000","00","013","1302","0187","489","138","351","32","521","852","0","61.15","16.2"
"66","000","00","013","1302","0188","694","295","399","33","727","1176","0","61.82","25.09"
"66","000","00","013","1303","0000","587","202","385","59","646","958","0","67.43","21.09"
"66","000","00","013","1303","0189","587","202","385","59","646","958","0","67.43","21.09"
"66","000","00","013","1304","0000","315","93","222","24","339","488","0","69.47","19.06"
"66","000","00","013","1304","0190","315","93","222","24","339","488","0","69.47","19.06"
"66","000","00","013","1305","0000","1338","441","897","91","1429","2462","0","58.04","17.91"
"66","000","00","013","1305","0191","650","223","427","40","690","1177","0","58.62","18.95"
"66","000","00","013","1305","0192","688","218","470","51","739","1285","0","57.51","16.96"
"66","000","00","013","1306","0000","2394","650","1744","138","2532","4336","0","58.39","14.99"
"66","000","00","013","1306","0195","776","218","558","23","799","1469","0","54.39","14.84"
"66","000","00","013","1306","0196","823","225","598","48","871","1423","0","61.21","15.81"
"66","000","00","013","1306","0197","795","207","588","67","862","1444","0","59.7","14.34"
"66","000","00","013","1307","0000","2783","886","1897","165","2948","5046","0","58.42","17.56"
"66","000","00","013","1307","0198","802","238","564","62","864","1469","0","58.82","16.2"
"66","000","00","013","1307","0199","1039","355","684","56","1095","1902","0","57.57","18.66"
"66","000","00","013","1307","0200","942","293","649","47","989","1675","0","59.04","17.49"
"66","000","00","013","1308","0000","3794","1265","2529","201","3995","6728","0","59.38","18.8"
"66","000","00","013","1308","0201","587","225","362","48","635","1098","0","57.83","20.49"
"66","000","00","013","1308","0202","889","291","598","49","938","1539","0","60.95","18.91"
"66","000","00","013","1308","0203","784","241","543","26","810","1329","0","60.95","18.13"
"66","000","00","013","1308","0204","677","205","472","32","709","1255","0","56.49","16.33"
"66","000","00","013","1308","0205","857","303","554","46","903","1507","0","59.92","20.11"
"66","000","00","013","1309","0000","3928","1170","2758","258","4186","7300","0","57.34","16.03"
"66","000","00","013","1309","0206","805","246","559","56","861","1463","0","58.85","16.81"
"66","000","00","013","1309","0207","657","205","452","50","707","1279","0","55.28","16.03"
"66","000","00","013","1309","0208","504","146","358","42","546","1024","0","53.32","14.26"
"66","000","00","013","1309","0209","707","194","513","53","760","1388","0","54.76","13.98"
"66","000","00","013","1309","0210","628","196","432","26","654","1074","0","60.89","18.25"
"66","000","00","013","1309","0211","627","183","444","31","658","1072","0","61.38","17.07"
"66","000","00","013","1310","0000","645","164","481","45","690","1107","0","62.33","14.81"
"66","000","00","013","1310","0212","645","164","481","45","690","1107","0","62.33","14.81"
"66","000","00","013","1311","0000","2350","731","1619","208","2558","4771","0","53.62","15.32"
"66","000","00","013","1311","0215","918","284","634","34","952","1633","0","58.3","17.39"
"66","000","00","013","1311","0216","784","222","562","44","828","1533","0","54.01","14.48"
"66","000","00","013","1311","0217","648","225","423","130","778","1605","0","48.47","14.02"
"66","000","00","013","1312","0000","1797","517","1280","101","1898","3629","0","52.3","14.25"
"66","000","00","013","1312","0213","943","281","662","48","991","1947","0","50.9","14.43"
"66","000","00","013","1312","0214","854","236","618","53","907","1682","0","53.92","14.03"
"66","000","00","013","1313","0000","866","242","624","35","901","1694","0","53.19","14.29"
"66","000","00","013","1313","0218","866","242","624","35","901","1694","0","53.19","14.29"
"66","000","00","013","1314","0000","2658","832","1826","110","2768","4944","0","55.99","16.83"
"66","000","00","013","1314","0219","832","271","561","45","877","1628","0","53.87","16.65"
"66","000","00","013","1314","0220","953","296","657","26","979","1665","0","58.8","17.78"
"66","000","00","013","1314","0221","873","265","608","39","912","1651","0","55.24","16.05"
"66","000","00","013","1315","0000","1882","526","1356","103","1985","3289","0","60.35","15.99"
"66","000","00","013","1315","0222","650","170","480","32","682","1108","0","61.55","15.34"
"66","000","00","013","1315","0223","661","178","483","39","700","1142","0","61.3","15.59"
"66","000","00","013","1315","0224","571","178","393","32","603","1039","0","58.04","17.13"
"66","000","00","013","1316","0000","2743","882","1861","145","2888","5270","0","54.8","16.74"
"66","000","00","013","1316","0225","954","310","644","58","1012","1840","0","55.0","16.85"
"66","000","00","013","1316","0226","998","319","679","42","1040","1872","0","55.56","17.04"
"66","000","00","013","1316","0227","791","253","538","45","836","1558","0","53.66","16.24"
"66","000","00","013","1317","0000","2367","661","1706","106","2473","4314","0","57.32","15.32"
"66","000","00","013","1317","0232","849","251","598","38","887","1593","0","55.68","15.76"
"66","000","00","013","1317","0233","525","130","395","16","541","981","0","55.15","13.25"
"66","000","00","013","1317","0234","993","280","713","52","1045","1740","0","60.06","16.09"
"66","000","00","013","1318","0000","1321","369","952","69","1390","2294","0","60.59","16.09"
"66","000","00","013","1318","0235","712","222","490","53","765","1247","0","61.35","17.8"
"66","000","00","013","1318","0236","609","147","462","16","625","1047","0","59.69","14.04"
"66","000","00","013","1319","0000","1173","310","863","73","1246","2144","0","58.12","14.46"
"66","000","00","013","1319","0237","611","173","438","51","662","1119","0","59.16","15.46"
"66","000","00","013","1319","0238","562","137","425","22","584","1025","0","56.98","13.37"
"66","000","00","013","1320","0000","1791","557","1234","130","1921","3364","0","57.1","16.56"
"66","000","00","013","1320","0193","882","262","620","62","944","1736","0","54.38","15.09"
"66","000","00","013","1320","0194","909","295","614","68","977","1628","0","60.01","18.12"
"66","000","00","013","1321","0000","3319","983","2336","167","3486","6661","0","52.33","14.76"
"66","000","00","013","1321","0228","865","219","646","40","905","1739","0","52.04","12.59"
"66","000","00","013","1321","0229","790","238","552","53","843","1672","0","50.42","14.23"
"66","000","00","013","1321","0230","882","269","613","26","908","1634","0","55.57","16.46"
"66","000","00","013","1321","0231","782","257","525","48","830","1616","0","51.36","15.9"
"66","000","00","014","0000","0000","25225","7603","17622","1685","26910","47040","58189","57.21","16.16"
"66","000","00","014","1401","0000","1644","513","1131","113","1757","3122","0","56.28","16.43"
"66","000","00","014","1401","0150","814","260","554","57","871","1541","0","56.52","16.87"
"66","000","00","014","1401","0151","830","253","577","56","886","1581","0","56.04","16.0"
"66","000","00","014","1402","0000","1112","354","758","60","1172","1959","0","59.83","18.07"
"66","000","00","014","1402","0152","599","201","398","43","642","1083","0","59.28","18.56"
"66","000","00","014","1402","0153","513","153","360","17","530","876","0","60.5","17.47"
"66","000","00","014","1403","0000","2063","633","1430","142","2205","3929","0","56.12","16.11"
"66","000","00","014","1403","0154","567","193","374","57","624","1043","0","59.83","18.5"
"66","000","00","014","1403","0155","746","230","516","35","781","1502","0","52.0","15.31"
"66","000","00","014","1403","0156","750","210","540","50","800","1384","0","57.8","15.17"
"66","000","00","014","1404","0000","323","90","233","29","352","517","0","68.09","17.41"
"66","000","00","014","1404","0157","323","90","233","29","352","517","0","68.09","17.41"
"66","000","00","014","1405","0000","706","197","509","49","755","1169","0","64.59","16.85"
"66","000","00","014","1405","0158","706","197","509","49","755","1169","0","64.59","16.85"
"66","000","00","014","1406","0000","489","165","324","35","524","863","0","60.72","19.12"
"66","000","00","014","1406","0159","489","165","324","35","524","863","0","60.72","19.12"
"66","000","00","014","1407","0000","3175","1010","2165","228","3403","6128","0","55.53","16.48"
"66","000","00","014","1407","0160","595","191","404","45","640","1277","0","50.12","14.96"
"66","000","00","014","1407","0161","901","294","607","45","946","1742","0","54.31","16.88"
"66","000","00","014","1407","0162","732","224","508","62","794","1342","0","59.17","16.69"
"66","000","00","014","1407","0163","947","301","646","76","1023","1767","0","57.89","17.03"
"66","000","00","014","1408","0000","2480","751","1729","151","2631","4974","0","52.9","15.1"
"66","000","00","014","1408","0164","721","240","481","59","780","1542","0","50.58","15.56"
"66","000","00","014","1408","0165","853","242","611","44","897","1636","0","54.83","14.79"
"66","000","00","014","1408","0166","906","269","637","48","954","1796","0","53.12","14.98"
"66","000","00","014","1409","0000","2308","695","1613","157","2465","4364","0","56.48","15.93"
"66","000","00","014","1409","0167","764","219","545","37","801","1450","0","55.24","15.1"
"66","000","00","014","1409","0168","768","231","537","89","857","1548","0","55.36","14.92"
"66","000","00","014","1409","0169","776","245","531","31","807","1366","0","59.08","17.94"
"66","000","00","014","1410","0000","4108","1166","2942","252","4360","7342","0","59.38","15.88"
"66","000","00","014","1410","0170","598","181","417","21","619","955","0","64.82","18.95"
"66","000","00","014","1410","0171","679","178","501","39","718","1305","0","55.02","13.64"
"66","000","00","014","1410","0172","693","202","491","39","732","1239","0","59.08","16.3"
"66","000","00","014","1410","0173","614","182","432","55","669","1079","0","62.0","16.87"
"66","000","00","014","1410","0174","653","176","477","40","693","1220","0","56.8","14.43"
"66","000","00","014","1410","0175","871","247","624","58","929","1544","0","60.17","16.0"
"66","000","00","014","1411","0000","3070","950","2120","179","3249","5607","0","57.95","16.94"
"66","000","00","014","1411","0176","838","284","554","46","884","1460","0","60.55","19.45"
"66","000","00","014","1411","0177","736","219","517","51","787","1292","0","60.91","16.95"
"66","000","00","014","1411","0178","701","209","492","38","739","1300","0","56.85","16.08"
"66","000","00","014","1411","0179","795","238","557","44","839","1555","0","53.95","15.31"
"66","000","00","014","1412","0000","1246","370","876","100","1346","2308","0","58.32","16.03"
"66","000","00","014","1412","0180","533","157","376","43","576","1031","0","55.87","15.23"
"66","000","00","014","1412","0181","713","213","500","57","770","1277","0","60.3","16.68"
"66","000","00","014","1413","0000","1194","357","837","99","1293","2224","0","58.14","16.05"
"66","000","00","014","1413","0182","541","169","372","41","582","1037","0","56.12","16.3"
"66","000","00","014","1413","0183","653","188","465","58","711","1187","0","59.9","15.84"
"66","000","00","014","1414","0000","1307","352","955","91","1398","2534","0","55.17","13.89"
"66","000","00","014","1414","0184","705","195","510","53","758","1399","0","54.18","13.94"
"66","000","00","014","1414","0185","602","157","445","38","640","1135","0","56.39","13.83"
"66","000","00","015","0000","0000","24422","7155","17267","1819","26241","44962","54682","58.36","15.91"
"66","000","00","015","1501","0000","1087","295","792","109","1196","1987","0","60.19","14.85"
"66","000","00","015","1501","0357","495","134","361","51","546","852","0","64.08","15.73"
"66","000","00","015","1501","0358","592","161","431","58","650","1135","0","57.27","14.19"
"66","000","00","015","1502","0000","535","158","377","53","588","1079","0","54.49","14.64"
"66","000","00","015","1502","0359","535","158","377","53","588","1079","0","54.49","14.64"
"66","000","00","015","1503","0000","1720","517","1203","117","1837","3130","0","58.69","16.52"
"66","000","00","015","1503","0360","851","247","604","58","909","1539","0","59.06","16.05"
"66","000","00","015","1503","0361","869","270","599","59","928","1591","0","58.33","16.97"
"66","000","00","015","1504","0000","2143","634","1509","153","2296","3701","0","62.04","17.13"
"66","000","00","015","1504","0364","778","246","532","79","857","1428","0","60.01","17.23"
"66","000","00","015","1504","0365","738","218","520","45","783","1178","0","66.47","18.51"
"66","000","00","015","1504","0366","627","170","457","29","656","1095","0","59.91","15.53"
"66","000","00","015","1505","0000","1157","352","805","65","1222","2126","0","57.48","16.56"
"66","000","00","015","1505","0367","525","159","366","25","550","963","0","57.11","16.51"
"66","000","00","015","1505","0368","632","193","439","40","672","1163","0","57.78","16.6"
"66","000","00","015","1506","0000","2657","741","1916","190","2847","4712","0","60.42","15.73"
"66","000","00","015","1506","0369","583","166","417","36","619","1018","0","60.81","16.31"
"66","000","00","015","1506","0370","519","147","372","35","554","854","0","64.87","17.21"
"66","000","00","015","1506","0371","757","208","549","59","816","1485","0","54.95","14.01"
"66","000","00","015","1506","0372","798","220","578","60","858","1355","0","63.32","16.24"
"66","000","00","015","1507","0000","1056","308","748","98","1154","1986","0","58.11","15.51"
"66","000","00","015","1507","0373","417","129","288","50","467","840","0","55.6","15.36"
"66","000","00","015","1507","0374","639","179","460","48","687","1146","0","59.95","15.62"
"66","000","00","015","1508","0000","1898","607","1291","171","2069","3342","0","61.91","18.16"
"66","000","00","015","1508","0375","954","263","691","72","1026","1669","0","61.47","15.76"
"66","000","00","015","1508","0376","944","344","600","99","1043","1673","0","62.34","20.56"
"66","000","00","015","1509","0000","1897","577","1320","127","2024","3454","0","58.6","16.71"
"66","000","00","015","1509","0377","824","241","583","47","871","1493","0","58.34","16.14"
"66","000","00","015","1509","0378","594","193","401","61","655","1052","0","62.26","18.35"
"66","000","00","015","1509","0379","479","143","336","19","498","909","0","54.79","15.73"
"66","000","00","015","1510","0000","1364","393","971","138","1502","2433","0","61.73","16.15"
"66","000","00","015","1510","0380","604","181","423","65","669","1091","0","61.32","16.59"
"66","000","00","015","1510","0381","760","212","548","73","833","1342","0","62.07","15.8"
"66","000","00","015","1511","0000","1125","325","800","110","1235","2115","0","58.39","15.37"
"66","000","00","015","1511","0382","577","181","396","68","645","1138","0","56.68","15.91"
"66","000","00","015","1511","0383","548","144","404","42","590","977","0","60.39","14.74"
"66","000","00","015","1512","0000","747","203","544","38","785","1584","0","49.56","12.82"
"66","000","00","015","1512","0384","747","203","544","38","785","1584","0","49.56","12.82"
"66","000","00","015","1513","0000","1163","319","844","115","1278","2140","0","59.72","14.91"
"66","000","00","015","1513","0385","497","129","368","43","540","915","0","59.02","14.1"
"66","000","00","015","1513","0386","666","190","476","72","738","1225","0","60.24","15.51"
"66","000","00","015","1514","0000","1714","479","1235","73","1787","3152","0","56.69","15.2"
"66","000","00","015","1514","0387","839","248","591","40","879","1552","0","56.64","15.98"
"66","000","00","015","1514","0388","875","231","644","33","908","1600","0","56.75","14.44"
"66","000","00","015","1515","0000","664","180","484","48","712","1340","0","53.13","13.43"
"66","000","00","015","1515","0393","664","180","484","48","712","1340","0","53.13","13.43"
"66","000","00","015","1516","0000","1089","357","732","104","1193","2122","0","56.22","16.82"
"66","000","00","015","1516","0391","516","169","347","46","562","1055","0","53.27","16.02"
"66","000","00","015","1516","0392","573","188","385","58","631","1067","0","59.14","17.62"
"66","000","00","015","1517","0000","1003","293","710","59","1062","1885","0","56.34","15.54"
"66","000","00","015","1517","0389","504","148","356","30","534","942","0","56.69","15.71"
"66","000","00","015","1517","0390","499","145","354","29","528","943","0","55.99","15.38"
"66","000","00","015","1518","0000","1403","417","986","51","1454","2674","0","54.38","15.59"
"66","000","00","015","1518","0362","688","211","477","27","715","1376","0","51.96","15.33"
"66","000","00","015","1518","0363","715","206","509","24","739","1298","0","56.93","15.87"
"66","000","00","016","0000","0000","30521","8920","21601","2080","32601","54565","65692","59.75","16.35"
"66","000","00","016","1601","0000","1847","505","1342","103","1950","3243","0","60.13","15.57"
"66","000","00","016","1601","0482","972","284","688","56","1028","1684","0","61.05","16.86"
"66","000","00","016","1601","0483","875","221","654","47","922","1559","0","59.14","14.18"
"66","000","00","016","1602","0000","1272","384","888","80","1352","2139","0","63.21","17.95"
"66","000","00","016","1602","0484","599","179","420","42","641","1095","0","58.54","16.35"
"66","000","00","016","1602","0485","673","205","468","38","711","1044","0","68.1","19.64"
"66","000","00","016","1603","0000","1543","455","1088","137","1680","2604","0","64.52","17.47"
"66","000","00","016","1603","0486","796","224","572","58","854","1310","0","65.19","17.1"
"66","000","00","016","1603","0487","747","231","516","79","826","1294","0","63.83","17.85"
"66","000","00","016","1604","0000","1222","364","858","111","1333","2165","0","61.57","16.81"
"66","000","00","016","1604","0488","640","199","441","55","695","1143","0","60.8","17.41"
"66","000","00","016","1604","0489","582","165","417","56","638","1022","0","62.43","16.14"
"66","000","00","016","1605","0000","3949","1127","2822","308","4257","7265","0","58.6","15.51"
"66","000","00","016","1605","0498","779","211","568","42","821","1452","0","56.54","14.53"
"66","000","00","016","1605","0499","902","259","643","153","1055","1551","0","68.02","16.7"
"66","000","00","016","1605","0500","816","244","572","52","868","1567","0","55.39","15.57"
"66","000","00","016","1605","0501","810","239","571","32","842","1449","0","58.11","16.49"
"66","000","00","016","1605","0502","642","174","468","29","671","1246","0","53.85","13.96"
"66","000","00","016","1606","0000","3054","945","2109","200","3254","5267","0","61.78","17.94"
"66","000","00","016","1606","0503","802","228","574","43","845","1431","0","59.05","15.93"
"66","000","00","016","1606","0504","675","220","455","59","734","1163","0","63.11","18.92"
"66","000","00","016","1606","0505","845","286","559","64","909","1402","0","64.84","20.4"
"66","000","00","016","1606","0506","732","211","521","34","766","1271","0","60.27","16.6"
"66","000","00","016","1607","0000","1438","473","965","111","1549","2510","0","61.71","18.84"
"66","000","00","016","1607","0507","690","274","416","54","744","1198","0","62.1","22.87"
"66","000","00","016","1607","0508","748","199","549","57","805","1312","0","61.36","15.17"
"66","000","00","016","1608","0000","1637","452","1185","85","1722","2885","0","59.69","15.67"
"66","000","00","016","1608","0512","907","244","663","50","957","1483","0","64.53","16.45"
"66","000","00","016","1608","0513","730","208","522","35","765","1402","0","54.56","14.84"
"66","000","00","016","1609","0000","2322","697","1625","116","2438","4329","0","56.32","16.1"
"66","000","00","016","1609","0509","849","242","607","57","906","1590","0","56.98","15.22"
"66","000","00","016","1609","0510","718","198","520","26","744","1324","0","56.19","14.95"
"66","000","00","016","1609","0511","755","257","498","33","788","1415","0","55.69","18.16"
"66","000","00","016","1610","0000","3938","1151","2787","266","4204","7224","0","58.19","15.93"
"66","000","00","016","1610","0514","673","199","474","41","714","1275","0","56.0","15.61"
"66","000","00","016","1610","0515","661","192","469","44","705","1288","0","54.74","14.91"
"66","000","00","016","1610","0516","558","147","411","53","611","1080","0","56.57","13.61"
"66","000","00","016","1610","0517","728","221","507","31","759","1344","0","56.47","16.44"
"66","000","00","016","1610","0518","624","178","446","43","667","1061","0","62.87","16.78"
"66","000","00","016","1610","0519","694","214","480","54","748","1176","0","63.61","18.2"
"66","000","00","016","1611","0000","1517","443","1074","113","1630","2562","0","63.62","17.29"
"66","000","00","016","1611","0520","727","218","509","53","780","1244","0","62.7","17.52"
"66","000","00","016","1611","0521","790","225","565","60","850","1318","0","64.49","17.07"
"66","000","00","016","1612","0000","1602","433","1169","108","1710","2794","0","61.2","15.5"
"66","000","00","016","1612","0522","798","225","573","33","831","1471","0","56.49","15.3"
"66","000","00","016","1612","0523","804","208","596","75","879","1323","0","66.44","15.72"
"66","000","00","016","1613","0000","1189","295","894","70","1259","2354","0","53.48","12.53"
"66","000","00","016","1613","0490","677","166","511","42","719","1269","0","56.66","13.08"
"66","000","00","016","1613","0491","512","129","383","28","540","1085","0","49.77","11.89"
"66","000","00","016","1614","0000","2221","640","1581","170","2391","4090","0","58.46","15.65"
"66","000","00","016","1614","0494","739","228","511","48","787","1390","0","56.62","16.4"
"66","000","00","016","1614","0495","787","218","569","82","869","1372","0","63.34","15.89"
"66","000","00","016","1614","0496","695","194","501","40","735","1328","0","55.35","14.61"
"66","000","00","016","1615","0000","1208","373","835","70","1278","2096","0","60.97","17.8"
"66","000","00","016","1615","0492","570","182","388","31","601","942","0","63.8","19.32"
"66","000","00","016","1615","0493","638","191","447","39","677","1154","0","58.67","16.55"
"66","000","00","016","1616","0000","562","183","379","32","594","1038","0","57.23","17.63"
"66","000","00","016","1616","0497","562","183","379","32","594","1038","0","57.23","17.63"
"66","000","00","017","0000","0000","49057","15517","33540","2556","51613","89487","108777","57.68","17.34"
"66","000","00","017","1701","0000","5885","1791","4094","368","6253","10976","0","56.97","16.32"
"66","000","00","017","1701","0573","935","287","648","71","1006","1630","0","61.72","17.61"
"66","000","00","017","1701","0574","851","238","613","41","892","1532","0","58.22","15.54"
"66","000","00","017","1701","0575","848","256","592","40","888","1677","0","52.95","15.27"
"66","000","00","017","1701","0576","871","263","608","57","928","1744","0","53.21","15.08"
"66","000","00","017","1701","0577","946","302","644","90","1036","1795","0","57.72","16.82"
"66","000","00","017","1701","0578","636","199","437","46","682","1171","0","58.24","16.99"
"66","000","00","017","1701","0579","798","246","552","23","821","1427","0","57.53","17.24"
"66","000","00","017","1702","0000","764","227","537","40","804","1306","0","61.56","17.38"
"66","000","00","017","1702","0570","764","227","537","40","804","1306","0","61.56","17.38"
"66","000","00","017","1703","0000","1343","399","944","99","1442","2287","0","63.05","17.45"
"66","000","00","017","1703","0571","655","201","454","44","699","1128","0","61.97","17.82"
"66","000","00","017","1703","0572","688","198","490","55","743","1159","0","64.11","17.08"
"66","000","00","017","1704","0000","5573","1659","3914","287","5860","10187","0","57.52","16.29"
"66","000","00","017","1704","0580","932","257","675","53","985","1709","0","57.64","15.04"
"66","000","00","017","1704","0581","932","287","645","40","972","1723","0","56.41","16.66"
"66","000","00","017","1704","0582","947","267","680","46","993","1782","0","55.72","14.98"
"66","000","00","017","1704","0583","743","205","538","27","770","1407","0","54.73","14.57"
"66","000","00","017","1704","0584","1014","361","653","39","1053","1771","0","59.46","20.38"
"66","000","00","017","1704","0585","1005","282","723","82","1087","1795","0","60.56","15.71"
"66","000","00","017","1705","0000","2936","918","2018","125","3061","5195","0","58.92","17.67"
"66","000","00","017","1705","0586","957","293","664","54","1011","1612","0","62.72","18.18"
"66","000","00","017","1705","0587","1044","336","708","30","1074","1894","0","56.71","17.74"
"66","000","00","017","1705","0588","935","289","646","41","976","1689","0","57.79","17.11"
"66","000","00","017","1706","0000","5174","1591","3583","218","5392","9343","0","57.71","17.03"
"66","000","00","017","1706","0599","954","282","672","46","1000","1666","0","60.02","16.93"
"66","000","00","017","1706","0600","943","290","653","46","989","1750","0","56.51","16.57"
"66","000","00","017","1706","0601","781","221","560","36","817","1437","0","56.85","15.38"
"66","000","00","017","1706","0602","952","291","661","31","983","1735","0","56.66","16.77"
"66","000","00","017","1706","0603","863","284","579","34","897","1612","0","55.65","17.62"
"66","000","00","017","1706","0604","681","223","458","25","706","1143","0","61.77","19.51"
"66","000","00","017","1707","0000","6586","1918","4668","295","6881","11996","0","57.36","15.99"
"66","000","00","017","1707","0605","1109","305","804","44","1153","2096","0","55.01","14.55"
"66","000","00","017","1707","0606","890","267","623","53","943","1549","0","60.88","17.24"
"66","000","00","017","1707","0607","890","256","634","36","926","1573","0","58.87","16.27"
"66","000","00","017","1707","0608","841","213","628","40","881","1585","0","55.58","13.44"
"66","000","00","017","1707","0609","856","288","568","24","880","1572","0","55.98","18.32"
"66","000","00","017","1707","0610","1013","291","722","33","1046","1738","0","60.18","16.74"
"66","000","00","017","1707","0611","987","298","689","65","1052","1883","0","55.87","15.83"
"66","000","00","017","1708","0000","1627","833","794","71","1698","2753","0","61.68","30.26"
"66","000","00","017","1708","0612","830","596","234","36","866","1401","0","61.81","42.54"
"66","000","00","017","1708","0613","797","237","560","35","832","1352","0","61.54","17.53"
"66","000","00","017","1709","0000","3233","935","2298","168","3401","5805","0","58.59","16.11"
"66","000","00","017","1709","0614","1161","320","841","76","1237","2085","0","59.33","15.35"
"66","000","00","017","1709","0615","1176","340","836","66","1242","2047","0","60.67","16.61"
"66","000","00","017","1709","0616","896","275","621","26","922","1673","0","55.11","16.44"
"66","000","00","017","1710","0000","2498","1296","1202","151","2649","4599","0","57.6","28.18"
"66","000","00","017","1710","0617","1029","331","698","84","1113","1874","0","59.39","17.66"
"66","000","00","017","1710","0618","594","183","411","37","631","1051","0","60.04","17.41"
"66","000","00","017","1710","0619","875","782","93","30","905","1674","0","54.06","46.71"
"66","000","00","017","1711","0000","2063","603","1460","117","2180","3834","0","56.86","15.73"
"66","000","00","017","1711","0620","1018","292","726","60","1078","1831","0","58.87","15.95"
"66","000","00","017","1711","0621","1045","311","734","57","1102","2003","0","55.02","15.53"
"66","000","00","017","1712","0000","848","243","605","33","881","1535","0","57.39","15.83"
"66","000","00","017","1712","0622","848","243","605","33","881","1535","0","57.39","15.83"
"66","000","00","017","1713","0000","2021","543","1478","147","2168","4147","0","52.28","13.09"
"66","000","00","017","1713","0623","1077","298","779","89","1166","2286","0","51.01","13.04"
"66","000","00","017","1713","0624","944","245","699","58","1002","1861","0","53.84","13.16"
"66","000","00","017","1714","0000","2369","723","1646","126","2495","4347","0","57.4","16.63"
"66","000","00","017","1714","0589","780","243","537","42","822","1525","0","53.9","15.93"
"66","000","00","017","1714","0590","886","280","606","36","922","1622","0","56.84","17.26"
"66","000","00","017","1714","0591","703","200","503","48","751","1200","0","62.58","16.67"
"66","000","00","017","1715","0000","3570","1056","2514","164","3734","6729","0","55.49","15.69"
"66","000","00","017","1715","0592","719","214","505","19","738","1355","0","54.46","15.79"
"66","000","00","017","1715","0593","943","301","642","32","975","1777","0","54.87","16.94"
"66","000","00","017","1715","0594","1049","294","755","49","1098","1923","0","57.1","15.29"
"66","000","00","017","1715","0595","859","247","612","64","923","1674","0","55.14","14.76"
"66","000","00","017","1716","0000","2567","782","1785","147","2714","4448","0","61.02","17.58"
"66","000","00","017","1716","0596","865","273","592","46","911","1451","0","62.78","18.81"
"66","000","00","017","1716","0597","825","247","578","59","884","1486","0","59.49","16.62"
"66","000","00","017","1716","0598","877","262","615","42","919","1511","0","60.82","17.34"
"66","000","00","018","0000","0000","42187","12308","29879","2229","44416","77189","95703","57.54","15.95"
"66","000","00","018","1801","0000","2557","791","1766","117","2674","4378","0","61.08","18.07"
"66","000","00","018","1801","0527","908","288","620","32","940","1537","0","61.16","18.74"
"66","000","00","018","1801","0528","864","254","610","33","897","1439","0","62.33","17.65"
"66","000","00","018","1801","0529","785","249","536","52","837","1402","0","59.7","17.76"
"66","000","00","018","1802","0000","5195","1535","3660","311","5506","9096","0","60.53","16.88"
"66","000","00","018","1802","0553","955","274","681","44","999","1568","0","63.71","17.47"
"66","000","00","018","1802","0554","964","315","649","69","1033","1761","0","58.66","17.89"
"66","000","00","018","1802","0555","1010","289","721","63","1073","1752","0","61.24","16.5"
"66","000","00","018","1802","0556","724","212","512","34","758","1264","0","59.97","16.77"
"66","000","00","018","1802","0557","766","207","559","43","809","1302","0","62.14","15.9"
"66","000","00","018","1802","0558","776","238","538","58","834","1449","0","57.56","16.43"
"66","000","00","018","1803","0000","3383","1008","2375","183","3566","6169","0","57.81","16.34"
"66","000","00","018","1803","0559","930","285","645","65","995","1621","0","61.38","17.58"
"66","000","00","018","1803","0560","862","231","631","60","922","1647","0","55.98","14.03"
"66","000","00","018","1803","0561","794","252","542","28","822","1441","0","57.04","17.49"
"66","000","00","018","1803","0562","797","240","557","30","827","1460","0","56.64","16.44"
"66","000","00","018","1804","0000","1861","528","1333","137","1998","3203","0","62.38","16.48"
"66","000","00","018","1804","0563","1050","296","754","77","1127","1832","0","61.52","16.16"
"66","000","00","018","1804","0564","811","232","579","60","871","1371","0","63.53","16.92"
"66","000","00","018","1805","0000","1793","432","1361","160","1953","3617","0","54.0","11.94"
"66","000","00","018","1805","0568","928","211","717","61","989","1733","0","57.07","12.18"
"66","000","00","018","1805","0569","865","221","644","99","964","1884","0","51.17","11.73"
"66","000","00","018","1806","0000","2338","682","1656","97","2435","4226","0","57.62","16.14"
"66","000","00","018","1806","0565","741","202","539","11","752","1418","0","53.03","14.25"
"66","000","00","018","1806","0566","869","246","623","30","899","1473","0","61.03","16.7"
"66","000","00","018","1806","0567","728","234","494","56","784","1335","0","58.73","17.53"
"66","000","00","018","1807","0000","2924","900","2024","134","3058","5183","0","59.0","17.36"
"66","000","00","018","1807","0533","1061","286","775","48","1109","1887","0","58.77","15.16"
"66","000","00","018","1807","0534","861","293","568","46","907","1480","0","61.28","19.8"
"66","000","00","018","1807","0535","1002","321","681","40","1042","1816","0","57.38","17.68"
"66","000","00","018","1808","0000","2555","738","1817","160","2715","4728","0","57.42","15.61"
"66","000","00","018","1808","0542","861","228","633","72","933","1635","0","57.06","13.94"
"66","000","00","018","1808","0543","881","263","618","54","935","1565","0","59.74","16.81"
"66","000","00","018","1808","0544","813","247","566","34","847","1528","0","55.43","16.16"
"66","000","00","018","1809","0000","3119","914","2205","148","3267","6020","0","54.27","15.18"
"66","000","00","018","1809","0545","1032","280","752","37","1069","1963","0","54.46","14.26"
"66","000","00","018","1809","0546","1055","320","735","43","1098","2073","0","52.97","15.44"
"66","000","00","018","1809","0547","1032","314","718","68","1100","1984","0","55.44","15.83"
"66","000","00","018","1810","0000","3110","921","2189","174","3284","5882","0","55.83","15.66"
"66","000","00","018","1810","0536","921","300","621","62","983","1898","0","51.79","15.81"
"66","000","00","018","1810","0537","1092","285","807","60","1152","2008","0","57.37","14.19"
"66","000","00","018","1810","0538","1097","336","761","52","1149","1976","0","58.15","17.0"
"66","000","00","018","1811","0000","2588","776","1812","100","2688","4464","0","60.22","17.38"
"66","000","00","018","1811","0539","936","291","645","49","985","1673","0","58.88","17.39"
"66","000","00","018","1811","0540","844","243","601","36","880","1409","0","62.46","17.25"
"66","000","00","018","1811","0541","808","242","566","15","823","1382","0","59.55","17.51"
"66","000","00","018","1812","0000","3123","950","2173","117","3240","5906","0","54.86","16.09"
"66","000","00","018","1812","0524","1117","315","802","51","1168","2027","0","57.62","15.54"
"66","000","00","018","1812","0525","995","309","686","28","1023","1967","0","52.01","15.71"
"66","000","00","018","1812","0526","1011","326","685","38","1049","1912","0","54.86","17.05"
"66","000","00","018","1813","0000","3204","1031","2173","155","3359","5941","0","56.54","17.35"
"66","000","00","018","1813","0530","1062","352","710","44","1106","2013","0","54.94","17.49"
"66","000","00","018","1813","0531","1069","333","736","63","1132","1917","0","59.05","17.37"
"66","000","00","018","1813","0532","1073","346","727","48","1121","2011","0","55.74","17.21"
"66","000","00","018","1814","0000","2647","787","1860","149","2796","4776","0","58.54","16.48"
"66","000","00","018","1814","0548","906","271","635","43","949","1688","0","56.22","16.05"
"66","000","00","018","1814","0549","783","237","546","26","809","1387","0","58.33","17.09"
"66","000","00","018","1814","0550","958","279","679","80","1038","1701","0","61.02","16.4"
"66","000","00","018","1815","0000","1790","315","1475","87","1877","3600","0","52.14","8.75"
"66","000","00","018","1815","0551","927","62","865","47","974","1721","0","56.6","3.6"
"66","000","00","018","1815","0552","863","253","610","40","903","1879","0","48.06","13.46"
"66","000","00","019","0000","0000","10598","2779","7819","667","11265","20860","24605","54.0","13.32"
"66","000","00","019","1901","0000","1839","516","1323","93","1932","3259","0","59.28","15.83"
"66","000","00","019","1901","1562","554","165","389","28","582","1011","0","57.57","16.32"
"66","000","00","019","1901","1563","661","171","490","40","701","1195","0","58.66","14.31"
"66","000","00","019","1901","1564","624","180","444","25","649","1053","0","61.63","17.09"
"66","000","00","019","1902","0000","875","216","659","45","920","1880","0","48.94","11.49"
"66","000","00","019","1902","1565","406","97","309","28","434","961","0","45.16","10.09"
"66","000","00","019","1902","1566","469","119","350","17","486","919","0","52.88","12.95"
"66","000","00","019","1903","0000","791","195","596","54","845","1367","0","61.81","14.26"
"66","000","00","019","1903","1567","791","195","596","54","845","1367","0","61.81","14.26"
"66","000","00","019","1904","0000","523","150","373","28","551","1010","0","54.55","14.85"
"66","000","00","019","1904","1568","523","150","373","28","551","1010","0","54.55","14.85"
"66","000","00","019","1905","0000","546","150","396","52","598","1169","0","51.15","12.83"
"66","000","00","019","1905","1569","546","150","396","52","598","1169","0","51.15","12.83"
"66","000","00","019","1906","0000","1003","279","724","62","1065","1883","0","56.56","14.82"
"66","000","00","019","1906","1570","516","142","374","47","563","989","0","56.93","14.36"
"66","000","00","019","1906","1571","487","137","350","15","502","894","0","56.15","15.32"
"66","000","00","019","1907","0000","1408","344","1064","69","1477","2936","0","50.31","11.72"
"66","000","00","019","1907","1572","552","114","438","20","572","1033","0","55.37","11.04"
"66","000","00","019","1907","1573","440","115","325","29","469","1058","0","44.33","10.87"
"66","000","00","019","1907","1574","416","115","301","20","436","845","0","51.6","13.61"
"66","000","00","019","1908","0000","356","91","265","29","385","576","0","66.84","15.8"
"66","000","00","019","1908","1575","356","91","265","29","385","576","0","66.84","15.8"
"66","000","00","019","1909","0000","1397","401","996","85","1482","2900","0","51.1","13.83"
"66","000","00","019","1909","1576","585","156","429","42","627","1229","0","51.02","12.69"
"66","000","00","019","1909","1577","425","137","288","17","442","890","0","49.66","15.39"
"66","000","00","019","1909","1578","387","108","279","26","413","781","0","52.88","13.83"
"66","000","00","019","1910","0000","638","165","473","44","682","1244","0","54.82","13.26"
"66","000","00","019","1910","1579","638","165","473","44","682","1244","0","54.82","13.26"
"66","000","00","019","1911","0000","361","95","266","37","398","889","0","44.77","10.69"
"66","000","00","019","1911","1580","71","17","54","9","80","213","0","37.56","7.98"
"66","000","00","019","1911","1581","290","78","212","28","318","676","0","47.04","11.54"
"66","000","00","019","1912","0000","260","42","218","24","284","585","0","48.55","7.18"
"66","000","00","019","1912","1582","260","42","218","24","284","585","0","48.55","7.18"
"66","000","00","019","1913","0000","601","135","466","45","646","1162","0","55.59","11.62"
"66","000","00","019","1913","1583","496","112","384","40","536","938","0","57.14","11.94"
"66","000","00","019","1913","1584","105","23","82","5","110","224","0","49.11","10.27"
"66","000","00","020","0000","0000","7119","1890","5229","531","7650","12880","14968","59.39","14.67"
"66","000","00","020","2001","0000","694","201","493","40","734","1244","0","59.0","16.16"
"66","000","00","020","2001","1552","694","201","493","40","734","1244","0","59.0","16.16"
"66","000","00","020","2002","0000","813","157","656","62","875","1539","0","56.86","10.2"
"66","000","00","020","2002","1553","813","157","656","62","875","1539","0","56.86","10.2"
"66","000","00","020","2003","0000","669","184","485","46","715","1202","0","59.48","15.31"
"66","000","00","020","2003","1554","669","184","485","46","715","1202","0","59.48","15.31"
"66","000","00","020","2004","0000","632","192","440","65","697","1272","0","54.8","15.09"
"66","000","00","020","2004","1555","632","192","440","65","697","1272","0","54.8","15.09"
"66","000","00","020","2005","0000","354","88","266","35","389","652","0","59.66","13.5"
"66","000","00","020","2005","1556","354","88","266","35","389","652","0","59.66","13.5"
"66","000","00","020","2006","0000","902","246","656","55","957","1457","0","65.68","16.88"
"66","000","00","020","2006","1557","902","246","656","55","957","1457","0","65.68","16.88"
"66","000","00","020","2007","0000","964","276","688","75","1039","1836","0","56.59","15.03"
"66","000","00","020","2007","1558","964","276","688","75","1039","1836","0","56.59","15.03"
"66","000","00","020","2008","0000","533","134","399","48","581","1001","0","58.04","13.39"
"66","000","00","020","2008","1559","533","134","399","48","581","1001","0","58.04","13.39"
"66","000","00","020","2009","0000","836","209","627","63","899","1448","0","62.09","14.43"
"66","000","00","020","2009","1560","836","209","627","63","899","1448","0","62.09","14.43"
"66","000","00","020","2010","0000","722","203","519","42","764","1229","0","62.16","16.52"
"66","000","00","020","2010","1561","722","203","519","42","764","1229","0","62.16","16.52"
"66","000","00","021","0000","0000","14871","3965","10906","999","15870","27059","32202","58.65","14.65"
"66","000","00","021","2101","0000","551","144","407","51","602","1059","0","56.85","13.6"
"66","000","00","021","2101","0071","551","144","407","51","602","1059","0","56.85","13.6"
"66","000","00","021","2102","0000","1264","324","940","63","1327","2163","0","61.35","14.98"
"66","000","00","021","2102","0072","584","145","439","24","608","1013","0","60.02","14.31"
"66","000","00","021","2102","0073","680","179","501","39","719","1150","0","62.52","15.57"
"66","000","00","021","2103","0000","997","273","724","74","1071","1902","0","56.31","14.35"
"66","000","00","021","2103","0081","997","273","724","74","1071","1902","0","56.31","14.35"
"66","000","00","021","2104","0000","2728","694","2034","142","2870","4635","0","61.92","14.97"
"66","000","00","021","2104","0074","1131","288","843","53","1184","1855","0","63.83","15.53"
"66","000","00","021","2104","0075","760","192","568","40","800","1327","0","60.29","14.47"
"66","000","00","021","2104","0076","837","214","623","49","886","1453","0","60.98","14.73"
"66","000","00","021","2105","0000","2045","550","1495","147","2192","3446","0","63.61","15.96"
"66","000","00","021","2105","0082","686","193","493","45","731","1138","0","64.24","16.96"
"66","000","00","021","2105","0083","619","153","466","62","681","1065","0","63.94","14.37"
"66","000","00","021","2105","0084","740","204","536","40","780","1243","0","62.75","16.41"
"66","000","00","021","2106","0000","3339","890","2449","206","3545","6297","0","56.3","14.13"
"66","000","00","021","2106","0077","852","216","636","72","924","1653","0","55.9","13.07"
"66","000","00","021","2106","0078","829","214","615","46","875","1615","0","54.18","13.25"
"66","000","00","021","2106","0079","776","214","562","34","810","1470","0","55.1","14.56"
"66","000","00","021","2106","0080","882","246","636","54","936","1559","0","60.04","15.78"
"66","000","00","021","2107","0000","736","182","554","47","783","1391","0","56.29","13.08"
"66","000","00","021","2107","0088","736","182","554","47","783","1391","0","56.29","13.08"
"66","000","00","021","2108","0000","744","191","553","47","791","1216","0","65.05","15.71"
"66","000","00","021","2108","0087","744","191","553","47","791","1216","0","65.05","15.71"
"66","000","00","021","2109","0000","1084","335","749","100","1184","2131","0","55.56","15.72"
"66","000","00","021","2109","0085","480","156","324","48","528","962","0","54.89","16.22"
"66","000","00","021","2109","0086","604","179","425","52","656","1169","0","56.12","15.31"
"66","000","00","021","2110","0000","831","209","622","83","914","1616","0","56.56","12.93"
"66","000","00","021","2110","0089","831","209","622","83","914","1616","0","56.56","12.93"
"66","000","00","021","2111","0000","552","173","379","39","591","1203","0","49.13","14.38"
"66","000","00","021","2111","0090","552","173","379","39","591","1203","0","49.13","14.38"
"66","000","00","022","0000","0000","8924","2478","6446","810","9734","16520","19250","58.92","15.0"
"66","000","00","022","2201","0000","503","132","371","67","570","1068","0","53.37","12.36"
"66","000","00","022","2201","0055","503","132","371","67","570","1068","0","53.37","12.36"
"66","000","00","022","2202","0000","554","157","397","60","614","1050","0","58.48","14.95"
"66","000","00","022","2202","0056","554","157","397","60","614","1050","0","58.48","14.95"
"66","000","00","022","2203","0000","1433","410","1023","109","1542","2643","0","58.34","15.51"
"66","000","00","022","2203","0057","699","213","486","59","758","1246","0","60.83","17.09"
"66","000","00","022","2203","0058","734","197","537","50","784","1397","0","56.12","14.1"
"66","000","00","022","2204","0000","863","244","619","77","940","1581","0","59.46","15.43"
"66","000","00","022","2204","0061","548","159","389","47","595","914","0","65.1","17.4"
"66","000","00","022","2204","0062","315","85","230","30","345","667","0","51.72","12.74"
"66","000","00","022","2205","0000","635","160","475","58","693","1170","0","59.23","13.68"
"66","000","00","022","2205","0060","635","160","475","58","693","1170","0","59.23","13.68"
"66","000","00","022","2206","0000","695","188","507","63","758","1227","0","61.78","15.32"
"66","000","00","022","2206","0059","695","188","507","63","758","1227","0","61.78","15.32"
"66","000","00","022","2207","0000","442","127","315","44","486","890","0","54.61","14.27"
"66","000","00","022","2207","0063","442","127","315","44","486","890","0","54.61","14.27"
"66","000","00","022","2208","0000","891","244","647","88","979","1744","0","56.14","13.99"
"66","000","00","022","2208","0064","663","178","485","71","734","1289","0","56.94","13.81"
"66","000","00","022","2208","0065","228","66","162","17","245","455","0","53.85","14.51"
"66","000","00","022","2209","0000","548","141","407","45","593","1028","0","57.68","13.72"
"66","000","00","022","2209","0066","548","141","407","45","593","1028","0","57.68","13.72"
"66","000","00","022","2210","0000","789","230","559","77","866","1446","0","59.89","15.91"
"66","000","00","022","2210","0067","789","230","559","77","866","1446","0","59.89","15.91"
"66","000","00","022","2211","0000","1008","269","739","85","1093","1750","0","62.46","15.37"
"66","000","00","022","2211","0068","415","113","302","30","445","688","0","64.68","16.42"
"66","000","00","022","2211","0069","593","156","437","55","648","1062","0","61.02","14.69"
"66","000","00","022","2212","0000","563","176","387","37","600","923","0","65.01","19.07"
"66","000","00","022","2212","0070","563","176","387","37","600","923","0","65.01","19.07"
"66","000","00","023","0000","0000","34100","10429","23671","2151","36251","61705","75275","58.75","16.9"
"66","000","00","023","2301","0000","4817","1517","3300","287","5104","8455","0","60.37","17.94"
"66","000","00","023","2301","0317","886","266","620","48","934","1480","0","63.11","17.97"
"66","000","00","023","2301","0318","1069","352","717","67","1136","1841","0","61.71","19.12"
"66","000","00","023","2301","0319","943","294","649","62","1005","1751","0","57.4","16.79"
"66","000","00","023","2301","0320","896","273","623","64","960","1547","0","62.06","17.65"
"66","000","00","023","2301","0321","1023","332","691","46","1069","1836","0","58.22","18.08"
"66","000","00","023","2302","0000","1423","508","915","153","1576","2534","0","62.19","20.05"
"66","000","00","023","2302","0322","737","281","456","93","830","1239","0","66.99","22.68"
"66","000","00","023","2302","0323","686","227","459","60","746","1295","0","57.61","17.53"
"66","000","00","023","2303","0000","2499","805","1694","159","2658","4707","0","56.47","17.1"
"66","000","00","023","2303","0324","675","230","445","42","717","1263","0","56.77","18.21"
"66","000","00","023","2303","0325","872","315","557","33","905","1622","0","55.8","19.42"
"66","000","00","023","2303","0326","952","260","692","84","1036","1822","0","56.86","14.27"
"66","000","00","023","2304","0000","2676","835","1841","140","2816","4813","0","58.51","17.35"
"66","000","00","023","2304","0327","1039","320","719","52","1091","1966","0","55.49","16.28"
"66","000","00","023","2304","0328","894","271","623","58","952","1615","0","58.95","16.78"
"66","000","00","023","2304","0329","743","244","499","30","773","1232","0","62.74","19.81"
"66","000","00","023","2305","0000","1320","395","925","60","1380","2512","0","54.94","15.72"
"66","000","00","023","2305","0330","726","200","526","28","754","1347","0","55.98","14.85"
"66","000","00","023","2305","0331","594","195","399","32","626","1165","0","53.73","16.74"
"66","000","00","023","2306","0000","7154","2172","4982","377","7531","12812","0","58.78","16.95"
"66","000","00","023","2306","0332","964","298","666","41","1005","1664","0","60.4","17.91"
"66","000","00","023","2306","0333","735","204","531","44","779","1230","0","63.33","16.59"
"66","000","00","023","2306","0334","914","268","646","78","992","1574","0","63.02","17.03"
"66","000","00","023","2306","0335","890","278","612","35","925","1452","0","63.71","19.15"
"66","000","00","023","2306","0336","947","250","697","60","1007","1879","0","53.59","13.3"
"66","000","00","023","2306","0337","891","294","597","37","928","1601","0","57.96","18.36"
"66","000","00","023","2306","0338","904","288","616","43","947","1546","0","61.25","18.63"
"66","000","00","023","2306","0339","909","292","617","39","948","1866","0","50.8","15.65"
"66","000","00","023","2307","0000","4119","1258","2861","229","4348","7449","0","58.37","16.89"
"66","000","00","023","2307","0340","1099","319","780","68","1167","1938","0","60.22","16.46"
"66","000","00","023","2307","0341","960","310","650","63","1023","1759","0","58.16","17.62"
"66","000","00","023","2307","0342","1095","347","748","59","1154","2061","0","55.99","16.84"
"66","000","00","023","2307","0343","965","282","683","39","1004","1691","0","59.37","16.68"
"66","000","00","023","2308","0000","1354","390","964","75","1429","2260","0","63.23","17.26"
"66","000","00","023","2308","0344","642","193","449","37","679","1039","0","65.35","18.58"
"66","000","00","023","2308","0345","712","197","515","38","750","1221","0","61.43","16.13"
"66","000","00","023","2309","0000","936","288","648","66","1002","1650","0","60.73","17.45"
"66","000","00","023","2309","0346","936","288","648","66","1002","1650","0","60.73","17.45"
"66","000","00","023","2310","0000","1228","389","839","80","1308","2157","0","60.64","18.03"
"66","000","00","023","2310","0347","544","170","374","36","580","937","0","61.9","18.14"
"66","000","00","023","2310","0348","684","219","465","44","728","1220","0","59.67","17.95"
"66","000","00","023","2311","0000","1057","313","744","95","1152","2139","0","53.86","14.63"
"66","000","00","023","2311","0349","1057","313","744","95","1152","2139","0","53.86","14.63"
"66","000","00","023","2312","0000","2429","681","1748","162","2591","4356","0","59.48","15.63"
"66","000","00","023","2312","0350","832","230","602","56","888","1371","0","64.77","16.78"
"66","000","00","023","2312","0351","698","179","519","53","751","1277","0","58.81","14.02"
"66","000","00","023","2312","0352","899","272","627","53","952","1708","0","55.74","15.93"
"66","000","00","023","2313","0000","1062","290","772","84","1146","2048","0","55.96","14.16"
"66","000","00","023","2313","0353","1062","290","772","84","1146","2048","0","55.96","14.16"
"66","000","00","023","2314","0000","839","250","589","66","905","1632","0","55.45","15.32"
"66","000","00","023","2314","0354","839","250","589","66","905","1632","0","55.45","15.32"
"66","000","00","023","2315","0000","742","223","519","63","805","1327","0","60.66","16.8"
"66","000","00","023","2315","0355","742","223","519","63","805","1327","0","60.66","16.8"
"66","000","00","023","2316","0000","445","115","330","55","500","854","0","58.55","13.47"
"66","000","00","023","2316","0356","445","115","330","55","500","854","0","58.55","13.47"
"66","000","00","024","0000","0000","26033","7711","18322","1711","27744","47457","57267","58.46","16.25"
"66","000","00","024","2401","0000","2318","644","1674","157","2475","4327","0","57.2","14.88"
"66","000","00","024","2401","0284","759","214","545","47","806","1415","0","56.96","15.12"
"66","000","00","024","2401","0285","693","195","498","54","747","1392","0","53.66","14.01"
"66","000","00","024","2401","0286","866","235","631","56","922","1520","0","60.66","15.46"
"66","000","00","024","2402","0000","516","365","151","67","583","862","0","67.63","42.34"
"66","000","00","024","2402","0287","516","365","151","67","583","862","0","67.63","42.34"
"66","000","00","024","2403","0000","2023","555","1468","125","2148","3558","0","60.37","15.6"
"66","000","00","024","2403","0288","741","205","536","41","782","1256","0","62.26","16.32"
"66","000","00","024","2403","0289","705","196","509","44","749","1292","0","57.97","15.17"
"66","000","00","024","2403","0290","577","154","423","40","617","1010","0","61.09","15.25"
"66","000","00","024","2404","0000","840","259","581","78","918","1485","0","61.82","17.44"
"66","000","00","024","2404","0291","840","259","581","78","918","1485","0","61.82","17.44"
"66","000","00","024","2405","0000","1380","404","976","131","1511","2440","0","61.93","16.56"
"66","000","00","024","2405","0292","702","198","504","67","769","1190","0","64.62","16.64"
"66","000","00","024","2405","0293","678","206","472","64","742","1250","0","59.36","16.48"
"66","000","00","024","2406","0000","1433","432","1001","81","1514","2604","0","58.14","16.59"
"66","000","00","024","2406","0294","738","220","518","42","780","1310","0","59.54","16.79"
"66","000","00","024","2406","0295","695","212","483","39","734","1294","0","56.72","16.38"
"66","000","00","024","2407","0000","1740","459","1281","115","1855","3050","0","60.82","15.05"
"66","000","00","024","2407","0296","1029","273","756","62","1091","1734","0","62.92","15.74"
"66","000","00","024","2407","0297","711","186","525","53","764","1316","0","58.05","14.13"
"66","000","00","024","2408","0000","1263","390","873","67","1330","2127","0","62.53","18.34"
"66","000","00","024","2408","0298","478","149","329","32","510","854","0","59.72","17.45"
"66","000","00","024","2408","0299","785","241","544","35","820","1273","0","64.41","18.93"
"66","000","00","024","2409","0000","522","152","370","24","546","851","0","64.16","17.86"
"66","000","00","024","2409","0300","522","152","370","24","546","851","0","64.16","17.86"
"66","000","00","024","2410","0000","886","241","645","36","922","1629","0","56.6","14.79"
"66","000","00","024","2410","0301","886","241","645","36","922","1629","0","56.6","14.79"
"66","000","00","024","2411","0000","878","242","636","77","955","1709","0","55.88","14.16"
"66","000","00","024","2411","0302","878","242","636","77","955","1709","0","55.88","14.16"
"66","000","00","024","2412","0000","498","148","350","32","530","953","0","55.61","15.53"
"66","000","00","024","2412","0303","498","148","350","32","530","953","0","55.61","15.53"
"66","000","00","024","2413","0000","761","206","555","53","814","1336","0","60.93","15.42"
"66","000","00","024","2413","0304","761","206","555","53","814","1336","0","60.93","15.42"
"66","000","00","024","2414","0000","3913","1149","2764","215","4128","7282","0","56.69","15.78"
"66","000","00","024","2414","0305","1076","312","764","70","1146","2113","0","54.24","14.77"
"66","000","00","024","2414","0306","937","271","666","81","1018","1730","0","58.84","15.66"
"66","000","00","024","2414","0307","930","289","641","29","959","1692","0","56.68","17.08"
"66","000","00","024","2414","0308","970","277","693","35","1005","1747","0","57.53","15.86"
"66","000","00","024","2415","0000","2657","755","1902","172","2829","5020","0","56.35","15.04"
"66","000","00","024","2415","0309","894","268","626","66","960","1672","0","57.42","16.03"
"66","000","00","024","2415","0310","864","251","613","43","907","1675","0","54.15","14.99"
"66","000","00","024","2415","0311","899","236","663","63","962","1673","0","57.5","14.11"
"66","000","00","024","2416","0000","2494","743","1751","139","2633","4732","0","55.64","15.7"
"66","000","00","024","2416","0312","917","276","641","50","967","1636","0","59.11","16.87"
"66","000","00","024","2416","0313","894","265","629","59","953","1753","0","54.36","15.12"
"66","000","00","024","2416","0314","683","202","481","30","713","1343","0","53.09","15.04"
"66","000","00","024","2417","0000","1911","567","1344","142","2053","3492","0","58.79","16.24"
"66","000","00","024","2417","0315","973","304","669","50","1023","1822","0","56.15","16.68"
"66","000","00","024","2417","0316","938","263","675","92","1030","1670","0","61.68","15.75"
"66","000","00","025","0000","0000","34039","10845","23194","1946","35985","63584","77922","56.59","17.06"
"66","000","00","025","2501","0000","1721","484","1237","68","1789","3033","0","58.98","15.96"
"66","000","00","025","2501","0239","1004","296","708","53","1057","1758","0","60.13","16.84"
"66","000","00","025","2501","0240","717","188","529","15","732","1275","0","57.41","14.75"
"66","000","00","025","2502","0000","1354","361","993","75","1429","2782","0","51.37","12.98"
"66","000","00","025","2502","0241","650","178","472","32","682","1379","0","49.46","12.91"
"66","000","00","025","2502","0242","704","183","521","43","747","1403","0","53.24","13.04"
"66","000","00","025","2503","0000","1052","290","762","83","1135","1875","0","60.53","15.47"
"66","000","00","025","2503","0243","529","158","371","41","570","974","0","58.52","16.22"
"66","000","00","025","2503","0244","523","132","391","42","565","901","0","62.71","14.65"
"66","000","00","025","2504","0000","1821","600","1221","130","1951","3388","0","57.59","17.71"
"66","000","00","025","2504","0245","923","299","624","68","991","1779","0","55.71","16.81"
"66","000","00","025","2504","0246","898","301","597","62","960","1609","0","59.66","18.71"
"66","000","00","025","2505","0000","523","388","135","24","547","1038","0","52.7","37.38"
"66","000","00","025","2505","0247","523","388","135","24","547","1038","0","52.7","37.38"
"66","000","00","025","2506","0000","1281","368","913","96","1377","2249","0","61.23","16.36"
"66","000","00","025","2506","0248","742","222","520","59","801","1328","0","60.32","16.72"
"66","000","00","025","2506","0249","539","146","393","37","576","921","0","62.54","15.85"
"66","000","00","025","2507","0000","2449","686","1763","172","2621","5028","0","52.13","13.64"
"66","000","00","025","2507","0250","776","231","545","70","846","1609","0","52.58","14.36"
"66","000","00","025","2507","0251","589","165","424","33","622","1227","0","50.69","13.45"
"66","000","00","025","2507","0252","668","166","502","56","724","1278","0","56.65","12.99"
"66","000","00","025","2507","0253","416","124","292","13","429","914","0","46.94","13.57"
"66","000","00","025","2508","0000","1414","441","973","63","1477","2911","0","50.74","15.15"
"66","000","00","025","2508","0254","803","252","551","31","834","1678","0","49.7","15.02"
"66","000","00","025","2508","0255","611","189","422","32","643","1233","0","52.15","15.33"
"66","000","00","025","2509","0000","2621","764","1857","144","2765","4945","0","55.92","15.45"
"66","000","00","025","2509","0256","814","243","571","47","861","1520","0","56.64","15.99"
"66","000","00","025","2509","0257","948","261","687","43","991","1905","0","52.02","13.7"
"66","000","00","025","2509","0258","859","260","599","54","913","1520","0","60.07","17.11"
"66","000","00","025","2510","0000","2972","890","2082","156","3128","5692","0","54.95","15.64"
"66","000","00","025","2510","0259","698","206","492","56","754","1385","0","54.44","14.87"
"66","000","00","025","2510","0260","641","210","431","37","678","1212","0","55.94","17.33"
"66","000","00","025","2510","0261","799","227","572","24","823","1432","0","57.47","15.85"
"66","000","00","025","2510","0262","834","247","587","39","873","1663","0","52.5","14.85"
"66","000","00","025","2511","0000","3896","1503","2393","173","4069","7249","0","56.13","20.73"
"66","000","00","025","2511","0263","788","540","248","33","821","1422","0","57.74","37.97"
"66","000","00","025","2511","0264","756","237","519","59","815","1616","0","50.43","14.67"
"66","000","00","025","2511","0265","795","210","585","45","840","1422","0","59.07","14.77"
"66","000","00","025","2511","0266","670","214","456","23","693","1165","0","59.48","18.37"
"66","000","00","025","2511","0267","887","302","585","13","900","1624","0","55.42","18.6"
"66","000","00","025","2512","0000","1402","385","1017","97","1499","2556","0","58.65","15.06"
"66","000","00","025","2512","0268","855","233","622","52","907","1613","0","56.23","14.45"
"66","000","00","025","2512","0269","547","152","395","45","592","943","0","62.78","16.12"
"66","000","00","025","2513","0000","3208","948","2260","223","3431","6091","0","56.33","15.56"
"66","000","00","025","2513","0270","811","225","586","56","867","1595","0","54.36","14.11"
"66","000","00","025","2513","0271","803","253","550","86","889","1508","0","58.95","16.78"
"66","000","00","025","2513","0272","768","227","541","35","803","1479","0","54.29","15.35"
"66","000","00","025","2513","0273","826","243","583","46","872","1509","0","57.79","16.1"
"66","000","00","025","2514","0000","905","249","656","63","968","1582","0","61.19","15.74"
"66","000","00","025","2514","0274","905","249","656","63","968","1582","0","61.19","15.74"
"66","000","00","025","2515","0000","2687","854","1833","156","2843","4692","0","60.59","18.2"
"66","000","00","025","2515","0280","630","203","427","33","663","1121","0","59.14","18.11"
"66","000","00","025","2515","0281","579","187","392","44","623","987","0","63.12","18.95"
"66","000","00","025","2515","0282","669","219","450","43","712","1206","0","59.04","18.16"
"66","000","00","025","2515","0283","809","245","564","36","845","1378","0","61.32","17.78"
"66","000","00","025","2516","0000","4733","1634","3099","223","4956","8473","0","58.49","19.28"
"66","000","00","025","2516","0275","920","308","612","55","975","1725","0","56.52","17.86"
"66","000","00","025","2516","0276","905","263","642","28","933","1616","0","57.74","16.27"
"66","000","00","025","2516","0277","934","301","633","45","979","1657","0","59.08","18.17"
"66","000","00","025","2516","0278","987","381","606","46","1033","1774","0","58.23","21.48"
"66","000","00","025","2516","0279","987","381","606","49","1036","1701","0","60.91","22.4"
"66","000","00","026","0000","0000","31201","8969","22232","2261","33462","55225","65632","60.59","16.24"
"66","000","00","026","2601","0000","712","213","499","34","746","1205","0","61.91","17.68"
"66","000","00","026","2601","1470","712","213","499","34","746","1205","0","61.91","17.68"
"66","000","00","026","2602","0000","5147","1519","3628","318","5465","9281","0","58.88","16.37"
"66","000","00","026","2602","1471","881","257","624","45","926","1620","0","57.16","15.86"
"66","000","00","026","2602","1472","910","288","622","56","966","1559","0","61.96","18.47"
"66","000","00","026","2602","1473","892","275","617","65","957","1660","0","57.65","16.57"
"66","000","00","026","2602","1474","940","282","658","48","988","1602","0","61.67","17.6"
"66","000","00","026","2602","1475","688","194","494","45","733","1325","0","55.32","14.64"
"66","000","00","026","2602","1476","836","223","613","59","895","1515","0","59.08","14.72"
"66","000","00","026","2603","0000","2491","777","1714","161","2652","4738","0","55.97","16.4"
"66","000","00","026","2603","1477","809","302","507","66","875","1561","0","56.05","19.35"
"66","000","00","026","2603","1478","870","250","620","44","914","1691","0","54.05","14.78"
"66","000","00","026","2603","1479","812","225","587","51","863","1486","0","58.08","15.14"
"66","000","00","026","2604","0000","1367","362","1005","95","1462","2333","0","62.67","15.52"
"66","000","00","026","2604","1480","570","155","415","43","613","975","0","62.87","15.9"
"66","000","00","026","2604","1481","797","207","590","52","849","1358","0","62.52","15.24"
"66","000","00","026","2605","0000","1259","346","913","69","1328","1996","0","66.53","17.33"
"66","000","00","026","2605","1482","736","203","533","26","762","1141","0","66.78","17.79"
"66","000","00","026","2605","1483","523","143","380","43","566","855","0","66.2","16.73"
"66","000","00","026","2606","0000","673","206","467","52","725","1202","0","60.32","17.14"
"66","000","00","026","2606","1484","673","206","467","52","725","1202","0","60.32","17.14"
"66","000","00","026","2607","0000","570","168","402","43","613","1078","0","56.86","15.58"
"66","000","00","026","2607","1485","570","168","402","43","613","1078","0","56.86","15.58"
"66","000","00","026","2608","0000","3388","991","2397","201","3589","5834","0","61.52","16.99"
"66","000","00","026","2608","1486","837","262","575","59","896","1456","0","61.54","17.99"
"66","000","00","026","2608","1487","906","297","609","52","958","1573","0","60.9","18.88"
"66","000","00","026","2608","1488","912","238","674","41","953","1591","0","59.9","14.96"
"66","000","00","026","2608","1489","733","194","539","49","782","1214","0","64.42","15.98"
"66","000","00","026","2609","0000","1711","449","1262","115","1826","2936","0","62.19","15.29"
"66","000","00","026","2609","1508","809","203","606","51","860","1363","0","63.1","14.89"
"66","000","00","026","2609","1509","902","246","656","64","966","1573","0","61.41","15.64"
"66","000","00","026","2610","0000","2126","617","1509","152","2278","3910","0","58.26","15.78"
"66","000","00","026","2610","1490","682","188","494","49","731","1267","0","57.7","14.84"
"66","000","00","026","2610","1491","710","202","508","50","760","1277","0","59.51","15.82"
"66","000","00","026","2610","1492","734","227","507","53","787","1366","0","57.61","16.62"
"66","000","00","026","2611","0000","1161","349","812","80","1241","1857","0","66.83","18.79"
"66","000","00","026","2611","1493","643","193","450","47","690","994","0","69.42","19.42"
"66","000","00","026","2611","1494","518","156","362","33","551","863","0","63.85","18.08"
"66","000","00","026","2612","0000","1310","381","929","111","1421","2436","0","58.33","15.64"
"66","000","00","026","2612","1495","694","206","488","41","735","1274","0","57.69","16.17"
"66","000","00","026","2612","1496","616","175","441","70","686","1162","0","59.04","15.06"
"66","000","00","026","2613","0000","1448","401","1047","119","1567","2574","0","60.88","15.58"
"66","000","00","026","2613","1497","712","182","530","67","779","1252","0","62.22","14.54"
"66","000","00","026","2613","1498","736","219","517","52","788","1322","0","59.61","16.57"
"66","000","00","026","2614","0000","1414","398","1016","123","1537","2642","0","58.18","15.06"
"66","000","00","026","2614","1504","664","198","466","62","726","1314","0","55.25","15.07"
"66","000","00","026","2614","1505","750","200","550","61","811","1328","0","61.07","15.06"
"66","000","00","026","2615","0000","1153","357","796","119","1272","2077","0","61.24","17.19"
"66","000","00","026","2615","1506","532","182","350","57","589","989","0","59.56","18.4"
"66","000","00","026","2615","1507","621","175","446","62","683","1088","0","62.78","16.08"
"66","000","00","026","2616","0000","587","149","438","61","648","1117","0","58.01","13.34"
"66","000","00","026","2616","1510","587","149","438","61","648","1117","0","58.01","13.34"
"66","000","00","026","2617","0000","1416","401","1015","137","1553","2366","0","65.64","16.95"
"66","000","00","026","2617","1511","798","211","587","73","871","1342","0","64.9","15.72"
"66","000","00","026","2617","1512","618","190","428","64","682","1024","0","66.6","18.55"
"66","000","00","026","2618","0000","1326","392","934","123","1449","2272","0","63.78","17.25"
"66","000","00","026","2618","1499","661","191","470","51","712","1116","0","63.8","17.11"
"66","000","00","026","2618","1500","665","201","464","72","737","1156","0","63.75","17.39"
"66","000","00","026","2619","0000","1258","304","954","101","1359","2075","0","65.49","14.65"
"66","000","00","026","2619","1501","676","175","501","53","729","1147","0","63.56","15.26"
"66","000","00","026","2619","1502","582","129","453","48","630","928","0","67.89","13.9"
"66","000","00","026","2620","0000","684","189","495","47","731","1296","0","56.4","14.58"
"66","000","00","026","2620","1503","684","189","495","47","731","1296","0","56.4","14.58"
"66","000","00","027","0000","0000","82040","24875","57165","4681","86721","157926","191097","54.91","15.75"
"66","000","00","027","2701","0000","2813","838","1975","184","2997","5448","0","55.01","15.38"
"66","000","00","027","2701","1271","930","282","648","69","999","1821","0","54.86","15.49"
"66","000","00","027","2701","1272","833","246","587","34","867","1680","0","51.61","14.64"
"66","000","00","027","2701","1273","1050","310","740","81","1131","1947","0","58.09","15.92"
"66","000","00","027","2702","0000","3095","954","2141","167","3262","5757","0","56.66","16.57"
"66","000","00","027","2702","1274","1069","330","739","72","1141","1910","0","59.74","17.28"
"66","000","00","027","2702","1275","977","307","670","45","1022","1894","0","53.96","16.21"
"66","000","00","027","2702","1276","1049","317","732","50","1099","1953","0","56.27","16.23"
"66","000","00","027","2703","0000","2110","615","1495","84","2194","4067","0","53.95","15.12"
"66","000","00","027","2703","1281","1056","300","756","49","1105","2011","0","54.95","14.92"
"66","000","00","027","2703","1282","1054","315","739","35","1089","2056","0","52.97","15.32"
"66","000","00","027","2704","0000","1855","541","1314","137","1992","3317","0","60.05","16.31"
"66","000","00","027","2704","1287","1059","327","732","71","1130","1886","0","59.92","17.34"
"66","000","00","027","2704","1288","796","214","582","66","862","1431","0","60.24","14.95"
"66","000","00","027","2705","0000","1534","718","816","88","1622","2924","0","55.47","24.56"
"66","000","00","027","2705","1297","691","485","206","62","753","1378","0","54.64","35.2"
"66","000","00","027","2705","1298","843","233","610","26","869","1546","0","56.21","15.07"
"66","000","00","027","2706","0000","2078","572","1506","123","2201","4083","0","53.91","14.01"
"66","000","00","027","2706","1291","1052","288","764","61","1113","2048","0","54.35","14.06"
"66","000","00","027","2706","1292","1026","284","742","62","1088","2035","0","53.46","13.96"
"66","000","00","027","2707","0000","3096","896","2200","189","3285","6114","0","53.73","14.65"
"66","000","00","027","2707","1316","915","282","633","40","955","1623","0","58.84","17.38"
"66","000","00","027","2707","1317","724","195","529","53","777","1548","0","50.19","12.6"
"66","000","00","027","2707","1318","740","213","527","60","800","1442","0","55.48","14.77"
"66","000","00","027","2707","1319","717","206","511","36","753","1501","0","50.17","13.72"
"66","000","00","027","2708","0000","1713","503","1210","80","1793","3605","0","49.74","13.95"
"66","000","00","027","2708","1312","954","272","682","49","1003","1654","0","60.64","16.44"
"66","000","00","027","2708","1313","759","231","528","31","790","1951","0","40.49","11.84"
"66","000","00","027","2709","0000","1858","513","1345","119","1977","3281","0","60.26","15.64"
"66","000","00","027","2709","1301","885","247","638","75","960","1582","0","60.68","15.61"
"66","000","00","027","2709","1302","973","266","707","44","1017","1699","0","59.86","15.66"
"66","000","00","027","2710","0000","2585","806","1779","143","2728","5163","0","52.84","15.61"
"66","000","00","027","2710","1307","915","286","629","40","955","1776","0","53.77","16.1"
"66","000","00","027","2710","1308","887","275","612","48","935","1729","0","54.08","15.91"
"66","000","00","027","2710","1309","783","245","538","55","838","1658","0","50.54","14.78"
"66","000","00","027","2711","0000","3830","1193","2637","188","4018","7262","0","55.33","16.43"
"66","000","00","027","2711","1325","1119","323","796","73","1192","2075","0","57.45","15.57"
"66","000","00","027","2711","1326","861","289","572","43","904","1723","0","52.47","16.77"
"66","000","00","027","2711","1327","1100","349","751","44","1144","2049","0","55.83","17.03"
"66","000","00","027","2711","1328","750","232","518","28","778","1415","0","54.98","16.4"
"66","000","00","027","2712","0000","3911","1206","2705","187","4098","7197","0","56.94","16.76"
"66","000","00","027","2712","1335","934","282","652","44","978","1667","0","58.67","16.92"
"66","000","00","027","2712","1336","972","295","677","57","1029","1793","0","57.39","16.45"
"66","000","00","027","2712","1337","1036","343","693","33","1069","1903","0","56.17","18.02"
"66","000","00","027","2712","1338","969","286","683","53","1022","1834","0","55.73","15.59"
"66","000","00","027","2713","0000","2965","980","1985","124","3089","5993","0","51.54","16.35"
"66","000","00","027","2713","1346","926","301","625","41","967","1974","0","48.99","15.25"
"66","000","00","027","2713","1347","1000","328","672","39","1039","1828","0","56.84","17.94"
"66","000","00","027","2713","1348","1039","351","688","44","1083","2191","0","49.43","16.02"
"66","000","00","027","2714","0000","894","214","680","76","970","1825","0","53.15","11.73"
"66","000","00","027","2714","1349","894","214","680","76","970","1825","0","53.15","11.73"
"66","000","00","027","2715","0000","637","177","460","52","689","1225","0","56.24","14.45"
"66","000","00","027","2715","1351","637","177","460","52","689","1225","0","56.24","14.45"
"66","000","00","027","2716","0000","1626","468","1158","127","1753","3179","0","55.14","14.72"
"66","000","00","027","2716","1352","896","227","669","54","950","1678","0","56.62","13.53"
"66","000","00","027","2716","1353","730","241","489","73","803","1501","0","53.5","16.06"
"66","000","00","027","2717","0000","1705","517","1188","107","1812","3094","0","58.56","16.71"
"66","000","00","027","2717","1357","705","233","472","36","741","1428","0","51.89","16.32"
"66","000","00","027","2717","1358","1000","284","716","71","1071","1666","0","64.29","17.05"
"66","000","00","027","2718","0000","2349","645","1704","170","2519","4710","0","53.48","13.69"
"66","000","00","027","2718","1361","625","167","458","44","669","1166","0","57.38","14.32"
"66","000","00","027","2718","1362","966","271","695","79","1045","1790","0","58.38","15.14"
"66","000","00","027","2718","1363","758","207","551","47","805","1754","0","45.9","11.8"
"66","000","00","027","2719","0000","409","87","322","38","447","699","0","63.95","12.45"
"66","000","00","027","2719","1356","409","87","322","38","447","699","0","63.95","12.45"
"66","000","00","027","2720","0000","3586","1021","2565","219","3805","6563","0","57.98","15.56"
"66","000","00","027","2720","1277","986","306","680","72","1058","1846","0","57.31","16.58"
"66","000","00","027","2720","1278","841","241","600","49","890","1493","0","59.61","16.14"
"66","000","00","027","2720","1279","841","221","620","54","895","1605","0","55.76","13.77"
"66","000","00","027","2720","1280","918","253","665","44","962","1619","0","59.42","15.63"
"66","000","00","027","2721","0000","2031","650","1381","134","2165","4094","0","52.88","15.88"
"66","000","00","027","2721","1289","975","308","667","71","1046","1930","0","54.2","15.96"
"66","000","00","027","2721","1290","1056","342","714","63","1119","2164","0","51.71","15.8"
"66","000","00","027","2722","0000","1861","608","1253","151","2012","3870","0","51.99","15.71"
"66","000","00","027","2722","1293","852","280","572","79","931","1685","0","55.25","16.62"
"66","000","00","027","2722","1294","1009","328","681","72","1081","2185","0","49.47","15.01"
"66","000","00","027","2723","0000","1453","446","1007","53","1506","2773","0","54.31","16.08"
"66","000","00","027","2723","1295","614","182","432","24","638","1176","0","54.25","15.48"
"66","000","00","027","2723","1296","839","264","575","29","868","1597","0","54.35","16.53"
"66","000","00","027","2724","0000","1888","579","1309","123","2011","3691","0","54.48","15.69"
"66","000","00","027","2724","1283","973","309","664","48","1021","1876","0","54.42","16.47"
"66","000","00","027","2724","1284","915","270","645","75","990","1815","0","54.55","14.88"
"66","000","00","027","2725","0000","1265","361","904","102","1367","2285","0","59.82","15.8"
"66","000","00","027","2725","1285","678","192","486","39","717","1281","0","55.97","14.99"
"66","000","00","027","2725","1286","587","169","418","63","650","1004","0","64.74","16.83"
"66","000","00","027","2726","0000","1449","324","1125","106","1555","2943","0","52.84","11.01"
"66","000","00","027","2726","1299","894","173","721","64","958","1890","0","50.69","9.15"
"66","000","00","027","2726","1300","555","151","404","42","597","1053","0","56.7","14.34"
"66","000","00","027","2727","0000","2645","874","1771","80","2725","4703","0","57.94","18.58"
"66","000","00","027","2727","1339","797","218","579","38","835","1526","0","54.72","14.29"
"66","000","00","027","2727","1340","913","321","592","17","930","1483","0","62.71","21.65"
"66","000","00","027","2727","1341","935","335","600","25","960","1694","0","56.67","19.78"
"66","000","00","027","2728","0000","3708","1299","2409","130","3838","6795","0","56.48","19.12"
"66","000","00","027","2728","1342","939","310","629","28","967","1952","0","49.54","15.88"
"66","000","00","027","2728","1343","1049","350","699","45","1094","1995","0","54.84","17.54"
"66","000","00","027","2728","1344","739","249","490","19","758","1311","0","57.82","18.99"
"66","000","00","027","2728","1345","981","390","591","38","1019","1537","0","66.3","25.37"
"66","000","00","027","2729","0000","2864","933","1931","170","3034","5574","0","54.43","16.74"
"66","000","00","027","2729","1329","920","304","616","87","1007","1778","0","56.64","17.1"
"66","000","00","027","2729","1330","845","265","580","46","891","1706","0","52.23","15.53"
"66","000","00","027","2729","1331","1099","364","735","37","1136","2090","0","54.35","17.42"
"66","000","00","027","2730","0000","2488","773","1715","115","2603","5269","0","49.4","14.67"
"66","000","00","027","2730","1332","989","306","683","52","1041","2093","0","49.74","14.62"
"66","000","00","027","2730","1333","778","222","556","33","811","1688","0","48.05","13.15"
"66","000","00","027","2730","1334","721","245","476","30","751","1488","0","50.47","16.47"
"66","000","00","027","2731","0000","2923","774","2149","139","3062","6065","0","50.49","12.76"
"66","000","00","027","2731","1320","970","117","853","28","998","2025","0","49.28","5.78"
"66","000","00","027","2731","1321","968","330","638","44","1012","1885","0","53.69","17.51"
"66","000","00","027","2731","1322","985","327","658","67","1052","2155","0","48.82","15.17"
"66","000","00","027","2732","0000","1732","535","1197","115","1847","3796","0","48.66","14.09"
"66","000","00","027","2732","1323","851","269","582","58","909","1775","0","51.21","15.15"
"66","000","00","027","2732","1324","881","266","615","57","938","2021","0","46.41","13.16"
"66","000","00","027","2733","0000","1900","518","1382","99","1999","3762","0","53.14","13.77"
"66","000","00","027","2733","1310","1010","264","746","55","1065","2010","0","52.99","13.13"
"66","000","00","027","2733","1311","890","254","636","44","934","1752","0","53.31","14.5"
"66","000","00","027","2734","0000","2550","757","1793","149","2699","4401","0","61.33","17.2"
"66","000","00","027","2734","1314","1274","384","890","84","1358","2170","0","62.58","17.7"
"66","000","00","027","2734","1315","1276","373","903","65","1341","2231","0","60.11","16.72"
"66","000","00","027","2735","0000","1301","398","903","93","1394","2556","0","54.54","15.57"
"66","000","00","027","2735","1303","757","242","515","58","815","1493","0","54.59","16.21"
"66","000","00","027","2735","1304","544","156","388","35","579","1063","0","54.47","14.68"
"66","000","00","027","2736","0000","1253","352","901","87","1340","2201","0","60.88","15.99"
"66","000","00","027","2736","1305","639","182","457","48","687","1117","0","61.5","16.29"
"66","000","00","027","2736","1306","614","170","444","39","653","1084","0","60.24","15.68"
"66","000","00","027","2737","0000","773","207","566","17","790","1559","0","50.67","13.28"
"66","000","00","027","2737","1350","773","207","566","17","790","1559","0","50.67","13.28"
"66","000","00","027","2738","0000","1916","607","1309","129","2045","3576","0","57.19","16.97"
"66","000","00","027","2738","1354","864","271","593","60","924","1450","0","63.72","18.69"
"66","000","00","027","2738","1355","1052","336","716","69","1121","2126","0","52.73","15.8"
"66","000","00","027","2739","0000","1391","416","975","87","1478","2507","0","58.95","16.59"
"66","000","00","027","2739","1359","670","204","466","44","714","1241","0","57.53","16.44"
"66","000","00","027","2739","1360","721","212","509","43","764","1266","0","60.35","16.75"
"66","000","00","028","0000","0000","91925","28448","63477","4937","96862","171769","211860","56.39","16.56"
"66","000","00","028","2801","0000","1917","582","1335","131","2048","3508","0","58.38","16.59"
"66","000","00","028","2801","1373","904","263","641","50","954","1697","0","56.22","15.5"
"66","000","00","028","2801","1374","1013","319","694","81","1094","1811","0","60.41","17.61"
"66","000","00","028","2802","0000","5208","1608","3600","258","5466","9923","0","55.08","16.2"
"66","000","00","028","2802","1375","928","279","649","57","985","1830","0","53.83","15.25"
"66","000","00","028","2802","1376","895","261","634","70","965","2228","0","43.31","11.71"
"66","000","00","028","2802","1377","1078","318","760","60","1138","1997","0","56.99","15.92"
"66","000","00","028","2802","1378","1266","400","866","34","1300","2033","0","63.94","19.68"
"66","000","00","028","2802","1379","1041","350","691","37","1078","1835","0","58.75","19.07"
"66","000","00","028","2803","0000","1735","555","1180","124","1859","3418","0","54.39","16.24"
"66","000","00","028","2803","1384","821","274","547","66","887","1621","0","54.72","16.9"
"66","000","00","028","2803","1385","914","281","633","58","972","1797","0","54.09","15.64"
"66","000","00","028","2804","0000","3748","1188","2560","167","3915","7122","0","54.97","16.68"
"66","000","00","028","2804","1422","989","305","684","40","1029","1875","0","54.88","16.27"
"66","000","00","028","2804","1423","908","282","626","50","958","1670","0","57.37","16.89"
"66","000","00","028","2804","1424","993","338","655","40","1033","1898","0","54.43","17.81"
"66","000","00","028","2804","1425","858","263","595","37","895","1679","0","53.31","15.66"
"66","000","00","028","2805","0000","3693","1155","2538","250","3943","6924","0","56.95","16.68"
"66","000","00","028","2805","1386","653","199","454","26","679","1230","0","55.2","16.18"
"66","000","00","028","2805","1387","772","214","558","52","824","1488","0","55.38","14.38"
"66","000","00","028","2805","1388","735","268","467","60","795","1459","0","54.49","18.37"
"66","000","00","028","2805","1389","902","281","621","42","944","1647","0","57.32","17.06"
"66","000","00","028","2805","1390","631","193","438","70","701","1100","0","63.73","17.55"
"66","000","00","028","2806","0000","2175","582","1593","126","2301","3956","0","58.16","14.71"
"66","000","00","028","2806","1434","664","187","477","25","689","1103","0","62.47","16.95"
"66","000","00","028","2806","1435","744","218","526","49","793","1419","0","55.88","15.36"
"66","000","00","028","2806","1436","767","177","590","52","819","1434","0","57.11","12.34"
"66","000","00","028","2807","0000","2859","904","1955","123","2982","5587","0","53.37","16.18"
"66","000","00","028","2807","1437","919","268","651","33","952","1875","0","50.77","14.29"
"66","000","00","028","2807","1438","977","319","658","55","1032","1862","0","55.42","17.13"
"66","000","00","028","2807","1439","963","317","646","35","998","1850","0","53.95","17.14"
"66","000","00","028","2808","0000","4352","1347","3005","210","4562","8258","0","55.24","16.31"
"66","000","00","028","2808","1391","768","234","534","45","813","1410","0","57.66","16.6"
"66","000","00","028","2808","1392","905","260","645","55","960","1807","0","53.13","14.39"
"66","000","00","028","2808","1393","799","239","560","48","847","1331","0","63.64","17.96"
"66","000","00","028","2808","1394","943","316","627","27","970","1801","0","53.86","17.55"
"66","000","00","028","2808","1395","937","298","639","35","972","1909","0","50.92","15.61"
"66","000","00","028","2809","0000","1721","519","1202","107","1828","3355","0","54.49","15.47"
"66","000","00","028","2809","1399","883","269","614","60","943","1753","0","53.79","15.35"
"66","000","00","028","2809","1400","838","250","588","47","885","1602","0","55.24","15.61"
"66","000","00","028","2810","0000","2635","766","1869","158","2793","5278","0","52.92","14.51"
"66","000","00","028","2810","1451","915","261","654","48","963","1759","0","54.75","14.84"
"66","000","00","028","2810","1452","881","266","615","61","942","1783","0","52.83","14.92"
"66","000","00","028","2810","1453","839","239","600","49","888","1736","0","51.15","13.77"
"66","000","00","028","2811","0000","3884","1089","2795","253","4137","7599","0","54.44","14.33"
"66","000","00","028","2811","1458","967","291","676","55","1022","1836","0","55.66","15.85"
"66","000","00","028","2811","1459","1031","303","728","57","1088","1913","0","56.87","15.84"
"66","000","00","028","2811","1460","930","260","670","90","1020","1913","0","53.32","13.59"
"66","000","00","028","2811","1461","956","235","721","51","1007","1937","0","51.99","12.13"
"66","000","00","028","2812","0000","2304","720","1584","159","2463","4237","0","58.13","16.99"
"66","000","00","028","2812","1401","618","202","416","55","673","1144","0","58.83","17.66"
"66","000","00","028","2812","1402","912","271","641","64","976","1655","0","58.97","16.37"
"66","000","00","028","2812","1403","774","247","527","40","814","1438","0","56.61","17.18"
"66","000","00","028","2813","0000","551","182","369","47","598","1000","0","59.8","18.2"
"66","000","00","028","2813","1404","551","182","369","47","598","1000","0","59.8","18.2"
"66","000","00","028","2814","0000","4470","1328","3142","253","4723","8369","0","56.43","15.87"
"66","000","00","028","2814","1405","910","273","637","53","963","1711","0","56.28","15.96"
"66","000","00","028","2814","1406","911","256","655","16","927","1698","0","54.59","15.08"
"66","000","00","028","2814","1407","995","293","702","82","1077","1914","0","56.27","15.31"
"66","000","00","028","2814","1408","819","261","558","36","855","1465","0","58.36","17.82"
"66","000","00","028","2814","1409","835","245","590","66","901","1581","0","56.99","15.5"
"66","000","00","028","2815","0000","2107","613","1494","97","2204","4438","0","49.66","13.81"
"66","000","00","028","2815","1414","557","156","401","37","594","1204","0","49.34","12.96"
"66","000","00","028","2815","1415","865","248","617","26","891","1761","0","50.6","14.08"
"66","000","00","028","2815","1416","685","209","476","34","719","1473","0","48.81","14.19"
"66","000","00","028","2816","0000","4515","1404","3111","303","4818","8428","0","57.17","16.66"
"66","000","00","028","2816","1417","894","346","548","55","949","1675","0","56.66","20.66"
"66","000","00","028","2816","1418","934","259","675","58","992","1755","0","56.52","14.76"
"66","000","00","028","2816","1419","883","267","616","74","957","1593","0","60.08","16.76"
"66","000","00","028","2816","1420","938","275","663","61","999","1799","0","55.53","15.29"
"66","000","00","028","2816","1421","866","257","609","55","921","1606","0","57.35","16.0"
"66","000","00","028","2817","0000","6163","2012","4151","317","6480","11504","0","56.33","17.49"
"66","000","00","028","2817","1462","772","226","546","50","822","1508","0","54.51","14.99"
"66","000","00","028","2817","1463","775","220","555","29","804","1340","0","60.0","16.42"
"66","000","00","028","2817","1464","921","256","665","47","968","1656","0","58.45","15.46"
"66","000","00","028","2817","1465","686","192","494","36","722","1290","0","55.97","14.88"
"66","000","00","028","2817","1466","880","260","620","39","919","1655","0","55.53","15.71"
"66","000","00","028","2817","1467","606","220","386","28","634","1260","0","50.32","17.46"
"66","000","00","028","2817","1468","712","227","485","32","744","1247","0","59.66","18.2"
"66","000","00","028","2817","1469","811","411","400","56","867","1548","0","56.01","26.55"
"66","000","00","028","2818","0000","5086","1808","3278","321","5407","9578","0","56.45","18.88"
"66","000","00","028","2818","1445","849","244","605","58","907","1701","0","53.32","14.34"
"66","000","00","028","2818","1446","759","237","522","63","822","1549","0","53.07","15.3"
"66","000","00","028","2818","1447","894","258","636","50","944","1567","0","60.24","16.46"
"66","000","00","028","2818","1448","893","277","616","40","933","1614","0","57.81","17.16"
"66","000","00","028","2818","1449","970","308","662","72","1042","1811","0","57.54","17.01"
"66","000","00","028","2818","1450","721","484","237","38","759","1336","0","56.81","36.23"
"66","000","00","028","2819","0000","5106","1592","3514","279","5385","10155","0","53.03","15.68"
"66","000","00","028","2819","1364","792","238","554","48","840","1614","0","52.04","14.75"
"66","000","00","028","2819","1365","785","225","560","27","812","1599","0","50.78","14.07"
"66","000","00","028","2819","1366","822","293","529","52","874","1715","0","50.96","17.08"
"66","000","00","028","2819","1367","707","193","514","32","739","1264","0","58.47","15.27"
"66","000","00","028","2819","1368","719","245","474","39","758","1416","0","53.53","17.3"
"66","000","00","028","2819","1369","613","180","433","31","644","1188","0","54.21","15.15"
"66","000","00","028","2819","1370","668","218","450","50","718","1359","0","52.83","16.04"
"66","000","00","028","2820","0000","1579","437","1142","97","1676","2860","0","58.6","15.28"
"66","000","00","028","2820","1371","791","217","574","52","843","1457","0","57.86","14.89"
"66","000","00","028","2820","1372","788","220","568","45","833","1403","0","59.37","15.68"
"66","000","00","028","2821","0000","3359","1020","2339","112","3471","5775","0","60.1","17.66"
"66","000","00","028","2821","1380","714","217","497","19","733","1268","0","57.81","17.11"
"66","000","00","028","2821","1381","916","273","643","42","958","1645","0","58.24","16.6"
"66","000","00","028","2821","1382","903","288","615","28","931","1561","0","59.64","18.45"
"66","000","00","028","2821","1383","826","242","584","23","849","1301","0","65.26","18.6"
"66","000","00","028","2822","0000","2202","689","1513","124","2326","4102","0","56.7","16.8"
"66","000","00","028","2822","1426","713","207","506","45","758","1373","0","55.21","15.08"
"66","000","00","028","2822","1427","707","222","485","45","752","1299","0","57.89","17.09"
"66","000","00","028","2822","1428","782","260","522","34","816","1430","0","57.06","18.18"
"66","000","00","028","2823","0000","5655","1784","3871","184","5839","9149","0","63.82","19.5"
"66","000","00","028","2823","1429","1109","335","774","36","1145","1805","0","63.43","18.56"
"66","000","00","028","2823","1430","1148","401","747","25","1173","1806","0","64.95","22.2"
"66","000","00","028","2823","1431","1149","355","794","48","1197","1826","0","65.55","19.44"
"66","000","00","028","2823","1432","1137","321","816","38","1175","1805","0","65.1","17.78"
"66","000","00","028","2823","1433","1112","372","740","37","1149","1907","0","60.25","19.51"
"66","000","00","028","2824","0000","4821","1556","3265","227","5048","8472","0","59.58","18.37"
"66","000","00","028","2824","1440","871","269","602","61","932","1622","0","57.46","16.58"
"66","000","00","028","2824","1441","970","301","669","45","1015","1638","0","61.97","18.38"
"66","000","00","028","2824","1442","965","294","671","51","1016","1633","0","62.22","18.0"
"66","000","00","028","2824","1443","920","302","618","39","959","1662","0","57.7","18.17"
"66","000","00","028","2824","1444","1095","390","705","31","1126","1917","0","58.74","20.34"
"66","000","00","028","2825","0000","2701","848","1853","148","2849","5238","0","54.39","16.19"
"66","000","00","028","2825","1396","809","221","588","56","865","1699","0","50.91","13.01"
"66","000","00","028","2825","1397","894","274","620","47","941","1627","0","57.84","16.84"
"66","000","00","028","2825","1398","998","353","645","45","1043","1912","0","54.55","18.46"
"66","000","00","028","2826","0000","4130","1178","2952","208","4338","7648","0","56.72","15.4"
"66","000","00","028","2826","1454","1022","293","729","42","1064","1874","0","56.78","15.64"
"66","000","00","028","2826","1455","1005","314","691","66","1071","1889","0","56.7","16.62"
"66","000","00","028","2826","1456","1012","269","743","59","1071","1947","0","55.01","13.82"
"66","000","00","028","2826","1457","1091","302","789","41","1132","1938","0","58.41","15.58"
"66","000","00","028","2827","0000","3249","982","2267","154","3403","5888","0","57.8","16.68"
"66","000","00","028","2827","1410","854","233","621","43","897","1509","0","59.44","15.44"
"66","000","00","028","2827","1411","827","238","589","27","854","1570","0","54.39","15.16"
"66","000","00","028","2827","1412","798","261","537","33","831","1425","0","58.32","18.32"
"66","000","00","028","2827","1413","770","250","520","51","821","1384","0","59.32","18.06"
"66","000","00","029","0000","0000","5676","1190","4486","327","6003","9498","11066","63.2","12.53"
"66","000","00","029","2901","0000","1173","279","894","71","1244","1919","0","64.83","14.54"
"66","000","00","029","2901","1585","580","163","417","32","612","956","0","64.02","17.05"
"66","000","00","029","2901","1586","593","116","477","39","632","963","0","65.63","12.05"
"66","000","00","029","2902","0000","252","65","187","19","271","456","0","59.43","14.25"
"66","000","00","029","2902","1587","252","65","187","19","271","456","0","59.43","14.25"
"66","000","00","029","2903","0000","981","191","790","64","1045","1647","0","63.45","11.6"
"66","000","00","029","2903","1588","610","115","495","50","660","1011","0","65.28","11.37"
"66","000","00","029","2903","1589","371","76","295","14","385","636","0","60.53","11.95"
"66","000","00","029","2904","0000","310","79","231","11","321","451","0","71.18","17.52"
"66","000","00","029","2904","1595","310","79","231","11","321","451","0","71.18","17.52"
"66","000","00","029","2905","0000","744","118","626","39","783","1051","0","74.5","11.23"
"66","000","00","029","2905","1590","177","25","152","6","183","270","0","67.78","9.26"
"66","000","00","029","2905","1591","342","47","295","15","357","460","0","77.61","10.22"
"66","000","00","029","2905","1592","225","46","179","18","243","321","0","75.7","14.33"
"66","000","00","029","2906","0000","712","175","537","35","747","1119","0","66.76","15.64"
"66","000","00","029","2906","1593","495","128","367","21","516","783","0","65.9","16.35"
"66","000","00","029","2906","1594","217","47","170","14","231","336","0","68.75","13.99"
"66","000","00","029","2907","0000","1005","192","813","58","1063","1985","0","53.55","9.67"
"66","000","00","029","2907","1596","194","28","166","11","205","366","0","56.01","7.65"
"66","000","00","029","2907","1597","356","73","283","10","366","771","0","47.47","9.47"
"66","000","00","029","2907","1598","298","60","238","23","321","574","0","55.92","10.45"
"66","000","00","029","2907","1599","157","31","126","14","171","274","0","62.41","11.31"
"66","000","00","029","2908","0000","499","91","408","30","529","870","0","60.8","10.46"
"66","000","00","029","2908","1600","81","18","63","5","86","157","0","54.78","11.46"
"66","000","00","029","2908","1601","418","73","345","25","443","713","0","62.13","10.24"
"67","000","00","000","0000","0000","772918","257730","515188","47869","820787","1594821","1883804","51.47","16.16"
"67","000","00","001","0000","0000","30661","10002","20659","1697","32358","64949","77651","49.82","15.4"
"67","000","00","001","0101","0000","2310","705","1605","163","2473","4741","0","52.16","14.87"
"67","000","00","001","0101","0116","739","234","505","55","794","1693","0","46.9","13.82"
"67","000","00","001","0101","0117","806","238","568","66","872","1561","0","55.86","15.25"
"67","000","00","001","0101","0118","765","233","532","42","807","1487","0","54.27","15.67"
"67","000","00","001","0102","0000","1151","369","782","40","1191","2299","0","51.81","16.05"
"67","000","00","001","0102","0119","622","186","436","20","642","1232","0","52.11","15.1"
"67","000","00","001","0102","0120","529","183","346","20","549","1067","0","51.45","17.15"
"67","000","00","001","0103","0000","1401","481","920","62","1463","2885","0","50.71","16.67"
"67","000","00","001","0103","0121","630","223","407","30","660","1419","0","46.51","15.72"
"67","000","00","001","0103","0122","771","258","513","32","803","1466","0","54.77","17.6"
"67","000","00","001","0107","0000","1456","510","946","71","1527","2940","0","51.94","17.35"
"67","000","00","001","0107","0126","465","158","307","37","502","888","0","56.53","17.79"
"67","000","00","001","0107","0127","558","206","352","13","571","1115","0","51.21","18.48"
"67","000","00","001","0107","0128","433","146","287","21","454","937","0","48.45","15.58"
"67","000","00","001","0108","0000","2065","659","1406","114","2179","4214","0","51.71","15.64"
"67","000","00","001","0108","0129","646","214","432","40","686","1387","0","49.46","15.43"
"67","000","00","001","0108","0130","713","213","500","46","759","1526","0","49.74","13.96"
"67","000","00","001","0108","0131","706","232","474","28","734","1301","0","56.42","17.83"
"67","000","00","001","0109","0000","658","230","428","41","699","1193","0","58.59","19.28"
"67","000","00","001","0109","0136","658","230","428","41","699","1193","0","58.59","19.28"
"67","000","00","001","0110","0000","556","198","358","17","573","1439","0","39.82","13.76"
"67","000","00","001","0110","0137","556","198","358","17","573","1439","0","39.82","13.76"
"67","000","00","001","0112","0000","1000","299","701","53","1053","2460","0","42.8","12.15"
"67","000","00","001","0112","0140","498","167","331","28","526","1233","0","42.66","13.54"
"67","000","00","001","0112","0141","502","132","370","25","527","1227","0","42.95","10.76"
"67","000","00","001","0113","0000","961","281","680","57","1018","1797","0","56.65","15.64"
"67","000","00","001","0113","0138","771","223","548","37","808","1438","0","56.19","15.51"
"67","000","00","001","0113","0139","190","58","132","20","210","359","0","58.5","16.16"
"67","000","00","001","0114","0000","1376","459","917","53","1429","3250","0","43.97","14.12"
"67","000","00","001","0114","0142","579","176","403","27","606","1320","0","45.91","13.33"
"67","000","00","001","0114","0143","797","283","514","26","823","1930","0","42.64","14.66"
"67","000","00","001","0115","0000","2063","661","1402","107","2170","4419","0","49.11","14.96"
"67","000","00","001","0115","0150","791","253","538","38","829","1595","0","51.97","15.86"
"67","000","00","001","0115","0151","423","138","285","15","438","959","0","45.67","14.39"
"67","000","00","001","0115","0152","849","270","579","54","903","1865","0","48.42","14.48"
"67","000","00","001","0116","0000","714","228","486","71","785","1678","0","46.78","13.59"
"67","000","00","001","0116","0153","714","228","486","71","785","1678","0","46.78","13.59"
"67","000","00","001","0117","0000","563","165","398","57","620","1373","0","45.16","12.02"
"67","000","00","001","0117","0154","563","165","398","57","620","1373","0","45.16","12.02"
"67","000","00","001","0118","0000","620","217","403","31","651","1722","0","37.8","12.6"
"67","000","00","001","0118","0155","516","178","338","28","544","1431","0","38.02","12.44"
"67","000","00","001","0118","0156","104","39","65","3","107","291","0","36.77","13.4"
"67","000","00","001","0119","0000","800","283","517","53","853","1749","0","48.77","16.18"
"67","000","00","001","0119","0157","800","283","517","53","853","1749","0","48.77","16.18"
"67","000","00","001","0120","0000","1713","556","1157","119","1832","3683","0","49.74","15.1"
"67","000","00","001","0120","0158","811","250","561","36","847","1862","0","45.49","13.43"
"67","000","00","001","0120","0159","902","306","596","83","985","1821","0","54.09","16.8"
"67","000","00","001","0121","0000","805","248","557","55","860","1845","0","46.61","13.44"
"67","000","00","001","0121","0160","805","248","557","55","860","1845","0","46.61","13.44"
"67","000","00","001","0125","0000","741","231","510","92","833","1644","0","50.67","14.05"
"67","000","00","001","0125","0163","356","118","238","55","411","703","0","58.46","16.79"
"67","000","00","001","0125","0164","385","113","272","37","422","941","0","44.85","12.01"
"67","000","00","001","0126","0000","343","117","226","11","354","944","0","37.5","12.39"
"67","000","00","001","0126","0161","199","56","143","8","207","542","0","38.19","10.33"
"67","000","00","001","0126","0162","144","61","83","3","147","402","0","36.57","15.17"
"67","000","00","001","0127","0000","2338","747","1591","109","2447","4729","0","51.74","15.8"
"67","000","00","001","0127","0144","749","238","511","41","790","1501","0","52.63","15.86"
"67","000","00","001","0127","0145","693","207","486","30","723","1475","0","49.02","14.03"
"67","000","00","001","0127","0146","896","302","594","38","934","1753","0","53.28","17.23"
"67","000","00","001","0128","0000","2350","774","1576","101","2451","4922","0","49.8","15.73"
"67","000","00","001","0128","0147","824","292","532","39","863","1748","0","49.37","16.7"
"67","000","00","001","0128","0148","849","265","584","41","890","1741","0","51.12","15.22"
"67","000","00","001","0128","0149","677","217","460","21","698","1433","0","48.71","15.14"
"67","000","00","001","0129","0000","3331","1156","2175","127","3458","6235","0","55.46","18.54"
"67","000","00","001","0129","0132","832","268","564","37","869","1538","0","56.5","17.43"
"67","000","00","001","0129","0133","815","281","534","40","855","1584","0","53.98","17.74"
"67","000","00","001","0129","0134","867","300","567","25","892","1583","0","56.35","18.95"
"67","000","00","001","0129","0135","817","307","510","25","842","1530","0","55.03","20.07"
"67","000","00","001","0130","0000","1346","428","918","93","1439","2788","0","51.61","15.35"
"67","000","00","001","0130","0123","530","180","350","44","574","932","0","61.59","19.31"
"67","000","00","001","0130","0124","483","151","332","22","505","1099","0","45.95","13.74"
"67","000","00","001","0130","0125","333","97","236","27","360","757","0","47.56","12.81"
"67","000","00","002","0000","0000","9775","3142","6633","858","10633","22121","25397","48.07","14.2"
"67","000","00","002","0201","0000","724","224","500","91","815","1517","0","53.72","14.77"
"67","000","00","002","0201","0085","490","145","345","69","559","1037","0","53.91","13.98"
"67","000","00","002","0201","0086","234","79","155","22","256","480","0","53.33","16.46"
"67","000","00","002","0208","0000","1678","541","1137","115","1793","3743","0","47.9","14.45"
"67","000","00","002","0208","0093","355","114","241","24","379","863","0","43.92","13.21"
"67","000","00","002","0208","0094","635","210","425","26","661","1373","0","48.14","15.29"
"67","000","00","002","0208","0095","688","217","471","65","753","1507","0","49.97","14.4"
"67","000","00","002","0210","0000","314","109","205","36","350","921","0","38.0","11.83"
"67","000","00","002","0210","0099","314","109","205","36","350","921","0","38.0","11.83"
"67","000","00","002","0211","0000","1703","565","1138","144","1847","3640","0","50.74","15.52"
"67","000","00","002","0211","0096","675","232","443","53","728","1374","0","52.98","16.89"
"67","000","00","002","0211","0097","543","194","349","36","579","1244","0","46.54","15.59"
"67","000","00","002","0211","0098","485","139","346","55","540","1022","0","52.84","13.6"
"67","000","00","002","0214","0000","703","190","513","65","768","1653","0","46.46","11.49"
"67","000","00","002","0214","0107","418","115","303","32","450","925","0","48.65","12.43"
"67","000","00","002","0214","0108","285","75","210","33","318","728","0","43.68","10.3"
"67","000","00","002","0226","0000","782","258","524","67","849","1454","0","58.39","17.74"
"67","000","00","002","0226","0087","352","129","223","30","382","636","0","60.06","20.28"
"67","000","00","002","0226","0088","161","52","109","9","170","321","0","52.96","16.2"
"67","000","00","002","0226","0089","269","77","192","28","297","497","0","59.76","15.49"
"67","000","00","002","0227","0000","826","269","557","56","882","1607","0","54.88","16.74"
"67","000","00","002","0227","0090","417","150","267","22","439","759","0","57.84","19.76"
"67","000","00","002","0227","0091","152","46","106","12","164","341","0","48.09","13.49"
"67","000","00","002","0227","0092","257","73","184","22","279","507","0","55.03","14.4"
"67","000","00","002","0228","0000","698","205","493","47","745","1539","0","48.41","13.32"
"67","000","00","002","0228","0102","368","103","265","15","383","761","0","50.33","13.53"
"67","000","00","002","0228","0103","126","36","90","10","136","285","0","47.72","12.63"
"67","000","00","002","0228","0104","204","66","138","22","226","493","0","45.84","13.39"
"67","000","00","002","0229","0000","653","232","421","54","707","1583","0","44.66","14.66"
"67","000","00","002","0229","0100","413","145","268","45","458","847","0","54.07","17.12"
"67","000","00","002","0229","0101","240","87","153","9","249","736","0","33.83","11.82"
"67","000","00","002","0230","0000","351","103","248","32","383","1013","0","37.81","10.17"
"67","000","00","002","0230","0105","216","61","155","24","240","621","0","38.65","9.82"
"67","000","00","002","0230","0106","135","42","93","8","143","392","0","36.48","10.71"
"67","000","00","002","0231","0000","387","132","255","52","439","1120","0","39.2","11.79"
"67","000","00","002","0231","0112","261","94","167","30","291","755","0","38.54","12.45"
"67","000","00","002","0231","0113","126","38","88","22","148","365","0","40.55","10.41"
"67","000","00","002","0232","0000","364","97","267","47","411","902","0","45.57","10.75"
"67","000","00","002","0232","0109","64","16","48","16","80","214","0","37.38","7.48"
"67","000","00","002","0232","0110","165","41","124","12","177","387","0","45.74","10.59"
"67","000","00","002","0232","0111","135","40","95","19","154","301","0","51.16","13.29"
"67","000","00","002","0233","0000","592","217","375","52","644","1429","0","45.07","15.19"
"67","000","00","002","0233","0114","393","141","252","29","422","935","0","45.13","15.08"
"67","000","00","002","0233","0115","199","76","123","23","222","494","0","44.94","15.38"
"67","000","00","003","0000","0000","9853","3182","6671","901","10754","24894","28152","43.2","12.78"
"67","000","00","003","0301","0000","821","289","532","80","901","1722","0","52.32","16.78"
"67","000","00","003","0301","0030","565","197","368","62","627","1176","0","53.32","16.75"
"67","000","00","003","0301","0031","256","92","164","18","274","546","0","50.18","16.85"
"67","000","00","003","0302","0000","1473","468","1005","90","1563","2921","0","53.51","16.02"
"67","000","00","003","0302","0032","440","164","276","26","466","859","0","54.25","19.09"
"67","000","00","003","0302","0033","486","139","347","36","522","946","0","55.18","14.69"
"67","000","00","003","0302","0034","547","165","382","28","575","1116","0","51.52","14.78"
"67","000","00","003","0303","0000","517","167","350","35","552","1397","0","39.51","11.95"
"67","000","00","003","0303","0035","517","167","350","35","552","1397","0","39.51","11.95"
"67","000","00","003","0304","0000","662","224","438","68","730","1627","0","44.87","13.77"
"67","000","00","003","0304","0036","285","99","186","20","305","756","0","40.34","13.1"
"67","000","00","003","0304","0037","377","125","252","48","425","871","0","48.79","14.35"
"67","000","00","003","0305","0000","415","135","280","32","447","897","0","49.83","15.05"
"67","000","00","003","0305","0038","415","135","280","32","447","897","0","49.83","15.05"
"67","000","00","003","0306","0000","460","164","296","53","513","1356","0","37.83","12.09"
"67","000","00","003","0306","0039","241","83","158","36","277","784","0","35.33","10.59"
"67","000","00","003","0306","0040","219","81","138","17","236","572","0","41.26","14.16"
"67","000","00","003","0307","0000","144","38","106","8","152","457","0","33.26","8.32"
"67","000","00","003","0307","0041","144","38","106","8","152","457","0","33.26","8.32"
"67","000","00","003","0308","0000","196","54","142","11","207","600","0","34.5","9.0"
"67","000","00","003","0308","0042","196","54","142","11","207","600","0","34.5","9.0"
"67","000","00","003","0309","0000","109","29","80","4","113","375","0","30.13","7.73"
"67","000","00","003","0309","0043","109","29","80","4","113","375","0","30.13","7.73"
"67","000","00","003","0310","0000","126","38","88","7","133","508","0","26.18","7.48"
"67","000","00","003","0310","0044","126","38","88","7","133","508","0","26.18","7.48"
"67","000","00","003","0311","0000","406","106","300","35","441","1305","0","33.79","8.12"
"67","000","00","003","0311","0047","256","67","189","16","272","799","0","34.04","8.39"
"67","000","00","003","0311","0048","150","39","111","19","169","506","0","33.4","7.71"
"67","000","00","003","0312","0000","300","95","205","17","317","1022","0","31.02","9.3"
"67","000","00","003","0312","0045","192","63","129","9","201","631","0","31.85","9.98"
"67","000","00","003","0312","0046","108","32","76","8","116","391","0","29.67","8.18"
"67","000","00","003","0314","0000","490","159","331","33","523","1443","0","36.24","11.02"
"67","000","00","003","0314","0051","243","88","155","14","257","744","0","34.54","11.83"
"67","000","00","003","0314","0052","247","71","176","19","266","699","0","38.05","10.16"
"67","000","00","003","0318","0000","336","110","226","51","387","884","0","43.78","12.44"
"67","000","00","003","0318","0055","336","110","226","51","387","884","0","43.78","12.44"
"67","000","00","003","0319","0000","197","52","145","12","209","740","0","28.24","7.03"
"67","000","00","003","0319","0056","197","52","145","12","209","740","0","28.24","7.03"
"67","000","00","003","0320","0000","511","157","354","49","560","1334","0","41.98","11.77"
"67","000","00","003","0320","0057","511","157","354","49","560","1334","0","41.98","11.77"
"67","000","00","003","0321","0000","293","98","195","60","353","723","0","48.82","13.55"
"67","000","00","003","0321","0058","293","98","195","60","353","723","0","48.82","13.55"
"67","000","00","003","0322","0000","329","102","227","52","381","682","0","55.87","14.96"
"67","000","00","003","0322","0059","329","102","227","52","381","682","0","55.87","14.96"
"67","000","00","003","0325","0000","871","286","585","56","927","2011","0","46.1","14.22"
"67","000","00","003","0325","0049","346","124","222","26","372","832","0","44.71","14.9"
"67","000","00","003","0325","0050","525","162","363","30","555","1179","0","47.07","13.74"
"67","000","00","003","0326","0000","611","224","387","73","684","1492","0","45.84","15.01"
"67","000","00","003","0326","0053","213","70","143","11","224","633","0","35.39","11.06"
"67","000","00","003","0326","0054","398","154","244","62","460","859","0","53.55","17.93"
"67","000","00","003","0327","0000","586","187","399","75","661","1398","0","47.28","13.38"
"67","000","00","003","0327","0060","391","132","259","47","438","855","0","51.23","15.44"
"67","000","00","003","0327","0061","195","55","140","28","223","543","0","41.07","10.13"
"67","000","00","004","0000","0000","8441","2607","5834","866","9307","18804","21212","49.49","13.86"
"67","000","00","004","0401","0000","865","290","575","59","924","1791","0","51.59","16.19"
"67","000","00","004","0401","0165","530","179","351","47","577","1166","0","49.49","15.35"
"67","000","00","004","0401","0166","335","111","224","12","347","625","0","55.52","17.76"
"67","000","00","004","0402","0000","735","217","518","55","790","1572","0","50.25","13.8"
"67","000","00","004","0402","0167","293","82","211","32","325","738","0","44.04","11.11"
"67","000","00","004","0402","0168","442","135","307","23","465","834","0","55.76","16.19"
"67","000","00","004","0403","0000","478","160","318","33","511","1104","0","46.29","14.49"
"67","000","00","004","0403","0169","478","160","318","33","511","1104","0","46.29","14.49"
"67","000","00","004","0404","0000","1295","353","942","122","1417","2735","0","51.81","12.91"
"67","000","00","004","0404","0170","449","153","296","24","473","1015","0","46.6","15.07"
"67","000","00","004","0404","0171","846","200","646","98","944","1720","0","54.88","11.63"
"67","000","00","004","0405","0000","594","190","404","65","659","1391","0","47.38","13.66"
"67","000","00","004","0405","0172","594","190","404","65","659","1391","0","47.38","13.66"
"67","000","00","004","0406","0000","322","99","223","19","341","743","0","45.9","13.32"
"67","000","00","004","0406","0173","192","63","129","10","202","425","0","47.53","14.82"
"67","000","00","004","0406","0174","130","36","94","9","139","318","0","43.71","11.32"
"67","000","00","004","0407","0000","636","212","424","82","718","1483","0","48.42","14.3"
"67","000","00","004","0407","0175","336","112","224","37","373","753","0","49.54","14.87"
"67","000","00","004","0407","0176","300","100","200","45","345","730","0","47.26","13.7"
"67","000","00","004","0408","0000","850","266","584","98","948","1809","0","52.4","14.7"
"67","000","00","004","0408","0177","316","109","207","40","356","725","0","49.1","15.03"
"67","000","00","004","0408","0178","386","109","277","36","422","787","0","53.62","13.85"
"67","000","00","004","0408","0179","148","48","100","22","170","297","0","57.24","16.16"
"67","000","00","004","0409","0000","634","184","450","99","733","1313","0","55.83","14.01"
"67","000","00","004","0409","0180","334","87","247","40","374","673","0","55.57","12.93"
"67","000","00","004","0409","0181","300","97","203","59","359","640","0","56.09","15.16"
"67","000","00","004","0410","0000","264","102","162","31","295","660","0","44.7","15.45"
"67","000","00","004","0410","0182","264","102","162","31","295","660","0","44.7","15.45"
"67","000","00","004","0411","0000","568","188","380","54","622","1414","0","43.99","13.3"
"67","000","00","004","0411","0183","484","164","320","47","531","1212","0","43.81","13.53"
"67","000","00","004","0411","0184","84","24","60","7","91","202","0","45.05","11.88"
"67","000","00","004","0412","0000","504","148","356","80","584","1207","0","48.38","12.26"
"67","000","00","004","0412","0185","432","127","305","77","509","1049","0","48.52","12.11"
"67","000","00","004","0412","0186","72","21","51","3","75","158","0","47.47","13.29"
"67","000","00","004","0413","0000","696","198","498","69","765","1582","0","48.36","12.52"
"67","000","00","004","0413","0187","410","118","292","54","464","921","0","50.38","12.81"
"67","000","00","004","0413","0188","222","67","155","12","234","504","0","46.43","13.29"
"67","000","00","004","0413","0189","64","13","51","3","67","157","0","42.68","8.28"
"67","000","00","005","0000","0000","8671","2733","5938","964","9635","20841","23424","46.23","13.11"
"67","000","00","005","0501","0000","803","253","550","71","874","1641","0","53.26","15.42"
"67","000","00","005","0501","0001","383","112","271","43","426","743","0","57.34","15.07"
"67","000","00","005","0501","0002","420","141","279","28","448","898","0","49.89","15.7"
"67","000","00","005","0502","0000","571","185","386","74","645","1320","0","48.86","14.02"
"67","000","00","005","0502","0003","328","108","220","42","370","786","0","47.07","13.74"
"67","000","00","005","0502","0004","243","77","166","32","275","534","0","51.5","14.42"
"67","000","00","005","0503","0000","558","187","371","77","635","1266","0","50.16","14.77"
"67","000","00","005","0503","0005","472","147","325","57","529","1034","0","51.16","14.22"
"67","000","00","005","0503","0006","86","40","46","20","106","232","0","45.69","17.24"
"67","000","00","005","0504","0000","553","161","392","70","623","1316","0","47.34","12.23"
"67","000","00","005","0504","0007","199","56","143","36","235","479","0","49.06","11.69"
"67","000","00","005","0504","0008","354","105","249","34","388","837","0","46.36","12.54"
"67","000","00","005","0510","0000","570","174","396","35","605","1399","0","43.25","12.44"
"67","000","00","005","0510","0021","340","106","234","14","354","958","0","36.95","11.06"
"67","000","00","005","0510","0022","230","68","162","21","251","441","0","56.92","15.42"
"67","000","00","005","0511","0000","777","240","537","114","891","1673","0","53.26","14.35"
"67","000","00","005","0511","0023","296","100","196","66","362","677","0","53.47","14.77"
"67","000","00","005","0511","0024","481","140","341","48","529","996","0","53.11","14.06"
"67","000","00","005","0512","0000","524","169","355","32","556","1255","0","44.3","13.47"
"67","000","00","005","0512","0025","524","169","355","32","556","1255","0","44.3","13.47"
"67","000","00","005","0513","0000","496","154","342","29","525","1231","0","42.65","12.51"
"67","000","00","005","0513","0026","276","97","179","15","291","678","0","42.92","14.31"
"67","000","00","005","0513","0027","220","57","163","14","234","553","0","42.31","10.31"
"67","000","00","005","0514","0000","731","246","485","53","784","1805","0","43.43","13.63"
"67","000","00","005","0514","0028","211","78","133","18","229","616","0","37.18","12.66"
"67","000","00","005","0514","0029","520","168","352","35","555","1189","0","46.68","14.13"
"67","000","00","005","0518","0000","602","174","428","90","692","1475","0","46.92","11.8"
"67","000","00","005","0518","0013","149","29","120","25","174","371","0","46.9","7.82"
"67","000","00","005","0518","0014","293","99","194","35","328","676","0","48.52","14.64"
"67","000","00","005","0518","0015","160","46","114","30","190","428","0","44.39","10.75"
"67","000","00","005","0519","0000","398","115","283","50","448","1002","0","44.71","11.48"
"67","000","00","005","0519","0016","204","60","144","9","213","547","0","38.94","10.97"
"67","000","00","005","0519","0017","194","55","139","41","235","455","0","51.65","12.09"
"67","000","00","005","0522","0000","725","212","513","131","856","2003","0","42.74","10.58"
"67","000","00","005","0522","0018","339","93","246","67","406","984","0","41.26","9.45"
"67","000","00","005","0522","0019","190","66","124","35","225","483","0","46.58","13.66"
"67","000","00","005","0522","0020","196","53","143","29","225","536","0","41.98","9.89"
"67","000","00","005","0523","0000","810","291","519","55","865","2242","0","38.58","12.98"
"67","000","00","005","0523","0009","404","149","255","41","445","1085","0","41.01","13.73"
"67","000","00","005","0523","0010","406","142","264","14","420","1157","0","36.3","12.27"
"67","000","00","005","0524","0000","553","172","381","83","636","1213","0","52.43","14.18"
"67","000","00","005","0524","0011","332","82","250","54","386","755","0","51.13","10.86"
"67","000","00","005","0524","0012","221","90","131","29","250","458","0","54.59","19.65"
"67","000","00","006","0000","0000","6309","1904","4405","686","6995","18471","20870","37.87","10.31"
"67","000","00","006","0601","0000","571","166","405","47","618","1401","0","44.11","11.85"
"67","000","00","006","0601","0062","571","166","405","47","618","1401","0","44.11","11.85"
"67","000","00","006","0602","0000","919","296","623","102","1021","2488","0","41.04","11.9"
"67","000","00","006","0602","0063","440","148","292","45","485","1185","0","40.93","12.49"
"67","000","00","006","0602","0064","479","148","331","57","536","1303","0","41.14","11.36"
"67","000","00","006","0603","0000","506","158","348","64","570","1453","0","39.23","10.87"
"67","000","00","006","0603","0065","265","79","186","29","294","732","0","40.16","10.79"
"67","000","00","006","0603","0066","241","79","162","35","276","721","0","38.28","10.96"
"67","000","00","006","0604","0000","360","97","263","27","387","943","0","41.04","10.29"
"67","000","00","006","0604","0068","360","97","263","27","387","943","0","41.04","10.29"
"67","000","00","006","0605","0000","342","112","230","55","397","1104","0","35.96","10.14"
"67","000","00","006","0605","0067","342","112","230","55","397","1104","0","35.96","10.14"
"67","000","00","006","0606","0000","393","131","262","63","456","1249","0","36.51","10.49"
"67","000","00","006","0606","0069","159","46","113","4","163","653","0","24.96","7.04"
"67","000","00","006","0606","0070","234","85","149","59","293","596","0","49.16","14.26"
"67","000","00","006","0607","0000","345","120","225","52","397","878","0","45.22","13.67"
"67","000","00","006","0607","0071","345","120","225","52","397","878","0","45.22","13.67"
"67","000","00","006","0608","0000","98","29","69","2","100","425","0","23.53","6.82"
"67","000","00","006","0608","0075","98","29","69","2","100","425","0","23.53","6.82"
"67","000","00","006","0609","0000","138","33","105","7","145","394","0","36.8","8.38"
"67","000","00","006","0609","0076","138","33","105","7","145","394","0","36.8","8.38"
"67","000","00","006","0610","0000","159","44","115","28","187","373","0","50.13","11.8"
"67","000","00","006","0610","0077","159","44","115","28","187","373","0","50.13","11.8"
"67","000","00","006","0611","0000","613","148","465","46","659","2144","0","30.74","6.9"
"67","000","00","006","0611","0078","400","92","308","39","439","1257","0","34.92","7.32"
"67","000","00","006","0611","0079","213","56","157","7","220","887","0","24.8","6.31"
"67","000","00","006","0612","0000","168","39","129","9","177","658","0","26.9","5.93"
"67","000","00","006","0612","0080","168","39","129","9","177","658","0","26.9","5.93"
"67","000","00","006","0613","0000","299","92","207","24","323","1101","0","29.34","8.36"
"67","000","00","006","0613","0081","299","92","207","24","323","1101","0","29.34","8.36"
"67","000","00","006","0614","0000","266","72","194","18","284","1057","0","26.87","6.81"
"67","000","00","006","0614","0082","266","72","194","18","284","1057","0","26.87","6.81"
"67","000","00","006","0615","0000","375","106","269","46","421","909","0","46.31","11.66"
"67","000","00","006","0615","0083","269","69","200","35","304","639","0","47.57","10.8"
"67","000","00","006","0615","0084","106","37","69","11","117","270","0","43.33","13.7"
"67","000","00","006","0616","0000","757","261","496","96","853","1894","0","45.04","13.78"
"67","000","00","006","0616","0072","283","98","185","38","321","771","0","41.63","12.71"
"67","000","00","006","0616","0073","192","63","129","22","214","483","0","44.31","13.04"
"67","000","00","006","0616","0074","282","100","182","36","318","640","0","49.69","15.63"
"67","000","00","007","0000","0000","17660","6054","11606","991","18651","37963","44306","49.13","15.95"
"67","000","00","007","0703","0000","1369","455","914","80","1449","2587","0","56.01","17.59"
"67","000","00","007","0703","0385","661","227","434","41","702","1262","0","55.63","17.99"
"67","000","00","007","0703","0386","708","228","480","39","747","1325","0","56.38","17.21"
"67","000","00","007","0704","0000","1220","456","764","47","1267","2505","0","50.58","18.2"
"67","000","00","007","0704","0387","671","260","411","23","694","1384","0","50.14","18.79"
"67","000","00","007","0704","0388","549","196","353","24","573","1121","0","51.12","17.48"
"67","000","00","007","0705","0000","1039","370","669","46","1085","2120","0","51.18","17.45"
"67","000","00","007","0705","0383","278","97","181","13","291","523","0","55.64","18.55"
"67","000","00","007","0705","0384","761","273","488","33","794","1597","0","49.72","17.09"
"67","000","00","007","0706","0000","935","342","593","33","968","1975","0","49.01","17.32"
"67","000","00","007","0706","0389","478","173","305","12","490","1021","0","47.99","16.94"
"67","000","00","007","0706","0390","457","169","288","21","478","954","0","50.1","17.71"
"67","000","00","007","0707","0000","661","234","427","24","685","1513","0","45.27","15.47"
"67","000","00","007","0707","0391","661","234","427","24","685","1513","0","45.27","15.47"
"67","000","00","007","0709","0000","1579","511","1068","97","1676","3530","0","47.48","14.48"
"67","000","00","007","0709","0392","736","236","500","33","769","1726","0","44.55","13.67"
"67","000","00","007","0709","0393","843","275","568","64","907","1804","0","50.28","15.24"
"67","000","00","007","0710","0000","494","151","343","32","526","1106","0","47.56","13.65"
"67","000","00","007","0710","0394","494","151","343","32","526","1106","0","47.56","13.65"
"67","000","00","007","0711","0000","1367","460","907","83","1450","2805","0","51.69","16.4"
"67","000","00","007","0711","0395","744","256","488","40","784","1503","0","52.16","17.03"
"67","000","00","007","0711","0396","623","204","419","43","666","1302","0","51.15","15.67"
"67","000","00","007","0714","0000","1032","359","673","50","1082","2330","0","46.44","15.41"
"67","000","00","007","0714","0399","726","246","480","39","765","1612","0","47.46","15.26"
"67","000","00","007","0714","0400","306","113","193","11","317","718","0","44.15","15.74"
"67","000","00","007","0715","0000","690","246","444","15","705","1656","0","42.57","14.86"
"67","000","00","007","0715","0401","690","246","444","15","705","1656","0","42.57","14.86"
"67","000","00","007","0717","0000","992","371","621","80","1072","2332","0","45.97","15.91"
"67","000","00","007","0717","0402","607","238","369","57","664","1355","0","49.0","17.56"
"67","000","00","007","0717","0403","385","133","252","23","408","977","0","41.76","13.61"
"67","000","00","007","0719","0000","907","333","574","47","954","2105","0","45.32","15.82"
"67","000","00","007","0719","0404","429","159","270","26","455","1012","0","44.96","15.71"
"67","000","00","007","0719","0405","330","126","204","18","348","626","0","55.59","20.13"
"67","000","00","007","0719","0406","148","48","100","3","151","467","0","32.33","10.28"
"67","000","00","007","0721","0000","543","182","361","21","564","1260","0","44.76","14.44"
"67","000","00","007","0721","0407","543","182","361","21","564","1260","0","44.76","14.44"
"67","000","00","007","0722","0000","551","185","366","36","587","1111","0","52.84","16.65"
"67","000","00","007","0722","0408","551","185","366","36","587","1111","0","52.84","16.65"
"67","000","00","007","0724","0000","649","244","405","59","708","1348","0","52.52","18.1"
"67","000","00","007","0724","0409","276","104","172","20","296","550","0","53.82","18.91"
"67","000","00","007","0724","0410","373","140","233","39","412","798","0","51.63","17.54"
"67","000","00","007","0728","0000","387","150","237","17","404","941","0","42.93","15.94"
"67","000","00","007","0728","0413","387","150","237","17","404","941","0","42.93","15.94"
"67","000","00","007","0730","0000","918","202","716","65","983","1865","0","52.71","10.83"
"67","000","00","007","0730","0381","572","86","486","42","614","1205","0","50.95","7.14"
"67","000","00","007","0730","0382","346","116","230","23","369","660","0","55.91","17.58"
"67","000","00","007","0731","0000","790","294","496","69","859","1682","0","51.07","17.48"
"67","000","00","007","0731","0411","452","164","288","57","509","852","0","59.74","19.25"
"67","000","00","007","0731","0412","338","130","208","12","350","830","0","42.17","15.66"
"67","000","00","007","0732","0000","834","277","557","43","877","1770","0","49.55","15.65"
"67","000","00","007","0732","0414","561","198","363","36","597","1158","0","51.55","17.1"
"67","000","00","007","0732","0415","273","79","194","7","280","612","0","45.75","12.91"
"67","000","00","007","0733","0000","703","232","471","47","750","1422","0","52.74","16.32"
"67","000","00","007","0733","0397","301","104","197","13","314","645","0","48.68","16.12"
"67","000","00","007","0733","0398","402","128","274","34","436","777","0","56.11","16.47"
"67","000","00","008","0000","0000","9047","2968","6079","811","9858","20947","23938","47.06","14.17"
"67","000","00","008","0801","0000","633","192","441","48","681","1558","0","43.71","12.32"
"67","000","00","008","0801","0343","633","192","441","48","681","1558","0","43.71","12.32"
"67","000","00","008","0802","0000","803","287","516","78","881","2005","0","43.94","14.31"
"67","000","00","008","0802","0344","424","160","264","33","457","1112","0","41.1","14.39"
"67","000","00","008","0802","0345","379","127","252","45","424","893","0","47.48","14.22"
"67","000","00","008","0803","0000","620","183","437","53","673","1623","0","41.47","11.28"
"67","000","00","008","0803","0346","620","183","437","53","673","1623","0","41.47","11.28"
"67","000","00","008","0804","0000","710","229","481","63","773","1568","0","49.3","14.6"
"67","000","00","008","0804","0347","710","229","481","63","773","1568","0","49.3","14.6"
"67","000","00","008","0805","0000","892","264","628","47","939","1938","0","48.45","13.62"
"67","000","00","008","0805","0348","476","127","349","29","505","985","0","51.27","12.89"
"67","000","00","008","0805","0349","416","137","279","18","434","953","0","45.54","14.38"
"67","000","00","008","0806","0000","996","325","671","87","1083","2108","0","51.38","15.42"
"67","000","00","008","0806","0350","460","152","308","22","482","1031","0","46.75","14.74"
"67","000","00","008","0806","0351","536","173","363","65","601","1077","0","55.8","16.06"
"67","000","00","008","0811","0000","861","282","579","77","938","1894","0","49.52","14.89"
"67","000","00","008","0811","0356","446","128","318","47","493","959","0","51.41","13.35"
"67","000","00","008","0811","0357","415","154","261","30","445","935","0","47.59","16.47"
"67","000","00","008","0812","0000","421","157","264","41","462","893","0","51.74","17.58"
"67","000","00","008","0812","0358","421","157","264","41","462","893","0","51.74","17.58"
"67","000","00","008","0813","0000","607","199","408","72","679","1293","0","52.51","15.39"
"67","000","00","008","0813","0359","607","199","408","72","679","1293","0","52.51","15.39"
"67","000","00","008","0816","0000","1002","326","676","65","1067","2255","0","47.32","14.46"
"67","000","00","008","0816","0354","540","171","369","46","586","1164","0","50.34","14.69"
"67","000","00","008","0816","0355","462","155","307","19","481","1091","0","44.09","14.21"
"67","000","00","008","0817","0000","605","200","405","54","659","1557","0","42.32","12.85"
"67","000","00","008","0817","0352","263","98","165","35","298","703","0","42.39","13.94"
"67","000","00","008","0817","0353","342","102","240","19","361","854","0","42.27","11.94"
"67","000","00","008","0818","0000","897","324","573","126","1023","2255","0","45.37","14.37"
"67","000","00","008","0818","0360","518","198","320","108","626","1185","0","52.83","16.71"
"67","000","00","008","0818","0361","379","126","253","18","397","1070","0","37.1","11.78"
"67","000","00","009","0000","0000","8476","2846","5630","805","9281","19144","22196","48.48","14.87"
"67","000","00","009","0901","0000","1337","470","867","113","1450","2908","0","49.86","16.16"
"67","000","00","009","0901","0362","416","137","279","53","469","819","0","57.26","16.73"
"67","000","00","009","0901","0363","306","105","201","20","326","645","0","50.54","16.28"
"67","000","00","009","0901","0364","615","228","387","40","655","1444","0","45.36","15.79"
"67","000","00","009","0902","0000","1084","369","715","78","1162","2725","0","42.64","13.54"
"67","000","00","009","0902","0365","617","203","414","44","661","1554","0","42.54","13.06"
"67","000","00","009","0902","0366","467","166","301","34","501","1171","0","42.78","14.18"
"67","000","00","009","0903","0000","588","197","391","60","648","1351","0","47.96","14.58"
"67","000","00","009","0903","0367","588","197","391","60","648","1351","0","47.96","14.58"
"67","000","00","009","0905","0000","772","252","520","131","903","1929","0","46.81","13.06"
"67","000","00","009","0905","0368","392","121","271","77","469","1010","0","46.44","11.98"
"67","000","00","009","0905","0369","380","131","249","54","434","919","0","47.23","14.25"
"67","000","00","009","0906","0000","1578","534","1044","155","1733","3360","0","51.58","15.89"
"67","000","00","009","0906","0370","613","217","396","51","664","1369","0","48.5","15.85"
"67","000","00","009","0906","0371","455","154","301","54","509","976","0","52.15","15.78"
"67","000","00","009","0906","0372","510","163","347","50","560","1015","0","55.17","16.06"
"67","000","00","009","0907","0000","936","304","632","74","1010","2115","0","47.75","14.37"
"67","000","00","009","0907","0373","499","169","330","28","527","1176","0","44.81","14.37"
"67","000","00","009","0907","0374","437","135","302","46","483","939","0","51.44","14.38"
"67","000","00","009","0908","0000","754","270","484","77","831","1593","0","52.17","16.95"
"67","000","00","009","0908","0375","328","117","211","45","373","712","0","52.39","16.43"
"67","000","00","009","0908","0376","426","153","273","32","458","881","0","51.99","17.37"
"67","000","00","009","0909","0000","632","216","416","55","687","1184","0","58.02","18.24"
"67","000","00","009","0909","0377","632","216","416","55","687","1184","0","58.02","18.24"
"67","000","00","009","0910","0000","341","99","242","24","365","599","0","60.93","16.53"
"67","000","00","009","0910","0378","341","99","242","24","365","599","0","60.93","16.53"
"67","000","00","009","0911","0000","238","69","169","7","245","759","0","32.28","9.09"
"67","000","00","009","0911","0379","238","69","169","7","245","759","0","32.28","9.09"
"67","000","00","009","0912","0000","216","66","150","31","247","621","0","39.77","10.63"
"67","000","00","009","0912","0380","216","66","150","31","247","621","0","39.77","10.63"
"67","000","00","010","0000","0000","8398","3074","5324","692","9090","18675","21329","48.67","16.46"
"67","000","00","010","1001","0000","913","298","615","55","968","2069","0","46.79","14.4"
"67","000","00","010","1001","0416","475","148","327","19","494","1104","0","44.75","13.41"
"67","000","00","010","1001","0417","438","150","288","36","474","965","0","49.12","15.54"
"67","000","00","010","1002","0000","1438","508","930","171","1609","3055","0","52.67","16.63"
"67","000","00","010","1002","0418","660","230","430","41","701","1402","0","50.0","16.41"
"67","000","00","010","1002","0419","778","278","500","130","908","1653","0","54.93","16.82"
"67","000","00","010","1005","0000","115","55","60","7","122","402","0","30.35","13.68"
"67","000","00","010","1005","0422","115","55","60","7","122","402","0","30.35","13.68"
"67","000","00","010","1006","0000","874","489","385","39","913","1957","0","46.65","24.99"
"67","000","00","010","1006","0423","478","169","309","9","487","982","0","49.59","17.21"
"67","000","00","010","1006","0424","396","320","76","30","426","975","0","43.69","32.82"
"67","000","00","010","1007","0000","1632","559","1073","88","1720","3375","0","50.96","16.56"
"67","000","00","010","1007","0425","377","126","251","21","398","802","0","49.63","15.71"
"67","000","00","010","1007","0426","569","188","381","36","605","1118","0","54.11","16.82"
"67","000","00","010","1007","0427","686","245","441","31","717","1455","0","49.28","16.84"
"67","000","00","010","1008","0000","574","184","390","32","606","1208","0","50.17","15.23"
"67","000","00","010","1008","0428","574","184","390","32","606","1208","0","50.17","15.23"
"67","000","00","010","1013","0000","367","118","249","16","383","873","0","43.87","13.52"
"67","000","00","010","1013","0435","367","118","249","16","383","873","0","43.87","13.52"
"67","000","00","010","1014","0000","509","166","343","68","577","1250","0","46.16","13.28"
"67","000","00","010","1014","0420","395","130","265","57","452","966","0","46.79","13.46"
"67","000","00","010","1014","0421","114","36","78","11","125","284","0","44.01","12.68"
"67","000","00","010","1015","0000","1194","425","769","135","1329","2586","0","51.39","16.43"
"67","000","00","010","1015","0431","218","73","145","22","240","501","0","47.9","14.57"
"67","000","00","010","1015","0432","348","127","221","53","401","728","0","55.08","17.45"
"67","000","00","010","1015","0433","386","153","233","24","410","842","0","48.69","18.17"
"67","000","00","010","1015","0434","242","72","170","36","278","515","0","53.98","13.98"
"67","000","00","010","1016","0000","782","272","510","81","863","1900","0","45.42","14.32"
"67","000","00","010","1016","0429","563","186","377","57","620","1293","0","47.95","14.39"
"67","000","00","010","1016","0430","219","86","133","24","243","607","0","40.03","14.17"
"67","000","00","011","0000","0000","3734","1076","2658","419","4153","8654","9643","47.99","12.43"
"67","000","00","011","1101","0000","377","103","274","43","420","1021","0","41.14","10.09"
"67","000","00","011","1101","0436","291","87","204","41","332","759","0","43.74","11.46"
"67","000","00","011","1101","0437","86","16","70","2","88","262","0","33.59","6.11"
"67","000","00","011","1102","0000","228","82","146","17","245","646","0","37.93","12.69"
"67","000","00","011","1102","0438","228","82","146","17","245","646","0","37.93","12.69"
"67","000","00","011","1103","0000","543","165","378","57","600","1473","0","40.73","11.2"
"67","000","00","011","1103","0439","543","165","378","57","600","1473","0","40.73","11.2"
"67","000","00","011","1104","0000","431","109","322","66","497","915","0","54.32","11.91"
"67","000","00","011","1104","0440","431","109","322","66","497","915","0","54.32","11.91"
"67","000","00","011","1105","0000","398","137","261","41","439","779","0","56.35","17.59"
"67","000","00","011","1105","0441","398","137","261","41","439","779","0","56.35","17.59"
"67","000","00","011","1106","0000","337","126","211","51","388","637","0","60.91","19.78"
"67","000","00","011","1106","0442","337","126","211","51","388","637","0","60.91","19.78"
"67","000","00","011","1107","0000","416","123","293","30","446","993","0","44.91","12.39"
"67","000","00","011","1107","0443","416","123","293","30","446","993","0","44.91","12.39"
"67","000","00","011","1108","0000","375","77","298","35","410","766","0","53.52","10.05"
"67","000","00","011","1108","0444","375","77","298","35","410","766","0","53.52","10.05"
"67","000","00","011","1109","0000","385","96","289","37","422","841","0","50.18","11.41"
"67","000","00","011","1109","0445","385","96","289","37","422","841","0","50.18","11.41"
"67","000","00","011","1110","0000","244","58","186","42","286","583","0","49.06","9.95"
"67","000","00","011","1110","0446","244","58","186","42","286","583","0","49.06","9.95"
"67","000","00","012","0000","0000","24763","7962","16801","1644","26407","50407","59087","52.39","15.8"
"67","000","00","012","1201","0000","1195","390","805","73","1268","2220","0","57.12","17.57"
"67","000","00","012","1201","0282","735","233","502","42","777","1391","0","55.86","16.75"
"67","000","00","012","1201","0283","460","157","303","31","491","829","0","59.23","18.94"
"67","000","00","012","1202","0000","1220","375","845","59","1279","2853","0","44.83","13.14"
"67","000","00","012","1202","0284","604","187","417","39","643","1401","0","45.9","13.35"
"67","000","00","012","1202","0285","616","188","428","20","636","1452","0","43.8","12.95"
"67","000","00","012","1203","0000","2766","885","1881","200","2966","5611","0","52.86","15.77"
"67","000","00","012","1203","0286","691","229","462","44","735","1382","0","53.18","16.57"
"67","000","00","012","1203","0287","727","224","503","48","775","1463","0","52.97","15.31"
"67","000","00","012","1203","0288","600","188","412","39","639","1280","0","49.92","14.69"
"67","000","00","012","1203","0289","748","244","504","69","817","1486","0","54.98","16.42"
"67","000","00","012","1204","0000","2008","665","1343","122","2130","4204","0","50.67","15.82"
"67","000","00","012","1204","0297","687","225","462","38","725","1425","0","50.88","15.79"
"67","000","00","012","1204","0298","621","199","422","37","658","1255","0","52.43","15.86"
"67","000","00","012","1204","0299","700","241","459","47","747","1524","0","49.02","15.81"
"67","000","00","012","1205","0000","2961","943","2018","222","3183","5877","0","54.16","16.05"
"67","000","00","012","1205","0290","711","257","454","52","763","1378","0","55.37","18.65"
"67","000","00","012","1205","0291","771","231","540","49","820","1505","0","54.49","15.35"
"67","000","00","012","1205","0292","912","265","647","55","967","1860","0","51.99","14.25"
"67","000","00","012","1205","0293","567","190","377","66","633","1134","0","55.82","16.75"
"67","000","00","012","1206","0000","2052","674","1378","73","2125","4059","0","52.35","16.61"
"67","000","00","012","1206","0303","705","240","465","26","731","1381","0","52.93","17.38"
"67","000","00","012","1206","0304","662","206","456","26","688","1364","0","50.44","15.1"
"67","000","00","012","1206","0305","685","228","457","21","706","1314","0","53.73","17.35"
"67","000","00","012","1207","0000","1073","416","657","93","1166","2125","0","54.87","19.58"
"67","000","00","012","1207","0306","605","281","324","45","650","1164","0","55.84","24.14"
"67","000","00","012","1207","0307","468","135","333","48","516","961","0","53.69","14.05"
"67","000","00","012","1212","0000","995","294","701","75","1070","2209","0","48.44","13.31"
"67","000","00","012","1212","0312","682","201","481","42","724","1507","0","48.04","13.34"
"67","000","00","012","1212","0313","313","93","220","33","346","702","0","49.29","13.25"
"67","000","00","012","1219","0000","712","194","518","63","775","1513","0","51.22","12.82"
"67","000","00","012","1219","0319","712","194","518","63","775","1513","0","51.22","12.82"
"67","000","00","012","1220","0000","1031","372","659","90","1121","2410","0","46.51","15.44"
"67","000","00","012","1220","0320","289","99","190","19","308","714","0","43.14","13.87"
"67","000","00","012","1220","0321","324","123","201","44","368","745","0","49.4","16.51"
"67","000","00","012","1220","0322","418","150","268","27","445","951","0","46.79","15.77"
"67","000","00","012","1222","0000","504","171","333","34","538","1072","0","50.19","15.95"
"67","000","00","012","1222","0310","337","109","228","24","361","689","0","52.39","15.82"
"67","000","00","012","1222","0311","167","62","105","10","177","383","0","46.21","16.19"
"67","000","00","012","1223","0000","2608","786","1822","128","2736","5111","0","53.53","15.38"
"67","000","00","012","1223","0294","742","165","577","17","759","1426","0","53.23","11.57"
"67","000","00","012","1223","0295","869","299","570","66","935","1779","0","52.56","16.81"
"67","000","00","012","1223","0296","997","322","675","45","1042","1906","0","54.67","16.89"
"67","000","00","012","1224","0000","1061","327","734","61","1122","2137","0","52.5","15.3"
"67","000","00","012","1224","0308","582","173","409","43","625","1218","0","51.31","14.2"
"67","000","00","012","1224","0309","479","154","325","18","497","919","0","54.08","16.76"
"67","000","00","012","1225","0000","986","298","688","83","1069","1844","0","57.97","16.16"
"67","000","00","012","1225","0314","468","128","340","36","504","907","0","55.57","14.11"
"67","000","00","012","1225","0315","518","170","348","47","565","937","0","60.3","18.14"
"67","000","00","012","1226","0000","1310","433","877","143","1453","2798","0","51.93","15.48"
"67","000","00","012","1226","0316","492","180","312","73","565","1030","0","54.85","17.48"
"67","000","00","012","1226","0317","469","145","324","42","511","981","0","52.09","14.78"
"67","000","00","012","1226","0318","349","108","241","28","377","787","0","47.9","13.72"
"67","000","00","012","1227","0000","2281","739","1542","125","2406","4364","0","55.13","16.93"
"67","000","00","012","1227","0300","801","275","526","30","831","1631","0","50.95","16.86"
"67","000","00","012","1227","0301","812","243","569","53","865","1546","0","55.95","15.72"
"67","000","00","012","1227","0302","668","221","447","42","710","1187","0","59.81","18.62"
"67","000","00","013","0000","0000","9969","3070","6899","739","10708","22567","25725","47.45","13.6"
"67","000","00","013","1301","0000","1846","560","1286","138","1984","3852","0","51.51","14.54"
"67","000","00","013","1301","0216","661","192","469","33","694","1370","0","50.66","14.01"
"67","000","00","013","1301","0217","568","184","384","43","611","1117","0","54.7","16.47"
"67","000","00","013","1301","0218","617","184","433","62","679","1365","0","49.74","13.48"
"67","000","00","013","1302","0000","1034","354","680","52","1086","2235","0","48.59","15.84"
"67","000","00","013","1302","0221","500","170","330","26","526","1052","0","50.0","16.16"
"67","000","00","013","1302","0222","534","184","350","26","560","1183","0","47.34","15.55"
"67","000","00","013","1303","0000","443","130","313","25","468","1238","0","37.8","10.5"
"67","000","00","013","1303","0227","299","90","209","18","317","832","0","38.1","10.82"
"67","000","00","013","1303","0228","144","40","104","7","151","406","0","37.19","9.85"
"67","000","00","013","1304","0000","389","124","265","36","425","818","0","51.96","15.16"
"67","000","00","013","1304","0229","389","124","265","36","425","818","0","51.96","15.16"
"67","000","00","013","1305","0000","839","242","597","66","905","1900","0","47.63","12.74"
"67","000","00","013","1305","0213","303","99","204","27","330","635","0","51.97","15.59"
"67","000","00","013","1305","0214","358","98","260","25","383","822","0","46.59","11.92"
"67","000","00","013","1305","0215","178","45","133","14","192","443","0","43.34","10.16"
"67","000","00","013","1306","0000","1226","390","836","77","1303","2409","0","54.09","16.19"
"67","000","00","013","1306","0208","439","140","299","45","484","862","0","56.15","16.24"
"67","000","00","013","1306","0209","334","108","226","9","343","611","0","56.14","17.68"
"67","000","00","013","1306","0210","453","142","311","23","476","936","0","50.85","15.17"
"67","000","00","013","1307","0000","931","301","630","62","993","1935","0","51.32","15.56"
"67","000","00","013","1307","0211","479","150","329","35","514","1066","0","48.22","14.07"
"67","000","00","013","1307","0212","452","151","301","27","479","869","0","55.12","17.38"
"67","000","00","013","1308","0000","509","172","337","48","557","1241","0","44.88","13.86"
"67","000","00","013","1308","0224","509","172","337","48","557","1241","0","44.88","13.86"
"67","000","00","013","1309","0000","394","123","271","13","407","1052","0","38.69","11.69"
"67","000","00","013","1309","0230","394","123","271","13","407","1052","0","38.69","11.69"
"67","000","00","013","1310","0000","879","251","628","99","978","2116","0","46.22","11.86"
"67","000","00","013","1310","0219","644","182","462","69","713","1489","0","47.88","12.22"
"67","000","00","013","1310","0220","235","69","166","30","265","627","0","42.26","11.0"
"67","000","00","013","1311","0000","385","111","274","29","414","979","0","42.29","11.34"
"67","000","00","013","1311","0223","385","111","274","29","414","979","0","42.29","11.34"
"67","000","00","013","1312","0000","546","158","388","41","587","1369","0","42.88","11.54"
"67","000","00","013","1312","0231","229","71","158","13","242","578","0","41.87","12.28"
"67","000","00","013","1312","0232","159","49","110","19","178","430","0","41.4","11.4"
"67","000","00","013","1312","0233","158","38","120","9","167","361","0","46.26","10.53"
"67","000","00","013","1313","0000","548","154","394","53","601","1423","0","42.23","10.82"
"67","000","00","013","1313","0225","297","92","205","23","320","843","0","37.96","10.91"
"67","000","00","013","1313","0226","251","62","189","30","281","580","0","48.45","10.69"
"67","000","00","014","0000","0000","9567","3094","6473","608","10175","21564","24724","47.19","14.35"
"67","000","00","014","1401","0000","1490","506","984","70","1560","3148","0","49.56","16.07"
"67","000","00","014","1401","0323","446","143","303","20","466","933","0","49.95","15.33"
"67","000","00","014","1401","0324","447","157","290","25","472","901","0","52.39","17.43"
"67","000","00","014","1401","0325","597","206","391","25","622","1314","0","47.34","15.68"
"67","000","00","014","1402","0000","1002","379","623","60","1062","2401","0","44.23","15.79"
"67","000","00","014","1402","0329","700","270","430","45","745","1663","0","44.8","16.24"
"67","000","00","014","1402","0330","302","109","193","15","317","738","0","42.95","14.77"
"67","000","00","014","1403","0000","778","242","536","53","831","1593","0","52.17","15.19"
"67","000","00","014","1403","0331","611","187","424","35","646","1211","0","53.34","15.44"
"67","000","00","014","1403","0332","167","55","112","18","185","382","0","48.43","14.4"
"67","000","00","014","1404","0000","740","207","533","38","778","1624","0","47.91","12.75"
"67","000","00","014","1404","0333","356","100","256","22","378","786","0","48.09","12.72"
"67","000","00","014","1404","0334","384","107","277","16","400","838","0","47.73","12.77"
"67","000","00","014","1405","0000","572","203","369","42","614","1449","0","42.37","14.01"
"67","000","00","014","1405","0335","572","203","369","42","614","1449","0","42.37","14.01"
"67","000","00","014","1406","0000","590","175","415","32","622","1479","0","42.06","11.83"
"67","000","00","014","1406","0336","590","175","415","32","622","1479","0","42.06","11.83"
"67","000","00","014","1407","0000","375","110","265","48","423","763","0","55.44","14.42"
"67","000","00","014","1407","0337","375","110","265","48","423","763","0","55.44","14.42"
"67","000","00","014","1408","0000","568","158","410","21","589","1297","0","45.41","12.18"
"67","000","00","014","1408","0338","568","158","410","21","589","1297","0","45.41","12.18"
"67","000","00","014","1409","0000","615","198","417","33","648","1393","0","46.52","14.21"
"67","000","00","014","1409","0339","615","198","417","33","648","1393","0","46.52","14.21"
"67","000","00","014","1410","0000","569","190","379","34","603","1349","0","44.7","14.08"
"67","000","00","014","1410","0340","374","124","250","13","387","958","0","40.4","12.94"
"67","000","00","014","1410","0341","195","66","129","21","216","391","0","55.24","16.88"
"67","000","00","014","1411","0000","379","111","268","44","423","805","0","52.55","13.79"
"67","000","00","014","1411","0342","379","111","268","44","423","805","0","52.55","13.79"
"67","000","00","014","1412","0000","1889","615","1274","133","2022","4263","0","47.43","14.43"
"67","000","00","014","1412","0326","633","211","422","59","692","1349","0","51.3","15.64"
"67","000","00","014","1412","0327","520","174","346","43","563","1014","0","55.52","17.16"
"67","000","00","014","1412","0328","736","230","506","31","767","1900","0","40.37","12.11"
"67","000","00","015","0000","0000","8501","2603","5898","631","9132","19950","22810","45.77","13.05"
"67","000","00","015","1501","0000","505","156","349","25","530","1042","0","50.86","14.97"
"67","000","00","015","1501","0258","245","76","169","13","258","534","0","48.31","14.23"
"67","000","00","015","1501","0259","260","80","180","12","272","508","0","53.54","15.75"
"67","000","00","015","1502","0000","253","68","185","5","258","665","0","38.8","10.23"
"67","000","00","015","1502","0260","253","68","185","5","258","665","0","38.8","10.23"
"67","000","00","015","1504","0000","344","102","242","20","364","834","0","43.65","12.23"
"67","000","00","015","1504","0261","344","102","242","20","364","834","0","43.65","12.23"
"67","000","00","015","1505","0000","348","87","261","10","358","810","0","44.2","10.74"
"67","000","00","015","1505","0262","348","87","261","10","358","810","0","44.2","10.74"
"67","000","00","015","1506","0000","159","33","126","12","171","480","0","35.63","6.88"
"67","000","00","015","1506","0263","159","33","126","12","171","480","0","35.63","6.88"
"67","000","00","015","1507","0000","161","42","119","12","173","445","0","38.88","9.44"
"67","000","00","015","1507","0264","161","42","119","12","173","445","0","38.88","9.44"
"67","000","00","015","1508","0000","620","174","446","28","648","1618","0","40.05","10.75"
"67","000","00","015","1508","0266","337","97","240","11","348","838","0","41.53","11.58"
"67","000","00","015","1508","0267","283","77","206","17","300","780","0","38.46","9.87"
"67","000","00","015","1509","0000","187","64","123","9","196","350","0","56.0","18.29"
"67","000","00","015","1509","0268","187","64","123","9","196","350","0","56.0","18.29"
"67","000","00","015","1510","0000","472","171","301","48","520","907","0","57.33","18.85"
"67","000","00","015","1510","0269","472","171","301","48","520","907","0","57.33","18.85"
"67","000","00","015","1511","0000","327","86","241","17","344","780","0","44.1","11.03"
"67","000","00","015","1511","0270","327","86","241","17","344","780","0","44.1","11.03"
"67","000","00","015","1512","0000","1093","356","737","56","1149","2571","0","44.69","13.85"
"67","000","00","015","1512","0271","698","235","463","37","735","1658","0","44.33","14.17"
"67","000","00","015","1512","0272","395","121","274","19","414","913","0","45.35","13.25"
"67","000","00","015","1515","0000","805","278","527","59","864","1898","0","45.52","14.65"
"67","000","00","015","1515","0273","554","200","354","50","604","1202","0","50.25","16.64"
"67","000","00","015","1515","0274","251","78","173","9","260","696","0","37.36","11.21"
"67","000","00","015","1517","0000","178","44","134","17","195","680","0","28.68","6.47"
"67","000","00","015","1517","0265","178","44","134","17","195","680","0","28.68","6.47"
"67","000","00","015","1518","0000","644","190","454","67","711","1269","0","56.03","14.97"
"67","000","00","015","1518","0275","285","84","201","36","321","647","0","49.61","12.98"
"67","000","00","015","1518","0276","359","106","253","31","390","622","0","62.7","17.04"
"67","000","00","015","1519","0000","900","280","620","87","987","1873","0","52.7","14.95"
"67","000","00","015","1519","0277","607","172","435","66","673","1175","0","57.28","14.64"
"67","000","00","015","1519","0278","293","108","185","21","314","698","0","44.99","15.47"
"67","000","00","015","1521","0000","453","131","322","60","513","983","0","52.19","13.33"
"67","000","00","015","1521","0279","453","131","322","60","513","983","0","52.19","13.33"
"67","000","00","015","1522","0000","510","162","348","34","544","1366","0","39.82","11.86"
"67","000","00","015","1522","0280","510","162","348","34","544","1366","0","39.82","11.86"
"67","000","00","015","1523","0000","542","179","363","65","607","1379","0","44.02","12.98"
"67","000","00","015","1523","0281","542","179","363","65","607","1379","0","44.02","12.98"
"67","000","00","016","0000","0000","7418","2193","5225","517","7935","17754","19691","44.69","12.35"
"67","000","00","016","1601","0000","595","188","407","41","636","1110","0","57.3","16.94"
"67","000","00","016","1601","0234","595","188","407","41","636","1110","0","57.3","16.94"
"67","000","00","016","1613","0000","333","106","227","13","346","849","0","40.75","12.49"
"67","000","00","016","1613","0250","333","106","227","13","346","849","0","40.75","12.49"
"67","000","00","016","1614","0000","237","62","175","22","259","645","0","40.16","9.61"
"67","000","00","016","1614","0251","237","62","175","22","259","645","0","40.16","9.61"
"67","000","00","016","1615","0000","457","114","343","26","483","1353","0","35.7","8.43"
"67","000","00","016","1615","0252","264","66","198","18","282","690","0","40.87","9.57"
"67","000","00","016","1615","0253","193","48","145","8","201","663","0","30.32","7.24"
"67","000","00","016","1616","0000","494","139","355","27","521","1175","0","44.34","11.83"
"67","000","00","016","1616","0254","494","139","355","27","521","1175","0","44.34","11.83"
"67","000","00","016","1617","0000","741","213","528","121","862","1898","0","45.42","11.22"
"67","000","00","016","1617","0255","275","79","196","32","307","837","0","36.68","9.44"
"67","000","00","016","1617","0256","466","134","332","89","555","1061","0","52.31","12.63"
"67","000","00","016","1618","0000","343","97","246","12","355","976","0","36.37","9.94"
"67","000","00","016","1618","0257","343","97","246","12","355","976","0","36.37","9.94"
"67","000","00","016","1619","0000","433","127","306","19","452","1223","0","36.96","10.38"
"67","000","00","016","1619","0245","235","67","168","9","244","650","0","37.54","10.31"
"67","000","00","016","1619","0246","198","60","138","10","208","573","0","36.3","10.47"
"67","000","00","016","1620","0000","1095","320","775","45","1140","2387","0","47.76","13.41"
"67","000","00","016","1620","0235","652","189","463","23","675","1418","0","47.6","13.33"
"67","000","00","016","1620","0236","443","131","312","22","465","969","0","47.99","13.52"
"67","000","00","016","1621","0000","1161","366","795","82","1243","2482","0","50.08","14.75"
"67","000","00","016","1621","0237","273","93","180","30","303","519","0","58.38","17.92"
"67","000","00","016","1621","0238","521","157","364","18","539","1106","0","48.73","14.2"
"67","000","00","016","1621","0239","242","86","156","28","270","542","0","49.82","15.87"
"67","000","00","016","1621","0240","125","30","95","6","131","315","0","41.59","9.52"
"67","000","00","016","1622","0000","853","284","569","60","913","2032","0","44.93","13.98"
"67","000","00","016","1622","0241","218","64","154","23","241","584","0","41.27","10.96"
"67","000","00","016","1622","0242","181","65","116","7","188","398","0","47.24","16.33"
"67","000","00","016","1622","0243","242","84","158","16","258","608","0","42.43","13.82"
"67","000","00","016","1622","0244","212","71","141","14","226","442","0","51.13","16.06"
"67","000","00","016","1623","0000","676","177","499","49","725","1624","0","44.64","10.9"
"67","000","00","016","1623","0247","228","65","163","7","235","617","0","38.09","10.53"
"67","000","00","016","1623","0248","248","69","179","23","271","573","0","47.29","12.04"
"67","000","00","016","1623","0249","200","43","157","19","219","434","0","50.46","9.91"
"67","000","00","017","0000","0000","3837","1237","2600","258","4095","9925","11099","41.26","12.46"
"67","000","00","017","1701","0000","565","136","429","17","582","1341","0","43.4","10.14"
"67","000","00","017","1701","0196","302","69","233","7","309","742","0","41.64","9.3"
"67","000","00","017","1701","0197","263","67","196","10","273","599","0","45.58","11.19"
"67","000","00","017","1702","0000","166","52","114","11","177","473","0","37.42","10.99"
"67","000","00","017","1702","0201","166","52","114","11","177","473","0","37.42","10.99"
"67","000","00","017","1705","0000","361","109","252","23","384","838","0","45.82","13.01"
"67","000","00","017","1705","0192","170","38","132","6","176","456","0","38.6","8.33"
"67","000","00","017","1705","0193","191","71","120","17","208","382","0","54.45","18.59"
"67","000","00","017","1706","0000","313","238","75","16","329","954","0","34.49","24.95"
"67","000","00","017","1706","0202","313","238","75","16","329","954","0","34.49","24.95"
"67","000","00","017","1707","0000","403","99","304","35","438","1200","0","36.5","8.25"
"67","000","00","017","1707","0204","230","50","180","9","239","679","0","35.2","7.36"
"67","000","00","017","1707","0205","173","49","124","26","199","521","0","38.2","9.4"
"67","000","00","017","1709","0000","294","94","200","32","326","745","0","43.76","12.62"
"67","000","00","017","1709","0194","158","45","113","24","182","356","0","51.12","12.64"
"67","000","00","017","1709","0195","136","49","87","8","144","389","0","37.02","12.6"
"67","000","00","017","1711","0000","373","94","279","24","397","737","0","53.87","12.75"
"67","000","00","017","1711","0203","373","94","279","24","397","737","0","53.87","12.75"
"67","000","00","017","1713","0000","370","120","250","25","395","885","0","44.63","13.56"
"67","000","00","017","1713","0190","215","78","137","14","229","484","0","47.31","16.12"
"67","000","00","017","1713","0191","155","42","113","11","166","401","0","41.4","10.47"
"67","000","00","017","1714","0000","552","162","390","47","599","1484","0","40.36","10.92"
"67","000","00","017","1714","0198","221","64","157","27","248","594","0","41.75","10.77"
"67","000","00","017","1714","0199","229","61","168","16","245","572","0","42.83","10.66"
"67","000","00","017","1714","0200","102","37","65","4","106","318","0","33.33","11.64"
"67","000","00","017","1715","0000","440","133","307","28","468","1268","0","36.91","10.49"
"67","000","00","017","1715","0206","209","59","150","18","227","632","0","35.92","9.34"
"67","000","00","017","1715","0207","231","74","157","10","241","636","0","37.89","11.64"
"67","000","00","018","0000","0000","18702","5988","12714","1443","20145","37296","43516","54.01","16.06"
"67","000","00","018","1801","0000","1753","575","1178","135","1888","3165","0","59.65","18.17"
"67","000","00","018","1801","0581","428","125","303","23","451","746","0","60.46","16.76"
"67","000","00","018","1801","0582","613","209","404","40","653","1102","0","59.26","18.97"
"67","000","00","018","1801","0583","203","59","144","14","217","370","0","58.65","15.95"
"67","000","00","018","1801","0584","509","182","327","58","567","947","0","59.87","19.22"
"67","000","00","018","1802","0000","1985","639","1346","182","2167","3951","0","54.85","16.17"
"67","000","00","018","1802","0585","553","155","398","58","611","1154","0","52.95","13.43"
"67","000","00","018","1802","0586","548","206","342","59","607","1082","0","56.1","19.04"
"67","000","00","018","1802","0587","568","190","378","43","611","1075","0","56.84","17.67"
"67","000","00","018","1802","0588","316","88","228","22","338","640","0","52.81","13.75"
"67","000","00","018","1803","0000","1290","416","874","89","1379","2757","0","50.02","15.09"
"67","000","00","018","1803","0589","197","65","132","19","216","410","0","52.68","15.85"
"67","000","00","018","1803","0590","248","72","176","29","277","533","0","51.97","13.51"
"67","000","00","018","1803","0591","451","170","281","15","466","836","0","55.74","20.33"
"67","000","00","018","1803","0592","394","109","285","26","420","978","0","42.94","11.15"
"67","000","00","018","1804","0000","2170","756","1414","143","2313","4380","0","52.81","17.26"
"67","000","00","018","1804","0593","698","253","445","37","735","1348","0","54.53","18.77"
"67","000","00","018","1804","0594","504","173","331","34","538","1015","0","53.0","17.04"
"67","000","00","018","1804","0595","553","185","368","33","586","1228","0","47.72","15.07"
"67","000","00","018","1804","0596","415","145","270","39","454","789","0","57.54","18.38"
"67","000","00","018","1809","0000","1669","547","1122","100","1769","3272","0","54.06","16.72"
"67","000","00","018","1809","0597","516","165","351","27","543","1022","0","53.13","16.14"
"67","000","00","018","1809","0598","495","145","350","24","519","1021","0","50.83","14.2"
"67","000","00","018","1809","0599","658","237","421","49","707","1229","0","57.53","19.28"
"67","000","00","018","1810","0000","994","340","654","50","1044","2165","0","48.22","15.7"
"67","000","00","018","1810","0600","579","199","380","21","600","1153","0","52.04","17.26"
"67","000","00","018","1810","0601","415","141","274","29","444","1012","0","43.87","13.93"
"67","000","00","018","1811","0000","750","255","495","53","803","1458","0","55.08","17.49"
"67","000","00","018","1811","0602","750","255","495","53","803","1458","0","55.08","17.49"
"67","000","00","018","1812","0000","1681","563","1118","111","1792","3220","0","55.65","17.48"
"67","000","00","018","1812","0603","861","271","590","55","916","1645","0","55.68","16.47"
"67","000","00","018","1812","0604","544","188","356","46","590","1016","0","58.07","18.5"
"67","000","00","018","1812","0605","276","104","172","10","286","559","0","51.16","18.6"
"67","000","00","018","1813","0000","1620","426","1194","76","1696","2784","0","60.92","15.3"
"67","000","00","018","1813","0606","652","207","445","29","681","1222","0","55.73","16.94"
"67","000","00","018","1813","0607","968","219","749","47","1015","1562","0","64.98","14.02"
"67","000","00","018","1814","0000","949","307","642","88","1037","2007","0","51.67","15.3"
"67","000","00","018","1814","0608","452","149","303","22","474","994","0","47.69","14.99"
"67","000","00","018","1814","0609","497","158","339","66","563","1013","0","55.58","15.6"
"67","000","00","018","1815","0000","1089","315","774","93","1182","2218","0","53.29","14.2"
"67","000","00","018","1815","0610","618","191","427","54","672","1197","0","56.14","15.96"
"67","000","00","018","1815","0611","471","124","347","39","510","1021","0","49.95","12.14"
"67","000","00","018","1816","0000","591","189","402","59","650","1428","0","45.52","13.24"
"67","000","00","018","1816","0612","591","189","402","59","650","1428","0","45.52","13.24"
"67","000","00","018","1817","0000","187","58","129","29","216","456","0","47.37","12.72"
"67","000","00","018","1817","0613","187","58","129","29","216","456","0","47.37","12.72"
"67","000","00","018","1818","0000","1099","323","776","98","1197","2134","0","56.09","15.14"
"67","000","00","018","1818","0614","537","163","374","46","583","1037","0","56.22","15.72"
"67","000","00","018","1818","0615","562","160","402","52","614","1097","0","55.97","14.59"
"67","000","00","018","1819","0000","456","149","307","46","502","902","0","55.65","16.52"
"67","000","00","018","1819","0616","456","149","307","46","502","902","0","55.65","16.52"
"67","000","00","018","1820","0000","419","130","289","91","510","999","0","51.05","13.01"
"67","000","00","018","1820","0617","419","130","289","91","510","999","0","51.05","13.01"
"67","000","00","019","0000","0000","19221","6753","12468","1254","20475","39950","48870","51.25","16.9"
"67","000","00","019","1901","0000","508","165","343","12","520","1132","0","45.94","14.58"
"67","000","00","019","1901","0492","508","165","343","12","520","1132","0","45.94","14.58"
"67","000","00","019","1902","0000","1860","649","1211","104","1964","3935","0","49.91","16.49"
"67","000","00","019","1902","0493","862","300","562","52","914","1845","0","49.54","16.26"
"67","000","00","019","1902","0494","998","349","649","52","1050","2090","0","50.24","16.7"
"67","000","00","019","1903","0000","2708","945","1763","171","2879","5301","0","54.31","17.83"
"67","000","00","019","1903","0495","825","286","539","51","876","1582","0","55.37","18.08"
"67","000","00","019","1903","0496","987","371","616","67","1054","1901","0","55.44","19.52"
"67","000","00","019","1903","0497","896","288","608","53","949","1818","0","52.2","15.84"
"67","000","00","019","1904","0000","1383","477","906","78","1461","2700","0","54.11","17.67"
"67","000","00","019","1904","0498","813","273","540","46","859","1639","0","52.41","16.66"
"67","000","00","019","1904","0499","570","204","366","32","602","1061","0","56.74","19.23"
"67","000","00","019","1905","0000","928","298","630","69","997","1786","0","55.82","16.69"
"67","000","00","019","1905","0500","928","298","630","69","997","1786","0","55.82","16.69"
"67","000","00","019","1908","0000","732","260","472","56","788","1581","0","49.84","16.45"
"67","000","00","019","1908","0502","732","260","472","56","788","1581","0","49.84","16.45"
"67","000","00","019","1909","0000","586","224","362","70","656","1240","0","52.9","18.06"
"67","000","00","019","1909","0503","586","224","362","70","656","1240","0","52.9","18.06"
"67","000","00","019","1910","0000","706","248","458","33","739","1743","0","42.4","14.23"
"67","000","00","019","1910","0504","706","248","458","33","739","1743","0","42.4","14.23"
"67","000","00","019","1911","0000","658","260","398","41","699","1246","0","56.1","20.87"
"67","000","00","019","1911","0505","658","260","398","41","699","1246","0","56.1","20.87"
"67","000","00","019","1912","0000","879","287","592","36","915","1899","0","48.18","15.11"
"67","000","00","019","1912","0506","455","153","302","22","477","961","0","49.64","15.92"
"67","000","00","019","1912","0507","424","134","290","14","438","938","0","46.7","14.29"
"67","000","00","019","1913","0000","354","122","232","13","367","722","0","50.83","16.9"
"67","000","00","019","1913","0508","354","122","232","13","367","722","0","50.83","16.9"
"67","000","00","019","1914","0000","460","148","312","35","495","1062","0","46.61","13.94"
"67","000","00","019","1914","0509","460","148","312","35","495","1062","0","46.61","13.94"
"67","000","00","019","1915","0000","795","285","510","80","875","1715","0","51.02","16.62"
"67","000","00","019","1915","0510","795","285","510","80","875","1715","0","51.02","16.62"
"67","000","00","019","1918","0000","758","291","467","62","820","1574","0","52.1","18.49"
"67","000","00","019","1918","0513","758","291","467","62","820","1574","0","52.1","18.49"
"67","000","00","019","1919","0000","628","210","418","67","695","1535","0","45.28","13.68"
"67","000","00","019","1919","0514","628","210","418","67","695","1535","0","45.28","13.68"
"67","000","00","019","1920","0000","525","192","333","58","583","1106","0","52.71","17.36"
"67","000","00","019","1920","0515","525","192","333","58","583","1106","0","52.71","17.36"
"67","000","00","019","1921","0000","2077","705","1372","125","2202","4240","0","51.93","16.63"
"67","000","00","019","1921","0516","661","222","439","28","689","1402","0","49.14","15.83"
"67","000","00","019","1921","0517","805","256","549","62","867","1458","0","59.47","17.56"
"67","000","00","019","1921","0518","611","227","384","35","646","1380","0","46.81","16.45"
"67","000","00","019","1922","0000","571","163","408","40","611","1147","0","53.27","14.21"
"67","000","00","019","1922","0501","571","163","408","40","611","1147","0","53.27","14.21"
"67","000","00","019","1923","0000","901","304","597","82","983","1985","0","49.52","15.31"
"67","000","00","019","1923","0511","504","170","334","44","548","1120","0","48.93","15.18"
"67","000","00","019","1923","0512","397","134","263","38","435","865","0","50.29","15.49"
"67","000","00","019","1924","0000","1204","520","684","22","1226","2301","0","53.28","22.6"
"67","000","00","019","1924","0519","633","268","365","10","643","1232","0","52.19","21.75"
"67","000","00","019","1924","0520","571","252","319","12","583","1069","0","54.54","23.57"
"67","000","00","020","0000","0000","15352","4981","10371","957","16309","30386","36824","53.67","16.39"
"67","000","00","020","2001","0000","1463","465","998","78","1541","2928","0","52.63","15.88"
"67","000","00","020","2001","0545","446","132","314","26","472","960","0","49.17","13.75"
"67","000","00","020","2001","0546","617","210","407","36","653","1118","0","58.41","18.78"
"67","000","00","020","2001","0547","400","123","277","16","416","850","0","48.94","14.47"
"67","000","00","020","2002","0000","3120","1033","2087","200","3320","6063","0","54.76","17.04"
"67","000","00","020","2002","0548","619","197","422","42","661","1241","0","53.26","15.87"
"67","000","00","020","2002","0549","671","228","443","34","705","1297","0","54.36","17.58"
"67","000","00","020","2002","0550","504","161","343","38","542","962","0","56.34","16.74"
"67","000","00","020","2002","0551","658","215","443","41","699","1237","0","56.51","17.38"
"67","000","00","020","2002","0552","668","232","436","45","713","1326","0","53.77","17.5"
"67","000","00","020","2003","0000","1260","424","836","81","1341","2516","0","53.3","16.85"
"67","000","00","020","2003","0553","629","205","424","48","677","1211","0","55.9","16.93"
"67","000","00","020","2003","0554","631","219","412","33","664","1305","0","50.88","16.78"
"67","000","00","020","2004","0000","342","104","238","35","377","688","0","54.8","15.12"
"67","000","00","020","2004","0555","342","104","238","35","377","688","0","54.8","15.12"
"67","000","00","020","2005","0000","489","170","319","26","515","911","0","56.53","18.66"
"67","000","00","020","2005","0556","489","170","319","26","515","911","0","56.53","18.66"
"67","000","00","020","2006","0000","701","153","548","37","738","1525","0","48.39","10.03"
"67","000","00","020","2006","0557","701","153","548","37","738","1525","0","48.39","10.03"
"67","000","00","020","2007","0000","1502","487","1015","54","1556","3262","0","47.7","14.93"
"67","000","00","020","2007","0558","449","164","285","5","454","1091","0","41.61","15.03"
"67","000","00","020","2007","0559","548","173","375","19","567","1122","0","50.53","15.42"
"67","000","00","020","2007","0560","505","150","355","30","535","1049","0","51.0","14.3"
"67","000","00","020","2008","0000","2142","702","1440","102","2244","4457","0","50.35","15.75"
"67","000","00","020","2008","0561","696","268","428","19","715","1564","0","45.72","17.14"
"67","000","00","020","2008","0562","768","234","534","45","813","1515","0","53.66","15.45"
"67","000","00","020","2008","0563","678","200","478","38","716","1378","0","51.96","14.51"
"67","000","00","020","2009","0000","1011","353","658","116","1127","1787","0","63.07","19.75"
"67","000","00","020","2009","0564","476","170","306","39","515","827","0","62.27","20.56"
"67","000","00","020","2009","0565","535","183","352","77","612","960","0","63.75","19.06"
"67","000","00","020","2010","0000","1703","540","1163","116","1819","3388","0","53.69","15.94"
"67","000","00","020","2010","0566","460","127","333","40","500","951","0","52.58","13.35"
"67","000","00","020","2010","0567","653","205","448","43","696","1264","0","55.06","16.22"
"67","000","00","020","2010","0568","590","208","382","33","623","1173","0","53.11","17.73"
"67","000","00","020","2011","0000","1619","550","1069","112","1731","2861","0","60.5","19.22"
"67","000","00","020","2011","0569","366","134","232","25","391","684","0","57.16","19.59"
"67","000","00","020","2011","0570","599","189","410","50","649","1055","0","61.52","17.91"
"67","000","00","020","2011","0571","654","227","427","37","691","1122","0","61.59","20.23"
"67","000","00","021","0000","0000","12949","4048","8901","1132","14081","26104","30522","53.94","15.51"
"67","000","00","021","2101","0000","1144","348","796","125","1269","2150","0","59.02","16.19"
"67","000","00","021","2101","0521","687","212","475","85","772","1251","0","61.71","16.95"
"67","000","00","021","2101","0522","457","136","321","40","497","899","0","55.28","15.13"
"67","000","00","021","2102","0000","1018","305","713","119","1137","2054","0","55.36","14.85"
"67","000","00","021","2102","0523","538","177","361","71","609","1106","0","55.06","16.0"
"67","000","00","021","2102","0524","480","128","352","48","528","948","0","55.7","13.5"
"67","000","00","021","2103","0000","649","222","427","50","699","1442","0","48.47","15.4"
"67","000","00","021","2103","0525","649","222","427","50","699","1442","0","48.47","15.4"
"67","000","00","021","2104","0000","1039","337","702","114","1153","2186","0","52.74","15.42"
"67","000","00","021","2104","0526","629","220","409","66","695","1385","0","50.18","15.88"
"67","000","00","021","2104","0527","410","117","293","48","458","801","0","57.18","14.61"
"67","000","00","021","2106","0000","685","225","460","62","747","1517","0","49.24","14.83"
"67","000","00","021","2106","0528","317","105","212","27","344","736","0","46.74","14.27"
"67","000","00","021","2106","0529","368","120","248","35","403","781","0","51.6","15.36"
"67","000","00","021","2107","0000","882","286","596","61","943","1657","0","56.91","17.26"
"67","000","00","021","2107","0530","417","139","278","17","434","795","0","54.59","17.48"
"67","000","00","021","2107","0531","465","147","318","44","509","862","0","59.05","17.05"
"67","000","00","021","2108","0000","1370","394","976","72","1442","2872","0","50.21","13.72"
"67","000","00","021","2108","0532","704","202","502","33","737","1487","0","49.56","13.58"
"67","000","00","021","2108","0533","666","192","474","39","705","1385","0","50.9","13.86"
"67","000","00","021","2109","0000","1301","411","890","71","1372","2612","0","52.53","15.74"
"67","000","00","021","2109","0534","700","226","474","31","731","1518","0","48.16","14.89"
"67","000","00","021","2109","0535","601","185","416","40","641","1094","0","58.59","16.91"
"67","000","00","021","2112","0000","367","112","255","44","411","716","0","57.4","15.64"
"67","000","00","021","2112","0538","367","112","255","44","411","716","0","57.4","15.64"
"67","000","00","021","2113","0000","1241","405","836","94","1335","2435","0","54.83","16.63"
"67","000","00","021","2113","0539","757","245","512","57","814","1492","0","54.56","16.42"
"67","000","00","021","2113","0540","484","160","324","37","521","943","0","55.25","16.97"
"67","000","00","021","2114","0000","1295","398","897","108","1403","2541","0","55.21","15.66"
"67","000","00","021","2114","0541","605","186","419","29","634","1157","0","54.8","16.08"
"67","000","00","021","2114","0542","690","212","478","79","769","1384","0","55.56","15.32"
"67","000","00","021","2117","0000","776","264","512","82","858","1578","0","54.37","16.73"
"67","000","00","021","2117","0543","464","154","310","62","526","967","0","54.4","15.93"
"67","000","00","021","2117","0544","312","110","202","20","332","611","0","54.34","18.0"
"67","000","00","021","2118","0000","1182","341","841","130","1312","2344","0","55.97","14.55"
"67","000","00","021","2118","0536","791","234","557","93","884","1590","0","55.6","14.72"
"67","000","00","021","2118","0537","391","107","284","37","428","754","0","56.76","14.19"
"67","000","00","022","0000","0000","2618","852","1766","255","2873","6511","7328","44.13","13.09"
"67","000","00","022","2201","0000","608","183","425","83","691","1691","0","40.86","10.82"
"67","000","00","022","2201","0572","314","99","215","48","362","855","0","42.34","11.58"
"67","000","00","022","2201","0573","294","84","210","35","329","836","0","39.35","10.05"
"67","000","00","022","2202","0000","657","224","433","89","746","1541","0","48.41","14.54"
"67","000","00","022","2202","0574","325","114","211","50","375","753","0","49.8","15.14"
"67","000","00","022","2202","0575","332","110","222","39","371","788","0","47.08","13.96"
"67","000","00","022","2203","0000","452","164","288","41","493","984","0","50.1","16.67"
"67","000","00","022","2203","0576","452","164","288","41","493","984","0","50.1","16.67"
"67","000","00","022","2204","0000","413","136","277","14","427","972","0","43.93","13.99"
"67","000","00","022","2204","0577","413","136","277","14","427","972","0","43.93","13.99"
"67","000","00","022","2205","0000","168","44","124","4","172","553","0","31.1","7.96"
"67","000","00","022","2205","0578","168","44","124","4","172","553","0","31.1","7.96"
"67","000","00","022","2206","0000","151","44","107","5","156","378","0","41.27","11.64"
"67","000","00","022","2206","0579","151","44","107","5","156","378","0","41.27","11.64"
"67","000","00","022","2207","0000","169","57","112","19","188","392","0","47.96","14.54"
"67","000","00","022","2207","0580","169","57","112","19","188","392","0","47.96","14.54"
"67","000","00","023","0000","0000","5544","1543","4001","469","6013","12357","14021","48.66","12.49"
"67","000","00","023","2301","0000","575","163","412","32","607","1242","0","48.87","13.12"
"67","000","00","023","2301","0466","575","163","412","32","607","1242","0","48.87","13.12"
"67","000","00","023","2302","0000","1753","483","1270","122","1875","3637","0","51.55","13.28"
"67","000","00","023","2302","0467","564","141","423","33","597","1141","0","52.32","12.36"
"67","000","00","023","2302","0468","323","97","226","20","343","698","0","49.14","13.9"
"67","000","00","023","2302","0469","399","126","273","26","425","849","0","50.06","14.84"
"67","000","00","023","2302","0470","467","119","348","43","510","949","0","53.74","12.54"
"67","000","00","023","2303","0000","530","148","382","36","566","1212","0","46.7","12.21"
"67","000","00","023","2303","0471","294","78","216","21","315","618","0","50.97","12.62"
"67","000","00","023","2303","0472","236","70","166","15","251","594","0","42.26","11.78"
"67","000","00","023","2304","0000","610","177","433","55","665","1439","0","46.21","12.3"
"67","000","00","023","2304","0473","372","113","259","18","390","927","0","42.07","12.19"
"67","000","00","023","2304","0474","238","64","174","37","275","512","0","53.71","12.5"
"67","000","00","023","2305","0000","222","58","164","20","242","509","0","47.54","11.39"
"67","000","00","023","2305","0475","222","58","164","20","242","509","0","47.54","11.39"
"67","000","00","023","2306","0000","243","64","179","25","268","496","0","54.03","12.9"
"67","000","00","023","2306","0476","243","64","179","25","268","496","0","54.03","12.9"
"67","000","00","023","2307","0000","337","88","249","17","354","759","0","46.64","11.59"
"67","000","00","023","2307","0477","337","88","249","17","354","759","0","46.64","11.59"
"67","000","00","023","2308","0000","574","137","437","65","639","1456","0","43.89","9.41"
"67","000","00","023","2308","0478","251","60","191","9","260","669","0","38.86","8.97"
"67","000","00","023","2308","0479","323","77","246","56","379","787","0","48.16","9.78"
"67","000","00","023","2309","0000","254","79","175","40","294","620","0","47.42","12.74"
"67","000","00","023","2309","0480","254","79","175","40","294","620","0","47.42","12.74"
"67","000","00","023","2310","0000","446","146","300","57","503","987","0","50.96","14.79"
"67","000","00","023","2310","0481","446","146","300","57","503","987","0","50.96","14.79"
"67","000","00","024","0000","0000","3513","892","2621","334","3847","8528","9572","45.11","10.46"
"67","000","00","024","2401","0000","853","224","629","99","952","1848","0","51.52","12.12"
"67","000","00","024","2401","0447","427","101","326","49","476","978","0","48.67","10.33"
"67","000","00","024","2401","0448","426","123","303","50","476","870","0","54.71","14.14"
"67","000","00","024","2402","0000","377","91","286","15","392","1160","0","33.79","7.84"
"67","000","00","024","2402","0449","377","91","286","15","392","1160","0","33.79","7.84"
"67","000","00","024","2403","0000","282","69","213","22","304","699","0","43.49","9.87"
"67","000","00","024","2403","0450","282","69","213","22","304","699","0","43.49","9.87"
"67","000","00","024","2404","0000","364","82","282","22","386","990","0","38.99","8.28"
"67","000","00","024","2404","0451","364","82","282","22","386","990","0","38.99","8.28"
"67","000","00","024","2405","0000","381","102","279","33","414","928","0","44.61","10.99"
"67","000","00","024","2405","0452","381","102","279","33","414","928","0","44.61","10.99"
"67","000","00","024","2406","0000","275","68","207","44","319","660","0","48.33","10.3"
"67","000","00","024","2406","0453","275","68","207","44","319","660","0","48.33","10.3"
"67","000","00","024","2407","0000","981","256","725","99","1080","2243","0","48.15","11.41"
"67","000","00","024","2407","0454","523","138","385","64","587","1187","0","49.45","11.63"
"67","000","00","024","2407","0455","458","118","340","35","493","1056","0","46.69","11.17"
"67","000","00","025","0000","0000","3391","974","2417","327","3718","7786","8741","47.75","12.51"
"67","000","00","025","2501","0000","666","215","451","95","761","1385","0","54.95","15.52"
"67","000","00","025","2501","0456","335","111","224","39","374","690","0","54.2","16.09"
"67","000","00","025","2501","0457","331","104","227","56","387","695","0","55.68","14.96"
"67","000","00","025","2502","0000","330","84","246","32","362","806","0","44.91","10.42"
"67","000","00","025","2502","0458","330","84","246","32","362","806","0","44.91","10.42"
"67","000","00","025","2503","0000","196","59","137","10","206","425","0","48.47","13.88"
"67","000","00","025","2503","0461","196","59","137","10","206","425","0","48.47","13.88"
"67","000","00","025","2504","0000","247","69","178","29","276","559","0","49.37","12.34"
"67","000","00","025","2504","0462","247","69","178","29","276","559","0","49.37","12.34"
"67","000","00","025","2505","0000","241","53","188","30","271","654","0","41.44","8.1"
"67","000","00","025","2505","0459","241","53","188","30","271","654","0","41.44","8.1"
"67","000","00","025","2506","0000","250","81","169","35","285","783","0","36.4","10.34"
"67","000","00","025","2506","0460","250","81","169","35","285","783","0","36.4","10.34"
"67","000","00","025","2507","0000","504","155","349","24","528","1189","0","44.41","13.04"
"67","000","00","025","2507","0463","504","155","349","24","528","1189","0","44.41","13.04"
"67","000","00","025","2508","0000","500","135","365","43","543","1044","0","52.01","12.93"
"67","000","00","025","2508","0464","500","135","365","43","543","1044","0","52.01","12.93"
"67","000","00","025","2509","0000","457","123","334","29","486","941","0","51.65","13.07"
"67","000","00","025","2509","0465","457","123","334","29","486","941","0","51.65","13.07"
"67","000","00","026","0000","0000","1755","447","1308","231","1986","4418","4801","44.95","10.12"
"67","000","00","026","2601","0000","163","39","124","26","189","392","0","48.21","9.95"
"67","000","00","026","2601","0482","163","39","124","26","189","392","0","48.21","9.95"
"67","000","00","026","2602","0000","298","78","220","40","338","644","0","52.48","12.11"
"67","000","00","026","2602","0483","298","78","220","40","338","644","0","52.48","12.11"
"67","000","00","026","2603","0000","171","47","124","15","186","468","0","39.74","10.04"
"67","000","00","026","2603","0484","171","47","124","15","186","468","0","39.74","10.04"
"67","000","00","026","2604","0000","285","69","216","42","327","753","0","43.43","9.16"
"67","000","00","026","2604","0485","285","69","216","42","327","753","0","43.43","9.16"
"67","000","00","026","2605","0000","145","33","112","14","159","345","0","46.09","9.57"
"67","000","00","026","2605","0486","145","33","112","14","159","345","0","46.09","9.57"
"67","000","00","026","2606","0000","154","48","106","16","170","393","0","43.26","12.21"
"67","000","00","026","2606","0487","154","48","106","16","170","393","0","43.26","12.21"
"67","000","00","026","2607","0000","181","51","130","45","226","504","0","44.84","10.12"
"67","000","00","026","2607","0491","181","51","130","45","226","504","0","44.84","10.12"
"67","000","00","026","2608","0000","185","43","142","18","203","420","0","48.33","10.24"
"67","000","00","026","2608","0488","185","43","142","18","203","420","0","48.33","10.24"
"67","000","00","026","2609","0000","108","26","82","12","120","313","0","38.34","8.31"
"67","000","00","026","2609","0489","108","26","82","12","120","313","0","38.34","8.31"
"67","000","00","026","2610","0000","65","13","52","3","68","186","0","36.56","6.99"
"67","000","00","026","2610","0490","65","13","52","3","68","186","0","36.56","6.99"
"67","000","00","027","0000","0000","32572","10442","22130","1886","34458","64632","75797","53.31","16.16"
"67","000","00","027","2701","0000","2788","908","1880","198","2986","5381","0","55.49","16.87"
"67","000","00","027","2701","1188","680","226","454","51","731","1318","0","55.46","17.15"
"67","000","00","027","2701","1189","722","230","492","47","769","1406","0","54.69","16.36"
"67","000","00","027","2701","1190","713","215","498","53","766","1465","0","52.29","14.68"
"67","000","00","027","2701","1191","673","237","436","47","720","1192","0","60.4","19.88"
"67","000","00","027","2702","0000","1414","473","941","132","1546","2749","0","56.24","17.21"
"67","000","00","027","2702","1192","769","239","530","54","823","1429","0","57.59","16.72"
"67","000","00","027","2702","1193","645","234","411","78","723","1320","0","54.77","17.73"
"67","000","00","027","2703","0000","1499","437","1062","103","1602","2703","0","59.27","16.17"
"67","000","00","027","2703","1194","770","234","536","63","833","1373","0","60.67","17.04"
"67","000","00","027","2703","1195","729","203","526","40","769","1330","0","57.82","15.26"
"67","000","00","027","2704","0000","3632","1185","2447","174","3806","7201","0","52.85","16.46"
"67","000","00","027","2704","1196","916","339","577","31","947","1687","0","56.14","20.09"
"67","000","00","027","2704","1197","700","247","453","56","756","1491","0","50.7","16.57"
"67","000","00","027","2704","1198","519","149","370","25","544","1151","0","47.26","12.95"
"67","000","00","027","2704","1199","710","211","499","18","728","1407","0","51.74","15.0"
"67","000","00","027","2704","1200","787","239","548","44","831","1465","0","56.72","16.31"
"67","000","00","027","2705","0000","4752","1482","3270","255","5007","9066","0","55.23","16.35"
"67","000","00","027","2705","1201","732","239","493","26","758","1335","0","56.78","17.9"
"67","000","00","027","2705","1202","741","240","501","47","788","1490","0","52.89","16.11"
"67","000","00","027","2705","1203","811","263","548","42","853","1453","0","58.71","18.1"
"67","000","00","027","2705","1204","487","158","329","19","506","990","0","51.11","15.96"
"67","000","00","027","2705","1205","843","243","600","45","888","1573","0","56.45","15.45"
"67","000","00","027","2705","1206","522","150","372","47","569","1031","0","55.19","14.55"
"67","000","00","027","2705","1207","616","189","427","29","645","1194","0","54.02","15.83"
"67","000","00","027","2706","0000","1645","559","1086","79","1724","3342","0","51.59","16.73"
"67","000","00","027","2706","1208","616","206","410","37","653","1268","0","51.5","16.25"
"67","000","00","027","2706","1209","496","178","318","31","527","929","0","56.73","19.16"
"67","000","00","027","2706","1210","533","175","358","11","544","1145","0","47.51","15.28"
"67","000","00","027","2707","0000","4569","1524","3045","291","4860","9116","0","53.31","16.72"
"67","000","00","027","2707","1211","703","241","462","38","741","1413","0","52.44","17.06"
"67","000","00","027","2707","1212","708","229","479","79","787","1465","0","53.72","15.63"
"67","000","00","027","2707","1213","754","251","503","41","795","1390","0","57.19","18.06"
"67","000","00","027","2707","1214","703","233","470","63","766","1396","0","54.87","16.69"
"67","000","00","027","2707","1215","953","343","610","45","998","1906","0","52.36","18.0"
"67","000","00","027","2707","1216","748","227","521","25","773","1546","0","50.0","14.68"
"67","000","00","027","2708","0000","2841","951","1890","168","3009","5833","0","51.59","16.3"
"67","000","00","027","2708","1217","669","228","441","26","695","1546","0","44.95","14.75"
"67","000","00","027","2708","1218","708","228","480","41","749","1399","0","53.54","16.3"
"67","000","00","027","2708","1219","850","303","547","79","929","1748","0","53.15","17.33"
"67","000","00","027","2708","1220","614","192","422","22","636","1140","0","55.79","16.84"
"67","000","00","027","2711","0000","1289","408","881","49","1338","2763","0","48.43","14.77"
"67","000","00","027","2711","1223","675","210","465","31","706","1414","0","49.93","14.85"
"67","000","00","027","2711","1224","614","198","416","18","632","1349","0","46.85","14.68"
"67","000","00","027","2712","0000","2270","717","1553","112","2382","4659","0","51.13","15.39"
"67","000","00","027","2712","1225","719","232","487","18","737","1471","0","50.1","15.77"
"67","000","00","027","2712","1226","674","221","453","22","696","1324","0","52.57","16.69"
"67","000","00","027","2712","1227","589","158","431","49","638","1310","0","48.7","12.06"
"67","000","00","027","2712","1228","288","106","182","23","311","554","0","56.14","19.13"
"67","000","00","027","2713","0000","720","171","549","30","750","1395","0","53.76","12.26"
"67","000","00","027","2713","1229","720","171","549","30","750","1395","0","53.76","12.26"
"67","000","00","027","2714","0000","627","187","440","17","644","1264","0","50.95","14.79"
"67","000","00","027","2714","1230","627","187","440","17","644","1264","0","50.95","14.79"
"67","000","00","027","2715","0000","1000","319","681","88","1088","2108","0","51.61","15.13"
"67","000","00","027","2715","1231","578","184","394","62","640","1180","0","54.24","15.59"
"67","000","00","027","2715","1232","422","135","287","26","448","928","0","48.28","14.55"
"67","000","00","027","2716","0000","978","333","645","44","1022","2084","0","49.04","15.98"
"67","000","00","027","2716","1233","442","152","290","15","457","965","0","47.36","15.75"
"67","000","00","027","2716","1234","536","181","355","29","565","1119","0","50.49","16.18"
"67","000","00","027","2717","0000","1298","397","901","85","1383","2672","0","51.76","14.86"
"67","000","00","027","2717","1235","607","175","432","50","657","1206","0","54.48","14.51"
"67","000","00","027","2717","1236","691","222","469","35","726","1466","0","49.52","15.14"
"67","000","00","027","2719","0000","1250","391","859","61","1311","2296","0","57.1","17.03"
"67","000","00","027","2719","1221","639","203","436","25","664","1277","0","52.0","15.9"
"67","000","00","027","2719","1222","611","188","423","36","647","1019","0","63.49","18.45"
"67","000","00","028","0000","0000","28932","9985","18947","1603","30535","57387","68391","53.21","17.4"
"67","000","00","028","2801","0000","3016","979","2037","175","3191","5916","0","53.94","16.55"
"67","000","00","028","2801","1237","758","235","523","51","809","1560","0","51.86","15.06"
"67","000","00","028","2801","1238","790","253","537","47","837","1383","0","60.52","18.29"
"67","000","00","028","2801","1239","759","257","502","32","791","1491","0","53.05","17.24"
"67","000","00","028","2801","1240","709","234","475","45","754","1482","0","50.88","15.79"
"67","000","00","028","2802","0000","1668","567","1101","111","1779","3756","0","47.36","15.1"
"67","000","00","028","2802","1244","550","186","364","34","584","1336","0","43.71","13.92"
"67","000","00","028","2802","1245","537","176","361","52","589","1183","0","49.79","14.88"
"67","000","00","028","2802","1246","581","205","376","25","606","1237","0","48.99","16.57"
"67","000","00","028","2803","0000","1211","383","828","61","1272","2293","0","55.47","16.7"
"67","000","00","028","2803","1271","681","213","468","34","715","1245","0","57.43","17.11"
"67","000","00","028","2803","1272","530","170","360","27","557","1048","0","53.15","16.22"
"67","000","00","028","2804","0000","1689","551","1138","111","1800","3286","0","54.78","16.77"
"67","000","00","028","2804","1249","555","177","378","9","564","1105","0","51.04","16.02"
"67","000","00","028","2804","1250","564","199","365","38","602","1099","0","54.78","18.11"
"67","000","00","028","2804","1251","570","175","395","64","634","1082","0","58.6","16.17"
"67","000","00","028","2805","0000","1628","540","1088","88","1716","3301","0","51.98","16.36"
"67","000","00","028","2805","1254","537","185","352","37","574","1090","0","52.66","16.97"
"67","000","00","028","2805","1255","562","186","376","24","586","1131","0","51.81","16.45"
"67","000","00","028","2805","1256","529","169","360","27","556","1080","0","51.48","15.65"
"67","000","00","028","2806","0000","1661","531","1130","102","1763","3285","0","53.67","16.16"
"67","000","00","028","2806","1259","565","189","376","52","617","1128","0","54.7","16.76"
"67","000","00","028","2806","1260","539","168","371","18","557","1055","0","52.8","15.92"
"67","000","00","028","2806","1261","557","174","383","32","589","1102","0","53.45","15.79"
"67","000","00","028","2807","0000","1108","370","738","76","1184","2101","0","56.35","17.61"
"67","000","00","028","2807","1262","558","185","373","33","591","1068","0","55.34","17.32"
"67","000","00","028","2807","1263","550","185","365","43","593","1033","0","57.41","17.91"
"67","000","00","028","2808","0000","716","240","476","19","735","1772","0","41.48","13.54"
"67","000","00","028","2808","1264","716","240","476","19","735","1772","0","41.48","13.54"
"67","000","00","028","2809","0000","1518","517","1001","83","1601","2943","0","54.4","17.57"
"67","000","00","028","2809","1265","710","235","475","62","772","1399","0","55.18","16.8"
"67","000","00","028","2809","1266","808","282","526","21","829","1544","0","53.69","18.26"
"67","000","00","028","2810","0000","299","89","210","10","309","684","0","45.18","13.01"
"67","000","00","028","2810","1267","299","89","210","10","309","684","0","45.18","13.01"
"67","000","00","028","2811","0000","1024","379","645","76","1100","1853","0","59.36","20.45"
"67","000","00","028","2811","1268","476","164","312","28","504","839","0","60.07","19.55"
"67","000","00","028","2811","1269","548","215","333","48","596","1014","0","58.78","21.2"
"67","000","00","028","2812","0000","691","241","450","22","713","1906","0","37.41","12.64"
"67","000","00","028","2812","1270","691","241","450","22","713","1906","0","37.41","12.64"
"67","000","00","028","2813","0000","1258","413","845","44","1302","2586","0","50.35","15.97"
"67","000","00","028","2813","1273","594","185","409","18","612","1175","0","52.09","15.74"
"67","000","00","028","2813","1274","664","228","436","26","690","1411","0","48.9","16.16"
"67","000","00","028","2814","0000","1665","594","1071","95","1760","3192","0","55.14","18.61"
"67","000","00","028","2814","1275","818","288","530","38","856","1514","0","56.54","19.02"
"67","000","00","028","2814","1276","847","306","541","57","904","1678","0","53.87","18.24"
"67","000","00","028","2815","0000","1054","339","715","71","1125","1958","0","57.46","17.31"
"67","000","00","028","2815","1277","495","166","329","27","522","949","0","55.01","17.49"
"67","000","00","028","2815","1278","559","173","386","44","603","1009","0","59.76","17.15"
"67","000","00","028","2816","0000","1028","343","685","29","1057","1740","0","60.75","19.71"
"67","000","00","028","2816","1279","602","217","385","3","605","984","0","61.48","22.05"
"67","000","00","028","2816","1280","426","126","300","26","452","756","0","59.79","16.67"
"67","000","00","028","2817","0000","1656","555","1101","94","1750","2945","0","59.42","18.85"
"67","000","00","028","2817","1281","837","277","560","43","880","1478","0","59.54","18.74"
"67","000","00","028","2817","1282","819","278","541","51","870","1467","0","59.3","18.95"
"67","000","00","028","2818","0000","2119","743","1376","99","2218","4145","0","53.51","17.93"
"67","000","00","028","2818","1241","694","230","464","23","717","1330","0","53.91","17.29"
"67","000","00","028","2818","1242","747","268","479","41","788","1399","0","56.33","19.16"
"67","000","00","028","2818","1243","678","245","433","35","713","1416","0","50.35","17.3"
"67","000","00","028","2819","0000","1165","384","781","78","1243","2457","0","50.59","15.63"
"67","000","00","028","2819","1257","494","158","336","24","518","1121","0","46.21","14.09"
"67","000","00","028","2819","1258","671","226","445","54","725","1336","0","54.27","16.92"
"67","000","00","028","2820","0000","1152","403","749","79","1231","2282","0","53.94","17.66"
"67","000","00","028","2820","1247","591","206","385","45","636","1133","0","56.13","18.18"
"67","000","00","028","2820","1248","561","197","364","34","595","1149","0","51.78","17.15"
"67","000","00","028","2821","0000","1606","824","782","80","1686","2986","0","56.46","27.6"
"67","000","00","028","2821","1252","804","557","247","41","845","1519","0","55.63","36.67"
"67","000","00","028","2821","1253","802","267","535","39","841","1467","0","57.33","18.2"
"67","000","00","029","0000","0000","14900","4616","10284","1039","15939","29913","34387","53.28","15.43"
"67","000","00","029","2901","0000","1154","388","766","57","1211","2138","0","56.64","18.15"
"67","000","00","029","2901","1283","499","172","327","23","522","982","0","53.16","17.52"
"67","000","00","029","2901","1284","655","216","439","34","689","1156","0","59.6","18.69"
"67","000","00","029","2902","0000","1059","333","726","67","1126","2049","0","54.95","16.25"
"67","000","00","029","2902","1285","471","130","341","22","493","1006","0","49.01","12.92"
"67","000","00","029","2902","1286","588","203","385","45","633","1043","0","60.69","19.46"
"67","000","00","029","2903","0000","1587","474","1113","111","1698","3319","0","51.16","14.28"
"67","000","00","029","2903","1287","518","179","339","69","587","1012","0","58.0","17.69"
"67","000","00","029","2903","1288","452","101","351","15","467","1013","0","46.1","9.97"
"67","000","00","029","2903","1289","617","194","423","27","644","1294","0","49.77","14.99"
"67","000","00","029","2904","0000","1177","380","797","79","1256","2430","0","51.69","15.64"
"67","000","00","029","2904","1290","585","195","390","48","633","1264","0","50.08","15.43"
"67","000","00","029","2904","1291","592","185","407","31","623","1166","0","53.43","15.87"
"67","000","00","029","2905","0000","488","173","315","17","505","1018","0","49.61","16.99"
"67","000","00","029","2905","1292","488","173","315","17","505","1018","0","49.61","16.99"
"67","000","00","029","2906","0000","307","92","215","36","343","733","0","46.79","12.55"
"67","000","00","029","2906","1293","307","92","215","36","343","733","0","46.79","12.55"
"67","000","00","029","2907","0000","1719","491","1228","105","1824","3152","0","57.87","15.58"
"67","000","00","029","2907","1294","616","160","456","27","643","1093","0","58.83","14.64"
"67","000","00","029","2907","1295","569","169","400","37","606","1081","0","56.06","15.63"
"67","000","00","029","2907","1296","534","162","372","41","575","978","0","58.79","16.56"
"67","000","00","029","2908","0000","1530","467","1063","126","1656","3133","0","52.86","14.91"
"67","000","00","029","2908","1297","505","169","336","25","530","1116","0","47.49","15.14"
"67","000","00","029","2908","1298","484","123","361","37","521","972","0","53.6","12.65"
"67","000","00","029","2908","1299","541","175","366","64","605","1045","0","57.89","16.75"
"67","000","00","029","2909","0000","995","339","656","65","1060","1879","0","56.41","18.04"
"67","000","00","029","2909","1300","446","165","281","25","471","872","0","54.01","18.92"
"67","000","00","029","2909","1301","549","174","375","40","589","1007","0","58.49","17.28"
"67","000","00","029","2912","0000","748","243","505","74","822","1524","0","53.94","15.94"
"67","000","00","029","2912","1306","398","126","272","62","460","804","0","57.21","15.67"
"67","000","00","029","2912","1307","350","117","233","12","362","720","0","50.28","16.25"
"67","000","00","029","2913","0000","530","150","380","34","564","1201","0","46.96","12.49"
"67","000","00","029","2913","1308","367","107","260","22","389","843","0","46.14","12.69"
"67","000","00","029","2913","1309","163","43","120","12","175","358","0","48.88","12.01"
"67","000","00","029","2916","0000","881","267","614","38","919","1867","0","49.22","14.3"
"67","000","00","029","2916","1312","397","127","270","17","414","904","0","45.8","14.05"
"67","000","00","029","2916","1313","484","140","344","21","505","963","0","52.44","14.54"
"67","000","00","029","2917","0000","265","95","170","11","276","489","0","56.44","19.43"
"67","000","00","029","2917","1314","265","95","170","11","276","489","0","56.44","19.43"
"67","000","00","029","2918","0000","1784","542","1242","150","1934","3475","0","55.65","15.6"
"67","000","00","029","2918","1302","423","133","290","34","457","763","0","59.9","17.43"
"67","000","00","029","2918","1303","305","94","211","29","334","630","0","53.02","14.92"
"67","000","00","029","2918","1304","495","151","344","60","555","959","0","57.87","15.75"
"67","000","00","029","2918","1305","561","164","397","27","588","1123","0","52.36","14.6"
"67","000","00","029","2919","0000","676","182","494","69","745","1506","0","49.47","12.08"
"67","000","00","029","2919","1310","377","106","271","51","428","797","0","53.7","13.3"
"67","000","00","029","2919","1311","299","76","223","18","317","709","0","44.71","10.72"
"67","000","00","030","0000","0000","1663","483","1180","151","1814","3713","3999","48.86","13.01"
"67","000","00","030","3001","0000","479","158","321","56","535","1047","0","51.1","15.09"
"67","000","00","030","3001","1315","479","158","321","56","535","1047","0","51.1","15.09"
"67","000","00","030","3002","0000","291","74","217","16","307","630","0","48.73","11.75"
"67","000","00","030","3002","1316","291","74","217","16","307","630","0","48.73","11.75"
"67","000","00","030","3003","0000","53","16","37","4","57","141","0","40.43","11.35"
"67","000","00","030","3003","1317","53","16","37","4","57","141","0","40.43","11.35"
"67","000","00","030","3004","0000","167","47","120","13","180","367","0","49.05","12.81"
"67","000","00","030","3004","1318","167","47","120","13","180","367","0","49.05","12.81"
"67","000","00","030","3005","0000","167","52","115","16","183","337","0","54.3","15.43"
"67","000","00","030","3005","1319","167","52","115","16","183","337","0","54.3","15.43"
"67","000","00","030","3006","0000","137","41","96","6","143","318","0","44.97","12.89"
"67","000","00","030","3006","1320","137","41","96","6","143","318","0","44.97","12.89"
"67","000","00","030","3007","0000","195","45","150","19","214","427","0","50.12","10.54"
"67","000","00","030","3007","1321","195","45","150","19","214","427","0","50.12","10.54"
"67","000","00","030","3008","0000","174","50","124","21","195","446","0","43.72","11.21"
"67","000","00","030","3008","1322","174","50","124","21","195","446","0","43.72","11.21"
"67","000","00","031","0000","0000","96504","32872","63632","4864","101368","195001","234921","51.98","16.86"
"67","000","00","031","3101","0000","2686","928","1758","131","2817","5671","0","49.67","16.36"
"67","000","00","031","3101","0708","707","253","454","56","763","1398","0","54.58","18.1"
"67","000","00","031","3101","0709","636","227","409","29","665","1478","0","44.99","15.36"
"67","000","00","031","3101","0710","705","262","443","17","722","1442","0","50.07","18.17"
"67","000","00","031","3101","0711","638","186","452","29","667","1353","0","49.3","13.75"
"67","000","00","031","3102","0000","3201","1083","2118","170","3371","6821","0","49.42","15.88"
"67","000","00","031","3102","0719","784","265","519","51","835","1709","0","48.86","15.51"
"67","000","00","031","3102","0720","794","270","524","42","836","1717","0","48.69","15.73"
"67","000","00","031","3102","0721","806","269","537","41","847","1759","0","48.15","15.29"
"67","000","00","031","3102","0722","817","279","538","36","853","1636","0","52.14","17.05"
"67","000","00","031","3103","0000","3891","1259","2632","192","4083","8791","0","46.45","14.32"
"67","000","00","031","3103","0728","735","237","498","28","763","1389","0","54.93","17.06"
"67","000","00","031","3103","0729","682","254","428","44","726","1369","0","53.03","18.55"
"67","000","00","031","3103","0730","713","216","497","60","773","1415","0","54.63","15.27"
"67","000","00","031","3103","0731","618","184","434","14","632","1386","0","45.6","13.28"
"67","000","00","031","3103","0732","414","115","299","6","420","1747","0","24.04","6.58"
"67","000","00","031","3103","0733","729","253","476","40","769","1485","0","51.78","17.04"
"67","000","00","031","3104","0000","3313","1118","2195","192","3505","7088","0","49.45","15.77"
"67","000","00","031","3104","0734","833","291","542","58","891","1747","0","51.0","16.66"
"67","000","00","031","3104","0735","751","264","487","45","796","1744","0","45.64","15.14"
"67","000","00","031","3104","0736","814","257","557","38","852","1797","0","47.41","14.3"
"67","000","00","031","3104","0737","915","306","609","51","966","1800","0","53.67","17.0"
"67","000","00","031","3105","0000","3016","1090","1926","110","3126","5710","0","54.75","19.09"
"67","000","00","031","3105","0745","785","298","487","38","823","1531","0","53.76","19.46"
"67","000","00","031","3105","0746","732","249","483","33","765","1327","0","57.65","18.76"
"67","000","00","031","3105","0747","741","252","489","19","760","1456","0","52.2","17.31"
"67","000","00","031","3105","0748","758","291","467","20","778","1396","0","55.73","20.85"
"67","000","00","031","3106","0000","1298","429","869","93","1391","2525","0","55.09","16.99"
"67","000","00","031","3106","0785","678","229","449","65","743","1285","0","57.82","17.82"
"67","000","00","031","3106","0786","620","200","420","28","648","1240","0","52.26","16.13"
"67","000","00","031","3107","0000","1364","459","905","80","1444","2670","0","54.08","17.19"
"67","000","00","031","3107","0787","632","207","425","46","678","1343","0","50.48","15.41"
"67","000","00","031","3107","0788","732","252","480","34","766","1327","0","57.72","18.99"
"67","000","00","031","3108","0000","983","369","614","45","1028","1862","0","55.21","19.82"
"67","000","00","031","3108","0758","466","186","280","17","483","924","0","52.27","20.13"
"67","000","00","031","3108","0759","517","183","334","28","545","938","0","58.1","19.51"
"67","000","00","031","3109","0000","767","273","494","51","818","1453","0","56.3","18.79"
"67","000","00","031","3109","0760","517","182","335","24","541","957","0","56.53","19.02"
"67","000","00","031","3109","0761","250","91","159","27","277","496","0","55.85","18.35"
"67","000","00","031","3110","0000","2319","775","1544","131","2450","4886","0","50.14","15.86"
"67","000","00","031","3110","0762","843","299","544","66","909","1717","0","52.94","17.41"
"67","000","00","031","3110","0763","728","244","484","40","768","1615","0","47.55","15.11"
"67","000","00","031","3110","0764","748","232","516","25","773","1554","0","49.74","14.93"
"67","000","00","031","3111","0000","1250","424","826","97","1347","2276","0","59.18","18.63"
"67","000","00","031","3111","0772","472","155","317","45","517","890","0","58.09","17.42"
"67","000","00","031","3111","0773","582","208","374","33","615","1018","0","60.41","20.43"
"67","000","00","031","3111","0774","196","61","135","19","215","368","0","58.42","16.58"
"67","000","00","031","3112","0000","1693","568","1125","119","1812","3366","0","53.83","16.87"
"67","000","00","031","3112","0795","537","180","357","55","592","1117","0","53.0","16.11"
"67","000","00","031","3112","0796","498","171","327","25","523","1069","0","48.92","16.0"
"67","000","00","031","3112","0797","658","217","441","39","697","1180","0","59.07","18.39"
"67","000","00","031","3113","0000","1801","600","1201","166","1967","3542","0","55.53","16.94"
"67","000","00","031","3113","0798","570","176","394","78","648","1176","0","55.1","14.97"
"67","000","00","031","3113","0799","571","208","363","37","608","1158","0","52.5","17.96"
"67","000","00","031","3113","0800","660","216","444","51","711","1208","0","58.86","17.88"
"67","000","00","031","3114","0000","3862","1338","2524","189","4051","7237","0","55.98","18.49"
"67","000","00","031","3114","0801","747","255","492","60","807","1501","0","53.76","16.99"
"67","000","00","031","3114","0802","714","229","485","27","741","1298","0","57.09","17.64"
"67","000","00","031","3114","0803","789","275","514","26","815","1542","0","52.85","17.83"
"67","000","00","031","3114","0804","830","298","532","32","862","1537","0","56.08","19.39"
"67","000","00","031","3114","0805","782","281","501","44","826","1359","0","60.78","20.68"
"67","000","00","031","3115","0000","1772","609","1163","124","1896","3835","0","49.44","15.88"
"67","000","00","031","3115","0806","504","172","332","35","539","1139","0","47.32","15.1"
"67","000","00","031","3115","0807","540","174","366","34","574","1158","0","49.57","15.03"
"67","000","00","031","3115","0808","728","263","465","55","783","1538","0","50.91","17.1"
"67","000","00","031","3116","0000","3005","1020","1985","138","3143","5872","0","53.53","17.37"
"67","000","00","031","3116","0809","558","158","400","22","580","1166","0","49.74","13.55"
"67","000","00","031","3116","0810","598","204","394","25","623","1228","0","50.73","16.61"
"67","000","00","031","3116","0811","644","213","431","41","685","1200","0","57.08","17.75"
"67","000","00","031","3116","0812","611","231","380","29","640","1131","0","56.59","20.42"
"67","000","00","031","3116","0813","594","214","380","21","615","1147","0","53.62","18.66"
"67","000","00","031","3117","0000","1900","659","1241","105","2005","4027","0","49.79","16.36"
"67","000","00","031","3117","0814","686","231","455","47","733","1442","0","50.83","16.02"
"67","000","00","031","3117","0815","646","238","408","27","673","1325","0","50.79","17.96"
"67","000","00","031","3117","0816","568","190","378","31","599","1260","0","47.54","15.08"
"67","000","00","031","3118","0000","1104","370","734","125","1229","2099","0","58.55","17.63"
"67","000","00","031","3118","0793","504","182","322","72","576","983","0","58.6","18.51"
"67","000","00","031","3118","0794","600","188","412","53","653","1116","0","58.51","16.85"
"67","000","00","031","3119","0000","893","257","636","58","951","1988","0","47.84","12.93"
"67","000","00","031","3119","0820","454","130","324","43","497","1012","0","49.11","12.85"
"67","000","00","031","3119","0821","439","127","312","15","454","976","0","46.52","13.01"
"67","000","00","031","3120","0000","4023","1341","2682","187","4210","8430","0","49.94","15.91"
"67","000","00","031","3120","0825","666","207","459","38","704","1307","0","53.86","15.84"
"67","000","00","031","3120","0826","630","212","418","18","648","1482","0","43.72","14.3"
"67","000","00","031","3120","0827","609","200","409","22","631","1341","0","47.05","14.91"
"67","000","00","031","3120","0828","662","242","420","39","701","1376","0","50.94","17.59"
"67","000","00","031","3120","0829","657","217","440","35","692","1390","0","49.78","15.61"
"67","000","00","031","3120","0830","799","263","536","35","834","1534","0","54.37","17.14"
"67","000","00","031","3121","0000","893","312","581","64","957","1796","0","53.29","17.37"
"67","000","00","031","3121","0823","452","140","312","34","486","859","0","56.58","16.3"
"67","000","00","031","3121","0824","441","172","269","30","471","937","0","50.27","18.36"
"67","000","00","031","3122","0000","554","160","394","35","589","1151","0","51.17","13.9"
"67","000","00","031","3122","0838","554","160","394","35","589","1151","0","51.17","13.9"
"67","000","00","031","3123","0000","3076","1060","2016","179","3255","5980","0","54.43","17.73"
"67","000","00","031","3123","0789","784","269","515","33","817","1565","0","52.2","17.19"
"67","000","00","031","3123","0790","753","256","497","69","822","1476","0","55.69","17.34"
"67","000","00","031","3123","0791","734","256","478","39","773","1476","0","52.37","17.34"
"67","000","00","031","3123","0792","805","279","526","38","843","1463","0","57.62","19.07"
"67","000","00","031","3124","0000","1151","361","790","62","1213","2097","0","57.84","17.22"
"67","000","00","031","3124","0839","622","214","408","38","660","1026","0","64.33","20.86"
"67","000","00","031","3124","0840","529","147","382","24","553","1071","0","51.63","13.73"
"67","000","00","031","3125","0000","1658","660","998","87","1745","3387","0","51.52","19.49"
"67","000","00","031","3125","0843","856","269","587","51","907","1687","0","53.76","15.95"
"67","000","00","031","3125","0844","802","391","411","36","838","1700","0","49.29","23.0"
"67","000","00","031","3126","0000","3739","1236","2503","152","3891","7729","0","50.34","15.99"
"67","000","00","031","3126","0845","774","247","527","25","799","1444","0","55.33","17.11"
"67","000","00","031","3126","0846","726","236","490","35","761","1485","0","51.25","15.89"
"67","000","00","031","3126","0847","786","242","544","37","823","1717","0","47.93","14.09"
"67","000","00","031","3126","0848","761","289","472","40","801","1701","0","47.09","16.99"
"67","000","00","031","3126","0849","692","222","470","15","707","1382","0","51.16","16.06"
"67","000","00","031","3127","0000","2837","1016","1821","176","3013","6072","0","49.62","16.73"
"67","000","00","031","3127","0778","694","237","457","39","733","1405","0","52.17","16.87"
"67","000","00","031","3127","0779","663","241","422","64","727","1445","0","50.31","16.68"
"67","000","00","031","3127","0780","810","301","509","42","852","1687","0","50.5","17.84"
"67","000","00","031","3127","0781","670","237","433","31","701","1535","0","45.67","15.44"
"67","000","00","031","3128","0000","278","79","199","11","289","531","0","54.43","14.88"
"67","000","00","031","3128","0822","278","79","199","11","289","531","0","54.43","14.88"
"67","000","00","031","3129","0000","2881","953","1928","109","2990","5725","0","52.23","16.65"
"67","000","00","031","3129","0768","743","246","497","18","761","1457","0","52.23","16.88"
"67","000","00","031","3129","0769","756","255","501","26","782","1451","0","53.89","17.57"
"67","000","00","031","3129","0770","654","230","424","36","690","1423","0","48.49","16.16"
"67","000","00","031","3129","0771","728","222","506","29","757","1394","0","54.3","15.93"
"67","000","00","031","3130","0000","3722","1235","2487","179","3901","7784","0","50.12","15.87"
"67","000","00","031","3130","0723","708","246","462","47","755","1442","0","52.36","17.06"
"67","000","00","031","3130","0724","744","261","483","31","775","1545","0","50.16","16.89"
"67","000","00","031","3130","0725","752","214","538","45","797","1565","0","50.93","13.67"
"67","000","00","031","3130","0726","781","275","506","34","815","1684","0","48.4","16.33"
"67","000","00","031","3130","0727","737","239","498","22","759","1548","0","49.03","15.44"
"67","000","00","031","3131","0000","2784","995","1789","111","2895","5428","0","53.33","18.33"
"67","000","00","031","3131","0715","626","236","390","32","658","1317","0","49.96","17.92"
"67","000","00","031","3131","0716","672","206","466","34","706","1376","0","51.31","14.97"
"67","000","00","031","3131","0717","704","252","452","25","729","1361","0","53.56","18.52"
"67","000","00","031","3131","0718","782","301","481","20","802","1374","0","58.37","21.91"
"67","000","00","031","3132","0000","1746","580","1166","68","1814","3447","0","52.63","16.83"
"67","000","00","031","3132","0712","581","192","389","23","604","1160","0","52.07","16.55"
"67","000","00","031","3132","0713","590","196","394","32","622","1122","0","55.44","17.47"
"67","000","00","031","3132","0714","575","192","383","13","588","1165","0","50.47","16.48"
"67","000","00","031","3133","0000","2933","1112","1821","106","3039","5917","0","51.36","18.79"
"67","000","00","031","3133","0749","806","271","535","41","847","1636","0","51.77","16.56"
"67","000","00","031","3133","0750","827","318","509","36","863","1592","0","54.21","19.97"
"67","000","00","031","3133","0751","944","406","538","16","960","2017","0","47.6","20.13"
"67","000","00","031","3133","0752","356","117","239","13","369","672","0","54.91","17.41"
"67","000","00","031","3134","0000","2136","810","1326","74","2210","4811","0","45.94","16.84"
"67","000","00","031","3134","0755","722","272","450","20","742","1660","0","44.7","16.39"
"67","000","00","031","3134","0756","664","269","395","27","691","1561","0","44.27","17.23"
"67","000","00","031","3134","0757","750","269","481","27","777","1590","0","48.87","16.92"
"67","000","00","031","3135","0000","1506","550","956","57","1563","3113","0","50.21","17.67"
"67","000","00","031","3135","0753","749","259","490","21","770","1611","0","47.8","16.08"
"67","000","00","031","3135","0754","757","291","466","36","793","1502","0","52.8","19.37"
"67","000","00","031","3136","0000","1921","657","1264","98","2019","3776","0","53.47","17.4"
"67","000","00","031","3136","0775","683","208","475","37","720","1208","0","59.6","17.22"
"67","000","00","031","3136","0776","563","210","353","36","599","1187","0","50.46","17.69"
"67","000","00","031","3136","0777","675","239","436","25","700","1381","0","50.69","17.31"
"67","000","00","031","3137","0000","4734","1607","3127","180","4914","9284","0","52.93","17.31"
"67","000","00","031","3137","0831","772","233","539","34","806","1460","0","55.21","15.96"
"67","000","00","031","3137","0832","689","214","475","16","705","1383","0","50.98","15.47"
"67","000","00","031","3137","0833","564","229","335","35","599","1299","0","46.11","17.63"
"67","000","00","031","3137","0834","680","223","457","20","700","1264","0","55.38","17.64"
"67","000","00","031","3137","0835","740","266","474","32","772","1355","0","56.97","19.63"
"67","000","00","031","3137","0836","685","236","449","20","705","1414","0","49.86","16.69"
"67","000","00","031","3137","0837","604","206","398","23","627","1109","0","56.54","18.58"
"67","000","00","031","3138","0000","4054","1297","2757","195","4249","7603","0","55.89","17.06"
"67","000","00","031","3138","0740","825","265","560","25","850","1519","0","55.96","17.45"
"67","000","00","031","3138","0741","782","224","558","59","841","1497","0","56.18","14.96"
"67","000","00","031","3138","0742","781","224","557","28","809","1509","0","53.61","14.84"
"67","000","00","031","3138","0743","848","263","585","61","909","1542","0","58.95","17.06"
"67","000","00","031","3138","0744","818","321","497","22","840","1536","0","54.69","20.9"
"67","000","00","031","3139","0000","1607","537","1070","79","1686","2764","0","61.0","19.43"
"67","000","00","031","3139","0841","825","258","567","47","872","1387","0","62.87","18.6"
"67","000","00","031","3139","0842","782","279","503","32","814","1377","0","59.11","20.26"
"67","000","00","031","3140","0000","2289","750","1539","115","2404","4846","0","49.61","15.48"
"67","000","00","031","3140","0817","746","238","508","55","801","1631","0","49.11","14.59"
"67","000","00","031","3140","0818","736","243","493","34","770","1549","0","49.71","15.69"
"67","000","00","031","3140","0819","807","269","538","26","833","1666","0","50.0","16.15"
"67","000","00","031","3141","0000","1697","549","1148","54","1751","3428","0","51.08","16.02"
"67","000","00","031","3141","0738","812","244","568","20","832","1720","0","48.37","14.19"
"67","000","00","031","3141","0739","885","305","580","34","919","1708","0","53.81","17.86"
"67","000","00","031","3142","0000","2321","757","1564","93","2414","4498","0","53.67","16.83"
"67","000","00","031","3142","0782","798","256","542","39","837","1542","0","54.28","16.6"
"67","000","00","031","3142","0783","803","262","541","32","835","1618","0","51.61","16.19"
"67","000","00","031","3142","0784","720","239","481","22","742","1338","0","55.46","17.86"
"67","000","00","031","3143","0000","1846","630","1216","77","1923","3685","0","52.18","17.1"
"67","000","00","031","3143","0765","577","182","395","24","601","1196","0","50.25","15.22"
"67","000","00","031","3143","0766","642","227","415","27","669","1274","0","52.51","17.82"
"67","000","00","031","3143","0767","627","221","406","26","653","1215","0","53.74","18.19"
"67","000","00","032","0000","0000","80477","27901","52576","3521","83998","153359","186117","54.77","18.19"
"67","000","00","032","3201","0000","1118","387","731","41","1159","2191","0","52.9","17.66"
"67","000","00","032","3201","1170","1118","387","731","41","1159","2191","0","52.9","17.66"
"67","000","00","032","3202","0000","1527","540","987","111","1638","2944","0","55.64","18.34"
"67","000","00","032","3202","1166","651","222","429","64","715","1287","0","55.56","17.25"
"67","000","00","032","3202","1167","876","318","558","47","923","1657","0","55.7","19.19"
"67","000","00","032","3203","0000","3333","1058","2275","140","3473","6583","0","52.76","16.07"
"67","000","00","032","3203","1113","993","326","667","70","1063","2067","0","51.43","15.77"
"67","000","00","032","3203","1114","1138","333","805","26","1164","2153","0","54.06","15.47"
"67","000","00","032","3203","1115","1202","399","803","44","1246","2363","0","52.73","16.89"
"67","000","00","032","3204","0000","1602","552","1050","91","1693","2869","0","59.01","19.24"
"67","000","00","032","3204","1097","879","296","583","59","938","1491","0","62.91","19.85"
"67","000","00","032","3204","1098","723","256","467","32","755","1378","0","54.79","18.58"
"67","000","00","032","3205","0000","2395","857","1538","128","2523","4730","0","53.34","18.12"
"67","000","00","032","3205","1180","773","266","507","30","803","1486","0","54.04","17.9"
"67","000","00","032","3205","1181","836","298","538","43","879","1560","0","56.35","19.1"
"67","000","00","032","3205","1182","786","293","493","55","841","1684","0","49.94","17.4"
"67","000","00","032","3206","0000","2037","706","1331","94","2131","4455","0","47.83","15.85"
"67","000","00","032","3206","1118","928","306","622","41","969","2115","0","45.82","14.47"
"67","000","00","032","3206","1119","1109","400","709","53","1162","2340","0","49.66","17.09"
"67","000","00","032","3207","0000","1516","559","957","91","1607","2932","0","54.81","19.07"
"67","000","00","032","3207","1139","771","277","494","41","812","1489","0","54.53","18.6"
"67","000","00","032","3207","1140","745","282","463","50","795","1443","0","55.09","19.54"
"67","000","00","032","3208","0000","2714","990","1724","76","2790","4858","0","57.43","20.38"
"67","000","00","032","3208","1141","879","343","536","32","911","1498","0","60.81","22.9"
"67","000","00","032","3208","1142","891","306","585","19","910","1622","0","56.1","18.87"
"67","000","00","032","3208","1143","944","341","603","25","969","1738","0","55.75","19.62"
"67","000","00","032","3209","0000","1321","448","873","69","1390","2433","0","57.13","18.41"
"67","000","00","032","3209","1161","602","190","412","15","617","1101","0","56.04","17.26"
"67","000","00","032","3209","1162","719","258","461","54","773","1332","0","58.03","19.37"
"67","000","00","032","3210","0000","1647","600","1047","61","1708","3086","0","55.35","19.44"
"67","000","00","032","3210","1158","831","298","533","25","856","1589","0","53.87","18.75"
"67","000","00","032","3210","1159","816","302","514","36","852","1497","0","56.91","20.17"
"67","000","00","032","3211","0000","690","232","458","40","730","1386","0","52.67","16.74"
"67","000","00","032","3211","1160","690","232","458","40","730","1386","0","52.67","16.74"
"67","000","00","032","3212","0000","2221","626","1595","81","2302","4048","0","56.87","15.46"
"67","000","00","032","3212","1173","1046","334","712","42","1088","1863","0","58.4","17.93"
"67","000","00","032","3212","1174","1175","292","883","39","1214","2185","0","55.56","13.36"
"67","000","00","032","3213","0000","2637","936","1701","118","2755","5122","0","53.79","18.27"
"67","000","00","032","3213","1129","858","302","556","36","894","1708","0","52.34","17.68"
"67","000","00","032","3213","1130","828","284","544","32","860","1560","0","55.13","18.21"
"67","000","00","032","3213","1131","951","350","601","50","1001","1854","0","53.99","18.88"
"67","000","00","032","3214","0000","2568","826","1742","87","2655","4865","0","54.57","16.98"
"67","000","00","032","3214","1120","1379","449","930","36","1415","2474","0","57.19","18.15"
"67","000","00","032","3214","1121","1189","377","812","51","1240","2391","0","51.86","15.77"
"67","000","00","032","3215","0000","882","312","570","38","920","1602","0","57.43","19.48"
"67","000","00","032","3215","1177","882","312","570","38","920","1602","0","57.43","19.48"
"67","000","00","032","3216","0000","787","266","521","77","864","1556","0","55.53","17.1"
"67","000","00","032","3216","1176","787","266","521","77","864","1556","0","55.53","17.1"
"67","000","00","032","3217","0000","2301","807","1494","68","2369","4335","0","54.65","18.62"
"67","000","00","032","3217","1133","1061","376","685","32","1093","2093","0","52.22","17.96"
"67","000","00","032","3217","1134","1240","431","809","36","1276","2242","0","56.91","19.22"
"67","000","00","032","3218","0000","727","217","510","47","774","1517","0","51.02","14.3"
"67","000","00","032","3218","1165","727","217","510","47","774","1517","0","51.02","14.3"
"67","000","00","032","3219","0000","2661","930","1731","138","2799","4992","0","56.07","18.63"
"67","000","00","032","3219","1102","912","327","585","36","948","1639","0","57.84","19.95"
"67","000","00","032","3219","1103","898","328","570","45","943","1724","0","54.7","19.03"
"67","000","00","032","3219","1104","851","275","576","57","908","1629","0","55.74","16.88"
"67","000","00","032","3220","0000","2290","808","1482","105","2395","4484","0","53.41","18.02"
"67","000","00","032","3220","1168","1154","395","759","62","1216","2238","0","54.33","17.65"
"67","000","00","032","3220","1169","1136","413","723","43","1179","2246","0","52.49","18.39"
"67","000","00","032","3221","0000","1024","382","642","53","1077","1986","0","54.23","19.23"
"67","000","00","032","3221","1156","580","225","355","15","595","1090","0","54.59","20.64"
"67","000","00","032","3221","1157","444","157","287","38","482","896","0","53.79","17.52"
"67","000","00","032","3222","0000","2272","770","1502","115","2387","4242","0","56.27","18.15"
"67","000","00","032","3222","1148","804","251","553","29","833","1427","0","58.37","17.59"
"67","000","00","032","3222","1149","725","261","464","47","772","1427","0","54.1","18.29"
"67","000","00","032","3222","1150","743","258","485","39","782","1388","0","56.34","18.59"
"67","000","00","032","3223","0000","673","271","402","22","695","1131","0","61.45","23.96"
"67","000","00","032","3223","1151","673","271","402","22","695","1131","0","61.45","23.96"
"67","000","00","032","3224","0000","2509","971","1538","68","2577","4615","0","55.84","21.04"
"67","000","00","032","3224","1183","880","331","549","37","917","1653","0","55.47","20.02"
"67","000","00","032","3224","1184","846","342","504","12","858","1554","0","55.21","22.01"
"67","000","00","032","3224","1185","783","298","485","19","802","1408","0","56.96","21.16"
"67","000","00","032","3225","0000","2600","907","1693","114","2714","4874","0","55.68","18.61"
"67","000","00","032","3225","1122","905","331","574","26","931","1673","0","55.65","19.78"
"67","000","00","032","3225","1123","825","287","538","38","863","1594","0","54.14","18.01"
"67","000","00","032","3225","1124","870","289","581","50","920","1607","0","57.25","17.98"
"67","000","00","032","3226","0000","1601","510","1091","82","1683","2982","0","56.44","17.1"
"67","000","00","032","3226","1116","739","222","517","44","783","1427","0","54.87","15.56"
"67","000","00","032","3226","1117","862","288","574","38","900","1555","0","57.88","18.52"
"67","000","00","032","3227","0000","1784","662","1122","79","1863","3593","0","51.85","18.42"
"67","000","00","032","3227","1146","865","297","568","37","902","1829","0","49.32","16.24"
"67","000","00","032","3227","1147","919","365","554","42","961","1764","0","54.48","20.69"
"67","000","00","032","3228","0000","797","260","537","35","832","1721","0","48.34","15.11"
"67","000","00","032","3228","1175","797","260","537","35","832","1721","0","48.34","15.11"
"67","000","00","032","3229","0000","2244","771","1473","110","2354","4240","0","55.52","18.18"
"67","000","00","032","3229","1171","1052","368","684","42","1094","2063","0","53.03","17.84"
"67","000","00","032","3229","1172","1192","403","789","68","1260","2177","0","57.88","18.51"
"67","000","00","032","3230","0000","1349","439","910","72","1421","2447","0","58.07","17.94"
"67","000","00","032","3230","1163","643","218","425","31","674","1185","0","56.88","18.4"
"67","000","00","032","3230","1164","706","221","485","41","747","1262","0","59.19","17.51"
"67","000","00","032","3231","0000","1554","532","1022","78","1632","2983","0","54.71","17.83"
"67","000","00","032","3231","1144","752","284","468","42","794","1501","0","52.9","18.92"
"67","000","00","032","3231","1145","802","248","554","36","838","1482","0","56.55","16.73"
"67","000","00","032","3232","0000","2469","876","1593","100","2569","4472","0","57.45","19.59"
"67","000","00","032","3232","1099","853","323","530","42","895","1552","0","57.67","20.81"
"67","000","00","032","3232","1100","759","248","511","14","773","1326","0","58.3","18.7"
"67","000","00","032","3232","1101","857","305","552","44","901","1594","0","56.52","19.13"
"67","000","00","032","3233","0000","1178","356","822","62","1240","2296","0","54.01","15.51"
"67","000","00","032","3233","1111","564","162","402","35","599","1039","0","57.65","15.59"
"67","000","00","032","3233","1112","614","194","420","27","641","1257","0","50.99","15.43"
"67","000","00","032","3234","0000","1095","396","699","36","1131","2278","0","49.65","17.38"
"67","000","00","032","3234","1132","1095","396","699","36","1131","2278","0","49.65","17.38"
"67","000","00","032","3235","0000","1583","585","998","55","1638","2933","0","55.85","19.95"
"67","000","00","032","3235","1105","763","292","471","23","786","1399","0","56.18","20.87"
"67","000","00","032","3235","1106","820","293","527","32","852","1534","0","55.54","19.1"
"67","000","00","032","3236","0000","983","334","649","65","1048","1882","0","55.69","17.75"
"67","000","00","032","3236","1154","477","148","329","25","502","935","0","53.69","15.83"
"67","000","00","032","3236","1155","506","186","320","40","546","947","0","57.66","19.64"
"67","000","00","032","3237","0000","1054","337","717","47","1101","1996","0","55.16","16.88"
"67","000","00","032","3237","1152","520","176","344","27","547","1000","0","54.7","17.6"
"67","000","00","032","3237","1153","534","161","373","20","554","996","0","55.62","16.16"
"67","000","00","032","3238","0000","1433","492","941","83","1516","2905","0","52.19","16.94"
"67","000","00","032","3238","1178","758","250","508","50","808","1523","0","53.05","16.41"
"67","000","00","032","3238","1179","675","242","433","33","708","1382","0","51.23","17.51"
"67","000","00","032","3239","0000","2159","762","1397","65","2224","3980","0","55.88","19.15"
"67","000","00","032","3239","1186","1160","367","793","33","1193","2084","0","57.25","17.61"
"67","000","00","032","3239","1187","999","395","604","32","1031","1896","0","54.38","20.83"
"67","000","00","032","3240","0000","1949","663","1286","78","2027","4492","0","45.12","14.76"
"67","000","00","032","3240","1095","1030","325","705","40","1070","2681","0","39.91","12.12"
"67","000","00","032","3240","1096","919","338","581","38","957","1811","0","52.84","18.66"
"67","000","00","032","3241","0000","3250","1178","2072","120","3370","5929","0","56.84","19.87"
"67","000","00","032","3241","1107","909","380","529","27","936","1656","0","56.52","22.95"
"67","000","00","032","3241","1108","693","222","471","38","731","1322","0","55.3","16.79"
"67","000","00","032","3241","1109","861","310","551","27","888","1620","0","54.81","19.14"
"67","000","00","032","3241","1110","787","266","521","28","815","1331","0","61.23","19.98"
"67","000","00","032","3242","0000","1710","570","1140","99","1809","3308","0","54.69","17.23"
"67","000","00","032","3242","1127","847","275","572","65","912","1696","0","53.77","16.21"
"67","000","00","032","3242","1128","863","295","568","34","897","1612","0","55.65","18.3"
"67","000","00","032","3243","0000","2494","880","1614","54","2548","4456","0","57.18","19.75"
"67","000","00","032","3243","1125","1184","431","753","25","1209","2087","0","57.93","20.65"
"67","000","00","032","3243","1126","1310","449","861","29","1339","2369","0","56.52","18.95"
"67","000","00","032","3244","0000","1434","503","931","56","1490","2470","0","60.32","20.36"
"67","000","00","032","3244","1135","661","234","427","35","696","1152","0","60.42","20.31"
"67","000","00","032","3244","1136","773","269","504","21","794","1318","0","60.24","20.41"
"67","000","00","032","3245","0000","2305","837","1468","72","2377","4160","0","57.14","20.12"
"67","000","00","032","3245","1137","1192","432","760","41","1233","2200","0","56.05","19.64"
"67","000","00","032","3245","1138","1113","405","708","31","1144","1960","0","58.37","20.66"
"67","000","00","033","0000","0000","52751","17491","35260","3296","56047","108650","124790","51.58","16.1"
"67","000","00","033","3301","0000","820","265","555","50","870","1637","0","53.15","16.19"
"67","000","00","033","3301","1024","820","265","555","50","870","1637","0","53.15","16.19"
"67","000","00","033","3303","0000","386","147","239","10","396","871","0","45.46","16.88"
"67","000","00","033","3303","1025","386","147","239","10","396","871","0","45.46","16.88"
"67","000","00","033","3304","0000","806","296","510","64","870","1390","0","62.59","21.29"
"67","000","00","033","3304","1026","319","128","191","22","341","589","0","57.89","21.73"
"67","000","00","033","3304","1027","487","168","319","42","529","801","0","66.04","20.97"
"67","000","00","033","3305","0000","1200","426","774","61","1261","2262","0","55.75","18.83"
"67","000","00","033","3305","1035","601","212","389","21","622","1127","0","55.19","18.81"
"67","000","00","033","3305","1036","599","214","385","40","639","1135","0","56.3","18.85"
"67","000","00","033","3306","0000","1115","377","738","74","1189","2277","0","52.22","16.56"
"67","000","00","033","3306","1037","619","207","412","51","670","1263","0","53.05","16.39"
"67","000","00","033","3306","1038","496","170","326","23","519","1014","0","51.18","16.77"
"67","000","00","033","3307","0000","1305","465","840","57","1362","2774","0","49.1","16.76"
"67","000","00","033","3307","1031","589","200","389","26","615","1204","0","51.08","16.61"
"67","000","00","033","3307","1032","716","265","451","31","747","1570","0","47.58","16.88"
"67","000","00","033","3308","0000","1769","533","1236","140","1909","3209","0","59.49","16.61"
"67","000","00","033","3308","1028","521","146","375","47","568","990","0","57.37","14.75"
"67","000","00","033","3308","1029","707","200","507","35","742","1222","0","60.72","16.37"
"67","000","00","033","3308","1030","541","187","354","58","599","997","0","60.08","18.76"
"67","000","00","033","3309","0000","1491","523","968","121","1612","3006","0","53.63","17.4"
"67","000","00","033","3309","1047","787","255","532","46","833","1542","0","54.02","16.54"
"67","000","00","033","3309","1048","704","268","436","75","779","1464","0","53.21","18.31"
"67","000","00","033","3311","0000","1946","660","1286","144","2090","4217","0","49.56","15.65"
"67","000","00","033","3311","1052","620","193","427","62","682","1419","0","48.06","13.6"
"67","000","00","033","3311","1053","632","218","414","38","670","1333","0","50.26","16.35"
"67","000","00","033","3311","1054","694","249","445","44","738","1465","0","50.38","17.0"
"67","000","00","033","3313","0000","1748","554","1194","121","1869","3607","0","51.82","15.36"
"67","000","00","033","3313","1055","567","196","371","26","593","1099","0","53.96","17.83"
"67","000","00","033","3313","1056","539","166","373","22","561","1133","0","49.51","14.65"
"67","000","00","033","3313","1057","642","192","450","73","715","1375","0","52.0","13.96"
"67","000","00","033","3314","0000","922","284","638","46","968","2064","0","46.9","13.76"
"67","000","00","033","3314","1082","922","284","638","46","968","2064","0","46.9","13.76"
"67","000","00","033","3315","0000","1048","297","751","84","1132","2173","0","52.09","13.67"
"67","000","00","033","3315","1079","592","142","450","61","653","1119","0","58.36","12.69"
"67","000","00","033","3315","1080","456","155","301","23","479","1054","0","45.45","14.71"
"67","000","00","033","3316","0000","573","194","379","72","645","1245","0","51.81","15.58"
"67","000","00","033","3316","1081","573","194","379","72","645","1245","0","51.81","15.58"
"67","000","00","033","3317","0000","1427","473","954","53","1480","3429","0","43.16","13.79"
"67","000","00","033","3317","1083","811","279","532","27","838","2056","0","40.76","13.57"
"67","000","00","033","3317","1084","616","194","422","26","642","1373","0","46.76","14.13"
"67","000","00","033","3318","0000","1029","365","664","66","1095","2109","0","51.92","17.31"
"67","000","00","033","3318","1093","489","159","330","34","523","1093","0","47.85","14.55"
"67","000","00","033","3318","1094","540","206","334","32","572","1016","0","56.3","20.28"
"67","000","00","033","3319","0000","1024","326","698","69","1093","2162","0","50.56","15.08"
"67","000","00","033","3319","1091","400","120","280","29","429","897","0","47.83","13.38"
"67","000","00","033","3319","1092","624","206","418","40","664","1265","0","52.49","16.28"
"67","000","00","033","3320","0000","1278","462","816","113","1391","2544","0","54.68","18.16"
"67","000","00","033","3320","1089","588","219","369","59","647","1186","0","54.55","18.47"
"67","000","00","033","3320","1090","690","243","447","54","744","1358","0","54.79","17.89"
"67","000","00","033","3321","0000","1243","397","846","64","1307","2272","0","57.53","17.47"
"67","000","00","033","3321","1017","627","200","427","32","659","1150","0","57.3","17.39"
"67","000","00","033","3321","1018","616","197","419","32","648","1122","0","57.75","17.56"
"67","000","00","033","3322","0000","2224","727","1497","105","2329","4507","0","51.68","16.13"
"67","000","00","033","3322","1019","677","198","479","38","715","1444","0","49.52","13.71"
"67","000","00","033","3322","1020","836","299","537","24","860","1765","0","48.73","16.94"
"67","000","00","033","3322","1021","711","230","481","43","754","1298","0","58.09","17.72"
"67","000","00","033","3323","0000","1612","525","1087","104","1716","3392","0","50.59","15.48"
"67","000","00","033","3323","1015","660","221","439","43","703","1221","0","57.58","18.1"
"67","000","00","033","3323","1016","952","304","648","61","1013","2171","0","46.66","14.0"
"67","000","00","033","3324","0000","1698","506","1192","72","1770","3398","0","52.09","14.89"
"67","000","00","033","3324","1022","759","206","553","43","802","1458","0","55.01","14.13"
"67","000","00","033","3324","1023","939","300","639","29","968","1940","0","49.9","15.46"
"67","000","00","033","3325","0000","1154","416","738","59","1213","2298","0","52.79","18.1"
"67","000","00","033","3325","1033","635","235","400","43","678","1222","0","55.48","19.23"
"67","000","00","033","3325","1034","519","181","338","16","535","1076","0","49.72","16.82"
"67","000","00","033","3326","0000","1586","505","1081","101","1687","3341","0","50.49","15.12"
"67","000","00","033","3326","1061","853","264","589","62","915","1640","0","55.79","16.1"
"67","000","00","033","3326","1062","733","241","492","39","772","1701","0","45.39","14.17"
"67","000","00","033","3327","0000","1714","570","1144","95","1809","3306","0","54.72","17.24"
"67","000","00","033","3327","1039","790","246","544","48","838","1491","0","56.2","16.5"
"67","000","00","033","3327","1040","924","324","600","47","971","1815","0","53.5","17.85"
"67","000","00","033","3328","0000","2471","852","1619","144","2615","5017","0","52.12","16.98"
"67","000","00","033","3328","1044","824","269","555","53","877","1626","0","53.94","16.54"
"67","000","00","033","3328","1045","831","282","549","38","869","1761","0","49.35","16.01"
"67","000","00","033","3328","1046","816","301","515","53","869","1630","0","53.31","18.47"
"67","000","00","033","3329","0000","1119","354","765","55","1174","2734","0","42.94","12.95"
"67","000","00","033","3329","1068","568","180","388","22","590","1657","0","35.61","10.86"
"67","000","00","033","3329","1069","551","174","377","33","584","1077","0","54.22","16.16"
"67","000","00","033","3330","0000","2503","847","1656","159","2662","5719","0","46.55","14.81"
"67","000","00","033","3330","1072","860","268","592","32","892","1985","0","44.94","13.5"
"67","000","00","033","3330","1073","870","310","560","48","918","2017","0","45.51","15.37"
"67","000","00","033","3330","1074","773","269","504","79","852","1717","0","49.62","15.67"
"67","000","00","033","3331","0000","864","303","561","54","918","1624","0","56.53","18.66"
"67","000","00","033","3331","1075","496","168","328","28","524","929","0","56.4","18.08"
"67","000","00","033","3331","1076","368","135","233","26","394","695","0","56.69","19.42"
"67","000","00","033","3332","0000","2580","831","1749","136","2716","5094","0","53.32","16.31"
"67","000","00","033","3332","1065","976","326","650","62","1038","1774","0","58.51","18.38"
"67","000","00","033","3332","1066","784","253","531","52","836","1613","0","51.83","15.69"
"67","000","00","033","3332","1067","820","252","568","22","842","1707","0","49.33","14.76"
"67","000","00","033","3333","0000","1634","523","1111","147","1781","3568","0","49.92","14.66"
"67","000","00","033","3333","1063","699","215","484","58","757","1541","0","49.12","13.95"
"67","000","00","033","3333","1064","935","308","627","89","1024","2027","0","50.52","15.19"
"67","000","00","033","3334","0000","2320","765","1555","104","2424","4809","0","50.41","15.91"
"67","000","00","033","3334","1058","792","282","510","28","820","1781","0","46.04","15.83"
"67","000","00","033","3334","1059","835","264","571","41","876","1542","0","56.81","17.12"
"67","000","00","033","3334","1060","693","219","474","35","728","1486","0","48.99","14.74"
"67","000","00","033","3335","0000","2499","838","1661","94","2593","5092","0","50.92","16.46"
"67","000","00","033","3335","1041","708","254","454","19","727","1398","0","52.0","18.17"
"67","000","00","033","3335","1042","887","285","602","31","918","2107","0","43.57","13.53"
"67","000","00","033","3335","1043","904","299","605","44","948","1587","0","59.74","18.84"
"67","000","00","033","3336","0000","824","238","586","38","862","1781","0","48.4","13.36"
"67","000","00","033","3336","1077","453","124","329","23","476","997","0","47.74","12.44"
"67","000","00","033","3336","1078","371","114","257","15","386","784","0","49.23","14.54"
"67","000","00","033","3337","0000","886","328","558","97","983","1775","0","55.38","18.48"
"67","000","00","033","3337","1087","515","191","324","54","569","1031","0","55.19","18.53"
"67","000","00","033","3337","1088","371","137","234","43","414","744","0","55.65","18.41"
"67","000","00","033","3338","0000","820","281","539","88","908","1762","0","51.53","15.95"
"67","000","00","033","3338","1085","433","139","294","32","465","1002","0","46.41","13.87"
"67","000","00","033","3338","1086","387","142","245","56","443","760","0","58.29","18.68"
"67","000","00","033","3339","0000","1214","429","785","77","1291","2434","0","53.04","17.63"
"67","000","00","033","3339","1070","597","203","394","36","633","1185","0","53.42","17.13"
"67","000","00","033","3339","1071","617","226","391","41","658","1249","0","52.68","18.09"
"67","000","00","033","3340","0000","1899","609","1290","158","2057","3751","0","54.84","16.24"
"67","000","00","033","3340","1049","827","249","578","84","911","1727","0","52.75","14.42"
"67","000","00","033","3340","1050","604","213","391","52","656","1085","0","60.46","19.63"
"67","000","00","033","3340","1051","468","147","321","22","490","939","0","52.18","15.65"
"67","000","00","034","0000","0000","57110","19963","37147","2775","59885","110906","132020","54.0","18.0"
"67","000","00","034","3401","0000","1640","535","1105","106","1746","3501","0","49.87","15.28"
"67","000","00","034","3401","0850","849","276","573","61","910","1793","0","50.75","15.39"
"67","000","00","034","3401","0851","791","259","532","45","836","1708","0","48.95","15.16"
"67","000","00","034","3404","0000","1130","601","529","61","1191","2030","0","58.67","29.61"
"67","000","00","034","3404","0862","586","419","167","36","622","1076","0","57.81","38.94"
"67","000","00","034","3404","0863","544","182","362","25","569","954","0","59.64","19.08"
"67","000","00","034","3405","0000","1353","451","902","51","1404","2451","0","57.28","18.4"
"67","000","00","034","3405","0858","614","195","419","20","634","1189","0","53.32","16.4"
"67","000","00","034","3405","0859","739","256","483","31","770","1262","0","61.01","20.29"
"67","000","00","034","3407","0000","1026","329","697","35","1061","1964","0","54.02","16.75"
"67","000","00","034","3407","0867","500","160","340","16","516","974","0","52.98","16.43"
"67","000","00","034","3407","0868","526","169","357","19","545","990","0","55.05","17.07"
"67","000","00","034","3408","0000","1170","402","768","46","1216","2069","0","58.77","19.43"
"67","000","00","034","3408","0869","605","223","382","20","625","1016","0","61.52","21.95"
"67","000","00","034","3408","0870","565","179","386","26","591","1053","0","56.13","17.0"
"67","000","00","034","3418","0000","2055","746","1309","125","2180","4291","0","50.8","17.39"
"67","000","00","034","3418","0926","657","239","418","22","679","1502","0","45.21","15.91"
"67","000","00","034","3418","0927","755","254","501","39","794","1470","0","54.01","17.28"
"67","000","00","034","3418","0928","643","253","390","64","707","1319","0","53.6","19.18"
"67","000","00","034","3419","0000","1045","369","676","32","1077","1864","0","57.78","19.8"
"67","000","00","034","3419","0860","591","206","385","19","610","1017","0","59.98","20.26"
"67","000","00","034","3419","0861","454","163","291","13","467","847","0","55.14","19.24"
"67","000","00","034","3420","0000","2649","1016","1633","78","2727","4824","0","56.53","21.06"
"67","000","00","034","3420","0908","948","366","582","19","967","1709","0","56.58","21.42"
"67","000","00","034","3420","0909","874","335","539","35","909","1517","0","59.92","22.08"
"67","000","00","034","3420","0910","827","315","512","24","851","1598","0","53.25","19.71"
"67","000","00","034","3423","0000","1500","529","971","75","1575","3203","0","49.17","16.52"
"67","000","00","034","3423","0894","507","192","315","20","527","1091","0","48.3","17.6"
"67","000","00","034","3423","0895","495","161","334","23","518","993","0","52.17","16.21"
"67","000","00","034","3423","0896","498","176","322","32","530","1119","0","47.36","15.73"
"67","000","00","034","3424","0000","2294","808","1486","120","2414","4442","0","54.34","18.19"
"67","000","00","034","3424","0897","869","298","571","60","929","1685","0","55.13","17.69"
"67","000","00","034","3424","0898","709","257","452","21","730","1368","0","53.36","18.79"
"67","000","00","034","3424","0899","716","253","463","39","755","1389","0","54.36","18.21"
"67","000","00","034","3425","0000","1647","639","1008","82","1729","3296","0","52.46","19.39"
"67","000","00","034","3425","0919","846","321","525","43","889","1662","0","53.49","19.31"
"67","000","00","034","3425","0920","801","318","483","39","840","1634","0","51.41","19.46"
"67","000","00","034","3426","0000","2668","900","1768","166","2834","5387","0","52.61","16.71"
"67","000","00","034","3426","0923","958","327","631","57","1015","1874","0","54.16","17.45"
"67","000","00","034","3426","0924","857","288","569","56","913","1760","0","51.88","16.36"
"67","000","00","034","3426","0925","853","285","568","53","906","1753","0","51.68","16.26"
"67","000","00","034","3432","0000","713","252","461","52","765","1466","0","52.18","17.19"
"67","000","00","034","3432","0871","713","252","461","52","765","1466","0","52.18","17.19"
"67","000","00","034","3433","0000","915","313","602","88","1003","1829","0","54.84","17.11"
"67","000","00","034","3433","0884","466","143","323","48","514","892","0","57.62","16.03"
"67","000","00","034","3433","0885","449","170","279","40","489","937","0","52.19","18.14"
"67","000","00","034","3438","0000","1795","724","1071","58","1853","3800","0","48.76","19.05"
"67","000","00","034","3438","0852","498","203","295","17","515","997","0","51.65","20.36"
"67","000","00","034","3438","0853","635","267","368","19","654","1452","0","45.04","18.39"
"67","000","00","034","3438","0854","662","254","408","22","684","1351","0","50.63","18.8"
"67","000","00","034","3439","0000","1563","516","1047","105","1668","3079","0","54.17","16.76"
"67","000","00","034","3439","0872","800","300","500","53","853","1535","0","55.57","19.54"
"67","000","00","034","3439","0873","763","216","547","52","815","1544","0","52.78","13.99"
"67","000","00","034","3440","0000","2360","832","1528","116","2476","4317","0","57.35","19.27"
"67","000","00","034","3440","0905","743","241","502","51","794","1340","0","59.25","17.99"
"67","000","00","034","3440","0906","773","282","491","37","810","1464","0","55.33","19.26"
"67","000","00","034","3440","0907","844","309","535","28","872","1513","0","57.63","20.42"
"67","000","00","034","3441","0000","1596","545","1051","76","1672","2975","0","56.2","18.32"
"67","000","00","034","3441","0915","744","252","492","36","780","1391","0","56.07","18.12"
"67","000","00","034","3441","0916","852","293","559","40","892","1584","0","56.31","18.5"
"67","000","00","034","3442","0000","1970","669","1301","88","2058","3665","0","56.15","18.25"
"67","000","00","034","3442","0921","970","320","650","46","1016","1793","0","56.66","17.85"
"67","000","00","034","3442","0922","1000","349","651","42","1042","1872","0","55.66","18.64"
"67","000","00","034","3443","0000","1893","637","1256","60","1953","3596","0","54.31","17.71"
"67","000","00","034","3443","0929","1006","331","675","44","1050","1876","0","55.97","17.64"
"67","000","00","034","3443","0930","887","306","581","16","903","1720","0","52.5","17.79"
"67","000","00","034","3444","0000","2056","598","1458","116","2172","4008","0","54.19","14.92"
"67","000","00","034","3444","0864","641","188","453","52","693","1300","0","53.31","14.46"
"67","000","00","034","3444","0865","703","195","508","32","735","1390","0","52.88","14.03"
"67","000","00","034","3444","0866","712","215","497","32","744","1318","0","56.45","16.31"
"67","000","00","034","3445","0000","2021","641","1380","87","2108","3534","0","59.65","18.14"
"67","000","00","034","3445","0855","785","262","523","44","829","1323","0","62.66","19.8"
"67","000","00","034","3445","0856","595","171","424","20","615","1073","0","57.32","15.94"
"67","000","00","034","3445","0857","641","208","433","23","664","1138","0","58.35","18.28"
"67","000","00","034","3446","0000","2824","917","1907","130","2954","5305","0","55.68","17.29"
"67","000","00","034","3446","0874","934","292","642","49","983","1760","0","55.85","16.59"
"67","000","00","034","3446","0875","680","234","446","24","704","1372","0","51.31","17.06"
"67","000","00","034","3446","0876","562","184","378","25","587","1002","0","58.58","18.36"
"67","000","00","034","3446","0877","648","207","441","32","680","1171","0","58.07","17.68"
"67","000","00","034","3447","0000","1943","645","1298","109","2052","3964","0","51.77","16.27"
"67","000","00","034","3447","0891","743","270","473","40","783","1522","0","51.45","17.74"
"67","000","00","034","3447","0892","639","198","441","24","663","1278","0","51.88","15.49"
"67","000","00","034","3447","0893","561","177","384","45","606","1164","0","52.06","15.21"
"67","000","00","034","3448","0000","2435","734","1701","133","2568","4860","0","52.84","15.1"
"67","000","00","034","3448","0878","612","194","418","23","635","1285","0","49.42","15.1"
"67","000","00","034","3448","0879","511","138","373","34","545","1036","0","52.61","13.32"
"67","000","00","034","3448","0880","707","222","485","41","748","1392","0","53.74","15.95"
"67","000","00","034","3448","0881","605","180","425","35","640","1147","0","55.8","15.69"
"67","000","00","034","3449","0000","1461","466","995","60","1521","3085","0","49.3","15.11"
"67","000","00","034","3449","0882","666","202","464","26","692","1526","0","45.35","13.24"
"67","000","00","034","3449","0883","795","264","531","34","829","1559","0","53.18","16.93"
"67","000","00","034","3450","0000","1349","485","864","61","1410","2797","0","50.41","17.34"
"67","000","00","034","3450","0889","669","234","435","46","715","1346","0","53.12","17.38"
"67","000","00","034","3450","0890","680","251","429","15","695","1451","0","47.9","17.3"
"67","000","00","034","3451","0000","1921","692","1229","124","2045","4176","0","48.97","16.57"
"67","000","00","034","3451","0886","776","272","504","59","835","1449","0","57.63","18.77"
"67","000","00","034","3451","0887","587","213","374","28","615","1160","0","53.02","18.36"
"67","000","00","034","3451","0888","558","207","351","37","595","1567","0","37.97","13.21"
"67","000","00","034","3452","0000","1729","631","1098","70","1799","3124","0","57.59","20.2"
"67","000","00","034","3452","0900","821","294","527","27","848","1469","0","57.73","20.01"
"67","000","00","034","3452","0901","908","337","571","43","951","1655","0","57.46","20.36"
"67","000","00","034","3453","0000","2270","818","1452","63","2333","4187","0","55.72","19.54"
"67","000","00","034","3453","0902","702","247","455","19","721","1261","0","57.18","19.59"
"67","000","00","034","3453","0903","763","270","493","17","780","1490","0","52.35","18.12"
"67","000","00","034","3453","0904","805","301","504","27","832","1436","0","57.94","20.96"
"67","000","00","034","3454","0000","1296","506","790","89","1385","2613","0","53.0","19.36"
"67","000","00","034","3454","0911","697","296","401","41","738","1399","0","52.75","21.16"
"67","000","00","034","3454","0912","599","210","389","48","647","1214","0","53.29","17.3"
"67","000","00","034","3455","0000","1256","485","771","49","1305","2212","0","59.0","21.93"
"67","000","00","034","3455","0913","584","225","359","16","600","1064","0","56.39","21.15"
"67","000","00","034","3455","0914","672","260","412","33","705","1148","0","61.41","22.65"
"67","000","00","034","3456","0000","1567","532","1035","64","1631","2992","0","54.51","17.78"
"67","000","00","034","3456","0917","855","288","567","35","890","1595","0","55.8","18.06"
"67","000","00","034","3456","0918","712","244","468","29","741","1397","0","53.04","17.47"
"67","000","00","035","0000","0000","78456","26267","52189","5141","83597","159654","193163","52.36","16.45"
"67","000","00","035","3501","0000","1304","510","794","39","1343","2549","0","52.69","20.01"
"67","000","00","035","3501","0618","1304","510","794","39","1343","2549","0","52.69","20.01"
"67","000","00","035","3502","0000","2199","746","1453","127","2326","4600","0","50.57","16.22"
"67","000","00","035","3502","0624","944","321","623","55","999","2143","0","46.62","14.98"
"67","000","00","035","3502","0625","1255","425","830","72","1327","2457","0","54.01","17.3"
"67","000","00","035","3503","0000","2281","738","1543","111","2392","4477","0","53.43","16.48"
"67","000","00","035","3503","0619","1145","368","777","52","1197","2321","0","51.57","15.86"
"67","000","00","035","3503","0620","1136","370","766","59","1195","2156","0","55.43","17.16"
"67","000","00","035","3504","0000","2472","754","1718","212","2684","4799","0","55.93","15.71"
"67","000","00","035","3504","0621","909","287","622","62","971","1662","0","58.42","17.27"
"67","000","00","035","3504","0622","798","236","562","90","888","1512","0","58.73","15.61"
"67","000","00","035","3504","0623","765","231","534","60","825","1625","0","50.77","14.22"
"67","000","00","035","3505","0000","2271","851","1420","162","2433","4512","0","53.92","18.86"
"67","000","00","035","3505","0626","1110","412","698","91","1201","2148","0","55.91","19.18"
"67","000","00","035","3505","0627","1161","439","722","71","1232","2364","0","52.12","18.57"
"67","000","00","035","3506","0000","1501","493","1008","120","1621","2805","0","57.79","17.58"
"67","000","00","035","3506","0644","806","266","540","44","850","1447","0","58.74","18.38"
"67","000","00","035","3506","0645","695","227","468","76","771","1358","0","56.77","16.72"
"67","000","00","035","3507","0000","1848","676","1172","124","1972","3494","0","56.44","19.35"
"67","000","00","035","3507","0639","899","340","559","66","965","1721","0","56.07","19.76"
"67","000","00","035","3507","0640","949","336","613","58","1007","1773","0","56.8","18.95"
"67","000","00","035","3508","0000","2079","735","1344","117","2196","4546","0","48.31","16.17"
"67","000","00","035","3508","0631","971","360","611","68","1039","2291","0","45.35","15.71"
"67","000","00","035","3508","0632","1108","375","733","49","1157","2255","0","51.31","16.63"
"67","000","00","035","3509","0000","2919","1006","1913","153","3072","5977","0","51.4","16.83"
"67","000","00","035","3509","0633","887","308","579","53","940","1940","0","48.45","15.88"
"67","000","00","035","3509","0634","1056","371","685","31","1087","2013","0","54.0","18.43"
"67","000","00","035","3509","0635","976","327","649","69","1045","2024","0","51.63","16.16"
"67","000","00","035","3510","0000","3016","981","2035","159","3175","5933","0","53.51","16.53"
"67","000","00","035","3510","0628","864","297","567","47","911","1868","0","48.77","15.9"
"67","000","00","035","3510","0629","993","333","660","51","1044","1797","0","58.1","18.53"
"67","000","00","035","3510","0630","1159","351","808","61","1220","2268","0","53.79","15.48"
"67","000","00","035","3511","0000","1088","364","724","79","1167","2188","0","53.34","16.64"
"67","000","00","035","3511","0654","1088","364","724","79","1167","2188","0","53.34","16.64"
"67","000","00","035","3512","0000","941","297","644","93","1034","1835","0","56.35","16.19"
"67","000","00","035","3512","0659","941","297","644","93","1034","1835","0","56.35","16.19"
"67","000","00","035","3513","0000","2090","735","1355","144","2234","4646","0","48.08","15.82"
"67","000","00","035","3513","0655","1096","377","719","77","1173","2399","0","48.9","15.71"
"67","000","00","035","3513","0656","994","358","636","67","1061","2247","0","47.22","15.93"
"67","000","00","035","3514","0000","658","211","447","61","719","1165","0","61.72","18.11"
"67","000","00","035","3514","0657","658","211","447","61","719","1165","0","61.72","18.11"
"67","000","00","035","3515","0000","2483","824","1659","156","2639","5476","0","48.19","15.05"
"67","000","00","035","3515","0670","658","214","444","52","710","1547","0","45.9","13.83"
"67","000","00","035","3515","0671","849","289","560","54","903","1784","0","50.62","16.2"
"67","000","00","035","3515","0672","976","321","655","50","1026","2145","0","47.83","14.97"
"67","000","00","035","3516","0000","1358","457","901","108","1466","2728","0","53.74","16.75"
"67","000","00","035","3516","0668","890","297","593","58","948","1763","0","53.77","16.85"
"67","000","00","035","3516","0669","468","160","308","50","518","965","0","53.68","16.58"
"67","000","00","035","3517","0000","1116","389","727","103","1219","1978","0","61.63","19.67"
"67","000","00","035","3517","0693","512","179","333","44","556","905","0","61.44","19.78"
"67","000","00","035","3517","0694","604","210","394","59","663","1073","0","61.79","19.57"
"67","000","00","035","3518","0000","3561","1123","2438","167","3728","7488","0","49.79","15.0"
"67","000","00","035","3518","0673","1253","411","842","55","1308","2443","0","53.54","16.82"
"67","000","00","035","3518","0674","1089","320","769","41","1130","2565","0","44.05","12.48"
"67","000","00","035","3518","0675","1219","392","827","71","1290","2480","0","52.02","15.81"
"67","000","00","035","3519","0000","559","184","375","63","622","977","0","63.66","18.83"
"67","000","00","035","3519","0662","559","184","375","63","622","977","0","63.66","18.83"
"67","000","00","035","3520","0000","2062","711","1351","160","2222","4517","0","49.19","15.74"
"67","000","00","035","3520","0676","979","337","642","82","1061","2349","0","45.17","14.35"
"67","000","00","035","3520","0677","1083","374","709","78","1161","2168","0","53.55","17.25"
"67","000","00","035","3521","0000","1509","548","961","127","1636","3228","0","50.68","16.98"
"67","000","00","035","3521","0666","628","210","418","73","701","1319","0","53.15","15.92"
"67","000","00","035","3521","0667","881","338","543","54","935","1909","0","48.98","17.71"
"67","000","00","035","3522","0000","1615","517","1098","91","1706","3339","0","51.09","15.48"
"67","000","00","035","3522","0663","734","235","499","33","767","1642","0","46.71","14.31"
"67","000","00","035","3522","0664","881","282","599","58","939","1697","0","55.33","16.62"
"67","000","00","035","3523","0000","897","284","613","52","949","1966","0","48.27","14.45"
"67","000","00","035","3523","0665","897","284","613","52","949","1966","0","48.27","14.45"
"67","000","00","035","3524","0000","831","253","578","50","881","1501","0","58.69","16.86"
"67","000","00","035","3524","0707","831","253","578","50","881","1501","0","58.69","16.86"
"67","000","00","035","3525","0000","901","290","611","76","977","1797","0","54.37","16.14"
"67","000","00","035","3525","0660","901","290","611","76","977","1797","0","54.37","16.14"
"67","000","00","035","3526","0000","1021","333","688","75","1096","2223","0","49.3","14.98"
"67","000","00","035","3526","0661","1021","333","688","75","1096","2223","0","49.3","14.98"
"67","000","00","035","3527","0000","845","234","611","67","912","1579","0","57.76","14.82"
"67","000","00","035","3527","0695","845","234","611","67","912","1579","0","57.76","14.82"
"67","000","00","035","3528","0000","693","244","449","31","724","1462","0","49.52","16.69"
"67","000","00","035","3528","0700","693","244","449","31","724","1462","0","49.52","16.69"
"67","000","00","035","3529","0000","566","263","303","53","619","1044","0","59.29","25.19"
"67","000","00","035","3529","0701","566","263","303","53","619","1044","0","59.29","25.19"
"67","000","00","035","3530","0000","1450","473","977","140","1590","3070","0","51.79","15.41"
"67","000","00","035","3530","0696","874","270","604","99","973","1876","0","51.87","14.39"
"67","000","00","035","3530","0697","576","203","373","41","617","1194","0","51.68","17.0"
"67","000","00","035","3531","0000","664","202","462","18","682","1380","0","49.42","14.64"
"67","000","00","035","3531","0699","664","202","462","18","682","1380","0","49.42","14.64"
"67","000","00","035","3532","0000","582","170","412","17","599","1475","0","40.61","11.53"
"67","000","00","035","3532","0698","582","170","412","17","599","1475","0","40.61","11.53"
"67","000","00","035","3533","0000","726","246","480","67","793","1293","0","61.33","19.03"
"67","000","00","035","3533","0702","351","126","225","44","395","603","0","65.51","20.9"
"67","000","00","035","3533","0703","375","120","255","23","398","690","0","57.68","17.39"
"67","000","00","035","3534","0000","677","238","439","46","723","1447","0","49.97","16.45"
"67","000","00","035","3534","0704","677","238","439","46","723","1447","0","49.97","16.45"
"67","000","00","035","3535","0000","562","157","405","35","597","910","0","65.6","17.25"
"67","000","00","035","3535","0705","562","157","405","35","597","910","0","65.6","17.25"
"67","000","00","035","3536","0000","829","268","561","66","895","1850","0","48.38","14.49"
"67","000","00","035","3536","0706","829","268","561","66","895","1850","0","48.38","14.49"
"67","000","00","035","3537","0000","1066","349","717","76","1142","2143","0","53.29","16.29"
"67","000","00","035","3537","0638","1066","349","717","76","1142","2143","0","53.29","16.29"
"67","000","00","035","3538","0000","1480","514","966","116","1596","2791","0","57.18","18.42"
"67","000","00","035","3538","0636","916","328","588","71","987","1613","0","61.19","20.33"
"67","000","00","035","3538","0637","564","186","378","45","609","1178","0","51.7","15.79"
"67","000","00","035","3539","0000","2263","787","1476","129","2392","4412","0","54.22","17.84"
"67","000","00","035","3539","0641","724","260","464","42","766","1428","0","53.64","18.21"
"67","000","00","035","3539","0642","843","263","580","48","891","1626","0","54.8","16.17"
"67","000","00","035","3539","0643","696","264","432","39","735","1358","0","54.12","19.44"
"67","000","00","035","3540","0000","1682","523","1159","155","1837","3120","0","58.88","16.76"
"67","000","00","035","3540","0680","931","281","650","88","1019","1627","0","62.63","17.27"
"67","000","00","035","3540","0681","751","242","509","67","818","1493","0","54.79","16.21"
"67","000","00","035","3541","0000","2159","721","1438","147","2306","4273","0","53.97","16.87"
"67","000","00","035","3541","0682","720","244","476","67","787","1397","0","56.34","17.47"
"67","000","00","035","3541","0683","694","231","463","50","744","1416","0","52.54","16.31"
"67","000","00","035","3541","0684","745","246","499","30","775","1460","0","53.08","16.85"
"67","000","00","035","3542","0000","1643","554","1089","101","1744","3661","0","47.64","15.13"
"67","000","00","035","3542","0691","786","271","515","66","852","1815","0","46.94","14.93"
"67","000","00","035","3542","0692","857","283","574","35","892","1846","0","48.32","15.33"
"67","000","00","035","3543","0000","2084","669","1415","78","2162","4437","0","48.73","15.08"
"67","000","00","035","3543","0646","1011","329","682","35","1046","2116","0","49.43","15.55"
"67","000","00","035","3543","0647","1073","340","733","43","1116","2321","0","48.08","14.65"
"67","000","00","035","3544","0000","1921","628","1293","92","2013","4044","0","49.78","15.53"
"67","000","00","035","3544","0648","1016","322","694","38","1054","2117","0","49.79","15.21"
"67","000","00","035","3544","0649","905","306","599","54","959","1927","0","49.77","15.88"
"67","000","00","035","3545","0000","2134","722","1412","148","2282","4576","0","49.87","15.78"
"67","000","00","035","3545","0650","1057","378","679","88","1145","2242","0","51.07","16.86"
"67","000","00","035","3545","0651","1077","344","733","60","1137","2334","0","48.71","14.74"
"67","000","00","035","3546","0000","1946","649","1297","104","2050","3809","0","53.82","17.04"
"67","000","00","035","3546","0686","1034","349","685","64","1098","2070","0","53.04","16.86"
"67","000","00","035","3546","0687","912","300","612","40","952","1739","0","54.74","17.25"
"67","000","00","035","3547","0000","1542","499","1043","89","1631","3305","0","49.35","15.1"
"67","000","00","035","3547","0678","799","258","541","46","845","1630","0","51.84","15.83"
"67","000","00","035","3547","0679","743","241","502","43","786","1675","0","46.93","14.39"
"67","000","00","035","3548","0000","721","248","473","56","777","1539","0","50.49","16.11"
"67","000","00","035","3548","0658","721","248","473","56","777","1539","0","50.49","16.11"
"67","000","00","035","3549","0000","969","328","641","42","1011","2222","0","45.5","14.76"
"67","000","00","035","3549","0685","969","328","641","42","1011","2222","0","45.5","14.76"
"67","000","00","035","3550","0000","2796","964","1832","209","3005","5433","0","55.31","17.74"
"67","000","00","035","3550","0688","852","275","577","82","934","1830","0","51.04","15.03"
"67","000","00","035","3550","0689","986","341","645","70","1056","1803","0","58.57","18.91"
"67","000","00","035","3550","0690","958","348","610","57","1015","1800","0","56.39","19.33"
"67","000","00","035","3551","0000","1876","607","1269","130","2006","3635","0","55.19","16.7"
"67","000","00","035","3551","0652","931","302","629","60","991","1822","0","54.39","16.58"
"67","000","00","035","3551","0653","945","305","640","70","1015","1813","0","55.98","16.82"
"67","000","00","036","0000","0000","27048","9422","17626","1183","28231","55379","66677","50.98","17.01"
"67","000","00","036","3602","0000","909","284","625","83","992","2001","0","49.58","14.19"
"67","000","00","036","3602","1014","909","284","625","83","992","2001","0","49.58","14.19"
"67","000","00","036","3604","0000","191","59","132","6","197","438","0","44.98","13.47"
"67","000","00","036","3604","1007","191","59","132","6","197","438","0","44.98","13.47"
"67","000","00","036","3605","0000","2441","830","1611","93","2534","4954","0","51.15","16.75"
"67","000","00","036","3605","0986","1230","399","831","49","1279","2547","0","50.22","15.67"
"67","000","00","036","3605","0987","1211","431","780","44","1255","2407","0","52.14","17.91"
"67","000","00","036","3606","0000","2031","696","1335","66","2097","4202","0","49.9","16.56"
"67","000","00","036","3606","0988","933","347","586","38","971","2070","0","46.91","16.76"
"67","000","00","036","3606","0989","1098","349","749","28","1126","2132","0","52.81","16.37"
"67","000","00","036","3607","0000","2477","876","1601","78","2555","4810","0","53.12","18.21"
"67","000","00","036","3607","0990","786","274","512","14","800","1450","0","55.17","18.9"
"67","000","00","036","3607","0991","787","294","493","21","808","1605","0","50.34","18.32"
"67","000","00","036","3607","0992","904","308","596","43","947","1755","0","53.96","17.55"
"67","000","00","036","3608","0000","3280","1166","2114","154","3434","7011","0","48.98","16.63"
"67","000","00","036","3608","0993","783","279","504","33","816","1728","0","47.22","16.15"
"67","000","00","036","3608","0994","716","258","458","32","748","1754","0","42.65","14.71"
"67","000","00","036","3608","0995","818","319","499","54","872","1686","0","51.72","18.92"
"67","000","00","036","3608","0996","963","310","653","35","998","1843","0","54.15","16.82"
"67","000","00","036","3609","0000","2634","891","1743","112","2746","4994","0","54.99","17.84"
"67","000","00","036","3609","0983","920","307","613","42","962","1753","0","54.88","17.51"
"67","000","00","036","3609","0984","922","335","587","42","964","1859","0","51.86","18.02"
"67","000","00","036","3609","0985","792","249","543","28","820","1382","0","59.33","18.02"
"67","000","00","036","3610","0000","3404","1269","2135","155","3559","6842","0","52.02","18.55"
"67","000","00","036","3610","1003","889","321","568","41","930","1675","0","55.52","19.16"
"67","000","00","036","3610","1004","981","389","592","46","1027","1979","0","51.89","19.66"
"67","000","00","036","3610","1005","768","278","490","31","799","1602","0","49.88","17.35"
"67","000","00","036","3610","1006","766","281","485","37","803","1586","0","50.63","17.72"
"67","000","00","036","3611","0000","3582","1278","2304","103","3685","7611","0","48.42","16.79"
"67","000","00","036","3611","0999","791","309","482","17","808","1653","0","48.88","18.69"
"67","000","00","036","3611","1000","811","284","527","19","830","1697","0","48.91","16.74"
"67","000","00","036","3611","1001","980","342","638","37","1017","2154","0","47.21","15.88"
"67","000","00","036","3611","1002","1000","343","657","30","1030","2107","0","48.88","16.28"
"67","000","00","036","3612","0000","1530","524","1006","56","1586","2853","0","55.59","18.37"
"67","000","00","036","3612","0997","850","288","562","35","885","1565","0","56.55","18.4"
"67","000","00","036","3612","0998","680","236","444","21","701","1288","0","54.43","18.32"
"67","000","00","036","3615","0000","1622","623","999","79","1701","3403","0","49.99","18.31"
"67","000","00","036","3615","1008","852","336","516","47","899","1780","0","50.51","18.88"
"67","000","00","036","3615","1009","770","287","483","32","802","1623","0","49.41","17.68"
"67","000","00","036","3616","0000","1615","528","1087","114","1729","3443","0","50.22","15.34"
"67","000","00","036","3616","1010","991","325","666","75","1066","2157","0","49.42","15.07"
"67","000","00","036","3616","1011","624","203","421","39","663","1286","0","51.56","15.79"
"67","000","00","036","3617","0000","1332","398","934","84","1416","2817","0","50.27","14.13"
"67","000","00","036","3617","1012","735","226","509","53","788","1492","0","52.82","15.15"
"67","000","00","036","3617","1013","597","172","425","31","628","1325","0","47.4","12.98"
"67","000","00","037","0000","0000","34380","12063","22317","1921","36301","65261","78093","55.62","18.48"
"67","000","00","037","3705","0000","2013","663","1350","134","2147","3854","0","55.71","17.2"
"67","000","00","037","3705","0931","685","260","425","55","740","1332","0","55.56","19.52"
"67","000","00","037","3705","0932","688","213","475","43","731","1246","0","58.67","17.09"
"67","000","00","037","3705","0933","640","190","450","36","676","1276","0","52.98","14.89"
"67","000","00","037","3707","0000","1681","641","1040","56","1737","3047","0","57.01","21.04"
"67","000","00","037","3707","0934","872","328","544","28","900","1583","0","56.85","20.72"
"67","000","00","037","3707","0935","809","313","496","28","837","1464","0","57.17","21.38"
"67","000","00","037","3709","0000","1382","476","906","56","1438","2602","0","55.27","18.29"
"67","000","00","037","3709","0936","637","229","408","12","649","1234","0","52.59","18.56"
"67","000","00","037","3709","0937","745","247","498","44","789","1368","0","57.68","18.06"
"67","000","00","037","3711","0000","1231","442","789","63","1294","2538","0","50.99","17.42"
"67","000","00","037","3711","0938","629","213","416","24","653","1322","0","49.39","16.11"
"67","000","00","037","3711","0939","602","229","373","39","641","1216","0","52.71","18.83"
"67","000","00","037","3716","0000","1340","449","891","61","1401","2526","0","55.46","17.78"
"67","000","00","037","3716","0940","665","247","418","30","695","1289","0","53.92","19.16"
"67","000","00","037","3716","0941","675","202","473","31","706","1237","0","57.07","16.33"
"67","000","00","037","3722","0000","1754","612","1142","133","1887","3455","0","54.62","17.71"
"67","000","00","037","3722","0942","533","193","340","33","566","1189","0","47.6","16.23"
"67","000","00","037","3722","0943","625","212","413","59","684","1201","0","56.95","17.65"
"67","000","00","037","3722","0944","596","207","389","41","637","1065","0","59.81","19.44"
"67","000","00","037","3725","0000","2040","696","1344","92","2132","3505","0","60.83","19.86"
"67","000","00","037","3725","0945","582","188","394","36","618","1055","0","58.58","17.82"
"67","000","00","037","3725","0946","687","267","420","31","718","1170","0","61.37","22.82"
"67","000","00","037","3725","0947","771","241","530","25","796","1280","0","62.19","18.83"
"67","000","00","037","3731","0000","1363","455","908","75","1438","2515","0","57.18","18.09"
"67","000","00","037","3731","0948","666","241","425","29","695","1223","0","56.83","19.71"
"67","000","00","037","3731","0949","697","214","483","46","743","1292","0","57.51","16.56"
"67","000","00","037","3733","0000","2973","1088","1885","132","3105","5398","0","57.52","20.16"
"67","000","00","037","3733","0950","566","217","349","16","582","993","0","58.61","21.85"
"67","000","00","037","3733","0951","811","295","516","35","846","1541","0","54.9","19.14"
"67","000","00","037","3733","0952","929","344","585","58","987","1652","0","59.75","20.82"
"67","000","00","037","3733","0953","667","232","435","23","690","1212","0","56.93","19.14"
"67","000","00","037","3734","0000","2600","928","1672","123","2723","4876","0","55.84","19.03"
"67","000","00","037","3734","0954","878","314","564","43","921","1621","0","56.82","19.37"
"67","000","00","037","3734","0955","901","340","561","35","936","1660","0","56.39","20.48"
"67","000","00","037","3734","0956","821","274","547","45","866","1595","0","54.29","17.18"
"67","000","00","037","3739","0000","1905","634","1271","116","2021","3557","0","56.82","17.82"
"67","000","00","037","3739","0957","727","246","481","42","769","1436","0","53.55","17.13"
"67","000","00","037","3739","0958","680","224","456","46","726","1265","0","57.39","17.71"
"67","000","00","037","3739","0959","498","164","334","28","526","856","0","61.45","19.16"
"67","000","00","037","3740","0000","1812","644","1168","110","1922","3297","0","58.3","19.53"
"67","000","00","037","3740","0960","595","205","390","34","629","1168","0","53.85","17.55"
"67","000","00","037","3740","0961","629","227","402","40","669","1134","0","58.99","20.02"
"67","000","00","037","3740","0962","588","212","376","36","624","995","0","62.71","21.31"
"67","000","00","037","3741","0000","1513","487","1026","62","1575","2578","0","61.09","18.89"
"67","000","00","037","3741","0963","790","234","556","25","815","1313","0","62.07","17.82"
"67","000","00","037","3741","0964","723","253","470","37","760","1265","0","60.08","20.0"
"67","000","00","037","3742","0000","1612","561","1051","107","1719","3150","0","54.57","17.81"
"67","000","00","037","3742","0965","613","216","397","37","650","1215","0","53.5","17.78"
"67","000","00","037","3742","0966","647","208","439","41","688","1248","0","55.13","16.67"
"67","000","00","037","3742","0967","352","137","215","29","381","687","0","55.46","19.94"
"67","000","00","037","3743","0000","1110","393","717","96","1206","2110","0","57.16","18.63"
"67","000","00","037","3743","0968","585","210","375","54","639","1139","0","56.1","18.44"
"67","000","00","037","3743","0969","525","183","342","42","567","971","0","58.39","18.85"
"67","000","00","037","3744","0000","1886","631","1255","131","2017","3978","0","50.7","15.86"
"67","000","00","037","3744","0970","504","165","339","46","550","1254","0","43.86","13.16"
"67","000","00","037","3744","0971","529","172","357","38","567","979","0","57.92","17.57"
"67","000","00","037","3744","0972","853","294","559","47","900","1745","0","51.58","16.85"
"67","000","00","037","3745","0000","1251","410","841","63","1314","2510","0","52.35","16.33"
"67","000","00","037","3745","0973","553","179","374","34","587","1074","0","54.66","16.67"
"67","000","00","037","3745","0974","698","231","467","29","727","1436","0","50.63","16.09"
"67","000","00","037","3746","0000","1060","548","512","84","1144","2029","0","56.38","27.01"
"67","000","00","037","3746","0975","467","171","296","37","504","865","0","58.27","19.77"
"67","000","00","037","3746","0976","593","377","216","47","640","1164","0","54.98","32.39"
"67","000","00","037","3747","0000","1897","648","1249","109","2006","4067","0","49.32","15.93"
"67","000","00","037","3747","0977","607","241","366","28","635","1285","0","49.42","18.75"
"67","000","00","037","3747","0978","555","169","386","39","594","1078","0","55.1","15.68"
"67","000","00","037","3747","0979","735","238","497","42","777","1704","0","45.6","13.97"
"67","000","00","037","3748","0000","1957","657","1300","118","2075","3669","0","56.55","17.91"
"67","000","00","037","3748","0980","704","233","471","53","757","1296","0","58.41","17.98"
"67","000","00","037","3748","0981","593","194","399","36","629","1128","0","55.76","17.2"
"67","000","00","037","3748","0982","660","230","430","29","689","1245","0","55.34","18.47"
"64","000","00","000","0000","0000","1312884","427186","885698","74414","1387298","2353342","2772624","58.95","18.15"
"64","000","00","001","0000","0000","12055","4601","7454","501","12556","21617","24098","58.08","21.28"
"64","000","00","001","0101","0000","795","292","503","41","836","1304","0","64.11","22.39"
"64","000","00","001","0101","0845","795","292","503","41","836","1304","0","64.11","22.39"
"64","000","00","001","0102","0000","199","74","125","23","222","357","0","62.18","20.73"
"64","000","00","001","0102","0846","199","74","125","23","222","357","0","62.18","20.73"
"64","000","00","001","0103","0000","365","138","227","23","388","651","0","59.6","21.2"
"64","000","00","001","0103","0847","365","138","227","23","388","651","0","59.6","21.2"
"64","000","00","001","0104","0000","654","220","434","20","674","1322","0","50.98","16.64"
"64","000","00","001","0104","0848","654","220","434","20","674","1322","0","50.98","16.64"
"64","000","00","001","0105","0000","633","216","417","22","655","1056","0","62.03","20.45"
"64","000","00","001","0105","0849","633","216","417","22","655","1056","0","62.03","20.45"
"64","000","00","001","0106","0000","1176","454","722","40","1216","2034","0","59.78","22.32"
"64","000","00","001","0106","0850","551","224","327","16","567","904","0","62.72","24.78"
"64","000","00","001","0106","0851","625","230","395","24","649","1130","0","57.43","20.35"
"64","000","00","001","0107","0000","497","153","344","19","516","840","0","61.43","18.21"
"64","000","00","001","0107","0852","497","153","344","19","516","840","0","61.43","18.21"
"64","000","00","001","0108","0000","423","151","272","17","440","616","0","71.43","24.51"
"64","000","00","001","0108","0853","423","151","272","17","440","616","0","71.43","24.51"
"64","000","00","001","0109","0000","714","294","420","27","741","1397","0","53.04","21.05"
"64","000","00","001","0109","0854","714","294","420","27","741","1397","0","53.04","21.05"
"64","000","00","001","0110","0000","440","164","276","12","452","766","0","59.01","21.41"
"64","000","00","001","0110","0855","440","164","276","12","452","766","0","59.01","21.41"
"64","000","00","001","0111","0000","973","351","622","49","1022","1644","0","62.17","21.35"
"64","000","00","001","0111","0856","485","182","303","33","518","839","0","61.74","21.69"
"64","000","00","001","0111","0857","488","169","319","16","504","805","0","62.61","20.99"
"64","000","00","001","0112","0000","397","140","257","18","415","750","0","55.33","18.67"
"64","000","00","001","0112","0858","397","140","257","18","415","750","0","55.33","18.67"
"64","000","00","001","0113","0000","535","291","244","28","563","986","0","57.1","29.51"
"64","000","00","001","0113","0859","535","291","244","28","563","986","0","57.1","29.51"
"64","000","00","001","0114","0000","561","193","368","9","570","1068","0","53.37","18.07"
"64","000","00","001","0114","0860","561","193","368","9","570","1068","0","53.37","18.07"
"64","000","00","001","0115","0000","606","227","379","34","640","1060","0","60.38","21.42"
"64","000","00","001","0115","0861","606","227","379","34","640","1060","0","60.38","21.42"
"64","000","00","001","0116","0000","437","166","271","23","460","805","0","57.14","20.62"
"64","000","00","001","0116","0862","437","166","271","23","460","805","0","57.14","20.62"
"64","000","00","001","0117","0000","999","378","621","38","1037","1994","0","52.01","18.96"
"64","000","00","001","0117","0863","539","203","336","15","554","1073","0","51.63","18.92"
"64","000","00","001","0117","0864","460","175","285","23","483","921","0","52.44","19.0"
"64","000","00","001","0118","0000","642","327","315","21","663","1171","0","56.62","27.92"
"64","000","00","001","0118","0865","642","327","315","21","663","1171","0","56.62","27.92"
"64","000","00","001","0119","0000","345","129","216","9","354","594","0","59.6","21.72"
"64","000","00","001","0119","0866","345","129","216","9","354","594","0","59.6","21.72"
"64","000","00","001","0120","0000","353","123","230","15","368","592","0","62.16","20.78"
"64","000","00","001","0120","0867","353","123","230","15","368","592","0","62.16","20.78"
"64","000","00","001","0121","0000","311","120","191","13","324","610","0","53.11","19.67"
"64","000","00","001","0121","0868","311","120","191","13","324","610","0","53.11","19.67"
"64","000","00","002","0000","0000","65382","22096","43286","3072","68454","114979","139894","59.54","19.22"
"64","000","00","002","0201","0000","1110","361","749","70","1180","1959","0","60.23","18.43"
"64","000","00","002","0201","0768","491","152","339","24","515","959","0","53.7","15.85"
"64","000","00","002","0201","0769","619","209","410","46","665","1000","0","66.5","20.9"
"64","000","00","002","0202","0000","1183","342","841","61","1244","1995","0","62.36","17.14"
"64","000","00","002","0202","0770","521","140","381","14","535","910","0","58.79","15.38"
"64","000","00","002","0202","0771","662","202","460","47","709","1085","0","65.35","18.62"
"64","000","00","002","0203","0000","2315","703","1612","117","2432","4147","0","58.64","16.95"
"64","000","00","002","0203","0772","695","211","484","45","740","1484","0","49.87","14.22"
"64","000","00","002","0203","0773","817","231","586","26","843","1393","0","60.52","16.58"
"64","000","00","002","0203","0774","803","261","542","46","849","1270","0","66.85","20.55"
"64","000","00","002","0204","0000","1955","620","1335","113","2068","3402","0","60.79","18.22"
"64","000","00","002","0204","0775","586","192","394","35","621","1055","0","58.86","18.2"
"64","000","00","002","0204","0776","665","221","444","27","692","1172","0","59.04","18.86"
"64","000","00","002","0204","0777","704","207","497","51","755","1175","0","64.26","17.62"
"64","000","00","002","0205","0000","739","246","493","32","771","1274","0","60.52","19.31"
"64","000","00","002","0205","0778","739","246","493","32","771","1274","0","60.52","19.31"
"64","000","00","002","0206","0000","536","189","347","42","578","1085","0","53.27","17.42"
"64","000","00","002","0206","0779","536","189","347","42","578","1085","0","53.27","17.42"
"64","000","00","002","0207","0000","1414","471","943","84","1498","2444","0","61.29","19.27"
"64","000","00","002","0207","0780","807","272","535","45","852","1470","0","57.96","18.5"
"64","000","00","002","0207","0781","607","199","408","39","646","974","0","66.32","20.43"
"64","000","00","002","0208","0000","2111","704","1407","144","2255","3719","0","60.63","18.93"
"64","000","00","002","0208","0782","731","260","471","61","792","1275","0","62.12","20.39"
"64","000","00","002","0208","0783","661","215","446","55","716","1206","0","59.37","17.83"
"64","000","00","002","0208","0784","719","229","490","28","747","1238","0","60.34","18.5"
"64","000","00","002","0209","0000","492","101","391","7","499","721","0","69.21","14.01"
"64","000","00","002","0209","0785","492","101","391","7","499","721","0","69.21","14.01"
"64","000","00","002","0210","0000","679","227","452","28","707","1220","0","57.95","18.61"
"64","000","00","002","0210","0786","679","227","452","28","707","1220","0","57.95","18.61"
"64","000","00","002","0211","0000","941","328","613","39","980","1966","0","49.85","16.68"
"64","000","00","002","0211","0787","941","328","613","39","980","1966","0","49.85","16.68"
"64","000","00","002","0212","0000","1780","569","1211","112","1892","3442","0","54.97","16.53"
"64","000","00","002","0212","0788","883","283","600","76","959","1722","0","55.69","16.43"
"64","000","00","002","0212","0789","897","286","611","36","933","1720","0","54.24","16.63"
"64","000","00","002","0213","0000","1353","485","868","106","1459","2656","0","54.93","18.26"
"64","000","00","002","0213","0790","750","255","495","76","826","1287","0","64.18","19.81"
"64","000","00","002","0213","0791","603","230","373","30","633","1369","0","46.24","16.8"
"64","000","00","002","0214","0000","1692","537","1155","76","1768","2992","0","59.09","17.95"
"64","000","00","002","0214","0792","745","228","517","25","770","1222","0","63.01","18.66"
"64","000","00","002","0214","0793","947","309","638","51","998","1770","0","56.38","17.46"
"64","000","00","002","0215","0000","8795","3149","5646","291","9086","14867","0","61.12","21.18"
"64","000","00","002","0215","0794","1147","469","678","29","1176","1860","0","63.23","25.22"
"64","000","00","002","0215","0795","1031","367","664","39","1070","1857","0","57.62","19.76"
"64","000","00","002","0215","0796","1062","382","680","31","1093","1841","0","59.37","20.75"
"64","000","00","002","0215","0797","1083","378","705","47","1130","1830","0","61.75","20.66"
"64","000","00","002","0215","0798","1033","346","687","51","1084","1809","0","59.92","19.13"
"64","000","00","002","0215","0799","1128","393","735","37","1165","1894","0","61.51","20.75"
"64","000","00","002","0215","0800","1136","377","759","22","1158","1882","0","61.53","20.03"
"64","000","00","002","0215","0801","1175","437","738","35","1210","1894","0","63.89","23.07"
"64","000","00","002","0216","0000","12574","4471","8103","369","12943","20876","0","62.0","21.42"
"64","000","00","002","0216","0802","973","302","671","38","1011","1745","0","57.94","17.31"
"64","000","00","002","0216","0803","1048","403","645","16","1064","1887","0","56.39","21.36"
"64","000","00","002","0216","0804","1188","442","746","47","1235","1891","0","65.31","23.37"
"64","000","00","002","0216","0805","1135","397","738","38","1173","1903","0","61.64","20.86"
"64","000","00","002","0216","0806","1187","470","717","34","1221","1998","0","61.11","23.52"
"64","000","00","002","0216","0807","1143","388","755","31","1174","1912","0","61.4","20.29"
"64","000","00","002","0216","0808","1106","342","764","52","1158","1923","0","60.22","17.78"
"64","000","00","002","0216","0809","1164","431","733","22","1186","1888","0","62.82","22.83"
"64","000","00","002","0216","0810","1145","403","742","26","1171","1873","0","62.52","21.52"
"64","000","00","002","0216","0811","1283","491","792","28","1311","1959","0","66.92","25.06"
"64","000","00","002","0216","0812","1202","402","800","37","1239","1897","0","65.31","21.19"
"64","000","00","002","0217","0000","9479","3318","6161","297","9776","16100","0","60.72","20.61"
"64","000","00","002","0217","0813","1402","577","825","40","1442","2362","0","61.05","24.43"
"64","000","00","002","0217","0814","1098","358","740","53","1151","1850","0","62.22","19.35"
"64","000","00","002","0217","0815","1166","417","749","25","1191","1928","0","61.77","21.63"
"64","000","00","002","0217","0816","1069","348","721","32","1101","1937","0","56.84","17.97"
"64","000","00","002","0217","0817","1224","426","798","51","1275","2123","0","60.06","20.07"
"64","000","00","002","0217","0818","1130","355","775","32","1162","1861","0","62.44","19.08"
"64","000","00","002","0217","0819","1100","352","748","22","1122","1892","0","59.3","18.6"
"64","000","00","002","0217","0820","1290","485","805","42","1332","2147","0","62.04","22.59"
"64","000","00","002","0218","0000","2326","759","1567","64","2390","3938","0","60.69","19.27"
"64","000","00","002","0218","0821","1145","349","796","33","1178","1897","0","62.1","18.4"
"64","000","00","002","0218","0822","1181","410","771","31","1212","2041","0","59.38","20.09"
"64","000","00","002","0219","0000","1828","594","1234","89","1917","3176","0","60.36","18.7"
"64","000","00","002","0219","0823","747","250","497","41","788","1309","0","60.2","19.1"
"64","000","00","002","0219","0824","1081","344","737","48","1129","1867","0","60.47","18.43"
"64","000","00","002","0220","0000","1626","487","1139","74","1700","2556","0","66.51","19.05"
"64","000","00","002","0220","0825","763","234","529","25","788","1152","0","68.4","20.31"
"64","000","00","002","0220","0826","863","253","610","49","912","1404","0","64.96","18.02"
"64","000","00","002","0221","0000","499","143","356","23","522","1210","0","43.14","11.82"
"64","000","00","002","0221","0827","499","143","356","23","522","1210","0","43.14","11.82"
"64","000","00","002","0222","0000","633","218","415","31","664","1135","0","58.5","19.21"
"64","000","00","002","0222","0828","633","218","415","31","664","1135","0","58.5","19.21"
"64","000","00","002","0223","0000","595","199","396","77","672","1831","0","36.7","10.87"
"64","000","00","002","0223","0829","595","199","396","77","672","1831","0","36.7","10.87"
"64","000","00","002","0224","0000","711","220","491","52","763","1288","0","59.24","17.08"
"64","000","00","002","0224","0830","711","220","491","52","763","1288","0","59.24","17.08"
"64","000","00","002","0225","0000","665","203","462","35","700","1241","0","56.41","16.36"
"64","000","00","002","0225","0831","665","203","462","35","700","1241","0","56.41","16.36"
"64","000","00","002","0226","0000","769","252","517","56","825","1342","0","61.48","18.78"
"64","000","00","002","0226","0832","769","252","517","56","825","1342","0","61.48","18.78"
"64","000","00","002","0227","0000","778","259","519","96","874","1422","0","61.46","18.21"
"64","000","00","002","0227","0833","778","259","519","96","874","1422","0","61.46","18.21"
"64","000","00","002","0228","0000","819","288","531","82","901","1453","0","62.01","19.82"
"64","000","00","002","0228","0834","819","288","531","82","901","1453","0","62.01","19.82"
"64","000","00","002","0229","0000","368","117","251","37","405","616","0","65.75","18.99"
"64","000","00","002","0229","0835","368","117","251","37","405","616","0","65.75","18.99"
"64","000","00","002","0230","0000","439","136","303","56","495","834","0","59.35","16.31"
"64","000","00","002","0230","0836","439","136","303","56","495","834","0","59.35","16.31"
"64","000","00","002","0231","0000","468","168","300","57","525","969","0","54.18","17.34"
"64","000","00","002","0231","0837","468","168","300","57","525","969","0","54.18","17.34"
"64","000","00","002","0232","0000","513","170","343","72","585","978","0","59.82","17.38"
"64","000","00","002","0232","0838","513","170","343","72","585","978","0","59.82","17.38"
"64","000","00","002","0233","0000","448","160","288","52","500","760","0","65.79","21.05"
"64","000","00","002","0233","0839","448","160","288","52","500","760","0","65.79","21.05"
"64","000","00","002","0234","0000","684","231","453","13","697","1248","0","55.85","18.51"
"64","000","00","002","0234","0840","684","231","453","13","697","1248","0","55.85","18.51"
"64","000","00","002","0235","0000","597","211","386","23","620","1143","0","54.24","18.46"
"64","000","00","002","0235","0841","597","211","386","23","620","1143","0","54.24","18.46"
"64","000","00","002","0236","0000","624","216","408","72","696","1358","0","51.25","15.91"
"64","000","00","002","0236","0842","624","216","408","72","696","1358","0","51.25","15.91"
"64","000","00","002","0237","0000","531","153","378","14","545","1036","0","52.61","14.77"
"64","000","00","002","0237","0843","531","153","378","14","545","1036","0","52.61","14.77"
"64","000","00","002","0238","0000","313","91","222","9","322","580","0","55.52","15.69"
"64","000","00","002","0238","0844","313","91","222","9","322","580","0","55.52","15.69"
"64","000","00","003","0000","0000","94099","29870","64229","4131","98230","161367","196749","60.87","18.51"
"64","000","00","003","0301","0000","864","287","577","51","915","2604","0","35.14","11.02"
"64","000","00","003","0301","0534","864","287","577","51","915","2604","0","35.14","11.02"
"64","000","00","003","0302","0000","578","196","382","67","645","1037","0","62.2","18.9"
"64","000","00","003","0302","0535","578","196","382","67","645","1037","0","62.2","18.9"
"64","000","00","003","0303","0000","316","116","200","41","357","542","0","65.87","21.4"
"64","000","00","003","0303","0536","316","116","200","41","357","542","0","65.87","21.4"
"64","000","00","003","0304","0000","346","115","231","46","392","635","0","61.73","18.11"
"64","000","00","003","0304","0537","346","115","231","46","392","635","0","61.73","18.11"
"64","000","00","003","0305","0000","251","81","170","12","263","518","0","50.77","15.64"
"64","000","00","003","0305","0538","251","81","170","12","263","518","0","50.77","15.64"
"64","000","00","003","0306","0000","418","148","270","49","467","813","0","57.44","18.2"
"64","000","00","003","0306","0539","418","148","270","49","467","813","0","57.44","18.2"
"64","000","00","003","0307","0000","473","170","303","68","541","889","0","60.85","19.12"
"64","000","00","003","0307","0540","473","170","303","68","541","889","0","60.85","19.12"
"64","000","00","003","0308","0000","411","145","266","60","471","731","0","64.43","19.84"
"64","000","00","003","0308","0541","411","145","266","60","471","731","0","64.43","19.84"
"64","000","00","003","0309","0000","1767","610","1157","73","1840","3301","0","55.74","18.48"
"64","000","00","003","0309","0542","785","268","517","38","823","1592","0","51.7","16.83"
"64","000","00","003","0309","0543","982","342","640","35","1017","1709","0","59.51","20.01"
"64","000","00","003","0311","0000","853","194","659","65","918","1588","0","57.81","12.22"
"64","000","00","003","0311","0544","853","194","659","65","918","1588","0","57.81","12.22"
"64","000","00","003","0312","0000","200","45","155","4","204","358","0","56.98","12.57"
"64","000","00","003","0312","0545","200","45","155","4","204","358","0","56.98","12.57"
"64","000","00","003","0313","0000","441","81","360","16","457","666","0","68.62","12.16"
"64","000","00","003","0313","0546","441","81","360","16","457","666","0","68.62","12.16"
"64","000","00","003","0315","0000","957","271","686","57","1014","1748","0","58.01","15.5"
"64","000","00","003","0315","0547","957","271","686","57","1014","1748","0","58.01","15.5"
"64","000","00","003","0316","0000","1463","411","1052","99","1562","2436","0","64.12","16.87"
"64","000","00","003","0316","0548","713","184","529","54","767","1196","0","64.13","15.38"
"64","000","00","003","0316","0549","750","227","523","45","795","1240","0","64.11","18.31"
"64","000","00","003","0317","0000","1551","294","1257","74","1625","2575","0","63.11","11.42"
"64","000","00","003","0317","0550","831","166","665","45","876","1402","0","62.48","11.84"
"64","000","00","003","0317","0551","720","128","592","29","749","1173","0","63.85","10.91"
"64","000","00","003","0319","0000","443","114","329","18","461","641","0","71.92","17.78"
"64","000","00","003","0319","0552","443","114","329","18","461","641","0","71.92","17.78"
"64","000","00","003","0321","0000","510","184","326","38","548","951","0","57.62","19.35"
"64","000","00","003","0321","0553","510","184","326","38","548","951","0","57.62","19.35"
"64","000","00","003","0322","0000","397","141","256","33","430","732","0","58.74","19.26"
"64","000","00","003","0322","0554","397","141","256","33","430","732","0","58.74","19.26"
"64","000","00","003","0323","0000","177","60","117","9","186","339","0","54.87","17.7"
"64","000","00","003","0323","0555","177","60","117","9","186","339","0","54.87","17.7"
"64","000","00","003","0324","0000","293","102","191","14","307","519","0","59.15","19.65"
"64","000","00","003","0324","0556","293","102","191","14","307","519","0","59.15","19.65"
"64","000","00","003","0325","0000","292","111","181","50","342","514","0","66.54","21.6"
"64","000","00","003","0325","0557","292","111","181","50","342","514","0","66.54","21.6"
"64","000","00","003","0326","0000","413","115","298","51","464","720","0","64.44","15.97"
"64","000","00","003","0326","0558","413","115","298","51","464","720","0","64.44","15.97"
"64","000","00","003","0327","0000","232","80","152","37","269","411","0","65.45","19.46"
"64","000","00","003","0327","0559","232","80","152","37","269","411","0","65.45","19.46"
"64","000","00","003","0328","0000","355","138","217","48","403","603","0","66.83","22.89"
"64","000","00","003","0328","0560","355","138","217","48","403","603","0","66.83","22.89"
"64","000","00","003","0329","0000","489","168","321","64","553","904","0","61.17","18.58"
"64","000","00","003","0329","0561","489","168","321","64","553","904","0","61.17","18.58"
"64","000","00","003","0330","0000","672","158","514","33","705","1318","0","53.49","11.99"
"64","000","00","003","0330","0562","672","158","514","33","705","1318","0","53.49","11.99"
"64","000","00","003","0331","0000","508","184","324","22","530","966","0","54.87","19.05"
"64","000","00","003","0331","0563","508","184","324","22","530","966","0","54.87","19.05"
"64","000","00","003","0332","0000","3316","709","2607","156","3472","5792","0","59.94","12.24"
"64","000","00","003","0332","0564","845","246","599","32","877","1440","0","60.9","17.08"
"64","000","00","003","0332","0565","1077","251","826","37","1114","1990","0","55.98","12.61"
"64","000","00","003","0332","0566","647","52","595","35","682","1090","0","62.57","4.77"
"64","000","00","003","0332","0567","747","160","587","52","799","1272","0","62.81","12.58"
"64","000","00","003","0334","0000","1922","658","1264","58","1980","3059","0","64.73","21.51"
"64","000","00","003","0334","0568","982","334","648","29","1011","1558","0","64.89","21.44"
"64","000","00","003","0334","0569","940","324","616","29","969","1501","0","64.56","21.59"
"64","000","00","003","0335","0000","243","80","163","7","250","360","0","69.44","22.22"
"64","000","00","003","0335","0570","243","80","163","7","250","360","0","69.44","22.22"
"64","000","00","003","0336","0000","1547","351","1196","51","1598","2694","0","59.32","13.03"
"64","000","00","003","0336","0571","762","155","607","30","792","1335","0","59.33","11.61"
"64","000","00","003","0336","0572","785","196","589","21","806","1359","0","59.31","14.42"
"64","000","00","003","0337","0000","886","245","641","51","937","1487","0","63.01","16.48"
"64","000","00","003","0337","0573","886","245","641","51","937","1487","0","63.01","16.48"
"64","000","00","003","0338","0000","900","208","692","94","994","1637","0","60.72","12.71"
"64","000","00","003","0338","0574","900","208","692","94","994","1637","0","60.72","12.71"
"64","000","00","003","0339","0000","7793","2585","5208","377","8170","13089","0","62.42","19.75"
"64","000","00","003","0339","0575","938","317","621","34","972","1553","0","62.59","20.41"
"64","000","00","003","0339","0576","960","323","637","55","1015","1564","0","64.9","20.65"
"64","000","00","003","0339","0577","1118","385","733","46","1164","1788","0","65.1","21.53"
"64","000","00","003","0339","0578","1162","390","772","83","1245","2028","0","61.39","19.23"
"64","000","00","003","0339","0579","1139","425","714","67","1206","2037","0","59.2","20.86"
"64","000","00","003","0339","0580","1261","428","833","44","1305","2101","0","62.11","20.37"
"64","000","00","003","0339","0581","1215","317","898","48","1263","2018","0","62.59","15.71"
"64","000","00","003","0340","0000","14853","5143","9710","523","15376","25058","0","61.36","20.52"
"64","000","00","003","0340","0582","1196","407","789","62","1258","1925","0","65.35","21.14"
"64","000","00","003","0340","0583","1114","393","721","46","1160","1989","0","58.32","19.76"
"64","000","00","003","0340","0584","946","325","621","28","974","1780","0","54.72","18.26"
"64","000","00","003","0340","0585","1069","354","715","31","1100","1778","0","61.87","19.91"
"64","000","00","003","0340","0586","889","290","599","31","920","1496","0","61.5","19.39"
"64","000","00","003","0340","0587","942","339","603","30","972","1538","0","63.2","22.04"
"64","000","00","003","0340","0588","1226","404","822","37","1263","2058","0","61.37","19.63"
"64","000","00","003","0340","0589","1185","433","752","35","1220","1992","0","61.24","21.74"
"64","000","00","003","0340","0590","1227","436","791","57","1284","2058","0","62.39","21.19"
"64","000","00","003","0340","0591","1239","426","813","38","1277","2090","0","61.1","20.38"
"64","000","00","003","0340","0592","1268","448","820","34","1302","2157","0","60.36","20.77"
"64","000","00","003","0340","0593","1278","421","857","38","1316","2096","0","62.79","20.09"
"64","000","00","003","0340","0594","1274","467","807","56","1330","2101","0","63.3","22.23"
"64","000","00","003","0341","0000","2761","855","1906","206","2967","4843","0","61.26","17.65"
"64","000","00","003","0341","0595","927","295","632","64","991","1649","0","60.1","17.89"
"64","000","00","003","0341","0596","826","256","570","74","900","1516","0","59.37","16.89"
"64","000","00","003","0341","0597","1008","304","704","68","1076","1678","0","64.12","18.12"
"64","000","00","003","0342","0000","7687","2499","5188","293","7980","13054","0","61.13","19.14"
"64","000","00","003","0342","0598","1077","342","735","73","1150","1898","0","60.59","18.02"
"64","000","00","003","0342","0599","1101","362","739","47","1148","1837","0","62.49","19.71"
"64","000","00","003","0342","0600","1060","333","727","37","1097","1922","0","57.08","17.33"
"64","000","00","003","0342","0601","1079","360","719","50","1129","1785","0","63.25","20.17"
"64","000","00","003","0342","0602","1100","342","758","25","1125","1886","0","59.65","18.13"
"64","000","00","003","0342","0603","1138","367","771","37","1175","1895","0","62.01","19.37"
"64","000","00","003","0342","0604","1132","393","739","24","1156","1831","0","63.13","21.46"
"64","000","00","003","0343","0000","16624","5439","11185","502","17126","27814","0","61.57","19.55"
"64","000","00","003","0343","0605","1163","374","789","45","1208","2050","0","58.93","18.24"
"64","000","00","003","0343","0606","1444","480","964","38","1482","2251","0","65.84","21.32"
"64","000","00","003","0343","0607","1339","451","888","31","1370","2126","0","64.44","21.21"
"64","000","00","003","0343","0608","1064","335","729","26","1090","1928","0","56.54","17.38"
"64","000","00","003","0343","0609","1236","405","831","34","1270","2166","0","58.63","18.7"
"64","000","00","003","0343","0610","1187","385","802","41","1228","2031","0","60.46","18.96"
"64","000","00","003","0343","0611","1201","367","834","34","1235","1987","0","62.15","18.47"
"64","000","00","003","0343","0612","1335","446","889","31","1366","2166","0","63.07","20.59"
"64","000","00","003","0343","0613","1092","380","712","56","1148","1856","0","61.85","20.47"
"64","000","00","003","0343","0614","1399","467","932","26","1425","2289","0","62.25","20.4"
"64","000","00","003","0343","0615","1173","348","825","36","1209","1973","0","61.28","17.64"
"64","000","00","003","0343","0616","1071","359","712","57","1128","1818","0","62.05","19.75"
"64","000","00","003","0343","0617","893","301","592","25","918","1565","0","58.66","19.23"
"64","000","00","003","0343","0618","1027","341","686","22","1049","1608","0","65.24","21.21"
"64","000","00","003","0344","0000","19897","6379","13518","614","20511","33421","0","61.37","19.09"
"64","000","00","003","0344","0619","1134","375","759","43","1177","1812","0","64.96","20.7"
"64","000","00","003","0344","0620","1026","341","685","19","1045","1821","0","57.39","18.73"
"64","000","00","003","0344","0621","1154","386","768","39","1193","1907","0","62.56","20.24"
"64","000","00","003","0344","0622","990","287","703","36","1026","1812","0","56.62","15.84"
"64","000","00","003","0344","0623","1131","367","764","39","1170","1833","0","63.83","20.02"
"64","000","00","003","0344","0624","1127","400","727","35","1162","1850","0","62.81","21.62"
"64","000","00","003","0344","0625","987","305","682","47","1034","1738","0","59.49","17.55"
"64","000","00","003","0344","0626","1179","374","805","43","1222","1864","0","65.56","20.06"
"64","000","00","003","0344","0627","1165","389","776","30","1195","1887","0","63.33","20.61"
"64","000","00","003","0344","0628","1046","349","697","27","1073","1870","0","57.38","18.66"
"64","000","00","003","0344","0629","1103","359","744","22","1125","1866","0","60.29","19.24"
"64","000","00","003","0344","0630","1081","354","727","21","1102","1862","0","59.18","19.01"
"64","000","00","003","0344","0631","1100","355","745","24","1124","1816","0","61.89","19.55"
"64","000","00","003","0344","0632","1111","317","794","36","1147","1833","0","62.58","17.29"
"64","000","00","003","0344","0633","1015","330","685","44","1059","1676","0","63.19","19.69"
"64","000","00","003","0344","0634","1105","336","769","37","1142","1843","0","61.96","18.23"
"64","000","00","003","0344","0635","1143","374","769","24","1167","1872","0","62.34","19.98"
"64","000","00","003","0344","0636","1300","381","919","48","1348","2259","0","59.67","16.87"
"64","000","00","004","0000","0000","86460","28203","58257","5454","91914","153132","185318","60.02","18.42"
"64","000","00","004","0401","0000","11428","3951","7477","482","11910","20704","0","57.53","19.08"
"64","000","00","004","0401","0435","796","274","522","38","834","1309","0","63.71","20.93"
"64","000","00","004","0401","0436","829","294","535","29","858","1408","0","60.94","20.88"
"64","000","00","004","0401","0437","1059","356","703","45","1104","1851","0","59.64","19.23"
"64","000","00","004","0401","0438","922","290","632","55","977","1578","0","61.91","18.38"
"64","000","00","004","0401","0439","1042","433","609","28","1070","1715","0","62.39","25.25"
"64","000","00","004","0401","0440","885","298","587","18","903","1611","0","56.05","18.5"
"64","000","00","004","0401","0441","1052","314","738","59","1111","2024","0","54.89","15.51"
"64","000","00","004","0401","0442","994","353","641","29","1023","1890","0","54.13","18.68"
"64","000","00","004","0401","0443","894","289","605","21","915","1762","0","51.93","16.4"
"64","000","00","004","0401","0444","992","327","665","48","1040","1888","0","55.08","17.32"
"64","000","00","004","0401","0445","957","347","610","75","1032","1822","0","56.64","19.05"
"64","000","00","004","0401","0446","1006","376","630","37","1043","1846","0","56.5","20.37"
"64","000","00","004","0402","0000","2380","802","1578","128","2508","3940","0","63.65","20.36"
"64","000","00","004","0402","0447","750","250","500","59","809","1268","0","63.8","19.72"
"64","000","00","004","0402","0448","769","247","522","43","812","1240","0","65.48","19.92"
"64","000","00","004","0402","0449","861","305","556","26","887","1432","0","61.94","21.3"
"64","000","00","004","0403","0000","3330","1048","2282","216","3546","5991","0","59.19","17.49"
"64","000","00","004","0403","0450","863","296","567","43","906","1490","0","60.81","19.87"
"64","000","00","004","0403","0451","876","254","622","47","923","1464","0","63.05","17.35"
"64","000","00","004","0403","0452","761","246","515","59","820","1435","0","57.14","17.14"
"64","000","00","004","0403","0453","830","252","578","67","897","1602","0","55.99","15.73"
"64","000","00","004","0404","0000","1672","603","1069","105","1777","3091","0","57.49","19.51"
"64","000","00","004","0404","0454","807","289","518","44","851","1500","0","56.73","19.27"
"64","000","00","004","0404","0455","865","314","551","61","926","1591","0","58.2","19.74"
"64","000","00","004","0405","0000","1705","581","1124","127","1832","3197","0","57.3","18.17"
"64","000","00","004","0405","0458","832","285","547","63","895","1559","0","57.41","18.28"
"64","000","00","004","0405","0459","873","296","577","64","937","1638","0","57.2","18.07"
"64","000","00","004","0406","0000","1484","513","971","86","1570","3138","0","50.03","16.35"
"64","000","00","004","0406","0456","624","225","399","39","663","1669","0","39.72","13.48"
"64","000","00","004","0406","0457","860","288","572","47","907","1469","0","61.74","19.61"
"64","000","00","004","0407","0000","2155","726","1429","166","2321","3872","0","59.94","18.75"
"64","000","00","004","0407","0460","1087","361","726","84","1171","1960","0","59.74","18.42"
"64","000","00","004","0407","0461","1068","365","703","82","1150","1912","0","60.15","19.09"
"64","000","00","004","0408","0000","2607","844","1763","113","2720","4678","0","58.14","18.04"
"64","000","00","004","0408","0462","844","255","589","50","894","1559","0","57.34","16.36"
"64","000","00","004","0408","0463","771","262","509","38","809","1423","0","56.85","18.41"
"64","000","00","004","0408","0464","992","327","665","25","1017","1696","0","59.96","19.28"
"64","000","00","004","0409","0000","1609","532","1077","198","1807","3020","0","59.83","17.62"
"64","000","00","004","0409","0465","772","266","506","114","886","1493","0","59.34","17.82"
"64","000","00","004","0409","0466","837","266","571","84","921","1527","0","60.31","17.42"
"64","000","00","004","0410","0000","1249","426","823","130","1379","2217","0","62.2","19.22"
"64","000","00","004","0410","0467","599","171","428","55","654","1020","0","64.12","16.76"
"64","000","00","004","0410","0468","650","255","395","75","725","1197","0","60.57","21.3"
"64","000","00","004","0411","0000","1697","608","1089","141","1838","3446","0","53.34","17.64"
"64","000","00","004","0411","0469","774","288","486","71","845","1528","0","55.3","18.85"
"64","000","00","004","0411","0470","923","320","603","70","993","1918","0","51.77","16.68"
"64","000","00","004","0412","0000","772","261","511","82","854","1458","0","58.57","17.9"
"64","000","00","004","0412","0471","772","261","511","82","854","1458","0","58.57","17.9"
"64","000","00","004","0413","0000","2062","671","1391","157","2219","3635","0","61.05","18.46"
"64","000","00","004","0413","0472","1000","330","670","76","1076","1790","0","60.11","18.44"
"64","000","00","004","0413","0473","1062","341","721","81","1143","1845","0","61.95","18.48"
"64","000","00","004","0414","0000","8666","2875","5791","589","9255","15761","0","58.72","18.24"
"64","000","00","004","0414","0474","1191","401","790","52","1243","2037","0","61.02","19.69"
"64","000","00","004","0414","0475","1057","363","694","52","1109","1964","0","56.47","18.48"
"64","000","00","004","0414","0476","1134","361","773","24","1158","2006","0","57.73","18.0"
"64","000","00","004","0414","0477","1073","355","718","41","1114","1951","0","57.1","18.2"
"64","000","00","004","0414","0478","849","343","506","255","1104","1951","0","56.59","17.58"
"64","000","00","004","0414","0479","1152","347","805","54","1206","2008","0","60.06","17.28"
"64","000","00","004","0414","0480","1098","330","768","72","1170","1923","0","60.84","17.16"
"64","000","00","004","0414","0481","1112","375","737","39","1151","1921","0","59.92","19.52"
"64","000","00","004","0415","0000","550","160","390","32","582","832","0","69.95","19.23"
"64","000","00","004","0415","0482","550","160","390","32","582","832","0","69.95","19.23"
"64","000","00","004","0416","0000","1374","506","868","110","1484","2281","0","65.06","22.18"
"64","000","00","004","0416","0483","720","291","429","50","770","1156","0","66.61","25.17"
"64","000","00","004","0416","0484","654","215","439","60","714","1125","0","63.47","19.11"
"64","000","00","004","0417","0000","1555","481","1074","88","1643","2562","0","64.13","18.77"
"64","000","00","004","0417","0485","670","225","445","49","719","1060","0","67.83","21.23"
"64","000","00","004","0417","0486","885","256","629","39","924","1502","0","61.52","17.04"
"64","000","00","004","0418","0000","1537","495","1042","145","1682","2956","0","56.9","16.75"
"64","000","00","004","0418","0487","773","260","513","85","858","1404","0","61.11","18.52"
"64","000","00","004","0418","0488","764","235","529","60","824","1552","0","53.09","15.14"
"64","000","00","004","0419","0000","1472","434","1038","105","1577","2775","0","56.83","15.64"
"64","000","00","004","0419","0489","788","253","535","54","842","1460","0","57.67","17.33"
"64","000","00","004","0419","0490","684","181","503","51","735","1315","0","55.89","13.76"
"64","000","00","004","0420","0000","1221","394","827","104","1325","2140","0","61.92","18.41"
"64","000","00","004","0420","0491","615","211","404","55","670","1062","0","63.09","19.87"
"64","000","00","004","0420","0492","606","183","423","49","655","1078","0","60.76","16.98"
"64","000","00","004","0421","0000","1170","376","794","143","1313","1978","0","66.38","19.01"
"64","000","00","004","0421","0493","539","167","372","73","612","914","0","66.96","18.27"
"64","000","00","004","0421","0494","631","209","422","70","701","1064","0","65.88","19.64"
"64","000","00","004","0422","0000","3107","933","2174","144","3251","5350","0","60.77","17.44"
"64","000","00","004","0422","0495","997","292","705","55","1052","1705","0","61.7","17.13"
"64","000","00","004","0422","0496","994","289","705","50","1044","1728","0","60.42","16.72"
"64","000","00","004","0422","0497","1116","352","764","39","1155","1917","0","60.25","18.36"
"64","000","00","004","0423","0000","761","198","563","60","821","1439","0","57.05","13.76"
"64","000","00","004","0423","0498","761","198","563","60","821","1439","0","57.05","13.76"
"64","000","00","004","0424","0000","2532","754","1778","180","2712","4196","0","64.63","17.97"
"64","000","00","004","0424","0499","759","228","531","58","817","1287","0","63.48","17.72"
"64","000","00","004","0424","0500","908","258","650","58","966","1504","0","64.23","17.15"
"64","000","00","004","0424","0501","865","268","597","64","929","1405","0","66.12","19.07"
"64","000","00","004","0425","0000","1489","498","991","112","1601","2582","0","62.01","19.29"
"64","000","00","004","0425","0502","715","246","469","76","791","1287","0","61.46","19.11"
"64","000","00","004","0425","0503","774","252","522","36","810","1295","0","62.55","19.46"
"64","000","00","004","0426","0000","1923","594","1329","99","2022","3132","0","64.56","18.97"
"64","000","00","004","0426","0504","874","286","588","56","930","1483","0","62.71","19.29"
"64","000","00","004","0426","0505","1049","308","741","43","1092","1649","0","66.22","18.68"
"64","000","00","004","0427","0000","1227","415","812","89","1316","2023","0","65.05","20.51"
"64","000","00","004","0427","0506","610","209","401","40","650","998","0","65.13","20.94"
"64","000","00","004","0427","0507","617","206","411","49","666","1025","0","64.98","20.1"
"64","000","00","004","0428","0000","1931","572","1359","131","2062","3124","0","66.01","18.31"
"64","000","00","004","0428","0508","1046","306","740","60","1106","1671","0","66.19","18.31"
"64","000","00","004","0428","0509","885","266","619","71","956","1453","0","65.79","18.31"
"64","000","00","004","0429","0000","1880","602","1278","113","1993","3326","0","59.92","18.1"
"64","000","00","004","0429","0510","947","322","625","72","1019","1673","0","60.91","19.25"
"64","000","00","004","0429","0511","933","280","653","41","974","1653","0","58.92","16.94"
"64","000","00","004","0430","0000","1325","419","906","95","1420","2161","0","65.71","19.39"
"64","000","00","004","0430","0512","591","184","407","52","643","1034","0","62.19","17.79"
"64","000","00","004","0430","0513","734","235","499","43","777","1127","0","68.94","20.85"
"64","000","00","004","0431","0000","2529","790","1739","152","2681","4512","0","59.42","17.51"
"64","000","00","004","0431","0514","858","288","570","64","922","1575","0","58.54","18.29"
"64","000","00","004","0431","0515","907","254","653","48","955","1559","0","61.26","16.29"
"64","000","00","004","0431","0516","764","248","516","40","804","1378","0","58.35","18.0"
"64","000","00","004","0432","0000","1959","567","1392","127","2086","3435","0","60.73","16.51"
"64","000","00","004","0432","0517","976","286","690","54","1030","1714","0","60.09","16.69"
"64","000","00","004","0432","0518","983","281","702","73","1056","1721","0","61.36","16.33"
"64","000","00","004","0433","0000","4983","1544","3439","251","5234","8227","0","63.62","18.77"
"64","000","00","004","0433","0519","919","273","646","64","983","1628","0","60.38","16.77"
"64","000","00","004","0433","0520","993","308","685","69","1062","1590","0","66.79","19.37"
"64","000","00","004","0433","0521","940","290","650","55","995","1628","0","61.12","17.81"
"64","000","00","004","0433","0522","1108","363","745","26","1134","1739","0","65.21","20.87"
"64","000","00","004","0433","0523","1023","310","713","37","1060","1642","0","64.56","18.88"
"64","000","00","004","0434","0000","2633","830","1803","139","2772","4997","0","55.47","16.61"
"64","000","00","004","0434","0524","924","300","624","66","990","1766","0","56.06","16.99"
"64","000","00","004","0434","0525","812","262","550","47","859","1482","0","57.96","17.68"
"64","000","00","004","0434","0526","897","268","629","26","923","1749","0","52.77","15.32"
"64","000","00","004","0435","0000","3942","1320","2622","136","4078","6433","0","63.39","20.52"
"64","000","00","004","0435","0527","936","331","605","31","967","1591","0","60.78","20.8"
"64","000","00","004","0435","0528","971","329","642","23","994","1545","0","64.34","21.29"
"64","000","00","004","0435","0529","1042","331","711","34","1076","1651","0","65.17","20.05"
"64","000","00","004","0435","0530","993","329","664","48","1041","1646","0","63.24","19.99"
"64","000","00","004","0436","0000","902","303","599","68","970","1496","0","64.84","20.25"
"64","000","00","004","0436","0531","902","303","599","68","970","1496","0","64.84","20.25"
"64","000","00","004","0437","0000","1642","577","1065","111","1753","3027","0","57.91","19.06"
"64","000","00","004","0437","0532","744","222","522","72","816","1403","0","58.16","15.82"
"64","000","00","004","0437","0533","898","355","543","39","937","1624","0","57.7","21.86"
"64","000","00","005","0000","0000","164084","56428","107656","7746","171830","289519","341230","59.35","19.49"
"64","000","00","005","0501","0000","2018","634","1384","153","2171","3875","0","56.03","16.36"
"64","000","00","005","0501","0887","1027","336","691","69","1096","1893","0","57.9","17.75"
"64","000","00","005","0501","0888","991","298","693","84","1075","1982","0","54.24","15.04"
"64","000","00","005","0502","0000","4023","1314","2709","214","4237","7408","0","57.19","17.74"
"64","000","00","005","0502","0889","908","279","629","66","974","1661","0","58.64","16.8"
"64","000","00","005","0502","0890","1048","351","697","24","1072","1894","0","56.6","18.53"
"64","000","00","005","0502","0891","995","311","684","44","1039","1839","0","56.5","16.91"
"64","000","00","005","0502","0892","1072","373","699","80","1152","2014","0","57.2","18.52"
"64","000","00","005","0503","0000","2055","699","1356","144","2199","3913","0","56.2","17.86"
"64","000","00","005","0503","0893","1019","312","707","105","1124","1897","0","59.25","16.45"
"64","000","00","005","0503","0894","1036","387","649","39","1075","2016","0","53.32","19.2"
"64","000","00","005","0504","0000","2011","615","1396","88","2099","3673","0","57.15","16.74"
"64","000","00","005","0504","0895","1020","315","705","44","1064","1924","0","55.3","16.37"
"64","000","00","005","0504","0896","991","300","691","44","1035","1749","0","59.18","17.15"
"64","000","00","005","0505","0000","3980","1395","2585","202","4182","7080","0","59.07","19.7"
"64","000","00","005","0505","0897","1080","370","710","78","1158","1845","0","62.76","20.05"
"64","000","00","005","0505","0898","927","335","592","39","966","1724","0","56.03","19.43"
"64","000","00","005","0505","0899","1064","368","696","35","1099","1889","0","58.18","19.48"
"64","000","00","005","0505","0900","909","322","587","50","959","1622","0","59.12","19.85"
"64","000","00","005","0506","0000","2002","851","1151","83","2085","3393","0","61.45","25.08"
"64","000","00","005","0506","0901","1092","354","738","29","1121","1870","0","59.95","18.93"
"64","000","00","005","0506","0902","910","497","413","54","964","1523","0","63.3","32.63"
"64","000","00","005","0507","0000","11773","4115","7658","408","12181","20639","0","59.02","19.94"
"64","000","00","005","0507","0903","1012","317","695","57","1069","2006","0","53.29","15.8"
"64","000","00","005","0507","0904","1259","474","785","56","1315","2076","0","63.34","22.83"
"64","000","00","005","0507","0905","1171","458","713","19","1190","2073","0","57.4","22.09"
"64","000","00","005","0507","0906","1180","395","785","34","1214","2045","0","59.36","19.32"
"64","000","00","005","0507","0907","1007","361","646","53","1060","2070","0","51.21","17.44"
"64","000","00","005","0507","0908","1097","364","733","44","1141","2035","0","56.07","17.89"
"64","000","00","005","0507","0909","1257","462","795","33","1290","2075","0","62.17","22.27"
"64","000","00","005","0507","0910","1188","388","800","35","1223","2053","0","59.57","18.9"
"64","000","00","005","0507","0911","1306","473","833","36","1342","2063","0","65.05","22.93"
"64","000","00","005","0507","0912","1296","423","873","41","1337","2143","0","62.39","19.74"
"64","000","00","005","0508","0000","4722","1623","3099","226","4948","8519","0","58.08","19.05"
"64","000","00","005","0508","0913","1080","324","756","54","1134","1746","0","64.95","18.56"
"64","000","00","005","0508","0914","889","306","583","23","912","1735","0","52.56","17.64"
"64","000","00","005","0508","0915","869","306","563","56","925","1655","0","55.89","18.49"
"64","000","00","005","0508","0916","894","330","564","54","948","1583","0","59.89","20.85"
"64","000","00","005","0508","0917","990","357","633","39","1029","1800","0","57.17","19.83"
"64","000","00","005","0509","0000","4036","1340","2696","135","4171","7001","0","59.58","19.14"
"64","000","00","005","0509","0918","1016","318","698","30","1046","1730","0","60.46","18.38"
"64","000","00","005","0509","0919","966","321","645","30","996","1715","0","58.08","18.72"
"64","000","00","005","0509","0920","978","313","665","37","1015","1691","0","60.02","18.51"
"64","000","00","005","0509","0921","1076","388","688","38","1114","1865","0","59.73","20.8"
"64","000","00","005","0510","0000","1250","404","846","86","1336","1990","0","67.14","20.3"
"64","000","00","005","0510","0922","673","222","451","24","697","1073","0","64.96","20.69"
"64","000","00","005","0510","0923","577","182","395","62","639","917","0","69.68","19.85"
"64","000","00","005","0511","0000","941","301","640","42","983","1647","0","59.68","18.28"
"64","000","00","005","0511","0924","941","301","640","42","983","1647","0","59.68","18.28"
"64","000","00","005","0512","0000","3014","995","2019","139","3153","5126","0","61.51","19.41"
"64","000","00","005","0512","0925","963","331","632","51","1014","1654","0","61.31","20.01"
"64","000","00","005","0512","0926","981","313","668","46","1027","1639","0","62.66","19.1"
"64","000","00","005","0512","0927","1070","351","719","42","1112","1833","0","60.67","19.15"
"64","000","00","005","0513","0000","2708","912","1796","111","2819","4401","0","64.05","20.72"
"64","000","00","005","0513","0928","857","307","550","33","890","1362","0","65.35","22.54"
"64","000","00","005","0513","0929","945","333","612","54","999","1557","0","64.16","21.39"
"64","000","00","005","0513","0930","906","272","634","24","930","1482","0","62.75","18.35"
"64","000","00","005","0514","0000","2811","856","1955","94","2905","4583","0","63.39","18.68"
"64","000","00","005","0514","0931","957","319","638","37","994","1563","0","63.6","20.41"
"64","000","00","005","0514","0932","904","220","684","32","936","1497","0","62.53","14.7"
"64","000","00","005","0514","0933","950","317","633","25","975","1523","0","64.02","20.81"
"64","000","00","005","0515","0000","4474","1533","2941","183","4657","7198","0","64.7","21.3"
"64","000","00","005","0515","0934","827","262","565","42","869","1293","0","67.21","20.26"
"64","000","00","005","0515","0935","1013","386","627","37","1050","1662","0","63.18","23.23"
"64","000","00","005","0515","0936","829","264","565","36","865","1441","0","60.03","18.32"
"64","000","00","005","0515","0937","862","288","574","41","903","1326","0","68.1","21.72"
"64","000","00","005","0515","0938","943","333","610","27","970","1476","0","65.72","22.56"
"64","000","00","005","0516","0000","1882","655","1227","62","1944","3586","0","54.21","18.27"
"64","000","00","005","0516","0939","1037","367","670","39","1076","1968","0","54.67","18.65"
"64","000","00","005","0516","0940","845","288","557","23","868","1618","0","53.65","17.8"
"64","000","00","005","0517","0000","2821","1303","1518","130","2951","5000","0","59.02","26.06"
"64","000","00","005","0517","0941","1044","400","644","46","1090","1873","0","58.2","21.36"
"64","000","00","005","0517","0942","850","287","563","52","902","1487","0","60.66","19.3"
"64","000","00","005","0517","0943","927","616","311","32","959","1640","0","58.48","37.56"
"64","000","00","005","0518","0000","2119","725","1394","63","2182","3858","0","56.56","18.79"
"64","000","00","005","0518","0944","1061","345","716","19","1080","1889","0","57.17","18.26"
"64","000","00","005","0518","0945","1058","380","678","44","1102","1969","0","55.97","19.3"
"64","000","00","005","0519","0000","3681","1278","2403","209","3890","6475","0","60.08","19.74"
"64","000","00","005","0519","0946","807","287","520","79","886","1466","0","60.44","19.58"
"64","000","00","005","0519","0947","966","341","625","48","1014","1697","0","59.75","20.09"
"64","000","00","005","0519","0948","975","308","667","45","1020","1663","0","61.33","18.52"
"64","000","00","005","0519","0949","933","342","591","37","970","1649","0","58.82","20.74"
"64","000","00","005","0520","0000","1658","544","1114","25","1683","2981","0","56.46","18.25"
"64","000","00","005","0520","0950","837","276","561","0","837","1486","0","56.33","18.57"
"64","000","00","005","0520","0951","821","268","553","25","846","1495","0","56.59","17.93"
"64","000","00","005","0521","0000","1820","660","1160","56","1876","3041","0","61.69","21.7"
"64","000","00","005","0521","0952","967","348","619","25","992","1548","0","64.08","22.48"
"64","000","00","005","0521","0953","853","312","541","31","884","1493","0","59.21","20.9"
"64","000","00","005","0522","0000","4540","1537","3003","165","4705","7649","0","61.51","20.09"
"64","000","00","005","0522","0954","885","291","594","27","912","1445","0","63.11","20.14"
"64","000","00","005","0522","0955","853","279","574","36","889","1529","0","58.14","18.25"
"64","000","00","005","0522","0956","860","277","583","30","890","1506","0","59.1","18.39"
"64","000","00","005","0522","0957","948","329","619","31","979","1549","0","63.2","21.24"
"64","000","00","005","0522","0958","994","361","633","41","1035","1620","0","63.89","22.28"
"64","000","00","005","0523","0000","1844","581","1263","91","1935","3038","0","63.69","19.12"
"64","000","00","005","0523","0959","937","306","631","56","993","1550","0","64.06","19.74"
"64","000","00","005","0523","0960","907","275","632","35","942","1488","0","63.31","18.48"
"64","000","00","005","0524","0000","1564","502","1062","78","1642","2667","0","61.57","18.82"
"64","000","00","005","0524","0961","784","282","502","40","824","1335","0","61.72","21.12"
"64","000","00","005","0524","0962","780","220","560","38","818","1332","0","61.41","16.52"
"64","000","00","005","0525","0000","3086","1051","2035","152","3238","5268","0","61.47","19.95"
"64","000","00","005","0525","0963","1014","358","656","68","1082","1764","0","61.34","20.29"
"64","000","00","005","0525","0964","1035","338","697","36","1071","1811","0","59.14","18.66"
"64","000","00","005","0525","0965","1037","355","682","48","1085","1693","0","64.09","20.97"
"64","000","00","005","0526","0000","2969","1029","1940","125","3094","4867","0","63.57","21.14"
"64","000","00","005","0526","0966","1051","355","696","56","1107","1684","0","65.74","21.08"
"64","000","00","005","0526","0967","821","287","534","42","863","1464","0","58.95","19.6"
"64","000","00","005","0526","0968","1097","387","710","27","1124","1719","0","65.39","22.51"
"64","000","00","005","0527","0000","3882","1340","2542","139","4021","6858","0","58.63","19.54"
"64","000","00","005","0527","0969","1015","353","662","17","1032","1749","0","59.01","20.18"
"64","000","00","005","0527","0970","1044","366","678","34","1078","1908","0","56.5","19.18"
"64","000","00","005","0527","0971","911","308","603","61","972","1573","0","61.79","19.58"
"64","000","00","005","0527","0972","912","313","599","27","939","1628","0","57.68","19.23"
"64","000","00","005","0528","0000","2313","754","1559","129","2442","4095","0","59.63","18.41"
"64","000","00","005","0528","0973","694","237","457","55","749","1377","0","54.39","17.21"
"64","000","00","005","0528","0974","947","310","637","30","977","1530","0","63.86","20.26"
"64","000","00","005","0528","0975","672","207","465","44","716","1188","0","60.27","17.42"
"64","000","00","005","0529","0000","2840","851","1989","140","2980","6302","0","47.29","13.5"
"64","000","00","005","0529","0976","815","263","552","35","850","2791","0","30.46","9.42"
"64","000","00","005","0529","0977","1048","362","686","46","1094","1840","0","59.46","19.67"
"64","000","00","005","0529","0978","977","226","751","59","1036","1671","0","62.0","13.52"
"64","000","00","005","0530","0000","4816","1659","3157","197","5013","7969","0","62.91","20.82"
"64","000","00","005","0530","0979","931","334","597","56","987","1624","0","60.78","20.57"
"64","000","00","005","0530","0980","1022","358","664","38","1060","1555","0","68.17","23.02"
"64","000","00","005","0530","0981","946","327","619","38","984","1489","0","66.08","21.96"
"64","000","00","005","0530","0982","1000","342","658","37","1037","1662","0","62.39","20.58"
"64","000","00","005","0530","0983","917","298","619","28","945","1639","0","57.66","18.18"
"64","000","00","005","0531","0000","2142","703","1439","92","2234","3840","0","58.18","18.31"
"64","000","00","005","0531","0984","1049","348","701","53","1102","1872","0","58.87","18.59"
"64","000","00","005","0531","0985","1093","355","738","39","1132","1968","0","57.52","18.04"
"64","000","00","005","0532","0000","1541","502","1039","126","1667","3005","0","55.47","16.71"
"64","000","00","005","0532","0986","713","226","487","73","786","1471","0","53.43","15.36"
"64","000","00","005","0532","0987","828","276","552","53","881","1534","0","57.43","17.99"
"64","000","00","005","0533","0000","2709","905","1804","146","2855","5282","0","54.05","17.13"
"64","000","00","005","0533","0988","835","272","563","71","906","1659","0","54.61","16.4"
"64","000","00","005","0533","0989","910","283","627","34","944","1815","0","52.01","15.59"
"64","000","00","005","0533","0990","964","350","614","41","1005","1808","0","55.59","19.36"
"64","000","00","005","0534","0000","1420","464","956","52","1472","2630","0","55.97","17.64"
"64","000","00","005","0534","0991","635","204","431","32","667","1224","0","54.49","16.67"
"64","000","00","005","0534","0992","785","260","525","20","805","1406","0","57.25","18.49"
"64","000","00","005","0535","0000","1083","341","742","64","1147","1889","0","60.72","18.05"
"64","000","00","005","0535","0993","500","162","338","37","537","945","0","56.83","17.14"
"64","000","00","005","0535","0994","583","179","404","27","610","944","0","64.62","18.96"
"64","000","00","005","0536","0000","1795","547","1248","139","1934","3142","0","61.55","17.41"
"64","000","00","005","0536","0995","939","303","636","68","1007","1669","0","60.34","18.15"
"64","000","00","005","0536","0996","856","244","612","71","927","1473","0","62.93","16.56"
"64","000","00","005","0537","0000","1537","541","996","90","1627","3558","0","45.73","15.21"
"64","000","00","005","0537","0997","910","324","586","47","957","1876","0","51.01","17.27"
"64","000","00","005","0537","0998","627","217","410","43","670","1682","0","39.83","12.9"
"64","000","00","005","0538","0000","6426","2277","4149","195","6621","11459","0","57.78","19.87"
"64","000","00","005","0538","0999","936","357","579","35","971","1791","0","54.22","19.93"
"64","000","00","005","0538","1000","1057","363","694","37","1094","1808","0","60.51","20.08"
"64","000","00","005","0538","1001","959","308","651","43","1002","1798","0","55.73","17.13"
"64","000","00","005","0538","1002","1159","454","705","37","1196","2030","0","58.92","22.36"
"64","000","00","005","0538","1003","1174","402","772","21","1195","2034","0","58.75","19.76"
"64","000","00","005","0538","1004","1141","393","748","22","1163","1998","0","58.21","19.67"
"64","000","00","005","0539","0000","2138","787","1351","66","2204","3879","0","56.82","20.29"
"64","000","00","005","0539","1005","1028","346","682","26","1054","1914","0","55.07","18.08"
"64","000","00","005","0539","1006","1110","441","669","40","1150","1965","0","58.52","22.44"
"64","000","00","005","0540","0000","1041","391","650","60","1101","1885","0","58.41","20.74"
"64","000","00","005","0540","1007","1041","391","650","60","1101","1885","0","58.41","20.74"
"64","000","00","005","0541","0000","1339","422","917","77","1416","2277","0","62.19","18.53"
"64","000","00","005","0541","1008","751","238","513","19","770","1220","0","63.11","19.51"
"64","000","00","005","0541","1009","588","184","404","58","646","1057","0","61.12","17.41"
"64","000","00","005","0542","0000","1257","381","876","59","1316","2784","0","47.27","13.69"
"64","000","00","005","0542","1010","594","173","421","29","623","1434","0","43.44","12.06"
"64","000","00","005","0542","1011","663","208","455","30","693","1350","0","51.33","15.41"
"64","000","00","005","0543","0000","916","342","574","41","957","1826","0","52.41","18.73"
"64","000","00","005","0543","1012","425","147","278","23","448","872","0","51.38","16.86"
"64","000","00","005","0543","1013","491","195","296","18","509","954","0","53.35","20.44"
"64","000","00","005","0544","0000","2542","1213","1329","94","2636","4415","0","59.71","27.47"
"64","000","00","005","0544","1014","973","636","337","16","989","1689","0","58.56","37.66"
"64","000","00","005","0544","1015","792","299","493","16","808","1390","0","58.13","21.51"
"64","000","00","005","0544","1016","777","278","499","62","839","1336","0","62.8","20.81"
"64","000","00","005","0545","0000","2645","962","1683","129","2774","4402","0","63.02","21.85"
"64","000","00","005","0545","1017","917","333","584","42","959","1437","0","66.74","23.17"
"64","000","00","005","0545","1018","854","306","548","28","882","1452","0","60.74","21.07"
"64","000","00","005","0545","1019","874","323","551","59","933","1513","0","61.67","21.35"
"64","000","00","005","0546","0000","1762","611","1151","147","1909","2848","0","67.03","21.45"
"64","000","00","005","0546","1020","894","317","577","69","963","1467","0","65.64","21.61"
"64","000","00","005","0546","1021","868","294","574","78","946","1381","0","68.5","21.29"
"64","000","00","005","0547","0000","1429","518","911","83","1512","2444","0","61.87","21.19"
"64","000","00","005","0547","1022","626","228","398","48","674","1117","0","60.34","20.41"
"64","000","00","005","0547","1023","803","290","513","35","838","1327","0","63.15","21.85"
"64","000","00","005","0548","0000","789","256","533","27","816","1304","0","62.58","19.63"
"64","000","00","005","0548","1024","789","256","533","27","816","1304","0","62.58","19.63"
"64","000","00","005","0549","0000","815","283","532","27","842","1483","0","56.78","19.08"
"64","000","00","005","0549","1025","815","283","532","27","842","1483","0","56.78","19.08"
"64","000","00","005","0550","0000","907","291","616","31","938","1473","0","63.68","19.76"
"64","000","00","005","0550","1026","907","291","616","31","938","1473","0","63.68","19.76"
"64","000","00","005","0551","0000","562","203","359","41","603","980","0","61.53","20.71"
"64","000","00","005","0551","1027","562","203","359","41","603","980","0","61.53","20.71"
"64","000","00","005","0552","0000","1547","594","953","94","1641","2639","0","62.18","22.51"
"64","000","00","005","0552","1028","823","348","475","55","878","1409","0","62.31","24.7"
"64","000","00","005","0552","1029","724","246","478","39","763","1230","0","62.03","20.0"
"64","000","00","005","0553","0000","1300","447","853","101","1401","2154","0","65.04","20.75"
"64","000","00","005","0553","1030","642","218","424","42","684","1024","0","66.8","21.29"
"64","000","00","005","0553","1031","658","229","429","59","717","1130","0","63.45","20.27"
"64","000","00","005","0554","0000","973","320","653","33","1006","1889","0","53.26","16.94"
"64","000","00","005","0554","1032","973","320","653","33","1006","1889","0","53.26","16.94"
"64","000","00","005","0555","0000","815","270","545","27","842","1427","0","59.0","18.92"
"64","000","00","005","0555","1033","815","270","545","27","842","1427","0","59.0","18.92"
"64","000","00","005","0556","0000","475","119","356","21","496","791","0","62.71","15.04"
"64","000","00","005","0556","1034","475","119","356","21","496","791","0","62.71","15.04"
"64","000","00","005","0557","0000","692","205","487","74","766","1079","0","70.99","19.0"
"64","000","00","005","0557","1035","692","205","487","74","766","1079","0","70.99","19.0"
"64","000","00","005","0558","0000","838","287","551","64","902","1492","0","60.46","19.24"
"64","000","00","005","0558","1036","838","287","551","64","902","1492","0","60.46","19.24"
"64","000","00","005","0559","0000","1250","422","828","48","1298","2021","0","64.23","20.88"
"64","000","00","005","0559","1037","629","213","416","37","666","1020","0","65.29","20.88"
"64","000","00","005","0559","1038","621","209","412","11","632","1001","0","63.14","20.88"
"64","000","00","005","0560","0000","1753","565","1188","78","1831","3052","0","59.99","18.51"
"64","000","00","005","0560","1039","910","287","623","42","952","1581","0","60.22","18.15"
"64","000","00","005","0560","1040","843","278","565","36","879","1471","0","59.76","18.9"
"64","000","00","005","0561","0000","2273","752","1521","103","2376","3760","0","63.19","20.0"
"64","000","00","005","0561","1041","711","258","453","16","727","1151","0","63.16","22.42"
"64","000","00","005","0561","1042","830","267","563","46","876","1334","0","65.67","20.01"
"64","000","00","005","0561","1043","732","227","505","41","773","1275","0","60.63","17.8"
"64","000","00","005","0562","0000","2174","752","1422","79","2253","4051","0","55.62","18.56"
"64","000","00","005","0562","1044","737","259","478","34","771","1688","0","45.68","15.34"
"64","000","00","005","0562","1045","711","245","466","29","740","1214","0","60.96","20.18"
"64","000","00","005","0562","1046","726","248","478","16","742","1149","0","64.58","21.58"
"64","000","00","005","0563","0000","942","316","626","71","1013","1667","0","60.77","18.96"
"64","000","00","005","0563","1047","942","316","626","71","1013","1667","0","60.77","18.96"
"64","000","00","005","0564","0000","936","352","584","28","964","1786","0","53.98","19.71"
"64","000","00","005","0564","1048","936","352","584","28","964","1786","0","53.98","19.71"
"64","000","00","005","0565","0000","1072","323","749","64","1136","1821","0","62.38","17.74"
"64","000","00","005","0565","1049","535","158","377","20","555","896","0","61.94","17.63"
"64","000","00","005","0565","1050","537","165","372","44","581","925","0","62.81","17.84"
"64","000","00","005","0566","0000","423","138","285","44","467","684","0","68.27","20.18"
"64","000","00","005","0566","1051","423","138","285","44","467","684","0","68.27","20.18"
"64","000","00","005","0567","0000","598","411","187","60","658","981","0","67.07","41.9"
"64","000","00","005","0567","1052","598","411","187","60","658","981","0","67.07","41.9"
"64","000","00","005","0568","0000","697","221","476","66","763","1383","0","55.17","15.98"
"64","000","00","005","0568","1053","697","221","476","66","763","1383","0","55.17","15.98"
"64","000","00","005","0569","0000","798","261","537","39","837","1382","0","60.56","18.89"
"64","000","00","005","0569","1054","798","261","537","39","837","1382","0","60.56","18.89"
"64","000","00","005","0570","0000","456","157","299","19","475","808","0","58.79","19.43"
"64","000","00","005","0570","1055","456","157","299","19","475","808","0","58.79","19.43"
"64","000","00","005","0572","0000","708","252","456","22","730","1197","0","60.99","21.05"
"64","000","00","005","0572","1056","708","252","456","22","730","1197","0","60.99","21.05"
"64","000","00","005","0573","0000","2336","755","1581","107","2443","4047","0","60.37","18.66"
"64","000","00","005","0573","1057","745","219","526","39","784","1344","0","58.33","16.29"
"64","000","00","005","0573","1058","784","269","515","54","838","1344","0","62.35","20.01"
"64","000","00","005","0573","1059","807","267","540","14","821","1359","0","60.41","19.65"
"64","000","00","005","0574","0000","635","221","414","48","683","1073","0","63.65","20.6"
"64","000","00","005","0574","1060","635","221","414","48","683","1073","0","63.65","20.6"
"64","000","00","005","0575","0000","641","220","421","37","678","1186","0","57.17","18.55"
"64","000","00","005","0575","1061","641","220","421","37","678","1186","0","57.17","18.55"
"64","000","00","005","0576","0000","970","335","635","66","1036","1749","0","59.23","19.15"
"64","000","00","005","0576","1062","970","335","635","66","1036","1749","0","59.23","19.15"
"64","000","00","005","0577","0000","467","154","313","16","483","877","0","55.07","17.56"
"64","000","00","005","0577","1063","467","154","313","16","483","877","0","55.07","17.56"
"64","000","00","005","0578","0000","846","268","578","81","927","1402","0","66.12","19.12"
"64","000","00","005","0578","1064","846","268","578","81","927","1402","0","66.12","19.12"
"64","000","00","005","0579","0000","480","142","338","23","503","769","0","65.41","18.47"
"64","000","00","005","0579","1065","480","142","338","23","503","769","0","65.41","18.47"
"64","000","00","005","0581","0000","1364","452","912","83","1447","2477","0","58.42","18.25"
"64","000","00","005","0581","1066","723","228","495","43","766","1207","0","63.46","18.89"
"64","000","00","005","0581","1067","641","224","417","40","681","1270","0","53.62","17.64"
"64","000","00","005","0582","0000","703","253","450","40","743","1248","0","59.54","20.27"
"64","000","00","005","0582","1068","703","253","450","40","743","1248","0","59.54","20.27"
"64","000","00","005","0583","0000","740","247","493","54","794","1263","0","62.87","19.56"
"64","000","00","005","0583","1069","740","247","493","54","794","1263","0","62.87","19.56"
"64","000","00","005","0584","0000","644","196","448","33","677","1101","0","61.49","17.8"
"64","000","00","005","0584","1070","644","196","448","33","677","1101","0","61.49","17.8"
"64","000","00","005","0585","0000","672","236","436","23","695","1116","0","62.28","21.15"
"64","000","00","005","0585","1071","672","236","436","23","695","1116","0","62.28","21.15"
"64","000","00","005","0586","0000","676","225","451","37","713","1152","0","61.89","19.53"
"64","000","00","005","0586","1072","676","225","451","37","713","1152","0","61.89","19.53"
"64","000","00","005","0587","0000","621","214","407","46","667","1057","0","63.1","20.25"
"64","000","00","005","0587","1073","621","214","407","46","667","1057","0","63.1","20.25"
"64","000","00","005","0588","0000","1121","350","771","62","1183","2033","0","58.19","17.22"
"64","000","00","005","0588","1074","518","157","361","46","564","971","0","58.08","16.17"
"64","000","00","005","0588","1075","603","193","410","16","619","1062","0","58.29","18.17"
"64","000","00","006","0000","0000","25902","9020","16882","1319","27221","44355","50942","61.37","20.34"
"64","000","00","006","0601","0000","1060","364","696","73","1133","1791","0","63.26","20.32"
"64","000","00","006","0601","1098","469","162","307","26","495","828","0","59.78","19.57"
"64","000","00","006","0601","1099","591","202","389","47","638","963","0","66.25","20.98"
"64","000","00","006","0602","0000","580","190","390","23","603","1075","0","56.09","17.67"
"64","000","00","006","0602","1100","580","190","390","23","603","1075","0","56.09","17.67"
"64","000","00","006","0603","0000","1714","630","1084","47","1761","2926","0","60.18","21.53"
"64","000","00","006","0603","1101","869","323","546","18","887","1488","0","59.61","21.71"
"64","000","00","006","0603","1102","845","307","538","29","874","1438","0","60.78","21.35"
"64","000","00","006","0604","0000","606","216","390","36","642","1049","0","61.2","20.59"
"64","000","00","006","0604","1103","606","216","390","36","642","1049","0","61.2","20.59"
"64","000","00","006","0605","0000","848","276","572","73","921","1378","0","66.84","20.03"
"64","000","00","006","0605","1104","848","276","572","73","921","1378","0","66.84","20.03"
"64","000","00","006","0606","0000","417","129","288","25","442","666","0","66.37","19.37"
"64","000","00","006","0606","1105","417","129","288","25","442","666","0","66.37","19.37"
"64","000","00","006","0607","0000","583","202","381","15","598","981","0","60.96","20.59"
"64","000","00","006","0607","1106","583","202","381","15","598","981","0","60.96","20.59"
"64","000","00","006","0608","0000","1152","368","784","52","1204","1920","0","62.71","19.17"
"64","000","00","006","0608","1107","589","194","395","30","619","933","0","66.35","20.79"
"64","000","00","006","0608","1108","563","174","389","22","585","987","0","59.27","17.63"
"64","000","00","006","0609","0000","600","185","415","29","629","988","0","63.66","18.72"
"64","000","00","006","0609","1109","600","185","415","29","629","988","0","63.66","18.72"
"64","000","00","006","0610","0000","462","150","312","32","494","735","0","67.21","20.41"
"64","000","00","006","0610","1110","462","150","312","32","494","735","0","67.21","20.41"
"64","000","00","006","0611","0000","767","282","485","28","795","1317","0","60.36","21.41"
"64","000","00","006","0611","1111","767","282","485","28","795","1317","0","60.36","21.41"
"64","000","00","006","0612","0000","435","142","293","16","451","800","0","56.38","17.75"
"64","000","00","006","0612","1112","435","142","293","16","451","800","0","56.38","17.75"
"64","000","00","006","0613","0000","1140","350","790","48","1188","1881","0","63.16","18.61"
"64","000","00","006","0613","1113","586","176","410","32","618","968","0","63.84","18.18"
"64","000","00","006","0613","1114","554","174","380","16","570","913","0","62.43","19.06"
"64","000","00","006","0614","0000","1666","623","1043","60","1726","2617","0","65.95","23.81"
"64","000","00","006","0614","1115","872","336","536","20","892","1389","0","64.22","24.19"
"64","000","00","006","0614","1116","794","287","507","40","834","1228","0","67.92","23.37"
"64","000","00","006","0615","0000","1376","468","908","80","1456","2312","0","62.98","20.24"
"64","000","00","006","0615","1117","710","245","465","56","766","1211","0","63.25","20.23"
"64","000","00","006","0615","1118","666","223","443","24","690","1101","0","62.67","20.25"
"64","000","00","006","0616","0000","1062","444","618","44","1106","1625","0","68.06","27.32"
"64","000","00","006","0616","1119","471","221","250","14","485","752","0","64.49","29.39"
"64","000","00","006","0616","1120","591","223","368","30","621","873","0","71.13","25.54"
"64","000","00","006","0617","0000","1982","697","1285","89","2071","3345","0","61.91","20.84"
"64","000","00","006","0617","1121","930","323","607","38","968","1609","0","60.16","20.07"
"64","000","00","006","0617","1122","1052","374","678","51","1103","1736","0","63.54","21.54"
"64","000","00","006","0618","0000","719","231","488","26","745","1258","0","59.22","18.36"
"64","000","00","006","0618","1123","719","231","488","26","745","1258","0","59.22","18.36"
"64","000","00","006","0619","0000","650","259","391","42","692","1105","0","62.62","23.44"
"64","000","00","006","0619","1124","650","259","391","42","692","1105","0","62.62","23.44"
"64","000","00","006","0620","0000","495","152","343","43","538","851","0","63.22","17.86"
"64","000","00","006","0620","1125","495","152","343","43","538","851","0","63.22","17.86"
"64","000","00","006","0621","0000","609","207","402","35","644","1011","0","63.7","20.47"
"64","000","00","006","0621","1126","609","207","402","35","644","1011","0","63.7","20.47"
"64","000","00","006","0622","0000","1157","400","757","84","1241","1893","0","65.56","21.13"
"64","000","00","006","0622","1127","567","191","376","53","620","888","0","69.82","21.51"
"64","000","00","006","0622","1128","590","209","381","31","621","1005","0","61.79","20.8"
"64","000","00","006","0623","0000","1439","514","925","51","1490","2763","0","53.93","18.6"
"64","000","00","006","0623","1129","620","201","419","13","633","1375","0","46.04","14.62"
"64","000","00","006","0623","1130","819","313","506","38","857","1388","0","61.74","22.55"
"64","000","00","006","0624","0000","391","125","266","44","435","719","0","60.5","17.39"
"64","000","00","006","0624","1131","391","125","266","44","435","719","0","60.5","17.39"
"64","000","00","006","0625","0000","609","210","399","51","660","1077","0","61.28","19.5"
"64","000","00","006","0625","1132","609","210","399","51","660","1077","0","61.28","19.5"
"64","000","00","006","0626","0000","438","160","278","16","454","875","0","51.89","18.29"
"64","000","00","006","0626","1133","438","160","278","16","454","875","0","51.89","18.29"
"64","000","00","006","0627","0000","516","186","330","18","534","936","0","57.05","19.87"
"64","000","00","006","0627","1134","516","186","330","18","534","936","0","57.05","19.87"
"64","000","00","006","0628","0000","515","191","324","49","564","944","0","59.75","20.23"
"64","000","00","006","0628","1135","515","191","324","49","564","944","0","59.75","20.23"
"64","000","00","006","0629","0000","434","156","278","30","464","833","0","55.7","18.73"
"64","000","00","006","0629","1136","434","156","278","30","464","833","0","55.7","18.73"
"64","000","00","006","0630","0000","420","138","282","16","436","708","0","61.58","19.49"
"64","000","00","006","0630","1137","420","138","282","16","436","708","0","61.58","19.49"
"64","000","00","006","0631","0000","422","158","264","17","439","741","0","59.24","21.32"
"64","000","00","006","0631","1138","422","158","264","17","439","741","0","59.24","21.32"
"64","000","00","006","0632","0000","638","217","421","27","665","1235","0","53.85","17.57"
"64","000","00","006","0632","1139","638","217","421","27","665","1235","0","53.85","17.57"
"64","000","00","007","0000","0000","13865","4649","9216","685","14550","23928","26732","60.81","19.43"
"64","000","00","007","0701","0000","373","127","246","18","391","673","0","58.1","18.87"
"64","000","00","007","0701","1076","373","127","246","18","391","673","0","58.1","18.87"
"64","000","00","007","0702","0000","609","194","415","27","636","1022","0","62.23","18.98"
"64","000","00","007","0702","1077","609","194","415","27","636","1022","0","62.23","18.98"
"64","000","00","007","0703","0000","727","226","501","34","761","1324","0","57.48","17.07"
"64","000","00","007","0703","1078","727","226","501","34","761","1324","0","57.48","17.07"
"64","000","00","007","0704","0000","478","165","313","35","513","839","0","61.14","19.67"
"64","000","00","007","0704","1079","478","165","313","35","513","839","0","61.14","19.67"
"64","000","00","007","0705","0000","559","203","356","51","610","975","0","62.56","20.82"
"64","000","00","007","0705","1080","559","203","356","51","610","975","0","62.56","20.82"
"64","000","00","007","0706","0000","2051","703","1348","83","2134","3587","0","59.49","19.6"
"64","000","00","007","0706","1081","1024","358","666","48","1072","1806","0","59.36","19.82"
"64","000","00","007","0706","1082","1027","345","682","35","1062","1781","0","59.63","19.37"
"64","000","00","007","0707","0000","436","146","290","20","456","717","0","63.6","20.36"
"64","000","00","007","0707","1083","436","146","290","20","456","717","0","63.6","20.36"
"64","000","00","007","0708","0000","629","215","414","14","643","1097","0","58.61","19.6"
"64","000","00","007","0708","1084","629","215","414","14","643","1097","0","58.61","19.6"
"64","000","00","007","0709","0000","940","317","623","21","961","1633","0","58.85","19.41"
"64","000","00","007","0709","1085","940","317","623","21","961","1633","0","58.85","19.41"
"64","000","00","007","0710","0000","490","169","321","27","517","759","0","68.12","22.27"
"64","000","00","007","0710","1086","490","169","321","27","517","759","0","68.12","22.27"
"64","000","00","007","0711","0000","585","210","375","37","622","948","0","65.61","22.15"
"64","000","00","007","0711","1087","585","210","375","37","622","948","0","65.61","22.15"
"64","000","00","007","0712","0000","499","177","322","62","561","1009","0","55.6","17.54"
"64","000","00","007","0712","1088","499","177","322","62","561","1009","0","55.6","17.54"
"64","000","00","007","0713","0000","564","185","379","23","587","945","0","62.12","19.58"
"64","000","00","007","0713","1089","564","185","379","23","587","945","0","62.12","19.58"
"64","000","00","007","0714","0000","926","322","604","40","966","1529","0","63.18","21.06"
"64","000","00","007","0714","1090","458","165","293","15","473","772","0","61.27","21.37"
"64","000","00","007","0714","1091","468","157","311","25","493","757","0","65.13","20.74"
"64","000","00","007","0715","0000","642","211","431","28","670","1047","0","63.99","20.15"
"64","000","00","007","0715","1092","642","211","431","28","670","1047","0","63.99","20.15"
"64","000","00","007","0716","0000","588","178","410","39","627","985","0","63.65","18.07"
"64","000","00","007","0716","1093","588","178","410","39","627","985","0","63.65","18.07"
"64","000","00","007","0717","0000","922","295","627","27","949","1674","0","56.69","17.62"
"64","000","00","007","0717","1094","922","295","627","27","949","1674","0","56.69","17.62"
"64","000","00","007","0718","0000","612","192","420","29","641","1088","0","58.92","17.65"
"64","000","00","007","0718","1095","612","192","420","29","641","1088","0","58.92","17.65"
"64","000","00","007","0719","0000","559","187","372","45","604","893","0","67.64","20.94"
"64","000","00","007","0719","1096","559","187","372","45","604","893","0","67.64","20.94"
"64","000","00","007","0720","0000","676","227","449","25","701","1184","0","59.21","19.17"
"64","000","00","007","0720","1097","676","227","449","25","701","1184","0","59.21","19.17"
"64","000","00","008","0000","0000","85730","28522","57208","4100","89830","146786","169840","61.2","19.43"
"64","000","00","008","0801","0000","434","140","294","17","451","718","0","62.81","19.5"
"64","000","00","008","0801","1140","434","140","294","17","451","718","0","62.81","19.5"
"64","000","00","008","0802","0000","830","257","573","36","866","1492","0","58.04","17.23"
"64","000","00","008","0802","1141","830","257","573","36","866","1492","0","58.04","17.23"
"64","000","00","008","0803","0000","702","220","482","42","744","1210","0","61.49","18.18"
"64","000","00","008","0803","1142","702","220","482","42","744","1210","0","61.49","18.18"
"64","000","00","008","0804","0000","844","279","565","25","869","1617","0","53.74","17.25"
"64","000","00","008","0804","1143","844","279","565","25","869","1617","0","53.74","17.25"
"64","000","00","008","0805","0000","846","270","576","49","895","1428","0","62.68","18.91"
"64","000","00","008","0805","1144","846","270","576","49","895","1428","0","62.68","18.91"
"64","000","00","008","0806","0000","748","250","498","36","784","1444","0","54.29","17.31"
"64","000","00","008","0806","1145","748","250","498","36","784","1444","0","54.29","17.31"
"64","000","00","008","0807","0000","806","264","542","57","863","1452","0","59.44","18.18"
"64","000","00","008","0807","1146","806","264","542","57","863","1452","0","59.44","18.18"
"64","000","00","008","0808","0000","326","105","221","28","354","554","0","63.9","18.95"
"64","000","00","008","0808","1147","326","105","221","28","354","554","0","63.9","18.95"
"64","000","00","008","0809","0000","1067","335","732","32","1099","1928","0","57.0","17.38"
"64","000","00","008","0809","1148","538","164","374","15","553","950","0","58.21","17.26"
"64","000","00","008","0809","1149","529","171","358","17","546","978","0","55.83","17.48"
"64","000","00","008","0810","0000","1939","651","1288","87","2026","3718","0","54.49","17.51"
"64","000","00","008","0810","1150","871","269","602","37","908","1673","0","54.27","16.08"
"64","000","00","008","0810","1151","1068","382","686","50","1118","2045","0","54.67","18.68"
"64","000","00","008","0811","0000","547","165","382","48","595","939","0","63.37","17.57"
"64","000","00","008","0811","1152","547","165","382","48","595","939","0","63.37","17.57"
"64","000","00","008","0812","0000","670","244","426","38","708","1284","0","55.14","19.0"
"64","000","00","008","0812","1153","670","244","426","38","708","1284","0","55.14","19.0"
"64","000","00","008","0813","0000","998","356","642","44","1042","1746","0","59.68","20.39"
"64","000","00","008","0813","1154","540","174","366","25","565","908","0","62.22","19.16"
"64","000","00","008","0813","1155","458","182","276","19","477","838","0","56.92","21.72"
"64","000","00","008","0814","0000","751","252","499","36","787","1267","0","62.12","19.89"
"64","000","00","008","0814","1156","751","252","499","36","787","1267","0","62.12","19.89"
"64","000","00","008","0815","0000","1027","325","702","66","1093","1768","0","61.82","18.38"
"64","000","00","008","0815","1157","608","200","408","51","659","994","0","66.3","20.12"
"64","000","00","008","0815","1158","419","125","294","15","434","774","0","56.07","16.15"
"64","000","00","008","0816","0000","653","242","411","26","679","1121","0","60.57","21.59"
"64","000","00","008","0816","1159","653","242","411","26","679","1121","0","60.57","21.59"
"64","000","00","008","0817","0000","1723","565","1158","104","1827","2999","0","60.92","18.84"
"64","000","00","008","0817","1160","857","288","569","40","897","1474","0","60.85","19.54"
"64","000","00","008","0817","1161","866","277","589","64","930","1525","0","60.98","18.16"
"64","000","00","008","0818","0000","1296","449","847","65","1361","2161","0","62.98","20.78"
"64","000","00","008","0818","1162","676","227","449","27","703","1147","0","61.29","19.79"
"64","000","00","008","0818","1163","620","222","398","38","658","1014","0","64.89","21.89"
"64","000","00","008","0819","0000","1776","611","1165","97","1873","2995","0","62.54","20.4"
"64","000","00","008","0819","1164","872","322","550","46","918","1496","0","61.36","21.52"
"64","000","00","008","0819","1165","904","289","615","51","955","1499","0","63.71","19.28"
"64","000","00","008","0820","0000","1230","391","839","65","1295","1977","0","65.5","19.78"
"64","000","00","008","0820","1166","685","228","457","28","713","1138","0","62.65","20.04"
"64","000","00","008","0820","1167","545","163","382","37","582","839","0","69.37","19.43"
"64","000","00","008","0821","0000","710","235","475","33","743","2088","0","35.58","11.25"
"64","000","00","008","0821","1168","710","235","475","33","743","2088","0","35.58","11.25"
"64","000","00","008","0822","0000","1906","632","1274","66","1972","3271","0","60.29","19.32"
"64","000","00","008","0822","1169","992","342","650","23","1015","1648","0","61.59","20.75"
"64","000","00","008","0822","1170","914","290","624","43","957","1623","0","58.96","17.87"
"64","000","00","008","0823","0000","1219","402","817","45","1264","1932","0","65.42","20.81"
"64","000","00","008","0823","1171","1219","402","817","45","1264","1932","0","65.42","20.81"
"64","000","00","008","0824","0000","1563","517","1046","33","1596","2283","0","69.91","22.65"
"64","000","00","008","0824","1172","770","250","520","16","786","1127","0","69.74","22.18"
"64","000","00","008","0824","1173","793","267","526","17","810","1156","0","70.07","23.1"
"64","000","00","008","0825","0000","909","303","606","29","938","1465","0","64.03","20.68"
"64","000","00","008","0825","1174","909","303","606","29","938","1465","0","64.03","20.68"
"64","000","00","008","0826","0000","359","116","243","21","380","690","0","55.07","16.81"
"64","000","00","008","0826","1175","359","116","243","21","380","690","0","55.07","16.81"
"64","000","00","008","0827","0000","688","227","461","73","761","1283","0","59.31","17.69"
"64","000","00","008","0827","1176","688","227","461","73","761","1283","0","59.31","17.69"
"64","000","00","008","0828","0000","1605","516","1089","91","1696","2745","0","61.79","18.8"
"64","000","00","008","0828","1177","818","270","548","63","881","1432","0","61.52","18.85"
"64","000","00","008","0828","1178","787","246","541","28","815","1313","0","62.07","18.74"
"64","000","00","008","0829","0000","858","289","569","33","891","1579","0","56.43","18.3"
"64","000","00","008","0829","1179","858","289","569","33","891","1579","0","56.43","18.3"
"64","000","00","008","0830","0000","1687","528","1159","96","1783","2834","0","62.91","18.63"
"64","000","00","008","0830","1180","813","260","553","53","866","1385","0","62.53","18.77"
"64","000","00","008","0830","1181","874","268","606","43","917","1449","0","63.29","18.5"
"64","000","00","008","0831","0000","1133","390","743","36","1169","1834","0","63.74","21.26"
"64","000","00","008","0831","1182","1133","390","743","36","1169","1834","0","63.74","21.26"
"64","000","00","008","0832","0000","1758","604","1154","78","1836","2867","0","64.04","21.07"
"64","000","00","008","0832","1183","854","301","553","53","907","1436","0","63.16","20.96"
"64","000","00","008","0832","1184","904","303","601","25","929","1431","0","64.92","21.17"
"64","000","00","008","0833","0000","1700","689","1011","65","1765","2718","0","64.94","25.35"
"64","000","00","008","0833","1185","799","360","439","22","821","1248","0","65.79","28.85"
"64","000","00","008","0833","1186","901","329","572","43","944","1470","0","64.22","22.38"
"64","000","00","008","0834","0000","970","294","676","52","1022","1540","0","66.36","19.09"
"64","000","00","008","0834","1187","970","294","676","52","1022","1540","0","66.36","19.09"
"64","000","00","008","0835","0000","1405","478","927","39","1444","2213","0","65.25","21.6"
"64","000","00","008","0835","1188","862","293","569","21","883","1374","0","64.26","21.32"
"64","000","00","008","0835","1189","543","185","358","18","561","839","0","66.87","22.05"
"64","000","00","008","0836","0000","1363","443","920","40","1403","2084","0","67.32","21.26"
"64","000","00","008","0836","1190","686","242","444","23","709","1022","0","69.37","23.68"
"64","000","00","008","0836","1191","677","201","476","17","694","1062","0","65.35","18.93"
"64","000","00","008","0837","0000","1386","478","908","29","1415","2195","0","64.46","21.78"
"64","000","00","008","0837","1192","675","252","423","11","686","1078","0","63.64","23.38"
"64","000","00","008","0837","1193","711","226","485","18","729","1117","0","65.26","20.23"
"64","000","00","008","0838","0000","905","270","635","45","950","1516","0","62.66","17.81"
"64","000","00","008","0838","1194","905","270","635","45","950","1516","0","62.66","17.81"
"64","000","00","008","0839","0000","784","297","487","107","891","1440","0","61.88","20.63"
"64","000","00","008","0839","1195","784","297","487","107","891","1440","0","61.88","20.63"
"64","000","00","008","0840","0000","971","320","651","65","1036","1727","0","59.99","18.53"
"64","000","00","008","0840","1196","475","167","308","43","518","839","0","61.74","19.9"
"64","000","00","008","0840","1197","496","153","343","22","518","888","0","58.33","17.23"
"64","000","00","008","0841","0000","1367","486","881","67","1434","2105","0","68.12","23.09"
"64","000","00","008","0841","1198","694","257","437","29","723","1101","0","65.67","23.34"
"64","000","00","008","0841","1199","673","229","444","38","711","1004","0","70.82","22.81"
"64","000","00","008","0842","0000","2308","753","1555","102","2410","3779","0","63.77","19.93"
"64","000","00","008","0842","1200","847","256","591","43","890","1427","0","62.37","17.94"
"64","000","00","008","0842","1201","696","221","475","24","720","1168","0","61.64","18.92"
"64","000","00","008","0842","1202","765","276","489","35","800","1184","0","67.57","23.31"
"64","000","00","008","0843","0000","1062","356","706","35","1097","1823","0","60.18","19.53"
"64","000","00","008","0843","1203","603","203","400","26","629","974","0","64.58","20.84"
"64","000","00","008","0843","1204","459","153","306","9","468","849","0","55.12","18.02"
"64","000","00","008","0844","0000","1080","545","535","40","1120","1821","0","61.5","29.93"
"64","000","00","008","0844","1205","1080","545","535","40","1120","1821","0","61.5","29.93"
"64","000","00","008","0845","0000","2311","815","1496","102","2413","3906","0","61.78","20.87"
"64","000","00","008","0845","1206","739","267","472","45","784","1306","0","60.03","20.44"
"64","000","00","008","0845","1207","750","260","490","18","768","1185","0","64.81","21.94"
"64","000","00","008","0845","1208","822","288","534","39","861","1415","0","60.85","20.35"
"64","000","00","008","0846","0000","1152","396","756","83","1235","1926","0","64.12","20.56"
"64","000","00","008","0846","1209","604","225","379","38","642","962","0","66.74","23.39"
"64","000","00","008","0846","1210","548","171","377","45","593","964","0","61.51","17.74"
"64","000","00","008","0847","0000","910","315","595","29","939","1524","0","61.61","20.67"
"64","000","00","008","0847","1211","910","315","595","29","939","1524","0","61.61","20.67"
"64","000","00","008","0848","0000","880","236","644","23","903","1455","0","62.06","16.22"
"64","000","00","008","0848","1212","880","236","644","23","903","1455","0","62.06","16.22"
"64","000","00","008","0849","0000","1363","490","873","59","1422","2528","0","56.25","19.38"
"64","000","00","008","0849","1213","659","223","436","38","697","1272","0","54.8","17.53"
"64","000","00","008","0849","1214","704","267","437","21","725","1256","0","57.72","21.26"
"64","000","00","008","0850","0000","673","191","482","26","699","1203","0","58.1","15.88"
"64","000","00","008","0850","1215","673","191","482","26","699","1203","0","58.1","15.88"
"64","000","00","008","0851","0000","648","184","464","28","676","1062","0","63.65","17.33"
"64","000","00","008","0851","1216","648","184","464","28","676","1062","0","63.65","17.33"
"64","000","00","008","0852","0000","1144","398","746","129","1273","1860","0","68.44","21.4"
"64","000","00","008","0852","1217","518","180","338","60","578","850","0","68.0","21.18"
"64","000","00","008","0852","1218","626","218","408","69","695","1010","0","68.81","21.58"
"64","000","00","008","0853","0000","1107","386","721","60","1167","2055","0","56.79","18.78"
"64","000","00","008","0853","1219","633","194","439","23","656","1118","0","58.68","17.35"
"64","000","00","008","0853","1220","474","192","282","37","511","937","0","54.54","20.49"
"64","000","00","008","0854","0000","1503","486","1017","44","1547","2676","0","57.81","18.16"
"64","000","00","008","0854","1221","773","232","541","23","796","1493","0","53.32","15.54"
"64","000","00","008","0854","1222","730","254","476","21","751","1183","0","63.48","21.47"
"64","000","00","008","0855","0000","1465","476","989","73","1538","2680","0","57.39","17.76"
"64","000","00","008","0855","1223","692","227","465","23","715","1318","0","54.25","17.22"
"64","000","00","008","0855","1224","773","249","524","50","823","1362","0","60.43","18.28"
"64","000","00","008","0856","0000","1478","467","1011","90","1568","2583","0","60.7","18.08"
"64","000","00","008","0856","1225","633","202","431","50","683","1102","0","61.98","18.33"
"64","000","00","008","0856","1226","845","265","580","40","885","1481","0","59.76","17.89"
"64","000","00","008","0857","0000","1023","332","691","56","1079","1786","0","60.41","18.59"
"64","000","00","008","0857","1227","546","179","367","38","584","878","0","66.51","20.39"
"64","000","00","008","0857","1228","477","153","324","18","495","908","0","54.52","16.85"
"64","000","00","008","0858","0000","1248","412","836","83","1331","2147","0","61.99","19.19"
"64","000","00","008","0858","1229","646","227","419","54","700","1056","0","66.29","21.5"
"64","000","00","008","0858","1230","602","185","417","29","631","1091","0","57.84","16.96"
"64","000","00","008","0859","0000","1284","441","843","50","1334","2039","0","65.42","21.63"
"64","000","00","008","0859","1231","594","206","388","23","617","976","0","63.22","21.11"
"64","000","00","008","0859","1232","690","235","455","27","717","1063","0","67.45","22.11"
"64","000","00","008","0860","0000","1658","602","1056","80","1738","2774","0","62.65","21.7"
"64","000","00","008","0860","1233","894","332","562","45","939","1484","0","63.27","22.37"
"64","000","00","008","0860","1234","764","270","494","35","799","1290","0","61.94","20.93"
"64","000","00","008","0861","0000","2901","942","1959","117","3018","4982","0","60.58","18.91"
"64","000","00","008","0861","1235","1024","329","695","53","1077","1740","0","61.9","18.91"
"64","000","00","008","0861","1236","931","273","658","43","974","1594","0","61.1","17.13"
"64","000","00","008","0861","1237","946","340","606","21","967","1648","0","58.68","20.63"
"64","000","00","008","0862","0000","2238","674","1564","102","2340","3730","0","62.73","18.07"
"64","000","00","008","0862","1238","770","228","542","42","812","1236","0","65.7","18.45"
"64","000","00","008","0862","1239","711","220","491","40","751","1211","0","62.01","18.17"
"64","000","00","008","0862","1240","757","226","531","20","777","1283","0","60.56","17.61"
"64","000","00","008","0863","0000","2109","648","1461","117","2226","3522","0","63.2","18.4"
"64","000","00","008","0863","1241","1080","332","748","68","1148","1804","0","63.64","18.4"
"64","000","00","008","0863","1242","1029","316","713","49","1078","1718","0","62.75","18.39"
"64","000","00","008","0864","0000","2393","695","1698","114","2507","4053","0","61.86","17.15"
"64","000","00","008","0864","1243","788","269","519","33","821","1297","0","63.3","20.74"
"64","000","00","008","0864","1244","837","200","637","55","892","1449","0","61.56","13.8"
"64","000","00","008","0864","1245","768","226","542","26","794","1307","0","60.75","17.29"
"64","000","00","008","0865","0000","1464","530","934","108","1572","2434","0","64.59","21.77"
"64","000","00","008","0865","1246","706","250","456","47","753","1184","0","63.6","21.11"
"64","000","00","008","0865","1247","758","280","478","61","819","1250","0","65.52","22.4"
"64","000","00","008","0866","0000","1471","454","1017","47","1518","2531","0","59.98","17.94"
"64","000","00","008","0866","1248","712","234","478","27","739","1248","0","59.21","18.75"
"64","000","00","008","0866","1249","759","220","539","20","779","1283","0","60.72","17.15"
"64","000","00","008","0867","0000","2211","684","1527","73","2284","3718","0","61.43","18.4"
"64","000","00","008","0867","1250","678","190","488","25","703","1121","0","62.71","16.95"
"64","000","00","008","0867","1251","746","228","518","21","767","1258","0","60.97","18.12"
"64","000","00","008","0867","1252","787","266","521","27","814","1339","0","60.79","19.87"
"64","000","00","008","0868","0000","1107","344","763","49","1156","1986","0","58.21","17.32"
"64","000","00","008","0868","1253","1107","344","763","49","1156","1986","0","58.21","17.32"
"64","000","00","008","0869","0000","1080","385","695","40","1120","1976","0","56.68","19.48"
"64","000","00","008","0869","1254","500","183","317","27","527","1028","0","51.26","17.8"
"64","000","00","008","0869","1255","580","202","378","13","593","948","0","62.55","21.31"
"64","000","00","009","0000","0000","89684","29186","60498","5513","95197","161797","188516","58.84","18.04"
"64","000","00","009","0901","0000","4509","1462","3047","312","4821","9323","0","51.71","15.68"
"64","000","00","009","0901","1484","906","279","627","98","1004","1809","0","55.5","15.42"
"64","000","00","009","0901","1485","943","289","654","60","1003","1835","0","54.66","15.75"
"64","000","00","009","0901","1486","794","291","503","50","844","1890","0","44.66","15.4"
"64","000","00","009","0901","1487","964","324","640","53","1017","2013","0","50.52","16.1"
"64","000","00","009","0901","1488","902","279","623","51","953","1776","0","53.66","15.71"
"64","000","00","009","0902","0000","1131","408","723","132","1263","2377","0","53.13","17.16"
"64","000","00","009","0902","1489","771","279","492","71","842","1705","0","49.38","16.36"
"64","000","00","009","0902","1490","360","129","231","61","421","672","0","62.65","19.2"
"64","000","00","009","0903","0000","2514","908","1606","258","2772","5013","0","55.3","18.11"
"64","000","00","009","0903","1491","775","251","524","80","855","1726","0","49.54","14.54"
"64","000","00","009","0903","1492","805","305","500","104","909","1597","0","56.92","19.1"
"64","000","00","009","0903","1493","934","352","582","74","1008","1690","0","59.64","20.83"
"64","000","00","009","0904","0000","1354","398","956","111","1465","2239","0","65.43","17.78"
"64","000","00","009","0904","1494","638","180","458","54","692","1080","0","64.07","16.67"
"64","000","00","009","0904","1495","716","218","498","57","773","1159","0","66.7","18.81"
"64","000","00","009","0905","0000","682","219","463","59","741","1314","0","56.39","16.67"
"64","000","00","009","0905","1496","682","219","463","59","741","1314","0","56.39","16.67"
"64","000","00","009","0906","0000","1076","342","734","86","1162","1898","0","61.22","18.02"
"64","000","00","009","0906","1497","523","159","364","42","565","896","0","63.06","17.75"
"64","000","00","009","0906","1498","553","183","370","44","597","1002","0","59.58","18.26"
"64","000","00","009","0907","0000","993","339","654","83","1076","2765","0","38.92","12.26"
"64","000","00","009","0907","1499","993","339","654","83","1076","2765","0","38.92","12.26"
"64","000","00","009","0908","0000","428","98","330","57","485","600","0","80.83","16.33"
"64","000","00","009","0908","1500","428","98","330","57","485","600","0","80.83","16.33"
"64","000","00","009","0909","0000","524","187","337","33","557","1466","0","37.99","12.76"
"64","000","00","009","0909","1501","524","187","337","33","557","1466","0","37.99","12.76"
"64","000","00","009","0910","0000","761","239","522","51","812","1449","0","56.04","16.49"
"64","000","00","009","0910","1502","761","239","522","51","812","1449","0","56.04","16.49"
"64","000","00","009","0911","0000","1206","359","847","120","1326","2239","0","59.22","16.03"
"64","000","00","009","0911","1503","512","151","361","48","560","991","0","56.51","15.24"
"64","000","00","009","0911","1504","694","208","486","72","766","1248","0","61.38","16.67"
"64","000","00","009","0912","0000","594","204","390","92","686","1066","0","64.35","19.14"
"64","000","00","009","0912","1505","594","204","390","92","686","1066","0","64.35","19.14"
"64","000","00","009","0913","0000","372","132","240","27","399","706","0","56.52","18.7"
"64","000","00","009","0913","1506","372","132","240","27","399","706","0","56.52","18.7"
"64","000","00","009","0914","0000","365","101","264","27","392","713","0","54.98","14.17"
"64","000","00","009","0914","1507","365","101","264","27","392","713","0","54.98","14.17"
"64","000","00","009","0915","0000","693","244","449","35","728","1344","0","54.17","18.15"
"64","000","00","009","0915","1508","693","244","449","35","728","1344","0","54.17","18.15"
"64","000","00","009","0916","0000","922","310","612","93","1015","1729","0","58.7","17.93"
"64","000","00","009","0916","1509","482","154","328","46","528","856","0","61.68","17.99"
"64","000","00","009","0916","1510","440","156","284","47","487","873","0","55.78","17.87"
"64","000","00","009","0917","0000","1124","386","738","56","1180","2226","0","53.01","17.34"
"64","000","00","009","0917","1511","557","176","381","43","600","1114","0","53.86","15.8"
"64","000","00","009","0917","1512","567","210","357","13","580","1112","0","52.16","18.88"
"64","000","00","009","0918","0000","1029","357","672","91","1120","1984","0","56.45","17.99"
"64","000","00","009","0918","1513","543","191","352","58","601","1044","0","57.57","18.3"
"64","000","00","009","0918","1514","486","166","320","33","519","940","0","55.21","17.66"
"64","000","00","009","0919","0000","2304","797","1507","154","2458","4064","0","60.48","19.61"
"64","000","00","009","0919","1515","643","202","441","70","713","1342","0","53.13","15.05"
"64","000","00","009","0919","1516","883","317","566","48","931","1402","0","66.41","22.61"
"64","000","00","009","0919","1517","778","278","500","36","814","1320","0","61.67","21.06"
"64","000","00","009","0920","0000","537","178","359","42","579","958","0","60.44","18.58"
"64","000","00","009","0920","1518","537","178","359","42","579","958","0","60.44","18.58"
"64","000","00","009","0921","0000","1691","557","1134","105","1796","2735","0","65.67","20.37"
"64","000","00","009","0921","1519","837","269","568","40","877","1276","0","68.73","21.08"
"64","000","00","009","0921","1520","854","288","566","65","919","1459","0","62.99","19.74"
"64","000","00","009","0922","0000","380","131","249","11","391","761","0","51.38","17.21"
"64","000","00","009","0922","1521","380","131","249","11","391","761","0","51.38","17.21"
"64","000","00","009","0923","0000","591","204","387","18","609","1093","0","55.72","18.66"
"64","000","00","009","0923","1522","591","204","387","18","609","1093","0","55.72","18.66"
"64","000","00","009","0924","0000","2845","765","2080","81","2926","4899","0","59.73","15.62"
"64","000","00","009","0924","1523","936","221","715","30","966","1521","0","63.51","14.53"
"64","000","00","009","0924","1524","951","242","709","21","972","1557","0","62.43","15.54"
"64","000","00","009","0924","1525","958","302","656","30","988","1821","0","54.26","16.58"
"64","000","00","009","0925","0000","1378","324","1054","39","1417","2112","0","67.09","15.34"
"64","000","00","009","0925","1526","710","150","560","27","737","1066","0","69.14","14.07"
"64","000","00","009","0925","1527","668","174","494","12","680","1046","0","65.01","16.63"
"64","000","00","009","0928","0000","1957","632","1325","109","2066","3432","0","60.2","18.41"
"64","000","00","009","0928","1528","962","323","639","40","1002","1709","0","58.63","18.9"
"64","000","00","009","0928","1529","995","309","686","69","1064","1723","0","61.75","17.93"
"64","000","00","009","0929","0000","2532","852","1680","104","2636","3994","0","66.0","21.33"
"64","000","00","009","0929","1530","758","260","498","33","791","1202","0","65.81","21.63"
"64","000","00","009","0929","1531","831","291","540","34","865","1279","0","67.63","22.75"
"64","000","00","009","0929","1532","943","301","642","37","980","1513","0","64.77","19.89"
"64","000","00","009","0930","0000","737","231","506","16","753","1260","0","59.76","18.33"
"64","000","00","009","0930","1533","737","231","506","16","753","1260","0","59.76","18.33"
"64","000","00","009","0931","0000","1417","486","931","105","1522","2279","0","66.78","21.33"
"64","000","00","009","0931","1534","684","226","458","72","756","1139","0","66.37","19.84"
"64","000","00","009","0931","1535","733","260","473","33","766","1140","0","67.19","22.81"
"64","000","00","009","0932","0000","1712","558","1154","99","1811","2821","0","64.2","19.78"
"64","000","00","009","0932","1536","895","295","600","68","963","1462","0","65.87","20.18"
"64","000","00","009","0932","1537","817","263","554","31","848","1359","0","62.4","19.35"
"64","000","00","009","0933","0000","1025","344","681","56","1081","2037","0","53.07","16.89"
"64","000","00","009","0933","1538","1025","344","681","56","1081","2037","0","53.07","16.89"
"64","000","00","009","0934","0000","1538","507","1031","31","1569","2717","0","57.75","18.66"
"64","000","00","009","0934","1539","789","264","525","14","803","1410","0","56.95","18.72"
"64","000","00","009","0934","1540","749","243","506","17","766","1307","0","58.61","18.59"
"64","000","00","009","0935","0000","1671","563","1108","131","1802","3003","0","60.01","18.75"
"64","000","00","009","0935","1541","815","264","551","71","886","1512","0","58.6","17.46"
"64","000","00","009","0935","1542","856","299","557","60","916","1491","0","61.44","20.05"
"64","000","00","009","0936","0000","1661","539","1122","108","1769","3143","0","56.28","17.15"
"64","000","00","009","0936","1543","896","277","619","59","955","1621","0","58.91","17.09"
"64","000","00","009","0936","1544","765","262","503","49","814","1522","0","53.48","17.21"
"64","000","00","009","0937","0000","3094","1061","2033","188","3282","5348","0","61.37","19.84"
"64","000","00","009","0937","1545","911","300","611","51","962","1593","0","60.39","18.83"
"64","000","00","009","0937","1546","1091","379","712","67","1158","1885","0","61.43","20.11"
"64","000","00","009","0937","1547","1092","382","710","70","1162","1870","0","62.14","20.43"
"64","000","00","009","0938","0000","1605","522","1083","76","1681","2736","0","61.44","19.08"
"64","000","00","009","0938","1548","827","278","549","23","850","1388","0","61.24","20.03"
"64","000","00","009","0938","1549","778","244","534","53","831","1348","0","61.65","18.1"
"64","000","00","009","0939","0000","1541","485","1056","122","1663","2705","0","61.48","17.93"
"64","000","00","009","0939","1550","691","198","493","89","780","1341","0","58.17","14.77"
"64","000","00","009","0939","1551","850","287","563","33","883","1364","0","64.74","21.04"
"64","000","00","009","0940","0000","1490","496","994","128","1618","2693","0","60.08","18.42"
"64","000","00","009","0940","1552","777","265","512","58","835","1367","0","61.08","19.39"
"64","000","00","009","0940","1553","713","231","482","70","783","1326","0","59.05","17.42"
"64","000","00","009","0941","0000","1263","426","837","53","1316","2178","0","60.42","19.56"
"64","000","00","009","0941","1554","587","202","385","33","620","1059","0","58.55","19.07"
"64","000","00","009","0941","1555","676","224","452","20","696","1119","0","62.2","20.02"
"64","000","00","009","0942","0000","3846","1332","2514","143","3989","6642","0","60.06","20.05"
"64","000","00","009","0942","1556","848","306","542","32","880","1565","0","56.23","19.55"
"64","000","00","009","0942","1557","850","288","562","65","915","1549","0","59.07","18.59"
"64","000","00","009","0942","1558","1078","376","702","19","1097","1691","0","64.87","22.24"
"64","000","00","009","0942","1559","1070","362","708","27","1097","1837","0","59.72","19.71"
"64","000","00","009","0943","0000","1339","435","904","64","1403","2218","0","63.26","19.61"
"64","000","00","009","0943","1560","674","208","466","15","689","1092","0","63.1","19.05"
"64","000","00","009","0943","1561","665","227","438","49","714","1126","0","63.41","20.16"
"64","000","00","009","0944","0000","2450","808","1642","119","2569","4106","0","62.57","19.68"
"64","000","00","009","0944","1562","643","208","435","64","707","1215","0","58.19","17.12"
"64","000","00","009","0944","1563","837","296","541","39","876","1443","0","60.71","20.51"
"64","000","00","009","0944","1564","970","304","666","16","986","1448","0","68.09","20.99"
"64","000","00","009","0945","0000","1800","572","1228","120","1920","3251","0","59.06","17.59"
"64","000","00","009","0945","1565","954","319","635","60","1014","1648","0","61.53","19.36"
"64","000","00","009","0945","1566","846","253","593","60","906","1603","0","56.52","15.78"
"64","000","00","009","0946","0000","787","285","502","30","817","1596","0","51.19","17.86"
"64","000","00","009","0946","1567","787","285","502","30","817","1596","0","51.19","17.86"
"64","000","00","009","0947","0000","2488","783","1705","175","2663","4607","0","57.8","17.0"
"64","000","00","009","0947","1568","745","207","538","27","772","1450","0","53.24","14.28"
"64","000","00","009","0947","1569","769","253","516","81","850","1510","0","56.29","16.75"
"64","000","00","009","0947","1570","974","323","651","67","1041","1647","0","63.21","19.61"
"64","000","00","009","0948","0000","1442","469","973","98","1540","2726","0","56.49","17.2"
"64","000","00","009","0948","1571","726","220","506","57","783","1342","0","58.35","16.39"
"64","000","00","009","0948","1572","716","249","467","41","757","1384","0","54.7","17.99"
"64","000","00","009","0949","0000","2615","845","1770","115","2730","4620","0","59.09","18.29"
"64","000","00","009","0949","1573","792","261","531","53","845","1479","0","57.13","17.65"
"64","000","00","009","0949","1574","884","212","672","27","911","1546","0","58.93","13.71"
"64","000","00","009","0949","1575","939","372","567","35","974","1595","0","61.07","23.32"
"64","000","00","009","0950","0000","1258","390","868","72","1330","2283","0","58.26","17.08"
"64","000","00","009","0950","1576","698","207","491","50","748","1201","0","62.28","17.24"
"64","000","00","009","0950","1577","560","183","377","22","582","1082","0","53.79","16.91"
"64","000","00","009","0951","0000","1030","328","702","102","1132","1928","0","58.71","17.01"
"64","000","00","009","0951","1578","517","161","356","31","548","996","0","55.02","16.16"
"64","000","00","009","0951","1579","513","167","346","71","584","932","0","62.66","17.92"
"64","000","00","009","0952","0000","2134","733","1401","92","2226","3574","0","62.28","20.51"
"64","000","00","009","0952","1580","657","208","449","42","699","1146","0","60.99","18.15"
"64","000","00","009","0952","1581","645","232","413","28","673","1096","0","61.41","21.17"
"64","000","00","009","0952","1582","832","293","539","22","854","1332","0","64.11","22.0"
"64","000","00","009","0953","0000","1997","695","1302","134","2131","3477","0","61.29","19.99"
"64","000","00","009","0953","1583","670","238","432","32","702","1175","0","59.74","20.26"
"64","000","00","009","0953","1584","558","182","376","46","604","986","0","61.26","18.46"
"64","000","00","009","0953","1585","769","275","494","56","825","1316","0","62.69","20.9"
"64","000","00","009","0954","0000","1712","567","1145","122","1834","3181","0","57.65","17.82"
"64","000","00","009","0954","1586","775","263","512","58","833","1559","0","53.43","16.87"
"64","000","00","009","0954","1587","937","304","633","64","1001","1622","0","61.71","18.74"
"64","000","00","009","0955","0000","1492","481","1011","87","1579","2609","0","60.52","18.44"
"64","000","00","009","0955","1588","733","227","506","27","760","1310","0","58.02","17.33"
"64","000","00","009","0955","1589","759","254","505","60","819","1299","0","63.05","19.55"
"64","000","00","009","0956","0000","1495","458","1037","82","1577","2566","0","61.46","17.85"
"64","000","00","009","0956","1590","743","223","520","54","797","1191","0","66.92","18.72"
"64","000","00","009","0956","1591","752","235","517","28","780","1375","0","56.73","17.09"
"64","000","00","009","0957","0000","1413","475","938","50","1463","2513","0","58.22","18.9"
"64","000","00","009","0957","1592","761","241","520","28","789","1338","0","58.97","18.01"
"64","000","00","009","0957","1593","652","234","418","22","674","1175","0","57.36","19.91"
"64","000","00","009","0958","0000","1556","383","1173","78","1634","2544","0","64.23","15.06"
"64","000","00","009","0958","1594","825","247","578","28","853","1357","0","62.86","18.2"
"64","000","00","009","0958","1595","731","136","595","50","781","1187","0","65.8","11.46"
"64","000","00","009","0959","0000","1370","343","1027","97","1467","2383","0","61.56","14.39"
"64","000","00","009","0959","1596","654","189","465","35","689","1164","0","59.19","16.24"
"64","000","00","009","0959","1597","716","154","562","62","778","1219","0","63.82","12.63"
"64","000","00","009","0960","0000","2501","887","1614","128","2629","4454","0","59.03","19.91"
"64","000","00","009","0960","1598","784","267","517","16","800","1428","0","56.02","18.7"
"64","000","00","009","0960","1599","806","272","534","75","881","1495","0","58.93","18.19"
"64","000","00","009","0960","1600","911","348","563","37","948","1531","0","61.92","22.73"
"64","000","00","009","0961","0000","1713","566","1147","106","1819","3100","0","58.68","18.26"
"64","000","00","009","0961","1601","857","308","549","48","905","1509","0","59.97","20.41"
"64","000","00","009","0961","1602","856","258","598","58","914","1591","0","57.45","16.22"
"64","000","00","010","0000","0000","12012","3934","8078","969","12981","24860","28533","52.22","15.82"
"64","000","00","010","1001","0000","660","246","414","85","745","1177","0","63.3","20.9"
"64","000","00","010","1001","0869","660","246","414","85","745","1177","0","63.3","20.9"
"64","000","00","010","1002","0000","537","153","384","47","584","1109","0","52.66","13.8"
"64","000","00","010","1002","0870","537","153","384","47","584","1109","0","52.66","13.8"
"64","000","00","010","1003","0000","766","279","487","23","789","1642","0","48.05","16.99"
"64","000","00","010","1003","0871","766","279","487","23","789","1642","0","48.05","16.99"
"64","000","00","010","1004","0000","1113","388","725","118","1231","2321","0","53.04","16.72"
"64","000","00","010","1004","0872","598","190","408","73","671","1209","0","55.5","15.72"
"64","000","00","010","1004","0873","515","198","317","45","560","1112","0","50.36","17.81"
"64","000","00","010","1005","0000","1433","458","975","106","1539","2943","0","52.29","15.56"
"64","000","00","010","1005","0874","791","267","524","75","866","1483","0","58.4","18.0"
"64","000","00","010","1005","0875","642","191","451","31","673","1460","0","46.1","13.08"
"64","000","00","010","1006","0000","830","300","530","115","945","1572","0","60.11","19.08"
"64","000","00","010","1006","0876","830","300","530","115","945","1572","0","60.11","19.08"
"64","000","00","010","1007","0000","650","209","441","30","680","1384","0","49.13","15.1"
"64","000","00","010","1007","0877","650","209","441","30","680","1384","0","49.13","15.1"
"64","000","00","010","1008","0000","1240","386","854","77","1317","2629","0","50.1","14.68"
"64","000","00","010","1008","0878","660","194","466","33","693","1390","0","49.86","13.96"
"64","000","00","010","1008","0879","580","192","388","44","624","1239","0","50.36","15.5"
"64","000","00","010","1009","0000","991","241","750","99","1090","2045","0","53.3","11.78"
"64","000","00","010","1009","0880","991","241","750","99","1090","2045","0","53.3","11.78"
"64","000","00","010","1010","0000","1332","419","913","104","1436","2759","0","52.05","15.19"
"64","000","00","010","1010","0881","435","127","308","22","457","893","0","51.18","14.22"
"64","000","00","010","1010","0882","897","292","605","82","979","1866","0","52.47","15.65"
"64","000","00","010","1011","0000","779","270","509","43","822","1874","0","43.86","14.41"
"64","000","00","010","1011","0883","779","270","509","43","822","1874","0","43.86","14.41"
"64","000","00","010","1012","0000","402","128","274","58","460","893","0","51.51","14.33"
"64","000","00","010","1012","0884","402","128","274","58","460","893","0","51.51","14.33"
"64","000","00","010","1013","0000","1279","457","822","64","1343","2512","0","53.46","18.19"
"64","000","00","010","1013","0885","656","240","416","32","688","1215","0","56.63","19.75"
"64","000","00","010","1013","0886","623","217","406","32","655","1297","0","50.5","16.73"
"64","000","00","011","0000","0000","74083","24368","49715","3952","78035","132733","157685","58.79","18.36"
"64","000","00","011","1101","0000","1394","432","962","78","1472","2279","0","64.59","18.96"
"64","000","00","011","1101","1603","706","228","478","24","730","1108","0","65.88","20.58"
"64","000","00","011","1101","1604","688","204","484","54","742","1171","0","63.36","17.42"
"64","000","00","011","1102","0000","1848","609","1239","39","1887","3225","0","58.51","18.88"
"64","000","00","011","1102","1605","973","356","617","16","989","1557","0","63.52","22.86"
"64","000","00","011","1102","1606","875","253","622","23","898","1668","0","53.84","15.17"
"64","000","00","011","1103","0000","1540","470","1070","51","1591","2555","0","62.27","18.4"
"64","000","00","011","1103","1607","728","215","513","21","749","1183","0","63.31","18.17"
"64","000","00","011","1103","1608","812","255","557","30","842","1372","0","61.37","18.59"
"64","000","00","011","1104","0000","1007","304","703","56","1063","1737","0","61.2","17.5"
"64","000","00","011","1104","1609","1007","304","703","56","1063","1737","0","61.2","17.5"
"64","000","00","011","1105","0000","1649","530","1119","120","1769","3144","0","56.27","16.86"
"64","000","00","011","1105","1610","842","297","545","64","906","1586","0","57.12","18.73"
"64","000","00","011","1105","1611","807","233","574","56","863","1558","0","55.39","14.96"
"64","000","00","011","1106","0000","1540","505","1035","99","1639","2533","0","64.71","19.94"
"64","000","00","011","1106","1612","800","262","538","59","859","1284","0","66.9","20.4"
"64","000","00","011","1106","1613","740","243","497","40","780","1249","0","62.45","19.46"
"64","000","00","011","1107","0000","1035","370","665","82","1117","2400","0","46.54","15.42"
"64","000","00","011","1107","1614","1035","370","665","82","1117","2400","0","46.54","15.42"
"64","000","00","011","1108","0000","1302","415","887","60","1362","2260","0","60.27","18.36"
"64","000","00","011","1108","1615","702","225","477","32","734","1181","0","62.15","19.05"
"64","000","00","011","1108","1616","600","190","410","28","628","1079","0","58.2","17.61"
"64","000","00","011","1109","0000","1464","506","958","93","1557","2576","0","60.44","19.64"
"64","000","00","011","1109","1617","744","276","468","45","789","1335","0","59.1","20.67"
"64","000","00","011","1109","1618","720","230","490","48","768","1241","0","61.89","18.53"
"64","000","00","011","1110","0000","3282","1035","2247","160","3442","5796","0","59.39","17.86"
"64","000","00","011","1110","1619","836","256","580","45","881","1513","0","58.23","16.92"
"64","000","00","011","1110","1620","793","229","564","50","843","1349","0","62.49","16.98"
"64","000","00","011","1110","1621","814","252","562","41","855","1483","0","57.65","16.99"
"64","000","00","011","1110","1622","839","298","541","24","863","1451","0","59.48","20.54"
"64","000","00","011","1111","0000","1442","473","969","83","1525","2503","0","60.93","18.9"
"64","000","00","011","1111","1623","654","212","442","26","680","1241","0","54.79","17.08"
"64","000","00","011","1111","1624","788","261","527","57","845","1262","0","66.96","20.68"
"64","000","00","011","1112","0000","1969","627","1342","102","2071","3690","0","56.12","16.99"
"64","000","00","011","1112","1625","1043","315","728","65","1108","1813","0","61.11","17.37"
"64","000","00","011","1112","1626","926","312","614","37","963","1877","0","51.31","16.62"
"64","000","00","011","1113","0000","1644","528","1116","61","1705","2844","0","59.95","18.57"
"64","000","00","011","1113","1627","778","248","530","26","804","1391","0","57.8","17.83"
"64","000","00","011","1113","1628","866","280","586","35","901","1453","0","62.01","19.27"
"64","000","00","011","1114","0000","2332","719","1613","117","2449","4056","0","60.38","17.73"
"64","000","00","011","1114","1629","785","246","539","32","817","1374","0","59.46","17.9"
"64","000","00","011","1114","1630","756","236","520","39","795","1348","0","58.98","17.51"
"64","000","00","011","1114","1631","791","237","554","46","837","1334","0","62.74","17.77"
"64","000","00","011","1115","0000","2479","875","1604","98","2577","4369","0","58.98","20.03"
"64","000","00","011","1115","1632","812","290","522","27","839","1433","0","58.55","20.24"
"64","000","00","011","1115","1633","760","279","481","18","778","1448","0","53.73","19.27"
"64","000","00","011","1115","1634","907","306","601","53","960","1488","0","64.52","20.56"
"64","000","00","011","1116","0000","1608","506","1102","88","1696","2584","0","65.63","19.58"
"64","000","00","011","1116","1635","750","231","519","50","800","1278","0","62.6","18.08"
"64","000","00","011","1116","1636","858","275","583","38","896","1306","0","68.61","21.06"
"64","000","00","011","1117","0000","1922","594","1328","131","2053","3265","0","62.88","18.19"
"64","000","00","011","1117","1637","932","290","642","68","1000","1625","0","61.54","17.85"
"64","000","00","011","1117","1638","990","304","686","63","1053","1640","0","64.21","18.54"
"64","000","00","011","1118","0000","1586","483","1103","101","1687","2944","0","57.3","16.41"
"64","000","00","011","1118","1639","840","243","597","46","886","1506","0","58.83","16.14"
"64","000","00","011","1118","1640","746","240","506","55","801","1438","0","55.7","16.69"
"64","000","00","011","1119","0000","1346","418","928","54","1400","2272","0","61.62","18.4"
"64","000","00","011","1119","1641","711","229","482","32","743","1105","0","67.24","20.72"
"64","000","00","011","1119","1642","635","189","446","22","657","1167","0","56.3","16.2"
"64","000","00","011","1120","0000","2419","766","1653","111","2530","4039","0","62.64","18.97"
"64","000","00","011","1120","1643","861","261","600","31","892","1420","0","62.82","18.38"
"64","000","00","011","1120","1644","859","284","575","51","910","1380","0","65.94","20.58"
"64","000","00","011","1120","1645","699","221","478","29","728","1239","0","58.76","17.84"
"64","000","00","011","1121","0000","1873","877","996","93","1966","3207","0","61.3","27.35"
"64","000","00","011","1121","1646","934","620","314","40","974","1563","0","62.32","39.67"
"64","000","00","011","1121","1647","939","257","682","53","992","1644","0","60.34","15.63"
"64","000","00","011","1122","0000","6022","2178","3844","336","6358","11107","0","57.24","19.61"
"64","000","00","011","1122","1648","1035","595","440","64","1099","1895","0","57.99","31.4"
"64","000","00","011","1122","1649","927","287","640","79","1006","1748","0","57.55","16.42"
"64","000","00","011","1122","1650","897","267","630","57","954","1579","0","60.42","16.91"
"64","000","00","011","1122","1651","1147","391","756","38","1185","2135","0","55.5","18.31"
"64","000","00","011","1122","1652","963","277","686","55","1018","1728","0","58.91","16.03"
"64","000","00","011","1122","1653","1053","361","692","43","1096","2022","0","54.2","17.85"
"64","000","00","011","1123","0000","2084","617","1467","129","2213","3916","0","56.51","15.76"
"64","000","00","011","1123","1654","639","178","461","28","667","1329","0","50.19","13.39"
"64","000","00","011","1123","1655","735","220","515","30","765","1320","0","57.95","16.67"
"64","000","00","011","1123","1656","710","219","491","71","781","1267","0","61.64","17.28"
"64","000","00","011","1124","0000","1544","515","1029","104","1648","2587","0","63.7","19.91"
"64","000","00","011","1124","1657","754","245","509","76","830","1298","0","63.94","18.88"
"64","000","00","011","1124","1658","790","270","520","28","818","1289","0","63.46","20.95"
"64","000","00","011","1125","0000","1763","510","1253","78","1841","3028","0","60.8","16.84"
"64","000","00","011","1125","1659","897","263","634","47","944","1534","0","61.54","17.14"
"64","000","00","011","1125","1660","866","247","619","31","897","1494","0","60.04","16.53"
"64","000","00","011","1126","0000","1589","479","1110","110","1699","2721","0","62.44","17.6"
"64","000","00","011","1126","1661","775","218","557","61","836","1377","0","60.71","15.83"
"64","000","00","011","1126","1662","814","261","553","49","863","1344","0","64.21","19.42"
"64","000","00","011","1127","0000","3190","1008","2182","138","3328","5757","0","57.81","17.51"
"64","000","00","011","1127","1663","836","277","559","39","875","1508","0","58.02","18.37"
"64","000","00","011","1127","1664","745","247","498","26","771","1400","0","55.07","17.64"
"64","000","00","011","1127","1665","848","261","587","48","896","1457","0","61.5","17.91"
"64","000","00","011","1127","1666","761","223","538","25","786","1392","0","56.47","16.02"
"64","000","00","011","1128","0000","2452","768","1684","109","2561","4487","0","57.08","17.12"
"64","000","00","011","1128","1667","1051","281","770","48","1099","1983","0","55.42","14.17"
"64","000","00","011","1128","1668","673","225","448","28","701","1204","0","58.22","18.69"
"64","000","00","011","1128","1669","728","262","466","33","761","1300","0","58.54","20.15"
"64","000","00","011","1129","0000","1946","790","1156","122","2068","3423","0","60.41","23.08"
"64","000","00","011","1129","1670","1065","302","763","91","1156","1857","0","62.25","16.26"
"64","000","00","011","1129","1671","881","488","393","31","912","1566","0","58.24","31.16"
"64","000","00","011","1130","0000","1597","535","1062","116","1713","2579","0","66.42","20.74"
"64","000","00","011","1130","1672","840","276","564","50","890","1343","0","66.27","20.55"
"64","000","00","011","1130","1673","757","259","498","66","823","1236","0","66.59","20.95"
"64","000","00","011","1131","0000","4402","1464","2938","171","4573","7715","0","59.27","18.98"
"64","000","00","011","1131","1674","921","297","624","71","992","1564","0","63.43","18.99"
"64","000","00","011","1131","1675","833","261","572","23","856","1484","0","57.68","17.59"
"64","000","00","011","1131","1676","828","256","572","29","857","1477","0","58.02","17.33"
"64","000","00","011","1131","1677","910","340","570","19","929","1482","0","62.69","22.94"
"64","000","00","011","1131","1678","910","310","600","29","939","1708","0","54.98","18.15"
"64","000","00","011","1132","0000","1955","639","1316","80","2035","3576","0","56.91","17.87"
"64","000","00","011","1132","1679","1024","304","720","63","1087","1867","0","58.22","16.28"
"64","000","00","011","1132","1680","931","335","596","17","948","1709","0","55.47","19.6"
"64","000","00","011","1133","0000","1539","443","1096","85","1624","3121","0","52.03","14.19"
"64","000","00","011","1133","1681","735","218","517","50","785","1425","0","55.09","15.3"
"64","000","00","011","1133","1682","804","225","579","35","839","1696","0","49.47","13.27"
"64","000","00","011","1134","0000","1573","500","1073","109","1682","3053","0","55.09","16.38"
"64","000","00","011","1134","1683","738","242","496","40","778","1522","0","51.12","15.9"
"64","000","00","011","1134","1684","835","258","577","69","904","1531","0","59.05","16.85"
"64","000","00","011","1135","0000","1132","351","781","103","1235","2215","0","55.76","15.85"
"64","000","00","011","1135","1685","1132","351","781","103","1235","2215","0","55.76","15.85"
"64","000","00","011","1136","0000","1595","542","1053","65","1660","3050","0","54.43","17.77"
"64","000","00","011","1136","1686","807","266","541","38","845","1515","0","55.78","17.56"
"64","000","00","011","1136","1687","788","276","512","27","815","1535","0","53.09","17.98"
"64","000","00","011","1137","0000","1299","453","846","56","1355","2493","0","54.35","18.17"
"64","000","00","011","1137","1688","690","237","453","25","715","1276","0","56.03","18.57"
"64","000","00","011","1137","1689","609","216","393","31","640","1217","0","52.59","17.75"
"64","000","00","011","1138","0000","1720","534","1186","164","1884","3627","0","51.94","14.72"
"64","000","00","011","1138","1690","791","246","545","65","856","1707","0","50.15","14.41"
"64","000","00","011","1138","1691","929","288","641","99","1028","1920","0","53.54","15.0"
"64","000","00","012","0000","0000","170219","55389","114830","9270","179489","300510","359100","59.73","18.43"
"64","000","00","012","1201","0000","259","83","176","9","268","423","0","63.36","19.62"
"64","000","00","012","1201","1306","259","83","176","9","268","423","0","63.36","19.62"
"64","000","00","012","1202","0000","349","114","235","21","370","618","0","59.87","18.45"
"64","000","00","012","1202","1305","349","114","235","21","370","618","0","59.87","18.45"
"64","000","00","012","1203","0000","736","218","518","48","784","1312","0","59.76","16.62"
"64","000","00","012","1203","1307","736","218","518","48","784","1312","0","59.76","16.62"
"64","000","00","012","1204","0000","578","214","364","44","622","875","0","71.09","24.46"
"64","000","00","012","1204","1321","578","214","364","44","622","875","0","71.09","24.46"
"64","000","00","012","1205","0000","497","151","346","36","533","882","0","60.43","17.12"
"64","000","00","012","1205","1314","497","151","346","36","533","882","0","60.43","17.12"
"64","000","00","012","1206","0000","1208","395","813","49","1257","1982","0","63.42","19.93"
"64","000","00","012","1206","1308","437","143","294","31","468","769","0","60.86","18.6"
"64","000","00","012","1206","1309","771","252","519","18","789","1213","0","65.05","20.77"
"64","000","00","012","1207","0000","674","219","455","45","719","1080","0","66.57","20.28"
"64","000","00","012","1207","1256","674","219","455","45","719","1080","0","66.57","20.28"
"64","000","00","012","1208","0000","2106","946","1160","130","2236","3395","0","65.86","27.86"
"64","000","00","012","1208","1334","717","250","467","49","766","1159","0","66.09","21.57"
"64","000","00","012","1208","1335","627","453","174","47","674","1127","0","59.8","40.2"
"64","000","00","012","1208","1336","762","243","519","34","796","1109","0","71.78","21.91"
"64","000","00","012","1209","0000","4500","1508","2992","219","4719","8473","0","55.69","17.8"
"64","000","00","012","1209","1268","832","269","563","67","899","1496","0","60.09","17.98"
"64","000","00","012","1209","1269","1001","357","644","47","1048","2094","0","50.05","17.05"
"64","000","00","012","1209","1270","914","299","615","22","936","1672","0","55.98","17.88"
"64","000","00","012","1209","1271","950","330","620","21","971","1761","0","55.14","18.74"
"64","000","00","012","1209","1272","803","253","550","62","865","1450","0","59.66","17.45"
"64","000","00","012","1210","0000","485","159","326","33","518","819","0","63.25","19.41"
"64","000","00","012","1210","1257","485","159","326","33","518","819","0","63.25","19.41"
"64","000","00","012","1211","0000","2065","719","1346","113","2178","3533","0","61.65","20.35"
"64","000","00","012","1211","1277","719","250","469","55","774","1247","0","62.07","20.05"
"64","000","00","012","1211","1278","635","233","402","35","670","1087","0","61.64","21.44"
"64","000","00","012","1211","1279","711","236","475","23","734","1199","0","61.22","19.68"
"64","000","00","012","1212","0000","2778","859","1919","133","2911","4957","0","58.73","17.33"
"64","000","00","012","1212","1260","735","202","533","41","776","1223","0","63.45","16.52"
"64","000","00","012","1212","1261","727","216","511","31","758","1207","0","62.8","17.9"
"64","000","00","012","1212","1262","706","231","475","34","740","1339","0","55.27","17.25"
"64","000","00","012","1212","1263","610","210","400","27","637","1188","0","53.62","17.68"
"64","000","00","012","1213","0000","1333","389","944","59","1392","2465","0","56.47","15.78"
"64","000","00","012","1213","1340","771","234","537","47","818","1432","0","57.12","16.34"
"64","000","00","012","1213","1341","562","155","407","12","574","1033","0","55.57","15.0"
"64","000","00","012","1214","0000","3188","943","2245","153","3341","5972","0","55.94","15.79"
"64","000","00","012","1214","1362","809","275","534","40","849","1521","0","55.82","18.08"
"64","000","00","012","1214","1363","706","187","519","38","744","1407","0","52.88","13.29"
"64","000","00","012","1214","1364","879","251","628","59","938","1542","0","60.83","16.28"
"64","000","00","012","1214","1365","794","230","564","16","810","1502","0","53.93","15.31"
"64","000","00","012","1215","0000","2363","534","1829","124","2487","4111","0","60.5","12.99"
"64","000","00","012","1215","1366","769","232","537","52","821","1320","0","62.2","17.58"
"64","000","00","012","1215","1367","809","151","658","27","836","1507","0","55.47","10.02"
"64","000","00","012","1215","1368","785","151","634","45","830","1284","0","64.64","11.76"
"64","000","00","012","1216","0000","2621","810","1811","160","2781","4722","0","58.89","17.15"
"64","000","00","012","1216","1445","607","154","453","34","641","1058","0","60.59","14.56"
"64","000","00","012","1216","1446","595","172","423","46","641","976","0","65.68","17.62"
"64","000","00","012","1216","1447","792","269","523","30","822","1545","0","53.2","17.41"
"64","000","00","012","1216","1448","627","215","412","50","677","1143","0","59.23","18.81"
"64","000","00","012","1217","0000","3608","1142","2466","231","3839","6769","0","56.71","16.87"
"64","000","00","012","1217","1407","689","214","475","41","730","1314","0","55.56","16.29"
"64","000","00","012","1217","1408","821","256","565","29","850","1649","0","51.55","15.52"
"64","000","00","012","1217","1409","820","264","556","94","914","1601","0","57.09","16.49"
"64","000","00","012","1217","1410","674","225","449","24","698","1155","0","60.43","19.48"
"64","000","00","012","1217","1411","604","183","421","43","647","1050","0","61.62","17.43"
"64","000","00","012","1218","0000","2894","872","2022","172","3066","4988","0","61.47","17.48"
"64","000","00","012","1218","1342","727","205","522","72","799","1253","0","63.77","16.36"
"64","000","00","012","1218","1343","709","225","484","22","731","1217","0","60.07","18.49"
"64","000","00","012","1218","1344","781","223","558","41","822","1267","0","64.88","17.6"
"64","000","00","012","1218","1345","677","219","458","37","714","1251","0","57.07","17.51"
"64","000","00","012","1219","0000","2770","910","1860","124","2894","4562","0","63.44","19.95"
"64","000","00","012","1219","1325","637","216","421","28","665","974","0","68.28","22.18"
"64","000","00","012","1219","1326","574","177","397","31","605","987","0","61.3","17.93"
"64","000","00","012","1219","1327","769","238","531","20","789","1210","0","65.21","19.67"
"64","000","00","012","1219","1328","790","279","511","45","835","1391","0","60.03","20.06"
"64","000","00","012","1220","0000","2302","687","1615","93","2395","3682","0","65.05","18.66"
"64","000","00","012","1220","1337","1148","342","806","46","1194","1879","0","63.54","18.2"
"64","000","00","012","1220","1338","1154","345","809","47","1201","1803","0","66.61","19.13"
"64","000","00","012","1221","0000","928","289","639","97","1025","2513","0","40.79","11.5"
"64","000","00","012","1221","1316","486","152","334","60","546","853","0","64.01","17.82"
"64","000","00","012","1221","1317","442","137","305","37","479","1660","0","28.86","8.25"
"64","000","00","012","1222","0000","1622","493","1129","98","1720","2926","0","58.78","16.85"
"64","000","00","012","1222","1369","764","252","512","34","798","1441","0","55.38","17.49"
"64","000","00","012","1222","1370","858","241","617","64","922","1485","0","62.09","16.23"
"64","000","00","012","1224","0000","1890","626","1264","84","1974","3411","0","57.87","18.35"
"64","000","00","012","1224","1275","1018","350","668","50","1068","1713","0","62.35","20.43"
"64","000","00","012","1224","1276","872","276","596","34","906","1698","0","53.36","16.25"
"64","000","00","012","1225","0000","1592","511","1081","62","1654","2870","0","57.63","17.8"
"64","000","00","012","1225","1387","835","287","548","23","858","1525","0","56.26","18.82"
"64","000","00","012","1225","1388","757","224","533","39","796","1345","0","59.18","16.65"
"64","000","00","012","1226","0000","2789","969","1820","138","2927","4708","0","62.17","20.58"
"64","000","00","012","1226","1383","533","188","345","44","577","942","0","61.25","19.96"
"64","000","00","012","1226","1384","691","214","477","22","713","1206","0","59.12","17.74"
"64","000","00","012","1226","1385","736","265","471","25","761","1159","0","65.66","22.86"
"64","000","00","012","1226","1386","829","302","527","47","876","1401","0","62.53","21.56"
"64","000","00","012","1227","0000","3611","1158","2453","295","3906","6189","0","63.11","18.71"
"64","000","00","012","1227","1429","817","262","555","61","878","1405","0","62.49","18.65"
"64","000","00","012","1227","1430","655","215","440","67","722","1097","0","65.82","19.6"
"64","000","00","012","1227","1431","746","227","519","71","817","1248","0","65.46","18.19"
"64","000","00","012","1227","1432","694","250","444","70","764","1225","0","62.37","20.41"
"64","000","00","012","1227","1433","699","204","495","26","725","1214","0","59.72","16.8"
"64","000","00","012","1228","0000","1787","536","1251","136","1923","3269","0","58.83","16.4"
"64","000","00","012","1228","1437","524","141","383","42","566","968","0","58.47","14.57"
"64","000","00","012","1228","1438","636","196","440","47","683","1200","0","56.92","16.33"
"64","000","00","012","1228","1439","627","199","428","47","674","1101","0","61.22","18.07"
"64","000","00","012","1229","0000","3124","1026","2098","233","3357","5759","0","58.29","17.82"
"64","000","00","012","1229","1474","578","185","393","46","624","1042","0","59.88","17.75"
"64","000","00","012","1229","1475","610","195","415","55","665","1098","0","60.56","17.76"
"64","000","00","012","1229","1476","672","222","450","18","690","1284","0","53.74","17.29"
"64","000","00","012","1229","1477","640","212","428","45","685","1242","0","55.15","17.07"
"64","000","00","012","1229","1478","624","212","412","69","693","1093","0","63.4","19.4"
"64","000","00","012","1230","0000","3018","836","2182","206","3224","5398","0","59.73","15.49"
"64","000","00","012","1230","1349","838","264","574","38","876","1588","0","55.16","16.62"
"64","000","00","012","1230","1350","757","168","589","44","801","1255","0","63.82","13.39"
"64","000","00","012","1230","1351","699","210","489","59","758","1264","0","59.97","16.61"
"64","000","00","012","1230","1352","724","194","530","65","789","1291","0","61.12","15.03"
"64","000","00","012","1231","0000","2823","878","1945","154","2977","4819","0","61.78","18.22"
"64","000","00","012","1231","1346","894","269","625","61","955","1563","0","61.1","17.21"
"64","000","00","012","1231","1347","1142","343","799","44","1186","1888","0","62.82","18.17"
"64","000","00","012","1231","1348","787","266","521","49","836","1368","0","61.11","19.44"
"64","000","00","012","1232","0000","1869","630","1239","108","1977","3455","0","57.22","18.23"
"64","000","00","012","1232","1465","625","219","406","43","668","1154","0","57.89","18.98"
"64","000","00","012","1232","1466","659","233","426","47","706","1153","0","61.23","20.21"
"64","000","00","012","1232","1467","585","178","407","18","603","1148","0","52.53","15.51"
"64","000","00","012","1233","0000","3058","975","2083","179","3237","5211","0","62.12","18.71"
"64","000","00","012","1233","1397","745","234","511","29","774","1388","0","55.76","16.86"
"64","000","00","012","1233","1398","708","220","488","82","790","1241","0","63.66","17.73"
"64","000","00","012","1233","1399","835","285","550","50","885","1394","0","63.49","20.44"
"64","000","00","012","1233","1400","770","236","534","18","788","1188","0","66.33","19.87"
"64","000","00","012","1234","0000","2150","881","1269","125","2275","3815","0","59.63","23.09"
"64","000","00","012","1234","1371","655","160","495","55","710","1205","0","58.92","13.28"
"64","000","00","012","1234","1372","709","209","500","22","731","1284","0","56.93","16.28"
"64","000","00","012","1234","1373","786","512","274","48","834","1326","0","62.9","38.61"
"64","000","00","012","1235","0000","3332","927","2405","147","3479","5984","0","58.14","15.49"
"64","000","00","012","1235","1359","1149","299","850","58","1207","2173","0","55.55","13.76"
"64","000","00","012","1235","1360","1270","371","899","54","1324","2255","0","58.71","16.45"
"64","000","00","012","1235","1361","913","257","656","35","948","1556","0","60.93","16.52"
"64","000","00","012","1236","0000","2177","734","1443","91","2268","3999","0","56.71","18.35"
"64","000","00","012","1236","1404","653","218","435","34","687","1216","0","56.5","17.93"
"64","000","00","012","1236","1405","690","243","447","38","728","1318","0","55.24","18.44"
"64","000","00","012","1236","1406","834","273","561","19","853","1465","0","58.23","18.63"
"64","000","00","012","1237","0000","1980","652","1328","138","2118","3295","0","64.28","19.79"
"64","000","00","012","1237","1374","621","199","422","32","653","1096","0","59.58","18.16"
"64","000","00","012","1237","1375","715","250","465","55","770","1182","0","65.14","21.15"
"64","000","00","012","1237","1376","644","203","441","51","695","1017","0","68.34","19.96"
"64","000","00","012","1238","0000","1325","438","887","98","1423","2479","0","57.4","17.67"
"64","000","00","012","1238","1377","654","216","438","68","722","1198","0","60.27","18.03"
"64","000","00","012","1238","1378","671","222","449","30","701","1281","0","54.72","17.33"
"64","000","00","012","1239","0000","4941","1584","3357","198","5139","8716","0","58.96","18.17"
"64","000","00","012","1239","1291","1033","351","682","40","1073","1751","0","61.28","20.05"
"64","000","00","012","1239","1292","1042","346","696","32","1074","1758","0","61.09","19.68"
"64","000","00","012","1239","1293","964","281","683","76","1040","1749","0","59.46","16.07"
"64","000","00","012","1239","1294","957","309","648","19","976","1746","0","55.9","17.7"
"64","000","00","012","1239","1295","945","297","648","31","976","1712","0","57.01","17.35"
"64","000","00","012","1240","0000","7291","2169","5122","278","7569","12977","0","58.33","16.71"
"64","000","00","012","1240","1421","873","254","619","41","914","1688","0","54.15","15.05"
"64","000","00","012","1240","1422","929","267","662","54","983","1657","0","59.32","16.11"
"64","000","00","012","1240","1423","886","283","603","34","920","1729","0","53.21","16.37"
"64","000","00","012","1240","1424","944","311","633","47","991","1628","0","60.87","19.1"
"64","000","00","012","1240","1425","953","311","642","12","965","1891","0","51.03","16.45"
"64","000","00","012","1240","1426","944","214","730","34","978","1594","0","61.36","13.43"
"64","000","00","012","1240","1427","847","254","593","20","867","1342","0","64.61","18.93"
"64","000","00","012","1240","1428","915","275","640","36","951","1448","0","65.68","18.99"
"64","000","00","012","1241","0000","1132","385","747","80","1212","1926","0","62.93","19.99"
"64","000","00","012","1241","1258","488","139","349","45","533","851","0","62.63","16.33"
"64","000","00","012","1241","1259","644","246","398","35","679","1075","0","63.16","22.88"
"64","000","00","012","1242","0000","1951","658","1293","128","2079","3418","0","60.83","19.25"
"64","000","00","012","1242","1318","656","222","434","37","693","1124","0","61.65","19.75"
"64","000","00","012","1242","1319","641","235","406","54","695","1112","0","62.5","21.13"
"64","000","00","012","1242","1320","654","201","453","37","691","1182","0","58.46","17.01"
"64","000","00","012","1243","0000","1779","555","1224","184","1963","2966","0","66.18","18.71"
"64","000","00","012","1243","1471","625","180","445","35","660","1026","0","64.33","17.54"
"64","000","00","012","1243","1472","592","193","399","91","683","993","0","68.78","19.44"
"64","000","00","012","1243","1473","562","182","380","58","620","947","0","65.47","19.22"
"64","000","00","012","1244","0000","3272","1057","2215","175","3447","5672","0","60.77","18.64"
"64","000","00","012","1244","1329","620","228","392","24","644","1241","0","51.89","18.37"
"64","000","00","012","1244","1330","622","208","414","32","654","1000","0","65.4","20.8"
"64","000","00","012","1244","1331","655","207","448","26","681","1092","0","62.36","18.96"
"64","000","00","012","1244","1332","778","227","551","41","819","1308","0","62.61","17.35"
"64","000","00","012","1244","1333","597","187","410","52","649","1031","0","62.95","18.14"
"64","000","00","012","1245","0000","1049","288","761","65","1114","2045","0","54.47","14.08"
"64","000","00","012","1245","1339","1049","288","761","65","1114","2045","0","54.47","14.08"
"64","000","00","012","1246","0000","2855","945","1910","140","2995","4742","0","63.16","19.93"
"64","000","00","012","1246","1310","701","214","487","34","735","1107","0","66.4","19.33"
"64","000","00","012","1246","1311","689","223","466","36","725","1188","0","61.03","18.77"
"64","000","00","012","1246","1312","722","275","447","27","749","1183","0","63.31","23.25"
"64","000","00","012","1246","1313","743","233","510","43","786","1264","0","62.18","18.43"
"64","000","00","012","1247","0000","1996","718","1278","116","2112","3351","0","63.03","21.43"
"64","000","00","012","1247","1322","601","228","373","47","648","1040","0","62.31","21.92"
"64","000","00","012","1247","1323","686","246","440","19","705","1094","0","64.44","22.49"
"64","000","00","012","1247","1324","709","244","465","50","759","1217","0","62.37","20.05"
"64","000","00","012","1248","0000","3410","1253","2157","175","3585","6178","0","58.03","20.28"
"64","000","00","012","1248","1286","653","205","448","29","682","1247","0","54.69","16.44"
"64","000","00","012","1248","1287","803","346","457","52","855","1538","0","55.59","22.5"
"64","000","00","012","1248","1288","624","195","429","32","656","1097","0","59.8","17.78"
"64","000","00","012","1248","1289","640","242","398","21","661","1221","0","54.14","19.82"
"64","000","00","012","1248","1290","690","265","425","41","731","1075","0","68.0","24.65"
"64","000","00","012","1249","0000","2461","810","1651","153","2614","4308","0","60.68","18.8"
"64","000","00","012","1249","1481","763","234","529","38","801","1309","0","61.19","17.88"
"64","000","00","012","1249","1482","916","342","574","47","963","1627","0","59.19","21.02"
"64","000","00","012","1249","1483","782","234","548","68","850","1372","0","61.95","17.06"
"64","000","00","012","1250","0000","1443","406","1037","57","1500","2520","0","59.52","16.11"
"64","000","00","012","1250","1353","705","185","520","33","738","1224","0","60.29","15.11"
"64","000","00","012","1250","1354","738","221","517","24","762","1296","0","58.8","17.05"
"64","000","00","012","1251","0000","668","219","449","39","707","1007","0","70.21","21.75"
"64","000","00","012","1251","1315","668","219","449","39","707","1007","0","70.21","21.75"
"64","000","00","012","1253","0000","2305","721","1584","171","2476","4102","0","60.36","17.58"
"64","000","00","012","1253","1264","598","175","423","47","645","1055","0","61.14","16.59"
"64","000","00","012","1253","1265","588","188","400","57","645","1109","0","58.16","16.95"
"64","000","00","012","1253","1266","477","162","315","34","511","756","0","67.59","21.43"
"64","000","00","012","1253","1267","642","196","446","33","675","1182","0","57.11","16.58"
"64","000","00","012","1254","0000","952","299","653","49","1001","2551","0","39.24","11.72"
"64","000","00","012","1254","1449","334","110","224","17","351","1301","0","26.98","8.46"
"64","000","00","012","1254","1450","618","189","429","32","650","1250","0","52.0","15.12"
"64","000","00","012","1255","0000","4585","1696","2889","255","4840","7753","0","62.43","21.88"
"64","000","00","012","1255","1459","799","231","568","25","824","1291","0","63.83","17.89"
"64","000","00","012","1255","1460","553","192","361","50","603","938","0","64.29","20.47"
"64","000","00","012","1255","1461","1026","298","728","29","1055","1783","0","59.17","16.71"
"64","000","00","012","1255","1462","655","216","439","36","691","1105","0","62.53","19.55"
"64","000","00","012","1255","1463","760","523","237","72","832","1392","0","59.77","37.57"
"64","000","00","012","1255","1464","792","236","556","43","835","1244","0","67.12","18.97"
"64","000","00","012","1256","0000","4826","1528","3298","182","5008","8179","0","61.23","18.68"
"64","000","00","012","1256","1280","855","226","629","45","900","1559","0","57.73","14.5"
"64","000","00","012","1256","1281","736","228","508","28","764","1233","0","61.96","18.49"
"64","000","00","012","1256","1282","745","256","489","47","792","1277","0","62.02","20.05"
"64","000","00","012","1256","1283","847","264","583","21","868","1481","0","58.61","17.83"
"64","000","00","012","1256","1284","730","240","490","24","754","1154","0","65.34","20.8"
"64","000","00","012","1256","1285","913","314","599","17","930","1475","0","63.05","21.29"
"64","000","00","012","1257","0000","2116","794","1322","183","2299","4340","0","52.97","18.29"
"64","000","00","012","1257","1468","700","321","379","127","827","1432","0","57.75","22.42"
"64","000","00","012","1257","1469","611","222","389","25","636","1429","0","44.51","15.54"
"64","000","00","012","1257","1470","805","251","554","31","836","1479","0","56.52","16.97"
"64","000","00","012","1258","0000","1420","452","968","81","1501","2689","0","55.82","16.81"
"64","000","00","012","1258","1273","730","259","471","32","762","1455","0","52.37","17.8"
"64","000","00","012","1258","1274","690","193","497","49","739","1234","0","59.89","15.64"
"64","000","00","012","1259","0000","2328","785","1543","104","2432","4003","0","60.75","19.61"
"64","000","00","012","1259","1296","729","232","497","23","752","1247","0","60.3","18.6"
"64","000","00","012","1259","1297","820","276","544","46","866","1409","0","61.46","19.59"
"64","000","00","012","1259","1298","779","277","502","35","814","1347","0","60.43","20.56"
"64","000","00","012","1260","0000","5311","1863","3448","178","5489","9265","0","59.24","20.11"
"64","000","00","012","1260","1299","994","326","668","22","1016","1771","0","57.37","18.41"
"64","000","00","012","1260","1300","890","328","562","17","907","1537","0","59.01","21.34"
"64","000","00","012","1260","1301","941","300","641","25","966","1605","0","60.19","18.69"
"64","000","00","012","1260","1302","798","332","466","38","836","1375","0","60.8","24.15"
"64","000","00","012","1260","1303","839","274","565","42","881","1393","0","63.24","19.67"
"64","000","00","012","1260","1304","849","303","546","34","883","1584","0","55.74","19.13"
"64","000","00","012","1261","0000","1252","359","893","57","1309","2055","0","63.7","17.47"
"64","000","00","012","1261","1355","527","175","352","31","558","826","0","67.55","21.19"
"64","000","00","012","1261","1356","725","184","541","26","751","1229","0","61.11","14.97"
"64","000","00","012","1262","0000","1559","477","1082","83","1642","2685","0","61.15","17.77"
"64","000","00","012","1262","1357","861","273","588","36","897","1467","0","61.15","18.61"
"64","000","00","012","1262","1358","698","204","494","47","745","1218","0","61.17","16.75"
"64","000","00","012","1263","0000","1622","552","1070","68","1690","2584","0","65.4","21.36"
"64","000","00","012","1263","1379","836","280","556","33","869","1358","0","63.99","20.62"
"64","000","00","012","1263","1380","786","272","514","35","821","1226","0","66.97","22.19"
"64","000","00","012","1264","0000","1379","456","923","77","1456","2298","0","63.36","19.84"
"64","000","00","012","1264","1381","665","218","447","52","717","1098","0","65.3","19.85"
"64","000","00","012","1264","1382","714","238","476","25","739","1200","0","61.58","19.83"
"64","000","00","012","1265","0000","2277","772","1505","91","2368","3785","0","62.56","20.4"
"64","000","00","012","1265","1401","675","208","467","27","702","1112","0","63.13","18.71"
"64","000","00","012","1265","1402","759","266","493","39","798","1198","0","66.61","22.2"
"64","000","00","012","1265","1403","843","298","545","25","868","1475","0","58.85","20.2"
"64","000","00","012","1266","0000","1325","414","911","59","1384","2286","0","60.54","18.11"
"64","000","00","012","1266","1389","724","213","511","36","760","1180","0","64.41","18.05"
"64","000","00","012","1266","1390","601","201","400","23","624","1106","0","56.42","18.17"
"64","000","00","012","1267","0000","2589","871","1718","119","2708","4313","0","62.79","20.19"
"64","000","00","012","1267","1394","790","255","535","23","813","1361","0","59.74","18.74"
"64","000","00","012","1267","1395","839","281","558","50","889","1416","0","62.78","19.84"
"64","000","00","012","1267","1396","960","335","625","46","1006","1536","0","65.49","21.81"
"64","000","00","012","1268","0000","2416","857","1559","114","2530","4061","0","62.3","21.1"
"64","000","00","012","1268","1391","852","286","566","59","911","1442","0","63.18","19.83"
"64","000","00","012","1268","1392","820","316","504","42","862","1376","0","62.65","22.97"
"64","000","00","012","1268","1393","744","255","489","13","757","1243","0","60.9","20.51"
"64","000","00","012","1269","0000","1375","446","929","72","1447","2515","0","57.53","17.73"
"64","000","00","012","1269","1415","663","225","438","43","706","1190","0","59.33","18.91"
"64","000","00","012","1269","1416","712","221","491","29","741","1325","0","55.92","16.68"
"64","000","00","012","1270","0000","2535","817","1718","135","2670","4481","0","59.58","18.23"
"64","000","00","012","1270","1417","611","198","413","50","661","1049","0","63.01","18.88"
"64","000","00","012","1270","1418","593","182","411","27","620","1026","0","60.43","17.74"
"64","000","00","012","1270","1419","678","221","457","45","723","1152","0","62.76","19.18"
"64","000","00","012","1270","1420","653","216","437","13","666","1254","0","53.11","17.22"
"64","000","00","012","1271","0000","2438","756","1682","126","2564","4456","0","57.54","16.97"
"64","000","00","012","1271","1412","734","233","501","16","750","1417","0","52.93","16.44"
"64","000","00","012","1271","1413","832","256","576","55","887","1525","0","58.16","16.79"
"64","000","00","012","1271","1414","872","267","605","55","927","1514","0","61.23","17.64"
"64","000","00","012","1272","0000","2488","754","1734","141","2629","4447","0","59.12","16.96"
"64","000","00","012","1272","1440","716","215","501","43","759","1369","0","55.44","15.7"
"64","000","00","012","1272","1441","860","262","598","52","912","1542","0","59.14","16.99"
"64","000","00","012","1272","1442","912","277","635","46","958","1536","0","62.37","18.03"
"64","000","00","012","1273","0000","1578","557","1021","104","1682","2834","0","59.35","19.65"
"64","000","00","012","1273","1443","743","263","480","37","780","1382","0","56.44","19.03"
"64","000","00","012","1273","1444","835","294","541","67","902","1452","0","62.12","20.25"
"64","000","00","012","1274","0000","1463","461","1002","64","1527","2432","0","62.79","18.96"
"64","000","00","012","1274","1455","692","217","475","45","737","1125","0","65.51","19.29"
"64","000","00","012","1274","1456","771","244","527","19","790","1307","0","60.44","18.67"
"64","000","00","012","1275","0000","2952","1003","1949","209","3161","5431","0","58.2","18.47"
"64","000","00","012","1275","1451","664","220","444","48","712","1208","0","58.94","18.21"
"64","000","00","012","1275","1452","687","227","460","56","743","1202","0","61.81","18.89"
"64","000","00","012","1275","1453","807","296","511","62","869","1499","0","57.97","19.75"
"64","000","00","012","1275","1454","794","260","534","43","837","1522","0","54.99","17.08"
"64","000","00","012","1276","0000","1517","512","1005","107","1624","2657","0","61.12","19.27"
"64","000","00","012","1276","1457","802","286","516","57","859","1405","0","61.14","20.36"
"64","000","00","012","1276","1458","715","226","489","50","765","1252","0","61.1","18.05"
"64","000","00","012","1277","0000","1440","584","856","89","1529","2706","0","56.5","21.58"
"64","000","00","012","1277","1479","723","352","371","43","766","1353","0","56.61","26.02"
"64","000","00","012","1277","1480","717","232","485","46","763","1353","0","56.39","17.15"
"64","000","00","012","1278","0000","3534","1125","2409","179","3713","6056","0","61.31","18.58"
"64","000","00","012","1278","1434","1170","328","842","84","1254","2032","0","61.71","16.14"
"64","000","00","012","1278","1435","1108","417","691","50","1158","1927","0","60.09","21.64"
"64","000","00","012","1278","1436","1256","380","876","45","1301","2097","0","62.04","18.12"
"64","000","00","013","0000","0000","30934","9748","21186","1974","32908","59129","69829","55.65","16.49"
"64","000","00","013","1301","0000","1509","479","1030","110","1619","2824","0","57.33","16.96"
"64","000","00","013","1301","1773","707","227","480","60","767","1262","0","60.78","17.99"
"64","000","00","013","1301","1774","802","252","550","50","852","1562","0","54.55","16.13"
"64","000","00","013","1302","0000","1823","594","1229","111","1934","3252","0","59.47","18.27"
"64","000","00","013","1302","1775","604","204","400","17","621","1078","0","57.61","18.92"
"64","000","00","013","1302","1776","591","194","397","37","628","979","0","64.15","19.82"
"64","000","00","013","1302","1777","628","196","432","57","685","1195","0","57.32","16.4"
"64","000","00","013","1303","0000","2014","599","1415","155","2169","3929","0","55.2","15.25"
"64","000","00","013","1303","1778","695","217","478","60","755","1380","0","54.71","15.72"
"64","000","00","013","1303","1779","662","200","462","73","735","1280","0","57.42","15.63"
"64","000","00","013","1303","1780","657","182","475","22","679","1269","0","53.51","14.34"
"64","000","00","013","1304","0000","1352","436","916","64","1416","2794","0","50.68","15.6"
"64","000","00","013","1304","1781","660","227","433","20","680","1568","0","43.37","14.48"
"64","000","00","013","1304","1782","692","209","483","44","736","1226","0","60.03","17.05"
"64","000","00","013","1305","0000","1583","452","1131","99","1682","2939","0","57.23","15.38"
"64","000","00","013","1305","1783","772","229","543","47","819","1480","0","55.34","15.47"
"64","000","00","013","1305","1784","811","223","588","52","863","1459","0","59.15","15.28"
"64","000","00","013","1306","0000","1281","420","861","118","1399","2488","0","56.23","16.88"
"64","000","00","013","1306","1785","809","265","544","45","854","1593","0","53.61","16.64"
"64","000","00","013","1306","1786","472","155","317","73","545","895","0","60.89","17.32"
"64","000","00","013","1307","0000","2394","740","1654","171","2565","4455","0","57.58","16.61"
"64","000","00","013","1307","1787","551","165","386","30","581","1110","0","52.34","14.86"
"64","000","00","013","1307","1788","686","214","472","48","734","1348","0","54.45","15.88"
"64","000","00","013","1307","1789","498","163","335","49","547","912","0","59.98","17.87"
"64","000","00","013","1307","1790","659","198","461","44","703","1085","0","64.79","18.25"
"64","000","00","013","1308","0000","1037","506","531","56","1093","1834","0","59.6","27.59"
"64","000","00","013","1308","1791","525","358","167","19","544","955","0","56.96","37.49"
"64","000","00","013","1308","1792","512","148","364","37","549","879","0","62.46","16.84"
"64","000","00","013","1309","0000","1860","596","1264","126","1986","3449","0","57.58","17.28"
"64","000","00","013","1309","1793","583","193","390","58","641","1103","0","58.11","17.5"
"64","000","00","013","1309","1794","630","205","425","54","684","1054","0","64.9","19.45"
"64","000","00","013","1309","1795","647","198","449","14","661","1292","0","51.16","15.33"
"64","000","00","013","1310","0000","799","268","531","21","820","1683","0","48.72","15.92"
"64","000","00","013","1310","1796","799","268","531","21","820","1683","0","48.72","15.92"
"64","000","00","013","1311","0000","862","251","611","86","948","1619","0","58.55","15.5"
"64","000","00","013","1311","1797","327","90","237","26","353","607","0","58.15","14.83"
"64","000","00","013","1311","1798","535","161","374","60","595","1012","0","58.79","15.91"
"64","000","00","013","1312","0000","991","284","707","70","1061","1960","0","54.13","14.49"
"64","000","00","013","1312","1799","571","173","398","49","620","1046","0","59.27","16.54"
"64","000","00","013","1312","1800","420","111","309","21","441","914","0","48.25","12.14"
"64","000","00","013","1313","0000","2062","650","1412","132","2194","3874","0","56.63","16.78"
"64","000","00","013","1313","1801","785","289","496","48","833","1405","0","59.29","20.57"
"64","000","00","013","1313","1802","741","258","483","55","796","1299","0","61.28","19.86"
"64","000","00","013","1313","1803","536","103","433","29","565","1170","0","48.29","8.8"
"64","000","00","013","1314","0000","583","192","391","36","619","1299","0","47.65","14.78"
"64","000","00","013","1314","1804","583","192","391","36","619","1299","0","47.65","14.78"
"64","000","00","013","1315","0000","997","311","686","43","1040","1880","0","55.32","16.54"
"64","000","00","013","1315","1805","564","179","385","25","589","1031","0","57.13","17.36"
"64","000","00","013","1315","1806","433","132","301","18","451","849","0","53.12","15.55"
"64","000","00","013","1316","0000","925","302","623","72","997","1776","0","56.14","17.0"
"64","000","00","013","1316","1807","415","156","259","43","458","838","0","54.65","18.62"
"64","000","00","013","1316","1808","510","146","364","29","539","938","0","57.46","15.57"
"64","000","00","013","1317","0000","956","313","643","71","1027","1837","0","55.91","17.04"
"64","000","00","013","1317","1809","518","169","349","25","543","1051","0","51.67","16.08"
"64","000","00","013","1317","1810","438","144","294","46","484","786","0","61.58","18.32"
"64","000","00","013","1318","0000","500","140","360","57","557","894","0","62.3","15.66"
"64","000","00","013","1318","1811","500","140","360","57","557","894","0","62.3","15.66"
"64","000","00","013","1319","0000","304","99","205","19","323","749","0","43.12","13.22"
"64","000","00","013","1319","1812","304","99","205","19","323","749","0","43.12","13.22"
"64","000","00","013","1320","0000","1707","514","1193","88","1795","2963","0","60.58","17.35"
"64","000","00","013","1320","1813","863","258","605","27","890","1485","0","59.93","17.37"
"64","000","00","013","1320","1814","844","256","588","61","905","1478","0","61.23","17.32"
"64","000","00","013","1321","0000","1241","339","902","104","1345","2383","0","56.44","14.23"
"64","000","00","013","1321","1815","704","169","535","63","767","1345","0","57.03","12.57"
"64","000","00","013","1321","1816","537","170","367","41","578","1038","0","55.68","16.38"
"64","000","00","013","1322","0000","1825","568","1257","51","1876","3366","0","55.73","16.87"
"64","000","00","013","1322","1817","679","227","452","22","701","1203","0","58.27","18.87"
"64","000","00","013","1322","1818","642","184","458","16","658","1138","0","57.82","16.17"
"64","000","00","013","1322","1819","504","157","347","13","517","1025","0","50.44","15.32"
"64","000","00","013","1323","0000","1295","398","897","77","1372","2559","0","53.61","15.55"
"64","000","00","013","1323","1820","721","224","497","69","790","1341","0","58.91","16.7"
"64","000","00","013","1323","1821","574","174","400","8","582","1218","0","47.78","14.29"
"64","000","00","013","1324","0000","1034","297","737","37","1071","2323","0","46.1","12.79"
"64","000","00","013","1324","1822","502","149","353","19","521","1147","0","45.42","12.99"
"64","000","00","013","1324","1823","532","148","384","18","550","1176","0","46.77","12.59"
"64","000","00","014","0000","0000","52404","16625","35779","3199","55603","97309","112334","57.14","17.08"
"64","000","00","014","1401","0000","688","341","347","42","730","1445","0","50.52","23.6"
"64","000","00","014","1401","1692","346","225","121","27","373","727","0","51.31","30.95"
"64","000","00","014","1401","1693","342","116","226","15","357","718","0","49.72","16.16"
"64","000","00","014","1402","0000","2637","785","1852","139","2776","5733","0","48.42","13.69"
"64","000","00","014","1402","1694","671","214","457","36","707","1340","0","52.76","15.97"
"64","000","00","014","1402","1695","698","217","481","46","744","1575","0","47.24","13.78"
"64","000","00","014","1402","1696","248","60","188","15","263","444","0","59.23","13.51"
"64","000","00","014","1402","1697","1020","294","726","42","1062","2374","0","44.73","12.38"
"64","000","00","014","1403","0000","3483","1135","2348","244","3727","6681","0","55.79","16.99"
"64","000","00","014","1403","1698","672","211","461","62","734","1291","0","56.86","16.34"
"64","000","00","014","1403","1699","742","293","449","72","814","1400","0","58.14","20.93"
"64","000","00","014","1403","1700","736","216","520","23","759","1390","0","54.6","15.54"
"64","000","00","014","1403","1701","725","230","495","58","783","1401","0","55.89","16.42"
"64","000","00","014","1403","1702","608","185","423","29","637","1199","0","53.13","15.43"
"64","000","00","014","1404","0000","1221","394","827","66","1287","2405","0","53.51","16.38"
"64","000","00","014","1404","1703","585","198","387","25","610","1210","0","50.41","16.36"
"64","000","00","014","1404","1704","636","196","440","41","677","1195","0","56.65","16.4"
"64","000","00","014","1405","0000","2404","819","1585","122","2526","4595","0","54.97","17.82"
"64","000","00","014","1405","1705","603","188","415","19","622","1166","0","53.34","16.12"
"64","000","00","014","1405","1706","730","246","484","33","763","1353","0","56.39","18.18"
"64","000","00","014","1405","1707","592","221","371","56","648","1052","0","61.6","21.01"
"64","000","00","014","1405","1708","479","164","315","14","493","1024","0","48.14","16.02"
"64","000","00","014","1406","0000","2325","718","1607","154","2479","4334","0","57.2","16.57"
"64","000","00","014","1406","1709","658","198","460","24","682","1189","0","57.36","16.65"
"64","000","00","014","1406","1710","843","263","580","74","917","1512","0","60.65","17.39"
"64","000","00","014","1406","1711","824","257","567","56","880","1633","0","53.89","15.74"
"64","000","00","014","1407","0000","2222","710","1512","146","2368","3795","0","62.4","18.71"
"64","000","00","014","1407","1712","693","213","480","54","747","1214","0","61.53","17.55"
"64","000","00","014","1407","1713","761","237","524","60","821","1258","0","65.26","18.84"
"64","000","00","014","1407","1714","768","260","508","32","800","1323","0","60.47","19.65"
"64","000","00","014","1408","0000","1324","691","633","89","1413","2288","0","61.76","30.2"
"64","000","00","014","1408","1715","729","516","213","36","765","1253","0","61.05","41.18"
"64","000","00","014","1408","1716","595","175","420","53","648","1035","0","62.61","16.91"
"64","000","00","014","1409","0000","5939","1790","4149","348","6287","10761","0","58.42","16.63"
"64","000","00","014","1409","1717","599","170","429","36","635","1106","0","57.41","15.37"
"64","000","00","014","1409","1718","651","172","479","38","689","1195","0","57.66","14.39"
"64","000","00","014","1409","1719","611","198","413","26","637","1051","0","60.61","18.84"
"64","000","00","014","1409","1720","798","263","535","58","856","1425","0","60.07","18.46"
"64","000","00","014","1409","1721","852","262","590","52","904","1635","0","55.29","16.02"
"64","000","00","014","1409","1722","767","229","538","48","815","1359","0","59.97","16.85"
"64","000","00","014","1409","1723","762","240","522","57","819","1361","0","60.18","17.63"
"64","000","00","014","1409","1724","899","256","643","33","932","1629","0","57.21","15.72"
"64","000","00","014","1410","0000","4069","1195","2874","188","4257","7606","0","55.97","15.71"
"64","000","00","014","1410","1725","842","210","632","41","883","1518","0","58.17","13.83"
"64","000","00","014","1410","1726","836","257","579","60","896","1620","0","55.31","15.86"
"64","000","00","014","1410","1727","859","263","596","14","873","1648","0","52.97","15.96"
"64","000","00","014","1410","1728","767","235","532","46","813","1385","0","58.7","16.97"
"64","000","00","014","1410","1729","765","230","535","27","792","1435","0","55.19","16.03"
"64","000","00","014","1411","0000","966","282","684","50","1016","1835","0","55.37","15.37"
"64","000","00","014","1411","1730","566","164","402","24","590","1046","0","56.41","15.68"
"64","000","00","014","1411","1731","400","118","282","26","426","789","0","53.99","14.96"
"64","000","00","014","1412","0000","865","297","568","64","929","1642","0","56.58","18.09"
"64","000","00","014","1412","1732","461","168","293","31","492","909","0","54.13","18.48"
"64","000","00","014","1412","1733","404","129","275","33","437","733","0","59.62","17.6"
"64","000","00","014","1413","0000","1271","432","839","88","1359","2475","0","54.91","17.45"
"64","000","00","014","1413","1734","780","267","513","60","840","1553","0","54.09","17.19"
"64","000","00","014","1413","1735","491","165","326","28","519","922","0","56.29","17.9"
"64","000","00","014","1414","0000","1566","517","1049","158","1724","3001","0","57.45","17.23"
"64","000","00","014","1414","1736","523","158","365","65","588","1012","0","58.1","15.61"
"64","000","00","014","1414","1737","484","177","307","58","542","968","0","55.99","18.29"
"64","000","00","014","1414","1738","559","182","377","35","594","1021","0","58.18","17.83"
"64","000","00","014","1415","0000","702","232","470","60","762","1554","0","49.03","14.93"
"64","000","00","014","1415","1739","702","232","470","60","762","1554","0","49.03","14.93"
"64","000","00","014","1416","0000","3181","989","2192","168","3349","6101","0","54.89","16.21"
"64","000","00","014","1416","1740","646","187","459","41","687","1120","0","61.34","16.7"
"64","000","00","014","1416","1741","731","233","498","43","774","1225","0","63.18","19.02"
"64","000","00","014","1416","1742","491","139","352","21","512","1320","0","38.79","10.53"
"64","000","00","014","1416","1743","712","227","485","39","751","1317","0","57.02","17.24"
"64","000","00","014","1416","1744","601","203","398","24","625","1119","0","55.85","18.14"
"64","000","00","014","1417","0000","4334","1304","3030","223","4557","7467","0","61.03","17.46"
"64","000","00","014","1417","1745","681","203","478","42","723","1190","0","60.76","17.06"
"64","000","00","014","1417","1746","715","212","503","41","756","1229","0","61.51","17.25"
"64","000","00","014","1417","1747","716","206","510","37","753","1178","0","63.92","17.49"
"64","000","00","014","1417","1748","760","226","534","31","791","1272","0","62.19","17.77"
"64","000","00","014","1417","1749","769","248","521","24","793","1413","0","56.12","17.55"
"64","000","00","014","1417","1750","693","209","484","48","741","1185","0","62.53","17.64"
"64","000","00","014","1418","0000","313","77","236","10","323","553","0","58.41","13.92"
"64","000","00","014","1418","1751","313","77","236","10","323","553","0","58.41","13.92"
"64","000","00","014","1419","0000","3809","1174","2635","208","4017","6837","0","58.75","17.17"
"64","000","00","014","1419","1752","573","164","409","57","630","1121","0","56.2","14.63"
"64","000","00","014","1419","1753","682","228","454","24","706","1227","0","57.54","18.58"
"64","000","00","014","1419","1754","654","205","449","59","713","1058","0","67.39","19.38"
"64","000","00","014","1419","1755","673","204","469","24","697","1209","0","57.65","16.87"
"64","000","00","014","1419","1756","640","178","462","18","658","1100","0","59.82","16.18"
"64","000","00","014","1419","1757","587","195","392","26","613","1122","0","54.63","17.38"
"64","000","00","014","1420","0000","1190","335","855","76","1266","2175","0","58.21","15.4"
"64","000","00","014","1420","1758","592","180","412","52","644","983","0","65.51","18.31"
"64","000","00","014","1420","1759","598","155","443","24","622","1192","0","52.18","13.0"
"64","000","00","014","1421","0000","882","224","658","52","934","1548","0","60.34","14.47"
"64","000","00","014","1421","1760","382","101","281","24","406","719","0","56.47","14.05"
"64","000","00","014","1421","1761","500","123","377","28","528","829","0","63.69","14.84"
"64","000","00","014","1422","0000","1105","355","750","109","1214","1846","0","65.76","19.23"
"64","000","00","014","1422","1762","473","129","344","60","533","771","0","69.13","16.73"
"64","000","00","014","1422","1763","632","226","406","49","681","1075","0","63.35","21.02"
"64","000","00","014","1423","0000","1979","688","1291","180","2159","3669","0","58.84","18.75"
"64","000","00","014","1423","1764","726","220","506","72","798","1280","0","62.34","17.19"
"64","000","00","014","1423","1765","619","173","446","77","696","1179","0","59.03","14.67"
"64","000","00","014","1423","1766","634","295","339","31","665","1210","0","54.96","24.38"
"64","000","00","014","1424","0000","109","28","81","6","115","189","0","60.85","14.81"
"64","000","00","014","1424","1767","109","28","81","6","115","189","0","60.85","14.81"
"64","000","00","014","1425","0000","3820","1113","2707","209","4029","6774","0","59.48","16.43"
"64","000","00","014","1425","1768","710","189","521","45","755","1228","0","61.48","15.39"
"64","000","00","014","1425","1769","639","162","477","37","676","1170","0","57.78","13.85"
"64","000","00","014","1425","1770","830","249","581","43","873","1416","0","61.65","17.58"
"64","000","00","014","1425","1771","872","267","605","33","905","1482","0","61.07","18.02"
"64","000","00","014","1425","1772","769","246","523","51","820","1478","0","55.48","16.64"
"64","000","00","015","0000","0000","19265","5867","13398","1310","20575","36772","42431","55.95","15.96"
"64","000","00","015","1501","0000","1557","472","1085","59","1616","2701","0","59.83","17.48"
"64","000","00","015","1501","0736","744","240","504","27","771","1386","0","55.63","17.32"
"64","000","00","015","1501","0737","813","232","581","32","845","1315","0","64.26","17.64"
"64","000","00","015","1502","0000","2639","752","1887","143","2782","5000","0","55.64","15.04"
"64","000","00","015","1502","0738","1288","338","950","58","1346","2461","0","54.69","13.73"
"64","000","00","015","1502","0739","693","205","488","26","719","1274","0","56.44","16.09"
"64","000","00","015","1502","0740","658","209","449","59","717","1265","0","56.68","16.52"
"64","000","00","015","1503","0000","2119","695","1424","122","2241","4126","0","54.31","16.84"
"64","000","00","015","1503","0741","778","233","545","61","839","1504","0","55.78","15.49"
"64","000","00","015","1503","0742","529","179","350","15","544","1049","0","51.86","17.06"
"64","000","00","015","1503","0743","812","283","529","46","858","1573","0","54.55","17.99"
"64","000","00","015","1504","0000","1198","338","860","73","1271","2328","0","54.6","14.52"
"64","000","00","015","1504","0744","522","155","367","33","555","1121","0","49.51","13.83"
"64","000","00","015","1504","0745","676","183","493","40","716","1207","0","59.32","15.16"
"64","000","00","015","1505","0000","1285","365","920","45","1330","2258","0","58.9","16.16"
"64","000","00","015","1505","0746","621","178","443","22","643","1134","0","56.7","15.7"
"64","000","00","015","1505","0747","664","187","477","23","687","1124","0","61.12","16.64"
"64","000","00","015","1506","0000","1874","622","1252","193","2067","3492","0","59.19","17.81"
"64","000","00","015","1506","0748","646","205","441","76","722","1259","0","57.35","16.28"
"64","000","00","015","1506","0749","640","219","421","56","696","1105","0","62.99","19.82"
"64","000","00","015","1506","0750","588","198","390","61","649","1128","0","57.54","17.55"
"64","000","00","015","1507","0000","519","162","357","77","596","1079","0","55.24","15.01"
"64","000","00","015","1507","0751","519","162","357","77","596","1079","0","55.24","15.01"
"64","000","00","015","1508","0000","504","169","335","44","548","1025","0","53.46","16.49"
"64","000","00","015","1508","0752","504","169","335","44","548","1025","0","53.46","16.49"
"64","000","00","015","1509","0000","483","149","334","49","532","950","0","56.0","15.68"
"64","000","00","015","1509","0753","483","149","334","49","532","950","0","56.0","15.68"
"64","000","00","015","1510","0000","731","251","480","81","812","1433","0","56.66","17.52"
"64","000","00","015","1510","0754","731","251","480","81","812","1433","0","56.66","17.52"
"64","000","00","015","1511","0000","719","233","486","38","757","1575","0","48.06","14.79"
"64","000","00","015","1511","0755","385","117","268","23","408","794","0","51.39","14.74"
"64","000","00","015","1511","0756","334","116","218","15","349","781","0","44.69","14.85"
"64","000","00","015","1512","0000","632","218","414","21","653","1318","0","49.54","16.54"
"64","000","00","015","1512","0757","632","218","414","21","653","1318","0","49.54","16.54"
"64","000","00","015","1513","0000","847","277","570","57","904","1783","0","50.7","15.54"
"64","000","00","015","1513","0758","377","119","258","34","411","736","0","55.84","16.17"
"64","000","00","015","1513","0759","470","158","312","23","493","1047","0","47.09","15.09"
"64","000","00","015","1514","0000","1242","370","872","88","1330","2457","0","54.13","15.06"
"64","000","00","015","1514","0760","660","218","442","57","717","1271","0","56.41","17.15"
"64","000","00","015","1514","0761","582","152","430","31","613","1186","0","51.69","12.82"
"64","000","00","015","1515","0000","543","172","371","48","591","1007","0","58.69","17.08"
"64","000","00","015","1515","0762","543","172","371","48","591","1007","0","58.69","17.08"
"64","000","00","015","1516","0000","812","266","546","59","871","1594","0","54.64","16.69"
"64","000","00","015","1516","0763","478","157","321","41","519","859","0","60.42","18.28"
"64","000","00","015","1516","0764","334","109","225","18","352","735","0","47.89","14.83"
"64","000","00","015","1517","0000","1205","288","917","93","1298","1926","0","67.39","14.95"
"64","000","00","015","1517","0765","582","186","396","65","647","1046","0","61.85","17.78"
"64","000","00","015","1517","0766","623","102","521","28","651","880","0","73.98","11.59"
"64","000","00","015","1518","0000","356","68","288","20","376","720","0","52.22","9.44"
"64","000","00","015","1518","0767","356","68","288","20","376","720","0","52.22","9.44"
"64","000","00","016","0000","0000","16157","5495","10662","1062","17219","30046","34591","57.31","18.29"
"64","000","00","016","1601","0000","475","143","332","60","535","950","0","56.32","15.05"
"64","000","00","016","1601","0637","475","143","332","60","535","950","0","56.32","15.05"
"64","000","00","016","1602","0000","1468","467","1001","54","1522","3162","0","48.13","14.77"
"64","000","00","016","1602","0638","658","210","448","23","681","1306","0","52.14","16.08"
"64","000","00","016","1602","0639","810","257","553","31","841","1856","0","45.31","13.85"
"64","000","00","016","1603","0000","2774","930","1844","197","2971","4968","0","59.8","18.72"
"64","000","00","016","1603","0640","586","208","378","49","635","986","0","64.4","21.1"
"64","000","00","016","1603","0641","528","179","349","45","573","1116","0","51.34","16.04"
"64","000","00","016","1603","0642","749","272","477","58","807","1253","0","64.41","21.71"
"64","000","00","016","1603","0643","911","271","640","45","956","1613","0","59.27","16.8"
"64","000","00","016","1604","0000","871","302","569","40","911","1679","0","54.26","17.99"
"64","000","00","016","1604","0659","334","108","226","15","349","745","0","46.85","14.5"
"64","000","00","016","1604","0660","537","194","343","25","562","934","0","60.17","20.77"
"64","000","00","016","1605","0000","1457","486","971","109","1566","2661","0","58.85","18.26"
"64","000","00","016","1605","0646","554","160","394","55","609","1004","0","60.66","15.94"
"64","000","00","016","1605","0647","485","164","321","36","521","879","0","59.27","18.66"
"64","000","00","016","1605","0648","418","162","256","18","436","778","0","56.04","20.82"
"64","000","00","016","1606","0000","3076","1045","2031","202","3278","5391","0","60.81","19.38"
"64","000","00","016","1606","0649","630","219","411","45","675","1110","0","60.81","19.73"
"64","000","00","016","1606","0650","772","263","509","46","818","1432","0","57.12","18.37"
"64","000","00","016","1606","0651","835","273","562","38","873","1466","0","59.55","18.62"
"64","000","00","016","1606","0652","839","290","549","73","912","1383","0","65.94","20.97"
"64","000","00","016","1607","0000","2588","1008","1580","158","2746","4950","0","55.47","20.36"
"64","000","00","016","1607","0653","874","302","572","61","935","1645","0","56.84","18.36"
"64","000","00","016","1607","0654","757","280","477","46","803","1555","0","51.64","18.01"
"64","000","00","016","1607","0655","957","426","531","51","1008","1750","0","57.6","24.34"
"64","000","00","016","1608","0000","1760","573","1187","153","1913","3156","0","60.61","18.16"
"64","000","00","016","1608","0656","612","198","414","54","666","1111","0","59.95","17.82"
"64","000","00","016","1608","0657","629","209","420","65","694","1133","0","61.25","18.45"
"64","000","00","016","1608","0658","519","166","353","34","553","912","0","60.64","18.2"
"64","000","00","016","1609","0000","1688","541","1147","89","1777","3129","0","56.79","17.29"
"64","000","00","016","1609","0644","736","223","513","39","775","1455","0","53.26","15.33"
"64","000","00","016","1609","0645","952","318","634","50","1002","1674","0","59.86","19.0"
"64","000","00","017","0000","0000","41265","13145","28120","1851","43116","73611","87415","58.57","17.86"
"64","000","00","017","1701","0000","2455","722","1733","93","2548","4050","0","62.91","17.83"
"64","000","00","017","1701","0661","1135","319","816","34","1169","1777","0","65.79","17.95"
"64","000","00","017","1701","0662","1320","403","917","59","1379","2273","0","60.67","17.73"
"64","000","00","017","1702","0000","4461","1371","3090","197","4658","7511","0","62.02","18.25"
"64","000","00","017","1702","0663","863","271","592","55","918","1384","0","66.33","19.58"
"64","000","00","017","1702","0664","644","199","445","46","690","1170","0","58.97","17.01"
"64","000","00","017","1702","0665","771","255","516","47","818","1216","0","67.27","20.97"
"64","000","00","017","1702","0666","876","274","602","23","899","1598","0","56.26","17.15"
"64","000","00","017","1702","0667","1307","372","935","26","1333","2143","0","62.2","17.36"
"64","000","00","017","1703","0000","1474","503","971","105","1579","2638","0","59.86","19.07"
"64","000","00","017","1703","0668","704","243","461","51","755","1300","0","58.08","18.69"
"64","000","00","017","1703","0669","770","260","510","54","824","1338","0","61.58","19.43"
"64","000","00","017","1704","0000","1942","636","1306","107","2049","3823","0","53.6","16.64"
"64","000","00","017","1704","0670","650","223","427","16","666","1217","0","54.72","18.32"
"64","000","00","017","1704","0671","562","168","394","55","617","1202","0","51.33","13.98"
"64","000","00","017","1704","0672","730","245","485","36","766","1404","0","54.56","17.45"
"64","000","00","017","1705","0000","448","117","331","34","482","830","0","58.07","14.1"
"64","000","00","017","1705","0673","448","117","331","34","482","830","0","58.07","14.1"
"64","000","00","017","1706","0000","2539","784","1755","125","2664","5417","0","49.18","14.47"
"64","000","00","017","1706","0674","764","224","540","40","804","1802","0","44.62","12.43"
"64","000","00","017","1706","0675","958","302","656","53","1011","1877","0","53.86","16.09"
"64","000","00","017","1706","0676","817","258","559","32","849","1738","0","48.85","14.84"
"64","000","00","017","1707","0000","4850","1767","3083","221","5071","8679","0","58.43","20.36"
"64","000","00","017","1707","0677","829","296","533","48","877","1549","0","56.62","19.11"
"64","000","00","017","1707","0678","891","280","611","49","940","1579","0","59.53","17.73"
"64","000","00","017","1707","0679","749","200","549","32","781","1406","0","55.55","14.22"
"64","000","00","017","1707","0680","834","239","595","28","862","1461","0","59.0","16.36"
"64","000","00","017","1707","0681","780","516","264","41","821","1311","0","62.62","39.36"
"64","000","00","017","1707","0682","767","236","531","23","790","1373","0","57.54","17.19"
"64","000","00","017","1708","0000","1158","402","756","50","1208","2216","0","54.51","18.14"
"64","000","00","017","1708","0683","526","205","321","18","544","1035","0","52.56","19.81"
"64","000","00","017","1708","0684","632","197","435","32","664","1181","0","56.22","16.68"
"64","000","00","017","1709","0000","9302","2948","6354","343","9645","15899","0","60.66","18.54"
"64","000","00","017","1709","0685","904","341","563","32","936","1670","0","56.05","20.42"
"64","000","00","017","1709","0686","868","293","575","29","897","1576","0","56.92","18.59"
"64","000","00","017","1709","0687","935","294","641","43","978","1576","0","62.06","18.65"
"64","000","00","017","1709","0688","1160","331","829","28","1188","1915","0","62.04","17.28"
"64","000","00","017","1709","0689","968","289","679","32","1000","1758","0","56.88","16.44"
"64","000","00","017","1709","0690","1149","366","783","44","1193","1892","0","63.05","19.34"
"64","000","00","017","1709","0691","1173","358","815","62","1235","2025","0","60.99","17.68"
"64","000","00","017","1709","0692","1212","370","842","39","1251","2014","0","62.12","18.37"
"64","000","00","017","1709","0693","933","306","627","34","967","1473","0","65.65","20.77"
"64","000","00","017","1710","0000","1060","346","714","43","1103","1923","0","57.36","17.99"
"64","000","00","017","1710","0694","520","171","349","26","546","979","0","55.77","17.47"
"64","000","00","017","1710","0695","540","175","365","17","557","944","0","59.0","18.54"
"64","000","00","017","1711","0000","1345","385","960","104","1449","2481","0","58.4","15.52"
"64","000","00","017","1711","0696","637","187","450","65","702","1153","0","60.88","16.22"
"64","000","00","017","1711","0697","708","198","510","39","747","1328","0","56.25","14.91"
"64","000","00","017","1712","0000","927","275","652","71","998","1657","0","60.23","16.6"
"64","000","00","017","1712","0698","927","275","652","71","998","1657","0","60.23","16.6"
"64","000","00","017","1713","0000","2628","896","1732","121","2749","4564","0","60.23","19.63"
"64","000","00","017","1713","0699","784","239","545","45","829","1545","0","53.66","15.47"
"64","000","00","017","1713","0700","854","259","595","35","889","1417","0","62.74","18.28"
"64","000","00","017","1713","0701","990","398","592","41","1031","1602","0","64.36","24.84"
"64","000","00","017","1714","0000","2191","692","1499","75","2266","3737","0","60.64","18.52"
"64","000","00","017","1714","0702","1125","337","788","49","1174","1823","0","64.4","18.49"
"64","000","00","017","1714","0703","1066","355","711","26","1092","1914","0","57.05","18.55"
"64","000","00","017","1715","0000","3356","957","2399","123","3479","6019","0","57.8","15.9"
"64","000","00","017","1715","0704","1132","370","762","47","1179","1992","0","59.19","18.57"
"64","000","00","017","1715","0705","1039","202","837","34","1073","2045","0","52.47","9.88"
"64","000","00","017","1715","0706","1185","385","800","42","1227","1982","0","61.91","19.42"
"64","000","00","017","1716","0000","1129","344","785","39","1168","2167","0","53.9","15.87"
"64","000","00","017","1716","0707","1129","344","785","39","1168","2167","0","53.9","15.87"
"64","000","00","018","0000","0000","22687","7872","14815","1215","23902","39191","44387","60.99","20.09"
"64","000","00","018","1801","0000","5589","1986","3603","287","5876","10030","0","58.58","19.8"
"64","000","00","018","1801","0708","942","307","635","48","990","1678","0","59.0","18.3"
"64","000","00","018","1801","0709","861","288","573","55","916","1682","0","54.46","17.12"
"64","000","00","018","1801","0710","732","253","479","37","769","1225","0","62.78","20.65"
"64","000","00","018","1801","0711","682","233","449","50","732","1322","0","55.37","17.62"
"64","000","00","018","1801","0712","701","219","482","37","738","1215","0","60.74","18.02"
"64","000","00","018","1801","0713","942","322","620","46","988","1779","0","55.54","18.1"
"64","000","00","018","1801","0714","729","364","365","14","743","1129","0","65.81","32.24"
"64","000","00","018","1802","0000","2757","925","1832","119","2876","4682","0","61.43","19.76"
"64","000","00","018","1802","0715","813","239","574","44","857","1374","0","62.37","17.39"
"64","000","00","018","1802","0716","623","218","405","31","654","1089","0","60.06","20.02"
"64","000","00","018","1802","0717","1321","468","853","44","1365","2219","0","61.51","21.09"
"64","000","00","018","1803","0000","5954","2036","3918","289","6243","9817","0","63.59","20.74"
"64","000","00","018","1803","0718","951","331","620","28","979","1634","0","59.91","20.26"
"64","000","00","018","1803","0719","936","296","640","51","987","1553","0","63.55","19.06"
"64","000","00","018","1803","0720","960","316","644","43","1003","1572","0","63.8","20.1"
"64","000","00","018","1803","0721","1027","361","666","37","1064","1688","0","63.03","21.39"
"64","000","00","018","1803","0722","1000","363","637","82","1082","1626","0","66.54","22.32"
"64","000","00","018","1803","0723","1080","369","711","48","1128","1744","0","64.68","21.16"
"64","000","00","018","1804","0000","2072","575","1497","135","2207","3548","0","62.2","16.21"
"64","000","00","018","1804","0724","664","175","489","38","702","1230","0","57.07","14.23"
"64","000","00","018","1804","0725","714","205","509","63","777","1201","0","64.7","17.07"
"64","000","00","018","1804","0726","694","195","499","34","728","1117","0","65.17","17.46"
"64","000","00","018","1805","0000","3533","1529","2004","230","3763","6462","0","58.23","23.66"
"64","000","00","018","1805","0727","681","195","486","58","739","1255","0","58.88","15.54"
"64","000","00","018","1805","0728","744","224","520","29","773","1432","0","53.98","15.64"
"64","000","00","018","1805","0729","698","691","7","31","729","1370","0","53.21","50.44"
"64","000","00","018","1805","0730","784","243","541","68","852","1364","0","62.46","17.82"
"64","000","00","018","1805","0731","626","176","450","44","670","1041","0","64.36","16.91"
"64","000","00","018","1806","0000","475","139","336","34","509","702","0","72.51","19.8"
"64","000","00","018","1806","0732","475","139","336","34","509","702","0","72.51","19.8"
"64","000","00","018","1807","0000","2307","682","1625","121","2428","3950","0","61.47","17.27"
"64","000","00","018","1807","0733","689","200","489","49","738","1212","0","60.89","16.5"
"64","000","00","018","1807","0734","707","195","512","44","751","1289","0","58.26","15.13"
"64","000","00","018","1807","0735","911","287","624","28","939","1449","0","64.8","19.81"
"64","000","00","019","0000","0000","47570","14572","32998","2532","50102","81244","97072","61.67","17.94"
"64","000","00","019","1901","0000","732","212","520","40","772","1159","0","66.61","18.29"
"64","000","00","019","1901","0268","732","212","520","40","772","1159","0","66.61","18.29"
"64","000","00","019","1902","0000","2492","777","1715","98","2590","4358","0","59.43","17.83"
"64","000","00","019","1902","0261","847","259","588","34","881","1345","0","65.5","19.26"
"64","000","00","019","1902","0262","476","145","331","24","500","1045","0","47.85","13.88"
"64","000","00","019","1902","0263","624","184","440","20","644","1051","0","61.27","17.51"
"64","000","00","019","1902","0264","545","189","356","20","565","917","0","61.61","20.61"
"64","000","00","019","1903","0000","2009","594","1415","100","2109","3239","0","65.11","18.34"
"64","000","00","019","1903","0265","580","210","370","29","609","934","0","65.2","22.48"
"64","000","00","019","1903","0266","662","176","486","34","696","1097","0","63.45","16.04"
"64","000","00","019","1903","0267","767","208","559","37","804","1208","0","66.56","17.22"
"64","000","00","019","1904","0000","594","182","412","36","630","1018","0","61.89","17.88"
"64","000","00","019","1904","0269","594","182","412","36","630","1018","0","61.89","17.88"
"64","000","00","019","1905","0000","2387","738","1649","62","2449","4091","0","59.86","18.04"
"64","000","00","019","1905","0274","745","231","514","27","772","1328","0","58.13","17.39"
"64","000","00","019","1905","0275","811","251","560","17","828","1382","0","59.91","18.16"
"64","000","00","019","1905","0276","831","256","575","18","849","1381","0","61.48","18.54"
"64","000","00","019","1906","0000","688","227","461","37","725","1316","0","55.09","17.25"
"64","000","00","019","1906","0270","688","227","461","37","725","1316","0","55.09","17.25"
"64","000","00","019","1907","0000","1774","435","1339","72","1846","2895","0","63.77","15.03"
"64","000","00","019","1907","0325","765","200","565","52","817","1336","0","61.15","14.97"
"64","000","00","019","1907","0326","758","154","604","13","771","1218","0","63.3","12.64"
"64","000","00","019","1907","0327","251","81","170","7","258","341","0","75.66","23.75"
"64","000","00","019","1908","0000","232","74","158","8","240","318","0","75.47","23.27"
"64","000","00","019","1908","0332","232","74","158","8","240","318","0","75.47","23.27"
"64","000","00","019","1909","0000","1567","479","1088","66","1633","2795","0","58.43","17.14"
"64","000","00","019","1909","0293","743","223","520","33","776","1283","0","60.48","17.38"
"64","000","00","019","1909","0294","824","256","568","33","857","1512","0","56.68","16.93"
"64","000","00","019","1910","0000","761","250","511","26","787","1413","0","55.7","17.69"
"64","000","00","019","1910","0309","761","250","511","26","787","1413","0","55.7","17.69"
"64","000","00","019","1911","0000","2128","660","1468","132","2260","3607","0","62.66","18.3"
"64","000","00","019","1911","0304","751","237","514","34","785","1272","0","61.71","18.63"
"64","000","00","019","1911","0305","651","195","456","45","696","1080","0","64.44","18.06"
"64","000","00","019","1911","0306","726","228","498","53","779","1255","0","62.07","18.17"
"64","000","00","019","1912","0000","3299","971","2328","154","3453","5535","0","62.38","17.54"
"64","000","00","019","1912","0300","815","274","541","36","851","1360","0","62.57","20.15"
"64","000","00","019","1912","0301","823","253","570","32","855","1363","0","62.73","18.56"
"64","000","00","019","1912","0302","835","178","657","42","877","1352","0","64.87","13.17"
"64","000","00","019","1912","0303","826","266","560","44","870","1460","0","59.59","18.22"
"64","000","00","019","1913","0000","1061","300","761","50","1111","1613","0","68.88","18.6"
"64","000","00","019","1913","0330","539","158","381","35","574","851","0","67.45","18.57"
"64","000","00","019","1913","0331","522","142","380","15","537","762","0","70.47","18.64"
"64","000","00","019","1914","0000","437","130","307","79","516","756","0","68.25","17.2"
"64","000","00","019","1914","0320","437","130","307","79","516","756","0","68.25","17.2"
"64","000","00","019","1915","0000","415","102","313","17","432","866","0","49.88","11.78"
"64","000","00","019","1915","0323","415","102","313","17","432","866","0","49.88","11.78"
"64","000","00","019","1916","0000","1903","583","1320","105","2008","3350","0","59.94","17.4"
"64","000","00","019","1916","0297","650","193","457","40","690","1096","0","62.96","17.61"
"64","000","00","019","1916","0298","614","195","419","35","649","1066","0","60.88","18.29"
"64","000","00","019","1916","0299","639","195","444","30","669","1188","0","56.31","16.41"
"64","000","00","019","1917","0000","2165","698","1467","128","2293","3849","0","59.57","18.13"
"64","000","00","019","1917","0277","711","236","475","64","775","1282","0","60.45","18.41"
"64","000","00","019","1917","0278","702","225","477","15","717","1240","0","57.82","18.15"
"64","000","00","019","1917","0279","752","237","515","49","801","1327","0","60.36","17.86"
"64","000","00","019","1918","0000","2337","715","1622","108","2445","4065","0","60.15","17.59"
"64","000","00","019","1918","0271","763","235","528","28","791","1345","0","58.81","17.47"
"64","000","00","019","1918","0272","765","237","528","42","807","1295","0","62.32","18.3"
"64","000","00","019","1918","0273","809","243","566","38","847","1425","0","59.44","17.05"
"64","000","00","019","1919","0000","3619","1148","2471","178","3797","6674","0","56.89","17.2"
"64","000","00","019","1919","0280","921","308","613","42","963","1736","0","55.47","17.74"
"64","000","00","019","1919","0281","907","273","634","43","950","1566","0","60.66","17.43"
"64","000","00","019","1919","0282","890","294","596","35","925","1779","0","52.0","16.53"
"64","000","00","019","1919","0283","901","273","628","58","959","1593","0","60.2","17.14"
"64","000","00","019","1920","0000","3232","1270","1962","179","3411","5402","0","63.14","23.51"
"64","000","00","019","1920","0284","868","268","600","56","924","1480","0","62.43","18.11"
"64","000","00","019","1920","0285","792","228","564","34","826","1364","0","60.56","16.72"
"64","000","00","019","1920","0286","829","587","242","39","868","1410","0","61.56","41.63"
"64","000","00","019","1920","0287","743","187","556","50","793","1148","0","69.08","16.29"
"64","000","00","019","1921","0000","1103","348","755","46","1149","1830","0","62.79","19.02"
"64","000","00","019","1921","0289","574","171","403","27","601","969","0","62.02","17.65"
"64","000","00","019","1921","0290","529","177","352","19","548","861","0","63.65","20.56"
"64","000","00","019","1922","0000","1112","369","743","41","1153","1808","0","63.77","20.41"
"64","000","00","019","1922","0310","451","158","293","16","467","765","0","61.05","20.65"
"64","000","00","019","1922","0311","661","211","450","25","686","1043","0","65.77","20.23"
"64","000","00","019","1923","0000","1124","323","801","62","1186","1837","0","64.56","17.58"
"64","000","00","019","1923","0312","425","119","306","32","457","844","0","54.15","14.1"
"64","000","00","019","1923","0313","699","204","495","30","729","993","0","73.41","20.54"
"64","000","00","019","1924","0000","617","203","414","57","674","1038","0","64.93","19.56"
"64","000","00","019","1924","0314","617","203","414","57","674","1038","0","64.93","19.56"
"64","000","00","019","1925","0000","985","309","676","71","1056","1712","0","61.68","18.05"
"64","000","00","019","1925","0291","428","132","296","28","456","823","0","55.41","16.04"
"64","000","00","019","1925","0292","557","177","380","43","600","889","0","67.49","19.91"
"64","000","00","019","1926","0000","2018","618","1400","145","2163","3442","0","62.84","17.95"
"64","000","00","019","1926","0315","606","184","422","60","666","1070","0","62.24","17.2"
"64","000","00","019","1926","0316","637","202","435","58","695","1023","0","67.94","19.75"
"64","000","00","019","1926","0317","775","232","543","27","802","1349","0","59.45","17.2"
"64","000","00","019","1927","0000","959","300","659","55","1014","1753","0","57.84","17.11"
"64","000","00","019","1927","0318","773","239","534","36","809","1452","0","55.72","16.46"
"64","000","00","019","1927","0319","186","61","125","19","205","301","0","68.11","20.27"
"64","000","00","019","1928","0000","924","267","657","76","1000","1587","0","63.01","16.82"
"64","000","00","019","1928","0321","390","109","281","13","403","733","0","54.98","14.87"
"64","000","00","019","1928","0322","534","158","376","63","597","854","0","69.91","18.5"
"64","000","00","019","1929","0000","529","131","398","45","574","978","0","58.69","13.39"
"64","000","00","019","1929","0324","529","131","398","45","574","978","0","58.69","13.39"
"64","000","00","019","1930","0000","1334","367","967","88","1422","2175","0","65.38","16.87"
"64","000","00","019","1930","0307","582","159","423","47","629","938","0","67.06","16.95"
"64","000","00","019","1930","0308","752","208","544","41","793","1237","0","64.11","16.81"
"64","000","00","019","1931","0000","363","114","249","45","408","625","0","65.28","18.24"
"64","000","00","019","1931","0288","363","114","249","45","408","625","0","65.28","18.24"
"64","000","00","019","1932","0000","1344","422","922","84","1428","2245","0","63.61","18.8"
"64","000","00","019","1932","0295","625","200","425","47","672","983","0","68.36","20.35"
"64","000","00","019","1932","0296","719","222","497","37","756","1262","0","59.9","17.59"
"64","000","00","019","1933","0000","1326","256","1070","42","1368","1895","0","72.19","13.51"
"64","000","00","019","1933","0328","688","132","556","27","715","955","0","74.87","13.82"
"64","000","00","019","1933","0329","638","124","514","15","653","940","0","69.47","13.19"
"64","000","00","020","0000","0000","18848","6068","12780","1400","20248","32565","37647","62.18","18.63"
"64","000","00","020","2001","0000","1259","422","837","105","1364","2078","0","65.64","20.31"
"64","000","00","020","2001","0404","618","210","408","58","676","1005","0","67.26","20.9"
"64","000","00","020","2001","0405","641","212","429","47","688","1073","0","64.12","19.76"
"64","000","00","020","2002","0000","675","200","475","27","702","1129","0","62.18","17.71"
"64","000","00","020","2002","0406","675","200","475","27","702","1129","0","62.18","17.71"
"64","000","00","020","2003","0000","1329","427","902","99","1428","2335","0","61.16","18.29"
"64","000","00","020","2003","0407","719","234","485","68","787","1244","0","63.26","18.81"
"64","000","00","020","2003","0408","610","193","417","31","641","1091","0","58.75","17.69"
"64","000","00","020","2004","0000","1496","494","1002","94","1590","2469","0","64.4","20.01"
"64","000","00","020","2004","0409","829","277","552","49","878","1329","0","66.06","20.84"
"64","000","00","020","2004","0410","667","217","450","45","712","1140","0","62.46","19.04"
"64","000","00","020","2005","0000","701","229","472","56","757","1220","0","62.05","18.77"
"64","000","00","020","2005","0411","701","229","472","56","757","1220","0","62.05","18.77"
"64","000","00","020","2006","0000","1372","424","948","134","1506","2362","0","63.76","17.95"
"64","000","00","020","2006","0412","662","204","458","52","714","1047","0","68.19","19.48"
"64","000","00","020","2006","0413","710","220","490","82","792","1315","0","60.23","16.73"
"64","000","00","020","2007","0000","810","256","554","80","890","1411","0","63.08","18.14"
"64","000","00","020","2007","0414","383","133","250","29","412","691","0","59.62","19.25"
"64","000","00","020","2007","0415","427","123","304","51","478","720","0","66.39","17.08"
"64","000","00","020","2008","0000","1929","624","1305","153","2082","3271","0","63.65","19.08"
"64","000","00","020","2008","0416","674","247","427","67","741","1192","0","62.16","20.72"
"64","000","00","020","2008","0417","794","250","544","54","848","1318","0","64.34","18.97"
"64","000","00","020","2008","0418","461","127","334","32","493","761","0","64.78","16.69"
"64","000","00","020","2009","0000","894","322","572","46","940","1560","0","60.26","20.64"
"64","000","00","020","2009","0419","547","195","352","27","574","973","0","58.99","20.04"
"64","000","00","020","2009","0420","347","127","220","19","366","587","0","62.35","21.64"
"64","000","00","020","2010","0000","1508","536","972","69","1577","2421","0","65.14","22.14"
"64","000","00","020","2010","0421","495","167","328","36","531","812","0","65.39","20.57"
"64","000","00","020","2010","0422","210","75","135","11","221","343","0","64.43","21.87"
"64","000","00","020","2010","0423","803","294","509","22","825","1266","0","65.17","23.22"
"64","000","00","020","2011","0000","1199","325","874","112","1311","2012","0","65.16","16.15"
"64","000","00","020","2011","0424","673","188","485","73","746","1128","0","66.13","16.67"
"64","000","00","020","2011","0425","526","137","389","39","565","884","0","63.91","15.5"
"64","000","00","020","2012","0000","1364","391","973","115","1479","2446","0","60.47","15.99"
"64","000","00","020","2012","0426","632","189","443","63","695","1187","0","58.55","15.92"
"64","000","00","020","2012","0427","732","202","530","52","784","1259","0","62.27","16.04"
"64","000","00","020","2013","0000","690","213","477","66","756","1361","0","55.55","15.65"
"64","000","00","020","2013","0428","690","213","477","66","756","1361","0","55.55","15.65"
"64","000","00","020","2014","0000","340","118","222","21","361","671","0","53.8","17.59"
"64","000","00","020","2014","0429","340","118","222","21","361","671","0","53.8","17.59"
"64","000","00","020","2015","0000","2188","710","1478","178","2366","3689","0","64.14","19.25"
"64","000","00","020","2015","0430","722","239","483","51","773","1215","0","63.62","19.67"
"64","000","00","020","2015","0431","726","224","502","78","804","1255","0","64.06","17.85"
"64","000","00","020","2015","0432","740","247","493","49","789","1219","0","64.73","20.26"
"64","000","00","020","2016","0000","759","249","510","35","794","1372","0","57.87","18.15"
"64","000","00","020","2016","0433","759","249","510","35","794","1372","0","57.87","18.15"
"64","000","00","020","2017","0000","335","128","207","10","345","758","0","45.51","16.89"
"64","000","00","020","2017","0434","335","128","207","10","345","758","0","45.51","16.89"
"64","000","00","021","0000","0000","13872","4238","9634","1058","14930","26012","29809","57.4","16.29"
"64","000","00","021","2101","0000","582","155","427","75","657","1152","0","57.03","13.45"
"64","000","00","021","2101","0333","582","155","427","75","657","1152","0","57.03","13.45"
"64","000","00","021","2102","0000","1223","350","873","80","1303","2094","0","62.23","16.71"
"64","000","00","021","2102","0334","626","191","435","30","656","1120","0","58.57","17.05"
"64","000","00","021","2102","0335","597","159","438","50","647","974","0","66.43","16.32"
"64","000","00","021","2103","0000","1625","506","1119","93","1718","3353","0","51.24","15.09"
"64","000","00","021","2103","0336","562","174","388","12","574","1019","0","56.33","17.08"
"64","000","00","021","2103","0337","552","172","380","52","604","1058","0","57.09","16.26"
"64","000","00","021","2103","0338","471","154","317","28","499","1017","0","49.07","15.14"
"64","000","00","021","2103","0339","40","6","34","1","41","259","0","15.83","2.32"
"64","000","00","021","2104","0000","1560","447","1113","104","1664","2652","0","62.75","16.86"
"64","000","00","021","2104","0340","571","166","405","39","610","926","0","65.87","17.93"
"64","000","00","021","2104","0341","317","85","232","16","333","624","0","53.37","13.62"
"64","000","00","021","2104","0342","672","196","476","49","721","1102","0","65.43","17.79"
"64","000","00","021","2105","0000","1268","432","836","100","1368","2433","0","56.23","17.76"
"64","000","00","021","2105","0343","538","166","372","37","575","1072","0","53.64","15.49"
"64","000","00","021","2105","0344","730","266","464","63","793","1361","0","58.27","19.54"
"64","000","00","021","2106","0000","261","61","200","27","288","472","0","61.02","12.92"
"64","000","00","021","2106","0345","261","61","200","27","288","472","0","61.02","12.92"
"64","000","00","021","2107","0000","1268","369","899","110","1378","2331","0","59.12","15.83"
"64","000","00","021","2107","0346","598","177","421","44","642","1197","0","53.63","14.79"
"64","000","00","021","2107","0347","670","192","478","66","736","1134","0","64.9","16.93"
"64","000","00","021","2108","0000","2080","644","1436","123","2203","3757","0","58.64","17.14"
"64","000","00","021","2108","0348","615","201","414","25","640","1148","0","55.75","17.51"
"64","000","00","021","2108","0349","591","176","415","66","657","1207","0","54.43","14.58"
"64","000","00","021","2108","0350","874","267","607","32","906","1402","0","64.62","19.04"
"64","000","00","021","2109","0000","1876","651","1225","159","2035","3401","0","59.84","19.14"
"64","000","00","021","2109","0351","552","207","345","56","608","1000","0","60.8","20.7"
"64","000","00","021","2109","0352","623","215","408","58","681","1110","0","61.35","19.37"
"64","000","00","021","2109","0353","701","229","472","45","746","1291","0","57.78","17.74"
"64","000","00","021","2110","0000","963","285","678","106","1069","1895","0","56.41","15.04"
"64","000","00","021","2110","0354","423","135","288","68","491","797","0","61.61","16.94"
"64","000","00","021","2110","0355","540","150","390","38","578","1098","0","52.64","13.66"
"64","000","00","021","2111","0000","1166","338","828","81","1247","2472","0","50.44","13.67"
"64","000","00","021","2111","0356","696","211","485","57","753","1393","0","54.06","15.15"
"64","000","00","021","2111","0357","470","127","343","24","494","1079","0","45.78","11.77"
"64","000","00","022","0000","0000","2910","903","2007","302","3212","6671","7196","48.15","13.54"
"64","000","00","022","2201","0000","160","43","117","6","166","369","0","44.99","11.65"
"64","000","00","022","2201","0237","160","43","117","6","166","369","0","44.99","11.65"
"64","000","00","022","2202","0000","374","111","263","32","406","1062","0","38.23","10.45"
"64","000","00","022","2202","0238","261","83","178","20","281","656","0","42.84","12.65"
"64","000","00","022","2202","0239","113","28","85","12","125","406","0","30.79","6.9"
"64","000","00","022","2203","0000","168","114","54","24","192","380","0","50.53","30.0"
"64","000","00","022","2203","0240","168","114","54","24","192","380","0","50.53","30.0"
"64","000","00","022","2204","0000","187","39","148","16","203","379","0","53.56","10.29"
"64","000","00","022","2204","0241","187","39","148","16","203","379","0","53.56","10.29"
"64","000","00","022","2205","0000","306","70","236","50","356","625","0","56.96","11.2"
"64","000","00","022","2205","0242","306","70","236","50","356","625","0","56.96","11.2"
"64","000","00","022","2206","0000","444","144","300","23","467","946","0","49.37","15.22"
"64","000","00","022","2206","0243","444","144","300","23","467","946","0","49.37","15.22"
"64","000","00","022","2207","0000","339","86","253","41","380","794","0","47.86","10.83"
"64","000","00","022","2207","0244","339","86","253","41","380","794","0","47.86","10.83"
"64","000","00","022","2208","0000","149","44","105","20","169","382","0","44.24","11.52"
"64","000","00","022","2208","0245","149","44","105","20","169","382","0","44.24","11.52"
"64","000","00","022","2209","0000","165","59","106","35","200","513","0","38.99","11.5"
"64","000","00","022","2209","0246","165","59","106","35","200","513","0","38.99","11.5"
"64","000","00","022","2210","0000","618","193","425","55","673","1221","0","55.12","15.81"
"64","000","00","022","2210","0247","292","85","207","17","309","601","0","51.41","14.14"
"64","000","00","022","2210","0248","326","108","218","38","364","620","0","58.71","17.42"
"64","000","00","023","0000","0000","12552","3946","8606","756","13308","24534","28676","54.24","16.08"
"64","000","00","023","2301","0000","593","204","389","35","628","1299","0","48.34","15.7"
"64","000","00","023","2301","0216","593","204","389","35","628","1299","0","48.34","15.7"
"64","000","00","023","2302","0000","1022","304","718","46","1068","2005","0","53.27","15.16"
"64","000","00","023","2302","0217","578","180","398","28","606","1107","0","54.74","16.26"
"64","000","00","023","2302","0218","444","124","320","18","462","898","0","51.45","13.81"
"64","000","00","023","2303","0000","630","202","428","58","688","1259","0","54.65","16.04"
"64","000","00","023","2303","0219","630","202","428","58","688","1259","0","54.65","16.04"
"64","000","00","023","2304","0000","1117","346","771","59","1176","2143","0","54.88","16.15"
"64","000","00","023","2304","0220","797","258","539","50","847","1579","0","53.64","16.34"
"64","000","00","023","2304","0221","320","88","232","9","329","564","0","58.33","15.6"
"64","000","00","023","2305","0000","451","142","309","47","498","768","0","64.84","18.49"
"64","000","00","023","2305","0222","451","142","309","47","498","768","0","64.84","18.49"
"64","000","00","023","2306","0000","2581","796","1785","133","2714","4886","0","55.55","16.29"
"64","000","00","023","2306","0223","596","184","412","41","637","1092","0","58.33","16.85"
"64","000","00","023","2306","0224","575","171","404","52","627","1099","0","57.05","15.56"
"64","000","00","023","2306","0225","615","190","425","25","640","1134","0","56.44","16.75"
"64","000","00","023","2306","0226","795","251","544","15","810","1561","0","51.89","16.08"
"64","000","00","023","2307","0000","1368","459","909","105","1473","2649","0","55.61","17.33"
"64","000","00","023","2307","0227","824","273","551","80","904","1533","0","58.97","17.81"
"64","000","00","023","2307","0228","544","186","358","25","569","1116","0","50.99","16.67"
"64","000","00","023","2308","0000","1197","388","809","74","1271","2314","0","54.93","16.77"
"64","000","00","023","2308","0229","554","177","377","30","584","1054","0","55.41","16.79"
"64","000","00","023","2308","0230","643","211","432","44","687","1260","0","54.52","16.75"
"64","000","00","023","2309","0000","736","233","503","61","797","1504","0","52.99","15.49"
"64","000","00","023","2309","0231","736","233","503","61","797","1504","0","52.99","15.49"
"64","000","00","023","2310","0000","805","236","569","39","844","1671","0","50.51","14.12"
"64","000","00","023","2310","0232","386","118","268","20","406","848","0","47.88","13.92"
"64","000","00","023","2310","0233","419","118","301","19","438","823","0","53.22","14.34"
"64","000","00","023","2311","0000","555","143","412","31","586","1021","0","57.39","14.01"
"64","000","00","023","2311","0234","555","143","412","31","586","1021","0","57.39","14.01"
"64","000","00","023","2312","0000","1497","493","1004","68","1565","3015","0","51.91","16.35"
"64","000","00","023","2312","0235","852","290","562","26","878","1715","0","51.2","16.91"
"64","000","00","023","2312","0236","645","203","442","42","687","1300","0","52.85","15.62"
"64","000","00","024","0000","0000","24247","7707","16540","1715","25962","43850","52578","59.21","17.58"
"64","000","00","024","2401","0000","1741","546","1195","127","1868","3222","0","57.98","16.95"
"64","000","00","024","2401","0175","527","151","376","19","546","1026","0","53.22","14.72"
"64","000","00","024","2401","0176","578","186","392","53","631","1069","0","59.03","17.4"
"64","000","00","024","2401","0177","636","209","427","55","691","1127","0","61.31","18.54"
"64","000","00","024","2402","0000","631","159","472","45","676","1179","0","57.34","13.49"
"64","000","00","024","2402","0178","631","159","472","45","676","1179","0","57.34","13.49"
"64","000","00","024","2403","0000","644","194","450","58","702","1237","0","56.75","15.68"
"64","000","00","024","2403","0179","644","194","450","58","702","1237","0","56.75","15.68"
"64","000","00","024","2404","0000","609","212","397","51","660","1096","0","60.22","19.34"
"64","000","00","024","2404","0180","609","212","397","51","660","1096","0","60.22","19.34"
"64","000","00","024","2405","0000","740","212","528","65","805","1272","0","63.29","16.67"
"64","000","00","024","2405","0181","740","212","528","65","805","1272","0","63.29","16.67"
"64","000","00","024","2406","0000","1263","350","913","94","1357","2309","0","58.77","15.16"
"64","000","00","024","2406","0182","655","193","462","47","702","1182","0","59.39","16.33"
"64","000","00","024","2406","0183","608","157","451","47","655","1127","0","58.12","13.93"
"64","000","00","024","2407","0000","1143","379","764","97","1240","2088","0","59.39","18.15"
"64","000","00","024","2407","0184","538","187","351","37","575","956","0","60.15","19.56"
"64","000","00","024","2407","0185","605","192","413","60","665","1132","0","58.75","16.96"
"64","000","00","024","2408","0000","1791","551","1240","136","1927","3333","0","57.82","16.53"
"64","000","00","024","2408","0186","591","190","401","65","656","1025","0","64.0","18.54"
"64","000","00","024","2408","0187","546","152","394","21","567","1007","0","56.31","15.09"
"64","000","00","024","2408","0188","654","209","445","50","704","1301","0","54.11","16.06"
"64","000","00","024","2409","0000","1400","448","952","91","1491","2652","0","56.22","16.89"
"64","000","00","024","2409","0189","481","146","335","32","513","885","0","57.97","16.5"
"64","000","00","024","2409","0190","400","132","268","14","414","837","0","49.46","15.77"
"64","000","00","024","2409","0191","519","170","349","45","564","930","0","60.65","18.28"
"64","000","00","024","2410","0000","923","306","617","97","1020","1804","0","56.54","16.96"
"64","000","00","024","2410","0192","368","130","238","39","407","781","0","52.11","16.65"
"64","000","00","024","2410","0193","555","176","379","58","613","1023","0","59.92","17.2"
"64","000","00","024","2411","0000","1871","567","1304","120","1991","3400","0","58.56","16.68"
"64","000","00","024","2411","0194","992","306","686","68","1060","1763","0","60.12","17.36"
"64","000","00","024","2411","0195","879","261","618","52","931","1637","0","56.87","15.94"
"64","000","00","024","2412","0000","1238","584","654","97","1335","2247","0","59.41","25.99"
"64","000","00","024","2412","0196","561","383","178","48","609","1070","0","56.92","35.79"
"64","000","00","024","2412","0197","677","201","476","49","726","1177","0","61.68","17.08"
"64","000","00","024","2413","0000","1681","543","1138","109","1790","3050","0","58.69","17.8"
"64","000","00","024","2413","0198","554","172","382","39","593","1007","0","58.89","17.08"
"64","000","00","024","2413","0199","561","196","365","37","598","1026","0","58.28","19.1"
"64","000","00","024","2413","0200","566","175","391","33","599","1017","0","58.9","17.21"
"64","000","00","024","2414","0000","1332","413","919","78","1410","2353","0","59.92","17.55"
"64","000","00","024","2414","0201","705","227","478","36","741","1264","0","58.62","17.96"
"64","000","00","024","2414","0202","627","186","441","42","669","1089","0","61.43","17.08"
"64","000","00","024","2415","0000","461","128","333","34","495","851","0","58.17","15.04"
"64","000","00","024","2415","0203","461","128","333","34","495","851","0","58.17","15.04"
"64","000","00","024","2416","0000","1154","362","792","82","1236","1948","0","63.45","18.58"
"64","000","00","024","2416","0204","577","192","385","52","629","1011","0","62.22","18.99"
"64","000","00","024","2416","0205","577","170","407","30","607","937","0","64.78","18.14"
"64","000","00","024","2417","0000","953","308","645","46","999","1730","0","57.75","17.8"
"64","000","00","024","2417","0206","412","126","286","15","427","820","0","52.07","15.37"
"64","000","00","024","2417","0207","541","182","359","31","572","910","0","62.86","20.0"
"64","000","00","024","2418","0000","453","153","300","41","494","867","0","56.98","17.65"
"64","000","00","024","2418","0208","453","153","300","41","494","867","0","56.98","17.65"
"64","000","00","024","2419","0000","1540","506","1034","93","1633","2737","0","59.66","18.49"
"64","000","00","024","2419","0209","531","160","371","21","552","937","0","58.91","17.08"
"64","000","00","024","2419","0210","493","197","296","30","523","900","0","58.11","21.89"
"64","000","00","024","2419","0211","516","149","367","42","558","900","0","62.0","16.56"
"64","000","00","024","2420","0000","2679","786","1893","154","2833","4475","0","63.31","17.56"
"64","000","00","024","2420","0212","530","136","394","32","562","918","0","61.22","14.81"
"64","000","00","024","2420","0213","528","162","366","36","564","870","0","64.83","18.62"
"64","000","00","024","2420","0214","685","216","469","37","722","1150","0","62.78","18.78"
"64","000","00","024","2420","0215","936","272","664","49","985","1537","0","64.09","17.7"
"64","000","00","025","0000","0000","13605","4290","9315","808","14413","25729","29812","56.02","16.67"
"64","000","00","025","2501","0000","541","143","398","30","571","1112","0","51.35","12.86"
"64","000","00","025","2501","0151","541","143","398","30","571","1112","0","51.35","12.86"
"64","000","00","025","2502","0000","523","158","365","66","589","1017","0","57.92","15.54"
"64","000","00","025","2502","0152","523","158","365","66","589","1017","0","57.92","15.54"
"64","000","00","025","2503","0000","401","142","259","26","427","796","0","53.64","17.84"
"64","000","00","025","2503","0153","401","142","259","26","427","796","0","53.64","17.84"
"64","000","00","025","2504","0000","1256","412","844","49","1305","2194","0","59.48","18.78"
"64","000","00","025","2504","0154","648","216","432","23","671","1079","0","62.19","20.02"
"64","000","00","025","2504","0155","608","196","412","26","634","1115","0","56.86","17.58"
"64","000","00","025","2505","0000","1356","428","928","61","1417","2630","0","53.88","16.27"
"64","000","00","025","2505","0156","698","203","495","29","727","1311","0","55.45","15.48"
"64","000","00","025","2505","0157","658","225","433","32","690","1319","0","52.31","17.06"
"64","000","00","025","2506","0000","2144","631","1513","140","2284","3634","0","62.85","17.36"
"64","000","00","025","2506","0158","735","223","512","56","791","1244","0","63.59","17.93"
"64","000","00","025","2506","0159","743","207","536","37","780","1227","0","63.57","16.87"
"64","000","00","025","2506","0160","666","201","465","47","713","1163","0","61.31","17.28"
"64","000","00","025","2507","0000","570","179","391","29","599","981","0","61.06","18.25"
"64","000","00","025","2507","0161","570","179","391","29","599","981","0","61.06","18.25"
"64","000","00","025","2508","0000","2039","661","1378","118","2157","3680","0","58.61","17.96"
"64","000","00","025","2508","0162","405","117","288","19","424","780","0","54.36","15.0"
"64","000","00","025","2508","0163","431","132","299","43","474","832","0","56.97","15.87"
"64","000","00","025","2508","0164","605","199","406","37","642","1017","0","63.13","19.57"
"64","000","00","025","2508","0165","598","213","385","19","617","1051","0","58.71","20.27"
"64","000","00","025","2509","0000","941","264","677","65","1006","1804","0","55.76","14.63"
"64","000","00","025","2509","0166","492","141","351","27","519","941","0","55.15","14.98"
"64","000","00","025","2509","0167","449","123","326","38","487","863","0","56.43","14.25"
"64","000","00","025","2510","0000","593","213","380","37","630","1160","0","54.31","18.36"
"64","000","00","025","2510","0168","593","213","380","37","630","1160","0","54.31","18.36"
"64","000","00","025","2511","0000","1059","373","686","75","1134","2212","0","51.27","16.86"
"64","000","00","025","2511","0169","458","163","295","28","486","1090","0","44.59","14.95"
"64","000","00","025","2511","0170","601","210","391","47","648","1122","0","57.75","18.72"
"64","000","00","025","2512","0000","523","185","338","28","551","1123","0","49.07","16.47"
"64","000","00","025","2512","0171","523","185","338","28","551","1123","0","49.07","16.47"
"64","000","00","025","2513","0000","362","101","261","24","386","684","0","56.43","14.77"
"64","000","00","025","2513","0172","362","101","261","24","386","684","0","56.43","14.77"
"64","000","00","025","2514","0000","1297","400","897","60","1357","2702","0","50.22","14.8"
"64","000","00","025","2514","0173","603","178","425","23","626","1249","0","50.12","14.25"
"64","000","00","025","2514","0174","694","222","472","37","731","1453","0","50.31","15.28"
"64","000","00","026","0000","0000","13173","4092","9081","1016","14189","26212","30055","54.13","15.61"
"64","000","00","026","2601","0000","454","149","305","18","472","976","0","48.36","15.27"
"64","000","00","026","2601","0130","454","149","305","18","472","976","0","48.36","15.27"
"64","000","00","026","2602","0000","435","147","288","51","486","887","0","54.79","16.57"
"64","000","00","026","2602","0131","435","147","288","51","486","887","0","54.79","16.57"
"64","000","00","026","2603","0000","855","253","602","35","890","1710","0","52.05","14.8"
"64","000","00","026","2603","0132","855","253","602","35","890","1710","0","52.05","14.8"
"64","000","00","026","2604","0000","1991","615","1376","91","2082","3751","0","55.51","16.4"
"64","000","00","026","2604","0133","555","181","374","37","592","1280","0","46.25","14.14"
"64","000","00","026","2604","0134","730","217","513","31","761","1314","0","57.91","16.51"
"64","000","00","026","2604","0135","706","217","489","23","729","1157","0","63.01","18.76"
"64","000","00","026","2605","0000","905","275","630","83","988","1785","0","55.35","15.41"
"64","000","00","026","2605","0136","905","275","630","83","988","1785","0","55.35","15.41"
"64","000","00","026","2606","0000","567","183","384","56","623","1139","0","54.7","16.07"
"64","000","00","026","2606","0142","567","183","384","56","623","1139","0","54.7","16.07"
"64","000","00","026","2607","0000","1562","475","1087","148","1710","2961","0","57.75","16.04"
"64","000","00","026","2607","0143","692","222","470","72","764","1363","0","56.05","16.29"
"64","000","00","026","2607","0144","870","253","617","76","946","1598","0","59.2","15.83"
"64","000","00","026","2608","0000","401","116","285","36","437","925","0","47.24","12.54"
"64","000","00","026","2608","0146","401","116","285","36","437","925","0","47.24","12.54"
"64","000","00","026","2609","0000","542","159","383","54","596","1111","0","53.65","14.31"
"64","000","00","026","2609","0145","542","159","383","54","596","1111","0","53.65","14.31"
"64","000","00","026","2610","0000","580","177","403","45","625","1148","0","54.44","15.42"
"64","000","00","026","2610","0147","580","177","403","45","625","1148","0","54.44","15.42"
"64","000","00","026","2611","0000","1202","395","807","101","1303","2087","0","62.43","18.93"
"64","000","00","026","2611","0137","452","159","293","36","488","838","0","58.23","18.97"
"64","000","00","026","2611","0138","750","236","514","65","815","1249","0","65.25","18.9"
"64","000","00","026","2612","0000","548","194","354","67","615","1116","0","55.11","17.38"
"64","000","00","026","2612","0139","548","194","354","67","615","1116","0","55.11","17.38"
"64","000","00","026","2613","0000","466","151","315","49","515","978","0","52.66","15.44"
"64","000","00","026","2613","0140","466","151","315","49","515","978","0","52.66","15.44"
"64","000","00","026","2614","0000","494","155","339","33","527","1125","0","46.84","13.78"
"64","000","00","026","2614","0141","494","155","339","33","527","1125","0","46.84","13.78"
"64","000","00","026","2615","0000","2171","648","1523","149","2320","4513","0","51.41","14.36"
"64","000","00","026","2615","0148","656","187","469","35","691","1353","0","51.07","13.82"
"64","000","00","026","2615","0149","677","190","487","54","731","1331","0","54.92","14.27"
"64","000","00","026","2615","0150","838","271","567","60","898","1829","0","49.1","14.82"
"64","000","00","027","0000","0000","7075","2115","4960","501","7576","12001","13888","63.13","17.62"
"64","000","00","027","2701","0000","947","275","672","80","1027","1574","0","65.25","17.47"
"64","000","00","027","2701","0249","469","131","338","35","504","756","0","66.67","17.33"
"64","000","00","027","2701","0250","478","144","334","45","523","818","0","63.94","17.6"
"64","000","00","027","2702","0000","1131","328","803","84","1215","1817","0","66.87","18.05"
"64","000","00","027","2702","0251","571","170","401","31","602","866","0","69.52","19.63"
"64","000","00","027","2702","0252","560","158","402","53","613","951","0","64.46","16.61"
"64","000","00","027","2703","0000","1282","378","904","87","1369","2339","0","58.53","16.16"
"64","000","00","027","2703","0253","581","160","421","52","633","992","0","63.81","16.13"
"64","000","00","027","2703","0254","317","112","205","17","334","682","0","48.97","16.42"
"64","000","00","027","2703","0255","384","106","278","18","402","665","0","60.45","15.94"
"64","000","00","027","2704","0000","192","65","127","11","203","371","0","54.72","17.52"
"64","000","00","027","2704","0256","192","65","127","11","203","371","0","54.72","17.52"
"64","000","00","027","2705","0000","1518","456","1062","99","1617","2532","0","63.86","18.01"
"64","000","00","027","2705","0257","675","190","485","57","732","1114","0","65.71","17.06"
"64","000","00","027","2705","0258","843","266","577","42","885","1418","0","62.41","18.76"
"64","000","00","027","2706","0000","2005","613","1392","140","2145","3368","0","63.69","18.2"
"64","000","00","027","2706","0259","877","254","623","76","953","1477","0","64.52","17.2"
"64","000","00","027","2706","0260","1128","359","769","64","1192","1891","0","63.04","18.98"
"64","000","00","028","0000","0000","9378","3231","6147","837","10215","16487","19266","61.96","19.6"
"64","000","00","028","2801","0000","692","180","512","56","748","1246","0","60.03","14.45"
"64","000","00","028","2801","0358","692","180","512","56","748","1246","0","60.03","14.45"
"64","000","00","028","2802","0000","1093","349","744","110","1203","1840","0","65.38","18.97"
"64","000","00","028","2802","0359","506","153","353","45","551","885","0","62.26","17.29"
"64","000","00","028","2802","0360","587","196","391","65","652","955","0","68.27","20.52"
"64","000","00","028","2803","0000","286","96","190","32","318","534","0","59.55","17.98"
"64","000","00","028","2803","0361","286","96","190","32","318","534","0","59.55","17.98"
"64","000","00","028","2804","0000","422","117","305","27","449","738","0","60.84","15.85"
"64","000","00","028","2804","0362","422","117","305","27","449","738","0","60.84","15.85"
"64","000","00","028","2805","0000","1068","319","749","78","1146","1732","0","66.17","18.42"
"64","000","00","028","2805","0363","541","146","395","36","577","855","0","67.49","17.08"
"64","000","00","028","2805","0364","527","173","354","42","569","877","0","64.88","19.73"
"64","000","00","028","2806","0000","901","267","634","87","988","1589","0","62.18","16.8"
"64","000","00","028","2806","0365","461","132","329","47","508","781","0","65.04","16.9"
"64","000","00","028","2806","0366","440","135","305","40","480","808","0","59.41","16.71"
"64","000","00","028","2807","0000","892","416","476","82","974","1729","0","56.33","24.06"
"64","000","00","028","2807","0367","442","112","330","28","470","904","0","51.99","12.39"
"64","000","00","028","2807","0368","450","304","146","54","504","825","0","61.09","36.85"
"64","000","00","028","2808","0000","1154","340","814","90","1244","2037","0","61.07","16.69"
"64","000","00","028","2808","0370","545","182","363","36","581","1013","0","57.35","17.97"
"64","000","00","028","2808","0371","609","158","451","54","663","1024","0","64.75","15.43"
"64","000","00","028","2809","0000","471","341","130","60","531","941","0","56.43","36.24"
"64","000","00","028","2809","0369","471","341","130","60","531","941","0","56.43","36.24"
"64","000","00","028","2810","0000","444","130","314","15","459","861","0","53.31","15.1"
"64","000","00","028","2810","0372","444","130","314","15","459","861","0","53.31","15.1"
"64","000","00","028","2811","0000","656","305","351","74","730","1163","0","62.77","26.23"
"64","000","00","028","2811","0373","656","305","351","74","730","1163","0","62.77","26.23"
"64","000","00","028","2812","0000","1299","371","928","126","1425","2077","0","68.61","17.86"
"64","000","00","028","2812","0374","738","204","534","59","797","1216","0","65.54","16.78"
"64","000","00","028","2812","0375","561","167","394","67","628","861","0","72.94","19.4"
"64","000","00","029","0000","0000","17063","5333","11730","1155","18218","31025","35896","58.72","17.19"
"64","000","00","029","2901","0000","1200","340","860","118","1318","2124","0","62.05","16.01"
"64","000","00","029","2901","0376","621","156","465","60","681","1061","0","64.18","14.7"
"64","000","00","029","2901","0377","579","184","395","58","637","1063","0","59.92","17.31"
"64","000","00","029","2902","0000","1094","352","742","47","1141","2047","0","55.74","17.2"
"64","000","00","029","2902","0378","557","177","380","22","579","969","0","59.75","18.27"
"64","000","00","029","2902","0379","537","175","362","25","562","1078","0","52.13","16.23"
"64","000","00","029","2903","0000","1273","455","818","107","1380","2231","0","61.86","20.39"
"64","000","00","029","2903","0380","479","203","276","42","521","838","0","62.17","24.22"
"64","000","00","029","2903","0381","352","105","247","41","393","611","0","64.32","17.18"
"64","000","00","029","2903","0382","442","147","295","24","466","782","0","59.59","18.8"
"64","000","00","029","2904","0000","879","244","635","67","946","1451","0","65.2","16.82"
"64","000","00","029","2904","0383","879","244","635","67","946","1451","0","65.2","16.82"
"64","000","00","029","2905","0000","616","213","403","22","638","1144","0","55.77","18.62"
"64","000","00","029","2905","0384","616","213","403","22","638","1144","0","55.77","18.62"
"64","000","00","029","2906","0000","913","285","628","76","989","1827","0","54.13","15.6"
"64","000","00","029","2906","0389","541","152","389","40","581","1112","0","52.25","13.67"
"64","000","00","029","2906","0390","372","133","239","36","408","715","0","57.06","18.6"
"64","000","00","029","2907","0000","1206","339","867","147","1353","2072","0","65.3","16.36"
"64","000","00","029","2907","0394","635","184","451","67","702","1052","0","66.73","17.49"
"64","000","00","029","2907","0395","571","155","416","80","651","1020","0","63.82","15.2"
"64","000","00","029","2908","0000","1496","455","1041","67","1563","2855","0","54.75","15.94"
"64","000","00","029","2908","0396","660","205","455","31","691","1260","0","54.84","16.27"
"64","000","00","029","2908","0397","836","250","586","36","872","1595","0","54.67","15.67"
"64","000","00","029","2909","0000","1270","348","922","64","1334","2361","0","56.5","14.74"
"64","000","00","029","2909","0398","460","125","335","40","500","829","0","60.31","15.08"
"64","000","00","029","2909","0399","810","223","587","24","834","1532","0","54.44","14.56"
"64","000","00","029","2910","0000","506","139","367","21","527","975","0","54.05","14.26"
"64","000","00","029","2910","0385","506","139","367","21","527","975","0","54.05","14.26"
"64","000","00","029","2911","0000","2018","855","1163","138","2156","3608","0","59.76","23.7"
"64","000","00","029","2911","0386","723","221","502","39","762","1317","0","57.86","16.78"
"64","000","00","029","2911","0387","690","212","478","66","756","1218","0","62.07","17.41"
"64","000","00","029","2911","0388","605","422","183","33","638","1073","0","59.46","39.33"
"64","000","00","029","2912","0000","1206","371","835","74","1280","2250","0","56.89","16.49"
"64","000","00","029","2912","0391","672","202","470","49","721","1311","0","55.0","15.41"
"64","000","00","029","2912","0392","534","169","365","25","559","939","0","59.53","18.0"
"64","000","00","029","2913","0000","498","149","349","17","515","824","0","62.5","18.08"
"64","000","00","029","2913","0393","498","149","349","17","515","824","0","62.5","18.08"
"64","000","00","029","2914","0000","1385","362","1023","109","1494","2338","0","63.9","15.48"
"64","000","00","029","2914","0400","739","197","542","46","785","1195","0","65.69","16.49"
"64","000","00","029","2914","0401","646","165","481","63","709","1143","0","62.03","14.44"
"64","000","00","029","2915","0000","1503","426","1077","81","1584","2918","0","54.28","14.6"
"64","000","00","029","2915","0402","697","200","497","45","742","1186","0","62.56","16.86"
"64","000","00","029","2915","0403","806","226","580","36","842","1732","0","48.61","13.05"
"64","000","00","030","0000","0000","16561","5161","11400","1326","17887","31996","36695","55.9","16.13"
"64","000","00","030","3001","0000","1154","328","826","80","1234","2185","0","56.48","15.01"
"64","000","00","030","3001","0060","603","176","427","36","639","1060","0","60.28","16.6"
"64","000","00","030","3001","0061","551","152","399","44","595","1125","0","52.89","13.51"
"64","000","00","030","3002","0000","1266","406","860","57","1323","2338","0","56.59","17.37"
"64","000","00","030","3002","0062","636","181","455","35","671","1100","0","61.0","16.45"
"64","000","00","030","3002","0063","630","225","405","22","652","1238","0","52.67","18.17"
"64","000","00","030","3003","0000","899","257","642","33","932","1660","0","56.14","15.48"
"64","000","00","030","3003","0064","540","146","394","17","557","933","0","59.7","15.65"
"64","000","00","030","3003","0065","359","111","248","16","375","727","0","51.58","15.27"
"64","000","00","030","3004","0000","920","299","621","77","997","1815","0","54.93","16.47"
"64","000","00","030","3004","0066","558","181","377","48","606","1071","0","56.58","16.9"
"64","000","00","030","3004","0067","362","118","244","29","391","744","0","52.55","15.86"
"64","000","00","030","3005","0000","689","195","494","43","732","1469","0","49.83","13.27"
"64","000","00","030","3005","0068","510","142","368","27","537","1100","0","48.82","12.91"
"64","000","00","030","3005","0069","179","53","126","16","195","369","0","52.85","14.36"
"64","000","00","030","3006","0000","597","165","432","26","623","1398","0","44.56","11.8"
"64","000","00","030","3006","0070","386","99","287","15","401","888","0","45.16","11.15"
"64","000","00","030","3006","0071","211","66","145","11","222","510","0","43.53","12.94"
"64","000","00","030","3007","0000","574","147","427","77","651","1042","0","62.48","14.11"
"64","000","00","030","3007","0072","574","147","427","77","651","1042","0","62.48","14.11"
"64","000","00","030","3008","0000","388","90","298","44","432","791","0","54.61","11.38"
"64","000","00","030","3008","0073","388","90","298","44","432","791","0","54.61","11.38"
"64","000","00","030","3009","0000","1070","322","748","110","1180","2157","0","54.71","14.93"
"64","000","00","030","3009","0074","498","150","348","67","565","939","0","60.17","15.97"
"64","000","00","030","3009","0075","572","172","400","43","615","1218","0","50.49","14.12"
"64","000","00","030","3010","0000","79","19","60","19","98","178","0","55.06","10.67"
"64","000","00","030","3010","0076","79","19","60","19","98","178","0","55.06","10.67"
"64","000","00","030","3011","0000","1076","527","549","81","1157","1971","0","58.7","26.74"
"64","000","00","030","3011","0077","549","174","375","42","591","946","0","62.47","18.39"
"64","000","00","030","3011","0078","527","353","174","39","566","1025","0","55.22","34.44"
"64","000","00","030","3012","0000","574","173","401","57","631","1040","0","60.67","16.63"
"64","000","00","030","3012","0079","574","173","401","57","631","1040","0","60.67","16.63"
"64","000","00","030","3013","0000","861","293","568","64","925","1563","0","59.18","18.75"
"64","000","00","030","3013","0080","530","176","354","45","575","900","0","63.89","19.56"
"64","000","00","030","3013","0081","331","117","214","19","350","663","0","52.79","17.65"
"64","000","00","030","3014","0000","1045","341","704","69","1114","2014","0","55.31","16.93"
"64","000","00","030","3014","0082","502","160","342","38","540","954","0","56.6","16.77"
"64","000","00","030","3014","0083","543","181","362","31","574","1060","0","54.15","17.08"
"64","000","00","030","3015","0000","1824","569","1255","137","1961","3323","0","59.01","17.12"
"64","000","00","030","3015","0084","621","196","425","46","667","1110","0","60.09","17.66"
"64","000","00","030","3015","0085","584","190","394","48","632","1062","0","59.51","17.89"
"64","000","00","030","3015","0086","619","183","436","43","662","1151","0","57.52","15.9"
"64","000","00","030","3016","0000","1120","334","786","86","1206","2206","0","54.67","15.14"
"64","000","00","030","3016","0087","144","46","98","22","166","266","0","62.41","17.29"
"64","000","00","030","3016","0088","370","106","264","23","393","633","0","62.09","16.75"
"64","000","00","030","3016","0089","606","182","424","41","647","1307","0","49.5","13.93"
"64","000","00","030","3017","0000","369","120","249","63","432","754","0","57.29","15.92"
"64","000","00","030","3017","0090","369","120","249","63","432","754","0","57.29","15.92"
"64","000","00","030","3018","0000","644","185","459","99","743","1296","0","57.33","14.27"
"64","000","00","030","3018","0091","644","185","459","99","743","1296","0","57.33","14.27"
"64","000","00","030","3019","0000","367","107","260","18","385","839","0","45.89","12.75"
"64","000","00","030","3019","0092","367","107","260","18","385","839","0","45.89","12.75"
"64","000","00","030","3020","0000","703","193","510","56","759","1329","0","57.11","14.52"
"64","000","00","030","3020","0093","703","193","510","56","759","1329","0","57.11","14.52"
"64","000","00","030","3021","0000","342","91","251","30","372","628","0","59.24","14.49"
"64","000","00","030","3021","0094","342","91","251","30","372","628","0","59.24","14.49"
"64","000","00","031","0000","0000","17917","4763","13154","1568","19485","35311","39630","55.18","13.49"
"64","000","00","031","3101","0000","1290","358","932","109","1399","2613","0","53.54","13.7"
"64","000","00","031","3101","0095","610","187","423","73","683","1175","0","58.13","15.91"
"64","000","00","031","3101","0096","680","171","509","36","716","1438","0","49.79","11.89"
"64","000","00","031","3102","0000","1231","323","908","103","1334","2416","0","55.22","13.37"
"64","000","00","031","3102","0097","471","111","360","40","511","989","0","51.67","11.22"
"64","000","00","031","3102","0098","760","212","548","63","823","1427","0","57.67","14.86"
"64","000","00","031","3103","0000","1444","420","1024","118","1562","2572","0","60.73","16.33"
"64","000","00","031","3103","0099","726","243","483","61","787","1309","0","60.12","18.56"
"64","000","00","031","3103","0100","718","177","541","57","775","1263","0","61.36","14.01"
"64","000","00","031","3104","0000","1121","270","851","100","1221","2061","0","59.24","13.1"
"64","000","00","031","3104","0101","562","138","424","44","606","997","0","60.78","13.84"
"64","000","00","031","3104","0102","559","132","427","56","615","1064","0","57.8","12.41"
"64","000","00","031","3105","0000","766","215","551","64","830","1498","0","55.41","14.35"
"64","000","00","031","3105","0103","766","215","551","64","830","1498","0","55.41","14.35"
"64","000","00","031","3106","0000","1142","256","886","122","1264","2150","0","58.79","11.91"
"64","000","00","031","3106","0104","594","143","451","64","658","1119","0","58.8","12.78"
"64","000","00","031","3106","0105","548","113","435","58","606","1031","0","58.78","10.96"
"64","000","00","031","3107","0000","1287","321","966","116","1403","2508","0","55.94","12.8"
"64","000","00","031","3107","0106","727","166","561","69","796","1437","0","55.39","11.55"
"64","000","00","031","3107","0107","560","155","405","47","607","1071","0","56.68","14.47"
"64","000","00","031","3108","0000","674","155","519","54","728","1462","0","49.79","10.6"
"64","000","00","031","3108","0108","352","81","271","34","386","687","0","56.19","11.79"
"64","000","00","031","3108","0109","322","74","248","20","342","775","0","44.13","9.55"
"64","000","00","031","3109","0000","627","149","478","72","699","1353","0","51.66","11.01"
"64","000","00","031","3109","0110","627","149","478","72","699","1353","0","51.66","11.01"
"64","000","00","031","3110","0000","565","163","402","40","605","1191","0","50.8","13.69"
"64","000","00","031","3110","0111","565","163","402","40","605","1191","0","50.8","13.69"
"64","000","00","031","3111","0000","1065","275","790","76","1141","2084","0","54.75","13.2"
"64","000","00","031","3111","0112","411","113","298","34","445","906","0","49.12","12.47"
"64","000","00","031","3111","0113","654","162","492","42","696","1178","0","59.08","13.75"
"64","000","00","031","3112","0000","592","159","433","24","616","1252","0","49.2","12.7"
"64","000","00","031","3112","0114","592","159","433","24","616","1252","0","49.2","12.7"
"64","000","00","031","3113","0000","832","206","626","48","880","1549","0","56.81","13.3"
"64","000","00","031","3113","0115","832","206","626","48","880","1549","0","56.81","13.3"
"64","000","00","031","3114","0000","1114","266","848","89","1203","2204","0","54.58","12.07"
"64","000","00","031","3114","0116","523","110","413","45","568","1088","0","52.21","10.11"
"64","000","00","031","3114","0117","591","156","435","44","635","1116","0","56.9","13.98"
"64","000","00","031","3115","0000","948","295","653","90","1038","1793","0","57.89","16.45"
"64","000","00","031","3115","0118","488","153","335","37","525","977","0","53.74","15.66"
"64","000","00","031","3115","0119","460","142","318","53","513","816","0","62.87","17.4"
"64","000","00","031","3116","0000","920","233","687","85","1005","1898","0","52.95","12.28"
"64","000","00","031","3116","0120","426","107","319","28","454","955","0","47.54","11.2"
"64","000","00","031","3116","0121","494","126","368","57","551","943","0","58.43","13.36"
"64","000","00","031","3117","0000","659","175","484","44","703","1371","0","51.28","12.76"
"64","000","00","031","3117","0122","659","175","484","44","703","1371","0","51.28","12.76"
"64","000","00","031","3118","0000","983","364","619","94","1077","1834","0","58.72","19.85"
"64","000","00","031","3118","0123","459","225","234","54","513","919","0","55.82","24.48"
"64","000","00","031","3118","0124","524","139","385","40","564","915","0","61.64","15.19"
"64","000","00","031","3119","0000","657","160","497","120","777","1502","0","51.73","10.65"
"64","000","00","031","3119","0125","386","93","293","71","457","828","0","55.19","11.23"
"64","000","00","031","3119","0126","271","67","204","49","320","674","0","47.48","9.94"
"64","000","00","032","0000","0000","4890","1414","3476","591","5481","11501","12984","47.66","12.29"
"64","000","00","032","3201","0000","349","111","238","30","379","760","0","49.87","14.61"
"64","000","00","032","3201","0020","349","111","238","30","379","760","0","49.87","14.61"
"64","000","00","032","3202","0000","276","74","202","31","307","666","0","46.1","11.11"
"64","000","00","032","3202","0021","276","74","202","31","307","666","0","46.1","11.11"
"64","000","00","032","3203","0000","351","108","243","53","404","704","0","57.39","15.34"
"64","000","00","032","3203","0022","351","108","243","53","404","704","0","57.39","15.34"
"64","000","00","032","3204","0000","468","127","341","42","510","1003","0","50.85","12.66"
"64","000","00","032","3204","0023","468","127","341","42","510","1003","0","50.85","12.66"
"64","000","00","032","3205","0000","568","132","436","99","667","1382","0","48.26","9.55"
"64","000","00","032","3205","0024","568","132","436","99","667","1382","0","48.26","9.55"
"64","000","00","032","3206","0000","353","106","247","63","416","986","0","42.19","10.75"
"64","000","00","032","3206","0025","353","106","247","63","416","986","0","42.19","10.75"
"64","000","00","032","3207","0000","493","134","359","36","529","1046","0","50.57","12.81"
"64","000","00","032","3207","0026","493","134","359","36","529","1046","0","50.57","12.81"
"64","000","00","032","3208","0000","327","99","228","52","379","812","0","46.67","12.19"
"64","000","00","032","3208","0027","327","99","228","52","379","812","0","46.67","12.19"
"64","000","00","032","3209","0000","606","161","445","53","659","1431","0","46.05","11.25"
"64","000","00","032","3209","0028","606","161","445","53","659","1431","0","46.05","11.25"
"64","000","00","032","3210","0000","422","78","344","60","482","912","0","52.85","8.55"
"64","000","00","032","3210","0029","422","78","344","60","482","912","0","52.85","8.55"
"64","000","00","032","3211","0000","554","254","300","52","606","1472","0","41.17","17.26"
"64","000","00","032","3211","0030","554","254","300","52","606","1472","0","41.17","17.26"
"64","000","00","032","3212","0000","123","30","93","20","143","327","0","43.73","9.17"
"64","000","00","032","3212","0031","123","30","93","20","143","327","0","43.73","9.17"
"64","000","00","033","0000","0000","2440","681","1759","245","2685","5417","6051","49.57","12.57"
"64","000","00","033","3301","0000","165","42","123","7","172","472","0","36.44","8.9"
"64","000","00","033","3301","0013","165","42","123","7","172","472","0","36.44","8.9"
"64","000","00","033","3302","0000","500","138","362","54","554","882","0","62.81","15.65"
"64","000","00","033","3302","0014","500","138","362","54","554","882","0","62.81","15.65"
"64","000","00","033","3303","0000","329","90","239","27","356","668","0","53.29","13.47"
"64","000","00","033","3303","0015","329","90","239","27","356","668","0","53.29","13.47"
"64","000","00","033","3304","0000","696","200","496","98","794","1581","0","50.22","12.65"
"64","000","00","033","3304","0016","696","200","496","98","794","1581","0","50.22","12.65"
"64","000","00","033","3305","0000","232","64","168","10","242","673","0","35.96","9.51"
"64","000","00","033","3305","0017","232","64","168","10","242","673","0","35.96","9.51"
"64","000","00","033","3306","0000","258","57","201","35","293","607","0","48.27","9.39"
"64","000","00","033","3306","0018","258","57","201","35","293","607","0","48.27","9.39"
"64","000","00","033","3307","0000","260","90","170","14","274","534","0","51.31","16.85"
"64","000","00","033","3307","0019","260","90","170","14","274","534","0","51.31","16.85"
"64","000","00","034","0000","0000","4566","1180","3386","432","4998","10607","11828","47.12","11.12"
"64","000","00","034","3401","0000","268","75","193","50","318","640","0","49.69","11.72"
"64","000","00","034","3401","0032","268","75","193","50","318","640","0","49.69","11.72"
"64","000","00","034","3402","0000","288","60","228","27","315","696","0","45.26","8.62"
"64","000","00","034","3402","0033","288","60","228","27","315","696","0","45.26","8.62"
"64","000","00","034","3403","0000","446","115","331","43","489","1284","0","38.08","8.96"
"64","000","00","034","3403","0034","446","115","331","43","489","1284","0","38.08","8.96"
"64","000","00","034","3404","0000","626","155","471","56","682","1509","0","45.2","10.27"
"64","000","00","034","3404","0035","413","110","303","34","447","1027","0","43.52","10.71"
"64","000","00","034","3404","0036","213","45","168","22","235","482","0","48.76","9.34"
"64","000","00","034","3405","0000","804","223","581","105","909","1627","0","55.87","13.71"
"64","000","00","034","3405","0037","804","223","581","105","909","1627","0","55.87","13.71"
"64","000","00","034","3406","0000","716","178","538","24","740","1630","0","45.4","10.92"
"64","000","00","034","3406","0038","716","178","538","24","740","1630","0","45.4","10.92"
"64","000","00","034","3407","0000","584","152","432","82","666","1261","0","52.82","12.05"
"64","000","00","034","3407","0041","584","152","432","82","666","1261","0","52.82","12.05"
"64","000","00","034","3408","0000","834","222","612","45","879","1960","0","44.85","11.33"
"64","000","00","034","3408","0039","442","106","336","24","466","973","0","47.89","10.89"
"64","000","00","034","3408","0040","392","116","276","21","413","987","0","41.84","11.75"
"64","000","00","035","0000","0000","5603","1561","4042","614","6217","13002","14465","47.82","12.01"
"64","000","00","035","3501","0000","407","89","318","52","459","969","0","47.37","9.18"
"64","000","00","035","3501","0042","407","89","318","52","459","969","0","47.37","9.18"
"64","000","00","035","3502","0000","242","83","159","22","264","652","0","40.49","12.73"
"64","000","00","035","3502","0043","242","83","159","22","264","652","0","40.49","12.73"
"64","000","00","035","3503","0000","433","123","310","79","512","961","0","53.28","12.8"
"64","000","00","035","3503","0044","433","123","310","79","512","961","0","53.28","12.8"
"64","000","00","035","3504","0000","174","33","141","6","180","426","0","42.25","7.75"
"64","000","00","035","3504","0045","174","33","141","6","180","426","0","42.25","7.75"
"64","000","00","035","3505","0000","163","30","133","21","184","398","0","46.23","7.54"
"64","000","00","035","3505","0046","163","30","133","21","184","398","0","46.23","7.54"
"64","000","00","035","3506","0000","214","62","152","16","230","508","0","45.28","12.2"
"64","000","00","035","3506","0047","214","62","152","16","230","508","0","45.28","12.2"
"64","000","00","035","3507","0000","523","130","393","50","573","980","0","58.47","13.27"
"64","000","00","035","3507","0048","523","130","393","50","573","980","0","58.47","13.27"
"64","000","00","035","3508","0000","499","132","367","37","536","1225","0","43.76","10.78"
"64","000","00","035","3508","0049","499","132","367","37","536","1225","0","43.76","10.78"
"64","000","00","035","3509","0000","832","267","565","122","954","1722","0","55.4","15.51"
"64","000","00","035","3509","0050","832","267","565","122","954","1722","0","55.4","15.51"
"64","000","00","035","3510","0000","249","78","171","26","275","560","0","49.11","13.93"
"64","000","00","035","3510","0051","249","78","171","26","275","560","0","49.11","13.93"
"64","000","00","035","3511","0000","325","92","233","20","345","801","0","43.07","11.49"
"64","000","00","035","3511","0052","325","92","233","20","345","801","0","43.07","11.49"
"64","000","00","035","3512","0000","200","55","145","16","216","423","0","51.06","13.0"
"64","000","00","035","3512","0053","200","55","145","16","216","423","0","51.06","13.0"
"64","000","00","035","3513","0000","211","54","157","25","236","497","0","47.48","10.87"
"64","000","00","035","3513","0054","211","54","157","25","236","497","0","47.48","10.87"
"64","000","00","035","3514","0000","305","85","220","24","329","677","0","48.6","12.56"
"64","000","00","035","3514","0055","305","85","220","24","329","677","0","48.6","12.56"
"64","000","00","035","3515","0000","215","46","169","13","228","593","0","38.45","7.76"
"64","000","00","035","3515","0056","215","46","169","13","228","593","0","38.45","7.76"
"64","000","00","035","3516","0000","227","73","154","44","271","597","0","45.39","12.23"
"64","000","00","035","3516","0057","227","73","154","44","271","597","0","45.39","12.23"
"64","000","00","035","3517","0000","142","30","112","7","149","343","0","43.44","8.75"
"64","000","00","035","3517","0058","142","30","112","7","149","343","0","43.44","8.75"
"64","000","00","035","3518","0000","242","99","143","34","276","670","0","41.19","14.78"
"64","000","00","035","3518","0059","242","99","143","34","276","670","0","41.19","14.78"
"64","000","00","036","0000","0000","1070","233","837","43","1113","1615","1999","68.92","14.43"
"64","000","00","036","3601","0000","472","88","384","15","487","726","0","67.08","12.12"
"64","000","00","036","3601","0129","472","88","384","15","487","726","0","67.08","12.12"
"64","000","00","036","3602","0000","255","66","189","15","270","382","0","70.68","17.28"
"64","000","00","036","3602","0128","255","66","189","15","270","382","0","70.68","17.28"
"64","000","00","036","3603","0000","343","79","264","13","356","507","0","70.22","15.58"
"64","000","00","036","3603","0127","343","79","264","13","356","507","0","70.22","15.58"
"64","000","00","037","0000","0000","1771","395","1376","75","1846","3498","4310","52.77","11.29"
"64","000","00","037","3701","0000","373","82","291","8","381","783","0","48.66","10.47"
"64","000","00","037","3701","0005","373","82","291","8","381","783","0","48.66","10.47"
"64","000","00","037","3702","0000","238","58","180","18","256","472","0","54.24","12.29"
"64","000","00","037","3702","0008","238","58","180","18","256","472","0","54.24","12.29"
"64","000","00","037","3703","0000","400","69","331","16","416","612","0","67.97","11.27"
"64","000","00","037","3703","0007","400","69","331","16","416","612","0","67.97","11.27"
"64","000","00","037","3704","0000","189","66","123","7","196","632","0","31.01","10.44"
"64","000","00","037","3704","0006","189","66","123","7","196","632","0","31.01","10.44"
"64","000","00","037","3705","0000","113","24","89","5","118","223","0","52.91","10.76"
"64","000","00","037","3705","0004","113","24","89","5","118","223","0","52.91","10.76"
"64","000","00","037","3706","0000","187","25","162","6","193","279","0","69.18","8.96"
"64","000","00","037","3706","0003","187","25","162","6","193","279","0","69.18","8.96"
"64","000","00","037","3707","0000","159","31","128","13","172","233","0","73.82","13.3"
"64","000","00","037","3707","0002","159","31","128","13","172","233","0","73.82","13.3"
"64","000","00","037","3708","0000","112","40","72","2","114","264","0","43.18","15.15"
"64","000","00","037","3708","0001","112","40","72","2","114","264","0","43.18","15.15"
"64","000","00","038","0000","0000","1486","285","1201","117","1603","2424","3143","66.13","11.76"
"64","000","00","038","3801","0000","753","181","572","74","827","1326","0","62.37","13.65"
"64","000","00","038","3801","0009","383","106","277","23","406","741","0","54.79","14.3"
"64","000","00","038","3801","0010","370","75","295","51","421","585","0","71.97","12.82"
"64","000","00","038","3802","0000","443","67","376","29","472","609","0","77.5","11.0"
"64","000","00","038","3802","0011","443","67","376","29","472","609","0","77.5","11.0"
"64","000","00","038","3803","0000","290","37","253","14","304","489","0","62.17","7.57"
"64","000","00","038","3803","0012","290","37","253","14","304","489","0","62.17","7.57"
"10","004","00","000","0000","0000","240611","73718","166893","11635","252246","445051","556307","56.68","16.56"
"10","004","00","001","0000","0000","77059","27093","49966","2904","79963","137129","186411","58.31","19.76"
"10","004","00","001","0101","0000","3461","1265","2196","102","3563","5988","0","59.5","21.13"
"10","004","00","001","0101","0041","744","272","472","13","757","1301","0","58.19","20.91"
"10","004","00","001","0101","0042","1017","408","609","27","1044","1798","0","58.06","22.69"
"10","004","00","001","0101","0043","818","280","538","34","852","1427","0","59.71","19.62"
"10","004","00","001","0101","0044","882","305","577","28","910","1462","0","62.24","20.86"
"10","004","00","001","0102","0000","5594","2047","3547","123","5717","9417","0","60.71","21.74"
"10","004","00","001","0102","0001","833","277","556","20","853","1319","0","64.67","21.0"
"10","004","00","001","0102","0002","788","298","490","18","806","1321","0","61.01","22.56"
"10","004","00","001","0102","0003","776","264","512","22","798","1272","0","62.74","20.75"
"10","004","00","001","0102","0004","829","290","539","20","849","1467","0","57.87","19.77"
"10","004","00","001","0102","0005","698","264","434","17","715","1226","0","58.32","21.53"
"10","004","00","001","0102","0006","791","303","488","15","806","1412","0","57.08","21.46"
"10","004","00","001","0102","0007","879","351","528","11","890","1400","0","63.57","25.07"
"10","004","00","001","0103","0000","5811","2676","3135","139","5950","10185","0","58.42","26.27"
"10","004","00","001","0103","0008","850","367","483","28","878","1415","0","62.05","25.94"
"10","004","00","001","0103","0009","782","314","468","19","801","1361","0","58.85","23.07"
"10","004","00","001","0103","0010","828","389","439","13","841","1515","0","55.51","25.68"
"10","004","00","001","0103","0011","878","370","508","23","901","1495","0","60.27","24.75"
"10","004","00","001","0103","0012","822","458","364","20","842","1417","0","59.42","32.32"
"10","004","00","001","0103","0013","867","396","471","22","889","1548","0","57.43","25.58"
"10","004","00","001","0103","0014","784","382","402","14","798","1434","0","55.65","26.64"
"10","004","00","001","0104","0000","3834","1490","2344","106","3940","6515","0","60.48","22.87"
"10","004","00","001","0104","0015","786","300","486","30","816","1385","0","58.92","21.66"
"10","004","00","001","0104","0016","789","311","478","7","796","1247","0","63.83","24.94"
"10","004","00","001","0104","0017","765","309","456","30","795","1373","0","57.9","22.51"
"10","004","00","001","0104","0018","845","367","478","15","860","1345","0","63.94","27.29"
"10","004","00","001","0104","0019","649","203","446","24","673","1165","0","57.77","17.42"
"10","004","00","001","0105","0000","1456","585","871","51","1507","2376","0","63.43","24.62"
"10","004","00","001","0105","0020","726","291","435","25","751","1164","0","64.52","25.0"
"10","004","00","001","0105","0021","730","294","436","26","756","1212","0","62.38","24.26"
"10","004","00","001","0106","0000","1541","414","1127","51","1592","3083","0","51.64","13.43"
"10","004","00","001","0106","0022","744","199","545","17","761","1507","0","50.5","13.21"
"10","004","00","001","0106","0023","797","215","582","34","831","1576","0","52.73","13.64"
"10","004","00","001","0107","0000","3346","1094","2252","133","3479","6111","0","56.93","17.9"
"10","004","00","001","0107","0056","765","228","537","23","788","1477","0","53.35","15.44"
"10","004","00","001","0107","0057","941","325","616","40","981","1611","0","60.89","20.17"
"10","004","00","001","0107","0058","869","290","579","39","908","1555","0","58.39","18.65"
"10","004","00","001","0107","0059","771","251","520","31","802","1468","0","54.63","17.1"
"10","004","00","001","0108","0000","5027","1544","3483","216","5243","8856","0","59.2","17.43"
"10","004","00","001","0108","0060","878","268","610","23","901","1509","0","59.71","17.76"
"10","004","00","001","0108","0061","862","260","602","28","890","1602","0","55.56","16.23"
"10","004","00","001","0108","0062","828","257","571","41","869","1448","0","60.01","17.75"
"10","004","00","001","0108","0063","769","233","536","30","799","1318","0","60.62","17.68"
"10","004","00","001","0108","0064","973","328","645","36","1009","1634","0","61.75","20.07"
"10","004","00","001","0108","0065","717","198","519","58","775","1345","0","57.62","14.72"
"10","004","00","001","0109","0000","2868","922","1946","129","2997","5746","0","52.16","16.05"
"10","004","00","001","0109","0069","827","263","564","33","860","1483","0","57.99","17.73"
"10","004","00","001","0109","0070","701","231","470","48","749","1332","0","56.23","17.34"
"10","004","00","001","0109","0071","739","232","507","28","767","1482","0","51.75","15.65"
"10","004","00","001","0109","0072","601","196","405","20","621","1449","0","42.86","13.53"
"10","004","00","001","0110","0000","2970","936","2034","112","3082","5703","0","54.04","16.41"
"10","004","00","001","0110","0073","703","223","480","17","720","1319","0","54.59","16.91"
"10","004","00","001","0110","0074","699","213","486","30","729","1332","0","54.73","15.99"
"10","004","00","001","0110","0075","721","251","470","28","749","1412","0","53.05","17.78"
"10","004","00","001","0110","0076","847","249","598","37","884","1640","0","53.9","15.18"
"10","004","00","001","0111","0000","3738","1166","2572","168","3906","6849","0","57.03","17.02"
"10","004","00","001","0111","0077","750","228","522","31","781","1323","0","59.03","17.23"
"10","004","00","001","0111","0078","803","274","529","45","848","1428","0","59.38","19.19"
"10","004","00","001","0111","0079","857","263","594","35","892","1533","0","58.19","17.16"
"10","004","00","001","0111","0080","693","238","455","23","716","1346","0","53.19","17.68"
"10","004","00","001","0111","0081","635","163","472","34","669","1219","0","54.88","13.37"
"10","004","00","001","0112","0000","2443","744","1699","108","2551","4458","0","57.22","16.69"
"10","004","00","001","0112","0086","779","224","555","52","831","1383","0","60.09","16.2"
"10","004","00","001","0112","0087","875","278","597","38","913","1569","0","58.19","17.72"
"10","004","00","001","0112","0088","789","242","547","18","807","1506","0","53.59","16.07"
"10","004","00","001","0113","0000","1074","324","750","59","1133","1951","0","58.07","16.61"
"10","004","00","001","0113","0089","475","128","347","31","506","877","0","57.7","14.6"
"10","004","00","001","0113","0090","599","196","403","28","627","1074","0","58.38","18.25"
"10","004","00","001","0114","0000","1406","433","973","92","1498","2425","0","61.77","17.86"
"10","004","00","001","0114","0091","665","201","464","40","705","1089","0","64.74","18.46"
"10","004","00","001","0114","0092","741","232","509","52","793","1336","0","59.36","17.37"
"10","004","00","001","0115","0000","1237","377","860","77","1314","2143","0","61.32","17.59"
"10","004","00","001","0115","0094","591","191","400","34","625","937","0","66.7","20.38"
"10","004","00","001","0115","0095","646","186","460","43","689","1206","0","57.13","15.42"
"10","004","00","001","0116","0000","663","206","457","40","703","1205","0","58.34","17.1"
"10","004","00","001","0116","0096","663","206","457","40","703","1205","0","58.34","17.1"
"10","004","00","001","0117","0000","863","266","597","68","931","1585","0","58.74","16.78"
"10","004","00","001","0117","0098","483","143","340","44","527","917","0","57.47","15.59"
"10","004","00","001","0117","0099","380","123","257","24","404","668","0","60.48","18.41"
"10","004","00","001","0118","0000","1005","301","704","79","1084","1914","0","56.64","15.73"
"10","004","00","001","0118","0102","542","164","378","60","602","977","0","61.62","16.79"
"10","004","00","001","0118","0103","463","137","326","19","482","937","0","51.44","14.62"
"10","004","00","001","0119","0000","957","315","642","72","1029","1718","0","59.9","18.34"
"10","004","00","001","0119","0097","957","315","642","72","1029","1718","0","59.9","18.34"
"10","004","00","001","0120","0000","840","377","463","86","926","1606","0","57.66","23.47"
"10","004","00","001","0120","0100","433","133","300","28","461","824","0","55.95","16.14"
"10","004","00","001","0120","0101","407","244","163","58","465","782","0","59.46","31.2"
"10","004","00","001","0121","0000","3593","1323","2270","96","3689","6176","0","59.73","21.42"
"10","004","00","001","0121","0030","726","270","456","14","740","1196","0","61.87","22.58"
"10","004","00","001","0121","0031","719","258","461","24","743","1235","0","60.16","20.89"
"10","004","00","001","0121","0032","672","260","412","14","686","1204","0","56.98","21.59"
"10","004","00","001","0121","0033","774","264","510","29","803","1308","0","61.39","20.18"
"10","004","00","001","0121","0034","702","271","431","15","717","1233","0","58.15","21.98"
"10","004","00","001","0122","0000","3000","978","2022","157","3157","5664","0","55.74","17.27"
"10","004","00","001","0122","0082","847","267","580","50","897","1466","0","61.19","18.21"
"10","004","00","001","0122","0083","600","223","377","32","632","1147","0","55.1","19.44"
"10","004","00","001","0122","0084","710","246","464","39","749","1529","0","48.99","16.09"
"10","004","00","001","0122","0085","843","242","601","36","879","1522","0","57.75","15.9"
"10","004","00","001","0123","0000","569","185","384","35","604","1058","0","57.09","17.49"
"10","004","00","001","0123","0093","569","185","384","35","604","1058","0","57.09","17.49"
"10","004","00","001","0124","0000","2304","718","1586","74","2378","3738","0","63.62","19.21"
"10","004","00","001","0124","0049","696","242","454","26","722","1181","0","61.13","20.49"
"10","004","00","001","0124","0050","837","236","601","23","860","1329","0","64.71","17.76"
"10","004","00","001","0124","0051","771","240","531","25","796","1228","0","64.82","19.54"
"10","004","00","001","0125","0000","3302","1105","2197","92","3394","5989","0","56.67","18.45"
"10","004","00","001","0125","0052","852","340","512","24","876","1552","0","56.44","21.91"
"10","004","00","001","0125","0053","871","260","611","21","892","1480","0","60.27","17.57"
"10","004","00","001","0125","0054","804","266","538","14","818","1487","0","55.01","17.89"
"10","004","00","001","0125","0055","775","239","536","33","808","1470","0","54.97","16.26"
"10","004","00","001","0126","0000","1907","557","1350","87","1994","3204","0","62.23","17.38"
"10","004","00","001","0126","0066","600","183","417","18","618","958","0","64.51","19.1"
"10","004","00","001","0126","0067","676","194","482","29","705","1112","0","63.4","17.45"
"10","004","00","001","0126","0068","631","180","451","40","671","1134","0","59.17","15.87"
"10","004","00","001","0127","0000","3102","1279","1823","116","3218","5749","0","55.97","22.25"
"10","004","00","001","0127","0024","802","295","507","26","828","1464","0","56.56","20.15"
"10","004","00","001","0127","0025","793","332","461","23","816","1428","0","57.14","23.25"
"10","004","00","001","0127","0026","712","370","342","18","730","1442","0","50.62","25.66"
"10","004","00","001","0127","0027","795","282","513","49","844","1415","0","59.65","19.93"
"10","004","00","001","0128","0000","1741","726","1015","32","1773","3417","0","51.89","21.25"
"10","004","00","001","0128","0028","819","351","468","13","832","1666","0","49.94","21.07"
"10","004","00","001","0128","0029","922","375","547","19","941","1751","0","53.74","21.42"
"10","004","00","001","0129","0000","1989","702","1287","56","2045","3312","0","61.75","21.2"
"10","004","00","001","0129","0035","661","233","428","14","675","1129","0","59.79","20.64"
"10","004","00","001","0129","0036","641","227","414","19","660","1069","0","61.74","21.23"
"10","004","00","001","0129","0037","687","242","445","23","710","1114","0","63.73","21.72"
"10","004","00","001","0130","0000","2028","731","1297","60","2088","3265","0","63.95","22.39"
"10","004","00","001","0130","0038","668","239","429","24","692","1103","0","62.74","21.67"
"10","004","00","001","0130","0039","651","234","417","17","668","1029","0","64.92","22.74"
"10","004","00","001","0130","0040","709","258","451","19","728","1133","0","64.25","22.77"
"10","004","00","001","0131","0000","3390","1307","2083","88","3478","5723","0","60.77","22.84"
"10","004","00","001","0131","0045","831","278","553","14","845","1342","0","62.97","20.72"
"10","004","00","001","0131","0046","874","421","453","25","899","1480","0","60.74","28.45"
"10","004","00","001","0131","0047","906","346","560","24","930","1645","0","56.53","21.03"
"10","004","00","001","0131","0048","779","262","517","25","804","1256","0","64.01","20.86"
"10","004","00","002","0000","0000","40637","12175","28462","1990","42627","78794","96358","54.1","15.45"
"10","004","00","002","0201","0000","142","27","115","14","156","309","0","50.49","8.74"
"10","004","00","002","0201","0104","142","27","115","14","156","309","0","50.49","8.74"
"10","004","00","002","0202","0000","192","62","130","23","215","416","0","51.68","14.9"
"10","004","00","002","0202","0105","192","62","130","23","215","416","0","51.68","14.9"
"10","004","00","002","0203","0000","191","54","137","7","198","386","0","51.3","13.99"
"10","004","00","002","0203","0106","191","54","137","7","198","386","0","51.3","13.99"
"10","004","00","002","0204","0000","1120","311","809","39","1159","2225","0","52.09","13.98"
"10","004","00","002","0204","0107","452","124","328","27","479","950","0","50.42","13.05"
"10","004","00","002","0204","0108","668","187","481","12","680","1275","0","53.33","14.67"
"10","004","00","002","0205","0000","1716","472","1244","105","1821","3283","0","55.47","14.38"
"10","004","00","002","0205","0116","684","212","472","44","728","1292","0","56.35","16.41"
"10","004","00","002","0205","0117","550","133","417","18","568","1111","0","51.13","11.97"
"10","004","00","002","0205","0118","482","127","355","43","525","880","0","59.66","14.43"
"10","004","00","002","0206","0000","4661","1306","3355","219","4880","9177","0","53.18","14.23"
"10","004","00","002","0206","0109","624","168","456","33","657","1213","0","54.16","13.85"
"10","004","00","002","0206","0110","839","250","589","33","872","1548","0","56.33","16.15"
"10","004","00","002","0206","0111","603","189","414","28","631","1246","0","50.64","15.17"
"10","004","00","002","0206","0112","545","143","402","31","576","1252","0","46.01","11.42"
"10","004","00","002","0206","0113","684","163","521","36","720","1359","0","52.98","11.99"
"10","004","00","002","0206","0114","639","186","453","35","674","1255","0","53.71","14.82"
"10","004","00","002","0206","0115","727","207","520","23","750","1304","0","57.52","15.87"
"10","004","00","002","0207","0000","2447","676","1771","111","2558","4569","0","55.99","14.8"
"10","004","00","002","0207","0121","566","144","422","45","611","1126","0","54.26","12.79"
"10","004","00","002","0207","0122","564","157","407","26","590","1073","0","54.99","14.63"
"10","004","00","002","0207","0123","669","194","475","26","695","1215","0","57.2","15.97"
"10","004","00","002","0207","0124","648","181","467","14","662","1155","0","57.32","15.67"
"10","004","00","002","0208","0000","368","121","247","21","389","704","0","55.26","17.19"
"10","004","00","002","0208","0128","368","121","247","21","389","704","0","55.26","17.19"
"10","004","00","002","0209","0000","1379","448","931","55","1434","3048","0","47.05","14.7"
"10","004","00","002","0209","0129","355","81","274","27","382","951","0","40.17","8.52"
"10","004","00","002","0209","0130","543","187","356","18","561","984","0","57.01","19.0"
"10","004","00","002","0209","0131","481","180","301","10","491","1113","0","44.12","16.17"
"10","004","00","002","0210","0000","769","204","565","57","826","1357","0","60.87","15.03"
"10","004","00","002","0210","0132","337","84","253","20","357","595","0","60.0","14.12"
"10","004","00","002","0210","0133","432","120","312","37","469","762","0","61.55","15.75"
"10","004","00","002","0211","0000","792","234","558","48","840","1400","0","60.0","16.71"
"10","004","00","002","0211","0142","403","126","277","36","439","715","0","61.4","17.62"
"10","004","00","002","0211","0143","389","108","281","12","401","685","0","58.54","15.77"
"10","004","00","002","0212","0000","1903","541","1362","83","1986","3875","0","51.25","13.96"
"10","004","00","002","0212","0136","624","158","466","20","644","1310","0","49.16","12.06"
"10","004","00","002","0212","0137","665","193","472","40","705","1434","0","49.16","13.46"
"10","004","00","002","0212","0138","614","190","424","23","637","1131","0","56.32","16.8"
"10","004","00","002","0213","0000","1721","502","1219","77","1798","3317","0","54.21","15.13"
"10","004","00","002","0213","0139","513","161","352","19","532","967","0","55.02","16.65"
"10","004","00","002","0213","0140","581","162","419","31","612","1196","0","51.17","13.55"
"10","004","00","002","0213","0141","627","179","448","27","654","1154","0","56.67","15.51"
"10","004","00","002","0214","0000","3710","1156","2554","130","3840","7555","0","50.83","15.3"
"10","004","00","002","0214","0149","634","208","426","12","646","1248","0","51.76","16.67"
"10","004","00","002","0214","0150","552","204","348","18","570","1263","0","45.13","16.15"
"10","004","00","002","0214","0151","591","161","430","25","616","1232","0","50.0","13.07"
"10","004","00","002","0214","0152","519","151","368","25","544","1143","0","47.59","13.21"
"10","004","00","002","0214","0153","810","249","561","26","836","1529","0","54.68","16.29"
"10","004","00","002","0214","0154","604","183","421","24","628","1140","0","55.09","16.05"
"10","004","00","002","0215","0000","3162","1027","2135","184","3346","6204","0","53.93","16.55"
"10","004","00","002","0215","0156","628","198","430","28","656","1345","0","48.77","14.72"
"10","004","00","002","0215","0157","687","251","436","48","735","1381","0","53.22","18.18"
"10","004","00","002","0215","0158","722","245","477","43","765","1379","0","55.47","17.77"
"10","004","00","002","0215","0159","565","168","397","40","605","1033","0","58.57","16.26"
"10","004","00","002","0215","0160","560","165","395","25","585","1066","0","54.88","15.48"
"10","004","00","002","0216","0000","2334","751","1583","120","2454","4350","0","56.41","17.26"
"10","004","00","002","0216","0169","585","187","398","40","625","1083","0","57.71","17.27"
"10","004","00","002","0216","0170","580","194","386","26","606","1102","0","54.99","17.6"
"10","004","00","002","0216","0171","571","178","393","26","597","1068","0","55.9","16.67"
"10","004","00","002","0216","0172","598","192","406","28","626","1097","0","57.06","17.5"
"10","004","00","002","0217","0000","991","263","728","47","1038","1871","0","55.48","14.06"
"10","004","00","002","0217","0173","491","125","366","22","513","962","0","53.33","12.99"
"10","004","00","002","0217","0174","500","138","362","25","525","909","0","57.76","15.18"
"10","004","00","002","0218","0000","278","82","196","25","303","603","0","50.25","13.6"
"10","004","00","002","0218","0175","278","82","196","25","303","603","0","50.25","13.6"
"10","004","00","002","0219","0000","5321","1801","3520","247","5568","10396","0","53.56","17.32"
"10","004","00","002","0219","0161","516","146","370","40","556","938","0","59.28","15.57"
"10","004","00","002","0219","0162","549","165","384","38","587","952","0","61.66","17.33"
"10","004","00","002","0219","0163","839","285","554","44","883","1468","0","60.15","19.41"
"10","004","00","002","0219","0164","955","454","501","24","979","1915","0","51.12","23.71"
"10","004","00","002","0219","0165","595","186","409","43","638","1220","0","52.3","15.25"
"10","004","00","002","0219","0166","518","162","356","14","532","1166","0","45.63","13.89"
"10","004","00","002","0219","0167","715","208","507","20","735","1492","0","49.26","13.94"
"10","004","00","002","0219","0168","634","195","439","24","658","1245","0","52.85","15.66"
"10","004","00","002","0220","0000","956","293","663","58","1014","1727","0","58.71","16.97"
"10","004","00","002","0220","0125","453","135","318","35","488","852","0","57.28","15.85"
"10","004","00","002","0220","0126","503","158","345","23","526","875","0","60.11","18.06"
"10","004","00","002","0221","0000","1062","302","760","57","1119","1914","0","58.46","15.78"
"10","004","00","002","0221","0119","375","114","261","19","394","670","0","58.81","17.01"
"10","004","00","002","0221","0120","687","188","499","38","725","1244","0","58.28","15.11"
"10","004","00","002","0222","0000","620","144","476","32","652","1070","0","60.93","13.46"
"10","004","00","002","0222","0127","620","144","476","32","652","1070","0","60.93","13.46"
"10","004","00","002","0223","0000","3654","1035","2619","164","3818","6892","0","55.4","15.02"
"10","004","00","002","0223","0144","680","210","470","39","719","1352","0","53.18","15.53"
"10","004","00","002","0223","0145","771","206","565","35","806","1407","0","57.29","14.64"
"10","004","00","002","0223","0146","726","194","532","21","747","1362","0","54.85","14.24"
"10","004","00","002","0223","0147","737","204","533","27","764","1330","0","57.44","15.34"
"10","004","00","002","0223","0148","740","221","519","42","782","1441","0","54.27","15.34"
"10","004","00","002","0224","0000","805","264","541","44","849","1576","0","53.87","16.75"
"10","004","00","002","0224","0134","410","140","270","20","430","763","0","56.36","18.35"
"10","004","00","002","0224","0135","395","124","271","24","419","813","0","51.54","15.25"
"10","004","00","002","0225","0000","343","99","244","23","366","570","0","64.21","17.37"
"10","004","00","002","0225","0155","343","99","244","23","366","570","0","64.21","17.37"
"10","004","00","003","0000","0000","15432","4323","11109","870","16302","28894","33106","56.42","14.96"
"10","004","00","003","0301","0000","621","162","459","38","659","1139","0","57.86","14.22"
"10","004","00","003","0301","0194","621","162","459","38","659","1139","0","57.86","14.22"
"10","004","00","003","0302","0000","472","108","364","24","496","861","0","57.61","12.54"
"10","004","00","003","0302","0195","472","108","364","24","496","861","0","57.61","12.54"
"10","004","00","003","0303","0000","2098","598","1500","100","2198","4271","0","51.46","14.0"
"10","004","00","003","0303","0196","533","147","386","24","557","1093","0","50.96","13.45"
"10","004","00","003","0303","0197","480","131","349","27","507","978","0","51.84","13.39"
"10","004","00","003","0303","0198","496","136","360","17","513","1040","0","49.33","13.08"
"10","004","00","003","0303","0199","589","184","405","32","621","1160","0","53.53","15.86"
"10","004","00","003","0304","0000","1064","261","803","70","1134","1965","0","57.71","13.28"
"10","004","00","003","0304","0184","513","128","385","25","538","948","0","56.75","13.5"
"10","004","00","003","0304","0185","551","133","418","45","596","1017","0","58.6","13.08"
"10","004","00","003","0305","0000","1812","544","1268","82","1894","3320","0","57.05","16.39"
"10","004","00","003","0305","0186","688","209","479","28","716","1176","0","60.88","17.77"
"10","004","00","003","0305","0187","660","195","465","39","699","1122","0","62.3","17.38"
"10","004","00","003","0305","0188","464","140","324","15","479","1022","0","46.87","13.7"
"10","004","00","003","0306","0000","956","263","693","44","1000","1829","0","54.67","14.38"
"10","004","00","003","0306","0182","518","129","389","23","541","924","0","58.55","13.96"
"10","004","00","003","0306","0183","438","134","304","21","459","905","0","50.72","14.81"
"10","004","00","003","0307","0000","1439","382","1057","69","1508","2526","0","59.7","15.12"
"10","004","00","003","0307","0179","495","132","363","27","522","935","0","55.83","14.12"
"10","004","00","003","0307","0180","416","108","308","19","435","753","0","57.77","14.34"
"10","004","00","003","0307","0181","528","142","386","23","551","838","0","65.75","16.95"
"10","004","00","003","0308","0000","566","151","415","22","588","983","0","59.82","15.36"
"10","004","00","003","0308","0176","566","151","415","22","588","983","0","59.82","15.36"
"10","004","00","003","0309","0000","347","137","210","22","369","597","0","61.81","22.95"
"10","004","00","003","0309","0177","347","137","210","22","369","597","0","61.81","22.95"
"10","004","00","003","0310","0000","575","163","412","24","599","1070","0","55.98","15.23"
"10","004","00","003","0310","0178","575","163","412","24","599","1070","0","55.98","15.23"
"10","004","00","003","0311","0000","1013","289","724","62","1075","1832","0","58.68","15.78"
"10","004","00","003","0311","0200","539","172","367","37","576","950","0","60.63","18.11"
"10","004","00","003","0311","0201","474","117","357","25","499","882","0","56.58","13.27"
"10","004","00","003","0312","0000","1308","413","895","83","1391","2493","0","55.8","16.57"
"10","004","00","003","0312","0202","694","226","468","46","740","1281","0","57.77","17.64"
"10","004","00","003","0312","0203","614","187","427","37","651","1212","0","53.71","15.43"
"10","004","00","003","0313","0000","450","127","323","35","485","1013","0","47.88","12.54"
"10","004","00","003","0313","0204","450","127","323","35","485","1013","0","47.88","12.54"
"10","004","00","003","0314","0000","379","113","266","23","402","630","0","63.81","17.94"
"10","004","00","003","0314","0205","379","113","266","23","402","630","0","63.81","17.94"
"10","004","00","003","0315","0000","630","167","463","49","679","1144","0","59.35","14.6"
"10","004","00","003","0315","0193","630","167","463","49","679","1144","0","59.35","14.6"
"10","004","00","003","0316","0000","676","189","487","37","713","1429","0","49.9","13.23"
"10","004","00","003","0316","0189","676","189","487","37","713","1429","0","49.9","13.23"
"10","004","00","003","0317","0000","272","68","204","33","305","451","0","67.63","15.08"
"10","004","00","003","0317","0190","272","68","204","33","305","451","0","67.63","15.08"
"10","004","00","003","0318","0000","388","109","279","25","413","724","0","57.04","15.06"
"10","004","00","003","0318","0191","388","109","279","25","413","724","0","57.04","15.06"
"10","004","00","003","0319","0000","366","79","287","28","394","617","0","63.86","12.8"
"10","004","00","003","0319","0192","366","79","287","28","394","617","0","63.86","12.8"
"10","004","00","004","0000","0000","13278","3623","9655","786","14064","24712","28659","56.91","14.66"
"10","004","00","004","0401","0000","293","64","229","16","309","480","0","64.38","13.33"
"10","004","00","004","0401","0206","293","64","229","16","309","480","0","64.38","13.33"
"10","004","00","004","0402","0000","1071","312","759","63","1134","1923","0","58.97","16.22"
"10","004","00","004","0402","0207","513","160","353","27","540","903","0","59.8","17.72"
"10","004","00","004","0402","0208","558","152","406","36","594","1020","0","58.24","14.9"
"10","004","00","004","0403","0000","389","110","279","17","406","705","0","57.59","15.6"
"10","004","00","004","0403","0209","389","110","279","17","406","705","0","57.59","15.6"
"10","004","00","004","0404","0000","1934","512","1422","112","2046","3618","0","56.55","14.15"
"10","004","00","004","0404","0210","555","136","419","26","581","1056","0","55.02","12.88"
"10","004","00","004","0404","0211","660","181","479","39","699","1275","0","54.82","14.2"
"10","004","00","004","0404","0212","719","195","524","47","766","1287","0","59.52","15.15"
"10","004","00","004","0405","0000","526","250","276","47","573","1046","0","54.78","23.9"
"10","004","00","004","0405","0214","526","250","276","47","573","1046","0","54.78","23.9"
"10","004","00","004","0406","0000","430","108","322","36","466","771","0","60.44","14.01"
"10","004","00","004","0406","0213","430","108","322","36","466","771","0","60.44","14.01"
"10","004","00","004","0407","0000","562","148","414","41","603","1030","0","58.54","14.37"
"10","004","00","004","0407","0215","562","148","414","41","603","1030","0","58.54","14.37"
"10","004","00","004","0408","0000","1834","509","1325","94","1928","3653","0","52.78","13.93"
"10","004","00","004","0408","0216","653","184","469","31","684","1208","0","56.62","15.23"
"10","004","00","004","0408","0217","517","135","382","15","532","1095","0","48.58","12.33"
"10","004","00","004","0408","0218","664","190","474","48","712","1350","0","52.74","14.07"
"10","004","00","004","0409","0000","707","186","521","41","748","1362","0","54.92","13.66"
"10","004","00","004","0409","0220","707","186","521","41","748","1362","0","54.92","13.66"
"10","004","00","004","0410","0000","248","69","179","19","267","551","0","48.46","12.52"
"10","004","00","004","0410","0222","248","69","179","19","267","551","0","48.46","12.52"
"10","004","00","004","0411","0000","292","69","223","27","319","572","0","55.77","12.06"
"10","004","00","004","0411","0224","292","69","223","27","319","572","0","55.77","12.06"
"10","004","00","004","0412","0000","476","94","382","30","506","943","0","53.66","9.97"
"10","004","00","004","0412","0225","476","94","382","30","506","943","0","53.66","9.97"
"10","004","00","004","0413","0000","176","53","123","15","191","461","0","41.43","11.5"
"10","004","00","004","0413","0223","176","53","123","15","191","461","0","41.43","11.5"
"10","004","00","004","0414","0000","435","130","305","36","471","808","0","58.29","16.09"
"10","004","00","004","0414","0226","435","130","305","36","471","808","0","58.29","16.09"
"10","004","00","004","0415","0000","1069","283","786","49","1118","1826","0","61.23","15.5"
"10","004","00","004","0415","0227","560","148","412","23","583","923","0","63.16","16.03"
"10","004","00","004","0415","0228","509","135","374","26","535","903","0","59.25","14.95"
"10","004","00","004","0416","0000","490","132","358","24","514","824","0","62.38","16.02"
"10","004","00","004","0416","0230","490","132","358","24","514","824","0","62.38","16.02"
"10","004","00","004","0417","0000","348","80","268","14","362","559","0","64.76","14.31"
"10","004","00","004","0417","0231","348","80","268","14","362","559","0","64.76","14.31"
"10","004","00","004","0418","0000","503","140","363","31","534","854","0","62.53","16.39"
"10","004","00","004","0418","0232","503","140","363","31","534","854","0","62.53","16.39"
"10","004","00","004","0419","0000","510","150","360","26","536","846","0","63.36","17.73"
"10","004","00","004","0419","0219","510","150","360","26","536","846","0","63.36","17.73"
"10","004","00","004","0420","0000","429","92","337","25","454","903","0","50.28","10.19"
"10","004","00","004","0420","0221","429","92","337","25","454","903","0","50.28","10.19"
"10","004","00","004","0421","0000","556","132","424","23","579","977","0","59.26","13.51"
"10","004","00","004","0421","0229","556","132","424","23","579","977","0","59.26","13.51"
"10","004","00","005","0000","0000","34010","9767","24243","1712","35722","63511","77604","56.25","15.38"
"10","004","00","005","0501","0000","739","218","521","35","774","1272","0","60.85","17.14"
"10","004","00","005","0501","0245","739","218","521","35","774","1272","0","60.85","17.14"
"10","004","00","005","0502","0000","480","138","342","47","527","851","0","61.93","16.22"
"10","004","00","005","0502","0244","480","138","342","47","527","851","0","61.93","16.22"
"10","004","00","005","0503","0000","2289","660","1629","99","2388","3993","0","59.8","16.53"
"10","004","00","005","0503","0241","784","252","532","37","821","1444","0","56.86","17.45"
"10","004","00","005","0503","0242","794","216","578","41","835","1347","0","61.99","16.04"
"10","004","00","005","0503","0243","711","192","519","21","732","1202","0","60.9","15.97"
"10","004","00","005","0504","0000","2788","891","1897","155","2943","5202","0","56.57","17.13"
"10","004","00","005","0504","0250","712","239","473","43","755","1402","0","53.85","17.05"
"10","004","00","005","0504","0251","667","183","484","40","707","1183","0","59.76","15.47"
"10","004","00","005","0504","0252","645","245","400","33","678","1282","0","52.89","19.11"
"10","004","00","005","0504","0253","764","224","540","39","803","1335","0","60.15","16.78"
"10","004","00","005","0505","0000","1621","437","1184","87","1708","2835","0","60.25","15.41"
"10","004","00","005","0505","0246","702","187","515","37","739","1275","0","57.96","14.67"
"10","004","00","005","0505","0247","919","250","669","50","969","1560","0","62.12","16.03"
"10","004","00","005","0506","0000","2526","698","1828","129","2655","4714","0","56.32","14.81"
"10","004","00","005","0506","0238","949","280","669","48","997","1719","0","58.0","16.29"
"10","004","00","005","0506","0239","677","191","486","39","716","1162","0","61.62","16.44"
"10","004","00","005","0506","0240","900","227","673","42","942","1833","0","51.39","12.38"
"10","004","00","005","0507","0000","1523","445","1078","71","1594","2898","0","55.0","15.36"
"10","004","00","005","0507","0233","692","205","487","31","723","1393","0","51.9","14.72"
"10","004","00","005","0507","0234","831","240","591","40","871","1505","0","57.87","15.95"
"10","004","00","005","0508","0000","1597","411","1186","69","1666","3140","0","53.06","13.09"
"10","004","00","005","0508","0258","588","166","422","31","619","1193","0","51.89","13.91"
"10","004","00","005","0508","0259","1009","245","764","38","1047","1947","0","53.78","12.58"
"10","004","00","005","0509","0000","617","165","452","56","673","1125","0","59.82","14.67"
"10","004","00","005","0509","0260","617","165","452","56","673","1125","0","59.82","14.67"
"10","004","00","005","0510","0000","1542","423","1119","72","1614","2783","0","57.99","15.2"
"10","004","00","005","0510","0261","578","140","438","34","612","1050","0","58.29","13.33"
"10","004","00","005","0510","0262","964","283","681","38","1002","1733","0","57.82","16.33"
"10","004","00","005","0511","0000","1326","369","957","65","1391","2346","0","59.29","15.73"
"10","004","00","005","0511","0263","726","208","518","32","758","1284","0","59.03","16.2"
"10","004","00","005","0511","0264","600","161","439","33","633","1062","0","59.6","15.16"
"10","004","00","005","0512","0000","796","210","586","55","851","1547","0","55.01","13.57"
"10","004","00","005","0512","0265","796","210","586","55","851","1547","0","55.01","13.57"
"10","004","00","005","0513","0000","1265","332","933","92","1357","2197","0","61.77","15.11"
"10","004","00","005","0513","0256","629","160","469","43","672","1082","0","62.11","14.79"
"10","004","00","005","0513","0257","636","172","464","49","685","1115","0","61.43","15.43"
"10","004","00","005","0514","0000","2532","947","1585","120","2652","5072","0","52.29","18.67"
"10","004","00","005","0514","0270","575","162","413","26","601","1058","0","56.81","15.31"
"10","004","00","005","0514","0271","515","360","155","19","534","1220","0","43.77","29.51"
"10","004","00","005","0514","0272","721","232","489","30","751","1333","0","56.34","17.4"
"10","004","00","005","0514","0273","721","193","528","45","766","1461","0","52.43","13.21"
"10","004","00","005","0515","0000","1631","445","1186","89","1720","3233","0","53.2","13.76"
"10","004","00","005","0515","0277","707","200","507","35","742","1495","0","49.63","13.38"
"10","004","00","005","0515","0278","400","101","299","34","434","752","0","57.71","13.43"
"10","004","00","005","0515","0279","524","144","380","20","544","986","0","55.17","14.6"
"10","004","00","005","0516","0000","2807","843","1964","115","2922","5896","0","49.56","14.3"
"10","004","00","005","0516","0266","718","202","516","33","751","1494","0","50.27","13.52"
"10","004","00","005","0516","0267","750","215","535","36","786","1634","0","48.1","13.16"
"10","004","00","005","0516","0268","656","207","449","26","682","1444","0","47.23","14.34"
"10","004","00","005","0516","0269","683","219","464","20","703","1324","0","53.1","16.54"
"10","004","00","005","0517","0000","1885","503","1382","57","1942","3370","0","57.63","14.93"
"10","004","00","005","0517","0254","897","248","649","34","931","1493","0","62.36","16.61"
"10","004","00","005","0517","0255","988","255","733","23","1011","1877","0","53.86","13.59"
"10","004","00","005","0518","0000","1614","432","1182","101","1715","2876","0","59.63","15.02"
"10","004","00","005","0518","0248","671","192","479","64","735","1147","0","64.08","16.74"
"10","004","00","005","0518","0249","943","240","703","37","980","1729","0","56.68","13.88"
"10","004","00","005","0519","0000","2343","624","1719","104","2447","4123","0","59.35","15.13"
"10","004","00","005","0519","0235","736","206","530","29","765","1188","0","64.39","17.34"
"10","004","00","005","0519","0236","696","165","531","34","730","1267","0","57.62","13.02"
"10","004","00","005","0519","0237","911","253","658","41","952","1668","0","57.07","15.17"
"10","004","00","005","0520","0000","2089","576","1513","94","2183","4038","0","54.06","14.26"
"10","004","00","005","0520","0274","766","209","557","22","788","1429","0","55.14","14.63"
"10","004","00","005","0520","0275","688","199","489","27","715","1506","0","47.48","13.21"
"10","004","00","005","0520","0276","635","168","467","45","680","1103","0","61.65","15.23"
"10","004","00","006","0000","0000","24446","7092","17354","1199","25645","45790","56957","56.01","15.49"
"10","004","00","006","0601","0000","540","148","392","44","584","1080","0","54.07","13.7"
"10","004","00","006","0601","0280","540","148","392","44","584","1080","0","54.07","13.7"
"10","004","00","006","0602","0000","893","262","631","58","951","1799","0","52.86","14.56"
"10","004","00","006","0602","0288","431","132","299","30","461","824","0","55.95","16.02"
"10","004","00","006","0602","0289","462","130","332","28","490","975","0","50.26","13.33"
"10","004","00","006","0603","0000","955","280","675","52","1007","1841","0","54.7","15.21"
"10","004","00","006","0603","0281","445","131","314","23","468","887","0","52.76","14.77"
"10","004","00","006","0603","0282","510","149","361","29","539","954","0","56.5","15.62"
"10","004","00","006","0604","0000","1399","437","962","99","1498","2743","0","54.61","15.93"
"10","004","00","006","0604","0291","778","223","555","52","830","1477","0","56.19","15.1"
"10","004","00","006","0604","0292","621","214","407","47","668","1266","0","52.76","16.9"
"10","004","00","006","0605","0000","903","258","645","64","967","1765","0","54.79","14.62"
"10","004","00","006","0605","0286","485","141","344","42","527","891","0","59.15","15.82"
"10","004","00","006","0605","0287","418","117","301","22","440","874","0","50.34","13.39"
"10","004","00","006","0606","0000","434","140","294","40","474","847","0","55.96","16.53"
"10","004","00","006","0606","0290","434","140","294","40","474","847","0","55.96","16.53"
"10","004","00","006","0607","0000","1723","496","1227","113","1836","3232","0","56.81","15.35"
"10","004","00","006","0607","0283","537","166","371","36","573","1003","0","57.13","16.55"
"10","004","00","006","0607","0284","566","147","419","38","604","1106","0","54.61","13.29"
"10","004","00","006","0607","0285","620","183","437","39","659","1123","0","58.68","16.3"
"10","004","00","006","0608","0000","2776","785","1991","128","2904","5237","0","55.45","14.99"
"10","004","00","006","0608","0305","758","207","551","30","788","1302","0","60.52","15.9"
"10","004","00","006","0608","0306","759","200","559","33","792","1410","0","56.17","14.18"
"10","004","00","006","0608","0307","666","189","477","28","694","1267","0","54.78","14.92"
"10","004","00","006","0608","0308","593","189","404","37","630","1258","0","50.08","15.02"
"10","004","00","006","0609","0000","1037","281","756","100","1137","2092","0","54.35","13.43"
"10","004","00","006","0609","0293","504","133","371","57","561","1029","0","54.52","12.93"
"10","004","00","006","0609","0294","533","148","385","43","576","1063","0","54.19","13.92"
"10","004","00","006","0610","0000","1355","387","968","44","1399","2500","0","55.96","15.48"
"10","004","00","006","0610","0295","572","160","412","16","588","1055","0","55.73","15.17"
"10","004","00","006","0610","0296","783","227","556","28","811","1445","0","56.12","15.71"
"10","004","00","006","0611","0000","2454","698","1756","75","2529","4382","0","57.71","15.93"
"10","004","00","006","0611","0311","654","189","465","25","679","1157","0","58.69","16.34"
"10","004","00","006","0611","0312","549","153","396","26","575","1089","0","52.8","14.05"
"10","004","00","006","0611","0313","654","188","466","8","662","1160","0","57.07","16.21"
"10","004","00","006","0611","0314","597","168","429","16","613","976","0","62.81","17.21"
"10","004","00","006","0612","0000","763","225","538","18","781","1486","0","52.56","15.14"
"10","004","00","006","0612","0303","763","225","538","18","781","1486","0","52.56","15.14"
"10","004","00","006","0613","0000","624","162","462","45","669","1067","0","62.7","15.18"
"10","004","00","006","0613","0304","624","162","462","45","669","1067","0","62.7","15.18"
"10","004","00","006","0614","0000","2104","625","1479","64","2168","3519","0","61.61","17.76"
"10","004","00","006","0614","0297","846","261","585","22","868","1413","0","61.43","18.47"
"10","004","00","006","0614","0298","600","179","421","20","620","971","0","63.85","18.43"
"10","004","00","006","0614","0299","658","185","473","22","680","1135","0","59.91","16.3"
"10","004","00","006","0615","0000","2241","664","1577","105","2346","4188","0","56.02","15.85"
"10","004","00","006","0615","0300","648","201","447","35","683","1269","0","53.82","15.84"
"10","004","00","006","0615","0301","675","179","496","37","712","1257","0","56.64","14.24"
"10","004","00","006","0615","0302","918","284","634","33","951","1662","0","57.22","17.09"
"10","004","00","006","0616","0000","2871","867","2004","108","2979","5339","0","55.8","16.24"
"10","004","00","006","0616","0315","780","245","535","33","813","1443","0","56.34","16.98"
"10","004","00","006","0616","0316","616","188","428","22","638","1247","0","51.16","15.08"
"10","004","00","006","0616","0317","776","230","546","16","792","1411","0","56.13","16.3"
"10","004","00","006","0616","0318","699","204","495","37","736","1238","0","59.45","16.48"
"10","004","00","006","0617","0000","1374","377","997","42","1416","2673","0","52.97","14.1"
"10","004","00","006","0617","0309","595","180","415","17","612","1217","0","50.29","14.79"
"10","004","00","006","0617","0310","779","197","582","25","804","1456","0","55.22","13.53"
"10","004","00","007","0000","0000","9622","2767","6855","571","10193","17293","20043","58.94","16.0"
"10","004","00","007","0701","0000","362","99","263","19","381","534","0","71.35","18.54"
"10","004","00","007","0701","0320","362","99","263","19","381","534","0","71.35","18.54"
"10","004","00","007","0702","0000","228","61","167","14","242","417","0","58.03","14.63"
"10","004","00","007","0702","0319","228","61","167","14","242","417","0","58.03","14.63"
"10","004","00","007","0703","0000","540","163","377","25","565","963","0","58.67","16.93"
"10","004","00","007","0703","0321","540","163","377","25","565","963","0","58.67","16.93"
"10","004","00","007","0704","0000","253","83","170","17","270","418","0","64.59","19.86"
"10","004","00","007","0704","0322","253","83","170","17","270","418","0","64.59","19.86"
"10","004","00","007","0705","0000","1334","381","953","70","1404","2666","0","52.66","14.29"
"10","004","00","007","0705","0323","683","174","509","39","722","1312","0","55.03","13.26"
"10","004","00","007","0705","0324","651","207","444","31","682","1354","0","50.37","15.29"
"10","004","00","007","0706","0000","877","255","622","87","964","1582","0","60.94","16.12"
"10","004","00","007","0706","0325","444","143","301","31","475","785","0","60.51","18.22"
"10","004","00","007","0706","0326","433","112","321","56","489","797","0","61.36","14.05"
"10","004","00","007","0707","0000","376","84","292","19","395","623","0","63.4","13.48"
"10","004","00","007","0707","0327","376","84","292","19","395","623","0","63.4","13.48"
"10","004","00","007","0708","0000","405","108","297","37","442","759","0","58.23","14.23"
"10","004","00","007","0708","0328","405","108","297","37","442","759","0","58.23","14.23"
"10","004","00","007","0709","0000","1256","356","900","65","1321","2401","0","55.02","14.83"
"10","004","00","007","0709","0329","609","188","421","39","648","1272","0","50.94","14.78"
"10","004","00","007","0709","0330","647","168","479","26","673","1129","0","59.61","14.88"
"10","004","00","007","0710","0000","910","263","647","58","968","1552","0","62.37","16.95"
"10","004","00","007","0710","0331","417","115","302","27","444","713","0","62.27","16.13"
"10","004","00","007","0710","0332","493","148","345","31","524","839","0","62.46","17.64"
"10","004","00","007","0711","0000","2474","748","1726","112","2586","4276","0","60.48","17.49"
"10","004","00","007","0711","0333","710","190","520","29","739","1123","0","65.81","16.92"
"10","004","00","007","0711","0334","572","165","407","18","590","981","0","60.14","16.82"
"10","004","00","007","0711","0335","618","232","386","41","659","1078","0","61.13","21.52"
"10","004","00","007","0711","0336","574","161","413","24","598","1094","0","54.66","14.72"
"10","004","00","007","0712","0000","607","166","441","48","655","1102","0","59.44","15.06"
"10","004","00","007","0712","0337","607","166","441","48","655","1102","0","59.44","15.06"
"10","004","00","008","0000","0000","6232","1624","4608","479","6711","11346","13013","59.15","14.31"
"10","004","00","008","0801","0000","1937","512","1425","130","2067","3404","0","60.72","15.04"
"10","004","00","008","0801","0338","703","197","506","48","751","1231","0","61.01","16.0"
"10","004","00","008","0801","0339","582","157","425","47","629","1041","0","60.42","15.08"
"10","004","00","008","0801","0340","652","158","494","35","687","1132","0","60.69","13.96"
"10","004","00","008","0802","0000","478","132","346","41","519","859","0","60.42","15.37"
"10","004","00","008","0802","0341","478","132","346","41","519","859","0","60.42","15.37"
"10","004","00","008","0803","0000","101","18","83","16","117","204","0","57.35","8.82"
"10","004","00","008","0803","0342","101","18","83","16","117","204","0","57.35","8.82"
"10","004","00","008","0804","0000","92","24","68","9","101","222","0","45.5","10.81"
"10","004","00","008","0804","0343","92","24","68","9","101","222","0","45.5","10.81"
"10","004","00","008","0805","0000","181","52","129","37","218","338","0","64.5","15.38"
"10","004","00","008","0805","0344","181","52","129","37","218","338","0","64.5","15.38"
"10","004","00","008","0806","0000","473","110","363","19","492","916","0","53.71","12.01"
"10","004","00","008","0806","0345","473","110","363","19","492","916","0","53.71","12.01"
"10","004","00","008","0807","0000","217","56","161","14","231","463","0","49.89","12.1"
"10","004","00","008","0807","0348","217","56","161","14","231","463","0","49.89","12.1"
"10","004","00","008","0808","0000","533","135","398","58","591","978","0","60.43","13.8"
"10","004","00","008","0808","0349","394","98","296","48","442","690","0","64.06","14.2"
"10","004","00","008","0808","0350","139","37","102","10","149","288","0","51.74","12.85"
"10","004","00","008","0809","0000","912","254","658","67","979","1553","0","63.04","16.36"
"10","004","00","008","0809","0351","408","119","289","33","441","685","0","64.38","17.37"
"10","004","00","008","0809","0352","504","135","369","34","538","868","0","61.98","15.55"
"10","004","00","008","0810","0000","906","219","687","61","967","1561","0","61.95","14.03"
"10","004","00","008","0810","0353","906","219","687","61","967","1561","0","61.95","14.03"
"10","004","00","008","0811","0000","402","112","290","27","429","848","0","50.59","13.21"
"10","004","00","008","0811","0346","223","64","159","17","240","573","0","41.88","11.17"
"10","004","00","008","0811","0347","179","48","131","10","189","275","0","68.73","17.45"
"10","004","00","009","0000","0000","4394","1229","3165","248","4642","8180","9352","56.75","15.02"
"10","004","00","009","0901","0000","588","182","406","17","605","1158","0","52.25","15.72"
"10","004","00","009","0901","0354","588","182","406","17","605","1158","0","52.25","15.72"
"10","004","00","009","0902","0000","690","225","465","50","740","1238","0","59.77","18.17"
"10","004","00","009","0902","0355","690","225","465","50","740","1238","0","59.77","18.17"
"10","004","00","009","0903","0000","1398","384","1014","81","1479","2584","0","57.24","14.86"
"10","004","00","009","0903","0357","521","142","379","24","545","931","0","58.54","15.25"
"10","004","00","009","0903","0358","877","242","635","57","934","1653","0","56.5","14.64"
"10","004","00","009","0904","0000","458","116","342","27","485","845","0","57.4","13.73"
"10","004","00","009","0904","0359","458","116","342","27","485","845","0","57.4","13.73"
"10","004","00","009","0905","0000","202","50","152","12","214","384","0","55.73","13.02"
"10","004","00","009","0905","0360","202","50","152","12","214","384","0","55.73","13.02"
"10","004","00","009","0906","0000","421","109","312","15","436","763","0","57.14","14.29"
"10","004","00","009","0906","0361","421","109","312","15","436","763","0","57.14","14.29"
"10","004","00","009","0907","0000","317","85","232","23","340","580","0","58.62","14.66"
"10","004","00","009","0907","0356","317","85","232","23","340","580","0","58.62","14.66"
"10","004","00","009","0908","0000","167","52","115","16","183","333","0","54.95","15.62"
"10","004","00","009","0908","0362","167","52","115","16","183","333","0","54.95","15.62"
"10","004","00","009","0909","0000","153","26","127","7","160","295","0","54.24","8.81"
"10","004","00","009","0909","0363","153","26","127","7","160","295","0","54.24","8.81"
"10","004","00","010","0000","0000","7222","2262","4960","347","7569","12973","14681","58.34","17.44"
"10","004","00","010","1001","0000","1406","486","920","31","1437","2595","0","55.38","18.73"
"10","004","00","010","1001","0364","606","205","401","14","620","1158","0","53.54","17.7"
"10","004","00","010","1001","0365","800","281","519","17","817","1437","0","56.85","19.55"
"10","004","00","010","1002","0000","1058","379","679","43","1101","1900","0","57.95","19.95"
"10","004","00","010","1002","0368","1058","379","679","43","1101","1900","0","57.95","19.95"
"10","004","00","010","1003","0000","522","175","347","19","541","1056","0","51.23","16.57"
"10","004","00","010","1003","0369","522","175","347","19","541","1056","0","51.23","16.57"
"10","004","00","010","1004","0000","703","176","527","53","756","1205","0","62.74","14.61"
"10","004","00","010","1004","0370","703","176","527","53","756","1205","0","62.74","14.61"
"10","004","00","010","1005","0000","492","127","365","28","520","846","0","61.47","15.01"
"10","004","00","010","1005","0372","492","127","365","28","520","846","0","61.47","15.01"
"10","004","00","010","1006","0000","414","97","317","30","444","766","0","57.96","12.66"
"10","004","00","010","1006","0371","414","97","317","30","444","766","0","57.96","12.66"
"10","004","00","010","1007","0000","346","112","234","12","358","554","0","64.62","20.22"
"10","004","00","010","1007","0375","346","112","234","12","358","554","0","64.62","20.22"
"10","004","00","010","1008","0000","459","135","324","29","488","804","0","60.7","16.79"
"10","004","00","010","1008","0373","459","135","324","29","488","804","0","60.7","16.79"
"10","004","00","010","1009","0000","358","103","255","13","371","607","0","61.12","16.97"
"10","004","00","010","1009","0374","358","103","255","13","371","607","0","61.12","16.97"
"10","004","00","010","1010","0000","1464","472","992","89","1553","2640","0","58.83","17.88"
"10","004","00","010","1010","0366","796","246","550","43","839","1470","0","57.07","16.73"
"10","004","00","010","1010","0367","668","226","442","46","714","1170","0","61.03","19.32"
"10","004","00","011","0000","0000","2803","689","2114","253","3056","5068","5638","60.3","13.6"
"10","004","00","011","1101","0000","518","131","387","49","567","879","0","64.51","14.9"
"10","004","00","011","1101","0376","518","131","387","49","567","879","0","64.51","14.9"
"10","004","00","011","1102","0000","386","110","276","45","431","683","0","63.1","16.11"
"10","004","00","011","1102","0377","386","110","276","45","431","683","0","63.1","16.11"
"10","004","00","011","1103","0000","336","91","245","31","367","604","0","60.76","15.07"
"10","004","00","011","1103","0378","336","91","245","31","367","604","0","60.76","15.07"
"10","004","00","011","1104","0000","798","188","610","60","858","1406","0","61.02","13.37"
"10","004","00","011","1104","0381","798","188","610","60","858","1406","0","61.02","13.37"
"10","004","00","011","1105","0000","292","60","232","25","317","615","0","51.54","9.76"
"10","004","00","011","1105","0379","179","39","140","19","198","339","0","58.41","11.5"
"10","004","00","011","1105","0380","113","21","92","6","119","276","0","43.12","7.61"
"10","004","00","011","1106","0000","473","109","364","43","516","881","0","58.57","12.37"
"10","004","00","011","1106","0382","263","56","207","26","289","462","0","62.55","12.12"
"10","004","00","011","1106","0383","210","53","157","17","227","419","0","54.18","12.65"
"10","004","00","012","0000","0000","3570","681","2889","198","3768","7364","9683","51.17","9.25"
"10","004","00","012","1201","0000","268","51","217","31","299","599","0","49.92","8.51"
"10","004","00","012","1201","0386","95","20","75","16","111","225","0","49.33","8.89"
"10","004","00","012","1201","0387","173","31","142","15","188","374","0","50.27","8.29"
"10","004","00","012","1202","0000","406","98","308","10","416","831","0","50.06","11.79"
"10","004","00","012","1202","0384","219","48","171","6","225","474","0","47.47","10.13"
"10","004","00","012","1202","0385","187","50","137","4","191","357","0","53.5","14.01"
"10","004","00","012","1203","0000","594","111","483","22","616","1263","0","48.77","8.79"
"10","004","00","012","1203","0388","331","73","258","6","337","773","0","43.6","9.44"
"10","004","00","012","1203","0389","263","38","225","16","279","490","0","56.94","7.76"
"10","004","00","012","1204","0000","373","62","311","43","416","613","0","67.86","10.11"
"10","004","00","012","1204","0392","373","62","311","43","416","613","0","67.86","10.11"
"10","004","00","012","1205","0000","568","86","482","21","589","1191","0","49.45","7.22"
"10","004","00","012","1205","0390","223","43","180","4","227","531","0","42.75","8.1"
"10","004","00","012","1205","0391","345","43","302","17","362","660","0","54.85","6.52"
"10","004","00","012","1206","0000","674","116","558","28","702","1294","0","54.25","8.96"
"10","004","00","012","1206","0393","288","68","220","4","292","593","0","49.24","11.47"
"10","004","00","012","1206","0394","307","37","270","19","326","575","0","56.7","6.43"
"10","004","00","012","1206","0395","79","11","68","5","84","126","0","66.67","8.73"
"10","004","00","012","1207","0000","687","157","530","43","730","1573","0","46.41","9.98"
"10","004","00","012","1207","0396","228","38","190","9","237","499","0","47.49","7.62"
"10","004","00","012","1207","0397","289","69","220","23","312","785","0","39.75","8.79"
"10","004","00","012","1207","0398","170","50","120","11","181","289","0","62.63","17.3"
"10","004","00","013","0000","0000","1906","393","1513","78","1984","3997","4802","49.64","9.83"
"10","004","00","013","1301","0000","682","138","544","34","716","1385","0","51.7","9.96"
"10","004","00","013","1301","0399","376","63","313","21","397","672","0","59.08","9.38"
"10","004","00","013","1301","0400","306","75","231","13","319","713","0","44.74","10.52"
"10","004","00","013","1302","0000","373","79","294","9","382","727","0","52.54","10.87"
"10","004","00","013","1302","0403","373","79","294","9","382","727","0","52.54","10.87"
"10","004","00","013","1303","0000","168","43","125","9","177","395","0","44.81","10.89"
"10","004","00","013","1303","0404","168","43","125","9","177","395","0","44.81","10.89"
"10","004","00","013","1304","0000","683","133","550","26","709","1490","0","47.58","8.93"
"10","004","00","013","1304","0401","239","46","193","4","243","594","0","40.91","7.74"
"10","004","00","013","1304","0402","444","87","357","22","466","896","0","52.01","9.71"
"10","005","00","000","0000","0000","246960","69712","177248","15666","262626","461580","549798","56.9","15.1"
"10","005","00","001","0000","0000","40948","11499","29449","2019","42967","74249","88300","57.87","15.49"
"10","005","00","001","0101","0000","600","160","440","29","629","1087","0","57.87","14.72"
"10","005","00","001","0101","0001","600","160","440","29","629","1087","0","57.87","14.72"
"10","005","00","001","0102","0000","2347","677","1670","98","2445","4075","0","60.0","16.61"
"10","005","00","001","0102","0049","614","171","443","27","641","1003","0","63.91","17.05"
"10","005","00","001","0102","0050","563","179","384","20","583","1000","0","58.3","17.9"
"10","005","00","001","0102","0051","570","161","409","22","592","1047","0","56.54","15.38"
"10","005","00","001","0102","0052","600","166","434","29","629","1025","0","61.37","16.2"
"10","005","00","001","0103","0000","547","152","395","23","570","1018","0","55.99","14.93"
"10","005","00","001","0103","0002","547","152","395","23","570","1018","0","55.99","14.93"
"10","005","00","001","0104","0000","1298","328","970","51","1349","2234","0","60.38","14.68"
"10","005","00","001","0104","0009","641","169","472","19","660","1115","0","59.19","15.16"
"10","005","00","001","0104","0010","657","159","498","32","689","1119","0","61.57","14.21"
"10","005","00","001","0105","0000","2071","580","1491","123","2194","3685","0","59.54","15.74"
"10","005","00","001","0105","0011","651","185","466","46","697","1132","0","61.57","16.34"
"10","005","00","001","0105","0012","697","193","504","42","739","1289","0","57.33","14.97"
"10","005","00","001","0105","0013","723","202","521","35","758","1264","0","59.97","15.98"
"10","005","00","001","0106","0000","2100","571","1529","110","2210","3702","0","59.7","15.42"
"10","005","00","001","0106","0006","692","197","495","29","721","1203","0","59.93","16.38"
"10","005","00","001","0106","0007","734","191","543","43","777","1306","0","59.49","14.62"
"10","005","00","001","0106","0008","674","183","491","38","712","1193","0","59.68","15.34"
"10","005","00","001","0107","0000","1805","510","1295","90","1895","3358","0","56.43","15.19"
"10","005","00","001","0107","0003","622","182","440","20","642","1156","0","55.54","15.74"
"10","005","00","001","0107","0004","584","149","435","29","613","1118","0","54.83","13.33"
"10","005","00","001","0107","0005","599","179","420","41","640","1084","0","59.04","16.51"
"10","005","00","001","0108","0000","473","115","358","20","493","870","0","56.67","13.22"
"10","005","00","001","0108","0014","473","115","358","20","493","870","0","56.67","13.22"
"10","005","00","001","0109","0000","1643","474","1169","96","1739","3163","0","54.98","14.99"
"10","005","00","001","0109","0015","477","132","345","39","516","1008","0","51.19","13.1"
"10","005","00","001","0109","0016","542","172","370","31","573","1078","0","53.15","15.96"
"10","005","00","001","0109","0017","624","170","454","26","650","1077","0","60.35","15.78"
"10","005","00","001","0110","0000","465","125","340","38","503","894","0","56.26","13.98"
"10","005","00","001","0110","0019","465","125","340","38","503","894","0","56.26","13.98"
"10","005","00","001","0111","0000","286","71","215","19","305","522","0","58.43","13.6"
"10","005","00","001","0111","0020","286","71","215","19","305","522","0","58.43","13.6"
"10","005","00","001","0112","0000","492","134","358","18","510","880","0","57.95","15.23"
"10","005","00","001","0112","0018","492","134","358","18","510","880","0","57.95","15.23"
"10","005","00","001","0113","0000","2272","651","1621","139","2411","3964","0","60.82","16.42"
"10","005","00","001","0113","0024","669","199","470","41","710","1272","0","55.82","15.64"
"10","005","00","001","0113","0025","663","190","473","54","717","1112","0","64.48","17.09"
"10","005","00","001","0113","0026","529","147","382","17","546","813","0","67.16","18.08"
"10","005","00","001","0113","0027","411","115","296","27","438","767","0","57.11","14.99"
"10","005","00","001","0114","0000","820","250","570","52","872","1376","0","63.37","18.17"
"10","005","00","001","0114","0021","820","250","570","52","872","1376","0","63.37","18.17"
"10","005","00","001","0115","0000","941","288","653","41","982","1597","0","61.49","18.03"
"10","005","00","001","0115","0031","353","95","258","14","367","607","0","60.46","15.65"
"10","005","00","001","0115","0032","588","193","395","27","615","990","0","62.12","19.49"
"10","005","00","001","0116","0000","2728","807","1921","166","2894","5087","0","56.89","15.86"
"10","005","00","001","0116","0033","596","178","418","72","668","1230","0","54.31","14.47"
"10","005","00","001","0116","0034","766","217","549","30","796","1372","0","58.02","15.82"
"10","005","00","001","0116","0035","679","207","472","26","705","1213","0","58.12","17.07"
"10","005","00","001","0116","0036","687","205","482","38","725","1272","0","57.0","16.12"
"10","005","00","001","0117","0000","1752","467","1285","50","1802","3157","0","57.08","14.79"
"10","005","00","001","0117","0028","562","161","401","20","582","1010","0","57.62","15.94"
"10","005","00","001","0117","0029","656","174","482","13","669","1182","0","56.6","14.72"
"10","005","00","001","0117","0030","534","132","402","17","551","965","0","57.1","13.68"
"10","005","00","001","0118","0000","1941","545","1396","75","2016","3496","0","57.67","15.59"
"10","005","00","001","0118","0037","710","194","516","34","744","1221","0","60.93","15.89"
"10","005","00","001","0118","0038","614","187","427","30","644","1104","0","58.33","16.94"
"10","005","00","001","0118","0039","617","164","453","11","628","1171","0","53.63","14.01"
"10","005","00","001","0119","0000","2277","643","1634","105","2382","4135","0","57.61","15.55"
"10","005","00","001","0119","0040","754","201","553","29","783","1392","0","56.25","14.44"
"10","005","00","001","0119","0041","764","207","557","33","797","1356","0","58.78","15.27"
"10","005","00","001","0119","0042","759","235","524","43","802","1387","0","57.82","16.94"
"10","005","00","001","0120","0000","611","147","464","36","647","1180","0","54.83","12.46"
"10","005","00","001","0120","0063","611","147","464","36","647","1180","0","54.83","12.46"
"10","005","00","001","0121","0000","2059","607","1452","98","2157","3644","0","59.19","16.66"
"10","005","00","001","0121","0057","657","178","479","33","690","1125","0","61.33","15.82"
"10","005","00","001","0121","0058","668","198","470","27","695","1241","0","56.0","15.95"
"10","005","00","001","0121","0059","734","231","503","38","772","1278","0","60.41","18.08"
"10","005","00","001","0122","0000","2695","730","1965","114","2809","5200","0","54.02","14.04"
"10","005","00","001","0122","0053","589","147","442","22","611","1130","0","54.07","13.01"
"10","005","00","001","0122","0054","626","187","439","27","653","1146","0","56.98","16.32"
"10","005","00","001","0122","0055","799","240","559","35","834","1432","0","58.24","16.76"
"10","005","00","001","0122","0056","681","156","525","30","711","1492","0","47.65","10.46"
"10","005","00","001","0123","0000","1328","370","958","79","1407","2472","0","56.92","14.97"
"10","005","00","001","0123","0022","726","197","529","33","759","1391","0","54.57","14.16"
"10","005","00","001","0123","0023","602","173","429","46","648","1081","0","59.94","16.0"
"10","005","00","001","0124","0000","828","242","586","40","868","1665","0","52.13","14.53"
"10","005","00","001","0124","0066","402","96","306","24","426","796","0","53.52","12.06"
"10","005","00","001","0124","0067","426","146","280","16","442","869","0","50.86","16.8"
"10","005","00","001","0125","0000","1901","565","1336","90","1991","3412","0","58.35","16.56"
"10","005","00","001","0125","0043","643","198","445","34","677","1206","0","56.14","16.42"
"10","005","00","001","0125","0044","615","171","444","25","640","1004","0","63.75","17.03"
"10","005","00","001","0125","0045","643","196","447","31","674","1202","0","56.07","16.31"
"10","005","00","001","0126","0000","1751","497","1254","85","1836","2900","0","63.31","17.14"
"10","005","00","001","0126","0046","610","194","416","31","641","1052","0","60.93","18.44"
"10","005","00","001","0126","0047","520","144","376","22","542","873","0","62.08","16.49"
"10","005","00","001","0126","0048","621","159","462","32","653","975","0","66.97","16.31"
"10","005","00","001","0127","0000","1083","284","799","57","1140","1984","0","57.46","14.31"
"10","005","00","001","0127","0064","611","176","435","25","636","1072","0","59.33","16.42"
"10","005","00","001","0127","0065","472","108","364","32","504","912","0","55.26","11.84"
"10","005","00","001","0128","0000","1834","509","1325","77","1911","3492","0","54.73","14.58"
"10","005","00","001","0128","0060","700","187","513","23","723","1293","0","55.92","14.46"
"10","005","00","001","0128","0061","685","200","485","25","710","1342","0","52.91","14.9"
"10","005","00","001","0128","0062","449","122","327","29","478","857","0","55.78","14.24"
"10","005","00","002","0000","0000","20790","5758","15032","1610","22400","38890","45367","57.6","14.81"
"10","005","00","002","0201","0000","1228","337","891","87","1315","2219","0","59.26","15.19"
"10","005","00","002","0201","0183","482","124","358","41","523","873","0","59.91","14.2"
"10","005","00","002","0201","0184","746","213","533","46","792","1346","0","58.84","15.82"
"10","005","00","002","0202","0000","938","262","676","46","984","1566","0","62.84","16.73"
"10","005","00","002","0202","0185","596","177","419","38","634","951","0","66.67","18.61"
"10","005","00","002","0202","0186","342","85","257","8","350","615","0","56.91","13.82"
"10","005","00","002","0203","0000","494","137","357","57","551","878","0","62.76","15.6"
"10","005","00","002","0203","0187","494","137","357","57","551","878","0","62.76","15.6"
"10","005","00","002","0204","0000","848","260","588","70","918","1543","0","59.49","16.85"
"10","005","00","002","0204","0188","435","138","297","39","474","767","0","61.8","17.99"
"10","005","00","002","0204","0189","413","122","291","31","444","776","0","57.22","15.72"
"10","005","00","002","0205","0000","604","165","439","55","659","1231","0","53.53","13.4"
"10","005","00","002","0205","0190","604","165","439","55","659","1231","0","53.53","13.4"
"10","005","00","002","0206","0000","1076","302","774","81","1157","1995","0","57.99","15.14"
"10","005","00","002","0206","0191","635","180","455","47","682","1145","0","59.56","15.72"
"10","005","00","002","0206","0192","441","122","319","34","475","850","0","55.88","14.35"
"10","005","00","002","0207","0000","522","143","379","61","583","1052","0","55.42","13.59"
"10","005","00","002","0207","0193","522","143","379","61","583","1052","0","55.42","13.59"
"10","005","00","002","0208","0000","1215","363","852","99","1314","2250","0","58.4","16.13"
"10","005","00","002","0208","0194","591","164","427","48","639","1114","0","57.36","14.72"
"10","005","00","002","0208","0195","624","199","425","51","675","1136","0","59.42","17.52"
"10","005","00","002","0209","0000","2168","639","1529","129","2297","3922","0","58.57","16.29"
"10","005","00","002","0209","0196","640","166","474","38","678","1194","0","56.78","13.9"
"10","005","00","002","0209","0197","860","256","604","43","903","1579","0","57.19","16.21"
"10","005","00","002","0209","0198","668","217","451","48","716","1149","0","62.32","18.89"
"10","005","00","002","0210","0000","1147","324","823","75","1222","2158","0","56.63","15.01"
"10","005","00","002","0210","0199","587","176","411","55","642","1057","0","60.74","16.65"
"10","005","00","002","0210","0200","560","148","412","20","580","1101","0","52.68","13.44"
"10","005","00","002","0211","0000","415","118","297","39","454","912","0","49.78","12.94"
"10","005","00","002","0211","0201","415","118","297","39","454","912","0","49.78","12.94"
"10","005","00","002","0212","0000","329","83","246","38","367","652","0","56.29","12.73"
"10","005","00","002","0212","0202","329","83","246","38","367","652","0","56.29","12.73"
"10","005","00","002","0213","0000","718","194","524","69","787","1348","0","58.38","14.39"
"10","005","00","002","0213","0203","718","194","524","69","787","1348","0","58.38","14.39"
"10","005","00","002","0214","0000","678","200","478","34","712","1395","0","51.04","14.34"
"10","005","00","002","0214","0204","349","113","236","22","371","733","0","50.61","15.42"
"10","005","00","002","0214","0205","329","87","242","12","341","662","0","51.51","13.14"
"10","005","00","002","0215","0000","983","285","698","82","1065","1803","0","59.07","15.81"
"10","005","00","002","0215","0206","483","136","347","36","519","893","0","58.12","15.23"
"10","005","00","002","0215","0207","500","149","351","46","546","910","0","60.0","16.37"
"10","005","00","002","0216","0000","647","172","475","54","701","1270","0","55.2","13.54"
"10","005","00","002","0216","0208","647","172","475","54","701","1270","0","55.2","13.54"
"10","005","00","002","0217","0000","269","64","205","25","294","545","0","53.94","11.74"
"10","005","00","002","0217","0209","269","64","205","25","294","545","0","53.94","11.74"
"10","005","00","002","0218","0000","450","100","350","51","501","792","0","63.26","12.63"
"10","005","00","002","0218","0210","450","100","350","51","501","792","0","63.26","12.63"
"10","005","00","002","0219","0000","1316","336","980","79","1395","2316","0","60.23","14.51"
"10","005","00","002","0219","0218","619","149","470","28","647","1082","0","59.8","13.77"
"10","005","00","002","0219","0219","697","187","510","51","748","1234","0","60.62","15.15"
"10","005","00","002","0220","0000","775","223","552","58","833","1609","0","51.77","13.86"
"10","005","00","002","0220","0212","349","93","256","14","363","827","0","43.89","11.25"
"10","005","00","002","0220","0213","426","130","296","44","470","782","0","60.1","16.62"
"10","005","00","002","0221","0000","813","218","595","81","894","1634","0","54.71","13.34"
"10","005","00","002","0221","0214","387","107","280","44","431","788","0","54.7","13.58"
"10","005","00","002","0221","0215","426","111","315","37","463","846","0","54.73","13.12"
"10","005","00","002","0222","0000","975","233","742","81","1056","1771","0","59.63","13.16"
"10","005","00","002","0222","0216","471","126","345","34","505","828","0","60.99","15.22"
"10","005","00","002","0222","0217","504","107","397","47","551","943","0","58.43","11.35"
"10","005","00","002","0223","0000","389","118","271","28","417","726","0","57.44","16.25"
"10","005","00","002","0223","0211","389","118","271","28","417","726","0","57.44","16.25"
"10","005","00","002","0224","0000","743","183","560","47","790","1434","0","55.09","12.76"
"10","005","00","002","0224","0220","743","183","560","47","790","1434","0","55.09","12.76"
"10","005","00","002","0225","0000","1050","299","751","84","1134","1869","0","60.67","16.0"
"10","005","00","002","0225","0221","534","150","384","36","570","987","0","57.75","15.2"
"10","005","00","002","0225","0222","516","149","367","48","564","882","0","63.95","16.89"
"10","005","00","003","0000","0000","14744","4317","10427","1336","16080","29709","34122","54.13","14.53"
"10","005","00","003","0301","0000","601","191","410","63","664","1142","0","58.14","16.73"
"10","005","00","003","0301","0149","601","191","410","63","664","1142","0","58.14","16.73"
"10","005","00","003","0302","0000","1074","327","747","108","1182","1952","0","60.55","16.75"
"10","005","00","003","0302","0150","524","187","337","53","577","884","0","65.27","21.15"
"10","005","00","003","0302","0151","550","140","410","55","605","1068","0","56.65","13.11"
"10","005","00","003","0303","0000","1072","343","729","79","1151","1868","0","61.62","18.36"
"10","005","00","003","0303","0152","552","177","375","38","590","1009","0","58.47","17.54"
"10","005","00","003","0303","0153","520","166","354","41","561","859","0","65.31","19.32"
"10","005","00","003","0304","0000","835","235","600","76","911","1551","0","58.74","15.15"
"10","005","00","003","0304","0157","463","133","330","46","509","761","0","66.89","17.48"
"10","005","00","003","0304","0158","372","102","270","30","402","790","0","50.89","12.91"
"10","005","00","003","0305","0000","350","95","255","58","408","686","0","59.48","13.85"
"10","005","00","003","0305","0156","350","95","255","58","408","686","0","59.48","13.85"
"10","005","00","003","0306","0000","1324","375","949","142","1466","2709","0","54.12","13.84"
"10","005","00","003","0306","0159","489","133","356","45","534","966","0","55.28","13.77"
"10","005","00","003","0306","0160","441","132","309","63","504","972","0","51.85","13.58"
"10","005","00","003","0306","0161","394","110","284","34","428","771","0","55.51","14.27"
"10","005","00","003","0307","0000","337","108","229","12","349","684","0","51.02","15.79"
"10","005","00","003","0307","0168","337","108","229","12","349","684","0","51.02","15.79"
"10","005","00","003","0308","0000","413","112","301","31","444","943","0","47.08","11.88"
"10","005","00","003","0308","0169","413","112","301","31","444","943","0","47.08","11.88"
"10","005","00","003","0309","0000","433","114","319","47","480","790","0","60.76","14.43"
"10","005","00","003","0309","0170","433","114","319","47","480","790","0","60.76","14.43"
"10","005","00","003","0310","0000","276","65","211","14","290","673","0","43.09","9.66"
"10","005","00","003","0310","0171","276","65","211","14","290","673","0","43.09","9.66"
"10","005","00","003","0311","0000","610","162","448","45","655","1232","0","53.17","13.15"
"10","005","00","003","0311","0172","610","162","448","45","655","1232","0","53.17","13.15"
"10","005","00","003","0312","0000","701","163","538","55","756","1286","0","58.79","12.67"
"10","005","00","003","0312","0173","701","163","538","55","756","1286","0","58.79","12.67"
"10","005","00","003","0313","0000","709","217","492","64","773","1418","0","54.51","15.3"
"10","005","00","003","0313","0174","349","102","247","38","387","649","0","59.63","15.72"
"10","005","00","003","0313","0175","360","115","245","26","386","769","0","50.2","14.95"
"10","005","00","003","0314","0000","869","267","602","70","939","1836","0","51.14","14.54"
"10","005","00","003","0314","0162","333","103","230","22","355","758","0","46.83","13.59"
"10","005","00","003","0314","0163","536","164","372","48","584","1078","0","54.17","15.21"
"10","005","00","003","0315","0000","177","40","137","23","200","459","0","43.57","8.71"
"10","005","00","003","0315","0164","177","40","137","23","200","459","0","43.57","8.71"
"10","005","00","003","0316","0000","406","102","304","43","449","894","0","50.22","11.41"
"10","005","00","003","0316","0165","406","102","304","43","449","894","0","50.22","11.41"
"10","005","00","003","0317","0000","151","43","108","8","159","402","0","39.55","10.7"
"10","005","00","003","0317","0166","151","43","108","8","159","402","0","39.55","10.7"
"10","005","00","003","0318","0000","400","103","297","33","433","802","0","53.99","12.84"
"10","005","00","003","0318","0167","400","103","297","33","433","802","0","53.99","12.84"
"10","005","00","003","0319","0000","1068","330","738","138","1206","2286","0","52.76","14.44"
"10","005","00","003","0319","0176","566","172","394","64","630","1148","0","54.88","14.98"
"10","005","00","003","0319","0177","502","158","344","74","576","1138","0","50.62","13.88"
"10","005","00","003","0320","0000","521","159","362","49","570","1121","0","50.85","14.18"
"10","005","00","003","0320","0178","521","159","362","49","570","1121","0","50.85","14.18"
"10","005","00","003","0321","0000","400","113","287","27","427","769","0","55.53","14.69"
"10","005","00","003","0321","0179","400","113","287","27","427","769","0","55.53","14.69"
"10","005","00","003","0322","0000","680","232","448","58","738","1415","0","52.16","16.4"
"10","005","00","003","0322","0180","286","92","194","17","303","616","0","49.19","14.94"
"10","005","00","003","0322","0181","394","140","254","41","435","799","0","54.44","17.52"
"10","005","00","003","0323","0000","350","107","243","31","381","743","0","51.28","14.4"
"10","005","00","003","0323","0182","350","107","243","31","381","743","0","51.28","14.4"
"10","005","00","003","0324","0000","987","314","673","62","1049","2048","0","51.22","15.33"
"10","005","00","003","0324","0154","572","201","371","37","609","1040","0","58.56","19.33"
"10","005","00","003","0324","0155","415","113","302","25","440","1008","0","43.65","11.21"
"10","005","00","004","0000","0000","36414","11195","25219","1980","38394","68528","86056","56.03","16.34"
"10","005","00","004","0401","0000","1090","342","748","55","1145","1912","0","59.88","17.89"
"10","005","00","004","0401","0270","632","218","414","23","655","1086","0","60.31","20.07"
"10","005","00","004","0401","0271","458","124","334","32","490","826","0","59.32","15.01"
"10","005","00","004","0402","0000","1778","581","1197","127","1905","3302","0","57.69","17.6"
"10","005","00","004","0402","0272","526","195","331","31","557","1051","0","53.0","18.55"
"10","005","00","004","0402","0273","695","200","495","36","731","1235","0","59.19","16.19"
"10","005","00","004","0402","0274","557","186","371","60","617","1016","0","60.73","18.31"
"10","005","00","004","0403","0000","1369","465","904","67","1436","2773","0","51.79","16.77"
"10","005","00","004","0403","0275","748","258","490","49","797","1472","0","54.14","17.53"
"10","005","00","004","0403","0276","621","207","414","18","639","1301","0","49.12","15.91"
"10","005","00","004","0404","0000","2300","769","1531","93","2393","4519","0","52.95","17.02"
"10","005","00","004","0404","0277","752","269","483","30","782","1544","0","50.65","17.42"
"10","005","00","004","0404","0278","804","250","554","27","831","1512","0","54.96","16.53"
"10","005","00","004","0404","0279","744","250","494","36","780","1463","0","53.32","17.09"
"10","005","00","004","0405","0000","2840","871","1969","103","2943","5258","0","55.97","16.57"
"10","005","00","004","0405","0280","438","164","274","27","465","1073","0","43.34","15.28"
"10","005","00","004","0405","0281","806","243","563","28","834","1453","0","57.4","16.72"
"10","005","00","004","0405","0282","727","228","499","28","755","1245","0","60.64","18.31"
"10","005","00","004","0405","0283","869","236","633","20","889","1487","0","59.78","15.87"
"10","005","00","004","0406","0000","1874","606","1268","87","1961","3445","0","56.92","17.59"
"10","005","00","004","0406","0284","572","177","395","33","605","1018","0","59.43","17.39"
"10","005","00","004","0406","0285","636","212","424","20","656","1105","0","59.37","19.19"
"10","005","00","004","0406","0286","666","217","449","34","700","1322","0","52.95","16.41"
"10","005","00","004","0407","0000","1940","549","1391","95","2035","3343","0","60.87","16.42"
"10","005","00","004","0407","0287","640","171","469","23","663","1140","0","58.16","15.0"
"10","005","00","004","0407","0288","624","184","440","31","655","1067","0","61.39","17.24"
"10","005","00","004","0407","0289","676","194","482","41","717","1136","0","63.12","17.08"
"10","005","00","004","0408","0000","1617","495","1122","107","1724","3237","0","53.26","15.29"
"10","005","00","004","0408","0290","625","172","453","28","653","1253","0","52.11","13.73"
"10","005","00","004","0408","0291","472","150","322","42","514","963","0","53.37","15.58"
"10","005","00","004","0408","0292","520","173","347","37","557","1021","0","54.55","16.94"
"10","005","00","004","0409","0000","1157","329","828","86","1243","2111","0","58.88","15.59"
"10","005","00","004","0409","0297","512","157","355","51","563","989","0","56.93","15.87"
"10","005","00","004","0409","0298","645","172","473","35","680","1122","0","60.61","15.33"
"10","005","00","004","0410","0000","2294","658","1636","113","2407","4607","0","52.25","14.28"
"10","005","00","004","0410","0299","500","153","347","28","528","1111","0","47.52","13.77"
"10","005","00","004","0410","0300","573","149","424","41","614","1036","0","59.27","14.38"
"10","005","00","004","0410","0301","536","142","394","24","560","1112","0","50.36","12.77"
"10","005","00","004","0410","0302","685","214","471","20","705","1348","0","52.3","15.88"
"10","005","00","004","0411","0000","607","183","424","44","651","1059","0","61.47","17.28"
"10","005","00","004","0411","0306","607","183","424","44","651","1059","0","61.47","17.28"
"10","005","00","004","0412","0000","1587","495","1092","97","1684","2834","0","59.42","17.47"
"10","005","00","004","0412","0307","492","162","330","34","526","869","0","60.53","18.64"
"10","005","00","004","0412","0308","416","118","298","29","445","800","0","55.63","14.75"
"10","005","00","004","0412","0309","679","215","464","34","713","1165","0","61.2","18.45"
"10","005","00","004","0413","0000","789","235","554","58","847","1468","0","57.7","16.01"
"10","005","00","004","0413","0310","429","132","297","35","464","791","0","58.66","16.69"
"10","005","00","004","0413","0311","360","103","257","23","383","677","0","56.57","15.21"
"10","005","00","004","0414","0000","1103","316","787","76","1179","1988","0","59.31","15.9"
"10","005","00","004","0414","0312","474","140","334","43","517","797","0","64.87","17.57"
"10","005","00","004","0414","0313","629","176","453","33","662","1191","0","55.58","14.78"
"10","005","00","004","0415","0000","526","164","362","14","540","1027","0","52.58","15.97"
"10","005","00","004","0415","0314","526","164","362","14","540","1027","0","52.58","15.97"
"10","005","00","004","0416","0000","2052","637","1415","124","2176","3935","0","55.3","16.19"
"10","005","00","004","0416","0315","743","228","515","46","789","1341","0","58.84","17.0"
"10","005","00","004","0416","0316","655","202","453","48","703","1378","0","51.02","14.66"
"10","005","00","004","0416","0317","654","207","447","30","684","1216","0","56.25","17.02"
"10","005","00","004","0417","0000","1105","319","786","59","1164","2108","0","55.22","15.13"
"10","005","00","004","0417","0318","801","222","579","33","834","1570","0","53.12","14.14"
"10","005","00","004","0417","0319","304","97","207","26","330","538","0","61.34","18.03"
"10","005","00","004","0418","0000","518","132","386","33","551","1166","0","47.26","11.32"
"10","005","00","004","0418","0320","518","132","386","33","551","1166","0","47.26","11.32"
"10","005","00","004","0419","0000","2072","671","1401","107","2179","4119","0","52.9","16.29"
"10","005","00","004","0419","0321","753","276","477","31","784","1488","0","52.69","18.55"
"10","005","00","004","0419","0322","701","210","491","31","732","1449","0","50.52","14.49"
"10","005","00","004","0419","0323","618","185","433","45","663","1182","0","56.09","15.65"
"10","005","00","004","0420","0000","1131","319","812","107","1238","2158","0","57.37","14.78"
"10","005","00","004","0420","0324","597","166","431","71","668","1175","0","56.85","14.13"
"10","005","00","004","0420","0325","534","153","381","36","570","983","0","57.99","15.56"
"10","005","00","004","0421","0000","1979","634","1345","99","2078","3715","0","55.94","17.07"
"10","005","00","004","0421","0326","294","71","223","15","309","492","0","62.8","14.43"
"10","005","00","004","0421","0327","603","214","389","19","622","1074","0","57.91","19.93"
"10","005","00","004","0421","0328","436","129","307","34","470","852","0","55.16","15.14"
"10","005","00","004","0421","0329","646","220","426","31","677","1297","0","52.2","16.96"
"10","005","00","004","0422","0000","521","146","375","38","559","1028","0","54.38","14.2"
"10","005","00","004","0422","0330","521","146","375","38","559","1028","0","54.38","14.2"
"10","005","00","004","0423","0000","1740","530","1210","87","1827","3111","0","58.73","17.04"
"10","005","00","004","0423","0303","631","207","424","26","657","1114","0","58.98","18.58"
"10","005","00","004","0423","0304","635","209","426","38","673","1119","0","60.14","18.68"
"10","005","00","004","0423","0305","474","114","360","23","497","878","0","56.61","12.98"
"10","005","00","004","0424","0000","1189","340","849","45","1234","2109","0","58.51","16.12"
"10","005","00","004","0424","0295","711","201","510","33","744","1293","0","57.54","15.55"
"10","005","00","004","0424","0296","478","139","339","12","490","816","0","60.05","17.03"
"10","005","00","004","0425","0000","1236","409","827","59","1295","2196","0","58.97","18.62"
"10","005","00","004","0425","0293","664","214","450","32","696","1154","0","60.31","18.54"
"10","005","00","004","0425","0294","572","195","377","27","599","1042","0","57.49","18.71"
"10","005","00","005","0000","0000","45109","12822","32287","2293","47402","83617","103007","56.69","15.33"
"10","005","00","005","0501","0000","1138","279","859","97","1235","2207","0","55.96","12.64"
"10","005","00","005","0501","0331","459","114","345","41","500","915","0","54.64","12.46"
"10","005","00","005","0501","0332","679","165","514","56","735","1292","0","56.89","12.77"
"10","005","00","005","0502","0000","935","235","700","45","980","1763","0","55.59","13.33"
"10","005","00","005","0502","0333","519","129","390","34","553","928","0","59.59","13.9"
"10","005","00","005","0502","0334","416","106","310","11","427","835","0","51.14","12.69"
"10","005","00","005","0503","0000","1501","433","1068","85","1586","2988","0","53.08","14.49"
"10","005","00","005","0503","0335","552","143","409","37","589","1070","0","55.05","13.36"
"10","005","00","005","0503","0336","441","109","332","17","458","879","0","52.1","12.4"
"10","005","00","005","0503","0337","508","181","327","31","539","1039","0","51.88","17.42"
"10","005","00","005","0504","0000","1889","503","1386","136","2025","3716","0","54.49","13.54"
"10","005","00","005","0504","0338","605","161","444","51","656","1129","0","58.1","14.26"
"10","005","00","005","0504","0339","533","151","382","39","572","1041","0","54.95","14.51"
"10","005","00","005","0504","0340","751","191","560","46","797","1546","0","51.55","12.35"
"10","005","00","005","0505","0000","2278","679","1599","101","2379","4361","0","54.55","15.57"
"10","005","00","005","0505","0341","555","146","409","32","587","935","0","62.78","15.61"
"10","005","00","005","0505","0342","582","175","407","35","617","1180","0","52.29","14.83"
"10","005","00","005","0505","0343","749","215","534","21","770","1499","0","51.37","14.34"
"10","005","00","005","0505","0344","392","143","249","13","405","747","0","54.22","19.14"
"10","005","00","005","0506","0000","1354","358","996","80","1434","2599","0","55.18","13.77"
"10","005","00","005","0506","0345","733","196","537","28","761","1406","0","54.13","13.94"
"10","005","00","005","0506","0346","621","162","459","52","673","1193","0","56.41","13.58"
"10","005","00","005","0507","0000","522","162","360","35","557","948","0","58.76","17.09"
"10","005","00","005","0507","0347","522","162","360","35","557","948","0","58.76","17.09"
"10","005","00","005","0508","0000","1775","503","1272","68","1843","3297","0","55.9","15.26"
"10","005","00","005","0508","0348","453","114","339","16","469","869","0","53.97","13.12"
"10","005","00","005","0508","0349","636","175","461","29","665","1142","0","58.23","15.32"
"10","005","00","005","0508","0350","686","214","472","23","709","1286","0","55.13","16.64"
"10","005","00","005","0509","0000","1802","504","1298","73","1875","3105","0","60.39","16.23"
"10","005","00","005","0509","0351","514","148","366","26","540","903","0","59.8","16.39"
"10","005","00","005","0509","0352","705","190","515","30","735","1186","0","61.97","16.02"
"10","005","00","005","0509","0353","583","166","417","17","600","1016","0","59.06","16.34"
"10","005","00","005","0510","0000","879","272","607","46","925","1536","0","60.22","17.71"
"10","005","00","005","0510","0357","496","145","351","21","517","890","0","58.09","16.29"
"10","005","00","005","0510","0358","383","127","256","25","408","646","0","63.16","19.66"
"10","005","00","005","0511","0000","443","128","315","21","464","947","0","49.0","13.52"
"10","005","00","005","0511","0356","443","128","315","21","464","947","0","49.0","13.52"
"10","005","00","005","0512","0000","627","156","471","43","670","1030","0","65.05","15.15"
"10","005","00","005","0512","0363","627","156","471","43","670","1030","0","65.05","15.15"
"10","005","00","005","0513","0000","1028","260","768","41","1069","1968","0","54.32","13.21"
"10","005","00","005","0513","0384","564","139","425","19","583","1121","0","52.01","12.4"
"10","005","00","005","0513","0385","464","121","343","22","486","847","0","57.38","14.29"
"10","005","00","005","0514","0000","1729","441","1288","93","1822","3454","0","52.75","12.77"
"10","005","00","005","0514","0388","795","203","592","38","833","1655","0","50.33","12.27"
"10","005","00","005","0514","0389","934","238","696","55","989","1799","0","54.97","13.23"
"10","005","00","005","0515","0000","2229","663","1566","93","2322","3884","0","59.78","17.07"
"10","005","00","005","0515","0367","770","230","540","25","795","1326","0","59.95","17.35"
"10","005","00","005","0515","0368","768","228","540","34","802","1270","0","63.15","17.95"
"10","005","00","005","0515","0369","691","205","486","34","725","1288","0","56.29","15.92"
"10","005","00","005","0516","0000","2097","628","1469","69","2166","3830","0","56.55","16.4"
"10","005","00","005","0516","0364","737","222","515","34","771","1338","0","57.62","16.59"
"10","005","00","005","0516","0365","764","237","527","21","785","1450","0","54.14","16.34"
"10","005","00","005","0516","0366","596","169","427","14","610","1042","0","58.54","16.22"
"10","005","00","005","0517","0000","1636","473","1163","66","1702","3125","0","54.46","15.14"
"10","005","00","005","0517","0376","864","250","614","25","889","1551","0","57.32","16.12"
"10","005","00","005","0517","0377","772","223","549","41","813","1574","0","51.65","14.17"
"10","005","00","005","0518","0000","2015","598","1417","92","2107","3984","0","52.89","15.01"
"10","005","00","005","0518","0390","631","182","449","31","662","1141","0","58.02","15.95"
"10","005","00","005","0518","0391","736","239","497","45","781","1431","0","54.58","16.7"
"10","005","00","005","0518","0392","648","177","471","16","664","1412","0","47.03","12.54"
"10","005","00","005","0519","0000","756","224","532","53","809","1344","0","60.19","16.67"
"10","005","00","005","0519","0395","756","224","532","53","809","1344","0","60.19","16.67"
"10","005","00","005","0520","0000","928","252","676","53","981","1990","0","49.3","12.66"
"10","005","00","005","0520","0359","545","150","395","39","584","975","0","59.9","15.38"
"10","005","00","005","0520","0360","383","102","281","14","397","1015","0","39.11","10.05"
"10","005","00","005","0521","0000","1448","413","1035","104","1552","2542","0","61.05","16.25"
"10","005","00","005","0521","0361","808","237","571","55","863","1399","0","61.69","16.94"
"10","005","00","005","0521","0362","640","176","464","49","689","1143","0","60.28","15.4"
"10","005","00","005","0522","0000","785","223","562","58","843","1363","0","61.85","16.36"
"10","005","00","005","0522","0396","785","223","562","58","843","1363","0","61.85","16.36"
"10","005","00","005","0523","0000","1393","385","1008","100","1493","2595","0","57.53","14.84"
"10","005","00","005","0523","0398","650","194","456","63","713","1182","0","60.32","16.41"
"10","005","00","005","0523","0399","743","191","552","37","780","1413","0","55.2","13.52"
"10","005","00","005","0524","0000","548","137","411","25","573","898","0","63.81","15.26"
"10","005","00","005","0524","0397","548","137","411","25","573","898","0","63.81","15.26"
"10","005","00","005","0525","0000","1233","342","891","79","1312","2171","0","60.43","15.75"
"10","005","00","005","0525","0400","580","159","421","36","616","991","0","62.16","16.04"
"10","005","00","005","0525","0401","653","183","470","43","696","1180","0","58.98","15.51"
"10","005","00","005","0526","0000","1118","353","765","53","1171","2048","0","57.18","17.24"
"10","005","00","005","0526","0386","570","187","383","29","599","993","0","60.32","18.83"
"10","005","00","005","0526","0387","548","166","382","24","572","1055","0","54.22","15.73"
"10","005","00","005","0527","0000","1254","336","918","55","1309","2319","0","56.45","14.49"
"10","005","00","005","0527","0393","546","140","406","21","567","1074","0","52.79","13.04"
"10","005","00","005","0527","0394","708","196","512","34","742","1245","0","59.6","15.74"
"10","005","00","005","0528","0000","2002","591","1411","112","2114","3507","0","60.28","16.85"
"10","005","00","005","0528","0378","688","208","480","43","731","1262","0","57.92","16.48"
"10","005","00","005","0528","0379","650","179","471","37","687","1171","0","58.67","15.29"
"10","005","00","005","0528","0380","664","204","460","32","696","1074","0","64.8","18.99"
"10","005","00","005","0529","0000","2001","583","1418","79","2080","3586","0","58.0","16.26"
"10","005","00","005","0529","0381","662","188","474","28","690","1141","0","60.47","16.48"
"10","005","00","005","0529","0382","701","205","496","31","732","1259","0","58.14","16.28"
"10","005","00","005","0529","0383","638","190","448","20","658","1186","0","55.48","16.02"
"10","005","00","005","0530","0000","1065","285","780","55","1120","2022","0","55.39","14.09"
"10","005","00","005","0530","0354","524","150","374","35","559","985","0","56.75","15.23"
"10","005","00","005","0530","0355","541","135","406","20","561","1037","0","54.1","13.02"
"10","005","00","005","0531","0000","1458","430","1028","43","1501","2523","0","59.49","17.04"
"10","005","00","005","0531","0370","724","237","487","21","745","1243","0","59.94","19.07"
"10","005","00","005","0531","0371","734","193","541","22","756","1280","0","59.06","15.08"
"10","005","00","005","0532","0000","1779","547","1232","81","1860","3377","0","55.08","16.2"
"10","005","00","005","0532","0372","867","266","601","46","913","1618","0","56.43","16.44"
"10","005","00","005","0532","0373","912","281","631","35","947","1759","0","53.84","15.97"
"10","005","00","005","0533","0000","1464","446","1018","59","1523","2590","0","58.8","17.22"
"10","005","00","005","0533","0374","721","206","515","34","755","1264","0","59.73","16.3"
"10","005","00","005","0533","0375","743","240","503","25","768","1326","0","57.92","18.1"
"10","005","00","006","0000","0000","15797","4624","11173","1316","17113","30948","36332","55.3","14.94"
"10","005","00","006","0601","0000","829","260","569","74","903","1473","0","61.3","17.65"
"10","005","00","006","0601","0223","316","99","217","28","344","590","0","58.31","16.78"
"10","005","00","006","0601","0224","513","161","352","46","559","883","0","63.31","18.23"
"10","005","00","006","0602","0000","460","146","314","37","497","793","0","62.67","18.41"
"10","005","00","006","0602","0225","460","146","314","37","497","793","0","62.67","18.41"
"10","005","00","006","0603","0000","754","231","523","49","803","1324","0","60.65","17.45"
"10","005","00","006","0603","0226","415","131","284","26","441","732","0","60.25","17.9"
"10","005","00","006","0603","0227","339","100","239","23","362","592","0","61.15","16.89"
"10","005","00","006","0604","0000","2278","792","1486","147","2425","4218","0","57.49","18.78"
"10","005","00","006","0604","0228","618","282","336","47","665","1113","0","59.75","25.34"
"10","005","00","006","0604","0229","642","217","425","35","677","1195","0","56.65","18.16"
"10","005","00","006","0604","0230","583","168","415","45","628","997","0","62.99","16.85"
"10","005","00","006","0604","0231","435","125","310","20","455","913","0","49.84","13.69"
"10","005","00","006","0605","0000","1186","320","866","99","1285","2304","0","55.77","13.89"
"10","005","00","006","0605","0246","591","146","445","36","627","1107","0","56.64","13.19"
"10","005","00","006","0605","0247","595","174","421","63","658","1197","0","54.97","14.54"
"10","005","00","006","0606","0000","800","198","602","52","852","1216","0","70.07","16.28"
"10","005","00","006","0606","0236","800","198","602","52","852","1216","0","70.07","16.28"
"10","005","00","006","0607","0000","495","132","363","38","533","977","0","54.55","13.51"
"10","005","00","006","0607","0237","495","132","363","38","533","977","0","54.55","13.51"
"10","005","00","006","0608","0000","1336","360","976","135","1471","2704","0","54.4","13.31"
"10","005","00","006","0608","0238","442","119","323","33","475","943","0","50.37","12.62"
"10","005","00","006","0608","0239","461","129","332","61","522","910","0","57.36","14.18"
"10","005","00","006","0608","0240","433","112","321","41","474","851","0","55.7","13.16"
"10","005","00","006","0609","0000","790","281","509","57","847","1375","0","61.6","20.44"
"10","005","00","006","0609","0241","438","160","278","21","459","725","0","63.31","22.07"
"10","005","00","006","0609","0242","352","121","231","36","388","650","0","59.69","18.62"
"10","005","00","006","0610","0000","325","106","219","42","367","706","0","51.98","15.01"
"10","005","00","006","0610","0243","325","106","219","42","367","706","0","51.98","15.01"
"10","005","00","006","0611","0000","735","223","512","53","788","1489","0","52.92","14.98"
"10","005","00","006","0611","0232","311","85","226","26","337","641","0","52.57","13.26"
"10","005","00","006","0611","0233","424","138","286","27","451","848","0","53.18","16.27"
"10","005","00","006","0612","0000","750","215","535","65","815","1549","0","52.61","13.88"
"10","005","00","006","0612","0244","402","112","290","34","436","748","0","58.29","14.97"
"10","005","00","006","0612","0245","348","103","245","31","379","801","0","47.32","12.86"
"10","005","00","006","0613","0000","630","176","454","70","700","1264","0","55.38","13.92"
"10","005","00","006","0613","0234","630","176","454","70","700","1264","0","55.38","13.92"
"10","005","00","006","0614","0000","468","137","331","35","503","965","0","52.12","14.2"
"10","005","00","006","0614","0235","468","137","331","35","503","965","0","52.12","14.2"
"10","005","00","006","0615","0000","476","118","358","52","528","1036","0","50.97","11.39"
"10","005","00","006","0615","0248","476","118","358","52","528","1036","0","50.97","11.39"
"10","005","00","006","0616","0000","393","112","281","33","426","913","0","46.66","12.27"
"10","005","00","006","0616","0249","393","112","281","33","426","913","0","46.66","12.27"
"10","005","00","006","0617","0000","401","110","291","39","440","719","0","61.2","15.3"
"10","005","00","006","0617","0250","401","110","291","39","440","719","0","61.2","15.3"
"10","005","00","006","0618","0000","531","136","395","68","599","1037","0","57.76","13.11"
"10","005","00","006","0618","0251","531","136","395","68","599","1037","0","57.76","13.11"
"10","005","00","006","0619","0000","288","93","195","19","307","601","0","51.08","15.47"
"10","005","00","006","0619","0252","288","93","195","19","307","601","0","51.08","15.47"
"10","005","00","006","0620","0000","546","162","384","34","580","1269","0","45.71","12.77"
"10","005","00","006","0620","0253","546","162","384","34","580","1269","0","45.71","12.77"
"10","005","00","006","0621","0000","337","93","244","28","365","735","0","49.66","12.65"
"10","005","00","006","0621","0254","337","93","244","28","365","735","0","49.66","12.65"
"10","005","00","006","0622","0000","474","116","358","30","504","1047","0","48.14","11.08"
"10","005","00","006","0622","0255","135","33","102","10","145","422","0","34.36","7.82"
"10","005","00","006","0622","0256","339","83","256","20","359","625","0","57.44","13.28"
"10","005","00","006","0623","0000","515","107","408","60","575","1234","0","46.6","8.67"
"10","005","00","006","0623","0257","515","107","408","60","575","1234","0","46.6","8.67"
"10","005","00","007","0000","0000","8120","2247","5873","567","8687","14772","16818","58.81","15.21"
"10","005","00","007","0701","0000","435","114","321","25","460","745","0","61.74","15.3"
"10","005","00","007","0701","0445","435","114","321","25","460","745","0","61.74","15.3"
"10","005","00","007","0702","0000","771","210","561","37","808","1528","0","52.88","13.74"
"10","005","00","007","0702","0446","404","102","302","27","431","783","0","55.04","13.03"
"10","005","00","007","0702","0447","367","108","259","10","377","745","0","50.6","14.5"
"10","005","00","007","0703","0000","1195","303","892","108","1303","2079","0","62.67","14.57"
"10","005","00","007","0703","0451","499","134","365","38","537","865","0","62.08","15.49"
"10","005","00","007","0703","0452","476","116","360","46","522","828","0","63.04","14.01"
"10","005","00","007","0703","0453","220","53","167","24","244","386","0","63.21","13.73"
"10","005","00","007","0704","0000","499","137","362","25","524","999","0","52.45","13.71"
"10","005","00","007","0704","0448","499","137","362","25","524","999","0","52.45","13.71"
"10","005","00","007","0705","0000","430","108","322","37","467","757","0","61.69","14.27"
"10","005","00","007","0705","0449","383","104","279","35","418","671","0","62.3","15.5"
"10","005","00","007","0705","0459","47","4","43","2","49","86","0","56.98","4.65"
"10","005","00","007","0706","0000","505","122","383","14","519","940","0","55.21","12.98"
"10","005","00","007","0706","0460","505","122","383","14","519","940","0","55.21","12.98"
"10","005","00","007","0707","0000","1080","316","764","86","1166","1978","0","58.95","15.98"
"10","005","00","007","0707","0442","546","152","394","42","588","961","0","61.19","15.82"
"10","005","00","007","0707","0443","534","164","370","44","578","1017","0","56.83","16.13"
"10","005","00","007","0708","0000","654","195","459","51","705","1095","0","64.38","17.81"
"10","005","00","007","0708","0444","654","195","459","51","705","1095","0","64.38","17.81"
"10","005","00","007","0709","0000","1285","382","903","85","1370","2209","0","62.02","17.29"
"10","005","00","007","0709","0454","411","119","292","33","444","688","0","64.53","17.3"
"10","005","00","007","0709","0455","461","148","313","31","492","792","0","62.12","18.69"
"10","005","00","007","0709","0456","413","115","298","21","434","729","0","59.53","15.78"
"10","005","00","007","0710","0000","426","117","309","57","483","734","0","65.8","15.94"
"10","005","00","007","0710","0450","426","117","309","57","483","734","0","65.8","15.94"
"10","005","00","007","0711","0000","840","243","597","42","882","1708","0","51.64","14.23"
"10","005","00","007","0711","0457","502","164","338","24","526","1093","0","48.12","15.0"
"10","005","00","007","0711","0458","338","79","259","18","356","615","0","57.89","12.85"
"10","005","00","008","0000","0000","6252","1679","4573","513","6765","12653","14521","53.47","13.27"
"10","005","00","008","0801","0000","833","242","591","62","895","1625","0","55.08","14.89"
"10","005","00","008","0801","0420","376","113","263","32","408","744","0","54.84","15.19"
"10","005","00","008","0801","0421","457","129","328","30","487","881","0","55.28","14.64"
"10","005","00","008","0802","0000","311","88","223","29","340","596","0","57.05","14.77"
"10","005","00","008","0802","0422","311","88","223","29","340","596","0","57.05","14.77"
"10","005","00","008","0803","0000","901","221","680","66","967","1790","0","54.02","12.35"
"10","005","00","008","0803","0424","422","105","317","32","454","867","0","52.36","12.11"
"10","005","00","008","0803","0425","479","116","363","34","513","923","0","55.58","12.57"
"10","005","00","008","0804","0000","670","172","498","66","736","1395","0","52.76","12.33"
"10","005","00","008","0804","0426","670","172","498","66","736","1395","0","52.76","12.33"
"10","005","00","008","0805","0000","195","63","132","21","216","561","0","38.5","11.23"
"10","005","00","008","0805","0427","195","63","132","21","216","561","0","38.5","11.23"
"10","005","00","008","0806","0000","606","179","427","49","655","1260","0","51.98","14.21"
"10","005","00","008","0806","0423","606","179","427","49","655","1260","0","51.98","14.21"
"10","005","00","008","0807","0000","356","85","271","17","373","638","0","58.46","13.32"
"10","005","00","008","0807","0428","356","85","271","17","373","638","0","58.46","13.32"
"10","005","00","008","0808","0000","711","210","501","64","775","1495","0","51.84","14.05"
"10","005","00","008","0808","0431","325","108","217","34","359","652","0","55.06","16.56"
"10","005","00","008","0808","0432","386","102","284","30","416","843","0","49.35","12.1"
"10","005","00","008","0809","0000","369","101","268","31","400","754","0","53.05","13.4"
"10","005","00","008","0809","0429","369","101","268","31","400","754","0","53.05","13.4"
"10","005","00","008","0810","0000","236","41","195","12","248","501","0","49.5","8.18"
"10","005","00","008","0810","0430","236","41","195","12","248","501","0","49.5","8.18"
"10","005","00","008","0811","0000","526","149","377","55","581","1020","0","56.96","14.61"
"10","005","00","008","0811","0433","526","149","377","55","581","1020","0","56.96","14.61"
"10","005","00","008","0812","0000","538","128","410","41","579","1018","0","56.88","12.57"
"10","005","00","008","0812","0434","538","128","410","41","579","1018","0","56.88","12.57"
"10","005","00","009","0000","0000","15547","4235","11312","1169","16716","28318","33327","59.03","14.96"
"10","005","00","009","0901","0000","976","266","710","71","1047","1581","0","66.22","16.82"
"10","005","00","009","0901","0068","482","130","352","42","524","789","0","66.41","16.48"
"10","005","00","009","0901","0069","494","136","358","29","523","792","0","66.04","17.17"
"10","005","00","009","0902","0000","1390","371","1019","113","1503","2372","0","63.36","15.64"
"10","005","00","009","0902","0070","654","169","485","61","715","1117","0","64.01","15.13"
"10","005","00","009","0902","0071","736","202","534","52","788","1255","0","62.79","16.1"
"10","005","00","009","0903","0000","1945","552","1393","120","2065","3413","0","60.5","16.17"
"10","005","00","009","0903","0072","650","174","476","33","683","1141","0","59.86","15.25"
"10","005","00","009","0903","0073","642","205","437","45","687","1172","0","58.62","17.49"
"10","005","00","009","0903","0074","653","173","480","42","695","1100","0","63.18","15.73"
"10","005","00","009","0904","0000","497","127","370","56","553","964","0","57.37","13.17"
"10","005","00","009","0904","0079","497","127","370","56","553","964","0","57.37","13.17"
"10","005","00","009","0905","0000","1144","311","833","76","1220","2313","0","52.75","13.45"
"10","005","00","009","0905","0075","622","166","456","29","651","1232","0","52.84","13.47"
"10","005","00","009","0905","0076","522","145","377","47","569","1081","0","52.64","13.41"
"10","005","00","009","0906","0000","1332","370","962","76","1408","2331","0","60.4","15.87"
"10","005","00","009","0906","0077","735","210","525","42","777","1250","0","62.16","16.8"
"10","005","00","009","0906","0078","597","160","437","34","631","1081","0","58.37","14.8"
"10","005","00","009","0907","0000","801","220","581","62","863","1507","0","57.27","14.6"
"10","005","00","009","0907","0084","400","97","303","28","428","719","0","59.53","13.49"
"10","005","00","009","0907","0085","401","123","278","34","435","788","0","55.2","15.61"
"10","005","00","009","0908","0000","576","158","418","54","630","1038","0","60.69","15.22"
"10","005","00","009","0908","0080","576","158","418","54","630","1038","0","60.69","15.22"
"10","005","00","009","0909","0000","1076","313","763","74","1150","2031","0","56.62","15.41"
"10","005","00","009","0909","0082","461","117","344","36","497","865","0","57.46","13.53"
"10","005","00","009","0909","0083","615","196","419","38","653","1166","0","56.0","16.81"
"10","005","00","009","0910","0000","183","43","140","20","203","303","0","67.0","14.19"
"10","005","00","009","0910","0086","183","43","140","20","203","303","0","67.0","14.19"
"10","005","00","009","0911","0000","208","65","143","18","226","360","0","62.78","18.06"
"10","005","00","009","0911","0081","208","65","143","18","226","360","0","62.78","18.06"
"10","005","00","009","0912","0000","1250","329","921","81","1331","2255","0","59.02","14.59"
"10","005","00","009","0912","0087","749","217","532","46","795","1322","0","60.14","16.41"
"10","005","00","009","0912","0088","501","112","389","35","536","933","0","57.45","12.0"
"10","005","00","009","0913","0000","718","188","530","73","791","1455","0","54.36","12.92"
"10","005","00","009","0913","0089","718","188","530","73","791","1455","0","54.36","12.92"
"10","005","00","009","0914","0000","910","266","644","88","998","1615","0","61.8","16.47"
"10","005","00","009","0914","0090","910","266","644","88","998","1615","0","61.8","16.47"
"10","005","00","009","0915","0000","750","191","559","53","803","1451","0","55.34","13.16"
"10","005","00","009","0915","0091","750","191","559","53","803","1451","0","55.34","13.16"
"10","005","00","009","0916","0000","680","175","505","57","737","1317","0","55.96","13.29"
"10","005","00","009","0916","0093","680","175","505","57","737","1317","0","55.96","13.29"
"10","005","00","009","0917","0000","829","225","604","53","882","1462","0","60.33","15.39"
"10","005","00","009","0917","0092","829","225","604","53","882","1462","0","60.33","15.39"
"10","005","00","009","0918","0000","123","26","97","8","131","221","0","59.28","11.76"
"10","005","00","009","0918","0094","123","26","97","8","131","221","0","59.28","11.76"
"10","005","00","009","0919","0000","159","39","120","16","175","329","0","53.19","11.85"
"10","005","00","009","0919","0095","159","39","120","16","175","329","0","53.19","11.85"
"10","005","00","010","0000","0000","8164","2188","5976","486","8650","15424","17922","56.08","14.19"
"10","005","00","010","1001","0000","574","151","423","23","597","1029","0","58.02","14.67"
"10","005","00","010","1001","0114","574","151","423","23","597","1029","0","58.02","14.67"
"10","005","00","010","1002","0000","2545","695","1850","133","2678","4463","0","60.0","15.57"
"10","005","00","010","1002","0108","515","125","390","33","548","887","0","61.78","14.09"
"10","005","00","010","1002","0109","599","151","448","33","632","1052","0","60.08","14.35"
"10","005","00","010","1002","0110","791","253","538","34","825","1347","0","61.25","18.78"
"10","005","00","010","1002","0111","640","166","474","33","673","1177","0","57.18","14.1"
"10","005","00","010","1003","0000","942","238","704","51","993","1655","0","60.0","14.38"
"10","005","00","010","1003","0115","495","113","382","30","525","905","0","58.01","12.49"
"10","005","00","010","1003","0116","447","125","322","21","468","750","0","62.4","16.67"
"10","005","00","010","1004","0000","659","200","459","23","682","1268","0","53.79","15.77"
"10","005","00","010","1004","0112","659","200","459","23","682","1268","0","53.79","15.77"
"10","005","00","010","1005","0000","555","168","387","30","585","1185","0","49.37","14.18"
"10","005","00","010","1005","0113","555","168","387","30","585","1185","0","49.37","14.18"
"10","005","00","010","1006","0000","516","122","394","38","554","1080","0","51.3","11.3"
"10","005","00","010","1006","0117","516","122","394","38","554","1080","0","51.3","11.3"
"10","005","00","010","1007","0000","1593","419","1174","112","1705","3186","0","53.52","13.15"
"10","005","00","010","1007","0118","554","145","409","48","602","1108","0","54.33","13.09"
"10","005","00","010","1007","0119","426","100","326","30","456","862","0","52.9","11.6"
"10","005","00","010","1007","0120","613","174","439","34","647","1216","0","53.21","14.31"
"10","005","00","010","1008","0000","276","63","213","28","304","588","0","51.7","10.71"
"10","005","00","010","1008","0121","276","63","213","28","304","588","0","51.7","10.71"
"10","005","00","010","1009","0000","206","54","152","29","235","429","0","54.78","12.59"
"10","005","00","010","1009","0122","206","54","152","29","235","429","0","54.78","12.59"
"10","005","00","010","1010","0000","298","78","220","19","317","541","0","58.6","14.42"
"10","005","00","010","1010","0123","298","78","220","19","317","541","0","58.6","14.42"
"10","005","00","011","0000","0000","4044","1088","2956","295","4339","8784","10130","49.4","12.39"
"10","005","00","011","1101","0000","591","159","432","53","644","1155","0","55.76","13.77"
"10","005","00","011","1101","0411","591","159","432","53","644","1155","0","55.76","13.77"
"10","005","00","011","1102","0000","353","95","258","18","371","650","0","57.08","14.62"
"10","005","00","011","1102","0412","353","95","258","18","371","650","0","57.08","14.62"
"10","005","00","011","1103","0000","643","161","482","56","699","1353","0","51.66","11.9"
"10","005","00","011","1103","0413","643","161","482","56","699","1353","0","51.66","11.9"
"10","005","00","011","1104","0000","333","84","249","22","355","813","0","43.67","10.33"
"10","005","00","011","1104","0414","333","84","249","22","355","813","0","43.67","10.33"
"10","005","00","011","1105","0000","325","78","247","34","359","837","0","42.89","9.32"
"10","005","00","011","1105","0415","325","78","247","34","359","837","0","42.89","9.32"
"10","005","00","011","1106","0000","540","142","398","32","572","1093","0","52.33","12.99"
"10","005","00","011","1106","0416","540","142","398","32","572","1093","0","52.33","12.99"
"10","005","00","011","1107","0000","532","156","376","41","573","1048","0","54.68","14.89"
"10","005","00","011","1107","0417","532","156","376","41","573","1048","0","54.68","14.89"
"10","005","00","011","1108","0000","420","130","290","26","446","872","0","51.15","14.91"
"10","005","00","011","1108","0418","420","130","290","26","446","872","0","51.15","14.91"
"10","005","00","011","1109","0000","307","83","224","13","320","963","0","33.23","8.62"
"10","005","00","011","1109","0419","307","83","224","13","320","963","0","33.23","8.62"
"10","005","00","012","0000","0000","5773","1586","4187","349","6122","9390","10711","65.2","16.89"
"10","005","00","012","1201","0000","1599","521","1078","121","1720","2503","0","68.72","20.82"
"10","005","00","012","1201","0096","834","331","503","58","892","1335","0","66.82","24.79"
"10","005","00","012","1201","0097","765","190","575","63","828","1168","0","70.89","16.27"
"10","005","00","012","1202","0000","1072","340","732","56","1128","1851","0","60.94","18.37"
"10","005","00","012","1202","0103","480","149","331","24","504","844","0","59.72","17.65"
"10","005","00","012","1202","0104","592","191","401","32","624","1007","0","61.97","18.97"
"10","005","00","012","1203","0000","438","96","342","26","464","725","0","64.0","13.24"
"10","005","00","012","1203","0100","438","96","342","26","464","725","0","64.0","13.24"
"10","005","00","012","1204","0000","1116","321","795","62","1178","1710","0","68.89","18.77"
"10","005","00","012","1204","0098","491","127","364","29","520","792","0","65.66","16.04"
"10","005","00","012","1204","0099","625","194","431","33","658","918","0","71.68","21.13"
"10","005","00","012","1205","0000","524","131","393","31","555","899","0","61.74","14.57"
"10","005","00","012","1205","0101","524","131","393","31","555","899","0","61.74","14.57"
"10","005","00","012","1206","0000","176","43","133","6","182","369","0","49.32","11.65"
"10","005","00","012","1206","0102","176","43","133","6","182","369","0","49.32","11.65"
"10","005","00","012","1207","0000","627","87","540","30","657","1005","0","65.37","8.66"
"10","005","00","012","1207","0105","485","51","434","16","501","794","0","63.1","6.42"
"10","005","00","012","1207","0106","142","36","106","14","156","211","0","73.93","17.06"
"10","005","00","012","1208","0000","221","47","174","17","238","328","0","72.56","14.33"
"10","005","00","012","1208","0107","221","47","174","17","238","328","0","72.56","14.33"
"10","005","00","013","0000","0000","7767","1971","5796","381","8148","13889","16277","58.67","14.19"
"10","005","00","013","1301","0000","2336","557","1779","96","2432","4132","0","58.86","13.48"
"10","005","00","013","1301","0124","504","75","429","18","522","853","0","61.2","8.79"
"10","005","00","013","1301","0125","587","147","440","24","611","983","0","62.16","14.95"
"10","005","00","013","1301","0126","611","158","453","37","648","1080","0","60.0","14.63"
"10","005","00","013","1301","0127","634","177","457","17","651","1216","0","53.54","14.56"
"10","005","00","013","1302","0000","965","221","744","45","1010","1825","0","55.34","12.11"
"10","005","00","013","1302","0132","497","114","383","26","523","991","0","52.77","11.5"
"10","005","00","013","1302","0133","468","107","361","19","487","834","0","58.39","12.83"
"10","005","00","013","1303","0000","771","205","566","55","826","1371","0","60.25","14.95"
"10","005","00","013","1303","0134","348","94","254","19","367","622","0","59.0","15.11"
"10","005","00","013","1303","0135","423","111","312","36","459","749","0","61.28","14.82"
"10","005","00","013","1304","0000","1847","484","1363","73","1920","3395","0","56.55","14.26"
"10","005","00","013","1304","0128","575","143","432","29","604","1017","0","59.39","14.06"
"10","005","00","013","1304","0129","609","167","442","23","632","1180","0","53.56","14.15"
"10","005","00","013","1304","0130","663","174","489","21","684","1198","0","57.1","14.52"
"10","005","00","013","1305","0000","940","258","682","55","995","1451","0","68.57","17.78"
"10","005","00","013","1305","0136","440","113","327","20","460","692","0","66.47","16.33"
"10","005","00","013","1305","0137","500","145","355","35","535","759","0","70.49","19.1"
"10","005","00","013","1306","0000","232","51","181","10","242","417","0","58.03","12.23"
"10","005","00","013","1306","0131","232","51","181","10","242","417","0","58.03","12.23"
"10","005","00","013","1307","0000","676","195","481","47","723","1298","0","55.7","15.02"
"10","005","00","013","1307","0138","314","82","232","22","336","629","0","53.42","13.04"
"10","005","00","013","1307","0139","362","113","249","25","387","669","0","57.85","16.89"
"10","005","00","014","0000","0000","3304","927","2377","230","3534","6382","7072","55.37","14.53"
"10","005","00","014","1401","0000","312","94","218","19","331","601","0","55.07","15.64"
"10","005","00","014","1401","0140","312","94","218","19","331","601","0","55.07","15.64"
"10","005","00","014","1402","0000","319","80","239","22","341","566","0","60.25","14.13"
"10","005","00","014","1402","0141","319","80","239","22","341","566","0","60.25","14.13"
"10","005","00","014","1403","0000","446","122","324","45","491","843","0","58.24","14.47"
"10","005","00","014","1403","0142","446","122","324","45","491","843","0","58.24","14.47"
"10","005","00","014","1404","0000","327","95","232","17","344","648","0","53.09","14.66"
"10","005","00","014","1404","0143","327","95","232","17","344","648","0","53.09","14.66"
"10","005","00","014","1405","0000","273","77","196","21","294","515","0","57.09","14.95"
"10","005","00","014","1405","0146","273","77","196","21","294","515","0","57.09","14.95"
"10","005","00","014","1406","0000","233","64","169","15","248","461","0","53.8","13.88"
"10","005","00","014","1406","0145","233","64","169","15","248","461","0","53.8","13.88"
"10","005","00","014","1407","0000","446","149","297","27","473","936","0","50.53","15.92"
"10","005","00","014","1407","0144","446","149","297","27","473","936","0","50.53","15.92"
"10","005","00","014","1408","0000","574","142","432","41","615","1141","0","53.9","12.45"
"10","005","00","014","1408","0147","574","142","432","41","615","1141","0","53.9","12.45"
"10","005","00","014","1409","0000","374","104","270","23","397","671","0","59.17","15.5"
"10","005","00","014","1409","0148","374","104","270","23","397","671","0","59.17","15.5"
"10","005","00","015","0000","0000","5916","1613","4303","503","6419","11027","12728","58.21","14.63"
"10","005","00","015","1501","0000","1209","310","899","85","1294","2060","0","62.82","15.05"
"10","005","00","015","1501","0258","717","206","511","49","766","1171","0","65.41","17.59"
"10","005","00","015","1501","0259","492","104","388","36","528","889","0","59.39","11.7"
"10","005","00","015","1502","0000","221","60","161","16","237","479","0","49.48","12.53"
"10","005","00","015","1502","0260","221","60","161","16","237","479","0","49.48","12.53"
"10","005","00","015","1503","0000","562","142","420","40","602","1024","0","58.79","13.87"
"10","005","00","015","1503","0261","562","142","420","40","602","1024","0","58.79","13.87"
"10","005","00","015","1504","0000","1667","476","1191","157","1824","3442","0","52.99","13.83"
"10","005","00","015","1504","0262","596","179","417","61","657","1214","0","54.12","14.74"
"10","005","00","015","1504","0263","520","142","378","40","560","1071","0","52.29","13.26"
"10","005","00","015","1504","0264","551","155","396","56","607","1157","0","52.46","13.4"
"10","005","00","015","1505","0000","280","79","201","21","301","512","0","58.79","15.43"
"10","005","00","015","1505","0265","280","79","201","21","301","512","0","58.79","15.43"
"10","005","00","015","1506","0000","292","76","216","18","310","491","0","63.14","15.48"
"10","005","00","015","1506","0266","292","76","216","18","310","491","0","63.14","15.48"
"10","005","00","015","1507","0000","717","188","529","49","766","1272","0","60.22","14.78"
"10","005","00","015","1507","0267","717","188","529","49","766","1272","0","60.22","14.78"
"10","005","00","015","1508","0000","411","113","298","40","451","785","0","57.45","14.39"
"10","005","00","015","1508","0268","411","113","298","40","451","785","0","57.45","14.39"
"10","005","00","015","1509","0000","557","169","388","77","634","962","0","65.9","17.57"
"10","005","00","015","1509","0269","557","169","388","77","634","962","0","65.9","17.57"
"10","005","00","016","0000","0000","3145","800","2345","236","3381","5852","6662","57.78","13.67"
"10","005","00","016","1601","0000","1224","332","892","61","1285","2201","0","58.38","15.08"
"10","005","00","016","1601","0402","581","145","436","15","596","996","0","59.84","14.56"
"10","005","00","016","1601","0403","643","187","456","46","689","1205","0","57.18","15.52"
"10","005","00","016","1602","0000","350","86","264","35","385","635","0","60.63","13.54"
"10","005","00","016","1602","0404","350","86","264","35","385","635","0","60.63","13.54"
"10","005","00","016","1603","0000","463","114","349","35","498","862","0","57.77","13.23"
"10","005","00","016","1603","0405","463","114","349","35","498","862","0","57.77","13.23"
"10","005","00","016","1604","0000","105","19","86","13","118","238","0","49.58","7.98"
"10","005","00","016","1604","0406","105","19","86","13","118","238","0","49.58","7.98"
"10","005","00","016","1605","0000","272","69","203","22","294","541","0","54.34","12.75"
"10","005","00","016","1605","0407","272","69","203","22","294","541","0","54.34","12.75"
"10","005","00","016","1606","0000","277","73","204","21","298","578","0","51.56","12.63"
"10","005","00","016","1606","0408","277","73","204","21","298","578","0","51.56","12.63"
"10","005","00","016","1607","0000","249","62","187","30","279","405","0","68.89","15.31"
"10","005","00","016","1607","0409","249","62","187","30","279","405","0","68.89","15.31"
"10","005","00","016","1608","0000","205","45","160","19","224","392","0","57.14","11.48"
"10","005","00","016","1608","0410","205","45","160","19","224","392","0","57.14","11.48"
"10","005","00","017","0000","0000","1857","436","1421","183","2040","3968","4370","51.41","10.99"
"10","005","00","017","1701","0000","123","21","102","7","130","328","0","39.63","6.4"
"10","005","00","017","1701","0435","123","21","102","7","130","328","0","39.63","6.4"
"10","005","00","017","1702","0000","224","49","175","28","252","565","0","44.6","8.67"
"10","005","00","017","1702","0436","224","49","175","28","252","565","0","44.6","8.67"
"10","005","00","017","1703","0000","467","123","344","56","523","911","0","57.41","13.5"
"10","005","00","017","1703","0437","467","123","344","56","523","911","0","57.41","13.5"
"10","005","00","017","1704","0000","245","66","179","23","268","568","0","47.18","11.62"
"10","005","00","017","1704","0438","245","66","179","23","268","568","0","47.18","11.62"
"10","005","00","017","1705","0000","311","60","251","31","342","580","0","58.97","10.34"
"10","005","00","017","1705","0439","311","60","251","31","342","580","0","58.97","10.34"
"10","005","00","017","1706","0000","157","42","115","12","169","333","0","50.75","12.61"
"10","005","00","017","1706","0440","157","42","115","12","169","333","0","50.75","12.61"
"10","005","00","017","1707","0000","330","75","255","26","356","683","0","52.12","10.98"
"10","005","00","017","1707","0441","330","75","255","26","356","683","0","52.12","10.98"
"10","005","00","018","0000","0000","3269","727","2542","200","3469","5180","6076","66.97","14.03"
"10","005","00","018","1801","0000","149","31","118","6","155","325","0","47.69","9.54"
"10","005","00","018","1801","0461","149","31","118","6","155","325","0","47.69","9.54"
"10","005","00","018","1802","0000","721","161","560","58","779","1150","0","67.74","14.0"
"10","005","00","018","1802","0462","266","57","209","23","289","484","0","59.71","11.78"
"10","005","00","018","1802","0463","455","104","351","35","490","666","0","73.57","15.62"
"10","005","00","018","1803","0000","516","109","407","49","565","907","0","62.29","12.02"
"10","005","00","018","1803","0464","351","71","280","39","390","574","0","67.94","12.37"
"10","005","00","018","1803","0465","165","38","127","10","175","333","0","52.55","11.41"
"10","005","00","018","1804","0000","336","71","265","11","347","495","0","70.1","14.34"
"10","005","00","018","1804","0466","336","71","265","11","347","495","0","70.1","14.34"
"10","005","00","018","1805","0000","367","121","246","27","394","544","0","72.43","22.24"
"10","005","00","018","1805","0467","367","121","246","27","394","544","0","72.43","22.24"
"10","005","00","018","1806","0000","283","62","221","16","299","500","0","59.8","12.4"
"10","005","00","018","1806","0468","283","62","221","16","299","500","0","59.8","12.4"
"10","005","00","018","1807","0000","452","100","352","28","480","670","0","71.64","14.93"
"10","005","00","018","1807","0469","452","100","352","28","480","670","0","71.64","14.93"
"10","005","00","018","1808","0000","445","72","373","5","450","589","0","76.4","12.22"
"10","005","00","018","1808","0470","445","72","373","5","450","589","0","76.4","12.22"
"10","007","00","000","0000","0000","576760","169785","406975","37374","614134","1066994","1278437","57.56","15.91"
"10","007","00","001","0000","0000","109905","35013","74892","5771","115676","190995","232709","60.56","18.33"
"10","007","00","001","0101","0000","791","228","563","40","831","1295","0","64.17","17.61"
"10","007","00","001","0101","0117","402","125","277","23","425","662","0","64.2","18.88"
"10","007","00","001","0101","0118","389","103","286","17","406","633","0","64.14","16.27"
"10","007","00","001","0102","0000","2971","874","2097","127","3098","5001","0","61.95","17.48"
"10","007","00","001","0102","0125","736","230","506","33","769","1263","0","60.89","18.21"
"10","007","00","001","0102","0126","762","219","543","39","801","1268","0","63.17","17.27"
"10","007","00","001","0102","0127","736","202","534","33","769","1258","0","61.13","16.06"
"10","007","00","001","0102","0128","737","223","514","22","759","1212","0","62.62","18.4"
"10","007","00","001","0103","0000","955","319","636","53","1008","1656","0","60.87","19.26"
"10","007","00","001","0103","0112","463","163","300","21","484","781","0","61.97","20.87"
"10","007","00","001","0103","0113","492","156","336","32","524","875","0","59.89","17.83"
"10","007","00","001","0104","0000","464","137","327","23","487","816","0","59.68","16.79"
"10","007","00","001","0104","0114","464","137","327","23","487","816","0","59.68","16.79"
"10","007","00","001","0105","0000","852","270","582","62","914","1414","0","64.64","19.09"
"10","007","00","001","0105","0115","407","122","285","32","439","687","0","63.9","17.76"
"10","007","00","001","0105","0116","445","148","297","30","475","727","0","65.34","20.36"
"10","007","00","001","0106","0000","1023","309","714","62","1085","1759","0","61.68","17.57"
"10","007","00","001","0106","0119","560","180","380","30","590","906","0","65.12","19.87"
"10","007","00","001","0106","0120","463","129","334","32","495","853","0","58.03","15.12"
"10","007","00","001","0107","0000","2413","716","1697","105","2518","3986","0","63.17","17.96"
"10","007","00","001","0107","0121","621","195","426","27","648","1027","0","63.1","18.99"
"10","007","00","001","0107","0122","606","165","441","31","637","993","0","64.15","16.62"
"10","007","00","001","0107","0123","497","141","356","29","526","848","0","62.03","16.63"
"10","007","00","001","0107","0124","689","215","474","18","707","1118","0","63.24","19.23"
"10","007","00","001","0108","0000","2930","904","2026","104","3034","5156","0","58.84","17.53"
"10","007","00","001","0108","0106","709","209","500","7","716","1156","0","61.94","18.08"
"10","007","00","001","0108","0107","716","211","505","38","754","1235","0","61.05","17.09"
"10","007","00","001","0108","0108","736","235","501","47","783","1376","0","56.9","17.08"
"10","007","00","001","0108","0109","769","249","520","12","781","1389","0","56.23","17.93"
"10","007","00","001","0109","0000","1069","552","517","51","1120","1705","0","65.69","32.38"
"10","007","00","001","0109","0110","531","151","380","29","560","846","0","66.19","17.85"
"10","007","00","001","0109","0111","538","401","137","22","560","859","0","65.19","46.68"
"10","007","00","001","0110","0000","1045","303","742","45","1090","1883","0","57.89","16.09"
"10","007","00","001","0110","0104","523","153","370","11","534","975","0","54.77","15.69"
"10","007","00","001","0110","0105","522","150","372","34","556","908","0","61.23","16.52"
"10","007","00","001","0111","0000","479","162","317","22","501","773","0","64.81","20.96"
"10","007","00","001","0111","0103","479","162","317","22","501","773","0","64.81","20.96"
"10","007","00","001","0112","0000","825","266","559","58","883","1420","0","62.18","18.73"
"10","007","00","001","0112","0101","415","119","296","30","445","692","0","64.31","17.2"
"10","007","00","001","0112","0102","410","147","263","28","438","728","0","60.16","20.19"
"10","007","00","001","0113","0000","545","172","373","31","576","893","0","64.5","19.26"
"10","007","00","001","0113","0099","545","172","373","31","576","893","0","64.5","19.26"
"10","007","00","001","0114","0000","445","159","286","24","469","691","0","67.87","23.01"
"10","007","00","001","0114","0098","445","159","286","24","469","691","0","67.87","23.01"
"10","007","00","001","0115","0000","424","129","295","33","457","733","0","62.35","17.6"
"10","007","00","001","0115","0100","424","129","295","33","457","733","0","62.35","17.6"
"10","007","00","001","0116","0000","514","175","339","49","563","910","0","61.87","19.23"
"10","007","00","001","0116","0054","514","175","339","49","563","910","0","61.87","19.23"
"10","007","00","001","0117","0000","472","149","323","26","498","771","0","64.59","19.33"
"10","007","00","001","0117","0051","472","149","323","26","498","771","0","64.59","19.33"
"10","007","00","001","0118","0000","504","170","334","31","535","868","0","61.64","19.59"
"10","007","00","001","0118","0052","504","170","334","31","535","868","0","61.64","19.59"
"10","007","00","001","0119","0000","637","203","434","50","687","1135","0","60.53","17.89"
"10","007","00","001","0119","0053","637","203","434","50","687","1135","0","60.53","17.89"
"10","007","00","001","0120","0000","2044","849","1195","111","2155","3360","0","64.14","25.27"
"10","007","00","001","0120","0056","633","420","213","40","673","1077","0","62.49","39.0"
"10","007","00","001","0120","0057","777","235","542","50","827","1258","0","65.74","18.68"
"10","007","00","001","0120","0058","634","194","440","21","655","1025","0","63.9","18.93"
"10","007","00","001","0121","0000","2109","636","1473","111","2220","3648","0","60.86","17.43"
"10","007","00","001","0121","0059","699","222","477","47","746","1177","0","63.38","18.86"
"10","007","00","001","0121","0060","695","209","486","27","722","1262","0","57.21","16.56"
"10","007","00","001","0121","0061","715","205","510","37","752","1209","0","62.2","16.96"
"10","007","00","001","0122","0000","668","196","472","37","705","1203","0","58.6","16.29"
"10","007","00","001","0122","0065","668","196","472","37","705","1203","0","58.6","16.29"
"10","007","00","001","0123","0000","1827","530","1297","104","1931","3145","0","61.4","16.85"
"10","007","00","001","0123","0062","623","206","417","38","661","1041","0","63.5","19.79"
"10","007","00","001","0123","0063","653","166","487","28","681","1075","0","63.35","15.44"
"10","007","00","001","0123","0064","551","158","393","38","589","1029","0","57.24","15.35"
"10","007","00","001","0124","0000","2258","671","1587","101","2359","4157","0","56.75","16.14"
"10","007","00","001","0124","0066","559","164","395","33","592","1014","0","58.38","16.17"
"10","007","00","001","0124","0067","619","190","429","27","646","1069","0","60.43","17.77"
"10","007","00","001","0124","0068","505","155","350","20","525","969","0","54.18","16.0"
"10","007","00","001","0124","0069","575","162","413","21","596","1105","0","53.94","14.66"
"10","007","00","001","0125","0000","613","215","398","22","635","1004","0","63.25","21.41"
"10","007","00","001","0125","0055","613","215","398","22","635","1004","0","63.25","21.41"
"10","007","00","001","0126","0000","1938","633","1305","150","2088","3496","0","59.73","18.11"
"10","007","00","001","0126","0090","652","230","422","44","696","1201","0","57.95","19.15"
"10","007","00","001","0126","0091","619","220","399","45","664","1057","0","62.82","20.81"
"10","007","00","001","0126","0092","667","183","484","61","728","1238","0","58.8","14.78"
"10","007","00","001","0127","0000","1184","350","834","106","1290","2130","0","60.56","16.43"
"10","007","00","001","0127","0088","626","172","454","57","683","1153","0","59.24","14.92"
"10","007","00","001","0127","0089","558","178","380","49","607","977","0","62.13","18.22"
"10","007","00","001","0128","0000","1026","274","752","66","1092","1799","0","60.7","15.23"
"10","007","00","001","0128","0086","444","114","330","28","472","799","0","59.07","14.27"
"10","007","00","001","0128","0087","582","160","422","38","620","1000","0","62.0","16.0"
"10","007","00","001","0129","0000","1804","562","1242","81","1885","3091","0","60.98","18.18"
"10","007","00","001","0129","0083","519","151","368","30","549","890","0","61.69","16.97"
"10","007","00","001","0129","0084","675","215","460","31","706","1104","0","63.95","19.47"
"10","007","00","001","0129","0085","610","196","414","20","630","1097","0","57.43","17.87"
"10","007","00","001","0130","0000","1968","584","1384","109","2077","3297","0","63.0","17.71"
"10","007","00","001","0130","0093","707","189","518","40","747","1210","0","61.74","15.62"
"10","007","00","001","0130","0094","602","182","420","34","636","1026","0","61.99","17.74"
"10","007","00","001","0130","0095","659","213","446","35","694","1061","0","65.41","20.08"
"10","007","00","001","0131","0000","2527","766","1761","123","2650","4213","0","62.9","18.18"
"10","007","00","001","0131","0070","596","166","430","36","632","981","0","64.42","16.92"
"10","007","00","001","0131","0071","651","217","434","43","694","1095","0","63.38","19.82"
"10","007","00","001","0131","0072","654","175","479","25","679","1087","0","62.47","16.1"
"10","007","00","001","0131","0073","626","208","418","19","645","1050","0","61.43","19.81"
"10","007","00","001","0132","0000","1415","456","959","92","1507","2545","0","59.21","17.92"
"10","007","00","001","0132","0001","502","154","348","29","531","871","0","60.96","17.68"
"10","007","00","001","0132","0002","335","92","243","31","366","751","0","48.74","12.25"
"10","007","00","001","0132","0003","578","210","368","32","610","923","0","66.09","22.75"
"10","007","00","001","0133","0000","1427","505","922","73","1500","2477","0","60.56","20.39"
"10","007","00","001","0133","0096","682","230","452","43","725","1213","0","59.77","18.96"
"10","007","00","001","0133","0097","745","275","470","30","775","1264","0","61.31","21.76"
"10","007","00","001","0134","0000","885","304","581","71","956","1558","0","61.36","19.51"
"10","007","00","001","0134","0004","447","159","288","38","485","779","0","62.26","20.41"
"10","007","00","001","0134","0005","438","145","293","33","471","779","0","60.46","18.61"
"10","007","00","001","0135","0000","559","187","372","30","589","1027","0","57.35","18.21"
"10","007","00","001","0135","0010","559","187","372","30","589","1027","0","57.35","18.21"
"10","007","00","001","0136","0000","666","202","464","50","716","1249","0","57.33","16.17"
"10","007","00","001","0136","0011","666","202","464","50","716","1249","0","57.33","16.17"
"10","007","00","001","0137","0000","1077","309","768","87","1164","1814","0","64.17","17.03"
"10","007","00","001","0137","0008","472","142","330","32","504","767","0","65.71","18.51"
"10","007","00","001","0137","0009","605","167","438","55","660","1047","0","63.04","15.95"
"10","007","00","001","0138","0000","846","274","572","38","884","1469","0","60.18","18.65"
"10","007","00","001","0138","0006","419","136","283","17","436","720","0","60.56","18.89"
"10","007","00","001","0138","0007","427","138","289","21","448","749","0","59.81","18.42"
"10","007","00","001","0139","0000","4385","1476","2909","197","4582","7563","0","60.58","19.52"
"10","007","00","001","0139","0035","604","226","378","29","633","1045","0","60.57","21.63"
"10","007","00","001","0139","0036","631","227","404","15","646","1097","0","58.89","20.69"
"10","007","00","001","0139","0037","663","217","446","30","693","1190","0","58.24","18.24"
"10","007","00","001","0139","0038","658","227","431","36","694","1106","0","62.75","20.52"
"10","007","00","001","0139","0039","642","190","452","21","663","1097","0","60.44","17.32"
"10","007","00","001","0139","0040","608","199","409","33","641","1048","0","61.16","18.99"
"10","007","00","001","0139","0041","579","190","389","33","612","980","0","62.45","19.39"
"10","007","00","001","0140","0000","899","299","600","40","939","1516","0","61.94","19.72"
"10","007","00","001","0140","0042","433","139","294","15","448","707","0","63.37","19.66"
"10","007","00","001","0140","0043","466","160","306","25","491","809","0","60.69","19.78"
"10","007","00","001","0141","0000","2762","914","1848","131","2893","4896","0","59.09","18.67"
"10","007","00","001","0141","0025","663","204","459","36","699","1207","0","57.91","16.9"
"10","007","00","001","0141","0026","664","195","469","30","694","1161","0","59.78","16.8"
"10","007","00","001","0141","0027","641","251","390","25","666","1166","0","57.12","21.53"
"10","007","00","001","0141","0028","794","264","530","40","834","1362","0","61.23","19.38"
"10","007","00","001","0142","0000","4139","1383","2756","184","4323","7131","0","60.62","19.39"
"10","007","00","001","0142","0029","738","247","491","36","774","1236","0","62.62","19.98"
"10","007","00","001","0142","0030","609","206","403","33","642","1065","0","60.28","19.34"
"10","007","00","001","0142","0031","690","242","448","32","722","1199","0","60.22","20.18"
"10","007","00","001","0142","0032","716","251","465","30","746","1233","0","60.5","20.36"
"10","007","00","001","0142","0033","692","211","481","29","721","1245","0","57.91","16.95"
"10","007","00","001","0142","0034","694","226","468","24","718","1153","0","62.27","19.6"
"10","007","00","001","0143","0000","1615","543","1072","98","1713","2928","0","58.5","18.55"
"10","007","00","001","0143","0045","474","166","308","42","516","901","0","57.27","18.42"
"10","007","00","001","0143","0046","525","152","373","25","550","951","0","57.83","15.98"
"10","007","00","001","0143","0047","616","225","391","31","647","1076","0","60.13","20.91"
"10","007","00","001","0144","0000","1659","542","1117","88","1747","2932","0","59.58","18.49"
"10","007","00","001","0144","0048","543","179","364","23","566","1022","0","55.38","17.51"
"10","007","00","001","0144","0049","520","183","337","26","546","894","0","61.07","20.47"
"10","007","00","001","0144","0050","596","180","416","39","635","1016","0","62.5","17.72"
"10","007","00","001","0145","0000","837","249","588","39","876","1409","0","62.17","17.67"
"10","007","00","001","0145","0014","469","160","309","19","488","766","0","63.71","20.89"
"10","007","00","001","0145","0015","368","89","279","20","388","643","0","60.34","13.84"
"10","007","00","001","0146","0000","1188","380","808","69","1257","2552","0","49.26","14.89"
"10","007","00","001","0146","0016","700","207","493","45","745","1251","0","59.55","16.55"
"10","007","00","001","0146","0017","488","173","315","24","512","1301","0","39.35","13.3"
"10","007","00","001","0147","0000","4998","1531","3467","172","5170","8589","0","60.19","17.83"
"10","007","00","001","0147","0018","745","231","514","27","772","1280","0","60.31","18.05"
"10","007","00","001","0147","0019","698","203","495","29","727","1179","0","61.66","17.22"
"10","007","00","001","0147","0020","673","206","467","16","689","1168","0","58.99","17.64"
"10","007","00","001","0147","0021","682","180","502","36","718","1218","0","58.95","14.78"
"10","007","00","001","0147","0022","861","258","603","20","881","1351","0","65.21","19.1"
"10","007","00","001","0147","0023","639","233","406","27","666","1204","0","55.32","19.35"
"10","007","00","001","0147","0024","700","220","480","17","717","1189","0","60.3","18.5"
"10","007","00","001","0148","0000","1337","645","692","66","1403","2305","0","60.87","27.98"
"10","007","00","001","0148","0012","653","446","207","25","678","1136","0","59.68","39.26"
"10","007","00","001","0148","0013","684","199","485","41","725","1169","0","62.02","17.02"
"10","007","00","001","0149","0000","588","209","379","45","633","1008","0","62.8","20.73"
"10","007","00","001","0149","0044","588","209","379","45","633","1008","0","62.8","20.73"
"10","007","00","001","0150","0000","1818","524","1294","99","1917","3262","0","58.77","16.06"
"10","007","00","001","0150","0177","565","177","388","52","617","1002","0","61.58","17.66"
"10","007","00","001","0150","0178","633","177","456","21","654","1148","0","56.97","15.42"
"10","007","00","001","0150","0179","620","170","450","26","646","1112","0","58.09","15.29"
"10","007","00","001","0151","0000","985","360","625","61","1046","1685","0","62.08","21.36"
"10","007","00","001","0151","0153","478","116","362","29","507","800","0","63.38","14.5"
"10","007","00","001","0151","0154","507","244","263","32","539","885","0","60.9","27.57"
"10","007","00","001","0152","0000","1096","309","787","47","1143","1903","0","60.06","16.24"
"10","007","00","001","0152","0174","519","148","371","27","546","930","0","58.71","15.91"
"10","007","00","001","0152","0175","577","161","416","20","597","973","0","61.36","16.55"
"10","007","00","001","0153","0000","1851","596","1255","73","1924","3282","0","58.62","18.16"
"10","007","00","001","0153","0155","608","198","410","19","627","1000","0","62.7","19.8"
"10","007","00","001","0153","0156","631","212","419","23","654","1159","0","56.43","18.29"
"10","007","00","001","0153","0157","612","186","426","31","643","1123","0","57.26","16.56"
"10","007","00","001","0154","0000","1672","748","924","122","1794","2908","0","61.69","25.72"
"10","007","00","001","0154","0158","560","179","381","43","603","907","0","66.48","19.74"
"10","007","00","001","0154","0159","520","154","366","42","562","989","0","56.83","15.57"
"10","007","00","001","0154","0160","592","415","177","37","629","1012","0","62.15","41.01"
"10","007","00","001","0155","0000","3722","1098","2624","269","3991","6789","0","58.79","16.17"
"10","007","00","001","0155","0168","579","172","407","42","621","1120","0","55.45","15.36"
"10","007","00","001","0155","0169","669","209","460","33","702","1269","0","55.32","16.47"
"10","007","00","001","0155","0170","648","187","461","56","704","1159","0","60.74","16.13"
"10","007","00","001","0155","0171","671","180","491","56","727","1184","0","61.4","15.2"
"10","007","00","001","0155","0172","597","192","405","37","634","1089","0","58.22","17.63"
"10","007","00","001","0155","0173","558","158","400","45","603","968","0","62.29","16.32"
"10","007","00","001","0156","0000","1378","390","988","78","1456","2485","0","58.59","15.69"
"10","007","00","001","0156","0151","734","231","503","44","778","1372","0","56.71","16.84"
"10","007","00","001","0156","0152","644","159","485","34","678","1113","0","60.92","14.29"
"10","007","00","001","0157","0000","590","188","402","24","614","1184","0","51.86","15.88"
"10","007","00","001","0157","0176","590","188","402","24","614","1184","0","51.86","15.88"
"10","007","00","001","0158","0000","1450","432","1018","114","1564","2445","0","63.97","17.67"
"10","007","00","001","0158","0165","470","131","339","35","505","770","0","65.58","17.01"
"10","007","00","001","0158","0166","525","184","341","32","557","889","0","62.65","20.7"
"10","007","00","001","0158","0167","455","117","338","47","502","786","0","63.87","14.89"
"10","007","00","001","0159","0000","745","205","540","47","792","1249","0","63.41","16.41"
"10","007","00","001","0159","0133","745","205","540","47","792","1249","0","63.41","16.41"
"10","007","00","001","0160","0000","535","160","375","38","573","924","0","62.01","17.32"
"10","007","00","001","0160","0129","535","160","375","38","573","924","0","62.01","17.32"
"10","007","00","001","0161","0000","1793","554","1239","97","1890","2873","0","65.78","19.28"
"10","007","00","001","0161","0130","574","179","395","24","598","939","0","63.68","19.06"
"10","007","00","001","0161","0131","594","189","405","48","642","953","0","67.37","19.83"
"10","007","00","001","0161","0132","625","186","439","25","650","981","0","66.26","18.96"
"10","007","00","001","0162","0000","4719","1359","3360","213","4932","8267","0","59.66","16.44"
"10","007","00","001","0162","0137","701","201","500","26","727","1156","0","62.89","17.39"
"10","007","00","001","0162","0138","723","217","506","20","743","1291","0","57.55","16.81"
"10","007","00","001","0162","0139","647","181","466","22","669","1139","0","58.74","15.89"
"10","007","00","001","0162","0140","661","195","466","38","699","1125","0","62.13","17.33"
"10","007","00","001","0162","0141","680","186","494","43","723","1258","0","57.47","14.79"
"10","007","00","001","0162","0142","640","179","461","27","667","1123","0","59.39","15.94"
"10","007","00","001","0162","0143","667","200","467","37","704","1175","0","59.91","17.02"
"10","007","00","001","0163","0000","1360","419","941","95","1455","2378","0","61.19","17.62"
"10","007","00","001","0163","0134","473","132","341","41","514","817","0","62.91","16.16"
"10","007","00","001","0163","0135","505","168","337","28","533","872","0","61.12","19.27"
"10","007","00","001","0163","0136","382","119","263","26","408","689","0","59.22","17.27"
"10","007","00","001","0164","0000","2338","712","1626","109","2447","4160","0","58.82","17.12"
"10","007","00","001","0164","0147","552","167","385","20","572","1003","0","57.03","16.65"
"10","007","00","001","0164","0148","504","149","355","19","523","915","0","57.16","16.28"
"10","007","00","001","0164","0149","636","207","429","32","668","1158","0","57.69","17.88"
"10","007","00","001","0164","0150","646","189","457","38","684","1084","0","63.1","17.44"
"10","007","00","001","0165","0000","1611","493","1118","69","1680","2631","0","63.85","18.74"
"10","007","00","001","0165","0144","545","158","387","26","571","862","0","66.24","18.33"
"10","007","00","001","0165","0145","512","176","336","18","530","872","0","60.78","20.18"
"10","007","00","001","0165","0146","554","159","395","25","579","897","0","64.55","17.73"
"10","007","00","001","0166","0000","633","172","461","30","663","1161","0","57.11","14.81"
"10","007","00","001","0166","0184","633","172","461","30","663","1161","0","57.11","14.81"
"10","007","00","001","0167","0000","703","209","494","53","756","1276","0","59.25","16.38"
"10","007","00","001","0167","0183","703","209","494","53","756","1276","0","59.25","16.38"
"10","007","00","001","0168","0000","425","134","291","27","452","823","0","54.92","16.28"
"10","007","00","001","0168","0182","425","134","291","27","452","823","0","54.92","16.28"
"10","007","00","001","0169","0000","584","159","425","38","622","907","0","68.58","17.53"
"10","007","00","001","0169","0180","584","159","425","38","622","907","0","68.58","17.53"
"10","007","00","001","0170","0000","627","184","443","51","678","1112","0","60.97","16.55"
"10","007","00","001","0170","0181","627","184","443","51","678","1112","0","60.97","16.55"
"10","007","00","001","0171","0000","2528","749","1779","97","2625","4367","0","60.11","17.15"
"10","007","00","001","0171","0161","550","152","398","20","570","1033","0","55.18","14.71"
"10","007","00","001","0171","0162","651","198","453","30","681","1116","0","61.02","17.74"
"10","007","00","001","0171","0163","692","193","499","20","712","1154","0","61.7","16.72"
"10","007","00","001","0171","0164","635","206","429","27","662","1064","0","62.22","19.36"
"10","007","00","001","0172","0000","3063","990","2073","141","3204","5370","0","59.66","18.44"
"10","007","00","001","0172","0074","732","236","496","38","770","1252","0","61.5","18.85"
"10","007","00","001","0172","0075","604","196","408","26","630","1113","0","56.6","17.61"
"10","007","00","001","0172","0076","609","206","403","25","634","1009","0","62.83","20.42"
"10","007","00","001","0172","0077","543","162","381","36","579","999","0","57.96","16.22"
"10","007","00","001","0172","0078","575","190","385","16","591","997","0","59.28","19.06"
"10","007","00","001","0173","0000","3073","998","2075","92","3165","5178","0","61.12","19.27"
"10","007","00","001","0173","0079","719","243","476","27","746","1145","0","65.15","21.22"
"10","007","00","001","0173","0080","717","225","492","21","738","1227","0","60.15","18.34"
"10","007","00","001","0173","0081","725","249","476","27","752","1208","0","62.25","20.61"
"10","007","00","001","0173","0082","912","281","631","17","929","1598","0","58.14","17.58"
"10","007","00","002","0000","0000","38432","10989","27443","2624","41056","70505","86762","58.23","15.59"
"10","007","00","002","0201","0000","674","219","455","44","718","1140","0","62.98","19.21"
"10","007","00","002","0201","0243","674","219","455","44","718","1140","0","62.98","19.21"
"10","007","00","002","0202","0000","287","100","187","18","305","511","0","59.69","19.57"
"10","007","00","002","0202","0244","287","100","187","18","305","511","0","59.69","19.57"
"10","007","00","002","0203","0000","407","131","276","22","429","857","0","50.06","15.29"
"10","007","00","002","0203","0245","407","131","276","22","429","857","0","50.06","15.29"
"10","007","00","002","0204","0000","564","162","402","43","607","946","0","64.16","17.12"
"10","007","00","002","0204","0246","564","162","402","43","607","946","0","64.16","17.12"
"10","007","00","002","0205","0000","4248","1206","3042","243","4491","7584","0","59.22","15.9"
"10","007","00","002","0205","0302","675","204","471","58","733","1299","0","56.43","15.7"
"10","007","00","002","0205","0303","774","212","562","30","804","1298","0","61.94","16.33"
"10","007","00","002","0205","0304","806","216","590","34","840","1458","0","57.61","14.81"
"10","007","00","002","0205","0305","635","195","440","51","686","1138","0","60.28","17.14"
"10","007","00","002","0205","0306","635","196","439","50","685","1170","0","58.55","16.75"
"10","007","00","002","0205","0307","723","183","540","20","743","1221","0","60.85","14.99"
"10","007","00","002","0206","0000","2753","769","1984","169","2922","5161","0","56.62","14.9"
"10","007","00","002","0206","0298","693","184","509","43","736","1227","0","59.98","15.0"
"10","007","00","002","0206","0299","666","166","500","50","716","1187","0","60.32","13.98"
"10","007","00","002","0206","0300","680","184","496","34","714","1296","0","55.09","14.2"
"10","007","00","002","0206","0301","714","235","479","42","756","1451","0","52.1","16.2"
"10","007","00","002","0207","0000","2667","802","1865","145","2812","4946","0","56.85","16.22"
"10","007","00","002","0207","0247","532","162","370","32","564","945","0","59.68","17.14"
"10","007","00","002","0207","0248","619","174","445","36","655","1097","0","59.71","15.86"
"10","007","00","002","0207","0249","706","236","470","29","735","1479","0","49.7","15.96"
"10","007","00","002","0207","0250","810","230","580","48","858","1425","0","60.21","16.14"
"10","007","00","002","0208","0000","2366","667","1699","153","2519","4335","0","58.11","15.39"
"10","007","00","002","0208","0253","598","167","431","45","643","1047","0","61.41","15.95"
"10","007","00","002","0208","0254","589","173","416","21","610","1097","0","55.61","15.77"
"10","007","00","002","0208","0255","543","155","388","50","593","1030","0","57.57","15.05"
"10","007","00","002","0208","0256","636","172","464","37","673","1161","0","57.97","14.81"
"10","007","00","002","0209","0000","303","89","214","38","341","540","0","63.15","16.48"
"10","007","00","002","0209","0257","303","89","214","38","341","540","0","63.15","16.48"
"10","007","00","002","0210","0000","505","153","352","52","557","880","0","63.3","17.39"
"10","007","00","002","0210","0251","505","153","352","52","557","880","0","63.3","17.39"
"10","007","00","002","0211","0000","629","186","443","40","669","1183","0","56.55","15.72"
"10","007","00","002","0211","0252","629","186","443","40","669","1183","0","56.55","15.72"
"10","007","00","002","0212","0000","617","174","443","49","666","1127","0","59.09","15.44"
"10","007","00","002","0212","0262","617","174","443","49","666","1127","0","59.09","15.44"
"10","007","00","002","0213","0000","720","219","501","37","757","1178","0","64.26","18.59"
"10","007","00","002","0213","0263","720","219","501","37","757","1178","0","64.26","18.59"
"10","007","00","002","0214","0000","157","43","114","12","169","284","0","59.51","15.14"
"10","007","00","002","0214","0264","157","43","114","12","169","284","0","59.51","15.14"
"10","007","00","002","0215","0000","405","114","291","30","435","659","0","66.01","17.3"
"10","007","00","002","0215","0266","405","114","291","30","435","659","0","66.01","17.3"
"10","007","00","002","0216","0000","321","101","220","26","347","584","0","59.42","17.29"
"10","007","00","002","0216","0265","321","101","220","26","347","584","0","59.42","17.29"
"10","007","00","002","0217","0000","527","276","251","20","547","915","0","59.78","30.16"
"10","007","00","002","0217","0267","527","276","251","20","547","915","0","59.78","30.16"
"10","007","00","002","0218","0000","1307","401","906","106","1413","2208","0","63.99","18.16"
"10","007","00","002","0218","0268","632","194","438","49","681","1079","0","63.11","17.98"
"10","007","00","002","0218","0269","675","207","468","57","732","1129","0","64.84","18.33"
"10","007","00","002","0219","0000","2001","574","1427","165","2166","3820","0","56.7","15.03"
"10","007","00","002","0219","0286","755","228","527","64","819","1505","0","54.42","15.15"
"10","007","00","002","0219","0287","555","158","397","50","605","1092","0","55.4","14.47"
"10","007","00","002","0219","0288","691","188","503","51","742","1223","0","60.67","15.37"
"10","007","00","002","0220","0000","1339","356","983","72","1411","2575","0","54.8","13.83"
"10","007","00","002","0220","0289","758","194","564","35","793","1572","0","50.45","12.34"
"10","007","00","002","0220","0290","581","162","419","37","618","1003","0","61.62","16.15"
"10","007","00","002","0221","0000","2270","543","1727","123","2393","4070","0","58.8","13.34"
"10","007","00","002","0221","0295","839","210","629","41","880","1397","0","62.99","15.03"
"10","007","00","002","0221","0296","679","172","507","37","716","1229","0","58.26","14.0"
"10","007","00","002","0221","0297","752","161","591","45","797","1444","0","55.19","11.15"
"10","007","00","002","0222","0000","2277","620","1657","132","2409","4152","0","58.02","14.93"
"10","007","00","002","0222","0291","528","138","390","31","559","933","0","59.91","14.79"
"10","007","00","002","0222","0292","624","173","451","39","663","1093","0","60.66","15.83"
"10","007","00","002","0222","0293","498","148","350","17","515","907","0","56.78","16.32"
"10","007","00","002","0222","0294","627","161","466","45","672","1219","0","55.13","13.21"
"10","007","00","002","0223","0000","1717","456","1261","94","1811","3167","0","57.18","14.4"
"10","007","00","002","0223","0278","521","142","379","26","547","984","0","55.59","14.43"
"10","007","00","002","0223","0279","586","139","447","33","619","1018","0","60.81","13.65"
"10","007","00","002","0223","0280","610","175","435","35","645","1165","0","55.36","15.02"
"10","007","00","002","0224","0000","1069","286","783","105","1174","2181","0","53.83","13.11"
"10","007","00","002","0224","0281","555","145","410","59","614","1161","0","52.89","12.49"
"10","007","00","002","0224","0282","514","141","373","46","560","1020","0","54.9","13.82"
"10","007","00","002","0225","0000","1688","443","1245","146","1834","3066","0","59.82","14.45"
"10","007","00","002","0225","0283","554","135","419","52","606","1068","0","56.74","12.64"
"10","007","00","002","0225","0284","595","153","442","30","625","1024","0","61.04","14.94"
"10","007","00","002","0225","0285","539","155","384","64","603","974","0","61.91","15.91"
"10","007","00","002","0226","0000","1785","549","1236","170","1955","3557","0","54.96","15.43"
"10","007","00","002","0226","0272","552","191","361","79","631","1137","0","55.5","16.8"
"10","007","00","002","0226","0273","623","185","438","39","662","1195","0","55.4","15.48"
"10","007","00","002","0226","0274","610","173","437","52","662","1225","0","54.04","14.12"
"10","007","00","002","0227","0000","1013","241","772","72","1085","1979","0","54.83","12.18"
"10","007","00","002","0227","0270","663","154","509","43","706","1273","0","55.46","12.1"
"10","007","00","002","0227","0271","350","87","263","29","379","706","0","53.68","12.32"
"10","007","00","002","0228","0000","1344","340","1004","132","1476","2438","0","60.54","13.95"
"10","007","00","002","0228","0275","587","158","429","43","630","957","0","65.83","16.51"
"10","007","00","002","0228","0276","360","84","276","48","408","758","0","53.83","11.08"
"10","007","00","002","0228","0277","397","98","299","41","438","723","0","60.58","13.55"
"10","007","00","002","0229","0000","2472","769","1703","166","2638","4462","0","59.12","17.23"
"10","007","00","002","0229","0258","604","223","381","44","648","1135","0","57.09","19.65"
"10","007","00","002","0229","0259","623","168","455","48","671","1155","0","58.1","14.55"
"10","007","00","002","0229","0260","662","212","450","36","698","1127","0","61.93","18.81"
"10","007","00","002","0229","0261","583","166","417","38","621","1045","0","59.43","15.89"
"10","007","00","003","0000","0000","40720","12440","28280","2208","42928","75286","90786","57.02","16.52"
"10","007","00","003","0301","0000","3112","996","2116","135","3247","6061","0","53.57","16.43"
"10","007","00","003","0301","0373","701","230","471","36","737","1341","0","54.96","17.15"
"10","007","00","003","0301","0374","725","263","462","47","772","1480","0","52.16","17.77"
"10","007","00","003","0301","0375","823","239","584","37","860","1529","0","56.25","15.63"
"10","007","00","003","0301","0376","863","264","599","15","878","1711","0","51.32","15.43"
"10","007","00","003","0302","0000","2456","785","1671","127","2583","4313","0","59.89","18.2"
"10","007","00","003","0302","0377","584","184","400","32","616","1057","0","58.28","17.41"
"10","007","00","003","0302","0378","592","227","365","28","620","1032","0","60.08","22.0"
"10","007","00","003","0302","0379","589","160","429","34","623","1015","0","61.38","15.76"
"10","007","00","003","0302","0380","691","214","477","33","724","1209","0","59.88","17.7"
"10","007","00","003","0303","0000","235","102","133","15","250","430","0","58.14","23.72"
"10","007","00","003","0303","0381","235","102","133","15","250","430","0","58.14","23.72"
"10","007","00","003","0304","0000","1021","288","733","42","1063","1822","0","58.34","15.81"
"10","007","00","003","0304","0382","471","142","329","13","484","856","0","56.54","16.59"
"10","007","00","003","0304","0383","550","146","404","29","579","966","0","59.94","15.11"
"10","007","00","003","0305","0000","1721","540","1181","92","1813","3242","0","55.92","16.66"
"10","007","00","003","0305","0384","554","171","383","28","582","1059","0","54.96","16.15"
"10","007","00","003","0305","0385","611","202","409","27","638","1117","0","57.12","18.08"
"10","007","00","003","0305","0386","556","167","389","37","593","1066","0","55.63","15.67"
"10","007","00","003","0306","0000","1395","431","964","95","1490","2780","0","53.6","15.5"
"10","007","00","003","0306","0387","634","196","438","50","684","1252","0","54.63","15.65"
"10","007","00","003","0306","0388","761","235","526","45","806","1528","0","52.75","15.38"
"10","007","00","003","0307","0000","930","276","654","50","980","1680","0","58.33","16.43"
"10","007","00","003","0307","0389","470","162","308","26","496","826","0","60.05","19.61"
"10","007","00","003","0307","0390","460","114","346","24","484","854","0","56.67","13.35"
"10","007","00","003","0308","0000","491","146","345","29","520","860","0","60.47","16.98"
"10","007","00","003","0308","0429","491","146","345","29","520","860","0","60.47","16.98"
"10","007","00","003","0309","0000","1168","319","849","57","1225","2152","0","56.92","14.82"
"10","007","00","003","0309","0391","700","202","498","45","745","1387","0","53.71","14.56"
"10","007","00","003","0309","0392","468","117","351","12","480","765","0","62.75","15.29"
"10","007","00","003","0310","0000","1495","420","1075","90","1585","2834","0","55.93","14.82"
"10","007","00","003","0310","0393","713","193","520","41","754","1438","0","52.43","13.42"
"10","007","00","003","0310","0394","782","227","555","49","831","1396","0","59.53","16.26"
"10","007","00","003","0311","0000","864","241","623","38","902","1467","0","61.49","16.43"
"10","007","00","003","0311","0395","372","101","271","15","387","658","0","58.81","15.35"
"10","007","00","003","0311","0396","492","140","352","23","515","809","0","63.66","17.31"
"10","007","00","003","0312","0000","946","288","658","39","985","1820","0","54.12","15.82"
"10","007","00","003","0312","0397","485","151","334","13","498","932","0","53.43","16.2"
"10","007","00","003","0312","0398","461","137","324","26","487","888","0","54.84","15.43"
"10","007","00","003","0313","0000","1259","330","929","58","1317","2221","0","59.3","14.86"
"10","007","00","003","0313","0399","671","172","499","31","702","1144","0","61.36","15.03"
"10","007","00","003","0313","0400","588","158","430","27","615","1077","0","57.1","14.67"
"10","007","00","003","0314","0000","660","217","443","50","710","1349","0","52.63","16.09"
"10","007","00","003","0314","0401","660","217","443","50","710","1349","0","52.63","16.09"
"10","007","00","003","0315","0000","2777","1085","1692","135","2912","5134","0","56.72","21.13"
"10","007","00","003","0315","0402","684","489","195","38","722","1155","0","62.51","42.34"
"10","007","00","003","0315","0403","664","181","483","34","698","1253","0","55.71","14.45"
"10","007","00","003","0315","0404","658","176","482","33","691","1252","0","55.19","14.06"
"10","007","00","003","0315","0405","771","239","532","30","801","1474","0","54.34","16.21"
"10","007","00","003","0316","0000","1109","286","823","57","1166","1910","0","61.05","14.97"
"10","007","00","003","0316","0408","601","148","453","22","623","999","0","62.36","14.81"
"10","007","00","003","0316","0409","508","138","370","35","543","911","0","59.6","15.15"
"10","007","00","003","0317","0000","1441","395","1046","78","1519","2632","0","57.71","15.01"
"10","007","00","003","0317","0412","730","186","544","38","768","1308","0","58.72","14.22"
"10","007","00","003","0317","0413","711","209","502","40","751","1324","0","56.72","15.79"
"10","007","00","003","0318","0000","1099","338","761","61","1160","1972","0","58.82","17.14"
"10","007","00","003","0318","0410","566","189","377","29","595","1005","0","59.2","18.81"
"10","007","00","003","0318","0411","533","149","384","32","565","967","0","58.43","15.41"
"10","007","00","003","0319","0000","1847","622","1225","135","1982","3437","0","57.67","18.1"
"10","007","00","003","0319","0414","612","187","425","46","658","1102","0","59.71","16.97"
"10","007","00","003","0319","0415","568","169","399","51","619","1124","0","55.07","15.04"
"10","007","00","003","0319","0416","667","266","401","38","705","1211","0","58.22","21.97"
"10","007","00","003","0320","0000","554","152","402","39","593","884","0","67.08","17.19"
"10","007","00","003","0320","0417","554","152","402","39","593","884","0","67.08","17.19"
"10","007","00","003","0321","0000","1308","393","915","77","1385","2419","0","57.26","16.25"
"10","007","00","003","0321","0418","603","167","436","47","650","1119","0","58.09","14.92"
"10","007","00","003","0321","0419","705","226","479","30","735","1300","0","56.54","17.38"
"10","007","00","003","0322","0000","1282","366","916","63","1345","2317","0","58.05","15.8"
"10","007","00","003","0322","0420","578","165","413","26","604","1104","0","54.71","14.95"
"10","007","00","003","0322","0421","704","201","503","37","741","1213","0","61.09","16.57"
"10","007","00","003","0323","0000","535","162","373","43","578","1127","0","51.29","14.37"
"10","007","00","003","0323","0422","535","162","373","43","578","1127","0","51.29","14.37"
"10","007","00","003","0324","0000","1594","446","1148","119","1713","2864","0","59.81","15.57"
"10","007","00","003","0324","0423","489","144","345","38","527","919","0","57.34","15.67"
"10","007","00","003","0324","0424","549","151","398","45","594","987","0","60.18","15.3"
"10","007","00","003","0324","0425","556","151","405","36","592","958","0","61.8","15.76"
"10","007","00","003","0325","0000","2340","698","1642","79","2419","4228","0","57.21","16.51"
"10","007","00","003","0325","0426","762","214","548","33","795","1362","0","58.37","15.71"
"10","007","00","003","0325","0427","791","242","549","23","814","1461","0","55.72","16.56"
"10","007","00","003","0325","0428","787","242","545","23","810","1405","0","57.65","17.22"
"10","007","00","003","0326","0000","951","266","685","49","1000","1746","0","57.27","15.23"
"10","007","00","003","0326","0430","474","119","355","19","493","875","0","56.34","13.6"
"10","007","00","003","0326","0431","477","147","330","30","507","871","0","58.21","16.88"
"10","007","00","003","0327","0000","519","140","379","32","551","883","0","62.4","15.86"
"10","007","00","003","0327","0432","519","140","379","32","551","883","0","62.4","15.86"
"10","007","00","003","0328","0000","636","218","418","52","688","1224","0","56.21","17.81"
"10","007","00","003","0328","0433","636","218","418","52","688","1224","0","56.21","17.81"
"10","007","00","003","0329","0000","1079","327","752","68","1147","2031","0","56.47","16.1"
"10","007","00","003","0329","0434","564","172","392","39","603","1075","0","56.09","16.0"
"10","007","00","003","0329","0435","515","155","360","29","544","956","0","56.9","16.21"
"10","007","00","003","0330","0000","1642","515","1127","97","1739","3071","0","56.63","16.77"
"10","007","00","003","0330","0436","543","162","381","38","581","1037","0","56.03","15.62"
"10","007","00","003","0330","0437","556","176","380","22","578","1011","0","57.17","17.41"
"10","007","00","003","0330","0438","543","177","366","37","580","1023","0","56.7","17.3"
"10","007","00","003","0331","0000","855","239","616","57","912","1632","0","55.88","14.64"
"10","007","00","003","0331","0439","375","103","272","21","396","719","0","55.08","14.33"
"10","007","00","003","0331","0440","480","136","344","36","516","913","0","56.52","14.9"
"10","007","00","003","0332","0000","1399","413","986","50","1449","2744","0","52.81","15.05"
"10","007","00","003","0332","0406","694","203","491","21","715","1396","0","51.22","14.54"
"10","007","00","003","0332","0407","705","210","495","29","734","1348","0","54.45","15.58"
"10","007","00","004","0000","0000","7824","2540","5284","561","8385","14065","16872","59.62","18.06"
"10","007","00","004","0401","0000","1266","373","893","50","1316","2237","0","58.83","16.67"
"10","007","00","004","0401","0469","590","166","424","27","617","1071","0","57.61","15.5"
"10","007","00","004","0401","0470","676","207","469","23","699","1166","0","59.95","17.75"
"10","007","00","004","0402","0000","698","194","504","58","756","1269","0","59.57","15.29"
"10","007","00","004","0402","0471","698","194","504","58","756","1269","0","59.57","15.29"
"10","007","00","004","0403","0000","1286","348","938","89","1375","2266","0","60.68","15.36"
"10","007","00","004","0403","0472","614","170","444","39","653","1138","0","57.38","14.94"
"10","007","00","004","0403","0473","672","178","494","50","722","1128","0","64.01","15.78"
"10","007","00","004","0404","0000","708","187","521","60","768","1275","0","60.24","14.67"
"10","007","00","004","0404","0474","708","187","521","60","768","1275","0","60.24","14.67"
"10","007","00","004","0405","0000","663","203","460","45","708","1187","0","59.65","17.1"
"10","007","00","004","0405","0475","663","203","460","45","708","1187","0","59.65","17.1"
"10","007","00","004","0406","0000","1065","288","777","102","1167","1929","0","60.5","14.93"
"10","007","00","004","0406","0476","549","140","409","54","603","991","0","60.85","14.13"
"10","007","00","004","0406","0477","516","148","368","48","564","938","0","60.13","15.78"
"10","007","00","004","0407","0000","1347","356","991","100","1447","2561","0","56.5","13.9"
"10","007","00","004","0407","0478","639","175","464","49","688","1276","0","53.92","13.71"
"10","007","00","004","0407","0479","708","181","527","51","759","1285","0","59.07","14.09"
"10","007","00","004","0408","0000","791","591","200","57","848","1341","0","63.24","44.07"
"10","007","00","004","0408","0480","791","591","200","57","848","1341","0","63.24","44.07"
"10","007","00","005","0000","0000","16154","4690","11464","1123","17277","30407","37062","56.82","15.42"
"10","007","00","005","0501","0000","829","231","598","73","902","1700","0","53.06","13.59"
"10","007","00","005","0501","0456","429","127","302","46","475","854","0","55.62","14.87"
"10","007","00","005","0501","0457","400","104","296","27","427","846","0","50.47","12.29"
"10","007","00","005","0502","0000","528","153","375","82","610","1143","0","53.37","13.39"
"10","007","00","005","0502","0458","528","153","375","82","610","1143","0","53.37","13.39"
"10","007","00","005","0503","0000","722","230","492","52","774","1317","0","58.77","17.46"
"10","007","00","005","0503","0463","722","230","492","52","774","1317","0","58.77","17.46"
"10","007","00","005","0504","0000","997","307","690","76","1073","1912","0","56.12","16.06"
"10","007","00","005","0504","0447","477","147","330","36","513","904","0","56.75","16.26"
"10","007","00","005","0504","0448","520","160","360","40","560","1008","0","55.56","15.87"
"10","007","00","005","0505","0000","1109","330","779","82","1191","1993","0","59.76","16.56"
"10","007","00","005","0505","0453","593","172","421","55","648","1085","0","59.72","15.85"
"10","007","00","005","0505","0454","516","158","358","27","543","908","0","59.8","17.4"
"10","007","00","005","0506","0000","737","200","537","38","775","1264","0","61.31","15.82"
"10","007","00","005","0506","0455","737","200","537","38","775","1264","0","61.31","15.82"
"10","007","00","005","0507","0000","988","294","694","66","1054","1839","0","57.31","15.99"
"10","007","00","005","0507","0443","530","152","378","34","564","966","0","58.39","15.73"
"10","007","00","005","0507","0444","458","142","316","32","490","873","0","56.13","16.27"
"10","007","00","005","0508","0000","914","237","677","69","983","1687","0","58.27","14.05"
"10","007","00","005","0508","0445","458","119","339","34","492","812","0","60.59","14.66"
"10","007","00","005","0508","0446","456","118","338","35","491","875","0","56.11","13.49"
"10","007","00","005","0509","0000","1367","416","951","100","1467","2640","0","55.57","15.76"
"10","007","00","005","0509","0449","642","191","451","43","685","1154","0","59.36","16.55"
"10","007","00","005","0509","0450","725","225","500","57","782","1486","0","52.62","15.14"
"10","007","00","005","0510","0000","2737","844","1893","153","2890","5139","0","56.24","16.42"
"10","007","00","005","0510","0459","735","237","498","28","763","1357","0","56.23","17.46"
"10","007","00","005","0510","0460","700","208","492","52","752","1349","0","55.74","15.42"
"10","007","00","005","0510","0461","632","175","457","47","679","1154","0","58.84","15.16"
"10","007","00","005","0510","0462","670","224","446","26","696","1279","0","54.42","17.51"
"10","007","00","005","0511","0000","1111","286","825","55","1166","2182","0","53.44","13.11"
"10","007","00","005","0511","0451","571","145","426","39","610","1095","0","55.71","13.24"
"10","007","00","005","0511","0452","540","141","399","16","556","1087","0","51.15","12.97"
"10","007","00","005","0512","0000","1255","360","895","71","1326","2348","0","56.47","15.33"
"10","007","00","005","0512","0441","567","169","398","39","606","1182","0","51.27","14.3"
"10","007","00","005","0512","0442","688","191","497","32","720","1166","0","61.75","16.38"
"10","007","00","005","0513","0000","1717","460","1257","83","1800","3020","0","59.6","15.23"
"10","007","00","005","0513","0464","569","162","407","38","607","990","0","61.31","16.36"
"10","007","00","005","0513","0465","476","152","324","32","508","852","0","59.62","17.84"
"10","007","00","005","0513","0466","672","146","526","13","685","1178","0","58.15","12.39"
"10","007","00","005","0514","0000","1143","342","801","123","1266","2223","0","56.95","15.38"
"10","007","00","005","0514","0467","552","141","411","67","619","1088","0","56.89","12.96"
"10","007","00","005","0514","0468","591","201","390","56","647","1135","0","57.0","17.71"
"10","007","00","006","0000","0000","20113","5670","14443","1517","21630","39745","47166","54.42","14.27"
"10","007","00","006","0601","0000","727","198","529","58","785","1492","0","52.61","13.27"
"10","007","00","006","0601","0319","727","198","529","58","785","1492","0","52.61","13.27"
"10","007","00","006","0602","0000","642","186","456","30","672","1458","0","46.09","12.76"
"10","007","00","006","0602","0318","642","186","456","30","672","1458","0","46.09","12.76"
"10","007","00","006","0603","0000","621","185","436","41","662","1251","0","52.92","14.79"
"10","007","00","006","0603","0313","621","185","436","41","662","1251","0","52.92","14.79"
"10","007","00","006","0604","0000","713","190","523","50","763","1464","0","52.12","12.98"
"10","007","00","006","0604","0312","713","190","523","50","763","1464","0","52.12","12.98"
"10","007","00","006","0605","0000","563","175","388","76","639","1166","0","54.8","15.01"
"10","007","00","006","0605","0311","563","175","388","76","639","1166","0","54.8","15.01"
"10","007","00","006","0606","0000","609","173","436","54","663","1256","0","52.79","13.77"
"10","007","00","006","0606","0310","609","173","436","54","663","1256","0","52.79","13.77"
"10","007","00","006","0607","0000","695","256","439","50","745","1363","0","54.66","18.78"
"10","007","00","006","0607","0308","695","256","439","50","745","1363","0","54.66","18.78"
"10","007","00","006","0608","0000","443","114","329","25","468","821","0","57.0","13.89"
"10","007","00","006","0608","0309","443","114","329","25","468","821","0","57.0","13.89"
"10","007","00","006","0609","0000","1179","337","842","80","1259","2425","0","51.92","13.9"
"10","007","00","006","0609","0314","726","212","514","53","779","1465","0","53.17","14.47"
"10","007","00","006","0609","0315","453","125","328","27","480","960","0","50.0","13.02"
"10","007","00","006","0610","0000","1369","429","940","102","1471","2688","0","54.72","15.96"
"10","007","00","006","0610","0316","658","218","440","59","717","1323","0","54.2","16.48"
"10","007","00","006","0610","0317","711","211","500","43","754","1365","0","55.24","15.46"
"10","007","00","006","0611","0000","1234","377","857","81","1315","2477","0","53.09","15.22"
"10","007","00","006","0611","0324","531","182","349","44","575","1085","0","53.0","16.77"
"10","007","00","006","0611","0325","703","195","508","37","740","1392","0","53.16","14.01"
"10","007","00","006","0612","0000","658","175","483","39","697","1216","0","57.32","14.39"
"10","007","00","006","0612","0331","658","175","483","39","697","1216","0","57.32","14.39"
"10","007","00","006","0613","0000","536","143","393","37","573","1063","0","53.9","13.45"
"10","007","00","006","0613","0332","536","143","393","37","573","1063","0","53.9","13.45"
"10","007","00","006","0614","0000","1145","292","853","131","1276","2229","0","57.25","13.1"
"10","007","00","006","0614","0339","604","151","453","66","670","1079","0","62.09","13.99"
"10","007","00","006","0614","0340","541","141","400","65","606","1150","0","52.7","12.26"
"10","007","00","006","0615","0000","1006","255","751","69","1075","1921","0","55.96","13.27"
"10","007","00","006","0615","0337","521","109","412","33","554","926","0","59.83","11.77"
"10","007","00","006","0615","0338","485","146","339","36","521","995","0","52.36","14.67"
"10","007","00","006","0616","0000","1207","311","896","96","1303","2305","0","56.53","13.49"
"10","007","00","006","0616","0335","524","134","390","35","559","994","0","56.24","13.48"
"10","007","00","006","0616","0336","683","177","506","61","744","1311","0","56.75","13.5"
"10","007","00","006","0617","0000","555","157","398","44","599","1287","0","46.54","12.2"
"10","007","00","006","0617","0334","555","157","398","44","599","1287","0","46.54","12.2"
"10","007","00","006","0618","0000","671","194","477","35","706","1306","0","54.06","14.85"
"10","007","00","006","0618","0333","671","194","477","35","706","1306","0","54.06","14.85"
"10","007","00","006","0619","0000","2071","542","1529","133","2204","3672","0","60.02","14.76"
"10","007","00","006","0619","0326","712","188","524","63","775","1316","0","58.89","14.29"
"10","007","00","006","0619","0327","717","185","532","36","753","1255","0","60.0","14.74"
"10","007","00","006","0619","0328","642","169","473","34","676","1101","0","61.4","15.35"
"10","007","00","006","0620","0000","1282","342","940","110","1392","2560","0","54.38","13.36"
"10","007","00","006","0620","0329","599","154","445","57","656","1167","0","56.21","13.2"
"10","007","00","006","0620","0330","683","188","495","53","736","1393","0","52.84","13.5"
"10","007","00","006","0621","0000","1162","322","840","102","1264","2383","0","53.04","13.51"
"10","007","00","006","0621","0322","481","140","341","39","520","1043","0","49.86","13.42"
"10","007","00","006","0621","0323","681","182","499","63","744","1340","0","55.52","13.58"
"10","007","00","006","0622","0000","1025","317","708","74","1099","1942","0","56.59","16.32"
"10","007","00","006","0622","0320","444","134","310","21","465","888","0","52.36","15.09"
"10","007","00","006","0622","0321","581","183","398","53","634","1054","0","60.15","17.36"
"10","007","00","007","0000","0000","18119","5339","12780","1157","19276","32394","39300","59.5","16.48"
"10","007","00","007","0701","0000","970","271","699","97","1067","1686","0","63.29","16.07"
"10","007","00","007","0701","0341","608","163","445","62","670","1066","0","62.85","15.29"
"10","007","00","007","0701","0342","362","108","254","35","397","620","0","64.03","17.42"
"10","007","00","007","0702","0000","1142","339","803","42","1184","2072","0","57.14","16.36"
"10","007","00","007","0702","0343","435","131","304","12","447","876","0","51.03","14.95"
"10","007","00","007","0702","0344","707","208","499","30","737","1196","0","61.62","17.39"
"10","007","00","007","0703","0000","1473","429","1044","74","1547","2642","0","58.55","16.24"
"10","007","00","007","0703","0345","760","232","528","30","790","1369","0","57.71","16.95"
"10","007","00","007","0703","0346","713","197","516","44","757","1273","0","59.47","15.48"
"10","007","00","007","0704","0000","1078","322","756","44","1122","1888","0","59.43","17.06"
"10","007","00","007","0704","0348","552","173","379","24","576","967","0","59.57","17.89"
"10","007","00","007","0704","0349","526","149","377","20","546","921","0","59.28","16.18"
"10","007","00","007","0705","0000","767","200","567","36","803","1433","0","56.04","13.96"
"10","007","00","007","0705","0347","767","200","567","36","803","1433","0","56.04","13.96"
"10","007","00","007","0706","0000","2205","779","1426","139","2344","3910","0","59.95","19.92"
"10","007","00","007","0706","0350","411","111","300","23","434","689","0","62.99","16.11"
"10","007","00","007","0706","0351","385","209","176","34","419","688","0","60.9","30.38"
"10","007","00","007","0706","0352","733","243","490","50","783","1252","0","62.54","19.41"
"10","007","00","007","0706","0353","676","216","460","32","708","1281","0","55.27","16.86"
"10","007","00","007","0707","0000","1699","501","1198","97","1796","3211","0","55.93","15.6"
"10","007","00","007","0707","0354","398","107","291","28","426","754","0","56.5","14.19"
"10","007","00","007","0707","0355","546","188","358","41","587","1024","0","57.32","18.36"
"10","007","00","007","0707","0356","755","206","549","28","783","1433","0","54.64","14.38"
"10","007","00","007","0708","0000","1331","361","970","98","1429","2261","0","63.2","15.97"
"10","007","00","007","0708","0357","828","230","598","55","883","1366","0","64.64","16.84"
"10","007","00","007","0708","0358","503","131","372","43","546","895","0","61.01","14.64"
"10","007","00","007","0709","0000","711","214","497","44","755","1386","0","54.47","15.44"
"10","007","00","007","0709","0359","711","214","497","44","755","1386","0","54.47","15.44"
"10","007","00","007","0710","0000","2624","758","1866","192","2816","4454","0","63.22","17.02"
"10","007","00","007","0710","0360","486","146","340","59","545","896","0","60.83","16.29"
"10","007","00","007","0710","0361","509","151","358","26","535","804","0","66.54","18.78"
"10","007","00","007","0710","0362","502","123","379","20","522","827","0","63.12","14.87"
"10","007","00","007","0710","0363","555","173","382","39","594","996","0","59.64","17.37"
"10","007","00","007","0710","0364","572","165","407","48","620","931","0","66.6","17.72"
"10","007","00","007","0711","0000","1096","306","790","79","1175","1944","0","60.44","15.74"
"10","007","00","007","0711","0365","378","119","259","28","406","715","0","56.78","16.64"
"10","007","00","007","0711","0366","718","187","531","51","769","1229","0","62.57","15.22"
"10","007","00","007","0712","0000","916","267","649","57","973","1701","0","57.2","15.7"
"10","007","00","007","0712","0367","439","121","318","25","464","890","0","52.13","13.6"
"10","007","00","007","0712","0368","477","146","331","32","509","811","0","62.76","18.0"
"10","007","00","007","0713","0000","970","257","713","59","1029","1717","0","59.93","14.97"
"10","007","00","007","0713","0369","456","124","332","31","487","786","0","61.96","15.78"
"10","007","00","007","0713","0370","514","133","381","28","542","931","0","58.22","14.29"
"10","007","00","007","0714","0000","1137","335","802","99","1236","2089","0","59.17","16.04"
"10","007","00","007","0714","0371","716","213","503","57","773","1265","0","61.11","16.84"
"10","007","00","007","0714","0372","421","122","299","42","463","824","0","56.19","14.81"
"10","007","00","008","0000","0000","21685","6356","15329","1327","23012","38924","45922","59.12","16.33"
"10","007","00","008","0801","0000","1845","576","1269","76","1921","3257","0","58.98","17.68"
"10","007","00","008","0801","0185","518","144","374","32","550","901","0","61.04","15.98"
"10","007","00","008","0801","0186","623","206","417","30","653","1042","0","62.67","19.77"
"10","007","00","008","0801","0187","704","226","478","14","718","1314","0","54.64","17.2"
"10","007","00","008","0802","0000","1014","261","753","71","1085","1827","0","59.39","14.29"
"10","007","00","008","0802","0188","461","111","350","36","497","808","0","61.51","13.74"
"10","007","00","008","0802","0189","553","150","403","35","588","1019","0","57.7","14.72"
"10","007","00","008","0803","0000","1311","350","961","137","1448","2384","0","60.74","14.68"
"10","007","00","008","0803","0190","660","188","472","50","710","1144","0","62.06","16.43"
"10","007","00","008","0803","0191","651","162","489","87","738","1240","0","59.52","13.06"
"10","007","00","008","0804","0000","660","180","480","45","705","1095","0","64.38","16.44"
"10","007","00","008","0804","0193","660","180","480","45","705","1095","0","64.38","16.44"
"10","007","00","008","0805","0000","826","192","634","54","880","1425","0","61.75","13.47"
"10","007","00","008","0805","0192","826","192","634","54","880","1425","0","61.75","13.47"
"10","007","00","008","0806","0000","1016","315","701","49","1065","1892","0","56.29","16.65"
"10","007","00","008","0806","0194","519","143","376","28","547","910","0","60.11","15.71"
"10","007","00","008","0806","0195","497","172","325","21","518","982","0","52.75","17.52"
"10","007","00","008","0807","0000","478","148","330","28","506","764","0","66.23","19.37"
"10","007","00","008","0807","0198","478","148","330","28","506","764","0","66.23","19.37"
"10","007","00","008","0808","0000","960","307","653","37","997","1770","0","56.33","17.34"
"10","007","00","008","0808","0196","595","185","410","18","613","1070","0","57.29","17.29"
"10","007","00","008","0808","0197","365","122","243","19","384","700","0","54.86","17.43"
"10","007","00","008","0809","0000","2777","708","2069","141","2918","4967","0","58.75","14.25"
"10","007","00","008","0809","0207","591","153","438","43","634","1169","0","54.23","13.09"
"10","007","00","008","0809","0208","732","201","531","36","768","1274","0","60.28","15.78"
"10","007","00","008","0809","0209","756","180","576","30","786","1280","0","61.41","14.06"
"10","007","00","008","0809","0210","698","174","524","32","730","1244","0","58.68","13.99"
"10","007","00","008","0810","0000","1705","494","1211","104","1809","3038","0","59.55","16.26"
"10","007","00","008","0810","0199","568","166","402","37","605","953","0","63.48","17.42"
"10","007","00","008","0810","0200","539","159","380","18","557","974","0","57.19","16.32"
"10","007","00","008","0810","0201","598","169","429","49","647","1111","0","58.24","15.21"
"10","007","00","008","0811","0000","2529","744","1785","155","2684","4576","0","58.65","16.26"
"10","007","00","008","0811","0202","624","153","471","50","674","1101","0","61.22","13.9"
"10","007","00","008","0811","0203","588","149","439","33","621","1110","0","55.95","13.42"
"10","007","00","008","0811","0204","691","219","472","45","736","1262","0","58.32","17.35"
"10","007","00","008","0811","0205","626","223","403","27","653","1103","0","59.2","20.22"
"10","007","00","008","0812","0000","660","191","469","47","707","1347","0","52.49","14.18"
"10","007","00","008","0812","0206","660","191","469","47","707","1347","0","52.49","14.18"
"10","007","00","008","0813","0000","1853","787","1066","119","1972","3312","0","59.54","23.76"
"10","007","00","008","0813","0211","642","452","190","41","683","1159","0","58.93","39.0"
"10","007","00","008","0813","0212","622","181","441","36","658","1042","0","63.15","17.37"
"10","007","00","008","0813","0213","589","154","435","42","631","1111","0","56.8","13.86"
"10","007","00","008","0814","0000","525","140","385","44","569","893","0","63.72","15.68"
"10","007","00","008","0814","0214","525","140","385","44","569","893","0","63.72","15.68"
"10","007","00","008","0815","0000","514","147","367","53","567","953","0","59.5","15.42"
"10","007","00","008","0815","0215","514","147","367","53","567","953","0","59.5","15.42"
"10","007","00","008","0816","0000","1068","332","736","75","1143","1912","0","59.78","17.36"
"10","007","00","008","0816","0216","509","169","340","30","539","987","0","54.61","17.12"
"10","007","00","008","0816","0217","559","163","396","45","604","925","0","65.3","17.62"
"10","007","00","008","0817","0000","1039","248","791","58","1097","1906","0","57.56","13.01"
"10","007","00","008","0817","0218","521","110","411","31","552","951","0","58.04","11.57"
"10","007","00","008","0817","0219","518","138","380","27","545","955","0","57.07","14.45"
"10","007","00","008","0818","0000","905","236","669","34","939","1606","0","58.47","14.69"
"10","007","00","008","0818","0220","502","134","368","16","518","895","0","57.88","14.97"
"10","007","00","008","0818","0221","403","102","301","18","421","711","0","59.21","14.35"
"10","007","00","009","0000","0000","10616","3275","7341","775","11391","20408","23594","55.82","16.05"
"10","007","00","009","0901","0000","922","260","662","73","995","1752","0","56.79","14.84"
"10","007","00","009","0901","0222","499","126","373","37","536","958","0","55.95","13.15"
"10","007","00","009","0901","0223","423","134","289","36","459","794","0","57.81","16.88"
"10","007","00","009","0902","0000","673","275","398","74","747","1415","0","52.79","19.43"
"10","007","00","009","0902","0224","673","275","398","74","747","1415","0","52.79","19.43"
"10","007","00","009","0903","0000","979","502","477","60","1039","1758","0","59.1","28.56"
"10","007","00","009","0903","0225","538","392","146","27","565","927","0","60.95","42.29"
"10","007","00","009","0903","0226","441","110","331","33","474","831","0","57.04","13.24"
"10","007","00","009","0904","0000","1246","361","885","93","1339","2465","0","54.32","14.65"
"10","007","00","009","0904","0228","614","200","414","42","656","1227","0","53.46","16.3"
"10","007","00","009","0904","0229","632","161","471","51","683","1238","0","55.17","13.0"
"10","007","00","009","0905","0000","1247","348","899","129","1376","2351","0","58.53","14.8"
"10","007","00","009","0905","0230","723","206","517","64","787","1362","0","57.78","15.12"
"10","007","00","009","0905","0231","524","142","382","65","589","989","0","59.56","14.36"
"10","007","00","009","0906","0000","1036","306","730","33","1069","1661","0","64.36","18.42"
"10","007","00","009","0906","0232","663","209","454","8","671","1054","0","63.66","19.83"
"10","007","00","009","0906","0233","373","97","276","25","398","607","0","65.57","15.98"
"10","007","00","009","0907","0000","491","117","374","41","532","882","0","60.32","13.27"
"10","007","00","009","0907","0234","491","117","374","41","532","882","0","60.32","13.27"
"10","007","00","009","0908","0000","530","141","389","31","561","1143","0","49.08","12.34"
"10","007","00","009","0908","0235","530","141","389","31","561","1143","0","49.08","12.34"
"10","007","00","009","0909","0000","315","78","237","13","328","661","0","49.62","11.8"
"10","007","00","009","0909","0236","315","78","237","13","328","661","0","49.62","11.8"
"10","007","00","009","0910","0000","838","230","608","31","869","1685","0","51.57","13.65"
"10","007","00","009","0910","0237","416","102","314","7","423","838","0","50.48","12.17"
"10","007","00","009","0910","0238","422","128","294","24","446","847","0","52.66","15.11"
"10","007","00","009","0911","0000","547","140","407","45","592","987","0","59.98","14.18"
"10","007","00","009","0911","0239","547","140","407","45","592","987","0","59.98","14.18"
"10","007","00","009","0912","0000","593","173","420","50","643","1217","0","52.83","14.22"
"10","007","00","009","0912","0240","593","173","420","50","643","1217","0","52.83","14.22"
"10","007","00","009","0913","0000","412","104","308","43","455","865","0","52.6","12.02"
"10","007","00","009","0913","0241","412","104","308","43","455","865","0","52.6","12.02"
"10","007","00","009","0914","0000","472","144","328","42","514","996","0","51.61","14.46"
"10","007","00","009","0914","0242","472","144","328","42","514","996","0","51.61","14.46"
"10","007","00","009","0915","0000","315","96","219","17","332","570","0","58.25","16.84"
"10","007","00","009","0915","0227","315","96","219","17","332","570","0","58.25","16.84"
"10","007","00","010","0000","0000","55258","16826","38432","2885","58143","102028","124755","56.99","16.49"
"10","007","00","010","1001","0000","587","179","408","31","618","1063","0","58.14","16.84"
"10","007","00","010","1001","0504","587","179","408","31","618","1063","0","58.14","16.84"
"10","007","00","010","1002","0000","1550","698","852","73","1623","2788","0","58.21","25.04"
"10","007","00","010","1002","0505","500","413","87","19","519","925","0","56.11","44.65"
"10","007","00","010","1002","0506","526","152","374","33","559","947","0","59.03","16.05"
"10","007","00","010","1002","0507","524","133","391","21","545","916","0","59.5","14.52"
"10","007","00","010","1003","0000","1740","524","1216","69","1809","3174","0","56.99","16.51"
"10","007","00","010","1003","0528","470","140","330","13","483","867","0","55.71","16.15"
"10","007","00","010","1003","0529","653","192","461","28","681","1201","0","56.7","15.99"
"10","007","00","010","1003","0530","617","192","425","28","645","1106","0","58.32","17.36"
"10","007","00","010","1004","0000","1454","449","1005","84","1538","2588","0","59.43","17.35"
"10","007","00","010","1004","0531","476","132","344","31","507","845","0","60.0","15.62"
"10","007","00","010","1004","0532","499","168","331","28","527","894","0","58.95","18.79"
"10","007","00","010","1004","0533","479","149","330","25","504","849","0","59.36","17.55"
"10","007","00","010","1005","0000","449","155","294","24","473","747","0","63.32","20.75"
"10","007","00","010","1005","0534","449","155","294","24","473","747","0","63.32","20.75"
"10","007","00","010","1006","0000","1503","451","1052","75","1578","2824","0","55.88","15.97"
"10","007","00","010","1006","0535","521","179","342","29","550","884","0","62.22","20.25"
"10","007","00","010","1006","0536","453","134","319","27","480","900","0","53.33","14.89"
"10","007","00","010","1006","0537","529","138","391","19","548","1040","0","52.69","13.27"
"10","007","00","010","1007","0000","438","147","291","18","456","831","0","54.87","17.69"
"10","007","00","010","1007","0538","438","147","291","18","456","831","0","54.87","17.69"
"10","007","00","010","1008","0000","360","121","239","29","389","591","0","65.82","20.47"
"10","007","00","010","1008","0539","360","121","239","29","389","591","0","65.82","20.47"
"10","007","00","010","1009","0000","1005","311","694","42","1047","1849","0","56.63","16.82"
"10","007","00","010","1009","0508","457","141","316","26","483","862","0","56.03","16.36"
"10","007","00","010","1009","0509","548","170","378","16","564","987","0","57.14","17.22"
"10","007","00","010","1010","0000","3076","892","2184","153","3229","5677","0","56.88","15.71"
"10","007","00","010","1010","0510","538","135","403","39","577","1085","0","53.18","12.44"
"10","007","00","010","1010","0511","613","178","435","21","634","1110","0","57.12","16.04"
"10","007","00","010","1010","0512","553","166","387","25","578","1095","0","52.79","15.16"
"10","007","00","010","1010","0513","753","244","509","32","785","1278","0","61.42","19.09"
"10","007","00","010","1010","0514","619","169","450","36","655","1109","0","59.06","15.24"
"10","007","00","010","1011","0000","1251","387","864","85","1336","2487","0","53.72","15.56"
"10","007","00","010","1011","0561","572","173","399","60","632","1131","0","55.88","15.3"
"10","007","00","010","1011","0562","679","214","465","25","704","1356","0","51.92","15.78"
"10","007","00","010","1012","0000","2366","974","1392","124","2490","4191","0","59.41","23.24"
"10","007","00","010","1012","0563","735","249","486","45","780","1370","0","56.93","18.18"
"10","007","00","010","1012","0564","600","202","398","34","634","1090","0","58.17","18.53"
"10","007","00","010","1012","0565","514","171","343","19","533","821","0","64.92","20.83"
"10","007","00","010","1012","0566","517","352","165","26","543","910","0","59.67","38.68"
"10","007","00","010","1013","0000","2767","814","1953","119","2886","4993","0","57.8","16.3"
"10","007","00","010","1013","0567","661","182","479","22","683","1203","0","56.77","15.13"
"10","007","00","010","1013","0568","742","248","494","30","772","1378","0","56.02","18.0"
"10","007","00","010","1013","0569","735","193","542","38","773","1352","0","57.17","14.28"
"10","007","00","010","1013","0570","629","191","438","29","658","1060","0","62.08","18.02"
"10","007","00","010","1014","0000","2384","646","1738","137","2521","4559","0","55.3","14.17"
"10","007","00","010","1014","0571","676","224","452","44","720","1317","0","54.67","17.01"
"10","007","00","010","1014","0572","588","169","419","26","614","1120","0","54.82","15.09"
"10","007","00","010","1014","0573","528","97","431","25","553","1025","0","53.95","9.46"
"10","007","00","010","1014","0574","592","156","436","42","634","1097","0","57.79","14.22"
"10","007","00","010","1015","0000","954","291","663","65","1019","1696","0","60.08","17.16"
"10","007","00","010","1015","0575","488","151","337","41","529","859","0","61.58","17.58"
"10","007","00","010","1015","0576","466","140","326","24","490","837","0","58.54","16.73"
"10","007","00","010","1016","0000","1218","347","871","83","1301","2163","0","60.15","16.04"
"10","007","00","010","1016","0577","654","175","479","31","685","1090","0","62.84","16.06"
"10","007","00","010","1016","0578","564","172","392","52","616","1073","0","57.41","16.03"
"10","007","00","010","1017","0000","1403","432","971","51","1454","2625","0","55.39","16.46"
"10","007","00","010","1017","0540","696","210","486","24","720","1330","0","54.14","15.79"
"10","007","00","010","1017","0541","707","222","485","27","734","1295","0","56.68","17.14"
"10","007","00","010","1018","0000","3338","1009","2329","149","3487","6205","0","56.2","16.26"
"10","007","00","010","1018","0545","659","195","464","29","688","1176","0","58.5","16.58"
"10","007","00","010","1018","0546","432","132","300","9","441","867","0","50.87","15.22"
"10","007","00","010","1018","0547","592","211","381","27","619","1121","0","55.22","18.82"
"10","007","00","010","1018","0548","600","195","405","29","629","1190","0","52.86","16.39"
"10","007","00","010","1018","0549","531","130","401","34","565","945","0","59.79","13.76"
"10","007","00","010","1018","0550","524","146","378","21","545","906","0","60.15","16.11"
"10","007","00","010","1019","0000","1627","470","1157","103","1730","2876","0","60.15","16.34"
"10","007","00","010","1019","0551","568","176","392","32","600","978","0","61.35","18.0"
"10","007","00","010","1019","0552","525","152","373","32","557","949","0","58.69","16.02"
"10","007","00","010","1019","0553","534","142","392","39","573","949","0","60.38","14.96"
"10","007","00","010","1020","0000","1025","307","718","91","1116","1931","0","57.79","15.9"
"10","007","00","010","1020","0515","551","144","407","52","603","1055","0","57.16","13.65"
"10","007","00","010","1020","0516","474","163","311","39","513","876","0","58.56","18.61"
"10","007","00","010","1021","0000","1195","373","822","50","1245","2301","0","54.11","16.21"
"10","007","00","010","1021","0517","530","168","362","26","556","1115","0","49.87","15.07"
"10","007","00","010","1021","0518","665","205","460","24","689","1186","0","58.09","17.28"
"10","007","00","010","1022","0000","1740","507","1233","77","1817","3195","0","56.87","15.87"
"10","007","00","010","1022","0519","565","170","395","36","601","995","0","60.4","17.09"
"10","007","00","010","1022","0520","536","151","385","18","554","999","0","55.46","15.12"
"10","007","00","010","1022","0521","639","186","453","23","662","1201","0","55.12","15.49"
"10","007","00","010","1023","0000","1266","359","907","60","1326","2428","0","54.61","14.79"
"10","007","00","010","1023","0522","702","188","514","33","735","1342","0","54.77","14.01"
"10","007","00","010","1023","0523","564","171","393","27","591","1086","0","54.42","15.75"
"10","007","00","010","1024","0000","2070","611","1459","83","2153","3624","0","59.41","16.86"
"10","007","00","010","1024","0524","423","117","306","31","454","854","0","53.16","13.7"
"10","007","00","010","1024","0525","584","167","417","26","610","1064","0","57.33","15.7"
"10","007","00","010","1024","0526","518","163","355","8","526","879","0","59.84","18.54"
"10","007","00","010","1024","0527","545","164","381","18","563","827","0","68.08","19.83"
"10","007","00","010","1025","0000","1235","318","917","45","1280","2440","0","52.46","13.03"
"10","007","00","010","1025","0481","548","118","430","23","571","1087","0","52.53","10.86"
"10","007","00","010","1025","0482","687","200","487","22","709","1353","0","52.4","14.78"
"10","007","00","010","1026","0000","1275","364","911","68","1343","2641","0","50.85","13.78"
"10","007","00","010","1026","0483","657","203","454","46","703","1313","0","53.54","15.46"
"10","007","00","010","1026","0484","618","161","457","22","640","1328","0","48.19","12.12"
"10","007","00","010","1027","0000","1479","456","1023","101","1580","2786","0","56.71","16.37"
"10","007","00","010","1027","0485","574","186","388","26","600","1055","0","56.87","17.63"
"10","007","00","010","1027","0486","499","150","349","30","529","959","0","55.16","15.64"
"10","007","00","010","1027","0487","406","120","286","45","451","772","0","58.42","15.54"
"10","007","00","010","1028","0000","834","229","605","51","885","1685","0","52.52","13.59"
"10","007","00","010","1028","0488","471","132","339","38","509","831","0","61.25","15.88"
"10","007","00","010","1028","0489","363","97","266","13","376","854","0","44.03","11.36"
"10","007","00","010","1029","0000","511","130","381","33","544","1190","0","45.71","10.92"
"10","007","00","010","1029","0490","511","130","381","33","544","1190","0","45.71","10.92"
"10","007","00","010","1030","0000","379","93","286","19","398","726","0","54.82","12.81"
"10","007","00","010","1030","0491","379","93","286","19","398","726","0","54.82","12.81"
"10","007","00","010","1031","0000","1024","237","787","64","1088","1984","0","54.84","11.95"
"10","007","00","010","1031","0492","605","100","505","29","634","1124","0","56.41","8.9"
"10","007","00","010","1031","0493","419","137","282","35","454","860","0","52.79","15.93"
"10","007","00","010","1032","0000","1268","363","905","67","1335","2197","0","60.76","16.52"
"10","007","00","010","1032","0494","664","197","467","31","695","1122","0","61.94","17.56"
"10","007","00","010","1032","0495","604","166","438","36","640","1075","0","59.53","15.44"
"10","007","00","010","1033","0000","1003","246","757","79","1082","1960","0","55.2","12.55"
"10","007","00","010","1033","0496","504","125","379","46","550","993","0","55.39","12.59"
"10","007","00","010","1033","0497","499","121","378","33","532","967","0","55.02","12.51"
"10","007","00","010","1034","0000","964","292","672","76","1040","1812","0","57.4","16.11"
"10","007","00","010","1034","0498","544","172","372","38","582","1008","0","57.74","17.06"
"10","007","00","010","1034","0499","420","120","300","38","458","804","0","56.97","14.93"
"10","007","00","010","1035","0000","932","274","658","39","971","1752","0","55.42","15.64"
"10","007","00","010","1035","0500","461","140","321","23","484","867","0","55.82","16.15"
"10","007","00","010","1035","0501","471","134","337","16","487","885","0","55.03","15.14"
"10","007","00","010","1036","0000","1174","354","820","41","1215","2352","0","51.66","15.05"
"10","007","00","010","1036","0502","515","147","368","16","531","1097","0","48.4","13.4"
"10","007","00","010","1036","0503","659","207","452","25","684","1255","0","54.5","16.49"
"10","007","00","010","1037","0000","1599","500","1099","74","1673","2818","0","59.37","17.74"
"10","007","00","010","1037","0554","551","162","389","24","575","1006","0","57.16","16.1"
"10","007","00","010","1037","0555","495","165","330","33","528","889","0","59.39","18.56"
"10","007","00","010","1037","0556","553","173","380","17","570","923","0","61.76","18.74"
"10","007","00","010","1038","0000","1328","385","943","67","1395","2284","0","61.08","16.86"
"10","007","00","010","1038","0557","708","215","493","38","746","1209","0","61.7","17.78"
"10","007","00","010","1038","0558","620","170","450","29","649","1075","0","60.37","15.81"
"10","007","00","010","1039","0000","1454","490","964","66","1520","2381","0","63.84","20.58"
"10","007","00","010","1039","0559","791","254","537","36","827","1342","0","61.62","18.93"
"10","007","00","010","1039","0560","663","236","427","30","693","1039","0","66.7","22.71"
"10","007","00","010","1040","0000","821","277","544","42","863","1388","0","62.18","19.96"
"10","007","00","010","1040","0544","821","277","544","42","863","1388","0","62.18","19.96"
"10","007","00","010","1041","0000","1212","364","848","78","1290","2226","0","57.95","16.35"
"10","007","00","010","1041","0542","660","206","454","56","716","1283","0","55.81","16.06"
"10","007","00","010","1041","0543","552","158","394","22","574","943","0","60.87","16.76"
"10","007","00","011","0000","0000","24812","7098","17714","1524","26336","45147","55412","58.33","15.72"
"10","007","00","011","1101","0000","642","206","436","36","678","1221","0","55.53","16.87"
"10","007","00","011","1101","0640","642","206","436","36","678","1221","0","55.53","16.87"
"10","007","00","011","1102","0000","377","116","261","32","409","638","0","64.11","18.18"
"10","007","00","011","1102","0641","377","116","261","32","409","638","0","64.11","18.18"
"10","007","00","011","1103","0000","1005","269","736","64","1069","1785","0","59.89","15.07"
"10","007","00","011","1103","0642","450","134","316","35","485","817","0","59.36","16.4"
"10","007","00","011","1103","0643","555","135","420","29","584","968","0","60.33","13.95"
"10","007","00","011","1104","0000","280","88","192","15","295","448","0","65.85","19.64"
"10","007","00","011","1104","0644","280","88","192","15","295","448","0","65.85","19.64"
"10","007","00","011","1105","0000","1838","620","1218","95","1933","3275","0","59.02","18.93"
"10","007","00","011","1105","0654","578","262","316","30","608","1072","0","56.72","24.44"
"10","007","00","011","1105","0655","633","175","458","36","669","1113","0","60.11","15.72"
"10","007","00","011","1105","0656","627","183","444","29","656","1090","0","60.18","16.79"
"10","007","00","011","1106","0000","1246","304","942","66","1312","2145","0","61.17","14.17"
"10","007","00","011","1106","0657","687","182","505","32","719","1193","0","60.27","15.26"
"10","007","00","011","1106","0658","559","122","437","34","593","952","0","62.29","12.82"
"10","007","00","011","1107","0000","1910","544","1366","103","2013","3387","0","59.43","16.06"
"10","007","00","011","1107","0659","636","157","479","39","675","1172","0","57.59","13.4"
"10","007","00","011","1107","0660","561","181","380","31","592","1027","0","57.64","17.62"
"10","007","00","011","1107","0661","713","206","507","33","746","1188","0","62.79","17.34"
"10","007","00","011","1108","0000","711","208","503","44","755","1403","0","53.81","14.83"
"10","007","00","011","1108","0662","711","208","503","44","755","1403","0","53.81","14.83"
"10","007","00","011","1109","0000","1594","499","1095","97","1691","3033","0","55.75","16.45"
"10","007","00","011","1109","0663","690","240","450","61","751","1397","0","53.76","17.18"
"10","007","00","011","1109","0664","904","259","645","36","940","1636","0","57.46","15.83"
"10","007","00","011","1110","0000","1369","391","978","111","1480","2512","0","58.92","15.57"
"10","007","00","011","1110","0665","721","218","503","56","777","1298","0","59.86","16.8"
"10","007","00","011","1110","0666","648","173","475","55","703","1214","0","57.91","14.25"
"10","007","00","011","1111","0000","1313","384","929","67","1380","2265","0","60.93","16.95"
"10","007","00","011","1111","0667","737","214","523","38","775","1297","0","59.75","16.5"
"10","007","00","011","1111","0668","576","170","406","29","605","968","0","62.5","17.56"
"10","007","00","011","1112","0000","475","128","347","25","500","839","0","59.59","15.26"
"10","007","00","011","1112","0669","475","128","347","25","500","839","0","59.59","15.26"
"10","007","00","011","1113","0000","967","275","692","60","1027","1805","0","56.9","15.24"
"10","007","00","011","1113","0670","509","158","351","40","549","907","0","60.53","17.42"
"10","007","00","011","1113","0671","458","117","341","20","478","898","0","53.23","13.03"
"10","007","00","011","1114","0000","1308","347","961","86","1394","2345","0","59.45","14.8"
"10","007","00","011","1114","0649","648","179","469","31","679","1146","0","59.25","15.62"
"10","007","00","011","1114","0650","660","168","492","55","715","1199","0","59.63","14.01"
"10","007","00","011","1115","0000","479","178","301","25","504","851","0","59.22","20.92"
"10","007","00","011","1115","0653","479","178","301","25","504","851","0","59.22","20.92"
"10","007","00","011","1116","0000","794","245","549","70","864","1365","0","63.3","17.95"
"10","007","00","011","1116","0681","794","245","549","70","864","1365","0","63.3","17.95"
"10","007","00","011","1117","0000","1047","279","768","53","1100","1859","0","59.17","15.01"
"10","007","00","011","1117","0651","483","142","341","39","522","895","0","58.32","15.87"
"10","007","00","011","1117","0652","564","137","427","14","578","964","0","59.96","14.21"
"10","007","00","011","1118","0000","2540","685","1855","102","2642","4689","0","56.34","14.61"
"10","007","00","011","1118","0645","592","144","448","27","619","1123","0","55.12","12.82"
"10","007","00","011","1118","0646","632","188","444","30","662","1166","0","56.78","16.12"
"10","007","00","011","1118","0647","619","154","465","19","638","1151","0","55.43","13.38"
"10","007","00","011","1118","0648","697","199","498","26","723","1249","0","57.89","15.93"
"10","007","00","011","1119","0000","421","125","296","28","449","650","0","69.08","19.23"
"10","007","00","011","1119","0672","421","125","296","28","449","650","0","69.08","19.23"
"10","007","00","011","1120","0000","675","171","504","62","737","1279","0","57.62","13.37"
"10","007","00","011","1120","0673","675","171","504","62","737","1279","0","57.62","13.37"
"10","007","00","011","1121","0000","433","118","315","37","470","730","0","64.38","16.16"
"10","007","00","011","1121","0674","433","118","315","37","470","730","0","64.38","16.16"
"10","007","00","011","1122","0000","768","190","578","51","819","1407","0","58.21","13.5"
"10","007","00","011","1122","0675","768","190","578","51","819","1407","0","58.21","13.5"
"10","007","00","011","1123","0000","583","177","406","63","646","1273","0","50.75","13.9"
"10","007","00","011","1123","0676","583","177","406","63","646","1273","0","50.75","13.9"
"10","007","00","011","1124","0000","1073","285","788","73","1146","2201","0","52.07","12.95"
"10","007","00","011","1124","0679","486","129","357","41","527","1052","0","50.1","12.26"
"10","007","00","011","1124","0680","587","156","431","32","619","1149","0","53.87","13.58"
"10","007","00","011","1125","0000","964","266","698","59","1023","1742","0","58.73","15.27"
"10","007","00","011","1125","0677","517","144","373","25","542","988","0","54.86","14.57"
"10","007","00","011","1125","0678","447","122","325","34","481","754","0","63.79","16.18"
"10","007","00","012","0000","0000","19162","5233","13929","1370","20532","35391","41599","58.01","14.79"
"10","007","00","012","1201","0000","436","126","310","47","483","854","0","56.56","14.75"
"10","007","00","012","1201","0742","436","126","310","47","483","854","0","56.56","14.75"
"10","007","00","012","1202","0000","492","45","447","45","537","1138","0","47.19","3.95"
"10","007","00","012","1202","0743","450","32","418","42","492","963","0","51.09","3.32"
"10","007","00","012","1202","0744","42","13","29","3","45","175","0","25.71","7.43"
"10","007","00","012","1203","0000","363","86","277","31","394","739","0","53.32","11.64"
"10","007","00","012","1203","0745","363","86","277","31","394","739","0","53.32","11.64"
"10","007","00","012","1204","0000","837","234","603","58","895","1567","0","57.12","14.93"
"10","007","00","012","1204","0746","423","114","309","25","448","826","0","54.24","13.8"
"10","007","00","012","1204","0747","414","120","294","33","447","741","0","60.32","16.19"
"10","007","00","012","1205","0000","707","193","514","61","768","1507","0","50.96","12.81"
"10","007","00","012","1205","0748","233","58","175","12","245","506","0","48.42","11.46"
"10","007","00","012","1205","0749","474","135","339","49","523","1001","0","52.25","13.49"
"10","007","00","012","1206","0000","681","173","508","65","746","1281","0","58.24","13.51"
"10","007","00","012","1206","0750","681","173","508","65","746","1281","0","58.24","13.51"
"10","007","00","012","1207","0000","983","270","713","64","1047","1757","0","59.59","15.37"
"10","007","00","012","1207","0753","495","138","357","27","522","844","0","61.85","16.35"
"10","007","00","012","1207","0754","488","132","356","37","525","913","0","57.5","14.46"
"10","007","00","012","1208","0000","369","92","277","37","406","613","0","66.23","15.01"
"10","007","00","012","1208","0755","369","92","277","37","406","613","0","66.23","15.01"
"10","007","00","012","1209","0000","1993","544","1449","116","2109","3351","0","62.94","16.23"
"10","007","00","012","1209","0756","763","203","560","55","818","1382","0","59.19","14.69"
"10","007","00","012","1209","0757","637","178","459","37","674","1034","0","65.18","17.21"
"10","007","00","012","1209","0758","593","163","430","24","617","935","0","65.99","17.43"
"10","007","00","012","1210","0000","1338","368","970","70","1408","2401","0","58.64","15.33"
"10","007","00","012","1210","0759","718","203","515","35","753","1301","0","57.88","15.6"
"10","007","00","012","1210","0760","620","165","455","35","655","1100","0","59.55","15.0"
"10","007","00","012","1211","0000","615","189","426","38","653","1071","0","60.97","17.65"
"10","007","00","012","1211","0761","615","189","426","38","653","1071","0","60.97","17.65"
"10","007","00","012","1212","0000","699","198","501","31","730","1163","0","62.77","17.02"
"10","007","00","012","1212","0762","699","198","501","31","730","1163","0","62.77","17.02"
"10","007","00","012","1213","0000","1172","330","842","78","1250","1964","0","63.65","16.8"
"10","007","00","012","1213","0763","497","134","363","38","535","809","0","66.13","16.56"
"10","007","00","012","1213","0764","675","196","479","40","715","1155","0","61.9","16.97"
"10","007","00","012","1214","0000","1297","351","946","75","1372","2362","0","58.09","14.86"
"10","007","00","012","1214","0751","559","148","411","33","592","1035","0","57.2","14.3"
"10","007","00","012","1214","0752","738","203","535","42","780","1327","0","58.78","15.3"
"10","007","00","012","1215","0000","838","238","600","75","913","1606","0","56.85","14.82"
"10","007","00","012","1215","0766","458","137","321","29","487","870","0","55.98","15.75"
"10","007","00","012","1215","0767","380","101","279","46","426","736","0","57.88","13.72"
"10","007","00","012","1216","0000","653","164","489","45","698","1335","0","52.28","12.28"
"10","007","00","012","1216","0768","653","164","489","45","698","1335","0","52.28","12.28"
"10","007","00","012","1217","0000","923","261","662","80","1003","1774","0","56.54","14.71"
"10","007","00","012","1217","0769","468","121","347","33","501","876","0","57.19","13.81"
"10","007","00","012","1217","0770","455","140","315","47","502","898","0","55.9","15.59"
"10","007","00","012","1218","0000","2270","662","1608","134","2404","4224","0","56.91","15.67"
"10","007","00","012","1218","0771","739","208","531","23","762","1298","0","58.71","16.02"
"10","007","00","012","1218","0772","746","219","527","63","809","1451","0","55.75","15.09"
"10","007","00","012","1218","0773","785","235","550","48","833","1475","0","56.47","15.93"
"10","007","00","012","1219","0000","678","208","470","59","737","1270","0","58.03","16.38"
"10","007","00","012","1219","0765","678","208","470","59","737","1270","0","58.03","16.38"
"10","007","00","012","1220","0000","780","196","584","63","843","1576","0","53.49","12.44"
"10","007","00","012","1220","0774","362","105","257","41","403","766","0","52.61","13.71"
"10","007","00","012","1220","0775","418","91","327","22","440","810","0","54.32","11.23"
"10","007","00","012","1221","0000","533","164","369","44","577","953","0","60.55","17.21"
"10","007","00","012","1221","0776","533","164","369","44","577","953","0","60.55","17.21"
"10","007","00","012","1222","0000","505","141","364","54","559","885","0","63.16","15.93"
"10","007","00","012","1222","0777","505","141","364","54","559","885","0","63.16","15.93"
"10","007","00","013","0000","0000","17482","4826","12656","1082","18564","31492","36907","58.95","15.32"
"10","007","00","013","1301","0000","1870","515","1355","109","1979","3152","0","62.79","16.34"
"10","007","00","013","1301","0579","854","236","618","50","904","1426","0","63.39","16.55"
"10","007","00","013","1301","0580","1016","279","737","59","1075","1726","0","62.28","16.16"
"10","007","00","013","1302","0000","890","266","624","64","954","1542","0","61.87","17.25"
"10","007","00","013","1302","0581","458","140","318","45","503","797","0","63.11","17.57"
"10","007","00","013","1302","0582","432","126","306","19","451","745","0","60.54","16.91"
"10","007","00","013","1303","0000","799","230","569","35","834","1426","0","58.49","16.13"
"10","007","00","013","1303","0585","799","230","569","35","834","1426","0","58.49","16.13"
"10","007","00","013","1304","0000","646","158","488","50","696","1125","0","61.87","14.04"
"10","007","00","013","1304","0583","646","158","488","50","696","1125","0","61.87","14.04"
"10","007","00","013","1305","0000","615","158","457","32","647","1161","0","55.73","13.61"
"10","007","00","013","1305","0591","615","158","457","32","647","1161","0","55.73","13.61"
"10","007","00","013","1306","0000","1544","457","1087","74","1618","2813","0","57.52","16.25"
"10","007","00","013","1306","0594","774","234","540","47","821","1412","0","58.14","16.57"
"10","007","00","013","1306","0595","770","223","547","27","797","1401","0","56.89","15.92"
"10","007","00","013","1307","0000","1718","478","1240","90","1808","3028","0","59.71","15.79"
"10","007","00","013","1307","0597","572","156","416","29","601","996","0","60.34","15.66"
"10","007","00","013","1307","0598","581","181","400","31","612","1047","0","58.45","17.29"
"10","007","00","013","1307","0599","565","141","424","30","595","985","0","60.41","14.31"
"10","007","00","013","1308","0000","1309","371","938","81","1390","2494","0","55.73","14.88"
"10","007","00","013","1308","0604","676","198","478","37","713","1189","0","59.97","16.65"
"10","007","00","013","1308","0605","633","173","460","44","677","1305","0","51.88","13.26"
"10","007","00","013","1309","0000","805","219","586","61","866","1486","0","58.28","14.74"
"10","007","00","013","1309","0584","805","219","586","61","866","1486","0","58.28","14.74"
"10","007","00","013","1310","0000","826","223","603","55","881","1478","0","59.61","15.09"
"10","007","00","013","1310","0588","826","223","603","55","881","1478","0","59.61","15.09"
"10","007","00","013","1311","0000","779","194","585","60","839","1395","0","60.14","13.91"
"10","007","00","013","1311","0596","779","194","585","60","839","1395","0","60.14","13.91"
"10","007","00","013","1312","0000","1075","288","787","65","1140","2001","0","56.97","14.39"
"10","007","00","013","1312","0586","494","128","366","30","524","824","0","63.59","15.53"
"10","007","00","013","1312","0587","581","160","421","35","616","1177","0","52.34","13.59"
"10","007","00","013","1313","0000","884","250","634","60","944","1591","0","59.33","15.71"
"10","007","00","013","1313","0589","403","108","295","21","424","779","0","54.43","13.86"
"10","007","00","013","1313","0590","481","142","339","39","520","812","0","64.04","17.49"
"10","007","00","013","1314","0000","1326","358","968","74","1400","2497","0","56.07","14.34"
"10","007","00","013","1314","0592","643","168","475","30","673","1238","0","54.36","13.57"
"10","007","00","013","1314","0593","683","190","493","44","727","1259","0","57.74","15.09"
"10","007","00","013","1315","0000","1305","355","950","72","1377","2254","0","61.09","15.75"
"10","007","00","013","1315","0600","616","192","424","43","659","1054","0","62.52","18.22"
"10","007","00","013","1315","0601","689","163","526","29","718","1200","0","59.83","13.58"
"10","007","00","013","1316","0000","1091","306","785","100","1191","2049","0","58.13","14.93"
"10","007","00","013","1316","0602","560","147","413","58","618","1003","0","61.62","14.66"
"10","007","00","013","1316","0603","531","159","372","42","573","1046","0","54.78","15.2"
"10","007","00","014","0000","0000","15738","3951","11787","1185","16923","28026","32517","60.38","14.1"
"10","007","00","014","1401","0000","1031","243","788","55","1086","1712","0","63.43","14.19"
"10","007","00","014","1401","0682","562","128","434","31","593","958","0","61.9","13.36"
"10","007","00","014","1401","0683","469","115","354","24","493","754","0","65.38","15.25"
"10","007","00","014","1402","0000","947","258","689","59","1006","1563","0","64.36","16.51"
"10","007","00","014","1402","0684","468","136","332","33","501","757","0","66.18","17.97"
"10","007","00","014","1402","0685","479","122","357","26","505","806","0","62.66","15.14"
"10","007","00","014","1403","0000","722","169","553","35","757","1280","0","59.14","13.2"
"10","007","00","014","1403","0686","722","169","553","35","757","1280","0","59.14","13.2"
"10","007","00","014","1404","0000","508","122","386","37","545","928","0","58.73","13.15"
"10","007","00","014","1404","0687","508","122","386","37","545","928","0","58.73","13.15"
"10","007","00","014","1405","0000","1034","282","752","84","1118","1710","0","65.38","16.49"
"10","007","00","014","1405","0688","544","157","387","46","590","895","0","65.92","17.54"
"10","007","00","014","1405","0689","490","125","365","38","528","815","0","64.79","15.34"
"10","007","00","014","1406","0000","524","147","377","36","560","957","0","58.52","15.36"
"10","007","00","014","1406","0690","524","147","377","36","560","957","0","58.52","15.36"
"10","007","00","014","1407","0000","691","175","516","102","793","1338","0","59.27","13.08"
"10","007","00","014","1407","0691","691","175","516","102","793","1338","0","59.27","13.08"
"10","007","00","014","1408","0000","593","137","456","49","642","1106","0","58.05","12.39"
"10","007","00","014","1408","0692","593","137","456","49","642","1106","0","58.05","12.39"
"10","007","00","014","1409","0000","452","122","330","23","475","690","0","68.84","17.68"
"10","007","00","014","1409","0693","452","122","330","23","475","690","0","68.84","17.68"
"10","007","00","014","1410","0000","663","100","563","41","704","1230","0","57.24","8.13"
"10","007","00","014","1410","0694","663","100","563","41","704","1230","0","57.24","8.13"
"10","007","00","014","1411","0000","1008","260","748","58","1066","1744","0","61.12","14.91"
"10","007","00","014","1411","0695","478","128","350","25","503","847","0","59.39","15.11"
"10","007","00","014","1411","0696","530","132","398","33","563","897","0","62.76","14.72"
"10","007","00","014","1412","0000","1160","282","878","87","1247","2062","0","60.48","13.68"
"10","007","00","014","1412","0697","486","123","363","46","532","882","0","60.32","13.95"
"10","007","00","014","1412","0698","674","159","515","41","715","1180","0","60.59","13.47"
"10","007","00","014","1413","0000","640","176","464","65","705","1215","0","58.02","14.49"
"10","007","00","014","1413","0699","640","176","464","65","705","1215","0","58.02","14.49"
"10","007","00","014","1414","0000","263","53","210","18","281","422","0","66.59","12.56"
"10","007","00","014","1414","0700","263","53","210","18","281","422","0","66.59","12.56"
"10","007","00","014","1415","0000","572","145","427","49","621","1106","0","56.15","13.11"
"10","007","00","014","1415","0701","572","145","427","49","621","1106","0","56.15","13.11"
"10","007","00","014","1416","0000","523","123","400","46","569","874","0","65.1","14.07"
"10","007","00","014","1416","0702","523","123","400","46","569","874","0","65.1","14.07"
"10","007","00","014","1417","0000","785","249","536","73","858","1445","0","59.38","17.23"
"10","007","00","014","1417","0703","785","249","536","73","858","1445","0","59.38","17.23"
"10","007","00","014","1418","0000","508","119","389","43","551","875","0","62.97","13.6"
"10","007","00","014","1418","0704","508","119","389","43","551","875","0","62.97","13.6"
"10","007","00","014","1419","0000","786","196","590","72","858","1522","0","56.37","12.88"
"10","007","00","014","1419","0705","412","105","307","34","446","837","0","53.29","12.54"
"10","007","00","014","1419","0706","374","91","283","38","412","685","0","60.15","13.28"
"10","007","00","014","1420","0000","904","257","647","64","968","1531","0","63.23","16.79"
"10","007","00","014","1420","0707","447","127","320","23","470","733","0","64.12","17.33"
"10","007","00","014","1420","0708","457","130","327","41","498","798","0","62.41","16.29"
"10","007","00","014","1421","0000","748","167","581","49","797","1381","0","57.71","12.09"
"10","007","00","014","1421","0709","748","167","581","49","797","1381","0","57.71","12.09"
"10","007","00","014","1422","0000","676","169","507","40","716","1335","0","53.63","12.66"
"10","007","00","014","1422","0710","676","169","507","40","716","1335","0","53.63","12.66"
"10","007","00","015","0000","0000","17126","4971","12155","1166","18292","29642","34739","61.71","16.77"
"10","007","00","015","1501","0000","2067","542","1525","141","2208","3604","0","61.27","15.04"
"10","007","00","015","1501","0711","654","186","468","58","712","1139","0","62.51","16.33"
"10","007","00","015","1501","0712","675","165","510","44","719","1217","0","59.08","13.56"
"10","007","00","015","1501","0713","738","191","547","39","777","1248","0","62.26","15.3"
"10","007","00","015","1502","0000","744","217","527","60","804","1248","0","64.42","17.39"
"10","007","00","015","1502","0714","744","217","527","60","804","1248","0","64.42","17.39"
"10","007","00","015","1503","0000","926","297","629","53","979","1541","0","63.53","19.27"
"10","007","00","015","1503","0715","536","163","373","31","567","916","0","61.9","17.79"
"10","007","00","015","1503","0716","390","134","256","22","412","625","0","65.92","21.44"
"10","007","00","015","1504","0000","684","205","479","50","734","1271","0","57.75","16.13"
"10","007","00","015","1504","0717","684","205","479","50","734","1271","0","57.75","16.13"
"10","007","00","015","1505","0000","1040","284","756","85","1125","1740","0","64.66","16.32"
"10","007","00","015","1505","0718","367","103","264","26","393","608","0","64.64","16.94"
"10","007","00","015","1505","0719","673","181","492","59","732","1132","0","64.66","15.99"
"10","007","00","015","1506","0000","1146","321","825","73","1219","1953","0","62.42","16.44"
"10","007","00","015","1506","0720","594","159","435","38","632","1027","0","61.54","15.48"
"10","007","00","015","1506","0721","552","162","390","35","587","926","0","63.39","17.49"
"10","007","00","015","1507","0000","828","214","614","85","913","1438","0","63.49","14.88"
"10","007","00","015","1507","0722","427","109","318","55","482","778","0","61.95","14.01"
"10","007","00","015","1507","0723","401","105","296","30","431","660","0","65.3","15.91"
"10","007","00","015","1508","0000","1137","351","786","67","1204","2019","0","59.63","17.38"
"10","007","00","015","1508","0726","578","172","406","33","611","985","0","62.03","17.46"
"10","007","00","015","1508","0727","559","179","380","34","593","1034","0","57.35","17.31"
"10","007","00","015","1509","0000","1343","383","960","64","1407","2321","0","60.62","16.5"
"10","007","00","015","1509","0724","778","204","574","40","818","1330","0","61.5","15.34"
"10","007","00","015","1509","0725","565","179","386","24","589","991","0","59.43","18.06"
"10","007","00","015","1510","0000","364","105","259","35","399","612","0","65.2","17.16"
"10","007","00","015","1510","0728","364","105","259","35","399","612","0","65.2","17.16"
"10","007","00","015","1511","0000","740","194","546","46","786","1236","0","63.59","15.7"
"10","007","00","015","1511","0729","740","194","546","46","786","1236","0","63.59","15.7"
"10","007","00","015","1512","0000","925","166","759","64","989","1513","0","65.37","10.97"
"10","007","00","015","1512","0730","460","33","427","32","492","775","0","63.48","4.26"
"10","007","00","015","1512","0731","465","133","332","32","497","738","0","67.34","18.02"
"10","007","00","015","1513","0000","610","197","413","30","640","1036","0","61.78","19.02"
"10","007","00","015","1513","0732","610","197","413","30","640","1036","0","61.78","19.02"
"10","007","00","015","1514","0000","519","160","359","44","563","975","0","57.74","16.41"
"10","007","00","015","1514","0733","519","160","359","44","563","975","0","57.74","16.41"
"10","007","00","015","1515","0000","777","158","619","39","816","1348","0","60.53","11.72"
"10","007","00","015","1515","0736","394","70","324","13","407","689","0","59.07","10.16"
"10","007","00","015","1515","0737","383","88","295","26","409","659","0","62.06","13.35"
"10","007","00","015","1516","0000","1033","307","726","73","1106","1824","0","60.64","16.83"
"10","007","00","015","1516","0734","487","143","344","26","513","885","0","57.97","16.16"
"10","007","00","015","1516","0735","546","164","382","47","593","939","0","63.15","17.47"
"10","007","00","015","1517","0000","833","245","588","60","893","1352","0","66.05","18.12"
"10","007","00","015","1517","0739","833","245","588","60","893","1352","0","66.05","18.12"
"10","007","00","015","1518","0000","470","142","328","26","496","910","0","54.51","15.6"
"10","007","00","015","1518","0738","470","142","328","26","496","910","0","54.51","15.6"
"10","007","00","015","1519","0000","412","131","281","30","442","759","0","58.23","17.26"
"10","007","00","015","1519","0740","412","131","281","30","442","759","0","58.23","17.26"
"10","007","00","015","1520","0000","528","352","176","41","569","942","0","60.4","37.37"
"10","007","00","015","1520","0741","528","352","176","41","569","942","0","60.4","37.37"
"10","007","00","016","0000","0000","17472","5312","12160","1183","18655","31239","37055","59.72","17.0"
"10","007","00","016","1601","0000","519","159","360","29","548","792","0","69.19","20.08"
"10","007","00","016","1601","0616","519","159","360","29","548","792","0","69.19","20.08"
"10","007","00","016","1602","0000","906","282","624","49","955","1516","0","62.99","18.6"
"10","007","00","016","1602","0617","418","148","270","28","446","695","0","64.17","21.29"
"10","007","00","016","1602","0618","488","134","354","21","509","821","0","62.0","16.32"
"10","007","00","016","1603","0000","1075","315","760","81","1156","1904","0","60.71","16.54"
"10","007","00","016","1603","0619","615","176","439","53","668","1064","0","62.78","16.54"
"10","007","00","016","1603","0620","460","139","321","28","488","840","0","58.1","16.55"
"10","007","00","016","1604","0000","1252","367","885","68","1320","2127","0","62.06","17.25"
"10","007","00","016","1604","0621","632","174","458","33","665","1079","0","61.63","16.13"
"10","007","00","016","1604","0622","620","193","427","35","655","1048","0","62.5","18.42"
"10","007","00","016","1605","0000","1054","299","755","56","1110","1758","0","63.14","17.01"
"10","007","00","016","1605","0623","584","151","433","28","612","960","0","63.75","15.73"
"10","007","00","016","1605","0624","470","148","322","28","498","798","0","62.41","18.55"
"10","007","00","016","1606","0000","847","237","610","68","915","1458","0","62.76","16.26"
"10","007","00","016","1606","0625","492","137","355","37","529","796","0","66.46","17.21"
"10","007","00","016","1606","0626","355","100","255","31","386","662","0","58.31","15.11"
"10","007","00","016","1607","0000","569","157","412","40","609","1040","0","58.56","15.1"
"10","007","00","016","1607","0627","569","157","412","40","609","1040","0","58.56","15.1"
"10","007","00","016","1608","0000","560","165","395","27","587","1025","0","57.27","16.1"
"10","007","00","016","1608","0628","560","165","395","27","587","1025","0","57.27","16.1"
"10","007","00","016","1609","0000","1554","437","1117","79","1633","2593","0","62.98","16.85"
"10","007","00","016","1609","0629","842","230","612","38","880","1357","0","64.85","16.95"
"10","007","00","016","1609","0630","712","207","505","41","753","1236","0","60.92","16.75"
"10","007","00","016","1610","0000","804","262","542","51","855","1393","0","61.38","18.81"
"10","007","00","016","1610","0611","389","119","270","32","421","659","0","63.88","18.06"
"10","007","00","016","1610","0612","415","143","272","19","434","734","0","59.13","19.48"
"10","007","00","016","1611","0000","607","160","447","55","662","1255","0","52.75","12.75"
"10","007","00","016","1611","0606","607","160","447","55","662","1255","0","52.75","12.75"
"10","007","00","016","1612","0000","920","619","301","84","1004","1648","0","60.92","37.56"
"10","007","00","016","1612","0609","409","108","301","41","450","724","0","62.15","14.92"
"10","007","00","016","1612","0610","511","511","0","43","554","924","0","59.96","55.3"
"10","007","00","016","1613","0000","1055","295","760","72","1127","1915","0","58.85","15.4"
"10","007","00","016","1613","0607","507","146","361","42","549","889","0","61.75","16.42"
"10","007","00","016","1613","0608","548","149","399","30","578","1026","0","56.34","14.52"
"10","007","00","016","1614","0000","882","246","636","43","925","1606","0","57.6","15.32"
"10","007","00","016","1614","0613","367","114","253","7","374","758","0","49.34","15.04"
"10","007","00","016","1614","0614","515","132","383","36","551","848","0","64.98","15.57"
"10","007","00","016","1615","0000","683","192","491","78","761","1404","0","54.2","13.68"
"10","007","00","016","1615","0615","683","192","491","78","761","1404","0","54.2","13.68"
"10","007","00","016","1616","0000","493","142","351","30","523","871","0","60.05","16.3"
"10","007","00","016","1616","0631","493","142","351","30","523","871","0","60.05","16.3"
"10","007","00","016","1617","0000","354","89","265","33","387","706","0","54.82","12.61"
"10","007","00","016","1617","0632","354","89","265","33","387","706","0","54.82","12.61"
"10","007","00","016","1618","0000","462","138","324","27","489","770","0","63.51","17.92"
"10","007","00","016","1618","0633","462","138","324","27","489","770","0","63.51","17.92"
"10","007","00","016","1619","0000","420","104","316","19","439","669","0","65.62","15.55"
"10","007","00","016","1619","0634","420","104","316","19","439","669","0","65.62","15.55"
"10","007","00","016","1620","0000","447","107","340","50","497","862","0","57.66","12.41"
"10","007","00","016","1620","0635","447","107","340","50","497","862","0","57.66","12.41"
"10","007","00","016","1621","0000","451","118","333","26","477","847","0","56.32","13.93"
"10","007","00","016","1621","0636","451","118","333","26","477","847","0","56.32","13.93"
"10","007","00","016","1622","0000","385","107","278","44","429","668","0","64.22","16.02"
"10","007","00","016","1622","0637","385","107","278","44","429","668","0","64.22","16.02"
"10","007","00","016","1623","0000","551","138","413","24","575","1073","0","53.59","12.86"
"10","007","00","016","1623","0638","551","138","413","24","575","1073","0","53.59","12.86"
"10","007","00","016","1624","0000","622","177","445","50","672","1339","0","50.19","13.22"
"10","007","00","016","1624","0639","622","177","445","50","672","1339","0","50.19","13.22"
"10","007","00","017","0000","0000","19767","5559","14208","1223","20990","36306","42917","57.81","15.31"
"10","007","00","017","1701","0000","1480","414","1066","85","1565","2765","0","56.6","14.97"
"10","007","00","017","1701","0778","433","136","297","34","467","791","0","59.04","17.19"
"10","007","00","017","1701","0779","532","146","386","32","564","984","0","57.32","14.84"
"10","007","00","017","1701","0780","515","132","383","19","534","990","0","53.94","13.33"
"10","007","00","017","1702","0000","758","212","546","56","814","1478","0","55.07","14.34"
"10","007","00","017","1702","0785","404","114","290","23","427","753","0","56.71","15.14"
"10","007","00","017","1702","0786","354","98","256","33","387","725","0","53.38","13.52"
"10","007","00","017","1703","0000","624","178","446","46","670","1165","0","57.51","15.28"
"10","007","00","017","1703","0805","624","178","446","46","670","1165","0","57.51","15.28"
"10","007","00","017","1704","0000","2562","766","1796","147","2709","4546","0","59.59","16.85"
"10","007","00","017","1704","0781","596","171","425","36","632","1016","0","62.2","16.83"
"10","007","00","017","1704","0782","623","187","436","36","659","1091","0","60.4","17.14"
"10","007","00","017","1704","0783","694","221","473","49","743","1236","0","60.11","17.88"
"10","007","00","017","1704","0784","649","187","462","26","675","1203","0","56.11","15.54"
"10","007","00","017","1705","0000","535","136","399","26","561","933","0","60.13","14.58"
"10","007","00","017","1705","0790","535","136","399","26","561","933","0","60.13","14.58"
"10","007","00","017","1706","0000","594","180","414","22","616","1092","0","56.41","16.48"
"10","007","00","017","1706","0812","594","180","414","22","616","1092","0","56.41","16.48"
"10","007","00","017","1707","0000","1505","431","1074","71","1576","2698","0","58.41","15.97"
"10","007","00","017","1707","0798","389","114","275","16","405","688","0","58.87","16.57"
"10","007","00","017","1707","0799","461","124","337","29","490","870","0","56.32","14.25"
"10","007","00","017","1707","0800","655","193","462","26","681","1140","0","59.74","16.93"
"10","007","00","017","1708","0000","1115","314","801","72","1187","2066","0","57.45","15.2"
"10","007","00","017","1708","0791","565","165","400","40","605","990","0","61.11","16.67"
"10","007","00","017","1708","0792","550","149","401","32","582","1076","0","54.09","13.85"
"10","007","00","017","1709","0000","431","115","316","27","458","724","0","63.26","15.88"
"10","007","00","017","1709","0807","431","115","316","27","458","724","0","63.26","15.88"
"10","007","00","017","1710","0000","529","152","377","26","555","937","0","59.23","16.22"
"10","007","00","017","1710","0803","529","152","377","26","555","937","0","59.23","16.22"
"10","007","00","017","1711","0000","875","269","606","65","940","1645","0","57.14","16.35"
"10","007","00","017","1711","0796","417","135","282","36","453","750","0","60.4","18.0"
"10","007","00","017","1711","0797","458","134","324","29","487","895","0","54.41","14.97"
"10","007","00","017","1712","0000","560","164","396","40","600","992","0","60.48","16.53"
"10","007","00","017","1712","0811","560","164","396","40","600","992","0","60.48","16.53"
"10","007","00","017","1713","0000","742","186","556","47","789","1266","0","62.32","14.69"
"10","007","00","017","1713","0802","742","186","556","47","789","1266","0","62.32","14.69"
"10","007","00","017","1714","0000","798","208","590","32","830","1414","0","58.7","14.71"
"10","007","00","017","1714","0793","443","117","326","11","454","742","0","61.19","15.77"
"10","007","00","017","1714","0794","355","91","264","21","376","672","0","55.95","13.54"
"10","007","00","017","1715","0000","563","127","436","28","591","1015","0","58.23","12.51"
"10","007","00","017","1715","0808","563","127","436","28","591","1015","0","58.23","12.51"
"10","007","00","017","1716","0000","544","141","403","38","582","985","0","59.09","14.31"
"10","007","00","017","1716","0801","544","141","403","38","582","985","0","59.09","14.31"
"10","007","00","017","1717","0000","593","148","445","35","628","1235","0","50.85","11.98"
"10","007","00","017","1717","0795","593","148","445","35","628","1235","0","50.85","11.98"
"10","007","00","017","1718","0000","473","133","340","37","510","828","0","61.59","16.06"
"10","007","00","017","1718","0813","473","133","340","37","510","828","0","61.59","16.06"
"10","007","00","017","1719","0000","921","278","643","52","973","1611","0","60.4","17.26"
"10","007","00","017","1719","0788","364","131","233","20","384","562","0","68.33","23.31"
"10","007","00","017","1719","0789","557","147","410","32","589","1049","0","56.15","14.01"
"10","007","00","017","1720","0000","542","161","381","48","590","986","0","59.84","16.33"
"10","007","00","017","1720","0806","542","161","381","48","590","986","0","59.84","16.33"
"10","007","00","017","1721","0000","713","207","506","71","784","1506","0","52.06","13.75"
"10","007","00","017","1721","0814","379","121","258","45","424","787","0","53.88","15.37"
"10","007","00","017","1721","0815","334","86","248","26","360","719","0","50.07","11.96"
"10","007","00","017","1722","0000","570","169","401","54","624","1023","0","61.0","16.52"
"10","007","00","017","1722","0787","570","169","401","54","624","1023","0","61.0","16.52"
"10","007","00","017","1723","0000","656","166","490","35","691","1219","0","56.69","13.62"
"10","007","00","017","1723","0804","656","166","490","35","691","1219","0","56.69","13.62"
"10","007","00","017","1724","0000","1084","304","780","63","1147","2177","0","52.69","13.96"
"10","007","00","017","1724","0809","545","153","392","27","572","1116","0","51.25","13.71"
"10","007","00","017","1724","0810","539","151","388","36","575","1061","0","54.19","14.23"
"10","007","00","018","0000","0000","7443","2210","5233","631","8074","13339","15193","60.53","16.57"
"10","007","00","018","1801","0000","429","115","314","45","474","871","0","54.42","13.2"
"10","007","00","018","1801","0818","429","115","314","45","474","871","0","54.42","13.2"
"10","007","00","018","1802","0000","521","132","389","45","566","953","0","59.39","13.85"
"10","007","00","018","1802","0819","521","132","389","45","566","953","0","59.39","13.85"
"10","007","00","018","1803","0000","301","76","225","41","342","624","0","54.81","12.18"
"10","007","00","018","1803","0820","301","76","225","41","342","624","0","54.81","12.18"
"10","007","00","018","1804","0000","392","112","280","37","429","645","0","66.51","17.36"
"10","007","00","018","1804","0821","392","112","280","37","429","645","0","66.51","17.36"
"10","007","00","018","1805","0000","569","165","404","55","624","943","0","66.17","17.5"
"10","007","00","018","1805","0823","569","165","404","55","624","943","0","66.17","17.5"
"10","007","00","018","1806","0000","600","139","461","45","645","986","0","65.42","14.1"
"10","007","00","018","1806","0822","600","139","461","45","645","986","0","65.42","14.1"
"10","007","00","018","1807","0000","537","152","385","21","558","831","0","67.15","18.29"
"10","007","00","018","1807","0825","537","152","385","21","558","831","0","67.15","18.29"
"10","007","00","018","1808","0000","275","66","209","10","285","455","0","62.64","14.51"
"10","007","00","018","1808","0824","275","66","209","10","285","455","0","62.64","14.51"
"10","007","00","018","1809","0000","556","153","403","21","577","1013","0","56.96","15.1"
"10","007","00","018","1809","0827","556","153","403","21","577","1013","0","56.96","15.1"
"10","007","00","018","1810","0000","474","125","349","36","510","831","0","61.37","15.04"
"10","007","00","018","1810","0826","474","125","349","36","510","831","0","61.37","15.04"
"10","007","00","018","1811","0000","454","129","325","51","505","796","0","63.44","16.21"
"10","007","00","018","1811","0828","454","129","325","51","505","796","0","63.44","16.21"
"10","007","00","018","1812","0000","404","306","98","52","456","781","0","58.39","39.18"
"10","007","00","018","1812","0829","404","306","98","52","456","781","0","58.39","39.18"
"10","007","00","018","1813","0000","339","100","239","21","360","692","0","52.02","14.45"
"10","007","00","018","1813","0830","339","100","239","21","360","692","0","52.02","14.45"
"10","007","00","018","1814","0000","348","98","250","26","374","635","0","58.9","15.43"
"10","007","00","018","1814","0831","348","98","250","26","374","635","0","58.9","15.43"
"10","007","00","018","1815","0000","295","81","214","33","328","566","0","57.95","14.31"
"10","007","00","018","1815","0832","295","81","214","33","328","566","0","57.95","14.31"
"10","007","00","018","1816","0000","560","171","389","48","608","1028","0","59.14","16.63"
"10","007","00","018","1816","0816","560","171","389","48","608","1028","0","59.14","16.63"
"10","007","00","018","1817","0000","389","90","299","44","433","689","0","62.84","13.06"
"10","007","00","018","1817","0817","389","90","299","44","433","689","0","62.84","13.06"
"10","007","00","019","0000","0000","15145","4468","10677","1019","16164","27593","33335","58.58","16.19"
"10","007","00","019","1901","0000","1031","298","733","51","1082","1790","0","60.45","16.65"
"10","007","00","019","1901","0844","486","121","365","28","514","833","0","61.7","14.53"
"10","007","00","019","1901","0845","545","177","368","23","568","957","0","59.35","18.5"
"10","007","00","019","1902","0000","414","119","295","26","440","783","0","56.19","15.2"
"10","007","00","019","1902","0846","414","119","295","26","440","783","0","56.19","15.2"
"10","007","00","019","1903","0000","293","95","198","27","320","573","0","55.85","16.58"
"10","007","00","019","1903","0847","293","95","198","27","320","573","0","55.85","16.58"
"10","007","00","019","1904","0000","369","111","258","21","390","672","0","58.04","16.52"
"10","007","00","019","1904","0848","369","111","258","21","390","672","0","58.04","16.52"
"10","007","00","019","1905","0000","719","217","502","65","784","1442","0","54.37","15.05"
"10","007","00","019","1905","0849","345","123","222","36","381","695","0","54.82","17.7"
"10","007","00","019","1905","0850","374","94","280","29","403","747","0","53.95","12.58"
"10","007","00","019","1906","0000","765","217","548","47","812","1305","0","62.22","16.63"
"10","007","00","019","1906","0851","397","116","281","14","411","643","0","63.92","18.04"
"10","007","00","019","1906","0852","368","101","267","33","401","662","0","60.57","15.26"
"10","007","00","019","1907","0000","1266","347","919","100","1366","2206","0","61.92","15.73"
"10","007","00","019","1907","0853","651","173","478","44","695","1085","0","64.06","15.94"
"10","007","00","019","1907","0854","615","174","441","56","671","1121","0","59.86","15.52"
"10","007","00","019","1908","0000","1632","483","1149","84","1716","3017","0","56.88","16.01"
"10","007","00","019","1908","0855","482","136","346","28","510","830","0","61.45","16.39"
"10","007","00","019","1908","0856","519","145","374","25","544","975","0","55.79","14.87"
"10","007","00","019","1908","0857","631","202","429","31","662","1212","0","54.62","16.67"
"10","007","00","019","1909","0000","738","210","528","44","782","1302","0","60.06","16.13"
"10","007","00","019","1909","0858","738","210","528","44","782","1302","0","60.06","16.13"
"10","007","00","019","1910","0000","2533","707","1826","172","2705","4597","0","58.84","15.38"
"10","007","00","019","1910","0838","634","169","465","40","674","1124","0","59.96","15.04"
"10","007","00","019","1910","0839","636","196","440","37","673","1096","0","61.41","17.88"
"10","007","00","019","1910","0840","678","184","494","34","712","1213","0","58.7","15.17"
"10","007","00","019","1910","0841","585","158","427","61","646","1164","0","55.5","13.57"
"10","007","00","019","1911","0000","862","231","631","46","908","1608","0","56.47","14.37"
"10","007","00","019","1911","0842","394","117","277","21","415","730","0","56.85","16.03"
"10","007","00","019","1911","0843","468","114","354","25","493","878","0","56.15","12.98"
"10","007","00","019","1912","0000","1484","416","1068","120","1604","2649","0","60.55","15.7"
"10","007","00","019","1912","0833","478","128","350","44","522","925","0","56.43","13.84"
"10","007","00","019","1912","0834","484","146","338","45","529","869","0","60.87","16.8"
"10","007","00","019","1912","0835","522","142","380","31","553","855","0","64.68","16.61"
"10","007","00","019","1913","0000","1107","278","829","74","1181","1893","0","62.39","14.69"
"10","007","00","019","1913","0836","636","178","458","35","671","1065","0","63.0","16.71"
"10","007","00","019","1913","0837","471","100","371","39","510","828","0","61.59","12.08"
"10","007","00","019","1914","0000","963","468","495","87","1050","1994","0","52.66","23.47"
"10","007","00","019","1914","0859","506","138","368","39","545","1077","0","50.6","12.81"
"10","007","00","019","1914","0860","457","330","127","48","505","917","0","55.07","35.99"
"10","007","00","019","1915","0000","969","271","698","55","1024","1762","0","58.12","15.38"
"10","007","00","019","1915","0861","445","122","323","20","465","825","0","56.36","14.79"
"10","007","00","019","1915","0862","524","149","375","35","559","937","0","59.66","15.9"
"10","007","00","020","0000","0000","21108","5654","15454","1588","22696","42976","50709","52.81","13.16"
"10","007","00","020","2001","0000","1171","358","813","72","1243","2148","0","57.87","16.67"
"10","007","00","020","2001","0945","486","142","344","33","519","892","0","58.18","15.92"
"10","007","00","020","2001","0946","685","216","469","39","724","1256","0","57.64","17.2"
"10","007","00","020","2002","0000","1743","486","1257","115","1858","3201","0","58.04","15.18"
"10","007","00","020","2002","0947","527","138","389","45","572","1043","0","54.84","13.23"
"10","007","00","020","2002","0948","618","197","421","31","649","1076","0","60.32","18.31"
"10","007","00","020","2002","0949","598","151","447","39","637","1082","0","58.87","13.96"
"10","007","00","020","2003","0000","733","206","527","43","776","1427","0","54.38","14.44"
"10","007","00","020","2003","0950","733","206","527","43","776","1427","0","54.38","14.44"
"10","007","00","020","2004","0000","1457","419","1038","145","1602","3040","0","52.7","13.78"
"10","007","00","020","2004","0951","482","145","337","49","531","1030","0","51.55","14.08"
"10","007","00","020","2004","0952","495","150","345","47","542","1033","0","52.47","14.52"
"10","007","00","020","2004","0953","480","124","356","49","529","977","0","54.15","12.69"
"10","007","00","020","2005","0000","776","192","584","89","865","1658","0","52.17","11.58"
"10","007","00","020","2005","0954","326","84","242","26","352","683","0","51.54","12.3"
"10","007","00","020","2005","0955","450","108","342","63","513","975","0","52.62","11.08"
"10","007","00","020","2006","0000","554","161","393","52","606","1336","0","45.36","12.05"
"10","007","00","020","2006","0956","554","161","393","52","606","1336","0","45.36","12.05"
"10","007","00","020","2007","0000","442","128","314","42","484","1019","0","47.5","12.56"
"10","007","00","020","2007","0957","442","128","314","42","484","1019","0","47.5","12.56"
"10","007","00","020","2008","0000","402","100","302","52","454","1003","0","45.26","9.97"
"10","007","00","020","2008","0958","402","100","302","52","454","1003","0","45.26","9.97"
"10","007","00","020","2009","0000","612","127","485","37","649","1151","0","56.39","11.03"
"10","007","00","020","2009","0959","612","127","485","37","649","1151","0","56.39","11.03"
"10","007","00","020","2010","0000","837","237","600","75","912","1598","0","57.07","14.83"
"10","007","00","020","2010","0960","837","237","600","75","912","1598","0","57.07","14.83"
"10","007","00","020","2011","0000","1713","481","1232","92","1805","3259","0","55.39","14.76"
"10","007","00","020","2011","0961","753","207","546","47","800","1488","0","53.76","13.91"
"10","007","00","020","2011","0962","960","274","686","45","1005","1771","0","56.75","15.47"
"10","007","00","020","2012","0000","1282","337","945","76","1358","2540","0","53.46","13.27"
"10","007","00","020","2012","0942","294","71","223","22","316","731","0","43.23","9.71"
"10","007","00","020","2012","0943","551","146","405","38","589","1025","0","57.46","14.24"
"10","007","00","020","2012","0944","437","120","317","16","453","784","0","57.78","15.31"
"10","007","00","020","2013","0000","543","154","389","41","584","1360","0","42.94","11.32"
"10","007","00","020","2013","0963","543","154","389","41","584","1360","0","42.94","11.32"
"10","007","00","020","2014","0000","698","171","527","57","755","1613","0","46.81","10.6"
"10","007","00","020","2014","0964","698","171","527","57","755","1613","0","46.81","10.6"
"10","007","00","020","2015","0000","577","159","418","62","639","1228","0","52.04","12.95"
"10","007","00","020","2015","0965","577","159","418","62","639","1228","0","52.04","12.95"
"10","007","00","020","2016","0000","427","102","325","18","445","771","0","57.72","13.23"
"10","007","00","020","2016","0966","427","102","325","18","445","771","0","57.72","13.23"
"10","007","00","020","2017","0000","765","212","553","38","803","1519","0","52.86","13.96"
"10","007","00","020","2017","0967","466","138","328","38","504","858","0","58.74","16.08"
"10","007","00","020","2017","0968","299","74","225","0","299","661","0","45.23","11.2"
"10","007","00","020","2018","0000","563","148","415","72","635","1268","0","50.08","11.67"
"10","007","00","020","2018","0969","563","148","415","72","635","1268","0","50.08","11.67"
"10","007","00","020","2019","0000","518","128","390","19","537","1081","0","49.68","11.84"
"10","007","00","020","2019","0970","518","128","390","19","537","1081","0","49.68","11.84"
"10","007","00","020","2020","0000","1735","447","1288","137","1872","3659","0","51.16","12.22"
"10","007","00","020","2020","0971","574","157","417","24","598","1213","0","49.3","12.94"
"10","007","00","020","2020","0972","699","184","515","41","740","1328","0","55.72","13.86"
"10","007","00","020","2020","0973","462","106","356","72","534","1118","0","47.76","9.48"
"10","007","00","020","2021","0000","453","101","352","26","479","972","0","49.28","10.39"
"10","007","00","020","2021","0975","453","101","352","26","479","972","0","49.28","10.39"
"10","007","00","020","2022","0000","487","128","359","47","534","1157","0","46.15","11.06"
"10","007","00","020","2022","0974","487","128","359","47","534","1157","0","46.15","11.06"
"10","007","00","020","2023","0000","456","135","321","33","489","902","0","54.21","14.97"
"10","007","00","020","2023","0976","456","135","321","33","489","902","0","54.21","14.97"
"10","007","00","020","2024","0000","761","170","591","46","807","1273","0","63.39","13.35"
"10","007","00","020","2024","0977","761","170","591","46","807","1273","0","63.39","13.35"
"10","007","00","020","2025","0000","551","138","413","23","574","1087","0","52.81","12.7"
"10","007","00","020","2025","0978","551","138","413","23","574","1087","0","52.81","12.7"
"10","007","00","020","2026","0000","532","135","397","59","591","987","0","59.88","13.68"
"10","007","00","020","2026","0979","532","135","397","59","591","987","0","59.88","13.68"
"10","007","00","020","2027","0000","320","94","226","20","340","719","0","47.29","13.07"
"10","007","00","020","2027","0980","320","94","226","20","340","719","0","47.29","13.07"
"10","007","00","021","0000","0000","12910","3604","9306","861","13771","23179","27346","59.41","15.55"
"10","007","00","021","2101","0000","631","184","447","41","672","1284","0","52.34","14.33"
"10","007","00","021","2101","0863","631","184","447","41","672","1284","0","52.34","14.33"
"10","007","00","021","2102","0000","564","144","420","43","607","874","0","69.45","16.48"
"10","007","00","021","2102","0873","564","144","420","43","607","874","0","69.45","16.48"
"10","007","00","021","2103","0000","1496","410","1086","87","1583","2562","0","61.79","16.0"
"10","007","00","021","2103","0871","802","235","567","43","845","1376","0","61.41","17.08"
"10","007","00","021","2103","0872","694","175","519","44","738","1186","0","62.23","14.76"
"10","007","00","021","2104","0000","623","174","449","62","685","1079","0","63.48","16.13"
"10","007","00","021","2104","0882","623","174","449","62","685","1079","0","63.48","16.13"
"10","007","00","021","2105","0000","388","117","271","23","411","760","0","54.08","15.39"
"10","007","00","021","2105","0886","388","117","271","23","411","760","0","54.08","15.39"
"10","007","00","021","2106","0000","639","185","454","62","701","1084","0","64.67","17.07"
"10","007","00","021","2106","0887","639","185","454","62","701","1084","0","64.67","17.07"
"10","007","00","021","2107","0000","610","175","435","41","651","1198","0","54.34","14.61"
"10","007","00","021","2107","0884","610","175","435","41","651","1198","0","54.34","14.61"
"10","007","00","021","2108","0000","322","95","227","32","354","621","0","57.0","15.3"
"10","007","00","021","2108","0885","322","95","227","32","354","621","0","57.0","15.3"
"10","007","00","021","2109","0000","737","222","515","43","780","1336","0","58.38","16.62"
"10","007","00","021","2109","0883","737","222","515","43","780","1336","0","58.38","16.62"
"10","007","00","021","2110","0000","695","208","487","35","730","1337","0","54.6","15.56"
"10","007","00","021","2110","0870","695","208","487","35","730","1337","0","54.6","15.56"
"10","007","00","021","2111","0000","882","263","619","45","927","1555","0","59.61","16.91"
"10","007","00","021","2111","0868","352","83","269","18","370","680","0","54.41","12.21"
"10","007","00","021","2111","0869","530","180","350","27","557","875","0","63.66","20.57"
"10","007","00","021","2112","0000","674","176","498","54","728","1187","0","61.33","14.83"
"10","007","00","021","2112","0864","674","176","498","54","728","1187","0","61.33","14.83"
"10","007","00","021","2113","0000","993","266","727","68","1061","1729","0","61.36","15.38"
"10","007","00","021","2113","0865","605","178","427","30","635","1033","0","61.47","17.23"
"10","007","00","021","2113","0866","388","88","300","38","426","696","0","61.21","12.64"
"10","007","00","021","2114","0000","573","181","392","25","598","938","0","63.75","19.3"
"10","007","00","021","2114","0878","573","181","392","25","598","938","0","63.75","19.3"
"10","007","00","021","2115","0000","522","138","384","41","563","880","0","63.98","15.68"
"10","007","00","021","2115","0879","522","138","384","41","563","880","0","63.98","15.68"
"10","007","00","021","2116","0000","711","225","486","46","757","1396","0","54.23","16.12"
"10","007","00","021","2116","0880","407","120","287","21","428","804","0","53.23","14.93"
"10","007","00","021","2116","0881","304","105","199","25","329","592","0","55.57","17.74"
"10","007","00","021","2117","0000","888","183","705","53","941","1606","0","58.59","11.39"
"10","007","00","021","2117","0874","342","84","258","25","367","647","0","56.72","12.98"
"10","007","00","021","2117","0875","546","99","447","28","574","959","0","59.85","10.32"
"10","007","00","021","2118","0000","135","31","104","9","144","263","0","54.75","11.79"
"10","007","00","021","2118","0876","135","31","104","9","144","263","0","54.75","11.79"
"10","007","00","021","2119","0000","311","81","230","24","335","618","0","54.21","13.11"
"10","007","00","021","2119","0877","311","81","230","24","335","618","0","54.21","13.11"
"10","007","00","021","2120","0000","516","146","370","27","543","872","0","62.27","16.74"
"10","007","00","021","2120","0867","516","146","370","27","543","872","0","62.27","16.74"
"10","007","00","022","0000","0000","12827","3697","9130","1227","14054","25677","30536","54.73","14.4"
"10","007","00","022","2201","0000","1178","263","915","91","1269","2468","0","51.42","10.66"
"10","007","00","022","2201","0888","521","152","369","59","580","1178","0","49.24","12.9"
"10","007","00","022","2201","0889","657","111","546","32","689","1290","0","53.41","8.6"
"10","007","00","022","2202","0000","878","260","618","78","956","1756","0","54.44","14.81"
"10","007","00","022","2202","0890","481","152","329","52","533","973","0","54.78","15.62"
"10","007","00","022","2202","0891","397","108","289","26","423","783","0","54.02","13.79"
"10","007","00","022","2203","0000","837","252","585","109","946","1632","0","57.97","15.44"
"10","007","00","022","2203","0892","376","107","269","43","419","733","0","57.16","14.6"
"10","007","00","022","2203","0893","461","145","316","66","527","899","0","58.62","16.13"
"10","007","00","022","2204","0000","1148","276","872","107","1255","2321","0","54.07","11.89"
"10","007","00","022","2204","0894","493","125","368","51","544","965","0","56.37","12.95"
"10","007","00","022","2204","0895","655","151","504","56","711","1356","0","52.43","11.14"
"10","007","00","022","2205","0000","621","186","435","68","689","1265","0","54.47","14.7"
"10","007","00","022","2205","0896","621","186","435","68","689","1265","0","54.47","14.7"
"10","007","00","022","2206","0000","839","239","600","85","924","1582","0","58.41","15.11"
"10","007","00","022","2206","0897","494","134","360","48","542","877","0","61.8","15.28"
"10","007","00","022","2206","0898","345","105","240","37","382","705","0","54.18","14.89"
"10","007","00","022","2207","0000","1807","508","1299","141","1948","3285","0","59.3","15.46"
"10","007","00","022","2207","0899","616","169","447","39","655","1062","0","61.68","15.91"
"10","007","00","022","2207","0900","703","214","489","50","753","1300","0","57.92","16.46"
"10","007","00","022","2207","0901","488","125","363","52","540","923","0","58.5","13.54"
"10","007","00","022","2208","0000","1133","316","817","77","1210","2188","0","55.3","14.44"
"10","007","00","022","2208","0902","532","151","381","24","556","1085","0","51.24","13.92"
"10","007","00","022","2208","0903","601","165","436","53","654","1103","0","59.29","14.96"
"10","007","00","022","2209","0000","360","93","267","21","381","735","0","51.84","12.65"
"10","007","00","022","2209","0904","360","93","267","21","381","735","0","51.84","12.65"
"10","007","00","022","2210","0000","280","82","198","36","316","574","0","55.05","14.29"
"10","007","00","022","2210","0905","280","82","198","36","316","574","0","55.05","14.29"
"10","007","00","022","2211","0000","716","173","543","80","796","1504","0","52.93","11.5"
"10","007","00","022","2211","0906","347","78","269","39","386","767","0","50.33","10.17"
"10","007","00","022","2211","0907","369","95","274","41","410","737","0","55.63","12.89"
"10","007","00","022","2212","0000","452","145","307","54","506","1058","0","47.83","13.71"
"10","007","00","022","2212","0908","452","145","307","54","506","1058","0","47.83","13.71"
"10","007","00","022","2213","0000","372","101","271","57","429","826","0","51.94","12.23"
"10","007","00","022","2213","0909","372","101","271","57","429","826","0","51.94","12.23"
"10","007","00","022","2214","0000","475","341","134","72","547","1082","0","50.55","31.52"
"10","007","00","022","2214","0910","475","341","134","72","547","1082","0","50.55","31.52"
"10","007","00","022","2215","0000","758","169","589","65","823","1448","0","56.84","11.67"
"10","007","00","022","2215","0911","402","89","313","44","446","737","0","60.52","12.08"
"10","007","00","022","2215","0912","356","80","276","21","377","711","0","53.02","11.25"
"10","007","00","022","2216","0000","533","181","352","59","592","1043","0","56.76","17.35"
"10","007","00","022","2216","0913","533","181","352","59","592","1043","0","56.76","17.35"
"10","007","00","022","2217","0000","440","112","328","27","467","910","0","51.32","12.31"
"10","007","00","022","2217","0914","440","112","328","27","467","910","0","51.32","12.31"
"10","007","00","023","0000","0000","13148","3302","9846","1267","14415","29291","33549","49.21","11.27"
"10","007","00","023","2301","0000","301","92","209","34","335","940","0","35.64","9.79"
"10","007","00","023","2301","0998","301","92","209","34","335","940","0","35.64","9.79"
"10","007","00","023","2302","0000","143","39","104","19","162","403","0","40.2","9.68"
"10","007","00","023","2302","0999","143","39","104","19","162","403","0","40.2","9.68"
"10","007","00","023","2303","0000","346","80","266","30","376","756","0","49.74","10.58"
"10","007","00","023","2303","1000","346","80","266","30","376","756","0","49.74","10.58"
"10","007","00","023","2304","0000","156","51","105","22","178","548","0","32.48","9.31"
"10","007","00","023","2304","1001","156","51","105","22","178","548","0","32.48","9.31"
"10","007","00","023","2305","0000","468","108","360","52","520","997","0","52.16","10.83"
"10","007","00","023","2305","1002","468","108","360","52","520","997","0","52.16","10.83"
"10","007","00","023","2306","0000","943","274","669","90","1033","2159","0","47.85","12.69"
"10","007","00","023","2306","1003","535","166","369","55","590","1300","0","45.38","12.77"
"10","007","00","023","2306","1004","408","108","300","35","443","859","0","51.57","12.57"
"10","007","00","023","2307","0000","626","165","461","40","666","1370","0","48.61","12.04"
"10","007","00","023","2307","1005","345","90","255","16","361","734","0","49.18","12.26"
"10","007","00","023","2307","1006","281","75","206","24","305","636","0","47.96","11.79"
"10","007","00","023","2308","0000","171","46","125","11","182","470","0","38.72","9.79"
"10","007","00","023","2308","1022","171","46","125","11","182","470","0","38.72","9.79"
"10","007","00","023","2309","0000","256","74","182","39","295","668","0","44.16","11.08"
"10","007","00","023","2309","1008","256","74","182","39","295","668","0","44.16","11.08"
"10","007","00","023","2310","0000","329","110","219","24","353","744","0","47.45","14.78"
"10","007","00","023","2310","1009","329","110","219","24","353","744","0","47.45","14.78"
"10","007","00","023","2311","0000","411","115","296","76","487","1026","0","47.47","11.21"
"10","007","00","023","2311","1010","411","115","296","76","487","1026","0","47.47","11.21"
"10","007","00","023","2312","0000","225","57","168","8","233","586","0","39.76","9.73"
"10","007","00","023","2312","1011","225","57","168","8","233","586","0","39.76","9.73"
"10","007","00","023","2313","0000","291","66","225","24","315","593","0","53.12","11.13"
"10","007","00","023","2313","1012","291","66","225","24","315","593","0","53.12","11.13"
"10","007","00","023","2314","0000","319","88","231","55","374","808","0","46.29","10.89"
"10","007","00","023","2314","1007","319","88","231","55","374","808","0","46.29","10.89"
"10","007","00","023","2315","0000","1001","252","749","133","1134","2131","0","53.21","11.83"
"10","007","00","023","2315","1013","512","132","380","67","579","1071","0","54.06","12.32"
"10","007","00","023","2315","1014","489","120","369","66","555","1060","0","52.36","11.32"
"10","007","00","023","2316","0000","345","79","266","21","366","708","0","51.69","11.16"
"10","007","00","023","2316","1015","345","79","266","21","366","708","0","51.69","11.16"
"10","007","00","023","2317","0000","315","88","227","48","363","735","0","49.39","11.97"
"10","007","00","023","2317","1016","315","88","227","48","363","735","0","49.39","11.97"
"10","007","00","023","2318","0000","310","87","223","41","351","674","0","52.08","12.91"
"10","007","00","023","2318","1019","310","87","223","41","351","674","0","52.08","12.91"
"10","007","00","023","2319","0000","589","147","442","63","652","1300","0","50.15","11.31"
"10","007","00","023","2319","1017","296","74","222","37","333","571","0","58.32","12.96"
"10","007","00","023","2319","1018","293","73","220","26","319","729","0","43.76","10.01"
"10","007","00","023","2320","0000","832","213","619","70","902","1652","0","54.6","12.89"
"10","007","00","023","2320","1020","396","103","293","37","433","846","0","51.18","12.17"
"10","007","00","023","2320","1021","436","110","326","33","469","806","0","58.19","13.65"
"10","007","00","023","2321","0000","707","159","548","60","767","1441","0","53.23","11.03"
"10","007","00","023","2321","1023","566","123","443","49","615","1124","0","54.72","10.94"
"10","007","00","023","2321","1024","141","36","105","11","152","317","0","47.95","11.36"
"10","007","00","023","2322","0000","439","100","339","41","480","1086","0","44.2","9.21"
"10","007","00","023","2322","1028","439","100","339","41","480","1086","0","44.2","9.21"
"10","007","00","023","2323","0000","917","222","695","76","993","2125","0","46.73","10.45"
"10","007","00","023","2323","1025","475","102","373","50","525","1158","0","45.34","8.81"
"10","007","00","023","2323","1026","442","120","322","26","468","967","0","48.4","12.41"
"10","007","00","023","2324","0000","379","98","281","30","409","762","0","53.67","12.86"
"10","007","00","023","2324","1027","379","98","281","30","409","762","0","53.67","12.86"
"10","007","00","023","2325","0000","595","147","448","38","633","1400","0","45.21","10.5"
"10","007","00","023","2325","1029","346","85","261","21","367","747","0","49.13","11.38"
"10","007","00","023","2325","1030","249","62","187","17","266","653","0","40.74","9.49"
"10","007","00","023","2326","0000","1734","345","1389","122","1856","3209","0","57.84","10.75"
"10","007","00","023","2326","1031","479","111","368","35","514","872","0","58.94","12.73"
"10","007","00","023","2326","1032","700","100","600","45","745","1235","0","60.32","8.1"
"10","007","00","023","2326","1033","555","134","421","42","597","1102","0","54.17","12.16"
"10","007","00","024","0000","0000","5258","1268","3990","495","5753","14713","16781","39.1","8.62"
"10","007","00","024","2401","0000","367","98","269","61","428","1104","0","38.77","8.88"
"10","007","00","024","2401","0982","367","98","269","61","428","1104","0","38.77","8.88"
"10","007","00","024","2402","0000","396","99","297","38","434","1092","0","39.74","9.07"
"10","007","00","024","2402","0986","168","34","134","15","183","518","0","35.33","6.56"
"10","007","00","024","2402","0987","228","65","163","23","251","574","0","43.73","11.32"
"10","007","00","024","2403","0000","566","132","434","41","607","1312","0","46.27","10.06"
"10","007","00","024","2403","0984","566","132","434","41","607","1312","0","46.27","10.06"
"10","007","00","024","2404","0000","329","80","249","38","367","853","0","43.02","9.38"
"10","007","00","024","2404","0985","329","80","249","38","367","853","0","43.02","9.38"
"10","007","00","024","2405","0000","480","119","361","57","537","964","0","55.71","12.34"
"10","007","00","024","2405","0983","480","119","361","57","537","964","0","55.71","12.34"
"10","007","00","024","2406","0000","396","91","305","18","414","1103","0","37.53","8.25"
"10","007","00","024","2406","0993","396","91","305","18","414","1103","0","37.53","8.25"
"10","007","00","024","2407","0000","439","93","346","24","463","1288","0","35.95","7.22"
"10","007","00","024","2407","0981","439","93","346","24","463","1288","0","35.95","7.22"
"10","007","00","024","2408","0000","240","59","181","30","270","702","0","38.46","8.4"
"10","007","00","024","2408","0988","240","59","181","30","270","702","0","38.46","8.4"
"10","007","00","024","2409","0000","208","52","156","21","229","686","0","33.38","7.58"
"10","007","00","024","2409","0996","208","52","156","21","229","686","0","33.38","7.58"
"10","007","00","024","2410","0000","302","62","240","33","335","1069","0","31.34","5.8"
"10","007","00","024","2410","0989","108","29","79","12","120","376","0","31.91","7.71"
"10","007","00","024","2410","0990","194","33","161","21","215","693","0","31.02","4.76"
"10","007","00","024","2411","0000","277","75","202","21","298","899","0","33.15","8.34"
"10","007","00","024","2411","0997","277","75","202","21","298","899","0","33.15","8.34"
"10","007","00","024","2412","0000","391","102","289","25","416","1192","0","34.9","8.56"
"10","007","00","024","2412","0994","391","102","289","25","416","1192","0","34.9","8.56"
"10","007","00","024","2413","0000","326","76","250","35","361","917","0","39.37","8.29"
"10","007","00","024","2413","0995","326","76","250","35","361","917","0","39.37","8.29"
"10","007","00","024","2414","0000","344","80","264","41","385","877","0","43.9","9.12"
"10","007","00","024","2414","0991","344","80","264","41","385","877","0","43.9","9.12"
"10","007","00","024","2415","0000","197","50","147","12","209","655","0","31.91","7.63"
"10","007","00","024","2415","0992","197","50","147","12","209","655","0","31.91","7.63"
"10","007","00","025","0000","0000","6421","1708","4713","551","6972","12821","15117","54.38","13.32"
"10","007","00","025","2501","0000","614","167","447","58","672","1168","0","57.53","14.3"
"10","007","00","025","2501","1034","614","167","447","58","672","1168","0","57.53","14.3"
"10","007","00","025","2502","0000","1110","276","834","60","1170","1925","0","60.78","14.34"
"10","007","00","025","2502","1035","547","130","417","23","570","965","0","59.07","13.47"
"10","007","00","025","2502","1036","563","146","417","37","600","960","0","62.5","15.21"
"10","007","00","025","2503","0000","427","125","302","54","481","743","0","64.74","16.82"
"10","007","00","025","2503","1037","427","125","302","54","481","743","0","64.74","16.82"
"10","007","00","025","2504","0000","311","92","219","29","340","751","0","45.27","12.25"
"10","007","00","025","2504","1038","311","92","219","29","340","751","0","45.27","12.25"
"10","007","00","025","2505","0000","681","174","507","52","733","1525","0","48.07","11.41"
"10","007","00","025","2505","1039","346","77","269","38","384","792","0","48.48","9.72"
"10","007","00","025","2505","1040","335","97","238","14","349","733","0","47.61","13.23"
"10","007","00","025","2506","0000","325","87","238","30","355","657","0","54.03","13.24"
"10","007","00","025","2506","1041","325","87","238","30","355","657","0","54.03","13.24"
"10","007","00","025","2507","0000","515","135","380","35","550","1063","0","51.74","12.7"
"10","007","00","025","2507","1042","515","135","380","35","550","1063","0","51.74","12.7"
"10","007","00","025","2508","0000","583","145","438","57","640","1114","0","57.45","13.02"
"10","007","00","025","2508","1043","583","145","438","57","640","1114","0","57.45","13.02"
"10","007","00","025","2509","0000","315","85","230","29","344","506","0","67.98","16.8"
"10","007","00","025","2509","1044","315","85","230","29","344","506","0","67.98","16.8"
"10","007","00","025","2510","0000","390","114","276","36","426","823","0","51.76","13.85"
"10","007","00","025","2510","1045","390","114","276","36","426","823","0","51.76","13.85"
"10","007","00","025","2511","0000","322","71","251","19","341","654","0","52.14","10.86"
"10","007","00","025","2511","1046","322","71","251","19","341","654","0","52.14","10.86"
"10","007","00","025","2512","0000","240","70","170","19","259","577","0","44.89","12.13"
"10","007","00","025","2512","1047","240","70","170","19","259","577","0","44.89","12.13"
"10","007","00","025","2513","0000","362","101","261","47","409","772","0","52.98","13.08"
"10","007","00","025","2513","1048","362","101","261","47","409","772","0","52.98","13.08"
"10","007","00","025","2514","0000","226","66","160","26","252","543","0","46.41","12.15"
"10","007","00","025","2514","1049","226","66","160","26","252","543","0","46.41","12.15"
"10","007","00","026","0000","0000","12115","3786","8329","1054","13169","25405","29797","51.84","14.9"
"10","007","00","026","2601","0000","892","233","659","66","958","1839","0","52.09","12.67"
"10","007","00","026","2601","0915","394","102","292","37","431","778","0","55.4","13.11"
"10","007","00","026","2601","0916","498","131","367","29","527","1061","0","49.67","12.35"
"10","007","00","026","2602","0000","595","171","424","58","653","1409","0","46.34","12.14"
"10","007","00","026","2602","0925","595","171","424","58","653","1409","0","46.34","12.14"
"10","007","00","026","2603","0000","481","136","345","51","532","1157","0","45.98","11.75"
"10","007","00","026","2603","0930","481","136","345","51","532","1157","0","45.98","11.75"
"10","007","00","026","2604","0000","767","253","514","63","830","1490","0","55.7","16.98"
"10","007","00","026","2604","0941","767","253","514","63","830","1490","0","55.7","16.98"
"10","007","00","026","2605","0000","308","77","231","32","340","701","0","48.5","10.98"
"10","007","00","026","2605","0917","308","77","231","32","340","701","0","48.5","10.98"
"10","007","00","026","2606","0000","737","200","537","65","802","1506","0","53.25","13.28"
"10","007","00","026","2606","0926","400","106","294","16","416","792","0","52.53","13.38"
"10","007","00","026","2606","0927","337","94","243","49","386","714","0","54.06","13.17"
"10","007","00","026","2607","0000","394","124","270","51","445","843","0","52.79","14.71"
"10","007","00","026","2607","0936","394","124","270","51","445","843","0","52.79","14.71"
"10","007","00","026","2608","0000","494","143","351","40","534","879","0","60.75","16.27"
"10","007","00","026","2608","0918","494","143","351","40","534","879","0","60.75","16.27"
"10","007","00","026","2609","0000","894","232","662","87","981","2071","0","47.37","11.2"
"10","007","00","026","2609","0928","492","122","370","50","542","1109","0","48.87","11.0"
"10","007","00","026","2609","0929","402","110","292","37","439","962","0","45.63","11.43"
"10","007","00","026","2610","0000","259","81","178","12","271","711","0","38.12","11.39"
"10","007","00","026","2610","0937","259","81","178","12","271","711","0","38.12","11.39"
"10","007","00","026","2611","0000","865","230","635","70","935","1532","0","61.03","15.01"
"10","007","00","026","2611","0919","394","105","289","36","430","654","0","65.75","16.06"
"10","007","00","026","2611","0920","471","125","346","34","505","878","0","57.52","14.24"
"10","007","00","026","2612","0000","899","262","637","68","967","1839","0","52.58","14.25"
"10","007","00","026","2612","0931","456","126","330","35","491","952","0","51.58","13.24"
"10","007","00","026","2612","0932","443","136","307","33","476","887","0","53.66","15.33"
"10","007","00","026","2613","0000","411","123","288","59","470","851","0","55.23","14.45"
"10","007","00","026","2613","0938","411","123","288","59","470","851","0","55.23","14.45"
"10","007","00","026","2614","0000","986","281","705","75","1061","1813","0","58.52","15.5"
"10","007","00","026","2614","0921","534","127","407","43","577","942","0","61.25","13.48"
"10","007","00","026","2614","0922","452","154","298","32","484","871","0","55.57","17.68"
"10","007","00","026","2615","0000","773","218","555","98","871","1876","0","46.43","11.62"
"10","007","00","026","2615","0933","338","102","236","43","381","866","0","44.0","11.78"
"10","007","00","026","2615","0934","435","116","319","55","490","1010","0","48.51","11.49"
"10","007","00","026","2616","0000","554","126","428","55","609","1247","0","48.84","10.1"
"10","007","00","026","2616","0940","554","126","428","55","609","1247","0","48.84","10.1"
"10","007","00","026","2617","0000","984","490","494","60","1044","1905","0","54.8","25.72"
"10","007","00","026","2617","0923","516","362","154","20","536","1047","0","51.19","34.57"
"10","007","00","026","2617","0924","468","128","340","40","508","858","0","59.21","14.92"
"10","007","00","026","2618","0000","405","102","303","18","423","853","0","49.59","11.96"
"10","007","00","026","2618","0935","405","102","303","18","423","853","0","49.59","11.96"
"10","007","00","026","2619","0000","417","304","113","26","443","883","0","50.17","34.43"
"10","007","00","026","2619","0939","417","304","113","26","443","883","0","50.17","34.43"
"10","008","00","000","0000","0000","234040","64424","169616","14360","248400","427089","497876","58.16","15.08"
"10","008","00","001","0000","0000","48659","13599","35060","2561","51220","84328","99538","60.74","16.13"
"10","008","00","001","0101","0000","525","173","352","29","554","927","0","59.76","18.66"
"10","008","00","001","0101","0001","525","173","352","29","554","927","0","59.76","18.66"
"10","008","00","001","0102","0000","910","260","650","49","959","1440","0","66.6","18.06"
"10","008","00","001","0102","0002","428","120","308","26","454","667","0","68.07","17.99"
"10","008","00","001","0102","0003","482","140","342","23","505","773","0","65.33","18.11"
"10","008","00","001","0103","0000","493","145","348","23","516","818","0","63.08","17.73"
"10","008","00","001","0103","0004","493","145","348","23","516","818","0","63.08","17.73"
"10","008","00","001","0104","0000","338","108","230","19","357","525","0","68.0","20.57"
"10","008","00","001","0104","0005","338","108","230","19","357","525","0","68.0","20.57"
"10","008","00","001","0105","0000","360","97","263","28","388","575","0","67.48","16.87"
"10","008","00","001","0105","0006","360","97","263","28","388","575","0","67.48","16.87"
"10","008","00","001","0106","0000","242","80","162","12","254","368","0","69.02","21.74"
"10","008","00","001","0106","0007","242","80","162","12","254","368","0","69.02","21.74"
"10","008","00","001","0107","0000","589","141","448","44","633","956","0","66.21","14.75"
"10","008","00","001","0107","0008","589","141","448","44","633","956","0","66.21","14.75"
"10","008","00","001","0108","0000","1589","441","1148","100","1689","2632","0","64.17","16.76"
"10","008","00","001","0108","0058","824","225","599","57","881","1387","0","63.52","16.22"
"10","008","00","001","0108","0059","765","216","549","43","808","1245","0","64.9","17.35"
"10","008","00","001","0109","0000","4165","1185","2980","223","4388","7018","0","62.52","16.89"
"10","008","00","001","0109","0060","678","185","493","24","702","1199","0","58.55","15.43"
"10","008","00","001","0109","0061","758","212","546","45","803","1288","0","62.34","16.46"
"10","008","00","001","0109","0062","584","170","414","40","624","1040","0","60.0","16.35"
"10","008","00","001","0109","0063","631","176","455","36","667","1070","0","62.34","16.45"
"10","008","00","001","0109","0064","779","229","550","46","825","1299","0","63.51","17.63"
"10","008","00","001","0109","0065","735","213","522","32","767","1122","0","68.36","18.98"
"10","008","00","001","0110","0000","2458","714","1744","129","2587","4543","0","56.94","15.72"
"10","008","00","001","0110","0032","743","215","528","47","790","1356","0","58.26","15.86"
"10","008","00","001","0110","0033","725","233","492","44","769","1373","0","56.01","16.97"
"10","008","00","001","0110","0034","788","226","562","30","818","1452","0","56.34","15.56"
"10","008","00","001","0110","0035","202","40","162","8","210","362","0","58.01","11.05"
"10","008","00","001","0111","0000","211","51","160","24","235","389","0","60.41","13.11"
"10","008","00","001","0111","0036","211","51","160","24","235","389","0","60.41","13.11"
"10","008","00","001","0112","0000","3492","1027","2465","188","3680","5992","0","61.42","17.14"
"10","008","00","001","0112","0022","526","137","389","33","559","960","0","58.23","14.27"
"10","008","00","001","0112","0023","529","153","376","30","559","906","0","61.7","16.89"
"10","008","00","001","0112","0024","567","174","393","31","598","957","0","62.49","18.18"
"10","008","00","001","0112","0025","608","158","450","43","651","997","0","65.3","15.85"
"10","008","00","001","0112","0026","599","186","413","30","629","1008","0","62.4","18.45"
"10","008","00","001","0112","0027","663","219","444","21","684","1164","0","58.76","18.81"
"10","008","00","001","0113","0000","1096","321","775","98","1194","2045","0","58.39","15.7"
"10","008","00","001","0113","0028","322","90","232","27","349","587","0","59.45","15.33"
"10","008","00","001","0113","0029","384","118","266","31","415","734","0","56.54","16.08"
"10","008","00","001","0113","0030","390","113","277","40","430","724","0","59.39","15.61"
"10","008","00","001","0114","0000","577","145","432","25","602","1003","0","60.02","14.46"
"10","008","00","001","0114","0031","577","145","432","25","602","1003","0","60.02","14.46"
"10","008","00","001","0115","0000","3110","877","2233","122","3232","5426","0","59.57","16.16"
"10","008","00","001","0115","0009","645","186","459","23","668","1245","0","53.65","14.94"
"10","008","00","001","0115","0010","843","243","600","24","867","1484","0","58.42","16.37"
"10","008","00","001","0115","0011","751","193","558","30","781","1191","0","65.58","16.2"
"10","008","00","001","0115","0012","871","255","616","45","916","1506","0","60.82","16.93"
"10","008","00","001","0116","0000","1714","503","1211","92","1806","2790","0","64.73","18.03"
"10","008","00","001","0116","0013","652","190","462","28","680","1070","0","63.55","17.76"
"10","008","00","001","0116","0014","407","112","295","20","427","670","0","63.73","16.72"
"10","008","00","001","0116","0015","655","201","454","44","699","1050","0","66.57","19.14"
"10","008","00","001","0117","0000","1105","318","787","64","1169","2106","0","55.51","15.1"
"10","008","00","001","0117","0016","575","162","413","36","611","1122","0","54.46","14.44"
"10","008","00","001","0117","0017","530","156","374","28","558","984","0","56.71","15.85"
"10","008","00","001","0118","0000","2600","749","1851","147","2747","4411","0","62.28","16.98"
"10","008","00","001","0118","0018","675","196","479","31","706","1062","0","66.48","18.46"
"10","008","00","001","0118","0019","600","145","455","46","646","1053","0","61.35","13.77"
"10","008","00","001","0118","0020","667","208","459","35","702","1104","0","63.59","18.84"
"10","008","00","001","0118","0021","658","200","458","35","693","1192","0","58.14","16.78"
"10","008","00","001","0119","0000","993","293","700","69","1062","1930","0","55.03","15.18"
"10","008","00","001","0119","0083","485","139","346","50","535","950","0","56.32","14.63"
"10","008","00","001","0119","0084","508","154","354","19","527","980","0","53.78","15.71"
"10","008","00","001","0120","0000","372","109","263","28","400","790","0","50.63","13.8"
"10","008","00","001","0120","0081","372","109","263","28","400","790","0","50.63","13.8"
"10","008","00","001","0121","0000","290","76","214","10","300","647","0","46.37","11.75"
"10","008","00","001","0121","0082","290","76","214","10","300","647","0","46.37","11.75"
"10","008","00","001","0122","0000","507","156","351","85","592","1122","0","52.76","13.9"
"10","008","00","001","0122","0080","507","156","351","85","592","1122","0","52.76","13.9"
"10","008","00","001","0123","0000","2977","791","2186","134","3111","5362","0","58.02","14.75"
"10","008","00","001","0123","0066","806","209","597","37","843","1414","0","59.62","14.78"
"10","008","00","001","0123","0067","627","174","453","39","666","1121","0","59.41","15.52"
"10","008","00","001","0123","0068","809","232","577","20","829","1434","0","57.81","16.18"
"10","008","00","001","0123","0069","735","176","559","38","773","1393","0","55.49","12.63"
"10","008","00","001","0124","0000","2613","684","1929","100","2713","4907","0","55.29","13.94"
"10","008","00","001","0124","0070","593","146","447","22","615","1059","0","58.07","13.79"
"10","008","00","001","0124","0071","680","171","509","26","706","1218","0","57.96","14.04"
"10","008","00","001","0124","0072","695","213","482","20","715","1293","0","55.3","16.47"
"10","008","00","001","0124","0073","645","154","491","32","677","1337","0","50.64","11.52"
"10","008","00","001","0125","0000","1637","470","1167","79","1716","2859","0","60.02","16.44"
"10","008","00","001","0125","0074","532","150","382","26","558","876","0","63.7","17.12"
"10","008","00","001","0125","0075","538","154","384","25","563","971","0","57.98","15.86"
"10","008","00","001","0125","0076","567","166","401","28","595","1012","0","58.79","16.4"
"10","008","00","001","0126","0000","1693","470","1223","95","1788","2999","0","59.62","15.67"
"10","008","00","001","0126","0077","518","122","396","32","550","973","0","56.53","12.54"
"10","008","00","001","0126","0078","591","171","420","36","627","1002","0","62.57","17.07"
"10","008","00","001","0126","0079","584","177","407","27","611","1024","0","59.67","17.29"
"10","008","00","001","0127","0000","3696","1044","2652","163","3859","5880","0","65.63","17.76"
"10","008","00","001","0127","0039","549","174","375","44","593","921","0","64.39","18.89"
"10","008","00","001","0127","0040","581","168","413","21","602","892","0","67.49","18.83"
"10","008","00","001","0127","0041","667","180","487","24","691","1050","0","65.81","17.14"
"10","008","00","001","0127","0042","662","181","481","20","682","1078","0","63.27","16.79"
"10","008","00","001","0127","0043","643","164","479","25","668","1078","0","61.97","15.21"
"10","008","00","001","0127","0044","594","177","417","29","623","861","0","72.36","20.56"
"10","008","00","001","0128","0000","1468","433","1035","70","1538","2365","0","65.03","18.31"
"10","008","00","001","0128","0037","789","228","561","41","830","1276","0","65.05","17.87"
"10","008","00","001","0128","0038","679","205","474","29","708","1089","0","65.01","18.82"
"10","008","00","001","0129","0000","3924","1074","2850","177","4101","6589","0","62.24","16.3"
"10","008","00","001","0129","0045","684","165","519","52","736","1221","0","60.28","13.51"
"10","008","00","001","0129","0046","637","186","451","23","660","1105","0","59.73","16.83"
"10","008","00","001","0129","0047","736","203","533","20","756","1230","0","61.46","16.5"
"10","008","00","001","0129","0048","645","172","473","30","675","1092","0","61.81","15.75"
"10","008","00","001","0129","0049","799","227","572","22","821","1286","0","63.84","17.65"
"10","008","00","001","0129","0050","423","121","302","30","453","655","0","69.16","18.47"
"10","008","00","001","0130","0000","858","259","599","47","905","1439","0","62.89","18.0"
"10","008","00","001","0130","0051","452","129","323","23","475","719","0","66.06","17.94"
"10","008","00","001","0130","0052","406","130","276","24","430","720","0","59.72","18.06"
"10","008","00","001","0131","0000","479","99","380","27","506","848","0","59.67","11.67"
"10","008","00","001","0131","0057","479","99","380","27","506","848","0","59.67","11.67"
"10","008","00","001","0132","0000","629","106","523","26","655","1108","0","59.12","9.57"
"10","008","00","001","0132","0054","265","39","226","15","280","492","0","56.91","7.93"
"10","008","00","001","0132","0055","364","67","297","11","375","616","0","60.88","10.88"
"10","008","00","001","0133","0000","618","133","485","22","640","1010","0","63.37","13.17"
"10","008","00","001","0133","0056","618","133","485","22","640","1010","0","63.37","13.17"
"10","008","00","001","0134","0000","331","67","264","13","344","509","0","67.58","13.16"
"10","008","00","001","0134","0053","331","67","264","13","344","509","0","67.58","13.16"
"10","008","00","002","0000","0000","37514","9897","27617","2304","39818","68763","80408","57.91","14.39"
"10","008","00","002","0201","0000","1503","382","1121","102","1605","2676","0","59.98","14.28"
"10","008","00","002","0201","0085","467","129","338","35","502","828","0","60.63","15.58"
"10","008","00","002","0201","0086","460","128","332","35","495","786","0","62.98","16.28"
"10","008","00","002","0201","0087","576","125","451","32","608","1062","0","57.25","11.77"
"10","008","00","002","0202","0000","435","126","309","24","459","838","0","54.77","15.04"
"10","008","00","002","0202","0105","435","126","309","24","459","838","0","54.77","15.04"
"10","008","00","002","0203","0000","1628","427","1201","71","1699","3107","0","54.68","13.74"
"10","008","00","002","0203","0102","487","116","371","18","505","901","0","56.05","12.87"
"10","008","00","002","0203","0103","504","134","370","41","545","997","0","54.66","13.44"
"10","008","00","002","0203","0104","637","177","460","12","649","1209","0","53.68","14.64"
"10","008","00","002","0204","0000","1324","372","952","84","1408","2489","0","56.57","14.95"
"10","008","00","002","0204","0106","583","158","425","31","614","1226","0","50.08","12.89"
"10","008","00","002","0204","0107","741","214","527","53","794","1263","0","62.87","16.94"
"10","008","00","002","0205","0000","1176","303","873","71","1247","2233","0","55.84","13.57"
"10","008","00","002","0205","0121","607","155","452","35","642","1133","0","56.66","13.68"
"10","008","00","002","0205","0122","569","148","421","36","605","1100","0","55.0","13.45"
"10","008","00","002","0206","0000","631","175","456","33","664","1023","0","64.91","17.11"
"10","008","00","002","0206","0126","631","175","456","33","664","1023","0","64.91","17.11"
"10","008","00","002","0207","0000","1903","518","1385","143","2046","3705","0","55.22","13.98"
"10","008","00","002","0207","0123","626","169","457","45","671","1155","0","58.1","14.63"
"10","008","00","002","0207","0124","620","175","445","55","675","1254","0","53.83","13.96"
"10","008","00","002","0207","0125","657","174","483","43","700","1296","0","54.01","13.43"
"10","008","00","002","0208","0000","3222","816","2406","158","3380","5777","0","58.51","14.12"
"10","008","00","002","0208","0127","474","99","375","15","489","964","0","50.73","10.27"
"10","008","00","002","0208","0128","555","152","403","27","582","986","0","59.03","15.42"
"10","008","00","002","0208","0129","587","153","434","26","613","1016","0","60.33","15.06"
"10","008","00","002","0208","0130","503","135","368","33","536","898","0","59.69","15.03"
"10","008","00","002","0208","0131","565","150","415","35","600","980","0","61.22","15.31"
"10","008","00","002","0208","0132","538","127","411","22","560","933","0","60.02","13.61"
"10","008","00","002","0209","0000","611","176","435","36","647","929","0","69.64","18.95"
"10","008","00","002","0209","0133","611","176","435","36","647","929","0","69.64","18.95"
"10","008","00","002","0210","0000","3918","1049","2869","223","4141","7458","0","55.52","14.07"
"10","008","00","002","0210","0090","696","179","517","30","726","1282","0","56.63","13.96"
"10","008","00","002","0210","0091","472","106","366","36","508","859","0","59.14","12.34"
"10","008","00","002","0210","0092","674","187","487","72","746","1288","0","57.92","14.52"
"10","008","00","002","0210","0093","729","207","522","21","750","1330","0","56.39","15.56"
"10","008","00","002","0210","0094","723","201","522","42","765","1416","0","54.03","14.19"
"10","008","00","002","0210","0095","624","169","455","22","646","1283","0","50.35","13.17"
"10","008","00","002","0211","0000","2037","451","1586","142","2179","3815","0","57.12","11.82"
"10","008","00","002","0211","0096","639","153","486","61","700","1151","0","60.82","13.29"
"10","008","00","002","0211","0097","607","166","441","28","635","1193","0","53.23","13.91"
"10","008","00","002","0211","0098","791","132","659","53","844","1471","0","57.38","8.97"
"10","008","00","002","0212","0000","463","112","351","70","533","1044","0","51.05","10.73"
"10","008","00","002","0212","0099","463","112","351","70","533","1044","0","51.05","10.73"
"10","008","00","002","0213","0000","620","145","475","52","672","1122","0","59.89","12.92"
"10","008","00","002","0213","0100","620","145","475","52","672","1122","0","59.89","12.92"
"10","008","00","002","0214","0000","699","172","527","31","730","1129","0","64.66","15.23"
"10","008","00","002","0214","0101","699","172","527","31","730","1129","0","64.66","15.23"
"10","008","00","002","0215","0000","548","149","399","40","588","1032","0","56.98","14.44"
"10","008","00","002","0215","0134","548","149","399","40","588","1032","0","56.98","14.44"
"10","008","00","002","0216","0000","158","32","126","9","167","315","0","53.02","10.16"
"10","008","00","002","0216","0135","158","32","126","9","167","315","0","53.02","10.16"
"10","008","00","002","0217","0000","670","172","498","73","743","1363","0","54.51","12.62"
"10","008","00","002","0217","0136","670","172","498","73","743","1363","0","54.51","12.62"
"10","008","00","002","0218","0000","820","206","614","48","868","1430","0","60.7","14.41"
"10","008","00","002","0218","0137","417","112","305","24","441","725","0","60.83","15.45"
"10","008","00","002","0218","0138","403","94","309","24","427","705","0","60.57","13.33"
"10","008","00","002","0219","0000","955","263","692","69","1024","1683","0","60.84","15.63"
"10","008","00","002","0219","0139","459","127","332","31","490","751","0","65.25","16.91"
"10","008","00","002","0219","0140","496","136","360","38","534","932","0","57.3","14.59"
"10","008","00","002","0220","0000","736","200","536","46","782","1332","0","58.71","15.02"
"10","008","00","002","0220","0141","532","149","383","27","559","956","0","58.47","15.59"
"10","008","00","002","0220","0142","204","51","153","19","223","376","0","59.31","13.56"
"10","008","00","002","0221","0000","379","102","277","29","408","682","0","59.82","14.96"
"10","008","00","002","0221","0143","379","102","277","29","408","682","0","59.82","14.96"
"10","008","00","002","0222","0000","600","67","533","46","646","990","0","65.25","6.77"
"10","008","00","002","0222","0144","600","67","533","46","646","990","0","65.25","6.77"
"10","008","00","002","0223","0000","597","113","484","57","654","1170","0","55.9","9.66"
"10","008","00","002","0223","0147","597","113","484","57","654","1170","0","55.9","9.66"
"10","008","00","002","0224","0000","342","83","259","19","361","604","0","59.77","13.74"
"10","008","00","002","0224","0148","342","83","259","19","361","604","0","59.77","13.74"
"10","008","00","002","0225","0000","523","129","394","28","551","999","0","55.16","12.91"
"10","008","00","002","0225","0149","523","129","394","28","551","999","0","55.16","12.91"
"10","008","00","002","0226","0000","1479","472","1007","76","1555","2791","0","55.71","16.91"
"10","008","00","002","0226","0150","469","219","250","17","486","923","0","52.65","23.73"
"10","008","00","002","0226","0151","505","131","374","30","535","887","0","60.32","14.77"
"10","008","00","002","0226","0152","505","122","383","29","534","981","0","54.43","12.44"
"10","008","00","002","0227","0000","913","421","492","69","982","1630","0","60.25","25.83"
"10","008","00","002","0227","0116","388","274","114","41","429","725","0","59.17","37.79"
"10","008","00","002","0227","0117","525","147","378","28","553","905","0","61.1","16.24"
"10","008","00","002","0228","0000","1312","343","969","100","1412","2588","0","54.56","13.25"
"10","008","00","002","0228","0118","603","174","429","42","645","1179","0","54.71","14.76"
"10","008","00","002","0228","0119","472","111","361","26","498","944","0","52.75","11.76"
"10","008","00","002","0228","0120","237","58","179","32","269","465","0","57.85","12.47"
"10","008","00","002","0229","0000","739","212","527","81","820","1622","0","50.55","13.07"
"10","008","00","002","0229","0145","607","172","435","65","672","1324","0","50.76","12.99"
"10","008","00","002","0229","0146","132","40","92","16","148","298","0","49.66","13.42"
"10","008","00","002","0230","0000","1938","545","1393","89","2027","3227","0","62.81","16.89"
"10","008","00","002","0230","0108","616","182","434","21","637","1045","0","60.96","17.42"
"10","008","00","002","0230","0109","665","178","487","32","697","1120","0","62.23","15.89"
"10","008","00","002","0230","0110","657","185","472","36","693","1062","0","65.25","17.42"
"10","008","00","002","0231","0000","1663","379","1284","67","1730","2616","0","66.13","14.49"
"10","008","00","002","0231","0088","709","194","515","44","753","1201","0","62.7","16.15"
"10","008","00","002","0231","0089","954","185","769","23","977","1415","0","69.05","13.07"
"10","008","00","002","0232","0000","1747","472","1275","73","1820","3179","0","57.25","14.85"
"10","008","00","002","0232","0111","569","156","413","28","597","1022","0","58.41","15.26"
"10","008","00","002","0232","0112","574","155","419","21","595","1051","0","56.61","14.75"
"10","008","00","002","0232","0113","604","161","443","24","628","1106","0","56.78","14.56"
"10","008","00","002","0233","0000","1225","313","912","45","1270","2165","0","58.66","14.46"
"10","008","00","002","0233","0114","625","155","470","13","638","1098","0","58.11","14.12"
"10","008","00","002","0233","0115","600","158","442","32","632","1067","0","59.23","14.81"
"10","008","00","003","0000","0000","45982","13144","32838","2329","48311","82922","97223","58.26","15.85"
"10","008","00","003","0301","0000","1219","370","849","41","1260","2125","0","59.29","17.41"
"10","008","00","003","0301","0153","611","187","424","19","630","998","0","63.13","18.74"
"10","008","00","003","0301","0154","608","183","425","22","630","1127","0","55.9","16.24"
"10","008","00","003","0302","0000","1136","321","815","72","1208","2077","0","58.16","15.45"
"10","008","00","003","0302","0158","513","131","382","30","543","936","0","58.01","14.0"
"10","008","00","003","0302","0159","623","190","433","42","665","1141","0","58.28","16.65"
"10","008","00","003","0303","0000","688","221","467","19","707","1121","0","63.07","19.71"
"10","008","00","003","0303","0161","688","221","467","19","707","1121","0","63.07","19.71"
"10","008","00","003","0304","0000","3593","971","2622","215","3808","6455","0","58.99","15.04"
"10","008","00","003","0304","0164","652","149","503","44","696","1267","0","54.93","11.76"
"10","008","00","003","0304","0165","666","190","476","56","722","1214","0","59.47","15.65"
"10","008","00","003","0304","0166","698","187","511","52","750","1259","0","59.57","14.85"
"10","008","00","003","0304","0167","843","265","578","32","875","1442","0","60.68","18.38"
"10","008","00","003","0304","0168","734","180","554","31","765","1273","0","60.09","14.14"
"10","008","00","003","0305","0000","4315","1276","3039","156","4471","7422","0","60.24","17.19"
"10","008","00","003","0305","0169","635","199","436","24","659","1145","0","57.55","17.38"
"10","008","00","003","0305","0170","704","192","512","20","724","1279","0","56.61","15.01"
"10","008","00","003","0305","0171","630","164","466","23","653","1158","0","56.39","14.16"
"10","008","00","003","0305","0172","847","232","615","32","879","1335","0","65.84","17.38"
"10","008","00","003","0305","0173","737","229","508","30","767","1178","0","65.11","19.44"
"10","008","00","003","0305","0174","762","260","502","27","789","1327","0","59.46","19.59"
"10","008","00","003","0306","0000","3541","1063","2478","146","3687","6403","0","57.58","16.6"
"10","008","00","003","0306","0208","793","246","547","39","832","1466","0","56.75","16.78"
"10","008","00","003","0306","0209","649","180","469","27","676","1180","0","57.29","15.25"
"10","008","00","003","0306","0210","595","175","420","18","613","1006","0","60.93","17.4"
"10","008","00","003","0306","0211","475","142","333","32","507","1000","0","50.7","14.2"
"10","008","00","003","0306","0212","688","214","474","14","702","1128","0","62.23","18.97"
"10","008","00","003","0306","0213","341","106","235","16","357","623","0","57.3","17.01"
"10","008","00","003","0307","0000","3013","890","2123","138","3151","6046","0","52.12","14.72"
"10","008","00","003","0307","0190","659","190","469","17","676","1395","0","48.46","13.62"
"10","008","00","003","0307","0191","654","177","477","29","683","1101","0","62.03","16.08"
"10","008","00","003","0307","0192","677","203","474","22","699","1297","0","53.89","15.65"
"10","008","00","003","0307","0193","392","128","264","20","412","877","0","46.98","14.6"
"10","008","00","003","0307","0194","631","192","439","50","681","1376","0","49.49","13.95"
"10","008","00","003","0308","0000","2337","639","1698","162","2499","4066","0","61.46","15.72"
"10","008","00","003","0308","0195","607","166","441","42","649","1008","0","64.38","16.47"
"10","008","00","003","0308","0196","631","174","457","37","668","1080","0","61.85","16.11"
"10","008","00","003","0308","0197","532","153","379","37","569","1017","0","55.95","15.04"
"10","008","00","003","0308","0198","567","146","421","46","613","961","0","63.79","15.19"
"10","008","00","003","0309","0000","2321","623","1698","90","2411","4392","0","54.9","14.18"
"10","008","00","003","0309","0181","528","145","383","17","545","1048","0","52.0","13.84"
"10","008","00","003","0309","0182","547","135","412","31","578","1009","0","57.28","13.38"
"10","008","00","003","0309","0183","591","147","444","26","617","1138","0","54.22","12.92"
"10","008","00","003","0309","0184","655","196","459","16","671","1197","0","56.06","16.37"
"10","008","00","003","0310","0000","1385","468","917","68","1453","2423","0","59.97","19.31"
"10","008","00","003","0310","0185","777","215","562","34","811","1364","0","59.46","15.76"
"10","008","00","003","0310","0186","608","253","355","34","642","1059","0","60.62","23.89"
"10","008","00","003","0311","0000","1629","453","1176","105","1734","2944","0","58.9","15.39"
"10","008","00","003","0311","0187","627","189","438","34","661","1108","0","59.66","17.06"
"10","008","00","003","0311","0188","474","126","348","31","505","879","0","57.45","14.33"
"10","008","00","003","0311","0189","528","138","390","40","568","957","0","59.35","14.42"
"10","008","00","003","0312","0000","1781","492","1289","67","1848","3143","0","58.8","15.65"
"10","008","00","003","0312","0178","599","155","444","23","622","1121","0","55.49","13.83"
"10","008","00","003","0312","0179","591","163","428","30","621","1043","0","59.54","15.63"
"10","008","00","003","0312","0180","591","174","417","14","605","979","0","61.8","17.77"
"10","008","00","003","0313","0000","1993","542","1451","103","2096","3524","0","59.48","15.38"
"10","008","00","003","0313","0199","675","194","481","38","713","1160","0","61.47","16.72"
"10","008","00","003","0313","0200","632","175","457","31","663","1121","0","59.14","15.61"
"10","008","00","003","0313","0201","686","173","513","34","720","1243","0","57.92","13.92"
"10","008","00","003","0314","0000","1617","519","1098","107","1724","2919","0","59.06","17.78"
"10","008","00","003","0314","0205","545","176","369","42","587","923","0","63.6","19.07"
"10","008","00","003","0314","0206","499","161","338","35","534","970","0","55.05","16.6"
"10","008","00","003","0314","0207","573","182","391","30","603","1026","0","58.77","17.74"
"10","008","00","003","0315","0000","772","188","584","31","803","1518","0","52.9","12.38"
"10","008","00","003","0315","0204","772","188","584","31","803","1518","0","52.9","12.38"
"10","008","00","003","0316","0000","1356","402","954","67","1423","2255","0","63.1","17.83"
"10","008","00","003","0316","0202","530","152","378","28","558","932","0","59.87","16.31"
"10","008","00","003","0316","0203","826","250","576","39","865","1323","0","65.38","18.9"
"10","008","00","003","0317","0000","987","283","704","83","1070","1953","0","54.79","14.49"
"10","008","00","003","0317","0214","382","105","277","37","419","707","0","59.26","14.85"
"10","008","00","003","0317","0215","366","104","262","27","393","719","0","54.66","14.46"
"10","008","00","003","0317","0216","239","74","165","19","258","527","0","48.96","14.04"
"10","008","00","003","0318","0000","1169","344","825","74","1243","2052","0","60.58","16.76"
"10","008","00","003","0318","0217","659","199","460","49","708","1183","0","59.85","16.82"
"10","008","00","003","0318","0218","510","145","365","25","535","869","0","61.57","16.69"
"10","008","00","003","0319","0000","2211","669","1542","116","2327","4114","0","56.56","16.26"
"10","008","00","003","0319","0219","564","197","367","20","584","1132","0","51.59","17.4"
"10","008","00","003","0319","0220","529","147","382","39","568","949","0","59.85","15.49"
"10","008","00","003","0319","0221","558","157","401","26","584","965","0","60.52","16.27"
"10","008","00","003","0319","0222","560","168","392","31","591","1068","0","55.34","15.73"
"10","008","00","003","0320","0000","841","203","638","50","891","1659","0","53.71","12.24"
"10","008","00","003","0320","0224","336","71","265","18","354","642","0","55.14","11.06"
"10","008","00","003","0320","0225","505","132","373","32","537","1017","0","52.8","12.98"
"10","008","00","003","0321","0000","572","153","419","51","623","1024","0","60.84","14.94"
"10","008","00","003","0321","0223","572","153","419","51","623","1024","0","60.84","14.94"
"10","008","00","003","0322","0000","1245","327","918","74","1319","2276","0","57.95","14.37"
"10","008","00","003","0322","0227","613","167","446","41","654","1170","0","55.9","14.27"
"10","008","00","003","0322","0228","632","160","472","33","665","1106","0","60.13","14.47"
"10","008","00","003","0323","0000","605","143","462","20","625","1092","0","57.23","13.1"
"10","008","00","003","0323","0226","605","143","462","20","625","1092","0","57.23","13.1"
"10","008","00","003","0324","0000","420","135","285","25","445","705","0","63.12","19.15"
"10","008","00","003","0324","0160","420","135","285","25","445","705","0","63.12","19.15"
"10","008","00","003","0325","0000","1336","402","934","66","1402","2278","0","61.55","17.65"
"10","008","00","003","0325","0162","557","153","404","25","582","877","0","66.36","17.45"
"10","008","00","003","0325","0163","779","249","530","41","820","1401","0","58.53","17.77"
"10","008","00","003","0326","0000","2073","541","1532","103","2176","3796","0","57.32","14.25"
"10","008","00","003","0326","0155","732","203","529","30","762","1401","0","54.39","14.49"
"10","008","00","003","0326","0156","596","168","428","30","626","1110","0","56.4","15.14"
"10","008","00","003","0326","0157","745","170","575","43","788","1285","0","61.32","13.23"
"10","008","00","003","0327","0000","1827","506","1321","80","1907","3140","0","60.73","16.11"
"10","008","00","003","0327","0175","585","165","420","21","606","1000","0","60.6","16.5"
"10","008","00","003","0327","0176","694","198","496","37","731","1257","0","58.15","15.75"
"10","008","00","003","0327","0177","548","143","405","22","570","883","0","64.55","16.19"
"10","008","00","004","0000","0000","24395","6548","17847","1714","26109","47034","54689","55.51","13.92"
"10","008","00","004","0401","0000","1147","310","837","88","1235","2020","0","61.14","15.35"
"10","008","00","004","0401","0229","661","174","487","42","703","1170","0","60.09","14.87"
"10","008","00","004","0401","0230","486","136","350","46","532","850","0","62.59","16.0"
"10","008","00","004","0402","0000","318","77","241","24","342","621","0","55.07","12.4"
"10","008","00","004","0402","0231","318","77","241","24","342","621","0","55.07","12.4"
"10","008","00","004","0403","0000","2337","604","1733","162","2499","4505","0","55.47","13.41"
"10","008","00","004","0403","0232","488","146","342","30","518","905","0","57.24","16.13"
"10","008","00","004","0403","0233","515","123","392","41","556","1099","0","50.59","11.19"
"10","008","00","004","0403","0234","604","126","478","42","646","1214","0","53.21","10.38"
"10","008","00","004","0403","0235","730","209","521","49","779","1287","0","60.53","16.24"
"10","008","00","004","0404","0000","1920","549","1371","122","2042","3587","0","56.93","15.31"
"10","008","00","004","0404","0236","626","164","462","46","672","1191","0","56.42","13.77"
"10","008","00","004","0404","0237","581","173","408","53","634","1118","0","56.71","15.47"
"10","008","00","004","0404","0238","713","212","501","23","736","1278","0","57.59","16.59"
"10","008","00","004","0405","0000","965","274","691","59","1024","1715","0","59.71","15.98"
"10","008","00","004","0405","0270","460","133","327","28","488","793","0","61.54","16.77"
"10","008","00","004","0405","0271","505","141","364","31","536","922","0","58.13","15.29"
"10","008","00","004","0406","0000","651","188","463","40","691","1193","0","57.92","15.76"
"10","008","00","004","0406","0244","297","86","211","24","321","511","0","62.82","16.83"
"10","008","00","004","0406","0245","354","102","252","16","370","682","0","54.25","14.96"
"10","008","00","004","0407","0000","1929","520","1409","115","2044","3710","0","55.09","14.02"
"10","008","00","004","0407","0241","704","203","501","39","743","1308","0","56.8","15.52"
"10","008","00","004","0407","0242","691","175","516","34","725","1358","0","53.39","12.89"
"10","008","00","004","0407","0243","534","142","392","42","576","1044","0","55.17","13.6"
"10","008","00","004","0408","0000","467","132","335","24","491","989","0","49.65","13.35"
"10","008","00","004","0408","0246","467","132","335","24","491","989","0","49.65","13.35"
"10","008","00","004","0409","0000","722","169","553","39","761","1378","0","55.22","12.26"
"10","008","00","004","0409","0247","722","169","553","39","761","1378","0","55.22","12.26"
"10","008","00","004","0410","0000","410","75","335","29","439","875","0","50.17","8.57"
"10","008","00","004","0410","0272","174","34","140","21","195","366","0","53.28","9.29"
"10","008","00","004","0410","0273","236","41","195","8","244","509","0","47.94","8.06"
"10","008","00","004","0411","0000","1497","405","1092","101","1598","2882","0","55.45","14.05"
"10","008","00","004","0411","0260","717","200","517","49","766","1320","0","58.03","15.15"
"10","008","00","004","0411","0261","493","141","352","30","523","967","0","54.08","14.58"
"10","008","00","004","0411","0262","287","64","223","22","309","595","0","51.93","10.76"
"10","008","00","004","0412","0000","777","227","550","78","855","1729","0","49.45","13.13"
"10","008","00","004","0412","0258","410","104","306","23","433","908","0","47.69","11.45"
"10","008","00","004","0412","0259","367","123","244","55","422","821","0","51.4","14.98"
"10","008","00","004","0413","0000","422","111","311","55","477","859","0","55.53","12.92"
"10","008","00","004","0413","0263","422","111","311","55","477","859","0","55.53","12.92"
"10","008","00","004","0414","0000","2690","754","1936","147","2837","4873","0","58.22","15.47"
"10","008","00","004","0414","0251","764","222","542","43","807","1437","0","56.16","15.45"
"10","008","00","004","0414","0252","736","199","537","39","775","1286","0","60.26","15.47"
"10","008","00","004","0414","0253","622","158","464","34","656","1080","0","60.74","14.63"
"10","008","00","004","0414","0254","568","175","393","31","599","1070","0","55.98","16.36"
"10","008","00","004","0415","0000","932","259","673","86","1018","1845","0","55.18","14.04"
"10","008","00","004","0415","0264","595","164","431","53","648","1196","0","54.18","13.71"
"10","008","00","004","0415","0265","337","95","242","33","370","649","0","57.01","14.64"
"10","008","00","004","0416","0000","706","197","509","47","753","1341","0","56.15","14.69"
"10","008","00","004","0416","0266","706","197","509","47","753","1341","0","56.15","14.69"
"10","008","00","004","0417","0000","579","143","436","53","632","1222","0","51.72","11.7"
"10","008","00","004","0417","0267","579","143","436","53","632","1222","0","51.72","11.7"
"10","008","00","004","0418","0000","330","93","237","19","349","602","0","57.97","15.45"
"10","008","00","004","0418","0268","330","93","237","19","349","602","0","57.97","15.45"
"10","008","00","004","0419","0000","198","41","157","13","211","430","0","49.07","9.53"
"10","008","00","004","0419","0250","198","41","157","13","211","430","0","49.07","9.53"
"10","008","00","004","0420","0000","324","90","234","22","346","617","0","56.08","14.59"
"10","008","00","004","0420","0269","324","90","234","22","346","617","0","56.08","14.59"
"10","008","00","004","0421","0000","336","93","243","25","361","599","0","60.27","15.53"
"10","008","00","004","0421","0274","103","20","83","6","109","193","0","56.48","10.36"
"10","008","00","004","0421","0275","233","73","160","19","252","406","0","62.07","17.98"
"10","008","00","004","0422","0000","338","87","251","32","370","802","0","46.13","10.85"
"10","008","00","004","0422","0276","229","62","167","23","252","495","0","50.91","12.53"
"10","008","00","004","0422","0277","109","25","84","9","118","307","0","38.44","8.14"
"10","008","00","004","0423","0000","282","63","219","32","314","577","0","54.42","10.92"
"10","008","00","004","0423","0279","282","63","219","32","314","577","0","54.42","10.92"
"10","008","00","004","0424","0000","204","38","166","33","237","440","0","53.86","8.64"
"10","008","00","004","0424","0278","204","38","166","33","237","440","0","53.86","8.64"
"10","008","00","004","0425","0000","319","74","245","41","360","889","0","40.49","8.32"
"10","008","00","004","0425","0280","182","43","139","30","212","486","0","43.62","8.85"
"10","008","00","004","0425","0281","137","31","106","11","148","403","0","36.72","7.69"
"10","008","00","004","0426","0000","384","104","280","23","407","696","0","58.48","14.94"
"10","008","00","004","0426","0248","117","33","84","2","119","217","0","54.84","15.21"
"10","008","00","004","0426","0249","267","71","196","21","288","479","0","60.13","14.82"
"10","008","00","004","0427","0000","1965","492","1473","113","2078","3642","0","57.06","13.51"
"10","008","00","004","0427","0255","718","187","531","32","750","1295","0","57.92","14.44"
"10","008","00","004","0427","0256","563","128","435","37","600","1047","0","57.31","12.23"
"10","008","00","004","0427","0257","684","177","507","44","728","1300","0","56.0","13.62"
"10","008","00","004","0428","0000","1246","379","867","92","1338","2396","0","55.84","15.82"
"10","008","00","004","0428","0239","633","200","433","43","676","1153","0","58.63","17.35"
"10","008","00","004","0428","0240","613","179","434","49","662","1243","0","53.26","14.4"
"10","008","00","005","0000","0000","5194","1468","3726","385","5579","9611","10871","58.05","15.27"
"10","008","00","005","0501","0000","623","165","458","33","656","1070","0","61.31","15.42"
"10","008","00","005","0501","0282","623","165","458","33","656","1070","0","61.31","15.42"
"10","008","00","005","0502","0000","519","129","390","40","559","918","0","60.89","14.05"
"10","008","00","005","0502","0283","519","129","390","40","559","918","0","60.89","14.05"
"10","008","00","005","0503","0000","322","94","228","33","355","581","0","61.1","16.18"
"10","008","00","005","0503","0284","322","94","228","33","355","581","0","61.1","16.18"
"10","008","00","005","0504","0000","668","176","492","48","716","1194","0","59.97","14.74"
"10","008","00","005","0504","0285","668","176","492","48","716","1194","0","59.97","14.74"
"10","008","00","005","0505","0000","207","59","148","15","222","488","0","45.49","12.09"
"10","008","00","005","0505","0286","207","59","148","15","222","488","0","45.49","12.09"
"10","008","00","005","0506","0000","284","75","209","29","313","504","0","62.1","14.88"
"10","008","00","005","0506","0287","284","75","209","29","313","504","0","62.1","14.88"
"10","008","00","005","0507","0000","490","135","355","73","563","910","0","61.87","14.84"
"10","008","00","005","0507","0288","490","135","355","73","563","910","0","61.87","14.84"
"10","008","00","005","0508","0000","831","259","572","52","883","1482","0","59.58","17.48"
"10","008","00","005","0508","0289","445","134","311","36","481","773","0","62.23","17.34"
"10","008","00","005","0508","0290","386","125","261","16","402","709","0","56.7","17.63"
"10","008","00","005","0509","0000","537","166","371","16","553","960","0","57.6","17.29"
"10","008","00","005","0509","0291","537","166","371","16","553","960","0","57.6","17.29"
"10","008","00","005","0510","0000","258","67","191","13","271","582","0","46.56","11.51"
"10","008","00","005","0510","0294","258","67","191","13","271","582","0","46.56","11.51"
"10","008","00","005","0511","0000","455","143","312","33","488","922","0","52.93","15.51"
"10","008","00","005","0511","0292","256","76","180","20","276","503","0","54.87","15.11"
"10","008","00","005","0511","0293","199","67","132","13","212","419","0","50.6","15.99"
"10","008","00","006","0000","0000","18759","5059","13700","1355","20114","33408","38376","60.21","15.14"
"10","008","00","006","0601","0000","680","189","491","51","731","1050","0","69.62","18.0"
"10","008","00","006","0601","0295","680","189","491","51","731","1050","0","69.62","18.0"
"10","008","00","006","0602","0000","1983","495","1488","134","2117","3405","0","62.17","14.54"
"10","008","00","006","0602","0296","508","130","378","48","556","920","0","60.43","14.13"
"10","008","00","006","0602","0297","449","102","347","29","478","727","0","65.75","14.03"
"10","008","00","006","0602","0298","533","133","400","21","554","861","0","64.34","15.45"
"10","008","00","006","0602","0299","493","130","363","36","529","897","0","58.97","14.49"
"10","008","00","006","0603","0000","1254","331","923","92","1346","2239","0","60.12","14.78"
"10","008","00","006","0603","0300","609","157","452","40","649","1055","0","61.52","14.88"
"10","008","00","006","0603","0301","645","174","471","52","697","1184","0","58.87","14.7"
"10","008","00","006","0604","0000","866","215","651","69","935","1564","0","59.78","13.75"
"10","008","00","006","0604","0302","409","109","300","37","446","783","0","56.96","13.92"
"10","008","00","006","0604","0303","457","106","351","32","489","781","0","62.61","13.57"
"10","008","00","006","0605","0000","537","158","379","36","573","1015","0","56.45","15.57"
"10","008","00","006","0605","0305","537","158","379","36","573","1015","0","56.45","15.57"
"10","008","00","006","0606","0000","525","141","384","36","561","977","0","57.42","14.43"
"10","008","00","006","0606","0304","525","141","384","36","561","977","0","57.42","14.43"
"10","008","00","006","0607","0000","2362","737","1625","134","2496","4234","0","58.95","17.41"
"10","008","00","006","0607","0306","530","142","388","33","563","914","0","61.6","15.54"
"10","008","00","006","0607","0307","547","170","377","14","561","1028","0","54.57","16.54"
"10","008","00","006","0607","0308","583","145","438","33","616","1018","0","60.51","14.24"
"10","008","00","006","0607","0309","702","280","422","54","756","1274","0","59.34","21.98"
"10","008","00","006","0608","0000","982","249","733","66","1048","1650","0","63.52","15.09"
"10","008","00","006","0608","0310","427","112","315","29","456","755","0","60.4","14.83"
"10","008","00","006","0608","0311","555","137","418","37","592","895","0","66.15","15.31"
"10","008","00","006","0609","0000","505","142","363","47","552","951","0","58.04","14.93"
"10","008","00","006","0609","0313","505","142","363","47","552","951","0","58.04","14.93"
"10","008","00","006","0610","0000","681","153","528","45","726","1261","0","57.57","12.13"
"10","008","00","006","0610","0314","681","153","528","45","726","1261","0","57.57","12.13"
"10","008","00","006","0611","0000","1033","267","766","87","1120","1829","0","61.24","14.6"
"10","008","00","006","0611","0316","540","143","397","45","585","962","0","60.81","14.86"
"10","008","00","006","0611","0317","493","124","369","42","535","867","0","61.71","14.3"
"10","008","00","006","0612","0000","507","163","344","61","568","930","0","61.08","17.53"
"10","008","00","006","0612","0318","507","163","344","61","568","930","0","61.08","17.53"
"10","008","00","006","0613","0000","411","117","294","33","444","768","0","57.81","15.23"
"10","008","00","006","0613","0315","411","117","294","33","444","768","0","57.81","15.23"
"10","008","00","006","0614","0000","509","162","347","52","561","931","0","60.26","17.4"
"10","008","00","006","0614","0321","509","162","347","52","561","931","0","60.26","17.4"
"10","008","00","006","0615","0000","613","151","462","57","670","1171","0","57.22","12.89"
"10","008","00","006","0615","0319","348","91","257","40","388","641","0","60.53","14.2"
"10","008","00","006","0615","0320","265","60","205","17","282","530","0","53.21","11.32"
"10","008","00","006","0616","0000","895","225","670","70","965","1570","0","61.46","14.33"
"10","008","00","006","0616","0322","629","154","475","41","670","1127","0","59.45","13.66"
"10","008","00","006","0616","0323","266","71","195","29","295","443","0","66.59","16.03"
"10","008","00","006","0617","0000","861","234","627","68","929","1491","0","62.31","15.69"
"10","008","00","006","0617","0324","499","126","373","35","534","870","0","61.38","14.48"
"10","008","00","006","0617","0325","362","108","254","33","395","621","0","63.61","17.39"
"10","008","00","006","0618","0000","617","176","441","26","643","1179","0","54.54","14.93"
"10","008","00","006","0618","0326","617","176","441","26","643","1179","0","54.54","14.93"
"10","008","00","006","0619","0000","569","135","434","27","596","876","0","68.04","15.41"
"10","008","00","006","0619","0328","569","135","434","27","596","876","0","68.04","15.41"
"10","008","00","006","0620","0000","527","149","378","36","563","881","0","63.9","16.91"
"10","008","00","006","0620","0327","527","149","378","36","563","881","0","63.9","16.91"
"10","008","00","006","0621","0000","442","107","335","34","476","783","0","60.79","13.67"
"10","008","00","006","0621","0329","442","107","335","34","476","783","0","60.79","13.67"
"10","008","00","006","0622","0000","895","225","670","72","967","1761","0","54.91","12.78"
"10","008","00","006","0622","0330","392","84","308","32","424","778","0","54.5","10.8"
"10","008","00","006","0622","0331","503","141","362","40","543","983","0","55.24","14.34"
"10","008","00","006","0623","0000","505","138","367","22","527","892","0","59.08","15.47"
"10","008","00","006","0623","0312","505","138","367","22","527","892","0","59.08","15.47"
"10","008","00","007","0000","0000","7972","2541","5431","552","8524","15941","17698","53.47","15.94"
"10","008","00","007","0701","0000","960","461","499","65","1025","1874","0","54.7","24.6"
"10","008","00","007","0701","0332","452","94","358","32","484","934","0","51.82","10.06"
"10","008","00","007","0701","0333","508","367","141","33","541","940","0","57.55","39.04"
"10","008","00","007","0702","0000","572","183","389","40","612","1430","0","42.8","12.8"
"10","008","00","007","0702","0348","255","99","156","19","274","713","0","38.43","13.88"
"10","008","00","007","0702","0349","317","84","233","21","338","717","0","47.14","11.72"
"10","008","00","007","0703","0000","632","203","429","43","675","1303","0","51.8","15.58"
"10","008","00","007","0703","0334","432","135","297","25","457","852","0","53.64","15.85"
"10","008","00","007","0703","0335","200","68","132","18","218","451","0","48.34","15.08"
"10","008","00","007","0704","0000","1150","500","650","58","1208","1952","0","61.89","25.61"
"10","008","00","007","0704","0336","476","331","145","20","496","810","0","61.23","40.86"
"10","008","00","007","0704","0337","674","169","505","38","712","1142","0","62.35","14.8"
"10","008","00","007","0705","0000","525","137","388","49","574","1045","0","54.93","13.11"
"10","008","00","007","0705","0342","272","73","199","23","295","578","0","51.04","12.63"
"10","008","00","007","0705","0343","253","64","189","26","279","467","0","59.74","13.7"
"10","008","00","007","0706","0000","760","177","583","57","817","1507","0","54.21","11.75"
"10","008","00","007","0706","0345","359","93","266","25","384","740","0","51.89","12.57"
"10","008","00","007","0706","0346","401","84","317","32","433","767","0","56.45","10.95"
"10","008","00","007","0707","0000","495","114","381","36","531","909","0","58.42","12.54"
"10","008","00","007","0707","0347","495","114","381","36","531","909","0","58.42","12.54"
"10","008","00","007","0708","0000","325","66","259","21","346","622","0","55.63","10.61"
"10","008","00","007","0708","0344","325","66","259","21","346","622","0","55.63","10.61"
"10","008","00","007","0709","0000","682","199","483","54","736","1392","0","52.87","14.3"
"10","008","00","007","0709","0340","428","129","299","32","460","811","0","56.72","15.91"
"10","008","00","007","0709","0341","254","70","184","22","276","581","0","47.5","12.05"
"10","008","00","007","0710","0000","841","213","628","57","898","1650","0","54.42","12.91"
"10","008","00","007","0710","0338","364","98","266","16","380","766","0","49.61","12.79"
"10","008","00","007","0710","0339","477","115","362","41","518","884","0","58.6","13.01"
"10","008","00","007","0711","0000","377","105","272","31","408","794","0","51.39","13.22"
"10","008","00","007","0711","0350","377","105","272","31","408","794","0","51.39","13.22"
"10","008","00","007","0712","0000","350","100","250","14","364","726","0","50.14","13.77"
"10","008","00","007","0712","0351","350","100","250","14","364","726","0","50.14","13.77"
"10","008","00","007","0713","0000","303","83","220","27","330","737","0","44.78","11.26"
"10","008","00","007","0713","0352","303","83","220","27","330","737","0","44.78","11.26"
"10","008","00","008","0000","0000","7119","1881","5238","518","7637","13181","14734","57.94","14.27"
"10","008","00","008","0801","0000","479","128","351","28","507","822","0","61.68","15.57"
"10","008","00","008","0801","0353","479","128","351","28","507","822","0","61.68","15.57"
"10","008","00","008","0802","0000","233","63","170","17","250","474","0","52.74","13.29"
"10","008","00","008","0802","0354","142","39","103","13","155","253","0","61.26","15.42"
"10","008","00","008","0802","0355","91","24","67","4","95","221","0","42.99","10.86"
"10","008","00","008","0803","0000","388","97","291","15","403","780","0","51.67","12.44"
"10","008","00","008","0803","0356","161","39","122","6","167","353","0","47.31","11.05"
"10","008","00","008","0803","0357","227","58","169","9","236","427","0","55.27","13.58"
"10","008","00","008","0804","0000","376","71","305","27","403","661","0","60.97","10.74"
"10","008","00","008","0804","0360","376","71","305","27","403","661","0","60.97","10.74"
"10","008","00","008","0805","0000","358","72","286","35","393","713","0","55.12","10.1"
"10","008","00","008","0805","0358","221","45","176","11","232","406","0","57.14","11.08"
"10","008","00","008","0805","0359","137","27","110","24","161","307","0","52.44","8.79"
"10","008","00","008","0806","0000","973","282","691","58","1031","1727","0","59.7","16.33"
"10","008","00","008","0806","0362","537","163","374","38","575","973","0","59.1","16.75"
"10","008","00","008","0806","0363","436","119","317","20","456","754","0","60.48","15.78"
"10","008","00","008","0807","0000","183","50","133","10","193","290","0","66.55","17.24"
"10","008","00","008","0807","0361","183","50","133","10","193","290","0","66.55","17.24"
"10","008","00","008","0808","0000","343","73","270","25","368","662","0","55.59","11.03"
"10","008","00","008","0808","0364","343","73","270","25","368","662","0","55.59","11.03"
"10","008","00","008","0809","0000","226","41","185","10","236","490","0","48.16","8.37"
"10","008","00","008","0809","0365","226","41","185","10","236","490","0","48.16","8.37"
"10","008","00","008","0810","0000","705","172","533","46","751","1325","0","56.68","12.98"
"10","008","00","008","0810","0366","161","40","121","15","176","335","0","52.54","11.94"
"10","008","00","008","0810","0367","544","132","412","31","575","990","0","58.08","13.33"
"10","008","00","008","0811","0000","638","156","482","39","677","1075","0","62.98","14.51"
"10","008","00","008","0811","0368","275","58","217","21","296","461","0","64.21","12.58"
"10","008","00","008","0811","0369","363","98","265","18","381","614","0","62.05","15.96"
"10","008","00","008","0812","0000","469","113","356","43","512","895","0","57.21","12.63"
"10","008","00","008","0812","0370","469","113","356","43","512","895","0","57.21","12.63"
"10","008","00","008","0813","0000","357","106","251","45","402","682","0","58.94","15.54"
"10","008","00","008","0813","0372","357","106","251","45","402","682","0","58.94","15.54"
"10","008","00","008","0814","0000","359","82","277","35","394","643","0","61.28","12.75"
"10","008","00","008","0814","0374","359","82","277","35","394","643","0","61.28","12.75"
"10","008","00","008","0815","0000","246","57","189","19","265","528","0","50.19","10.8"
"10","008","00","008","0815","0376","246","57","189","19","265","528","0","50.19","10.8"
"10","008","00","008","0816","0000","239","57","182","26","265","465","0","56.99","12.26"
"10","008","00","008","0816","0371","239","57","182","26","265","465","0","56.99","12.26"
"10","008","00","008","0817","0000","269","60","209","15","284","459","0","61.87","13.07"
"10","008","00","008","0817","0375","269","60","209","15","284","459","0","61.87","13.07"
"10","008","00","008","0818","0000","278","201","77","25","303","490","0","61.84","41.02"
"10","008","00","008","0818","0373","278","201","77","25","303","490","0","61.84","41.02"
"10","008","00","009","0000","0000","7119","2215","4904","507","7626","13958","15823","54.64","15.87"
"10","008","00","009","0901","0000","835","218","617","60","895","1580","0","56.65","13.8"
"10","008","00","009","0901","0379","361","91","270","26","387","720","0","53.75","12.64"
"10","008","00","009","0901","0380","474","127","347","34","508","860","0","59.07","14.77"
"10","008","00","009","0902","0000","1094","340","754","86","1180","2020","0","58.42","16.83"
"10","008","00","009","0902","0377","494","150","344","37","531","922","0","57.59","16.27"
"10","008","00","009","0902","0378","600","190","410","49","649","1098","0","59.11","17.3"
"10","008","00","009","0903","0000","451","234","217","45","496","1017","0","48.77","23.01"
"10","008","00","009","0903","0394","247","173","74","25","272","578","0","47.06","29.93"
"10","008","00","009","0903","0395","204","61","143","20","224","439","0","51.03","13.9"
"10","008","00","009","0904","0000","711","188","523","57","768","1386","0","55.41","13.56"
"10","008","00","009","0904","0387","417","104","313","26","443","841","0","52.68","12.37"
"10","008","00","009","0904","0388","154","52","102","16","170","270","0","62.96","19.26"
"10","008","00","009","0904","0389","140","32","108","15","155","275","0","56.36","11.64"
"10","008","00","009","0905","0000","519","126","393","35","554","1088","0","50.92","11.58"
"10","008","00","009","0905","0381","239","50","189","24","263","514","0","51.17","9.73"
"10","008","00","009","0905","0382","280","76","204","11","291","574","0","50.7","13.24"
"10","008","00","009","0906","0000","627","173","454","49","676","1249","0","54.12","13.85"
"10","008","00","009","0906","0383","627","173","454","49","676","1249","0","54.12","13.85"
"10","008","00","009","0907","0000","548","143","405","28","576","992","0","58.06","14.42"
"10","008","00","009","0907","0384","189","49","140","5","194","293","0","66.21","16.72"
"10","008","00","009","0907","0385","262","67","195","17","279","513","0","54.39","13.06"
"10","008","00","009","0907","0386","97","27","70","6","103","186","0","55.38","14.52"
"10","008","00","009","0908","0000","314","78","236","14","328","674","0","48.66","11.57"
"10","008","00","009","0908","0390","123","26","97","8","131","282","0","46.45","9.22"
"10","008","00","009","0908","0391","191","52","139","6","197","392","0","50.26","13.27"
"10","008","00","009","0909","0000","369","94","275","35","404","732","0","55.19","12.84"
"10","008","00","009","0909","0392","278","76","202","28","306","556","0","55.04","13.67"
"10","008","00","009","0909","0393","91","18","73","7","98","176","0","55.68","10.23"
"10","008","00","009","0910","0000","471","123","348","25","496","844","0","58.77","14.57"
"10","008","00","009","0910","0396","471","123","348","25","496","844","0","58.77","14.57"
"10","008","00","009","0911","0000","470","129","341","27","497","942","0","52.76","13.69"
"10","008","00","009","0911","0398","180","44","136","10","190","405","0","46.91","10.86"
"10","008","00","009","0911","0399","290","85","205","17","307","537","0","57.17","15.83"
"10","008","00","009","0912","0000","263","52","211","24","287","566","0","50.71","9.19"
"10","008","00","009","0912","0400","169","35","134","14","183","335","0","54.63","10.45"
"10","008","00","009","0912","0401","94","17","77","10","104","231","0","45.02","7.36"
"10","008","00","009","0913","0000","447","317","130","22","469","868","0","54.03","36.52"
"10","008","00","009","0913","0397","447","317","130","22","469","868","0","54.03","36.52"
"10","008","00","010","0000","0000","8791","2278","6513","613","9404","16597","18699","56.66","13.73"
"10","008","00","010","1001","0000","940","206","734","79","1019","1700","0","59.94","12.12"
"10","008","00","010","1001","0402","547","118","429","56","603","964","0","62.55","12.24"
"10","008","00","010","1001","0403","393","88","305","23","416","736","0","56.52","11.96"
"10","008","00","010","1002","0000","963","234","729","65","1028","1765","0","58.24","13.26"
"10","008","00","010","1002","0404","427","89","338","48","475","801","0","59.3","11.11"
"10","008","00","010","1002","0405","536","145","391","17","553","964","0","57.37","15.04"
"10","008","00","010","1003","0000","359","94","265","27","386","686","0","56.27","13.7"
"10","008","00","010","1003","0406","359","94","265","27","386","686","0","56.27","13.7"
"10","008","00","010","1004","0000","935","226","709","51","986","1880","0","52.45","12.02"
"10","008","00","010","1004","0411","539","124","415","36","575","1012","0","56.82","12.25"
"10","008","00","010","1004","0412","396","102","294","15","411","868","0","47.35","11.75"
"10","008","00","010","1005","0000","690","332","358","51","741","1391","0","53.27","23.87"
"10","008","00","010","1005","0407","341","253","88","21","362","661","0","54.77","38.28"
"10","008","00","010","1005","0408","349","79","270","30","379","730","0","51.92","10.82"
"10","008","00","010","1006","0000","401","101","300","18","419","706","0","59.35","14.31"
"10","008","00","010","1006","0410","401","101","300","18","419","706","0","59.35","14.31"
"10","008","00","010","1007","0000","1031","242","789","65","1096","1855","0","59.08","13.05"
"10","008","00","010","1007","0413","538","122","416","23","561","918","0","61.11","13.29"
"10","008","00","010","1007","0414","493","120","373","42","535","937","0","57.1","12.81"
"10","008","00","010","1008","0000","408","95","313","42","450","815","0","55.21","11.66"
"10","008","00","010","1008","0415","408","95","313","42","450","815","0","55.21","11.66"
"10","008","00","010","1009","0000","651","159","492","35","686","1134","0","60.49","14.02"
"10","008","00","010","1009","0416","651","159","492","35","686","1134","0","60.49","14.02"
"10","008","00","010","1010","0000","838","229","609","55","893","1543","0","57.87","14.84"
"10","008","00","010","1010","0418","621","174","447","35","656","1095","0","59.91","15.89"
"10","008","00","010","1010","0419","217","55","162","20","237","448","0","52.9","12.28"
"10","008","00","010","1011","0000","807","163","644","64","871","1634","0","53.3","9.98"
"10","008","00","010","1011","0420","524","102","422","47","571","1064","0","53.67","9.59"
"10","008","00","010","1011","0421","283","61","222","17","300","570","0","52.63","10.7"
"10","008","00","010","1012","0000","370","95","275","24","394","714","0","55.18","13.31"
"10","008","00","010","1012","0417","370","95","275","24","394","714","0","55.18","13.31"
"10","008","00","010","1013","0000","398","102","296","37","435","774","0","56.2","13.18"
"10","008","00","010","1013","0409","398","102","296","37","435","774","0","56.2","13.18"
"10","008","00","011","0000","0000","8096","2209","5887","564","8660","15458","17582","56.02","14.29"
"10","008","00","011","1101","0000","396","91","305","27","423","757","0","55.88","12.02"
"10","008","00","011","1101","0422","396","91","305","27","423","757","0","55.88","12.02"
"10","008","00","011","1102","0000","282","75","207","12","294","480","0","61.25","15.63"
"10","008","00","011","1102","0427","282","75","207","12","294","480","0","61.25","15.63"
"10","008","00","011","1103","0000","814","227","587","79","893","1553","0","57.5","14.62"
"10","008","00","011","1103","0423","279","68","211","35","314","554","0","56.68","12.27"
"10","008","00","011","1103","0424","535","159","376","44","579","999","0","57.96","15.92"
"10","008","00","011","1104","0000","319","80","239","19","338","616","0","54.87","12.99"
"10","008","00","011","1104","0425","319","80","239","19","338","616","0","54.87","12.99"
"10","008","00","011","1105","0000","501","134","367","24","525","875","0","60.0","15.31"
"10","008","00","011","1105","0426","501","134","367","24","525","875","0","60.0","15.31"
"10","008","00","011","1106","0000","559","142","417","28","587","1004","0","58.47","14.14"
"10","008","00","011","1106","0430","559","142","417","28","587","1004","0","58.47","14.14"
"10","008","00","011","1107","0000","591","213","378","50","641","998","0","64.23","21.34"
"10","008","00","011","1107","0433","591","213","378","50","641","998","0","64.23","21.34"
"10","008","00","011","1108","0000","752","199","553","57","809","1389","0","58.24","14.33"
"10","008","00","011","1108","0434","405","126","279","38","443","800","0","55.38","15.75"
"10","008","00","011","1108","0435","347","73","274","19","366","589","0","62.14","12.39"
"10","008","00","011","1109","0000","603","155","448","32","635","1217","0","52.18","12.74"
"10","008","00","011","1109","0437","603","155","448","32","635","1217","0","52.18","12.74"
"10","008","00","011","1110","0000","229","68","161","19","248","450","0","55.11","15.11"
"10","008","00","011","1110","0428","229","68","161","19","248","450","0","55.11","15.11"
"10","008","00","011","1111","0000","323","91","232","32","355","643","0","55.21","14.15"
"10","008","00","011","1111","0429","323","91","232","32","355","643","0","55.21","14.15"
"10","008","00","011","1112","0000","79","23","56","3","82","205","0","40.0","11.22"
"10","008","00","011","1112","0438","79","23","56","3","82","205","0","40.0","11.22"
"10","008","00","011","1113","0000","186","42","144","23","209","330","0","63.33","12.73"
"10","008","00","011","1113","0439","186","42","144","23","209","330","0","63.33","12.73"
"10","008","00","011","1114","0000","549","124","425","33","582","1100","0","52.91","11.27"
"10","008","00","011","1114","0440","549","124","425","33","582","1100","0","52.91","11.27"
"10","008","00","011","1115","0000","419","104","315","52","471","887","0","53.1","11.72"
"10","008","00","011","1115","0436","419","104","315","52","471","887","0","53.1","11.72"
"10","008","00","011","1116","0000","139","51","88","1","140","318","0","44.03","16.04"
"10","008","00","011","1116","0442","139","51","88","1","140","318","0","44.03","16.04"
"10","008","00","011","1117","0000","402","99","303","44","446","818","0","54.52","12.1"
"10","008","00","011","1117","0443","402","99","303","44","446","818","0","54.52","12.1"
"10","008","00","011","1118","0000","99","29","70","4","103","275","0","37.45","10.55"
"10","008","00","011","1118","0441","99","29","70","4","103","275","0","37.45","10.55"
"10","008","00","011","1119","0000","854","262","592","25","879","1543","0","56.97","16.98"
"10","008","00","011","1119","0431","397","107","290","13","410","741","0","55.33","14.44"
"10","008","00","011","1119","0432","457","155","302","12","469","802","0","58.48","19.33"
"10","008","00","012","0000","0000","7636","1752","5884","583","8219","13299","16281","61.8","13.17"
"10","008","00","012","1201","0000","700","99","601","67","767","1203","0","63.76","8.23"
"10","008","00","012","1201","0459","580","74","506","58","638","929","0","68.68","7.97"
"10","008","00","012","1201","0460","120","25","95","9","129","274","0","47.08","9.12"
"10","008","00","012","1202","0000","600","98","502","37","637","900","0","70.78","10.89"
"10","008","00","012","1202","0461","600","98","502","37","637","900","0","70.78","10.89"
"10","008","00","012","1203","0000","361","71","290","28","389","560","0","69.46","12.68"
"10","008","00","012","1203","0463","361","71","290","28","389","560","0","69.46","12.68"
"10","008","00","012","1204","0000","775","174","601","81","856","1530","0","55.95","11.37"
"10","008","00","012","1204","0444","612","146","466","67","679","1201","0","56.54","12.16"
"10","008","00","012","1204","0445","163","28","135","14","177","329","0","53.8","8.51"
"10","008","00","012","1205","0000","253","66","187","18","271","516","0","52.52","12.79"
"10","008","00","012","1205","0446","253","66","187","18","271","516","0","52.52","12.79"
"10","008","00","012","1206","0000","348","94","254","25","373","745","0","50.07","12.62"
"10","008","00","012","1206","0447","185","50","135","19","204","424","0","48.11","11.79"
"10","008","00","012","1206","0448","163","44","119","6","169","321","0","52.65","13.71"
"10","008","00","012","1207","0000","731","107","624","26","757","1376","0","55.01","7.78"
"10","008","00","012","1207","0451","731","107","624","26","757","1376","0","55.01","7.78"
"10","008","00","012","1208","0000","880","479","401","61","941","1509","0","62.36","31.74"
"10","008","00","012","1208","0452","522","423","99","25","547","979","0","55.87","43.21"
"10","008","00","012","1208","0453","358","56","302","36","394","530","0","74.34","10.57"
"10","008","00","012","1209","0000","720","168","552","47","767","1425","0","53.82","11.79"
"10","008","00","012","1209","0454","477","121","356","33","510","961","0","53.07","12.59"
"10","008","00","012","1209","0455","243","47","196","14","257","464","0","55.39","10.13"
"10","008","00","012","1210","0000","361","92","269","33","394","666","0","59.16","13.81"
"10","008","00","012","1210","0456","278","68","210","27","305","517","0","58.99","13.15"
"10","008","00","012","1210","0457","83","24","59","6","89","149","0","59.73","16.11"
"10","008","00","012","1211","0000","699","91","608","63","762","1020","0","74.71","8.92"
"10","008","00","012","1211","0458","699","91","608","63","762","1020","0","74.71","8.92"
"10","008","00","012","1212","0000","418","72","346","33","451","617","0","73.1","11.67"
"10","008","00","012","1212","0462","418","72","346","33","451","617","0","73.1","11.67"
"10","008","00","012","1213","0000","402","60","342","36","438","584","0","75.0","10.27"
"10","008","00","012","1213","0450","402","60","342","36","438","584","0","75.0","10.27"
"10","008","00","012","1214","0000","388","81","307","28","416","648","0","64.2","12.5"
"10","008","00","012","1214","0449","388","81","307","28","416","648","0","64.2","12.5"
"10","008","00","013","0000","0000","6804","1833","4971","375","7179","12589","15954","57.03","14.56"
"10","008","00","013","1301","0000","366","78","288","14","380","763","0","49.8","10.22"
"10","008","00","013","1301","0484","366","78","288","14","380","763","0","49.8","10.22"
"10","008","00","013","1302","0000","548","77","471","30","578","889","0","65.02","8.66"
"10","008","00","013","1302","0485","548","77","471","30","578","889","0","65.02","8.66"
"10","008","00","013","1303","0000","663","146","517","49","712","1119","0","63.63","13.05"
"10","008","00","013","1303","0486","403","83","320","35","438","672","0","65.18","12.35"
"10","008","00","013","1303","0487","260","63","197","14","274","447","0","61.3","14.09"
"10","008","00","013","1304","0000","299","238","61","6","305","409","0","74.57","58.19"
"10","008","00","013","1304","0488","299","238","61","6","305","409","0","74.57","58.19"
"10","008","00","013","1305","0000","366","52","314","17","383","509","0","75.25","10.22"
"10","008","00","013","1305","0477","366","52","314","17","383","509","0","75.25","10.22"
"10","008","00","013","1306","0000","449","70","379","33","482","769","0","62.68","9.1"
"10","008","00","013","1306","0474","223","31","192","25","248","384","0","64.58","8.07"
"10","008","00","013","1306","0475","58","7","51","4","62","121","0","51.24","5.79"
"10","008","00","013","1306","0476","168","32","136","4","172","264","0","65.15","12.12"
"10","008","00","013","1307","0000","215","44","171","4","219","597","0","36.68","7.37"
"10","008","00","013","1307","0473","215","44","171","4","219","597","0","36.68","7.37"
"10","008","00","013","1308","0000","534","128","406","27","561","1151","0","48.74","11.12"
"10","008","00","013","1308","0480","274","71","203","19","293","613","0","47.8","11.58"
"10","008","00","013","1308","0481","183","42","141","7","190","404","0","47.03","10.4"
"10","008","00","013","1308","0482","77","15","62","1","78","134","0","58.21","11.19"
"10","008","00","013","1309","0000","894","223","671","42","936","1665","0","56.22","13.39"
"10","008","00","013","1309","0466","438","111","327","17","455","900","0","50.56","12.33"
"10","008","00","013","1309","0467","283","77","206","15","298","460","0","64.78","16.74"
"10","008","00","013","1309","0468","173","35","138","10","183","305","0","60.0","11.48"
"10","008","00","013","1310","0000","658","433","225","40","698","1269","0","55.0","34.12"
"10","008","00","013","1310","0464","523","399","124","25","548","973","0","56.32","41.01"
"10","008","00","013","1310","0465","135","34","101","15","150","296","0","50.68","11.49"
"10","008","00","013","1311","0000","513","96","417","11","524","952","0","55.04","10.08"
"10","008","00","013","1311","0470","513","96","417","11","524","952","0","55.04","10.08"
"10","008","00","013","1312","0000","303","59","244","6","309","679","0","45.51","8.69"
"10","008","00","013","1312","0471","303","59","244","6","309","679","0","45.51","8.69"
"10","008","00","013","1313","0000","374","66","308","34","408","630","0","64.76","10.48"
"10","008","00","013","1313","0483","374","66","308","34","408","630","0","64.76","10.48"
"10","008","00","013","1314","0000","18","2","16","2","20","58","0","34.48","3.45"
"10","008","00","013","1314","0469","18","2","16","2","20","58","0","34.48","3.45"
"10","008","00","013","1315","0000","275","43","232","20","295","507","0","58.19","8.48"
"10","008","00","013","1315","0478","190","26","164","17","207","338","0","61.24","7.69"
"10","008","00","013","1315","0479","85","17","68","3","88","169","0","52.07","10.06"
"10","008","00","013","1316","0000","329","78","251","40","369","623","0","59.23","12.52"
"10","008","00","013","1316","0472","329","78","251","40","369","623","0","59.23","12.52"
"10","009","00","000","0000","0000","279869","83844","196025","22541","302410","584480","687195","51.74","14.35"
"10","009","00","001","0000","0000","49121","14769","34352","2328","51449","89761","108487","57.32","16.45"
"10","009","00","001","0101","0000","793","225","568","50","843","1415","0","59.58","15.9"
"10","009","00","001","0101","0431","793","225","568","50","843","1415","0","59.58","15.9"
"10","009","00","001","0102","0000","649","185","464","29","678","1101","0","61.58","16.8"
"10","009","00","001","0102","0432","649","185","464","29","678","1101","0","61.58","16.8"
"10","009","00","001","0103","0000","346","160","186","13","359","644","0","55.75","24.84"
"10","009","00","001","0103","0411","346","160","186","13","359","644","0","55.75","24.84"
"10","009","00","001","0104","0000","329","96","233","21","350","617","0","56.73","15.56"
"10","009","00","001","0104","0412","329","96","233","21","350","617","0","56.73","15.56"
"10","009","00","001","0105","0000","477","167","310","26","503","764","0","65.84","21.86"
"10","009","00","001","0105","0413","477","167","310","26","503","764","0","65.84","21.86"
"10","009","00","001","0106","0000","469","141","328","21","490","784","0","62.5","17.98"
"10","009","00","001","0106","0414","469","141","328","21","490","784","0","62.5","17.98"
"10","009","00","001","0107","0000","431","126","305","21","452","760","0","59.47","16.58"
"10","009","00","001","0107","0415","431","126","305","21","452","760","0","59.47","16.58"
"10","009","00","001","0108","0000","2600","747","1853","86","2686","4634","0","57.96","16.12"
"10","009","00","001","0108","0422","852","249","603","15","867","1529","0","56.7","16.29"
"10","009","00","001","0108","0423","751","213","538","36","787","1335","0","58.95","15.96"
"10","009","00","001","0108","0424","997","285","712","35","1032","1770","0","58.31","16.1"
"10","009","00","001","0109","0000","1695","505","1190","61","1756","3236","0","54.26","15.61"
"10","009","00","001","0109","0433","887","272","615","37","924","1648","0","56.07","16.5"
"10","009","00","001","0109","0434","808","233","575","24","832","1588","0","52.39","14.67"
"10","009","00","001","0110","0000","1619","439","1180","67","1686","2765","0","60.98","15.88"
"10","009","00","001","0110","0427","683","188","495","32","715","1193","0","59.93","15.76"
"10","009","00","001","0110","0428","936","251","685","35","971","1572","0","61.77","15.97"
"10","009","00","001","0111","0000","1017","326","691","49","1066","1747","0","61.02","18.66"
"10","009","00","001","0111","0449","1017","326","691","49","1066","1747","0","61.02","18.66"
"10","009","00","001","0112","0000","1900","551","1349","63","1963","3513","0","55.88","15.68"
"10","009","00","001","0112","0444","582","179","403","17","599","1097","0","54.6","16.32"
"10","009","00","001","0112","0445","701","181","520","28","729","1262","0","57.77","14.34"
"10","009","00","001","0112","0446","617","191","426","18","635","1154","0","55.03","16.55"
"10","009","00","001","0113","0000","2321","681","1640","91","2412","4188","0","57.59","16.26"
"10","009","00","001","0113","0439","850","244","606","30","880","1421","0","61.93","17.17"
"10","009","00","001","0113","0440","694","210","484","33","727","1261","0","57.65","16.65"
"10","009","00","001","0113","0441","777","227","550","28","805","1506","0","53.45","15.07"
"10","009","00","001","0114","0000","1129","328","801","60","1189","2329","0","51.05","14.08"
"10","009","00","001","0114","0437","560","139","421","34","594","1187","0","50.04","11.71"
"10","009","00","001","0114","0438","569","189","380","26","595","1142","0","52.1","16.55"
"10","009","00","001","0115","0000","416","114","302","18","434","669","0","64.87","17.04"
"10","009","00","001","0115","0453","416","114","302","18","434","669","0","64.87","17.04"
"10","009","00","001","0116","0000","1175","353","822","48","1223","2202","0","55.54","16.03"
"10","009","00","001","0116","0454","408","127","281","27","435","752","0","57.85","16.89"
"10","009","00","001","0116","0455","767","226","541","21","788","1450","0","54.34","15.59"
"10","009","00","001","0117","0000","294","84","210","31","325","555","0","58.56","15.14"
"10","009","00","001","0117","0456","294","84","210","31","325","555","0","58.56","15.14"
"10","009","00","001","0118","0000","1335","377","958","51","1386","2414","0","57.42","15.62"
"10","009","00","001","0118","0451","609","154","455","27","636","1112","0","57.19","13.85"
"10","009","00","001","0118","0452","726","223","503","24","750","1302","0","57.6","17.13"
"10","009","00","001","0119","0000","775","283","492","41","816","1418","0","57.55","19.96"
"10","009","00","001","0119","0450","775","283","492","41","816","1418","0","57.55","19.96"
"10","009","00","001","0120","0000","1265","382","883","56","1321","2397","0","55.11","15.94"
"10","009","00","001","0120","0457","733","238","495","35","768","1470","0","52.24","16.19"
"10","009","00","001","0120","0458","532","144","388","21","553","927","0","59.65","15.53"
"10","009","00","001","0121","0000","834","211","623","78","912","1748","0","52.17","12.07"
"10","009","00","001","0121","0466","834","211","623","78","912","1748","0","52.17","12.07"
"10","009","00","001","0122","0000","3021","957","2064","90","3111","5306","0","58.63","18.04"
"10","009","00","001","0122","0462","818","261","557","23","841","1412","0","59.56","18.48"
"10","009","00","001","0122","0463","828","250","578","24","852","1354","0","62.92","18.46"
"10","009","00","001","0122","0464","701","217","484","21","722","1267","0","56.99","17.13"
"10","009","00","001","0122","0465","674","229","445","22","696","1273","0","54.67","17.99"
"10","009","00","001","0123","0000","2795","848","1947","171","2966","5374","0","55.19","15.78"
"10","009","00","001","0123","0459","1055","333","722","46","1101","1893","0","58.16","17.59"
"10","009","00","001","0123","0460","908","258","650","72","980","1708","0","57.38","15.11"
"10","009","00","001","0123","0461","832","257","575","53","885","1773","0","49.92","14.5"
"10","009","00","001","0124","0000","1011","306","705","83","1094","1813","0","60.34","16.88"
"10","009","00","001","0124","0472","402","113","289","32","434","702","0","61.82","16.1"
"10","009","00","001","0124","0473","609","193","416","51","660","1111","0","59.41","17.37"
"10","009","00","001","0125","0000","518","135","383","37","555","1123","0","49.42","12.02"
"10","009","00","001","0125","0474","518","135","383","37","555","1123","0","49.42","12.02"
"10","009","00","001","0126","0000","2373","680","1693","135","2508","4406","0","56.92","15.43"
"10","009","00","001","0126","0467","686","184","502","48","734","1238","0","59.29","14.86"
"10","009","00","001","0126","0468","819","236","583","37","856","1648","0","51.94","14.32"
"10","009","00","001","0126","0469","868","260","608","50","918","1520","0","60.39","17.11"
"10","009","00","001","0127","0000","561","135","426","26","587","1087","0","54.0","12.42"
"10","009","00","001","0127","0470","561","135","426","26","587","1087","0","54.0","12.42"
"10","009","00","001","0128","0000","1017","297","720","66","1083","1904","0","56.88","15.6"
"10","009","00","001","0128","0471","1017","297","720","66","1083","1904","0","56.88","15.6"
"10","009","00","001","0129","0000","1620","505","1115","120","1740","3095","0","56.22","16.32"
"10","009","00","001","0129","0477","543","180","363","49","592","1023","0","57.87","17.6"
"10","009","00","001","0129","0478","1077","325","752","71","1148","2072","0","55.41","15.69"
"10","009","00","001","0130","0000","1518","461","1057","62","1580","2932","0","53.89","15.72"
"10","009","00","001","0130","0475","594","169","425","26","620","1146","0","54.1","14.75"
"10","009","00","001","0130","0476","924","292","632","36","960","1786","0","53.75","16.35"
"10","009","00","001","0131","0000","592","178","414","23","615","1128","0","54.52","15.78"
"10","009","00","001","0131","0479","592","178","414","23","615","1128","0","54.52","15.78"
"10","009","00","001","0132","0000","1459","415","1044","43","1502","2345","0","64.05","17.7"
"10","009","00","001","0132","0418","775","221","554","24","799","1255","0","63.67","17.61"
"10","009","00","001","0132","0419","684","194","490","19","703","1090","0","64.5","17.8"
"10","009","00","001","0133","0000","2050","607","1443","100","2150","3710","0","57.95","16.36"
"10","009","00","001","0133","0416","1088","331","757","51","1139","1881","0","60.55","17.6"
"10","009","00","001","0133","0417","962","276","686","49","1011","1829","0","55.28","15.09"
"10","009","00","001","0134","0000","1615","520","1095","43","1658","2814","0","58.92","18.48"
"10","009","00","001","0134","0435","804","275","529","19","823","1392","0","59.12","19.76"
"10","009","00","001","0134","0436","811","245","566","24","835","1422","0","58.72","17.23"
"10","009","00","001","0135","0000","1307","422","885","66","1373","2286","0","60.06","18.46"
"10","009","00","001","0135","0447","469","138","331","36","505","847","0","59.62","16.29"
"10","009","00","001","0135","0448","838","284","554","30","868","1439","0","60.32","19.74"
"10","009","00","001","0136","0000","1265","386","879","57","1322","2204","0","59.98","17.51"
"10","009","00","001","0136","0429","552","166","386","24","576","1009","0","57.09","16.45"
"10","009","00","001","0136","0430","713","220","493","33","746","1195","0","62.43","18.41"
"10","009","00","001","0137","0000","1808","545","1263","99","1907","3479","0","54.81","15.67"
"10","009","00","001","0137","0425","718","226","492","33","751","1308","0","57.42","17.28"
"10","009","00","001","0137","0426","1090","319","771","66","1156","2171","0","53.25","14.69"
"10","009","00","001","0138","0000","1425","553","872","61","1486","2576","0","57.69","21.47"
"10","009","00","001","0138","0442","708","236","472","28","736","1214","0","60.63","19.44"
"10","009","00","001","0138","0443","717","317","400","33","750","1362","0","55.07","23.27"
"10","009","00","001","0139","0000","1297","338","959","65","1362","2279","0","59.76","14.83"
"10","009","00","001","0139","0420","643","181","462","32","675","1103","0","61.2","16.41"
"10","009","00","001","0139","0421","654","157","497","33","687","1176","0","58.42","13.35"
"10","009","00","002","0000","0000","20286","6245","14041","1395","21681","38138","44608","56.85","16.37"
"10","009","00","002","0201","0000","673","195","478","40","713","1166","0","61.15","16.72"
"10","009","00","002","0201","0498","673","195","478","40","713","1166","0","61.15","16.72"
"10","009","00","002","0202","0000","1247","372","875","60","1307","2110","0","61.94","17.63"
"10","009","00","002","0202","0499","666","194","472","34","700","1135","0","61.67","17.09"
"10","009","00","002","0202","0500","581","178","403","26","607","975","0","62.26","18.26"
"10","009","00","002","0203","0000","1176","459","717","71","1247","2228","0","55.97","20.6"
"10","009","00","002","0203","0503","710","306","404","38","748","1321","0","56.62","23.16"
"10","009","00","002","0203","0504","466","153","313","33","499","907","0","55.02","16.87"
"10","009","00","002","0204","0000","862","228","634","60","922","1473","0","62.59","15.48"
"10","009","00","002","0204","0505","862","228","634","60","922","1473","0","62.59","15.48"
"10","009","00","002","0205","0000","750","225","525","53","803","1277","0","62.88","17.62"
"10","009","00","002","0205","0506","750","225","525","53","803","1277","0","62.88","17.62"
"10","009","00","002","0206","0000","1448","457","991","82","1530","2673","0","57.24","17.1"
"10","009","00","002","0206","0514","599","175","424","39","638","1042","0","61.23","16.79"
"10","009","00","002","0206","0515","849","282","567","43","892","1631","0","54.69","17.29"
"10","009","00","002","0207","0000","697","221","476","67","764","1333","0","57.31","16.58"
"10","009","00","002","0207","0507","697","221","476","67","764","1333","0","57.31","16.58"
"10","009","00","002","0208","0000","394","124","270","30","424","777","0","54.57","15.96"
"10","009","00","002","0208","0508","394","124","270","30","424","777","0","54.57","15.96"
"10","009","00","002","0209","0000","454","111","343","41","495","899","0","55.06","12.35"
"10","009","00","002","0209","0510","454","111","343","41","495","899","0","55.06","12.35"
"10","009","00","002","0210","0000","284","84","200","37","321","688","0","46.66","12.21"
"10","009","00","002","0210","0511","284","84","200","37","321","688","0","46.66","12.21"
"10","009","00","002","0211","0000","561","169","392","27","588","1147","0","51.26","14.73"
"10","009","00","002","0211","0512","561","169","392","27","588","1147","0","51.26","14.73"
"10","009","00","002","0212","0000","882","254","628","74","956","1709","0","55.94","14.86"
"10","009","00","002","0212","0513","882","254","628","74","956","1709","0","55.94","14.86"
"10","009","00","002","0213","0000","506","161","345","27","533","981","0","54.33","16.41"
"10","009","00","002","0213","0525","506","161","345","27","533","981","0","54.33","16.41"
"10","009","00","002","0214","0000","1392","427","965","91","1483","2715","0","54.62","15.73"
"10","009","00","002","0214","0526","522","161","361","20","542","1129","0","48.01","14.26"
"10","009","00","002","0214","0527","870","266","604","71","941","1586","0","59.33","16.77"
"10","009","00","002","0215","0000","1171","341","830","73","1244","2227","0","55.86","15.31"
"10","009","00","002","0215","0528","712","219","493","50","762","1243","0","61.3","17.62"
"10","009","00","002","0215","0529","459","122","337","23","482","984","0","48.98","12.4"
"10","009","00","002","0216","0000","1819","520","1299","134","1953","3266","0","59.8","15.92"
"10","009","00","002","0216","0516","958","276","682","73","1031","1702","0","60.58","16.22"
"10","009","00","002","0216","0517","861","244","617","61","922","1564","0","58.95","15.6"
"10","009","00","002","0217","0000","331","103","228","19","350","897","0","39.02","11.48"
"10","009","00","002","0217","0520","331","103","228","19","350","897","0","39.02","11.48"
"10","009","00","002","0218","0000","409","130","279","29","438","803","0","54.55","16.19"
"10","009","00","002","0218","0521","409","130","279","29","438","803","0","54.55","16.19"
"10","009","00","002","0219","0000","460","113","347","45","505","866","0","58.31","13.05"
"10","009","00","002","0219","0522","460","113","347","45","505","866","0","58.31","13.05"
"10","009","00","002","0220","0000","799","334","465","86","885","1523","0","58.11","21.93"
"10","009","00","002","0220","0523","459","142","317","44","503","852","0","59.04","16.67"
"10","009","00","002","0220","0524","340","192","148","42","382","671","0","56.93","28.61"
"10","009","00","002","0221","0000","795","237","558","61","856","1507","0","56.8","15.73"
"10","009","00","002","0221","0530","795","237","558","61","856","1507","0","56.8","15.73"
"10","009","00","002","0222","0000","449","139","310","32","481","877","0","54.85","15.85"
"10","009","00","002","0222","0509","449","139","310","32","481","877","0","54.85","15.85"
"10","009","00","002","0223","0000","1579","501","1078","90","1669","2810","0","59.4","17.83"
"10","009","00","002","0223","0501","830","265","565","42","872","1459","0","59.77","18.16"
"10","009","00","002","0223","0502","749","236","513","48","797","1351","0","58.99","17.47"
"10","009","00","002","0224","0000","1148","340","808","66","1214","2186","0","55.54","15.55"
"10","009","00","002","0224","0518","408","106","302","23","431","910","0","47.36","11.65"
"10","009","00","002","0224","0519","740","234","506","43","783","1276","0","61.36","18.34"
"10","009","00","003","0000","0000","29468","8894","20574","1670","31138","58167","70892","53.53","15.29"
"10","009","00","003","0301","0000","517","173","344","55","572","941","0","60.79","18.38"
"10","009","00","003","0301","0117","517","173","344","55","572","941","0","60.79","18.38"
"10","009","00","003","0302","0000","828","254","574","48","876","1675","0","52.3","15.16"
"10","009","00","003","0302","0111","418","123","295","20","438","785","0","55.8","15.67"
"10","009","00","003","0302","0112","410","131","279","28","438","890","0","49.21","14.72"
"10","009","00","003","0303","0000","1424","466","958","72","1496","2605","0","57.43","17.89"
"10","009","00","003","0303","0109","701","218","483","43","744","1347","0","55.23","16.18"
"10","009","00","003","0303","0110","723","248","475","29","752","1258","0","59.78","19.71"
"10","009","00","003","0304","0000","1623","489","1134","78","1701","2844","0","59.81","17.19"
"10","009","00","003","0304","0113","792","243","549","39","831","1413","0","58.81","17.2"
"10","009","00","003","0304","0114","831","246","585","39","870","1431","0","60.8","17.19"
"10","009","00","003","0305","0000","1234","364","870","75","1309","2549","0","51.35","14.28"
"10","009","00","003","0305","0115","613","192","421","47","660","1224","0","53.92","15.69"
"10","009","00","003","0305","0116","621","172","449","28","649","1325","0","48.98","12.98"
"10","009","00","003","0306","0000","1693","499","1194","52","1745","3254","0","53.63","15.33"
"10","009","00","003","0306","0118","849","249","600","24","873","1613","0","54.12","15.44"
"10","009","00","003","0306","0119","844","250","594","28","872","1641","0","53.14","15.23"
"10","009","00","003","0307","0000","854","224","630","35","889","1438","0","61.82","15.58"
"10","009","00","003","0307","0123","854","224","630","35","889","1438","0","61.82","15.58"
"10","009","00","003","0308","0000","2486","700","1786","89","2575","4295","0","59.95","16.3"
"10","009","00","003","0308","0124","752","206","546","26","778","1361","0","57.16","15.14"
"10","009","00","003","0308","0125","837","246","591","28","865","1444","0","59.9","17.04"
"10","009","00","003","0308","0126","897","248","649","35","932","1490","0","62.55","16.64"
"10","009","00","003","0309","0000","1265","435","830","57","1322","2274","0","58.14","19.13"
"10","009","00","003","0309","0127","798","281","517","37","835","1307","0","63.89","21.5"
"10","009","00","003","0309","0128","467","154","313","20","487","967","0","50.36","15.93"
"10","009","00","003","0310","0000","2003","597","1406","55","2058","3745","0","54.95","15.94"
"10","009","00","003","0310","0129","975","268","707","28","1003","1865","0","53.78","14.37"
"10","009","00","003","0310","0130","1028","329","699","27","1055","1880","0","56.12","17.5"
"10","009","00","003","0311","0000","1051","309","742","49","1100","2000","0","55.0","15.45"
"10","009","00","003","0311","0131","552","152","400","27","579","1099","0","52.68","13.83"
"10","009","00","003","0311","0132","499","157","342","22","521","901","0","57.82","17.43"
"10","009","00","003","0312","0000","566","182","384","35","601","1120","0","53.66","16.25"
"10","009","00","003","0312","0133","566","182","384","35","601","1120","0","53.66","16.25"
"10","009","00","003","0313","0000","581","151","430","56","637","1272","0","50.08","11.87"
"10","009","00","003","0313","0154","581","151","430","56","637","1272","0","50.08","11.87"
"10","009","00","003","0314","0000","382","116","266","21","403","851","0","47.36","13.63"
"10","009","00","003","0314","0153","382","116","266","21","403","851","0","47.36","13.63"
"10","009","00","003","0315","0000","658","214","444","62","720","1549","0","46.48","13.82"
"10","009","00","003","0315","0152","658","214","444","62","720","1549","0","46.48","13.82"
"10","009","00","003","0316","0000","652","190","462","59","711","1509","0","47.12","12.59"
"10","009","00","003","0316","0150","652","190","462","59","711","1509","0","47.12","12.59"
"10","009","00","003","0317","0000","317","115","202","49","366","855","0","42.81","13.45"
"10","009","00","003","0317","0151","317","115","202","49","366","855","0","42.81","13.45"
"10","009","00","003","0318","0000","1326","423","903","70","1396","2668","0","52.32","15.85"
"10","009","00","003","0318","0135","714","230","484","49","763","1420","0","53.73","16.2"
"10","009","00","003","0318","0136","612","193","419","21","633","1248","0","50.72","15.46"
"10","009","00","003","0319","0000","415","119","296","24","439","799","0","54.94","14.89"
"10","009","00","003","0319","0137","415","119","296","24","439","799","0","54.94","14.89"
"10","009","00","003","0320","0000","817","272","545","80","897","1760","0","50.97","15.45"
"10","009","00","003","0320","0138","402","119","283","46","448","836","0","53.59","14.23"
"10","009","00","003","0320","0139","415","153","262","34","449","924","0","48.59","16.56"
"10","009","00","003","0321","0000","702","202","500","22","724","1648","0","43.93","12.26"
"10","009","00","003","0321","0140","702","202","500","22","724","1648","0","43.93","12.26"
"10","009","00","003","0322","0000","1416","431","985","136","1552","3162","0","49.08","13.63"
"10","009","00","003","0322","0141","694","215","479","83","777","1616","0","48.08","13.3"
"10","009","00","003","0322","0142","722","216","506","53","775","1546","0","50.13","13.97"
"10","009","00","003","0323","0000","1163","320","843","55","1218","2361","0","51.59","13.55"
"10","009","00","003","0323","0143","637","167","470","28","665","1283","0","51.83","13.02"
"10","009","00","003","0323","0144","526","153","373","27","553","1078","0","51.3","14.19"
"10","009","00","003","0324","0000","1217","358","859","63","1280","2597","0","49.29","13.79"
"10","009","00","003","0324","0145","603","187","416","35","638","1313","0","48.59","14.24"
"10","009","00","003","0324","0146","614","171","443","28","642","1284","0","50.0","13.32"
"10","009","00","003","0325","0000","655","187","468","73","728","1356","0","53.69","13.79"
"10","009","00","003","0325","0147","655","187","468","73","728","1356","0","53.69","13.79"
"10","009","00","003","0326","0000","768","223","545","57","825","1504","0","54.85","14.83"
"10","009","00","003","0326","0148","768","223","545","57","825","1504","0","54.85","14.83"
"10","009","00","003","0327","0000","232","64","168","9","241","545","0","44.22","11.74"
"10","009","00","003","0327","0134","232","64","168","9","241","545","0","44.22","11.74"
"10","009","00","003","0328","0000","2099","669","1430","100","2199","3767","0","58.38","17.76"
"10","009","00","003","0328","0120","682","208","474","33","715","1200","0","59.58","17.33"
"10","009","00","003","0328","0121","712","237","475","47","759","1294","0","58.66","18.32"
"10","009","00","003","0328","0122","705","224","481","20","725","1273","0","56.95","17.6"
"10","009","00","003","0329","0000","524","148","376","34","558","1224","0","45.59","12.09"
"10","009","00","003","0329","0149","524","148","376","34","558","1224","0","45.59","12.09"
"10","009","00","004","0000","0000","18642","5739","12903","1609","20251","38142","46135","53.09","15.05"
"10","009","00","004","0401","0000","784","271","513","46","830","1590","0","52.2","17.04"
"10","009","00","004","0401","0340","784","271","513","46","830","1590","0","52.2","17.04"
"10","009","00","004","0402","0000","902","293","609","58","960","1741","0","55.14","16.83"
"10","009","00","004","0402","0341","902","293","609","58","960","1741","0","55.14","16.83"
"10","009","00","004","0403","0000","1268","401","867","88","1356","2120","0","63.96","18.92"
"10","009","00","004","0403","0342","658","206","452","43","701","1080","0","64.91","19.07"
"10","009","00","004","0403","0343","610","195","415","45","655","1040","0","62.98","18.75"
"10","009","00","004","0404","0000","1583","423","1160","68","1651","2971","0","55.57","14.24"
"10","009","00","004","0404","0344","733","201","532","26","759","1346","0","56.39","14.93"
"10","009","00","004","0404","0345","850","222","628","42","892","1625","0","54.89","13.66"
"10","009","00","004","0405","0000","219","60","159","10","229","354","0","64.69","16.95"
"10","009","00","004","0405","0346","219","60","159","10","229","354","0","64.69","16.95"
"10","009","00","004","0406","0000","290","82","208","26","316","580","0","54.48","14.14"
"10","009","00","004","0406","0347","290","82","208","26","316","580","0","54.48","14.14"
"10","009","00","004","0407","0000","356","115","241","19","375","591","0","63.45","19.46"
"10","009","00","004","0407","0348","356","115","241","19","375","591","0","63.45","19.46"
"10","009","00","004","0408","0000","573","186","387","49","622","1050","0","59.24","17.71"
"10","009","00","004","0408","0349","573","186","387","49","622","1050","0","59.24","17.71"
"10","009","00","004","0409","0000","1439","460","979","127","1566","2749","0","56.97","16.73"
"10","009","00","004","0409","0350","649","193","456","56","705","1147","0","61.46","16.83"
"10","009","00","004","0409","0351","790","267","523","71","861","1602","0","53.75","16.67"
"10","009","00","004","0410","0000","2196","651","1545","132","2328","4335","0","53.7","15.02"
"10","009","00","004","0410","0352","737","226","511","37","774","1452","0","53.31","15.56"
"10","009","00","004","0410","0353","820","243","577","62","882","1578","0","55.89","15.4"
"10","009","00","004","0410","0354","639","182","457","33","672","1305","0","51.49","13.95"
"10","009","00","004","0411","0000","594","204","390","52","646","1327","0","48.68","15.37"
"10","009","00","004","0411","0355","594","204","390","52","646","1327","0","48.68","15.37"
"10","009","00","004","0412","0000","746","218","528","50","796","1516","0","52.51","14.38"
"10","009","00","004","0412","0356","746","218","528","50","796","1516","0","52.51","14.38"
"10","009","00","004","0413","0000","478","150","328","61","539","983","0","54.83","15.26"
"10","009","00","004","0413","0369","478","150","328","61","539","983","0","54.83","15.26"
"10","009","00","004","0414","0000","501","141","360","45","546","1014","0","53.85","13.91"
"10","009","00","004","0414","0370","501","141","360","45","546","1014","0","53.85","13.91"
"10","009","00","004","0415","0000","808","241","567","109","917","1805","0","50.8","13.35"
"10","009","00","004","0415","0371","402","119","283","67","469","939","0","49.95","12.67"
"10","009","00","004","0415","0372","406","122","284","42","448","866","0","51.73","14.09"
"10","009","00","004","0416","0000","649","182","467","76","725","1486","0","48.79","12.25"
"10","009","00","004","0416","0373","649","182","467","76","725","1486","0","48.79","12.25"
"10","009","00","004","0417","0000","634","196","438","41","675","1616","0","41.77","12.13"
"10","009","00","004","0417","0357","331","111","220","21","352","828","0","42.51","13.41"
"10","009","00","004","0417","0358","303","85","218","20","323","788","0","40.99","10.79"
"10","009","00","004","0418","0000","405","134","271","49","454","863","0","52.61","15.53"
"10","009","00","004","0418","0359","405","134","271","49","454","863","0","52.61","15.53"
"10","009","00","004","0419","0000","450","149","301","72","522","984","0","53.05","15.14"
"10","009","00","004","0419","0360","450","149","301","72","522","984","0","53.05","15.14"
"10","009","00","004","0420","0000","423","116","307","45","468","870","0","53.79","13.33"
"10","009","00","004","0420","0362","423","116","307","45","468","870","0","53.79","13.33"
"10","009","00","004","0421","0000","626","220","406","125","751","1514","0","49.6","14.53"
"10","009","00","004","0421","0361","626","220","406","125","751","1514","0","49.6","14.53"
"10","009","00","004","0422","0000","459","145","314","59","518","971","0","53.35","14.93"
"10","009","00","004","0422","0363","459","145","314","59","518","971","0","53.35","14.93"
"10","009","00","004","0423","0000","411","97","314","38","449","823","0","54.56","11.79"
"10","009","00","004","0423","0366","411","97","314","38","449","823","0","54.56","11.79"
"10","009","00","004","0424","0000","329","122","207","25","354","726","0","48.76","16.8"
"10","009","00","004","0424","0365","329","122","207","25","354","726","0","48.76","16.8"
"10","009","00","004","0425","0000","553","174","379","50","603","1304","0","46.24","13.34"
"10","009","00","004","0425","0364","553","174","379","50","603","1304","0","46.24","13.34"
"10","009","00","004","0426","0000","356","106","250","13","369","886","0","41.65","11.96"
"10","009","00","004","0426","0367","356","106","250","13","369","886","0","41.65","11.96"
"10","009","00","004","0427","0000","610","202","408","76","686","1373","0","49.96","14.71"
"10","009","00","004","0427","0368","610","202","408","76","686","1373","0","49.96","14.71"
"10","009","00","005","0000","0000","11741","3521","8220","1105","12846","24412","28827","52.62","14.42"
"10","009","00","005","0501","0000","463","138","325","48","511","809","0","63.16","17.06"
"10","009","00","005","0501","0080","463","138","325","48","511","809","0","63.16","17.06"
"10","009","00","005","0502","0000","500","155","345","38","538","896","0","60.04","17.3"
"10","009","00","005","0502","0081","500","155","345","38","538","896","0","60.04","17.3"
"10","009","00","005","0503","0000","814","235","579","61","875","1389","0","62.99","16.92"
"10","009","00","005","0503","0082","369","107","262","34","403","687","0","58.66","15.57"
"10","009","00","005","0503","0083","445","128","317","27","472","702","0","67.24","18.23"
"10","009","00","005","0504","0000","611","180","431","26","637","1032","0","61.72","17.44"
"10","009","00","005","0504","0084","611","180","431","26","637","1032","0","61.72","17.44"
"10","009","00","005","0505","0000","522","172","350","77","599","1124","0","53.29","15.3"
"10","009","00","005","0505","0085","332","118","214","44","376","697","0","53.95","16.93"
"10","009","00","005","0505","0086","190","54","136","33","223","427","0","52.22","12.65"
"10","009","00","005","0506","0000","693","248","445","38","731","1430","0","51.12","17.34"
"10","009","00","005","0506","0089","287","101","186","9","296","634","0","46.69","15.93"
"10","009","00","005","0506","0090","406","147","259","29","435","796","0","54.65","18.47"
"10","009","00","005","0507","0000","549","164","385","72","621","1321","0","47.01","12.41"
"10","009","00","005","0507","0091","290","99","191","43","333","745","0","44.7","13.29"
"10","009","00","005","0507","0092","259","65","194","29","288","576","0","50.0","11.28"
"10","009","00","005","0508","0000","532","136","396","57","589","1277","0","46.12","10.65"
"10","009","00","005","0508","0093","306","62","244","48","354","743","0","47.64","8.34"
"10","009","00","005","0508","0094","226","74","152","9","235","534","0","44.01","13.86"
"10","009","00","005","0509","0000","419","117","302","46","465","843","0","55.16","13.88"
"10","009","00","005","0509","0099","419","117","302","46","465","843","0","55.16","13.88"
"10","009","00","005","0510","0000","1507","437","1070","67","1574","2734","0","57.57","15.98"
"10","009","00","005","0510","0087","797","231","566","46","843","1451","0","58.1","15.92"
"10","009","00","005","0510","0088","710","206","504","21","731","1283","0","56.98","16.06"
"10","009","00","005","0511","0000","874","241","633","91","965","1864","0","51.77","12.93"
"10","009","00","005","0511","0100","434","124","310","55","489","916","0","53.38","13.54"
"10","009","00","005","0511","0101","440","117","323","36","476","948","0","50.21","12.34"
"10","009","00","005","0512","0000","879","249","630","88","967","1774","0","54.51","14.04"
"10","009","00","005","0512","0102","458","125","333","33","491","914","0","53.72","13.68"
"10","009","00","005","0512","0103","421","124","297","55","476","860","0","55.35","14.42"
"10","009","00","005","0513","0000","348","104","244","38","386","896","0","43.08","11.61"
"10","009","00","005","0513","0106","348","104","244","38","386","896","0","43.08","11.61"
"10","009","00","005","0514","0000","803","268","535","95","898","1804","0","49.78","14.86"
"10","009","00","005","0514","0104","430","151","279","44","474","929","0","51.02","16.25"
"10","009","00","005","0514","0105","373","117","256","51","424","875","0","48.46","13.37"
"10","009","00","005","0515","0000","956","287","669","132","1088","2276","0","47.8","12.61"
"10","009","00","005","0515","0095","476","154","322","71","547","1199","0","45.62","12.84"
"10","009","00","005","0515","0096","480","133","347","61","541","1077","0","50.23","12.35"
"10","009","00","005","0516","0000","661","201","460","63","724","1503","0","48.17","13.37"
"10","009","00","005","0516","0097","327","91","236","27","354","819","0","43.22","11.11"
"10","009","00","005","0516","0098","334","110","224","36","370","684","0","54.09","16.08"
"10","009","00","005","0517","0000","610","189","421","68","678","1440","0","47.08","13.13"
"10","009","00","005","0517","0107","306","86","220","39","345","757","0","45.57","11.36"
"10","009","00","005","0517","0108","304","103","201","29","333","683","0","48.76","15.08"
"10","009","00","006","0000","0000","16997","5355","11642","1559","18556","33958","39975","54.64","15.77"
"10","009","00","006","0601","0000","374","105","269","53","427","724","0","58.98","14.5"
"10","009","00","006","0601","0256","374","105","269","53","427","724","0","58.98","14.5"
"10","009","00","006","0602","0000","401","144","257","54","455","688","0","66.13","20.93"
"10","009","00","006","0602","0257","401","144","257","54","455","688","0","66.13","20.93"
"10","009","00","006","0603","0000","228","50","178","37","265","452","0","58.63","11.06"
"10","009","00","006","0603","0258","228","50","178","37","265","452","0","58.63","11.06"
"10","009","00","006","0604","0000","458","142","316","51","509","866","0","58.78","16.4"
"10","009","00","006","0604","0259","458","142","316","51","509","866","0","58.78","16.4"
"10","009","00","006","0605","0000","160","56","104","19","179","336","0","53.27","16.67"
"10","009","00","006","0605","0260","160","56","104","19","179","336","0","53.27","16.67"
"10","009","00","006","0606","0000","192","39","153","24","216","395","0","54.68","9.87"
"10","009","00","006","0606","0261","192","39","153","24","216","395","0","54.68","9.87"
"10","009","00","006","0607","0000","213","47","166","25","238","376","0","63.3","12.5"
"10","009","00","006","0607","0262","213","47","166","25","238","376","0","63.3","12.5"
"10","009","00","006","0608","0000","508","172","336","37","545","950","0","57.37","18.11"
"10","009","00","006","0608","0263","508","172","336","37","545","950","0","57.37","18.11"
"10","009","00","006","0609","0000","292","89","203","35","327","512","0","63.87","17.38"
"10","009","00","006","0609","0264","292","89","203","35","327","512","0","63.87","17.38"
"10","009","00","006","0610","0000","172","55","117","26","198","324","0","61.11","16.98"
"10","009","00","006","0610","0265","172","55","117","26","198","324","0","61.11","16.98"
"10","009","00","006","0611","0000","266","79","187","34","300","546","0","54.95","14.47"
"10","009","00","006","0611","0266","266","79","187","34","300","546","0","54.95","14.47"
"10","009","00","006","0612","0000","629","186","443","66","695","1184","0","58.7","15.71"
"10","009","00","006","0612","0267","244","81","163","19","263","433","0","60.74","18.71"
"10","009","00","006","0612","0268","385","105","280","47","432","751","0","57.52","13.98"
"10","009","00","006","0613","0000","255","64","191","18","273","442","0","61.76","14.48"
"10","009","00","006","0613","0269","255","64","191","18","273","442","0","61.76","14.48"
"10","009","00","006","0614","0000","2616","794","1822","195","2811","4912","0","57.23","16.16"
"10","009","00","006","0614","0270","618","182","436","50","668","1151","0","58.04","15.81"
"10","009","00","006","0614","0271","676","205","471","41","717","1224","0","58.58","16.75"
"10","009","00","006","0614","0272","626","190","436","42","668","1211","0","55.16","15.69"
"10","009","00","006","0614","0273","696","217","479","62","758","1326","0","57.16","16.37"
"10","009","00","006","0615","0000","1038","490","548","68","1106","1721","0","64.26","28.47"
"10","009","00","006","0615","0274","447","319","128","34","481","744","0","64.65","42.88"
"10","009","00","006","0615","0275","591","171","420","34","625","977","0","63.97","17.5"
"10","009","00","006","0616","0000","3329","1059","2270","232","3561","6230","0","57.16","17.0"
"10","009","00","006","0616","0278","750","230","520","39","789","1364","0","57.84","16.86"
"10","009","00","006","0616","0279","600","205","395","57","657","1123","0","58.5","18.25"
"10","009","00","006","0616","0280","784","242","542","43","827","1451","0","57.0","16.68"
"10","009","00","006","0616","0281","654","213","441","43","697","1162","0","59.98","18.33"
"10","009","00","006","0616","0282","541","169","372","50","591","1130","0","52.3","14.96"
"10","009","00","006","0617","0000","563","158","405","32","595","1149","0","51.78","13.75"
"10","009","00","006","0617","0283","563","158","405","32","595","1149","0","51.78","13.75"
"10","009","00","006","0618","0000","333","87","246","22","355","809","0","43.88","10.75"
"10","009","00","006","0618","0287","333","87","246","22","355","809","0","43.88","10.75"
"10","009","00","006","0619","0000","577","187","390","74","651","1397","0","46.6","13.39"
"10","009","00","006","0619","0288","577","187","390","74","651","1397","0","46.6","13.39"
"10","009","00","006","0620","0000","460","113","347","69","529","1145","0","46.2","9.87"
"10","009","00","006","0620","0289","460","113","347","69","529","1145","0","46.2","9.87"
"10","009","00","006","0621","0000","473","153","320","51","524","966","0","54.24","15.84"
"10","009","00","006","0621","0284","217","62","155","22","239","533","0","44.84","11.63"
"10","009","00","006","0621","0285","256","91","165","29","285","433","0","65.82","21.02"
"10","009","00","006","0622","0000","264","71","193","50","314","828","0","37.92","8.57"
"10","009","00","006","0622","0290","264","71","193","50","314","828","0","37.92","8.57"
"10","009","00","006","0623","0000","212","48","164","13","225","557","0","40.39","8.62"
"10","009","00","006","0623","0291","212","48","164","13","225","557","0","40.39","8.62"
"10","009","00","006","0624","0000","711","239","472","77","788","1637","0","48.14","14.6"
"10","009","00","006","0624","0292","464","159","305","44","508","1060","0","47.92","15.0"
"10","009","00","006","0624","0293","247","80","167","33","280","577","0","48.53","13.86"
"10","009","00","006","0625","0000","1431","476","955","122","1553","2981","0","52.1","15.97"
"10","009","00","006","0625","0294","343","130","213","66","409","931","0","43.93","13.96"
"10","009","00","006","0625","0295","516","158","358","36","552","1018","0","54.22","15.52"
"10","009","00","006","0625","0296","572","188","384","20","592","1032","0","57.36","18.22"
"10","009","00","006","0626","0000","482","163","319","57","539","960","0","56.15","16.98"
"10","009","00","006","0626","0276","482","163","319","57","539","960","0","56.15","16.98"
"10","009","00","006","0627","0000","184","50","134","10","194","494","0","39.27","10.12"
"10","009","00","006","0627","0277","184","50","134","10","194","494","0","39.27","10.12"
"10","009","00","006","0628","0000","176","39","137","8","184","377","0","48.81","10.34"
"10","009","00","006","0628","0286","176","39","137","8","184","377","0","48.81","10.34"
"10","009","00","007","0000","0000","13476","3823","9653","1066","14542","27477","31464","52.92","13.91"
"10","009","00","007","0701","0000","598","175","423","54","652","1255","0","51.95","13.94"
"10","009","00","007","0701","0539","598","175","423","54","652","1255","0","51.95","13.94"
"10","009","00","007","0702","0000","611","197","414","42","653","1078","0","60.58","18.27"
"10","009","00","007","0702","0540","611","197","414","42","653","1078","0","60.58","18.27"
"10","009","00","007","0703","0000","604","140","464","80","684","1169","0","58.51","11.98"
"10","009","00","007","0703","0538","604","140","464","80","684","1169","0","58.51","11.98"
"10","009","00","007","0704","0000","680","170","510","73","753","1426","0","52.81","11.92"
"10","009","00","007","0704","0536","577","146","431","67","644","1122","0","57.4","13.01"
"10","009","00","007","0704","0537","103","24","79","6","109","304","0","35.86","7.89"
"10","009","00","007","0705","0000","1533","412","1121","86","1619","3074","0","52.67","13.4"
"10","009","00","007","0705","0534","687","174","513","38","725","1302","0","55.68","13.36"
"10","009","00","007","0705","0535","846","238","608","48","894","1772","0","50.45","13.43"
"10","009","00","007","0706","0000","755","267","488","52","807","1517","0","53.2","17.6"
"10","009","00","007","0706","0533","755","267","488","52","807","1517","0","53.2","17.6"
"10","009","00","007","0707","0000","1052","326","726","99","1151","2120","0","54.29","15.38"
"10","009","00","007","0707","0531","575","171","404","50","625","1126","0","55.51","15.19"
"10","009","00","007","0707","0532","477","155","322","49","526","994","0","52.92","15.59"
"10","009","00","007","0708","0000","283","73","210","12","295","734","0","40.19","9.95"
"10","009","00","007","0708","0554","283","73","210","12","295","734","0","40.19","9.95"
"10","009","00","007","0709","0000","114","31","83","7","121","285","0","42.46","10.88"
"10","009","00","007","0709","0553","114","31","83","7","121","285","0","42.46","10.88"
"10","009","00","007","0710","0000","1084","310","774","73","1157","2138","0","54.12","14.5"
"10","009","00","007","0710","0547","472","147","325","33","505","998","0","50.6","14.73"
"10","009","00","007","0710","0548","612","163","449","40","652","1140","0","57.19","14.3"
"10","009","00","007","0711","0000","568","171","397","68","636","1150","0","55.3","14.87"
"10","009","00","007","0711","0555","568","171","397","68","636","1150","0","55.3","14.87"
"10","009","00","007","0712","0000","563","158","405","33","596","1233","0","48.34","12.81"
"10","009","00","007","0712","0552","563","158","405","33","596","1233","0","48.34","12.81"
"10","009","00","007","0713","0000","228","51","177","16","244","453","0","53.86","11.26"
"10","009","00","007","0713","0556","228","51","177","16","244","453","0","53.86","11.26"
"10","009","00","007","0714","0000","246","52","194","32","278","571","0","48.69","9.11"
"10","009","00","007","0714","0557","246","52","194","32","278","571","0","48.69","9.11"
"10","009","00","007","0715","0000","1024","296","728","70","1094","2058","0","53.16","14.38"
"10","009","00","007","0715","0549","550","167","383","43","593","1102","0","53.81","15.15"
"10","009","00","007","0715","0550","474","129","345","27","501","956","0","52.41","13.49"
"10","009","00","007","0716","0000","350","107","243","27","377","695","0","54.24","15.4"
"10","009","00","007","0716","0551","350","107","243","27","377","695","0","54.24","15.4"
"10","009","00","007","0717","0000","1044","308","736","89","1133","2243","0","50.51","13.73"
"10","009","00","007","0717","0541","439","121","318","26","465","943","0","49.31","12.83"
"10","009","00","007","0717","0542","605","187","418","63","668","1300","0","51.38","14.38"
"10","009","00","007","0718","0000","1041","282","759","77","1118","2108","0","53.04","13.38"
"10","009","00","007","0718","0543","463","118","345","35","498","964","0","51.66","12.24"
"10","009","00","007","0718","0544","578","164","414","42","620","1144","0","54.2","14.34"
"10","009","00","007","0719","0000","741","196","545","47","788","1482","0","53.17","13.23"
"10","009","00","007","0719","0545","741","196","545","47","788","1482","0","53.17","13.23"
"10","009","00","007","0720","0000","357","101","256","29","386","688","0","56.1","14.68"
"10","009","00","007","0720","0546","357","101","256","29","386","688","0","56.1","14.68"
"10","009","00","008","0000","0000","7797","2326","5471","685","8482","16509","19083","51.38","14.09"
"10","009","00","008","0801","0000","365","111","254","32","397","750","0","52.93","14.8"
"10","009","00","008","0801","0480","365","111","254","32","397","750","0","52.93","14.8"
"10","009","00","008","0802","0000","1015","343","672","81","1096","2095","0","52.32","16.37"
"10","009","00","008","0802","0484","688","249","439","51","739","1495","0","49.43","16.66"
"10","009","00","008","0802","0485","327","94","233","30","357","600","0","59.5","15.67"
"10","009","00","008","0803","0000","546","156","390","45","591","1004","0","58.86","15.54"
"10","009","00","008","0803","0486","546","156","390","45","591","1004","0","58.86","15.54"
"10","009","00","008","0804","0000","365","134","231","26","391","948","0","41.24","14.14"
"10","009","00","008","0804","0487","365","134","231","26","391","948","0","41.24","14.14"
"10","009","00","008","0805","0000","850","225","625","86","936","1895","0","49.39","11.87"
"10","009","00","008","0805","0489","631","174","457","65","696","1430","0","48.67","12.17"
"10","009","00","008","0805","0490","219","51","168","21","240","465","0","51.61","10.97"
"10","009","00","008","0806","0000","844","256","588","56","900","1781","0","50.53","14.37"
"10","009","00","008","0806","0491","611","172","439","40","651","1307","0","49.81","13.16"
"10","009","00","008","0806","0492","233","84","149","16","249","474","0","52.53","17.72"
"10","009","00","008","0807","0000","779","216","563","52","831","1539","0","54.0","14.04"
"10","009","00","008","0807","0488","779","216","563","52","831","1539","0","54.0","14.04"
"10","009","00","008","0808","0000","644","203","441","84","728","1220","0","59.67","16.64"
"10","009","00","008","0808","0493","644","203","441","84","728","1220","0","59.67","16.64"
"10","009","00","008","0809","0000","341","105","236","28","369","719","0","51.32","14.6"
"10","009","00","008","0809","0481","341","105","236","28","369","719","0","51.32","14.6"
"10","009","00","008","0810","0000","296","69","227","21","317","603","0","52.57","11.44"
"10","009","00","008","0810","0482","296","69","227","21","317","603","0","52.57","11.44"
"10","009","00","008","0811","0000","475","136","339","54","529","1106","0","47.83","12.3"
"10","009","00","008","0811","0483","475","136","339","54","529","1106","0","47.83","12.3"
"10","009","00","008","0812","0000","351","87","264","17","368","733","0","50.2","11.87"
"10","009","00","008","0812","0494","351","87","264","17","368","733","0","50.2","11.87"
"10","009","00","008","0813","0000","349","97","252","28","377","681","0","55.36","14.24"
"10","009","00","008","0813","0495","349","97","252","28","377","681","0","55.36","14.24"
"10","009","00","008","0814","0000","275","100","175","27","302","712","0","42.42","14.04"
"10","009","00","008","0814","0496","275","100","175","27","302","712","0","42.42","14.04"
"10","009","00","008","0815","0000","302","88","214","48","350","723","0","48.41","12.17"
"10","009","00","008","0815","0497","302","88","214","48","350","723","0","48.41","12.17"
"10","009","00","009","0000","0000","12318","3806","8512","1193","13511","24570","28727","54.99","15.49"
"10","009","00","009","0901","0000","2141","649","1492","196","2337","4079","0","57.29","15.91"
"10","009","00","009","0901","0374","804","246","558","66","870","1507","0","57.73","16.32"
"10","009","00","009","0901","0375","678","206","472","33","711","1300","0","54.69","15.85"
"10","009","00","009","0901","0376","659","197","462","97","756","1272","0","59.43","15.49"
"10","009","00","009","0902","0000","405","148","257","58","463","861","0","53.77","17.19"
"10","009","00","009","0902","0377","405","148","257","58","463","861","0","53.77","17.19"
"10","009","00","009","0903","0000","627","222","405","70","697","1565","0","44.54","14.19"
"10","009","00","009","0903","0378","627","222","405","70","697","1565","0","44.54","14.19"
"10","009","00","009","0904","0000","545","183","362","50","595","1213","0","49.05","15.09"
"10","009","00","009","0904","0379","279","93","186","17","296","577","0","51.3","16.12"
"10","009","00","009","0904","0380","266","90","176","33","299","636","0","47.01","14.15"
"10","009","00","009","0905","0000","516","182","334","63","579","1110","0","52.16","16.4"
"10","009","00","009","0905","0381","516","182","334","63","579","1110","0","52.16","16.4"
"10","009","00","009","0906","0000","1023","391","632","115","1138","1958","0","58.12","19.97"
"10","009","00","009","0906","0382","537","175","362","53","590","973","0","60.64","17.99"
"10","009","00","009","0906","0383","486","216","270","62","548","985","0","55.63","21.93"
"10","009","00","009","0907","0000","1583","479","1104","153","1736","2991","0","58.04","16.01"
"10","009","00","009","0907","0384","922","277","645","91","1013","1707","0","59.34","16.23"
"10","009","00","009","0907","0385","661","202","459","62","723","1284","0","56.31","15.73"
"10","009","00","009","0908","0000","682","213","469","53","735","1293","0","56.84","16.47"
"10","009","00","009","0908","0386","682","213","469","53","735","1293","0","56.84","16.47"
"10","009","00","009","0909","0000","569","167","402","25","594","1165","0","50.99","14.33"
"10","009","00","009","0909","0389","569","167","402","25","594","1165","0","50.99","14.33"
"10","009","00","009","0910","0000","999","224","775","142","1141","1940","0","58.81","11.55"
"10","009","00","009","0910","0387","469","124","345","41","510","900","0","56.67","13.78"
"10","009","00","009","0910","0388","530","100","430","101","631","1040","0","60.67","9.62"
"10","009","00","009","0911","0000","939","270","669","100","1039","1756","0","59.17","15.38"
"10","009","00","009","0911","0390","441","133","308","55","496","871","0","56.95","15.27"
"10","009","00","009","0911","0391","498","137","361","45","543","885","0","61.36","15.48"
"10","009","00","009","0912","0000","669","180","489","60","729","1489","0","48.96","12.09"
"10","009","00","009","0912","0392","669","180","489","60","729","1489","0","48.96","12.09"
"10","009","00","009","0913","0000","608","166","442","64","672","1347","0","49.89","12.32"
"10","009","00","009","0913","0393","608","166","442","64","672","1347","0","49.89","12.32"
"10","009","00","009","0914","0000","1012","332","680","44","1056","1803","0","58.57","18.41"
"10","009","00","009","0914","0394","652","228","424","14","666","1150","0","57.91","19.83"
"10","009","00","009","0914","0395","360","104","256","30","390","653","0","59.72","15.93"
"10","009","00","010","0000","0000","7975","2451","5524","845","8820","15551","18089","56.72","15.76"
"10","009","00","010","1001","0000","603","157","446","54","657","1036","0","63.42","15.15"
"10","009","00","010","1001","0396","603","157","446","54","657","1036","0","63.42","15.15"
"10","009","00","010","1002","0000","1823","500","1323","176","1999","3652","0","54.74","13.69"
"10","009","00","010","1002","0397","778","214","564","60","838","1490","0","56.24","14.36"
"10","009","00","010","1002","0398","739","209","530","65","804","1491","0","53.92","14.02"
"10","009","00","010","1002","0399","306","77","229","51","357","671","0","53.2","11.48"
"10","009","00","010","1003","0000","1163","330","833","147","1310","2187","0","59.9","15.09"
"10","009","00","010","1003","0400","765","214","551","100","865","1436","0","60.24","14.9"
"10","009","00","010","1003","0401","398","116","282","47","445","751","0","59.25","15.45"
"10","009","00","010","1004","0000","276","84","192","20","296","535","0","55.33","15.7"
"10","009","00","010","1004","0402","276","84","192","20","296","535","0","55.33","15.7"
"10","009","00","010","1005","0000","337","256","81","50","387","811","0","47.72","31.57"
"10","009","00","010","1005","0403","337","256","81","50","387","811","0","47.72","31.57"
"10","009","00","010","1006","0000","1330","393","937","153","1483","2625","0","56.5","14.97"
"10","009","00","010","1006","0404","683","205","478","88","771","1339","0","57.58","15.31"
"10","009","00","010","1006","0405","647","188","459","65","712","1286","0","55.37","14.62"
"10","009","00","010","1007","0000","323","107","216","36","359","646","0","55.57","16.56"
"10","009","00","010","1007","0406","323","107","216","36","359","646","0","55.57","16.56"
"10","009","00","010","1008","0000","589","153","436","59","648","1158","0","55.96","13.21"
"10","009","00","010","1008","0407","589","153","436","59","648","1158","0","55.96","13.21"
"10","009","00","010","1009","0000","566","182","384","53","619","1090","0","56.79","16.7"
"10","009","00","010","1009","0408","566","182","384","53","619","1090","0","56.79","16.7"
"10","009","00","010","1010","0000","965","289","676","97","1062","1811","0","58.64","15.96"
"10","009","00","010","1010","0409","520","141","379","64","584","950","0","61.47","14.84"
"10","009","00","010","1010","0410","445","148","297","33","478","861","0","55.52","17.19"
"10","009","00","011","0000","0000","10023","3016","7007","1122","11145","23367","26906","47.7","12.91"
"10","009","00","011","1101","0000","640","182","458","34","674","1463","0","46.07","12.44"
"10","009","00","011","1101","0317","640","182","458","34","674","1463","0","46.07","12.44"
"10","009","00","011","1102","0000","732","230","502","61","793","1738","0","45.63","13.23"
"10","009","00","011","1102","0318","732","230","502","61","793","1738","0","45.63","13.23"
"10","009","00","011","1103","0000","707","217","490","102","809","1643","0","49.24","13.21"
"10","009","00","011","1103","0319","255","77","178","46","301","625","0","48.16","12.32"
"10","009","00","011","1103","0320","452","140","312","56","508","1018","0","49.9","13.75"
"10","009","00","011","1104","0000","536","143","393","47","583","1496","0","38.97","9.56"
"10","009","00","011","1104","0321","169","45","124","4","173","448","0","38.62","10.04"
"10","009","00","011","1104","0322","367","98","269","43","410","1048","0","39.12","9.35"
"10","009","00","011","1105","0000","580","180","400","53","633","1161","0","54.52","15.5"
"10","009","00","011","1105","0323","580","180","400","53","633","1161","0","54.52","15.5"
"10","009","00","011","1106","0000","922","294","628","85","1007","1840","0","54.73","15.98"
"10","009","00","011","1106","0324","471","161","310","34","505","991","0","50.96","16.25"
"10","009","00","011","1106","0325","451","133","318","51","502","849","0","59.13","15.67"
"10","009","00","011","1107","0000","407","119","288","43","450","890","0","50.56","13.37"
"10","009","00","011","1107","0326","407","119","288","43","450","890","0","50.56","13.37"
"10","009","00","011","1108","0000","414","111","303","24","438","891","0","49.16","12.46"
"10","009","00","011","1108","0328","414","111","303","24","438","891","0","49.16","12.46"
"10","009","00","011","1109","0000","305","85","220","25","330","757","0","43.59","11.23"
"10","009","00","011","1109","0329","305","85","220","25","330","757","0","43.59","11.23"
"10","009","00","011","1110","0000","599","193","406","134","733","1497","0","48.96","12.89"
"10","009","00","011","1110","0330","599","193","406","134","733","1497","0","48.96","12.89"
"10","009","00","011","1111","0000","852","264","588","109","961","1857","0","51.75","14.22"
"10","009","00","011","1111","0331","491","155","336","67","558","1171","0","47.65","13.24"
"10","009","00","011","1111","0332","361","109","252","42","403","686","0","58.75","15.89"
"10","009","00","011","1112","0000","313","105","208","74","387","864","0","44.79","12.15"
"10","009","00","011","1112","0333","313","105","208","74","387","864","0","44.79","12.15"
"10","009","00","011","1113","0000","813","249","564","94","907","1769","0","51.27","14.08"
"10","009","00","011","1113","0334","546","161","385","69","615","1073","0","57.32","15.0"
"10","009","00","011","1113","0335","267","88","179","25","292","696","0","41.95","12.64"
"10","009","00","011","1114","0000","425","124","301","52","477","1271","0","37.53","9.76"
"10","009","00","011","1114","0336","425","124","301","52","477","1271","0","37.53","9.76"
"10","009","00","011","1115","0000","364","94","270","42","406","912","0","44.52","10.31"
"10","009","00","011","1115","0337","364","94","270","42","406","912","0","44.52","10.31"
"10","009","00","011","1116","0000","357","110","247","32","389","861","0","45.18","12.78"
"10","009","00","011","1116","0338","357","110","247","32","389","861","0","45.18","12.78"
"10","009","00","011","1117","0000","410","103","307","48","458","1030","0","44.47","10.0"
"10","009","00","011","1117","0339","410","103","307","48","458","1030","0","44.47","10.0"
"10","009","00","011","1118","0000","647","213","434","63","710","1427","0","49.75","14.93"
"10","009","00","011","1118","0327","647","213","434","63","710","1427","0","49.75","14.93"
"10","009","00","012","0000","0000","9410","2900","6510","829","10239","21050","24427","48.64","13.78"
"10","009","00","012","1201","0000","599","187","412","58","657","1176","0","55.87","15.9"
"10","009","00","012","1201","0297","599","187","412","58","657","1176","0","55.87","15.9"
"10","009","00","012","1202","0000","684","203","481","38","722","1439","0","50.17","14.11"
"10","009","00","012","1202","0298","684","203","481","38","722","1439","0","50.17","14.11"
"10","009","00","012","1203","0000","1232","332","900","84","1316","2286","0","57.57","14.52"
"10","009","00","012","1203","0299","567","139","428","41","608","1027","0","59.2","13.53"
"10","009","00","012","1203","0300","665","193","472","43","708","1259","0","56.24","15.33"
"10","009","00","012","1204","0000","905","454","451","64","969","2056","0","47.13","22.08"
"10","009","00","012","1204","0301","481","336","145","31","512","1058","0","48.39","31.76"
"10","009","00","012","1204","0302","424","118","306","33","457","998","0","45.79","11.82"
"10","009","00","012","1205","0000","936","276","660","78","1014","2023","0","50.12","13.64"
"10","009","00","012","1205","0303","437","120","317","26","463","968","0","47.83","12.4"
"10","009","00","012","1205","0304","499","156","343","52","551","1055","0","52.23","14.79"
"10","009","00","012","1206","0000","563","194","369","62","625","1315","0","47.53","14.75"
"10","009","00","012","1206","0305","563","194","369","62","625","1315","0","47.53","14.75"
"10","009","00","012","1207","0000","807","209","598","107","914","2024","0","45.16","10.33"
"10","009","00","012","1207","0306","310","82","228","24","334","1027","0","32.52","7.98"
"10","009","00","012","1207","0307","497","127","370","83","580","997","0","58.17","12.74"
"10","009","00","012","1208","0000","399","100","299","29","428","807","0","53.04","12.39"
"10","009","00","012","1208","0308","399","100","299","29","428","807","0","53.04","12.39"
"10","009","00","012","1209","0000","606","184","422","58","664","1502","0","44.21","12.25"
"10","009","00","012","1209","0309","269","86","183","17","286","698","0","40.97","12.32"
"10","009","00","012","1209","0310","337","98","239","41","378","804","0","47.01","12.19"
"10","009","00","012","1210","0000","737","213","524","52","789","1753","0","45.01","12.15"
"10","009","00","012","1210","0311","396","115","281","23","419","867","0","48.33","13.26"
"10","009","00","012","1210","0312","341","98","243","29","370","886","0","41.76","11.06"
"10","009","00","012","1211","0000","539","138","401","77","616","1476","0","41.73","9.35"
"10","009","00","012","1211","0313","539","138","401","77","616","1476","0","41.73","9.35"
"10","009","00","012","1212","0000","380","109","271","28","408","1159","0","35.2","9.4"
"10","009","00","012","1212","0314","380","109","271","28","408","1159","0","35.2","9.4"
"10","009","00","012","1213","0000","627","178","449","66","693","1220","0","56.8","14.59"
"10","009","00","012","1213","0315","627","178","449","66","693","1220","0","56.8","14.59"
"10","009","00","012","1214","0000","396","123","273","28","424","814","0","52.09","15.11"
"10","009","00","012","1214","0316","396","123","273","28","424","814","0","52.09","15.11"
"10","009","00","013","0000","0000","16824","4892","11932","1402","18226","37119","46004","49.1","13.18"
"10","009","00","013","1301","0000","1768","526","1242","153","1921","4029","0","47.68","13.06"
"10","009","00","013","1301","0005","557","188","369","55","612","1340","0","45.67","14.03"
"10","009","00","013","1301","0006","502","151","351","50","552","1138","0","48.51","13.27"
"10","009","00","013","1301","0007","709","187","522","48","757","1551","0","48.81","12.06"
"10","009","00","013","1302","0000","3156","878","2278","212","3368","6988","0","48.2","12.56"
"10","009","00","013","1302","0001","605","159","446","52","657","1497","0","43.89","10.62"
"10","009","00","013","1302","0002","823","230","593","50","873","1738","0","50.23","13.23"
"10","009","00","013","1302","0003","901","248","653","55","956","1921","0","49.77","12.91"
"10","009","00","013","1302","0004","827","241","586","55","882","1832","0","48.14","13.16"
"10","009","00","013","1303","0000","756","222","534","76","832","1909","0","43.58","11.63"
"10","009","00","013","1303","0008","287","78","209","25","312","715","0","43.64","10.91"
"10","009","00","013","1303","0009","469","144","325","51","520","1194","0","43.55","12.06"
"10","009","00","013","1304","0000","1025","286","739","68","1093","2581","0","42.35","11.08"
"10","009","00","013","1304","0010","456","119","337","32","488","1023","0","47.7","11.63"
"10","009","00","013","1304","0011","569","167","402","36","605","1558","0","38.83","10.72"
"10","009","00","013","1305","0000","1176","310","866","98","1274","2559","0","49.79","12.11"
"10","009","00","013","1305","0019","569","146","423","52","621","1230","0","50.49","11.87"
"10","009","00","013","1305","0020","607","164","443","46","653","1329","0","49.13","12.34"
"10","009","00","013","1306","0000","1332","452","880","122","1454","2959","0","49.14","15.28"
"10","009","00","013","1306","0014","625","270","355","61","686","1363","0","50.33","19.81"
"10","009","00","013","1306","0015","707","182","525","61","768","1596","0","48.12","11.4"
"10","009","00","013","1307","0000","855","263","592","45","900","2170","0","41.47","12.12"
"10","009","00","013","1307","0012","453","146","307","25","478","1187","0","40.27","12.3"
"10","009","00","013","1307","0013","402","117","285","20","422","983","0","42.93","11.9"
"10","009","00","013","1308","0000","800","246","554","78","878","2002","0","43.86","12.29"
"10","009","00","013","1308","0017","387","125","262","45","432","964","0","44.81","12.97"
"10","009","00","013","1308","0018","413","121","292","33","446","1038","0","42.97","11.66"
"10","009","00","013","1309","0000","1872","533","1339","239","2111","3841","0","54.96","13.88"
"10","009","00","013","1309","0021","533","130","403","72","605","1129","0","53.59","11.51"
"10","009","00","013","1309","0022","626","195","431","74","700","1241","0","56.41","15.71"
"10","009","00","013","1309","0023","713","208","505","93","806","1471","0","54.79","14.14"
"10","009","00","013","1310","0000","579","169","410","60","639","1107","0","57.72","15.27"
"10","009","00","013","1310","0024","579","169","410","60","639","1107","0","57.72","15.27"
"10","009","00","013","1311","0000","1645","454","1191","111","1756","3391","0","51.78","13.39"
"10","009","00","013","1311","0025","833","227","606","67","900","1636","0","55.01","13.88"
"10","009","00","013","1311","0026","812","227","585","44","856","1755","0","48.77","12.93"
"10","009","00","013","1312","0000","1071","323","748","67","1138","2114","0","53.83","15.28"
"10","009","00","013","1312","0027","587","157","430","35","622","1158","0","53.71","13.56"
"10","009","00","013","1312","0028","484","166","318","32","516","956","0","53.97","17.36"
"10","009","00","013","1313","0000","789","230","559","73","862","1469","0","58.68","15.66"
"10","009","00","013","1313","0016","789","230","559","73","862","1469","0","58.68","15.66"
"10","009","00","014","0000","0000","5997","1805","4192","600","6597","13239","14845","49.83","13.63"
"10","009","00","014","1401","0000","822","215","607","51","873","1533","0","56.95","14.02"
"10","009","00","014","1401","0055","822","215","607","51","873","1533","0","56.95","14.02"
"10","009","00","014","1402","0000","654","178","476","66","720","1203","0","59.85","14.8"
"10","009","00","014","1402","0056","654","178","476","66","720","1203","0","59.85","14.8"
"10","009","00","014","1403","0000","733","220","513","59","792","1624","0","48.77","13.55"
"10","009","00","014","1403","0053","375","110","265","23","398","896","0","44.42","12.28"
"10","009","00","014","1403","0054","358","110","248","36","394","728","0","54.12","15.11"
"10","009","00","014","1404","0000","303","83","220","27","330","540","0","61.11","15.37"
"10","009","00","014","1404","0052","303","83","220","27","330","540","0","61.11","15.37"
"10","009","00","014","1405","0000","504","319","185","37","541","1207","0","44.82","26.43"
"10","009","00","014","1405","0051","504","319","185","37","541","1207","0","44.82","26.43"
"10","009","00","014","1406","0000","297","82","215","28","325","546","0","59.52","15.02"
"10","009","00","014","1406","0058","297","82","215","28","325","546","0","59.52","15.02"
"10","009","00","014","1407","0000","348","89","259","45","393","817","0","48.1","10.89"
"10","009","00","014","1407","0057","348","89","259","45","393","817","0","48.1","10.89"
"10","009","00","014","1408","0000","319","87","232","52","371","856","0","43.34","10.16"
"10","009","00","014","1408","0060","319","87","232","52","371","856","0","43.34","10.16"
"10","009","00","014","1409","0000","371","100","271","67","438","853","0","51.35","11.72"
"10","009","00","014","1409","0059","371","100","271","67","438","853","0","51.35","11.72"
"10","009","00","014","1410","0000","874","245","629","88","962","1945","0","49.46","12.6"
"10","009","00","014","1410","0061","394","113","281","51","445","923","0","48.21","12.24"
"10","009","00","014","1410","0062","480","132","348","37","517","1022","0","50.59","12.92"
"10","009","00","014","1411","0000","386","92","294","48","434","1087","0","39.93","8.46"
"10","009","00","014","1411","0065","386","92","294","48","434","1087","0","39.93","8.46"
"10","009","00","014","1412","0000","386","95","291","32","418","1028","0","40.66","9.24"
"10","009","00","014","1412","0063","225","46","179","17","242","634","0","38.17","7.26"
"10","009","00","014","1412","0064","161","49","112","15","176","394","0","44.67","12.44"
"10","009","00","015","0000","0000","5457","1690","3767","410","5867","11381","12992","51.55","14.85"
"10","009","00","015","1501","0000","1034","312","722","71","1105","1916","0","57.67","16.28"
"10","009","00","015","1501","0066","477","128","349","44","521","923","0","56.45","13.87"
"10","009","00","015","1501","0067","557","184","373","27","584","993","0","58.81","18.53"
"10","009","00","015","1502","0000","719","240","479","33","752","1450","0","51.86","16.55"
"10","009","00","015","1502","0068","373","125","248","22","395","748","0","52.81","16.71"
"10","009","00","015","1502","0069","346","115","231","11","357","702","0","50.85","16.38"
"10","009","00","015","1503","0000","751","224","527","40","791","1508","0","52.45","14.85"
"10","009","00","015","1503","0070","366","94","272","20","386","752","0","51.33","12.5"
"10","009","00","015","1503","0071","385","130","255","20","405","756","0","53.57","17.2"
"10","009","00","015","1504","0000","560","194","366","46","606","1207","0","50.21","16.07"
"10","009","00","015","1504","0074","213","63","150","22","235","470","0","50.0","13.4"
"10","009","00","015","1504","0075","347","131","216","24","371","737","0","50.34","17.77"
"10","009","00","015","1505","0000","685","210","475","44","729","1524","0","47.83","13.78"
"10","009","00","015","1505","0072","246","75","171","12","258","490","0","52.65","15.31"
"10","009","00","015","1505","0073","439","135","304","32","471","1034","0","45.55","13.06"
"10","009","00","015","1506","0000","408","111","297","28","436","878","0","49.66","12.64"
"10","009","00","015","1506","0076","408","111","297","28","436","878","0","49.66","12.64"
"10","009","00","015","1507","0000","351","103","248","39","390","778","0","50.13","13.24"
"10","009","00","015","1507","0077","351","103","248","39","390","778","0","50.13","13.24"
"10","009","00","015","1508","0000","586","191","395","45","631","1224","0","51.55","15.6"
"10","009","00","015","1508","0078","586","191","395","45","631","1224","0","51.55","15.6"
"10","009","00","015","1509","0000","363","105","258","64","427","896","0","47.66","11.72"
"10","009","00","015","1509","0079","363","105","258","64","427","896","0","47.66","11.72"
"10","009","00","016","0000","0000","8819","2308","6511","862","9681","21125","23824","45.83","10.93"
"10","009","00","016","1601","0000","628","174","454","54","682","1238","0","55.09","14.05"
"10","009","00","016","1601","0029","628","174","454","54","682","1238","0","55.09","14.05"
"10","009","00","016","1602","0000","529","145","384","52","581","1098","0","52.91","13.21"
"10","009","00","016","1602","0031","529","145","384","52","581","1098","0","52.91","13.21"
"10","009","00","016","1603","0000","478","120","358","38","516","1091","0","47.3","11.0"
"10","009","00","016","1603","0030","478","120","358","38","516","1091","0","47.3","11.0"
"10","009","00","016","1604","0000","869","235","634","78","947","2073","0","45.68","11.34"
"10","009","00","016","1604","0032","423","124","299","30","453","1048","0","43.23","11.83"
"10","009","00","016","1604","0033","446","111","335","48","494","1025","0","48.2","10.83"
"10","009","00","016","1605","0000","580","135","445","67","647","1460","0","44.32","9.25"
"10","009","00","016","1605","0035","580","135","445","67","647","1460","0","44.32","9.25"
"10","009","00","016","1606","0000","588","145","443","88","676","1890","0","35.77","7.67"
"10","009","00","016","1606","0036","371","96","275","66","437","1180","0","37.03","8.14"
"10","009","00","016","1606","0037","217","49","168","22","239","710","0","33.66","6.9"
"10","009","00","016","1607","0000","241","60","181","14","255","620","0","41.13","9.68"
"10","009","00","016","1607","0038","241","60","181","14","255","620","0","41.13","9.68"
"10","009","00","016","1608","0000","236","65","171","39","275","687","0","40.03","9.46"
"10","009","00","016","1608","0040","236","65","171","39","275","687","0","40.03","9.46"
"10","009","00","016","1609","0000","186","61","125","27","213","449","0","47.44","13.59"
"10","009","00","016","1609","0039","186","61","125","27","213","449","0","47.44","13.59"
"10","009","00","016","1610","0000","392","107","285","37","429","850","0","50.47","12.59"
"10","009","00","016","1610","0034","392","107","285","37","429","850","0","50.47","12.59"
"10","009","00","016","1611","0000","679","190","489","63","742","1514","0","49.01","12.55"
"10","009","00","016","1611","0043","476","134","342","47","523","1042","0","50.19","12.86"
"10","009","00","016","1611","0044","203","56","147","16","219","472","0","46.4","11.86"
"10","009","00","016","1612","0000","566","136","430","31","597","1409","0","42.37","9.65"
"10","009","00","016","1612","0045","566","136","430","31","597","1409","0","42.37","9.65"
"10","009","00","016","1613","0000","1314","340","974","167","1481","3067","0","48.29","11.09"
"10","009","00","016","1613","0046","498","132","366","64","562","1061","0","52.97","12.44"
"10","009","00","016","1613","0047","397","110","287","30","427","993","0","43.0","11.08"
"10","009","00","016","1613","0048","419","98","321","73","492","1013","0","48.57","9.67"
"10","009","00","016","1614","0000","821","206","615","47","868","1849","0","46.94","11.14"
"10","009","00","016","1614","0049","573","139","434","31","604","1233","0","48.99","11.27"
"10","009","00","016","1614","0050","248","67","181","16","264","616","0","42.86","10.88"
"10","009","00","016","1615","0000","712","189","523","60","772","1830","0","42.19","10.33"
"10","009","00","016","1615","0041","513","140","373","49","562","1247","0","45.07","11.23"
"10","009","00","016","1615","0042","199","49","150","11","210","583","0","36.02","8.4"
"10","009","00","017","0000","0000","9002","2580","6422","848","9850","22830","25784","43.14","11.3"
"10","009","00","017","1701","0000","1532","454","1078","85","1617","3349","0","48.28","13.56"
"10","009","00","017","1701","0180","440","127","313","25","465","915","0","50.82","13.88"
"10","009","00","017","1701","0181","589","181","408","21","610","1284","0","47.51","14.1"
"10","009","00","017","1701","0182","503","146","357","39","542","1150","0","47.13","12.7"
"10","009","00","017","1702","0000","642","189","453","80","722","1534","0","47.07","12.32"
"10","009","00","017","1702","0183","294","91","203","36","330","744","0","44.35","12.23"
"10","009","00","017","1702","0184","348","98","250","44","392","790","0","49.62","12.41"
"10","009","00","017","1703","0000","493","114","379","66","559","1356","0","41.22","8.41"
"10","009","00","017","1703","0185","493","114","379","66","559","1356","0","41.22","8.41"
"10","009","00","017","1704","0000","314","85","229","44","358","739","0","48.44","11.5"
"10","009","00","017","1704","0186","314","85","229","44","358","739","0","48.44","11.5"
"10","009","00","017","1705","0000","348","99","249","40","388","965","0","40.21","10.26"
"10","009","00","017","1705","0187","348","99","249","40","388","965","0","40.21","10.26"
"10","009","00","017","1706","0000","402","100","302","62","464","1080","0","42.96","9.26"
"10","009","00","017","1706","0188","402","100","302","62","464","1080","0","42.96","9.26"
"10","009","00","017","1707","0000","350","107","243","34","384","948","0","40.51","11.29"
"10","009","00","017","1707","0189","350","107","243","34","384","948","0","40.51","11.29"
"10","009","00","017","1708","0000","221","59","162","23","244","762","0","32.02","7.74"
"10","009","00","017","1708","0190","221","59","162","23","244","762","0","32.02","7.74"
"10","009","00","017","1709","0000","254","80","174","18","272","582","0","46.74","13.75"
"10","009","00","017","1709","0191","254","80","174","18","272","582","0","46.74","13.75"
"10","009","00","017","1710","0000","306","80","226","13","319","865","0","36.88","9.25"
"10","009","00","017","1710","0192","306","80","226","13","319","865","0","36.88","9.25"
"10","009","00","017","1711","0000","76","19","57","6","82","362","0","22.65","5.25"
"10","009","00","017","1711","0193","76","19","57","6","82","362","0","22.65","5.25"
"10","009","00","017","1712","0000","420","130","290","27","447","1162","0","38.47","11.19"
"10","009","00","017","1712","0194","420","130","290","27","447","1162","0","38.47","11.19"
"10","009","00","017","1713","0000","631","172","459","31","662","1527","0","43.35","11.26"
"10","009","00","017","1713","0195","631","172","459","31","662","1527","0","43.35","11.26"
"10","009","00","017","1714","0000","433","133","300","54","487","1006","0","48.41","13.22"
"10","009","00","017","1714","0196","433","133","300","54","487","1006","0","48.41","13.22"
"10","009","00","017","1715","0000","345","96","249","19","364","855","0","42.57","11.23"
"10","009","00","017","1715","0197","345","96","249","19","364","855","0","42.57","11.23"
"10","009","00","017","1716","0000","491","143","348","66","557","1181","0","47.16","12.11"
"10","009","00","017","1716","0198","491","143","348","66","557","1181","0","47.16","12.11"
"10","009","00","017","1717","0000","329","95","234","31","360","864","0","41.67","11.0"
"10","009","00","017","1717","0199","329","95","234","31","360","864","0","41.67","11.0"
"10","009","00","017","1718","0000","560","187","373","62","622","1545","0","40.26","12.1"
"10","009","00","017","1718","0200","237","78","159","30","267","667","0","40.03","11.69"
"10","009","00","017","1718","0201","323","109","214","32","355","878","0","40.43","12.41"
"10","009","00","017","1719","0000","185","48","137","6","191","610","0","31.31","7.87"
"10","009","00","017","1719","0202","185","48","137","6","191","610","0","31.31","7.87"
"10","009","00","017","1720","0000","349","103","246","51","400","837","0","47.79","12.31"
"10","009","00","017","1720","0203","349","103","246","51","400","837","0","47.79","12.31"
"10","009","00","017","1721","0000","321","87","234","30","351","701","0","50.07","12.41"
"10","009","00","017","1721","0204","321","87","234","30","351","701","0","50.07","12.41"
"10","009","00","018","0000","0000","7488","2046","5442","800","8288","20983","23317","39.5","9.75"
"10","009","00","018","1801","0000","762","188","574","87","849","1758","0","48.29","10.69"
"10","009","00","018","1801","0155","434","115","319","49","483","1082","0","44.64","10.63"
"10","009","00","018","1801","0156","328","73","255","38","366","676","0","54.14","10.8"
"10","009","00","018","1802","0000","230","55","175","20","250","650","0","38.46","8.46"
"10","009","00","018","1802","0160","230","55","175","20","250","650","0","38.46","8.46"
"10","009","00","018","1803","0000","406","117","289","23","429","969","0","44.27","12.07"
"10","009","00","018","1803","0161","406","117","289","23","429","969","0","44.27","12.07"
"10","009","00","018","1804","0000","326","97","229","49","375","925","0","40.54","10.49"
"10","009","00","018","1804","0162","326","97","229","49","375","925","0","40.54","10.49"
"10","009","00","018","1805","0000","1073","282","791","70","1143","2291","0","49.89","12.31"
"10","009","00","018","1805","0157","414","105","309","18","432","862","0","50.12","12.18"
"10","009","00","018","1805","0158","156","44","112","22","178","477","0","37.32","9.22"
"10","009","00","018","1805","0159","503","133","370","30","533","952","0","55.99","13.97"
"10","009","00","018","1806","0000","435","120","315","44","479","1219","0","39.29","9.84"
"10","009","00","018","1806","0165","435","120","315","44","479","1219","0","39.29","9.84"
"10","009","00","018","1807","0000","204","71","133","39","243","759","0","32.02","9.35"
"10","009","00","018","1807","0164","204","71","133","39","243","759","0","32.02","9.35"
"10","009","00","018","1808","0000","376","88","288","28","404","914","0","44.2","9.63"
"10","009","00","018","1808","0163","376","88","288","28","404","914","0","44.2","9.63"
"10","009","00","018","1809","0000","267","72","195","31","298","876","0","34.02","8.22"
"10","009","00","018","1809","0169","267","72","195","31","298","876","0","34.02","8.22"
"10","009","00","018","1810","0000","124","38","86","15","139","360","0","38.61","10.56"
"10","009","00","018","1810","0170","124","38","86","15","139","360","0","38.61","10.56"
"10","009","00","018","1811","0000","217","67","150","15","232","773","0","30.01","8.67"
"10","009","00","018","1811","0167","217","67","150","15","232","773","0","30.01","8.67"
"10","009","00","018","1812","0000","293","80","213","31","324","937","0","34.58","8.54"
"10","009","00","018","1812","0166","293","80","213","31","324","937","0","34.58","8.54"
"10","009","00","018","1813","0000","480","148","332","70","550","1718","0","32.01","8.61"
"10","009","00","018","1813","0171","226","69","157","38","264","885","0","29.83","7.8"
"10","009","00","018","1813","0172","254","79","175","32","286","833","0","34.33","9.48"
"10","009","00","018","1814","0000","285","89","196","33","318","785","0","40.51","11.34"
"10","009","00","018","1814","0173","285","89","196","33","318","785","0","40.51","11.34"
"10","009","00","018","1815","0000","311","68","243","27","338","705","0","47.94","9.65"
"10","009","00","018","1815","0174","311","68","243","27","338","705","0","47.94","9.65"
"10","009","00","018","1816","0000","277","85","192","25","302","927","0","32.58","9.17"
"10","009","00","018","1816","0175","277","85","192","25","302","927","0","32.58","9.17"
"10","009","00","018","1817","0000","357","94","263","52","409","1071","0","38.19","8.78"
"10","009","00","018","1817","0177","357","94","263","52","409","1071","0","38.19","8.78"
"10","009","00","018","1818","0000","279","82","197","18","297","1022","0","29.06","8.02"
"10","009","00","018","1818","0178","279","82","197","18","297","1022","0","29.06","8.02"
"10","009","00","018","1819","0000","272","61","211","33","305","711","0","42.9","8.58"
"10","009","00","018","1819","0179","272","61","211","33","305","711","0","42.9","8.58"
"10","009","00","018","1820","0000","195","46","149","30","225","555","0","40.54","8.29"
"10","009","00","018","1820","0168","195","46","149","30","225","555","0","40.54","8.29"
"10","009","00","018","1821","0000","319","98","221","60","379","1058","0","35.82","9.26"
"10","009","00","018","1821","0176","319","98","221","60","379","1058","0","35.82","9.26"
"10","009","00","019","0000","0000","10232","2889","7343","1240","11472","24193","27383","47.42","11.94"
"10","009","00","019","1901","0000","589","194","395","75","664","1225","0","54.2","15.84"
"10","009","00","019","1901","0206","589","194","395","75","664","1225","0","54.2","15.84"
"10","009","00","019","1902","0000","524","155","369","64","588","1134","0","51.85","13.67"
"10","009","00","019","1902","0205","524","155","369","64","588","1134","0","51.85","13.67"
"10","009","00","019","1903","0000","232","54","178","45","277","647","0","42.81","8.35"
"10","009","00","019","1903","0207","232","54","178","45","277","647","0","42.81","8.35"
"10","009","00","019","1904","0000","364","119","245","65","429","900","0","47.67","13.22"
"10","009","00","019","1904","0209","364","119","245","65","429","900","0","47.67","13.22"
"10","009","00","019","1905","0000","320","89","231","30","350","709","0","49.37","12.55"
"10","009","00","019","1905","0208","320","89","231","30","350","709","0","49.37","12.55"
"10","009","00","019","1906","0000","432","127","305","65","497","1011","0","49.16","12.56"
"10","009","00","019","1906","0210","432","127","305","65","497","1011","0","49.16","12.56"
"10","009","00","019","1907","0000","546","153","393","36","582","1437","0","40.5","10.65"
"10","009","00","019","1907","0211","546","153","393","36","582","1437","0","40.5","10.65"
"10","009","00","019","1908","0000","716","191","525","39","755","2041","0","36.99","9.36"
"10","009","00","019","1908","0212","261","81","180","13","274","848","0","32.31","9.55"
"10","009","00","019","1908","0213","455","110","345","26","481","1193","0","40.32","9.22"
"10","009","00","019","1909","0000","574","157","417","82","656","1574","0","41.68","9.97"
"10","009","00","019","1909","0214","249","71","178","39","288","759","0","37.94","9.35"
"10","009","00","019","1909","0215","325","86","239","43","368","815","0","45.15","10.55"
"10","009","00","019","1910","0000","627","196","431","77","704","1460","0","48.22","13.42"
"10","009","00","019","1910","0216","627","196","431","77","704","1460","0","48.22","13.42"
"10","009","00","019","1911","0000","182","65","117","7","189","556","0","33.99","11.69"
"10","009","00","019","1911","0217","182","65","117","7","189","556","0","33.99","11.69"
"10","009","00","019","1912","0000","651","169","482","53","704","1532","0","45.95","11.03"
"10","009","00","019","1912","0218","651","169","482","53","704","1532","0","45.95","11.03"
"10","009","00","019","1913","0000","367","85","282","17","384","847","0","45.34","10.04"
"10","009","00","019","1913","0219","367","85","282","17","384","847","0","45.34","10.04"
"10","009","00","019","1914","0000","830","248","582","177","1007","1882","0","53.51","13.18"
"10","009","00","019","1914","0220","161","49","112","21","182","374","0","48.66","13.1"
"10","009","00","019","1914","0221","669","199","470","156","825","1508","0","54.71","13.2"
"10","009","00","019","1915","0000","475","112","363","53","528","951","0","55.52","11.78"
"10","009","00","019","1915","0222","475","112","363","53","528","951","0","55.52","11.78"
"10","009","00","019","1916","0000","373","113","260","34","407","1006","0","40.46","11.23"
"10","009","00","019","1916","0228","373","113","260","34","407","1006","0","40.46","11.23"
"10","009","00","019","1917","0000","420","94","326","59","479","952","0","50.32","9.87"
"10","009","00","019","1917","0226","420","94","326","59","479","952","0","50.32","9.87"
"10","009","00","019","1918","0000","347","110","237","43","390","720","0","54.17","15.28"
"10","009","00","019","1918","0227","347","110","237","43","390","720","0","54.17","15.28"
"10","009","00","019","1919","0000","939","257","682","103","1042","1789","0","58.24","14.37"
"10","009","00","019","1919","0223","459","128","331","67","526","910","0","57.8","14.07"
"10","009","00","019","1919","0224","480","129","351","36","516","879","0","58.7","14.68"
"10","009","00","019","1920","0000","487","150","337","104","591","1213","0","48.72","12.37"
"10","009","00","019","1920","0225","487","150","337","104","591","1213","0","48.72","12.37"
"10","009","00","019","1921","0000","237","51","186","12","249","607","0","41.02","8.4"
"10","009","00","019","1921","0229","237","51","186","12","249","607","0","41.02","8.4"
"10","009","00","020","0000","0000","8796","2789","6007","973","9769","22508","25426","43.4","12.39"
"10","009","00","020","2001","0000","996","323","673","78","1074","2242","0","47.9","14.41"
"10","009","00","020","2001","0230","568","181","387","59","627","1355","0","46.27","13.36"
"10","009","00","020","2001","0231","428","142","286","19","447","887","0","50.39","16.01"
"10","009","00","020","2002","0000","970","296","674","63","1033","1997","0","51.73","14.82"
"10","009","00","020","2002","0232","619","188","431","44","663","1234","0","53.73","15.24"
"10","009","00","020","2002","0233","351","108","243","19","370","763","0","48.49","14.15"
"10","009","00","020","2003","0000","434","148","286","62","496","1022","0","48.53","14.48"
"10","009","00","020","2003","0253","434","148","286","62","496","1022","0","48.53","14.48"
"10","009","00","020","2004","0000","466","123","343","33","499","1191","0","41.9","10.33"
"10","009","00","020","2004","0254","466","123","343","33","499","1191","0","41.9","10.33"
"10","009","00","020","2005","0000","419","133","286","75","494","1006","0","49.11","13.22"
"10","009","00","020","2005","0240","419","133","286","75","494","1006","0","49.11","13.22"
"10","009","00","020","2006","0000","250","75","175","13","263","651","0","40.4","11.52"
"10","009","00","020","2006","0241","250","75","175","13","263","651","0","40.4","11.52"
"10","009","00","020","2007","0000","233","62","171","10","243","607","0","40.03","10.21"
"10","009","00","020","2007","0242","233","62","171","10","243","607","0","40.03","10.21"
"10","009","00","020","2008","0000","372","107","265","60","432","1033","0","41.82","10.36"
"10","009","00","020","2008","0243","372","107","265","60","432","1033","0","41.82","10.36"
"10","009","00","020","2009","0000","188","47","141","17","205","631","0","32.49","7.45"
"10","009","00","020","2009","0244","188","47","141","17","205","631","0","32.49","7.45"
"10","009","00","020","2010","0000","353","89","264","47","400","961","0","41.62","9.26"
"10","009","00","020","2010","0245","353","89","264","47","400","961","0","41.62","9.26"
"10","009","00","020","2011","0000","264","97","167","42","306","721","0","42.44","13.45"
"10","009","00","020","2011","0234","264","97","167","42","306","721","0","42.44","13.45"
"10","009","00","020","2012","0000","229","63","166","10","239","647","0","36.94","9.74"
"10","009","00","020","2012","0235","229","63","166","10","239","647","0","36.94","9.74"
"10","009","00","020","2013","0000","393","115","278","16","409","1081","0","37.84","10.64"
"10","009","00","020","2013","0238","393","115","278","16","409","1081","0","37.84","10.64"
"10","009","00","020","2014","0000","385","117","268","53","438","989","0","44.29","11.83"
"10","009","00","020","2014","0236","385","117","268","53","438","989","0","44.29","11.83"
"10","009","00","020","2015","0000","297","94","203","31","328","837","0","39.19","11.23"
"10","009","00","020","2015","0237","297","94","203","31","328","837","0","39.19","11.23"
"10","009","00","020","2016","0000","368","274","94","55","423","951","0","44.48","28.81"
"10","009","00","020","2016","0246","368","274","94","55","423","951","0","44.48","28.81"
"10","009","00","020","2017","0000","328","99","229","36","364","838","0","43.44","11.81"
"10","009","00","020","2017","0247","328","99","229","36","364","838","0","43.44","11.81"
"10","009","00","020","2018","0000","420","113","307","81","501","1055","0","47.49","10.71"
"10","009","00","020","2018","0248","420","113","307","81","501","1055","0","47.49","10.71"
"10","009","00","020","2019","0000","148","40","108","28","176","512","0","34.38","7.81"
"10","009","00","020","2019","0249","148","40","108","28","176","512","0","34.38","7.81"
"10","009","00","020","2020","0000","229","56","173","16","245","671","0","36.51","8.35"
"10","009","00","020","2020","0250","229","56","173","16","245","671","0","36.51","8.35"
"10","009","00","020","2021","0000","183","60","123","39","222","693","0","32.03","8.66"
"10","009","00","020","2021","0251","183","60","123","39","222","693","0","32.03","8.66"
"10","009","00","020","2022","0000","204","53","151","35","239","689","0","34.69","7.69"
"10","009","00","020","2022","0252","204","53","151","35","239","689","0","34.69","7.69"
"10","009","00","020","2023","0000","281","104","177","37","318","704","0","45.17","14.77"
"10","009","00","020","2023","0239","281","104","177","37","318","704","0","45.17","14.77"
"10","009","00","020","2024","0000","386","101","285","36","422","779","0","54.17","12.97"
"10","009","00","020","2024","0255","386","101","285","36","422","779","0","54.17","12.97"
"10","010","00","000","0000","0000","206078","61462","144616","18516","224594","442775","507780","50.72","13.88"
"10","010","00","001","0000","0000","15610","4847","10763","1198","16808","31568","38048","53.24","15.35"
"10","010","00","001","0101","0000","1170","350","820","101","1271","2286","0","55.6","15.31"
"10","010","00","001","0101","0001","614","179","435","65","679","1210","0","56.12","14.79"
"10","010","00","001","0101","0002","556","171","385","36","592","1076","0","55.02","15.89"
"10","010","00","001","0102","0000","229","84","145","14","243","488","0","49.8","17.21"
"10","010","00","001","0102","0003","229","84","145","14","243","488","0","49.8","17.21"
"10","010","00","001","0103","0000","657","197","460","73","730","1475","0","49.49","13.36"
"10","010","00","001","0103","0004","657","197","460","73","730","1475","0","49.49","13.36"
"10","010","00","001","0104","0000","729","215","514","61","790","1673","0","47.22","12.85"
"10","010","00","001","0104","0005","321","94","227","27","348","790","0","44.05","11.9"
"10","010","00","001","0104","0006","408","121","287","34","442","883","0","50.06","13.7"
"10","010","00","001","0105","0000","502","143","359","53","555","1147","0","48.39","12.47"
"10","010","00","001","0105","0007","353","102","251","43","396","758","0","52.24","13.46"
"10","010","00","001","0105","0008","149","41","108","10","159","389","0","40.87","10.54"
"10","010","00","001","0106","0000","469","143","326","43","512","1101","0","46.5","12.99"
"10","010","00","001","0106","0009","469","143","326","43","512","1101","0","46.5","12.99"
"10","010","00","001","0107","0000","423","118","305","17","440","853","0","51.58","13.83"
"10","010","00","001","0107","0010","423","118","305","17","440","853","0","51.58","13.83"
"10","010","00","001","0108","0000","827","266","561","45","872","1692","0","51.54","15.72"
"10","010","00","001","0108","0014","407","121","286","31","438","913","0","47.97","13.25"
"10","010","00","001","0108","0015","420","145","275","14","434","779","0","55.71","18.61"
"10","010","00","001","0109","0000","605","209","396","106","711","1278","0","55.63","16.35"
"10","010","00","001","0109","0016","605","209","396","106","711","1278","0","55.63","16.35"
"10","010","00","001","0110","0000","1140","346","794","62","1202","2392","0","50.25","14.46"
"10","010","00","001","0110","0017","364","116","248","33","397","819","0","48.47","14.16"
"10","010","00","001","0110","0018","776","230","546","29","805","1573","0","51.18","14.62"
"10","010","00","001","0111","0000","383","92","291","30","413","726","0","56.89","12.67"
"10","010","00","001","0111","0019","239","58","181","25","264","481","0","54.89","12.06"
"10","010","00","001","0111","0020","144","34","110","5","149","245","0","60.82","13.88"
"10","010","00","001","0112","0000","297","155","142","18","315","575","0","54.78","26.96"
"10","010","00","001","0112","0021","168","112","56","10","178","317","0","56.15","35.33"
"10","010","00","001","0112","0022","129","43","86","8","137","258","0","53.1","16.67"
"10","010","00","001","0113","0000","1792","535","1257","108","1900","3333","0","57.01","16.05"
"10","010","00","001","0113","0023","291","71","220","42","333","611","0","54.5","11.62"
"10","010","00","001","0113","0024","853","257","596","37","890","1526","0","58.32","16.84"
"10","010","00","001","0113","0025","648","207","441","29","677","1196","0","56.61","17.31"
"10","010","00","001","0114","0000","2279","713","1566","184","2463","4467","0","55.14","15.96"
"10","010","00","001","0114","0026","759","239","520","86","845","1536","0","55.01","15.56"
"10","010","00","001","0114","0027","766","245","521","58","824","1481","0","55.64","16.54"
"10","010","00","001","0114","0028","754","229","525","40","794","1450","0","54.76","15.79"
"10","010","00","001","0115","0000","922","316","606","46","968","1829","0","52.93","17.28"
"10","010","00","001","0115","0029","403","129","274","20","423","840","0","50.36","15.36"
"10","010","00","001","0115","0030","519","187","332","26","545","989","0","55.11","18.91"
"10","010","00","001","0116","0000","1587","497","1090","112","1699","3040","0","55.89","16.35"
"10","010","00","001","0116","0031","786","218","568","62","848","1529","0","55.46","14.26"
"10","010","00","001","0116","0032","801","279","522","50","851","1511","0","56.32","18.46"
"10","010","00","001","0117","0000","305","93","212","35","340","697","0","48.78","13.34"
"10","010","00","001","0117","0033","305","93","212","35","340","697","0","48.78","13.34"
"10","010","00","001","0118","0000","1294","375","919","90","1384","2516","0","55.01","14.9"
"10","010","00","001","0118","0011","85","35","50","7","92","224","0","41.07","15.63"
"10","010","00","001","0118","0012","275","87","188","47","322","662","0","48.64","13.14"
"10","010","00","001","0118","0013","934","253","681","36","970","1630","0","59.51","15.52"
"10","010","00","002","0000","0000","16779","5003","11776","1431","18210","35191","42143","51.75","14.22"
"10","010","00","002","0201","0000","988","323","665","74","1062","1938","0","54.8","16.67"
"10","010","00","002","0201","0233","611","205","406","32","643","1183","0","54.35","17.33"
"10","010","00","002","0201","0234","377","118","259","42","419","755","0","55.5","15.63"
"10","010","00","002","0202","0000","1248","374","874","80","1328","2331","0","56.97","16.04"
"10","010","00","002","0202","0235","645","179","466","35","680","1253","0","54.27","14.29"
"10","010","00","002","0202","0236","603","195","408","45","648","1078","0","60.11","18.09"
"10","010","00","002","0203","0000","626","210","416","59","685","1117","0","61.32","18.8"
"10","010","00","002","0203","0237","626","210","416","59","685","1117","0","61.32","18.8"
"10","010","00","002","0204","0000","212","75","137","19","231","387","0","59.69","19.38"
"10","010","00","002","0204","0238","212","75","137","19","231","387","0","59.69","19.38"
"10","010","00","002","0205","0000","310","94","216","49","359","633","0","56.71","14.85"
"10","010","00","002","0205","0239","310","94","216","49","359","633","0","56.71","14.85"
"10","010","00","002","0206","0000","340","106","234","27","367","650","0","56.46","16.31"
"10","010","00","002","0206","0240","340","106","234","27","367","650","0","56.46","16.31"
"10","010","00","002","0207","0000","491","138","353","34","525","825","0","63.64","16.73"
"10","010","00","002","0207","0241","491","138","353","34","525","825","0","63.64","16.73"
"10","010","00","002","0208","0000","916","269","647","81","997","1750","0","56.97","15.37"
"10","010","00","002","0208","0242","406","127","279","40","446","810","0","55.06","15.68"
"10","010","00","002","0208","0243","510","142","368","41","551","940","0","58.62","15.11"
"10","010","00","002","0209","0000","1169","354","815","86","1255","2510","0","50.0","14.1"
"10","010","00","002","0209","0244","439","123","316","48","487","905","0","53.81","13.59"
"10","010","00","002","0209","0245","730","231","499","38","768","1605","0","47.85","14.39"
"10","010","00","002","0210","0000","2268","700","1568","147","2415","4193","0","57.6","16.69"
"10","010","00","002","0210","0246","818","279","539","39","857","1479","0","57.94","18.86"
"10","010","00","002","0210","0247","652","196","456","50","702","1218","0","57.64","16.09"
"10","010","00","002","0210","0248","798","225","573","58","856","1496","0","57.22","15.04"
"10","010","00","002","0211","0000","335","95","240","29","364","667","0","54.57","14.24"
"10","010","00","002","0211","0249","335","95","240","29","364","667","0","54.57","14.24"
"10","010","00","002","0212","0000","236","68","168","18","254","627","0","40.51","10.85"
"10","010","00","002","0212","0250","236","68","168","18","254","627","0","40.51","10.85"
"10","010","00","002","0213","0000","350","80","270","45","395","791","0","49.94","10.11"
"10","010","00","002","0213","0251","350","80","270","45","395","791","0","49.94","10.11"
"10","010","00","002","0214","0000","485","133","352","88","573","1034","0","55.42","12.86"
"10","010","00","002","0214","0252","485","133","352","88","573","1034","0","55.42","12.86"
"10","010","00","002","0215","0000","810","283","527","22","832","1710","0","48.65","16.55"
"10","010","00","002","0215","0253","810","283","527","22","832","1710","0","48.65","16.55"
"10","010","00","002","0216","0000","1384","405","979","82","1466","3218","0","45.56","12.59"
"10","010","00","002","0216","0254","761","224","537","35","796","1671","0","47.64","13.41"
"10","010","00","002","0216","0255","623","181","442","47","670","1547","0","43.31","11.7"
"10","010","00","002","0217","0000","1313","378","935","82","1395","2904","0","48.04","13.02"
"10","010","00","002","0217","0256","595","177","418","62","657","1602","0","41.01","11.05"
"10","010","00","002","0217","0257","718","201","517","20","738","1302","0","56.68","15.44"
"10","010","00","002","0218","0000","332","92","240","44","376","740","0","50.81","12.43"
"10","010","00","002","0218","0258","332","92","240","44","376","740","0","50.81","12.43"
"10","010","00","002","0219","0000","563","161","402","58","621","1054","0","58.92","15.28"
"10","010","00","002","0219","0259","563","161","402","58","621","1054","0","58.92","15.28"
"10","010","00","002","0220","0000","352","97","255","17","369","907","0","40.68","10.69"
"10","010","00","002","0220","0260","352","97","255","17","369","907","0","40.68","10.69"
"10","010","00","002","0221","0000","116","36","80","31","147","251","0","58.57","14.34"
"10","010","00","002","0221","0262","116","36","80","31","147","251","0","58.57","14.34"
"10","010","00","002","0222","0000","290","94","196","23","313","720","0","43.47","13.06"
"10","010","00","002","0222","0261","290","94","196","23","313","720","0","43.47","13.06"
"10","010","00","002","0223","0000","285","73","212","49","334","767","0","43.55","9.52"
"10","010","00","002","0223","0263","285","73","212","49","334","767","0","43.55","9.52"
"10","010","00","002","0224","0000","346","91","255","44","390","702","0","55.56","12.96"
"10","010","00","002","0224","0264","346","91","255","44","390","702","0","55.56","12.96"
"10","010","00","002","0225","0000","424","109","315","66","490","1038","0","47.21","10.5"
"10","010","00","002","0225","0265","424","109","315","66","490","1038","0","47.21","10.5"
"10","010","00","002","0226","0000","382","114","268","28","410","1228","0","33.39","9.28"
"10","010","00","002","0226","0266","382","114","268","28","410","1228","0","33.39","9.28"
"10","010","00","002","0227","0000","208","51","157","49","257","499","0","51.5","10.22"
"10","010","00","002","0227","0267","208","51","157","49","257","499","0","51.5","10.22"
"10","010","00","003","0000","0000","10557","2878","7679","1111","11668","23965","26846","48.69","12.01"
"10","010","00","003","0301","0000","277","82","195","23","300","614","0","48.86","13.36"
"10","010","00","003","0301","0325","277","82","195","23","300","614","0","48.86","13.36"
"10","010","00","003","0302","0000","148","38","110","21","169","372","0","45.43","10.22"
"10","010","00","003","0302","0326","148","38","110","21","169","372","0","45.43","10.22"
"10","010","00","003","0303","0000","1012","298","714","134","1146","2112","0","54.26","14.11"
"10","010","00","003","0303","0327","446","139","307","65","511","914","0","55.91","15.21"
"10","010","00","003","0303","0328","566","159","407","69","635","1198","0","53.01","13.27"
"10","010","00","003","0304","0000","473","108","365","51","524","1113","0","47.08","9.7"
"10","010","00","003","0304","0329","473","108","365","51","524","1113","0","47.08","9.7"
"10","010","00","003","0305","0000","801","215","586","81","882","1681","0","52.47","12.79"
"10","010","00","003","0305","0330","476","143","333","62","538","992","0","54.23","14.42"
"10","010","00","003","0305","0331","325","72","253","19","344","689","0","49.93","10.45"
"10","010","00","003","0306","0000","396","113","283","65","461","882","0","52.27","12.81"
"10","010","00","003","0306","0332","396","113","283","65","461","882","0","52.27","12.81"
"10","010","00","003","0307","0000","354","96","258","28","382","731","0","52.26","13.13"
"10","010","00","003","0307","0333","354","96","258","28","382","731","0","52.26","13.13"
"10","010","00","003","0308","0000","389","87","302","34","423","779","0","54.3","11.17"
"10","010","00","003","0308","0334","389","87","302","34","423","779","0","54.3","11.17"
"10","010","00","003","0309","0000","414","111","303","39","453","953","0","47.53","11.65"
"10","010","00","003","0309","0349","414","111","303","39","453","953","0","47.53","11.65"
"10","010","00","003","0310","0000","645","167","478","47","692","1292","0","53.56","12.93"
"10","010","00","003","0310","0350","645","167","478","47","692","1292","0","53.56","12.93"
"10","010","00","003","0311","0000","1136","293","843","75","1211","2371","0","51.08","12.36"
"10","010","00","003","0311","0351","563","127","436","45","608","1127","0","53.95","11.27"
"10","010","00","003","0311","0352","573","166","407","30","603","1244","0","48.47","13.34"
"10","010","00","003","0312","0000","484","146","338","21","505","1106","0","45.66","13.2"
"10","010","00","003","0312","0353","484","146","338","21","505","1106","0","45.66","13.2"
"10","010","00","003","0313","0000","493","134","359","46","539","1145","0","47.07","11.7"
"10","010","00","003","0313","0342","493","134","359","46","539","1145","0","47.07","11.7"
"10","010","00","003","0314","0000","829","258","571","67","896","1894","0","47.31","13.62"
"10","010","00","003","0314","0343","410","116","294","30","440","936","0","47.01","12.39"
"10","010","00","003","0314","0344","419","142","277","37","456","958","0","47.6","14.82"
"10","010","00","003","0315","0000","119","34","85","16","135","298","0","45.3","11.41"
"10","010","00","003","0315","0345","119","34","85","16","135","298","0","45.3","11.41"
"10","010","00","003","0316","0000","218","64","154","30","248","428","0","57.94","14.95"
"10","010","00","003","0316","0346","218","64","154","30","248","428","0","57.94","14.95"
"10","010","00","003","0317","0000","97","27","70","7","104","295","0","35.25","9.15"
"10","010","00","003","0317","0347","52","14","38","1","53","121","0","43.8","11.57"
"10","010","00","003","0317","0348","45","13","32","6","51","174","0","29.31","7.47"
"10","010","00","003","0318","0000","302","75","227","38","340","762","0","44.62","9.84"
"10","010","00","003","0318","0335","302","75","227","38","340","762","0","44.62","9.84"
"10","010","00","003","0319","0000","479","123","356","55","534","1184","0","45.1","10.39"
"10","010","00","003","0319","0336","479","123","356","55","534","1184","0","45.1","10.39"
"10","010","00","003","0320","0000","485","141","344","66","551","1351","0","40.78","10.44"
"10","010","00","003","0320","0338","485","141","344","66","551","1351","0","40.78","10.44"
"10","010","00","003","0321","0000","501","139","362","71","572","1423","0","40.2","9.77"
"10","010","00","003","0321","0337","501","139","362","71","572","1423","0","40.2","9.77"
"10","010","00","003","0322","0000","218","52","166","20","238","518","0","45.95","10.04"
"10","010","00","003","0322","0339","116","25","91","7","123","275","0","44.73","9.09"
"10","010","00","003","0322","0340","102","27","75","13","115","243","0","47.33","11.11"
"10","010","00","003","0323","0000","287","77","210","76","363","661","0","54.92","11.65"
"10","010","00","003","0323","0341","287","77","210","76","363","661","0","54.92","11.65"
"10","010","00","004","0000","0000","12953","3920","9033","988","13941","26922","30954","51.78","14.56"
"10","010","00","004","0401","0000","246","75","171","22","268","483","0","55.49","15.53"
"10","010","00","004","0401","0169","246","75","171","22","268","483","0","55.49","15.53"
"10","010","00","004","0402","0000","963","290","673","58","1021","1823","0","56.01","15.91"
"10","010","00","004","0402","0170","963","290","673","58","1021","1823","0","56.01","15.91"
"10","010","00","004","0403","0000","520","139","381","23","543","955","0","56.86","14.55"
"10","010","00","004","0403","0171","520","139","381","23","543","955","0","56.86","14.55"
"10","010","00","004","0404","0000","3036","992","2044","201","3237","5874","0","55.11","16.89"
"10","010","00","004","0404","0172","713","229","484","33","746","1436","0","51.95","15.95"
"10","010","00","004","0404","0173","703","251","452","60","763","1390","0","54.89","18.06"
"10","010","00","004","0404","0174","790","241","549","62","852","1512","0","56.35","15.94"
"10","010","00","004","0404","0175","830","271","559","46","876","1536","0","57.03","17.64"
"10","010","00","004","0405","0000","523","154","369","39","562","1165","0","48.24","13.22"
"10","010","00","004","0405","0176","523","154","369","39","562","1165","0","48.24","13.22"
"10","010","00","004","0406","0000","965","362","603","56","1021","1730","0","59.02","20.92"
"10","010","00","004","0406","0177","965","362","603","56","1021","1730","0","59.02","20.92"
"10","010","00","004","0407","0000","245","63","182","16","261","602","0","43.36","10.47"
"10","010","00","004","0407","0178","245","63","182","16","261","602","0","43.36","10.47"
"10","010","00","004","0408","0000","315","107","208","41","356","716","0","49.72","14.94"
"10","010","00","004","0408","0179","315","107","208","41","356","716","0","49.72","14.94"
"10","010","00","004","0409","0000","239","65","174","12","251","625","0","40.16","10.4"
"10","010","00","004","0409","0180","239","65","174","12","251","625","0","40.16","10.4"
"10","010","00","004","0410","0000","71","21","50","3","74","193","0","38.34","10.88"
"10","010","00","004","0410","0181","71","21","50","3","74","193","0","38.34","10.88"
"10","010","00","004","0411","0000","692","208","484","69","761","1642","0","46.35","12.67"
"10","010","00","004","0411","0182","692","208","484","69","761","1642","0","46.35","12.67"
"10","010","00","004","0412","0000","697","178","519","62","759","1465","0","51.81","12.15"
"10","010","00","004","0412","0183","697","178","519","62","759","1465","0","51.81","12.15"
"10","010","00","004","0413","0000","505","136","369","65","570","1289","0","44.22","10.55"
"10","010","00","004","0413","0184","368","101","267","42","410","928","0","44.18","10.88"
"10","010","00","004","0413","0185","137","35","102","23","160","361","0","44.32","9.7"
"10","010","00","004","0414","0000","380","115","265","15","395","814","0","48.53","14.13"
"10","010","00","004","0414","0186","380","115","265","15","395","814","0","48.53","14.13"
"10","010","00","004","0415","0000","721","212","509","40","761","1579","0","48.2","13.43"
"10","010","00","004","0415","0187","721","212","509","40","761","1579","0","48.2","13.43"
"10","010","00","004","0416","0000","968","279","689","74","1042","2041","0","51.05","13.67"
"10","010","00","004","0416","0188","968","279","689","74","1042","2041","0","51.05","13.67"
"10","010","00","004","0417","0000","421","117","304","53","474","931","0","50.91","12.57"
"10","010","00","004","0417","0189","421","117","304","53","474","931","0","50.91","12.57"
"10","010","00","004","0418","0000","311","89","222","36","347","675","0","51.41","13.19"
"10","010","00","004","0418","0190","311","89","222","36","347","675","0","51.41","13.19"
"10","010","00","004","0419","0000","302","71","231","25","327","655","0","49.92","10.84"
"10","010","00","004","0419","0191","302","71","231","25","327","655","0","49.92","10.84"
"10","010","00","004","0420","0000","377","114","263","34","411","833","0","49.34","13.69"
"10","010","00","004","0420","0192","377","114","263","34","411","833","0","49.34","13.69"
"10","010","00","004","0421","0000","456","133","323","44","500","832","0","60.1","15.99"
"10","010","00","004","0421","0193","456","133","323","44","500","832","0","60.1","15.99"
"10","010","00","005","0000","0000","30365","9608","20757","2454","32819","61209","71327","53.62","15.7"
"10","010","00","005","0501","0000","1185","386","799","72","1257","2297","0","54.72","16.8"
"10","010","00","005","0501","0093","695","227","468","37","732","1267","0","57.77","17.92"
"10","010","00","005","0501","0094","490","159","331","35","525","1030","0","50.97","15.44"
"10","010","00","005","0502","0000","866","262","604","82","948","1590","0","59.62","16.48"
"10","010","00","005","0502","0095","866","262","604","82","948","1590","0","59.62","16.48"
"10","010","00","005","0503","0000","1751","564","1187","91","1842","3391","0","54.32","16.63"
"10","010","00","005","0503","0096","830","272","558","29","859","1673","0","51.34","16.26"
"10","010","00","005","0503","0097","921","292","629","62","983","1718","0","57.22","17.0"
"10","010","00","005","0504","0000","1109","334","775","99","1208","2140","0","56.45","15.61"
"10","010","00","005","0504","0098","564","184","380","51","615","1040","0","59.13","17.69"
"10","010","00","005","0504","0099","545","150","395","48","593","1100","0","53.91","13.64"
"10","010","00","005","0505","0000","726","228","498","71","797","1559","0","51.12","14.62"
"10","010","00","005","0505","0100","726","228","498","71","797","1559","0","51.12","14.62"
"10","010","00","005","0506","0000","870","267","603","76","946","1862","0","50.81","14.34"
"10","010","00","005","0506","0101","870","267","603","76","946","1862","0","50.81","14.34"
"10","010","00","005","0507","0000","739","249","490","70","809","1435","0","56.38","17.35"
"10","010","00","005","0507","0102","739","249","490","70","809","1435","0","56.38","17.35"
"10","010","00","005","0508","0000","778","282","496","139","917","1751","0","52.37","16.11"
"10","010","00","005","0508","0103","778","282","496","139","917","1751","0","52.37","16.11"
"10","010","00","005","0509","0000","493","143","350","39","532","933","0","57.02","15.33"
"10","010","00","005","0509","0104","493","143","350","39","532","933","0","57.02","15.33"
"10","010","00","005","0510","0000","478","151","327","39","517","827","0","62.52","18.26"
"10","010","00","005","0510","0105","478","151","327","39","517","827","0","62.52","18.26"
"10","010","00","005","0511","0000","360","119","241","43","403","843","0","47.81","14.12"
"10","010","00","005","0511","0106","360","119","241","43","403","843","0","47.81","14.12"
"10","010","00","005","0512","0000","1039","314","725","79","1118","2159","0","51.78","14.54"
"10","010","00","005","0512","0107","874","259","615","62","936","1774","0","52.76","14.6"
"10","010","00","005","0512","0108","165","55","110","17","182","385","0","47.27","14.29"
"10","010","00","005","0513","0000","728","244","484","32","760","1306","0","58.19","18.68"
"10","010","00","005","0513","0109","728","244","484","32","760","1306","0","58.19","18.68"
"10","010","00","005","0514","0000","287","83","204","33","320","535","0","59.81","15.51"
"10","010","00","005","0514","0110","287","83","204","33","320","535","0","59.81","15.51"
"10","010","00","005","0515","0000","562","165","397","54","616","1055","0","58.39","15.64"
"10","010","00","005","0515","0111","562","165","397","54","616","1055","0","58.39","15.64"
"10","010","00","005","0516","0000","885","235","650","77","962","1875","0","51.31","12.53"
"10","010","00","005","0516","0127","885","235","650","77","962","1875","0","51.31","12.53"
"10","010","00","005","0517","0000","1368","440","928","110","1478","2746","0","53.82","16.02"
"10","010","00","005","0517","0128","673","217","456","54","727","1305","0","55.71","16.63"
"10","010","00","005","0517","0129","695","223","472","56","751","1441","0","52.12","15.48"
"10","010","00","005","0518","0000","1029","715","314","88","1117","2004","0","55.74","35.68"
"10","010","00","005","0518","0132","1029","715","314","88","1117","2004","0","55.74","35.68"
"10","010","00","005","0519","0000","1309","381","928","87","1396","2430","0","57.45","15.68"
"10","010","00","005","0519","0133","736","220","516","63","799","1354","0","59.01","16.25"
"10","010","00","005","0519","0134","573","161","412","24","597","1076","0","55.48","14.96"
"10","010","00","005","0520","0000","1737","489","1248","182","1919","3606","0","53.22","13.56"
"10","010","00","005","0520","0135","801","221","580","112","913","1629","0","56.05","13.57"
"10","010","00","005","0520","0136","936","268","668","70","1006","1977","0","50.89","13.56"
"10","010","00","005","0521","0000","602","200","402","87","689","1295","0","53.2","15.44"
"10","010","00","005","0521","0137","602","200","402","87","689","1295","0","53.2","15.44"
"10","010","00","005","0522","0000","2466","707","1759","163","2629","5171","0","50.84","13.67"
"10","010","00","005","0522","0112","749","207","542","52","801","1476","0","54.27","14.02"
"10","010","00","005","0522","0113","752","202","550","44","796","1583","0","50.28","12.76"
"10","010","00","005","0522","0114","328","102","226","29","357","758","0","47.1","13.46"
"10","010","00","005","0522","0115","637","196","441","38","675","1354","0","49.85","14.48"
"10","010","00","005","0523","0000","1231","387","844","108","1339","2377","0","56.33","16.28"
"10","010","00","005","0523","0116","629","194","435","63","692","1202","0","57.57","16.14"
"10","010","00","005","0523","0117","602","193","409","45","647","1175","0","55.06","16.43"
"10","010","00","005","0524","0000","1089","297","792","113","1202","2371","0","50.7","12.53"
"10","010","00","005","0524","0122","445","111","334","51","496","1019","0","48.68","10.89"
"10","010","00","005","0524","0123","644","186","458","62","706","1352","0","52.22","13.76"
"10","010","00","005","0525","0000","1258","340","918","115","1373","2563","0","53.57","13.27"
"10","010","00","005","0525","0124","817","200","617","82","899","1620","0","55.49","12.35"
"10","010","00","005","0525","0125","441","140","301","33","474","943","0","50.27","14.85"
"10","010","00","005","0526","0000","748","209","539","49","797","1720","0","46.34","12.15"
"10","010","00","005","0526","0126","748","209","539","49","797","1720","0","46.34","12.15"
"10","010","00","005","0527","0000","1504","462","1042","112","1616","2973","0","54.36","15.54"
"10","010","00","005","0527","0130","734","224","510","53","787","1413","0","55.7","15.85"
"10","010","00","005","0527","0131","770","238","532","59","829","1560","0","53.14","15.26"
"10","010","00","005","0528","0000","3168","955","2213","144","3312","6395","0","51.79","14.93"
"10","010","00","005","0528","0118","698","237","461","36","734","1423","0","51.58","16.65"
"10","010","00","005","0528","0119","821","242","579","29","850","1612","0","52.73","15.01"
"10","010","00","005","0528","0120","908","262","646","31","939","1695","0","55.4","15.46"
"10","010","00","005","0528","0121","741","214","527","48","789","1665","0","47.39","12.85"
"10","010","00","006","0000","0000","5958","1945","4013","710","6668","13105","14670","50.88","14.84"
"10","010","00","006","0601","0000","663","195","468","91","754","1318","0","57.21","14.8"
"10","010","00","006","0601","0194","663","195","468","91","754","1318","0","57.21","14.8"
"10","010","00","006","0602","0000","346","111","235","48","394","677","0","58.2","16.4"
"10","010","00","006","0602","0195","346","111","235","48","394","677","0","58.2","16.4"
"10","010","00","006","0603","0000","329","104","225","39","368","690","0","53.33","15.07"
"10","010","00","006","0603","0196","193","56","137","19","212","417","0","50.84","13.43"
"10","010","00","006","0603","0197","136","48","88","20","156","273","0","57.14","17.58"
"10","010","00","006","0604","0000","390","107","283","40","430","1003","0","42.87","10.67"
"10","010","00","006","0604","0210","390","107","283","40","430","1003","0","42.87","10.67"
"10","010","00","006","0605","0000","266","83","183","28","294","701","0","41.94","11.84"
"10","010","00","006","0605","0209","266","83","183","28","294","701","0","41.94","11.84"
"10","010","00","006","0606","0000","387","127","260","46","433","786","0","55.09","16.16"
"10","010","00","006","0606","0203","387","127","260","46","433","786","0","55.09","16.16"
"10","010","00","006","0607","0000","341","106","235","49","390","807","0","48.33","13.14"
"10","010","00","006","0607","0204","341","106","235","49","390","807","0","48.33","13.14"
"10","010","00","006","0608","0000","461","195","266","26","487","1168","0","41.7","16.7"
"10","010","00","006","0608","0205","461","195","266","26","487","1168","0","41.7","16.7"
"10","010","00","006","0609","0000","506","179","327","80","586","1052","0","55.7","17.02"
"10","010","00","006","0609","0206","506","179","327","80","586","1052","0","55.7","17.02"
"10","010","00","006","0610","0000","427","129","298","67","494","953","0","51.84","13.54"
"10","010","00","006","0610","0207","244","80","164","41","285","565","0","50.44","14.16"
"10","010","00","006","0610","0208","183","49","134","26","209","388","0","53.87","12.63"
"10","010","00","006","0611","0000","628","203","425","75","703","1294","0","54.33","15.69"
"10","010","00","006","0611","0198","466","145","321","64","530","908","0","58.37","15.97"
"10","010","00","006","0611","0199","162","58","104","11","173","386","0","44.82","15.03"
"10","010","00","006","0612","0000","525","178","347","52","577","1039","0","55.53","17.13"
"10","010","00","006","0612","0200","525","178","347","52","577","1039","0","55.53","17.13"
"10","010","00","006","0613","0000","281","90","191","47","328","708","0","46.33","12.71"
"10","010","00","006","0613","0201","281","90","191","47","328","708","0","46.33","12.71"
"10","010","00","006","0614","0000","408","138","270","22","430","909","0","47.3","15.18"
"10","010","00","006","0614","0202","408","138","270","22","430","909","0","47.3","15.18"
"10","010","00","007","0000","0000","13260","4181","9079","1436","14696","27342","31755","53.75","15.29"
"10","010","00","007","0701","0000","1243","382","861","83","1326","2203","0","60.19","17.34"
"10","010","00","007","0701","0138","552","176","376","30","582","1087","0","53.54","16.19"
"10","010","00","007","0701","0139","691","206","485","53","744","1116","0","66.67","18.46"
"10","010","00","007","0702","0000","743","245","498","108","851","1567","0","54.31","15.63"
"10","010","00","007","0702","0140","368","116","252","43","411","740","0","55.54","15.68"
"10","010","00","007","0702","0141","375","129","246","65","440","827","0","53.2","15.6"
"10","010","00","007","0703","0000","813","272","541","92","905","1472","0","61.48","18.48"
"10","010","00","007","0703","0142","385","131","254","48","433","704","0","61.51","18.61"
"10","010","00","007","0703","0143","428","141","287","44","472","768","0","61.46","18.36"
"10","010","00","007","0704","0000","814","268","546","91","905","1611","0","56.18","16.64"
"10","010","00","007","0704","0144","415","145","270","42","457","761","0","60.05","19.05"
"10","010","00","007","0704","0145","399","123","276","49","448","850","0","52.71","14.47"
"10","010","00","007","0705","0000","647","185","462","54","701","1327","0","52.83","13.94"
"10","010","00","007","0705","0146","647","185","462","54","701","1327","0","52.83","13.94"
"10","010","00","007","0706","0000","745","247","498","135","880","1572","0","55.98","15.71"
"10","010","00","007","0706","0147","363","118","245","54","417","756","0","55.16","15.61"
"10","010","00","007","0706","0148","382","129","253","81","463","816","0","56.74","15.81"
"10","010","00","007","0707","0000","744","239","505","75","819","1609","0","50.9","14.85"
"10","010","00","007","0707","0149","284","95","189","33","317","667","0","47.53","14.24"
"10","010","00","007","0707","0150","460","144","316","42","502","942","0","53.29","15.29"
"10","010","00","007","0708","0000","375","91","284","67","442","918","0","48.15","9.91"
"10","010","00","007","0708","0151","375","91","284","67","442","918","0","48.15","9.91"
"10","010","00","007","0709","0000","232","66","166","9","241","554","0","43.5","11.91"
"10","010","00","007","0709","0152","232","66","166","9","241","554","0","43.5","11.91"
"10","010","00","007","0710","0000","422","138","284","33","455","929","0","48.98","14.85"
"10","010","00","007","0710","0153","422","138","284","33","455","929","0","48.98","14.85"
"10","010","00","007","0711","0000","170","67","103","35","205","487","0","42.09","13.76"
"10","010","00","007","0711","0154","170","67","103","35","205","487","0","42.09","13.76"
"10","010","00","007","0712","0000","225","59","166","45","270","487","0","55.44","12.11"
"10","010","00","007","0712","0155","225","59","166","45","270","487","0","55.44","12.11"
"10","010","00","007","0713","0000","804","272","532","92","896","1681","0","53.3","16.18"
"10","010","00","007","0713","0156","379","135","244","45","424","836","0","50.72","16.15"
"10","010","00","007","0713","0157","425","137","288","47","472","845","0","55.86","16.21"
"10","010","00","007","0714","0000","794","293","501","93","887","1587","0","55.89","18.46"
"10","010","00","007","0714","0158","413","151","262","49","462","834","0","55.4","18.11"
"10","010","00","007","0714","0159","381","142","239","44","425","753","0","56.44","18.86"
"10","010","00","007","0715","0000","643","207","436","62","705","1328","0","53.09","15.59"
"10","010","00","007","0715","0160","643","207","436","62","705","1328","0","53.09","15.59"
"10","010","00","007","0716","0000","782","226","556","63","845","1400","0","60.36","16.14"
"10","010","00","007","0716","0163","782","226","556","63","845","1400","0","60.36","16.14"
"10","010","00","007","0717","0000","556","163","393","64","620","1043","0","59.44","15.63"
"10","010","00","007","0717","0162","556","163","393","64","620","1043","0","59.44","15.63"
"10","010","00","007","0718","0000","516","160","356","40","556","969","0","57.38","16.51"
"10","010","00","007","0718","0161","516","160","356","40","556","969","0","57.38","16.51"
"10","010","00","007","0719","0000","344","102","242","23","367","1017","0","36.09","10.03"
"10","010","00","007","0719","0164","344","102","242","23","367","1017","0","36.09","10.03"
"10","010","00","007","0720","0000","479","143","336","44","523","1132","0","46.2","12.63"
"10","010","00","007","0720","0165","479","143","336","44","523","1132","0","46.2","12.63"
"10","010","00","007","0721","0000","487","156","331","53","540","1037","0","52.07","15.04"
"10","010","00","007","0721","0166","487","156","331","53","540","1037","0","52.07","15.04"
"10","010","00","007","0722","0000","283","79","204","50","333","563","0","59.15","14.03"
"10","010","00","007","0722","0167","283","79","204","50","333","563","0","59.15","14.03"
"10","010","00","007","0723","0000","399","121","278","25","424","849","0","49.94","14.25"
"10","010","00","007","0723","0168","399","121","278","25","424","849","0","49.94","14.25"
"10","010","00","008","0000","0000","7927","2355","5572","846","8773","20821","23049","42.14","11.31"
"10","010","00","008","0801","0000","482","132","350","34","516","1165","0","44.29","11.33"
"10","010","00","008","0801","0268","482","132","350","34","516","1165","0","44.29","11.33"
"10","010","00","008","0802","0000","274","75","199","16","290","825","0","35.15","9.09"
"10","010","00","008","0802","0269","274","75","199","16","290","825","0","35.15","9.09"
"10","010","00","008","0803","0000","362","121","241","26","388","850","0","45.65","14.24"
"10","010","00","008","0803","0270","362","121","241","26","388","850","0","45.65","14.24"
"10","010","00","008","0804","0000","118","44","74","14","132","222","0","59.46","19.82"
"10","010","00","008","0804","0271","118","44","74","14","132","222","0","59.46","19.82"
"10","010","00","008","0805","0000","533","170","363","62","595","1216","0","48.93","13.98"
"10","010","00","008","0805","0272","533","170","363","62","595","1216","0","48.93","13.98"
"10","010","00","008","0806","0000","421","118","303","47","468","1200","0","39.0","9.83"
"10","010","00","008","0806","0273","421","118","303","47","468","1200","0","39.0","9.83"
"10","010","00","008","0807","0000","369","109","260","41","410","877","0","46.75","12.43"
"10","010","00","008","0807","0274","369","109","260","41","410","877","0","46.75","12.43"
"10","010","00","008","0808","0000","235","87","148","40","275","644","0","42.7","13.51"
"10","010","00","008","0808","0275","235","87","148","40","275","644","0","42.7","13.51"
"10","010","00","008","0809","0000","243","74","169","18","261","761","0","34.3","9.72"
"10","010","00","008","0809","0276","202","63","139","17","219","594","0","36.87","10.61"
"10","010","00","008","0809","0277","41","11","30","1","42","167","0","25.15","6.59"
"10","010","00","008","0810","0000","239","70","169","41","280","714","0","39.22","9.8"
"10","010","00","008","0810","0283","239","70","169","41","280","714","0","39.22","9.8"
"10","010","00","008","0811","0000","454","123","331","64","518","1051","0","49.29","11.7"
"10","010","00","008","0811","0284","454","123","331","64","518","1051","0","49.29","11.7"
"10","010","00","008","0812","0000","424","119","305","60","484","934","0","51.82","12.74"
"10","010","00","008","0812","0285","424","119","305","60","484","934","0","51.82","12.74"
"10","010","00","008","0813","0000","459","129","330","57","516","1044","0","49.43","12.36"
"10","010","00","008","0813","0286","459","129","330","57","516","1044","0","49.43","12.36"
"10","010","00","008","0814","0000","593","183","410","39","632","1476","0","42.82","12.4"
"10","010","00","008","0814","0287","593","183","410","39","632","1476","0","42.82","12.4"
"10","010","00","008","0815","0000","209","65","144","19","228","618","0","36.89","10.52"
"10","010","00","008","0815","0288","209","65","144","19","228","618","0","36.89","10.52"
"10","010","00","008","0816","0000","128","33","95","34","162","478","0","33.89","6.9"
"10","010","00","008","0816","0289","128","33","95","34","162","478","0","33.89","6.9"
"10","010","00","008","0817","0000","200","62","138","36","236","642","0","36.76","9.66"
"10","010","00","008","0817","0290","200","62","138","36","236","642","0","36.76","9.66"
"10","010","00","008","0818","0000","276","82","194","16","292","883","0","33.07","9.29"
"10","010","00","008","0818","0291","276","82","194","16","292","883","0","33.07","9.29"
"10","010","00","008","0819","0000","587","182","405","51","638","1391","0","45.87","13.08"
"10","010","00","008","0819","0278","69","24","45","1","70","204","0","34.31","11.76"
"10","010","00","008","0819","0279","89","35","54","1","90","234","0","38.46","14.96"
"10","010","00","008","0819","0280","140","36","104","6","146","361","0","40.44","9.97"
"10","010","00","008","0819","0281","289","87","202","43","332","592","0","56.08","14.7"
"10","010","00","008","0820","0000","275","81","194","36","311","619","0","50.24","13.09"
"10","010","00","008","0820","0282","275","81","194","36","311","619","0","50.24","13.09"
"10","010","00","008","0821","0000","236","55","181","5","241","739","0","32.61","7.44"
"10","010","00","008","0821","0292","236","55","181","5","241","739","0","32.61","7.44"
"10","010","00","008","0822","0000","197","65","132","22","219","554","0","39.53","11.73"
"10","010","00","008","0822","0293","197","65","132","22","219","554","0","39.53","11.73"
"10","010","00","008","0823","0000","194","63","131","25","219","649","0","33.74","9.71"
"10","010","00","008","0823","0294","194","63","131","25","219","649","0","33.74","9.71"
"10","010","00","008","0824","0000","229","69","160","19","248","689","0","35.99","10.01"
"10","010","00","008","0824","0295","229","69","160","19","248","689","0","35.99","10.01"
"10","010","00","008","0825","0000","190","44","146","24","214","580","0","36.9","7.59"
"10","010","00","008","0825","0296","155","37","118","21","176","455","0","38.68","8.13"
"10","010","00","008","0825","0297","35","7","28","3","38","125","0","30.4","5.6"
"10","010","00","009","0000","0000","7921","2032","5889","963","8884","21915","24658","40.54","9.27"
"10","010","00","009","0901","0000","804","201","603","84","888","1915","0","46.37","10.5"
"10","010","00","009","0901","0298","804","201","603","84","888","1915","0","46.37","10.5"
"10","010","00","009","0902","0000","333","99","234","43","376","938","0","40.09","10.55"
"10","010","00","009","0902","0299","333","99","234","43","376","938","0","40.09","10.55"
"10","010","00","009","0903","0000","374","106","268","30","404","1366","0","29.58","7.76"
"10","010","00","009","0903","0300","374","106","268","30","404","1366","0","29.58","7.76"
"10","010","00","009","0904","0000","631","148","483","9","640","1676","0","38.19","8.83"
"10","010","00","009","0904","0301","631","148","483","9","640","1676","0","38.19","8.83"
"10","010","00","009","0905","0000","398","112","286","78","476","1151","0","41.36","9.73"
"10","010","00","009","0905","0302","398","112","286","78","476","1151","0","41.36","9.73"
"10","010","00","009","0906","0000","264","75","189","57","321","716","0","44.83","10.47"
"10","010","00","009","0906","0303","264","75","189","57","321","716","0","44.83","10.47"
"10","010","00","009","0907","0000","118","30","88","15","133","387","0","34.37","7.75"
"10","010","00","009","0907","0304","118","30","88","15","133","387","0","34.37","7.75"
"10","010","00","009","0908","0000","233","58","175","15","248","864","0","28.7","6.71"
"10","010","00","009","0908","0305","233","58","175","15","248","864","0","28.7","6.71"
"10","010","00","009","0909","0000","277","71","206","20","297","910","0","32.64","7.8"
"10","010","00","009","0909","0306","277","71","206","20","297","910","0","32.64","7.8"
"10","010","00","009","0910","0000","245","59","186","14","259","760","0","34.08","7.76"
"10","010","00","009","0910","0307","245","59","186","14","259","760","0","34.08","7.76"
"10","010","00","009","0911","0000","142","26","116","25","167","378","0","44.18","6.88"
"10","010","00","009","0911","0308","72","11","61","15","87","166","0","52.41","6.63"
"10","010","00","009","0911","0309","70","15","55","10","80","212","0","37.74","7.08"
"10","010","00","009","0912","0000","294","68","226","37","331","993","0","33.33","6.85"
"10","010","00","009","0912","0310","294","68","226","37","331","993","0","33.33","6.85"
"10","010","00","009","0913","0000","488","118","370","70","558","1226","0","45.51","9.62"
"10","010","00","009","0913","0314","488","118","370","70","558","1226","0","45.51","9.62"
"10","010","00","009","0914","0000","310","88","222","55","365","843","0","43.3","10.44"
"10","010","00","009","0914","0315","310","88","222","55","365","843","0","43.3","10.44"
"10","010","00","009","0915","0000","260","76","184","30","290","693","0","41.85","10.97"
"10","010","00","009","0915","0316","260","76","184","30","290","693","0","41.85","10.97"
"10","010","00","009","0916","0000","366","83","283","46","412","839","0","49.11","9.89"
"10","010","00","009","0916","0317","366","83","283","46","412","839","0","49.11","9.89"
"10","010","00","009","0917","0000","252","66","186","25","277","684","0","40.5","9.65"
"10","010","00","009","0917","0318","150","33","117","15","165","363","0","45.45","9.09"
"10","010","00","009","0917","0319","102","33","69","10","112","321","0","34.89","10.28"
"10","010","00","009","0918","0000","505","133","372","91","596","1083","0","55.03","12.28"
"10","010","00","009","0918","0320","505","133","372","91","596","1083","0","55.03","12.28"
"10","010","00","009","0919","0000","362","119","243","53","415","901","0","46.06","13.21"
"10","010","00","009","0919","0321","362","119","243","53","415","901","0","46.06","13.21"
"10","010","00","009","0920","0000","368","86","282","36","404","1216","0","33.22","7.07"
"10","010","00","009","0920","0322","368","86","282","36","404","1216","0","33.22","7.07"
"10","010","00","009","0921","0000","359","95","264","45","404","789","0","51.2","12.04"
"10","010","00","009","0921","0323","211","62","149","38","249","418","0","59.57","14.83"
"10","010","00","009","0921","0324","148","33","115","7","155","371","0","41.78","8.89"
"10","010","00","009","0922","0000","113","20","93","9","122","306","0","39.87","6.54"
"10","010","00","009","0922","0311","113","20","93","9","122","306","0","39.87","6.54"
"10","010","00","009","0923","0000","425","95","330","76","501","1281","0","39.11","7.42"
"10","010","00","009","0923","0312","347","82","265","64","411","1046","0","39.29","7.84"
"10","010","00","009","0923","0313","78","13","65","12","90","235","0","38.3","5.53"
"10","010","00","010","0000","0000","7533","2239","5294","865","8398","16647","18297","50.45","13.45"
"10","010","00","010","1001","0000","315","88","227","47","362","705","0","51.35","12.48"
"10","010","00","010","1001","0354","206","62","144","26","232","482","0","48.13","12.86"
"10","010","00","010","1001","0355","109","26","83","21","130","223","0","58.3","11.66"
"10","010","00","010","1002","0000","740","233","507","84","824","1529","0","53.89","15.24"
"10","010","00","010","1002","0356","740","233","507","84","824","1529","0","53.89","15.24"
"10","010","00","010","1003","0000","600","173","427","59","659","1175","0","56.09","14.72"
"10","010","00","010","1003","0357","600","173","427","59","659","1175","0","56.09","14.72"
"10","010","00","010","1004","0000","483","151","332","64","547","886","0","61.74","17.04"
"10","010","00","010","1004","0358","483","151","332","64","547","886","0","61.74","17.04"
"10","010","00","010","1005","0000","305","91","214","31","336","743","0","45.22","12.25"
"10","010","00","010","1005","0359","305","91","214","31","336","743","0","45.22","12.25"
"10","010","00","010","1006","0000","590","184","406","91","681","1236","0","55.1","14.89"
"10","010","00","010","1006","0360","590","184","406","91","681","1236","0","55.1","14.89"
"10","010","00","010","1007","0000","169","53","116","25","194","377","0","51.46","14.06"
"10","010","00","010","1007","0361","169","53","116","25","194","377","0","51.46","14.06"
"10","010","00","010","1008","0000","187","50","137","25","212","440","0","48.18","11.36"
"10","010","00","010","1008","0362","130","38","92","23","153","338","0","45.27","11.24"
"10","010","00","010","1008","0363","57","12","45","2","59","102","0","57.84","11.76"
"10","010","00","010","1009","0000","313","101","212","23","336","763","0","44.04","13.24"
"10","010","00","010","1009","0364","313","101","212","23","336","763","0","44.04","13.24"
"10","010","00","010","1010","0000","219","62","157","29","248","429","0","57.81","14.45"
"10","010","00","010","1010","0365","219","62","157","29","248","429","0","57.81","14.45"
"10","010","00","010","1011","0000","198","57","141","14","212","427","0","49.65","13.35"
"10","010","00","010","1011","0366","198","57","141","14","212","427","0","49.65","13.35"
"10","010","00","010","1012","0000","284","90","194","47","331","607","0","54.53","14.83"
"10","010","00","010","1012","0367","284","90","194","47","331","607","0","54.53","14.83"
"10","010","00","010","1013","0000","638","200","438","46","684","1486","0","46.03","13.46"
"10","010","00","010","1013","0368","638","200","438","46","684","1486","0","46.03","13.46"
"10","010","00","010","1014","0000","421","104","317","57","478","835","0","57.25","12.46"
"10","010","00","010","1014","0369","421","104","317","57","478","835","0","57.25","12.46"
"10","010","00","010","1015","0000","295","94","201","59","354","816","0","43.38","11.52"
"10","010","00","010","1015","0370","295","94","201","59","354","816","0","43.38","11.52"
"10","010","00","010","1016","0000","331","117","214","54","385","833","0","46.22","14.05"
"10","010","00","010","1016","0371","331","117","214","54","385","833","0","46.22","14.05"
"10","010","00","010","1017","0000","202","42","160","12","214","433","0","49.42","9.7"
"10","010","00","010","1017","0372","202","42","160","12","214","433","0","49.42","9.7"
"10","010","00","010","1018","0000","239","63","176","5","244","558","0","43.73","11.29"
"10","010","00","010","1018","0373","239","63","176","5","244","558","0","43.73","11.29"
"10","010","00","010","1019","0000","333","104","229","37","370","742","0","49.87","14.02"
"10","010","00","010","1019","0374","278","91","187","35","313","602","0","51.99","15.12"
"10","010","00","010","1019","0375","55","13","42","2","57","140","0","40.71","9.29"
"10","010","00","010","1020","0000","159","48","111","20","179","393","0","45.55","12.21"
"10","010","00","010","1020","0376","159","48","111","20","179","393","0","45.55","12.21"
"10","010","00","010","1021","0000","269","75","194","22","291","585","0","49.74","12.82"
"10","010","00","010","1021","0377","269","75","194","22","291","585","0","49.74","12.82"
"10","010","00","010","1022","0000","243","59","184","14","257","649","0","39.6","9.09"
"10","010","00","010","1022","0378","176","41","135","7","183","526","0","34.79","7.79"
"10","010","00","010","1022","0379","67","18","49","7","74","123","0","60.16","14.63"
"10","010","00","011","0000","0000","5812","1839","3973","755","6567","13937","15422","47.12","13.2"
"10","010","00","011","1101","0000","208","80","128","33","241","522","0","46.17","15.33"
"10","010","00","011","1101","0034","208","80","128","33","241","522","0","46.17","15.33"
"10","010","00","011","1102","0000","275","98","177","30","305","563","0","54.17","17.41"
"10","010","00","011","1102","0035","275","98","177","30","305","563","0","54.17","17.41"
"10","010","00","011","1103","0000","571","188","383","75","646","1304","0","49.54","14.42"
"10","010","00","011","1103","0036","571","188","383","75","646","1304","0","49.54","14.42"
"10","010","00","011","1104","0000","612","200","412","48","660","1312","0","50.3","15.24"
"10","010","00","011","1104","0037","612","200","412","48","660","1312","0","50.3","15.24"
"10","010","00","011","1105","0000","247","69","178","8","255","738","0","34.55","9.35"
"10","010","00","011","1105","0038","142","44","98","3","145","320","0","45.31","13.75"
"10","010","00","011","1105","0039","105","25","80","5","110","418","0","26.32","5.98"
"10","010","00","011","1106","0000","389","118","271","56","445","1025","0","43.41","11.51"
"10","010","00","011","1106","0040","389","118","271","56","445","1025","0","43.41","11.51"
"10","010","00","011","1107","0000","167","56","111","19","186","451","0","41.24","12.42"
"10","010","00","011","1107","0041","167","56","111","19","186","451","0","41.24","12.42"
"10","010","00","011","1108","0000","368","79","289","78","446","830","0","53.73","9.52"
"10","010","00","011","1108","0042","368","79","289","78","446","830","0","53.73","9.52"
"10","010","00","011","1109","0000","423","143","280","68","491","1050","0","46.76","13.62"
"10","010","00","011","1109","0043","423","143","280","68","491","1050","0","46.76","13.62"
"10","010","00","011","1110","0000","333","110","223","65","398","972","0","40.95","11.32"
"10","010","00","011","1110","0044","333","110","223","65","398","972","0","40.95","11.32"
"10","010","00","011","1111","0000","399","129","270","47","446","962","0","46.36","13.41"
"10","010","00","011","1111","0045","399","129","270","47","446","962","0","46.36","13.41"
"10","010","00","011","1112","0000","423","144","279","62","485","940","0","51.6","15.32"
"10","010","00","011","1112","0046","306","113","193","45","351","678","0","51.77","16.67"
"10","010","00","011","1112","0047","117","31","86","17","134","262","0","51.15","11.83"
"10","010","00","011","1113","0000","447","151","296","51","498","1212","0","41.09","12.46"
"10","010","00","011","1113","0048","349","127","222","42","391","906","0","43.16","14.02"
"10","010","00","011","1113","0049","98","24","74","9","107","306","0","34.97","7.84"
"10","010","00","011","1114","0000","662","199","463","78","740","1435","0","51.57","13.87"
"10","010","00","011","1114","0050","484","150","334","60","544","1062","0","51.22","14.12"
"10","010","00","011","1114","0051","178","49","129","18","196","373","0","52.55","13.14"
"10","010","00","011","1115","0000","288","75","213","37","325","621","0","52.33","12.08"
"10","010","00","011","1115","0052","153","42","111","22","175","324","0","54.01","12.96"
"10","010","00","011","1115","0053","135","33","102","15","150","297","0","50.51","11.11"
"10","010","00","012","0000","0000","21441","6509","14932","1798","23239","43857","49406","52.99","14.84"
"10","010","00","012","1201","0000","1934","560","1374","143","2077","3971","0","52.3","14.1"
"10","010","00","012","1201","0054","489","123","366","27","516","1024","0","50.39","12.01"
"10","010","00","012","1201","0055","568","179","389","47","615","1015","0","60.59","17.64"
"10","010","00","012","1201","0056","877","258","619","69","946","1932","0","48.96","13.35"
"10","010","00","012","1202","0000","1342","408","934","108","1450","2475","0","58.59","16.48"
"10","010","00","012","1202","0057","639","202","437","45","684","1170","0","58.46","17.26"
"10","010","00","012","1202","0058","703","206","497","63","766","1305","0","58.7","15.79"
"10","010","00","012","1203","0000","835","275","560","109","944","1564","0","60.36","17.58"
"10","010","00","012","1203","0066","363","128","235","50","413","626","0","65.97","20.45"
"10","010","00","012","1203","0067","305","104","201","34","339","570","0","59.47","18.25"
"10","010","00","012","1203","0068","167","43","124","25","192","368","0","52.17","11.68"
"10","010","00","012","1204","0000","971","314","657","146","1117","2102","0","53.14","14.94"
"10","010","00","012","1204","0069","451","147","304","86","537","1037","0","51.78","14.18"
"10","010","00","012","1204","0070","520","167","353","60","580","1065","0","54.46","15.68"
"10","010","00","012","1205","0000","421","136","285","89","510","802","0","63.59","16.96"
"10","010","00","012","1205","0071","421","136","285","89","510","802","0","63.59","16.96"
"10","010","00","012","1206","0000","715","326","389","62","777","1566","0","49.62","20.82"
"10","010","00","012","1206","0059","572","277","295","46","618","1242","0","49.76","22.3"
"10","010","00","012","1206","0060","143","49","94","16","159","324","0","49.07","15.12"
"10","010","00","012","1207","0000","875","267","608","80","955","1838","0","51.96","14.53"
"10","010","00","012","1207","0061","303","87","216","23","326","622","0","52.41","13.99"
"10","010","00","012","1207","0062","572","180","392","57","629","1216","0","51.73","14.8"
"10","010","00","012","1208","0000","982","296","686","57","1039","1791","0","58.01","16.53"
"10","010","00","012","1208","0063","535","159","376","23","558","1020","0","54.71","15.59"
"10","010","00","012","1208","0064","447","137","310","34","481","771","0","62.39","17.77"
"10","010","00","012","1209","0000","258","114","144","19","277","441","0","62.81","25.85"
"10","010","00","012","1209","0065","258","114","144","19","277","441","0","62.81","25.85"
"10","010","00","012","1210","0000","348","100","248","25","373","641","0","58.19","15.6"
"10","010","00","012","1210","0074","348","100","248","25","373","641","0","58.19","15.6"
"10","010","00","012","1211","0000","231","62","169","10","241","408","0","59.07","15.2"
"10","010","00","012","1211","0075","231","62","169","10","241","408","0","59.07","15.2"
"10","010","00","012","1212","0000","664","211","453","65","729","1363","0","53.48","15.48"
"10","010","00","012","1212","0076","416","140","276","42","458","794","0","57.68","17.63"
"10","010","00","012","1212","0077","248","71","177","23","271","569","0","47.63","12.48"
"10","010","00","012","1213","0000","931","279","652","44","975","1948","0","50.05","14.32"
"10","010","00","012","1213","0072","931","279","652","44","975","1948","0","50.05","14.32"
"10","010","00","012","1214","0000","468","136","332","54","522","1028","0","50.78","13.23"
"10","010","00","012","1214","0073","468","136","332","54","522","1028","0","50.78","13.23"
"10","010","00","012","1215","0000","1043","334","709","73","1116","2035","0","54.84","16.41"
"10","010","00","012","1215","0080","1043","334","709","73","1116","2035","0","54.84","16.41"
"10","010","00","012","1216","0000","971","301","670","88","1059","1987","0","53.3","15.15"
"10","010","00","012","1216","0081","971","301","670","88","1059","1987","0","53.3","15.15"
"10","010","00","012","1217","0000","928","251","677","75","1003","1766","0","56.8","14.21"
"10","010","00","012","1217","0078","418","122","296","32","450","806","0","55.83","15.14"
"10","010","00","012","1217","0079","510","129","381","43","553","960","0","57.6","13.44"
"10","010","00","012","1218","0000","1930","564","1366","127","2057","4310","0","47.73","13.09"
"10","010","00","012","1218","0083","1046","305","741","70","1116","2208","0","50.54","13.81"
"10","010","00","012","1218","0084","884","259","625","57","941","2102","0","44.77","12.32"
"10","010","00","012","1219","0000","1428","413","1015","136","1564","2980","0","52.48","13.86"
"10","010","00","012","1219","0085","600","155","445","57","657","1309","0","50.19","11.84"
"10","010","00","012","1219","0086","828","258","570","79","907","1671","0","54.28","15.44"
"10","010","00","012","1220","0000","925","262","663","82","1007","1919","0","52.48","13.65"
"10","010","00","012","1220","0089","925","262","663","82","1007","1919","0","52.48","13.65"
"10","010","00","012","1221","0000","847","230","617","46","893","1772","0","50.4","12.98"
"10","010","00","012","1221","0088","847","230","617","46","893","1772","0","50.4","12.98"
"10","010","00","012","1222","0000","397","114","283","17","414","912","0","45.39","12.5"
"10","010","00","012","1222","0090","397","114","283","17","414","912","0","45.39","12.5"
"10","010","00","012","1223","0000","471","127","344","25","496","992","0","50.0","12.8"
"10","010","00","012","1223","0091","471","127","344","25","496","992","0","50.0","12.8"
"10","010","00","012","1224","0000","522","158","364","48","570","1270","0","44.88","12.44"
"10","010","00","012","1224","0092","522","158","364","48","570","1270","0","44.88","12.44"
"10","010","00","012","1225","0000","597","162","435","29","626","1154","0","54.25","14.04"
"10","010","00","012","1225","0082","597","162","435","29","626","1154","0","54.25","14.04"
"10","010","00","012","1226","0000","407","109","298","41","448","822","0","54.5","13.26"
"10","010","00","012","1226","0087","407","109","298","41","448","822","0","54.5","13.26"
"10","010","00","013","0000","0000","16961","5013","11948","1386","18347","39139","44605","46.88","12.81"
"10","010","00","013","1301","0000","736","228","508","92","828","1809","0","45.77","12.6"
"10","010","00","013","1301","0392","736","228","508","92","828","1809","0","45.77","12.6"
"10","010","00","013","1302","0000","435","130","305","23","458","953","0","48.06","13.64"
"10","010","00","013","1302","0393","435","130","305","23","458","953","0","48.06","13.64"
"10","010","00","013","1303","0000","343","94","249","20","363","828","0","43.84","11.35"
"10","010","00","013","1303","0401","343","94","249","20","363","828","0","43.84","11.35"
"10","010","00","013","1304","0000","392","125","267","31","423","879","0","48.12","14.22"
"10","010","00","013","1304","0400","392","125","267","31","423","879","0","48.12","14.22"
"10","010","00","013","1305","0000","616","180","436","55","671","1441","0","46.56","12.49"
"10","010","00","013","1305","0394","616","180","436","55","671","1441","0","46.56","12.49"
"10","010","00","013","1306","0000","1161","352","809","108","1269","2834","0","44.78","12.42"
"10","010","00","013","1306","0380","399","100","299","26","425","1046","0","40.63","9.56"
"10","010","00","013","1306","0381","762","252","510","82","844","1788","0","47.2","14.09"
"10","010","00","013","1307","0000","1471","449","1022","94","1565","3311","0","47.27","13.56"
"10","010","00","013","1307","0382","747","225","522","42","789","1730","0","45.61","13.01"
"10","010","00","013","1307","0383","724","224","500","52","776","1581","0","49.08","14.17"
"10","010","00","013","1308","0000","3178","933","2245","155","3333","7060","0","47.21","13.22"
"10","010","00","013","1308","0384","642","189","453","39","681","1594","0","42.72","11.86"
"10","010","00","013","1308","0385","884","279","605","33","917","1801","0","50.92","15.49"
"10","010","00","013","1308","0386","855","236","619","55","910","1862","0","48.87","12.67"
"10","010","00","013","1308","0387","797","229","568","28","825","1803","0","45.76","12.7"
"10","010","00","013","1309","0000","2608","777","1831","206","2814","5642","0","49.88","13.77"
"10","010","00","013","1309","0388","717","211","506","54","771","1481","0","52.06","14.25"
"10","010","00","013","1309","0389","668","200","468","56","724","1366","0","53.0","14.64"
"10","010","00","013","1309","0390","658","184","474","58","716","1599","0","44.78","11.51"
"10","010","00","013","1309","0391","565","182","383","38","603","1196","0","50.42","15.22"
"10","010","00","013","1310","0000","799","202","597","67","866","1882","0","46.01","10.73"
"10","010","00","013","1310","0395","799","202","597","67","866","1882","0","46.01","10.73"
"10","010","00","013","1311","0000","538","160","378","18","556","1470","0","37.82","10.88"
"10","010","00","013","1311","0396","538","160","378","18","556","1470","0","37.82","10.88"
"10","010","00","013","1312","0000","837","223","614","94","931","2121","0","43.89","10.51"
"10","010","00","013","1312","0397","680","186","494","76","756","1699","0","44.5","10.95"
"10","010","00","013","1312","0398","157","37","120","18","175","422","0","41.47","8.77"
"10","010","00","013","1313","0000","455","140","315","58","513","1030","0","49.81","13.59"
"10","010","00","013","1313","0399","455","140","315","58","513","1030","0","49.81","13.59"
"10","010","00","013","1314","0000","581","158","423","73","654","1177","0","55.56","13.42"
"10","010","00","013","1314","0402","444","119","325","62","506","881","0","57.43","13.51"
"10","010","00","013","1314","0403","137","39","98","11","148","296","0","50.0","13.18"
"10","010","00","013","1315","0000","414","118","296","65","479","979","0","48.93","12.05"
"10","010","00","013","1315","0404","414","118","296","65","479","979","0","48.93","12.05"
"10","010","00","013","1316","0000","717","209","508","50","767","1938","0","39.58","10.78"
"10","010","00","013","1316","0405","521","143","378","40","561","1268","0","44.24","11.28"
"10","010","00","013","1316","0406","196","66","130","10","206","670","0","30.75","9.85"
"10","010","00","013","1317","0000","274","86","188","25","299","741","0","40.35","11.61"
"10","010","00","013","1317","0409","274","86","188","25","299","741","0","40.35","11.61"
"10","010","00","013","1318","0000","436","133","303","39","475","1000","0","47.5","13.3"
"10","010","00","013","1318","0410","221","67","154","12","233","518","0","44.98","12.93"
"10","010","00","013","1318","0411","215","66","149","27","242","482","0","50.21","13.69"
"10","010","00","013","1319","0000","322","122","200","35","357","648","0","55.09","18.83"
"10","010","00","013","1319","0408","322","122","200","35","357","648","0","55.09","18.83"
"10","010","00","013","1320","0000","372","115","257","59","431","754","0","57.16","15.25"
"10","010","00","013","1320","0407","372","115","257","59","431","754","0","57.16","15.25"
"10","010","00","013","1321","0000","139","39","100","8","147","348","0","42.24","11.21"
"10","010","00","013","1321","0412","139","39","100","8","147","348","0","42.24","11.21"
"10","010","00","013","1322","0000","137","40","97","11","148","294","0","50.34","13.61"
"10","010","00","013","1322","0413","137","40","97","11","148","294","0","50.34","13.61"
"10","010","00","014","0000","0000","15038","4207","10831","1092","16130","31228","35625","51.65","13.47"
"10","010","00","014","1401","0000","1285","385","900","59","1344","2522","0","53.29","15.27"
"10","010","00","014","1401","0414","652","207","445","37","689","1312","0","52.52","15.78"
"10","010","00","014","1401","0415","633","178","455","22","655","1210","0","54.13","14.71"
"10","010","00","014","1402","0000","1118","296","822","65","1183","2198","0","53.82","13.47"
"10","010","00","014","1402","0416","518","128","390","35","553","991","0","55.8","12.92"
"10","010","00","014","1402","0417","600","168","432","30","630","1207","0","52.2","13.92"
"10","010","00","014","1403","0000","326","110","216","12","338","752","0","44.95","14.63"
"10","010","00","014","1403","0418","326","110","216","12","338","752","0","44.95","14.63"
"10","010","00","014","1404","0000","431","129","302","54","485","833","0","58.22","15.49"
"10","010","00","014","1404","0419","431","129","302","54","485","833","0","58.22","15.49"
"10","010","00","014","1405","0000","632","162","470","62","694","1220","0","56.89","13.28"
"10","010","00","014","1405","0420","632","162","470","62","694","1220","0","56.89","13.28"
"10","010","00","014","1406","0000","336","93","243","19","355","616","0","57.63","15.1"
"10","010","00","014","1406","0421","336","93","243","19","355","616","0","57.63","15.1"
"10","010","00","014","1407","0000","480","120","360","49","529","1031","0","51.31","11.64"
"10","010","00","014","1407","0422","480","120","360","49","529","1031","0","51.31","11.64"
"10","010","00","014","1408","0000","2570","684","1886","135","2705","5283","0","51.2","12.95"
"10","010","00","014","1408","0423","619","155","464","50","669","1292","0","51.78","12.0"
"10","010","00","014","1408","0424","1044","281","763","58","1102","1995","0","55.24","14.09"
"10","010","00","014","1408","0425","907","248","659","27","934","1996","0","46.79","12.42"
"10","010","00","014","1409","0000","687","307","380","71","758","1449","0","52.31","21.19"
"10","010","00","014","1409","0426","687","307","380","71","758","1449","0","52.31","21.19"
"10","010","00","014","1410","0000","704","190","514","34","738","1420","0","51.97","13.38"
"10","010","00","014","1410","0427","704","190","514","34","738","1420","0","51.97","13.38"
"10","010","00","014","1411","0000","820","219","601","46","866","1590","0","54.47","13.77"
"10","010","00","014","1411","0428","820","219","601","46","866","1590","0","54.47","13.77"
"10","010","00","014","1412","0000","793","239","554","78","871","1785","0","48.8","13.39"
"10","010","00","014","1412","0429","363","99","264","28","391","771","0","50.71","12.84"
"10","010","00","014","1412","0430","430","140","290","50","480","1014","0","47.34","13.81"
"10","010","00","014","1413","0000","296","73","223","19","315","641","0","49.14","11.39"
"10","010","00","014","1413","0433","296","73","223","19","315","641","0","49.14","11.39"
"10","010","00","014","1414","0000","458","98","360","27","485","1014","0","47.83","9.66"
"10","010","00","014","1414","0431","113","27","86","5","118","327","0","36.09","8.26"
"10","010","00","014","1414","0432","345","71","274","22","367","687","0","53.42","10.33"
"10","010","00","014","1415","0000","429","113","316","25","454","857","0","52.98","13.19"
"10","010","00","014","1415","0434","250","70","180","10","260","474","0","54.85","14.77"
"10","010","00","014","1415","0435","179","43","136","15","194","383","0","50.65","11.23"
"10","010","00","014","1416","0000","337","81","256","41","378","619","0","61.07","13.09"
"10","010","00","014","1416","0436","337","81","256","41","378","619","0","61.07","13.09"
"10","010","00","014","1417","0000","824","235","589","91","915","1782","0","51.35","13.19"
"10","010","00","014","1417","0437","92","29","63","8","100","214","0","46.73","13.55"
"10","010","00","014","1417","0438","732","206","526","83","815","1568","0","51.98","13.14"
"10","010","00","014","1418","0000","276","58","218","26","302","658","0","45.9","8.81"
"10","010","00","014","1418","0439","276","58","218","26","302","658","0","45.9","8.81"
"10","010","00","014","1419","0000","223","62","161","31","254","434","0","58.53","14.29"
"10","010","00","014","1419","0440","223","62","161","31","254","434","0","58.53","14.29"
"10","010","00","014","1420","0000","884","253","631","92","976","1898","0","51.42","13.33"
"10","010","00","014","1420","0441","452","124","328","46","498","917","0","54.31","13.52"
"10","010","00","014","1420","0442","432","129","303","46","478","981","0","48.73","13.15"
"10","010","00","014","1421","0000","377","97","280","22","399","897","0","44.48","10.81"
"10","010","00","014","1421","0443","351","91","260","18","369","789","0","46.77","11.53"
"10","010","00","014","1421","0444","26","6","20","4","30","108","0","27.78","5.56"
"10","010","00","014","1422","0000","61","24","37","2","63","235","0","26.81","10.21"
"10","010","00","014","1422","0445","61","24","37","2","63","235","0","26.81","10.21"
"10","010","00","014","1423","0000","411","118","293","12","423","781","0","54.16","15.11"
"10","010","00","014","1423","0446","145","41","104","4","149","331","0","45.02","12.39"
"10","010","00","014","1423","0447","266","77","189","8","274","450","0","60.89","17.11"
"10","010","00","014","1424","0000","280","61","219","20","300","713","0","42.08","8.56"
"10","010","00","014","1424","0448","187","40","147","7","194","462","0","41.99","8.66"
"10","010","00","014","1424","0449","93","21","72","13","106","251","0","42.23","8.37"
"10","010","00","015","0000","0000","8534","2473","6061","856","9390","17083","19303","54.97","14.48"
"10","010","00","015","1501","0000","1159","357","802","119","1278","2286","0","55.91","15.62"
"10","010","00","015","1501","0211","508","170","338","28","536","1041","0","51.49","16.33"
"10","010","00","015","1501","0212","651","187","464","91","742","1245","0","59.6","15.02"
"10","010","00","015","1502","0000","499","166","333","48","547","917","0","59.65","18.1"
"10","010","00","015","1502","0213","499","166","333","48","547","917","0","59.65","18.1"
"10","010","00","015","1503","0000","303","113","190","41","344","545","0","63.12","20.73"
"10","010","00","015","1503","0217","303","113","190","41","344","545","0","63.12","20.73"
"10","010","00","015","1504","0000","2238","702","1536","172","2410","4404","0","54.72","15.94"
"10","010","00","015","1504","0214","593","195","398","51","644","1189","0","54.16","16.4"
"10","010","00","015","1504","0215","722","228","494","67","789","1388","0","56.84","16.43"
"10","010","00","015","1504","0216","923","279","644","54","977","1827","0","53.48","15.27"
"10","010","00","015","1505","0000","153","61","92","30","183","407","0","44.96","14.99"
"10","010","00","015","1505","0218","153","61","92","30","183","407","0","44.96","14.99"
"10","010","00","015","1506","0000","307","79","228","24","331","526","0","62.93","15.02"
"10","010","00","015","1506","0223","307","79","228","24","331","526","0","62.93","15.02"
"10","010","00","015","1507","0000","150","50","100","30","180","372","0","48.39","13.44"
"10","010","00","015","1507","0224","150","50","100","30","180","372","0","48.39","13.44"
"10","010","00","015","1508","0000","327","91","236","34","361","636","0","56.76","14.31"
"10","010","00","015","1508","0219","327","91","236","34","361","636","0","56.76","14.31"
"10","010","00","015","1509","0000","845","231","614","81","926","1674","0","55.32","13.8"
"10","010","00","015","1509","0221","845","231","614","81","926","1674","0","55.32","13.8"
"10","010","00","015","1510","0000","299","82","217","36","335","576","0","58.16","14.24"
"10","010","00","015","1510","0220","299","82","217","36","335","576","0","58.16","14.24"
"10","010","00","015","1511","0000","373","90","283","11","384","858","0","44.76","10.49"
"10","010","00","015","1511","0222","373","90","283","11","384","858","0","44.76","10.49"
"10","010","00","015","1512","0000","227","73","154","26","253","506","0","50.0","14.43"
"10","010","00","015","1512","0225","227","73","154","26","253","506","0","50.0","14.43"
"10","010","00","015","1513","0000","138","39","99","11","149","293","0","50.85","13.31"
"10","010","00","015","1513","0228","138","39","99","11","149","293","0","50.85","13.31"
"10","010","00","015","1514","0000","269","62","207","40","309","433","0","71.36","14.32"
"10","010","00","015","1514","0226","269","62","207","40","309","433","0","71.36","14.32"
"10","010","00","015","1515","0000","377","84","293","70","447","712","0","62.78","11.8"
"10","010","00","015","1515","0229","377","84","293","70","447","712","0","62.78","11.8"
"10","010","00","015","1516","0000","337","77","260","36","373","602","0","61.96","12.79"
"10","010","00","015","1516","0230","337","77","260","36","373","602","0","61.96","12.79"
"10","010","00","015","1517","0000","374","80","294","41","415","932","0","44.53","8.58"
"10","010","00","015","1517","0231","224","47","177","27","251","515","0","48.74","9.13"
"10","010","00","015","1517","0232","150","33","117","14","164","417","0","39.33","7.91"
"10","010","00","015","1518","0000","159","36","123","6","165","404","0","40.84","8.91"
"10","010","00","015","1518","0227","159","36","123","6","165","404","0","40.84","8.91"
"10","010","00","016","0000","0000","5287","1364","3923","394","5681","10156","11470","55.94","13.43"
"10","010","00","016","1601","0000","649","198","451","61","710","1174","0","60.48","16.87"
"10","010","00","016","1601","0450","649","198","451","61","710","1174","0","60.48","16.87"
"10","010","00","016","1602","0000","263","71","192","9","272","449","0","60.58","15.81"
"10","010","00","016","1602","0451","263","71","192","9","272","449","0","60.58","15.81"
"10","010","00","016","1603","0000","653","166","487","64","717","1304","0","54.98","12.73"
"10","010","00","016","1603","0452","416","105","311","37","453","753","0","60.16","13.94"
"10","010","00","016","1603","0453","237","61","176","27","264","551","0","47.91","11.07"
"10","010","00","016","1604","0000","939","282","657","66","1005","1791","0","56.11","15.75"
"10","010","00","016","1604","0454","939","282","657","66","1005","1791","0","56.11","15.75"
"10","010","00","016","1605","0000","492","134","358","46","538","849","0","63.37","15.78"
"10","010","00","016","1605","0455","492","134","358","46","538","849","0","63.37","15.78"
"10","010","00","016","1606","0000","474","139","335","26","500","866","0","57.74","16.05"
"10","010","00","016","1606","0456","474","139","335","26","500","866","0","57.74","16.05"
"10","010","00","016","1607","0000","644","153","491","53","697","1244","0","56.03","12.3"
"10","010","00","016","1607","0457","410","79","331","29","439","800","0","54.88","9.88"
"10","010","00","016","1607","0458","234","74","160","24","258","444","0","58.11","16.67"
"10","010","00","016","1608","0000","252","59","193","11","263","635","0","41.42","9.29"
"10","010","00","016","1608","0459","252","59","193","11","263","635","0","41.42","9.29"
"10","010","00","016","1609","0000","506","92","414","29","535","961","0","55.67","9.57"
"10","010","00","016","1609","0460","138","32","106","9","147","319","0","46.08","10.03"
"10","010","00","016","1609","0461","368","60","308","20","388","642","0","60.44","9.35"
"10","010","00","016","1610","0000","213","38","175","19","232","509","0","45.58","7.47"
"10","010","00","016","1610","0462","213","38","175","19","232","509","0","45.58","7.47"
"10","010","00","016","1611","0000","202","32","170","10","212","374","0","56.68","8.56"
"10","010","00","016","1611","0463","90","13","77","1","91","162","0","56.17","8.02"
"10","010","00","016","1611","0464","112","19","93","9","121","212","0","57.08","8.96"
"10","010","00","017","0000","0000","2066","612","1454","121","2187","3999","4592","54.69","15.3"
"10","010","00","017","1701","0000","748","241","507","61","809","1468","0","55.11","16.42"
"10","010","00","017","1701","0465","748","241","507","61","809","1468","0","55.11","16.42"
"10","010","00","017","1702","0000","291","85","206","11","302","624","0","48.4","13.62"
"10","010","00","017","1702","0466","125","33","92","3","128","320","0","40.0","10.31"
"10","010","00","017","1702","0467","166","52","114","8","174","304","0","57.24","17.11"
"10","010","00","017","1703","0000","244","66","178","8","252","418","0","60.29","15.79"
"10","010","00","017","1703","0468","91","21","70","2","93","184","0","50.54","11.41"
"10","010","00","017","1703","0469","153","45","108","6","159","234","0","67.95","19.23"
"10","010","00","017","1704","0000","455","136","319","21","476","920","0","51.74","14.78"
"10","010","00","017","1704","0470","241","76","165","9","250","495","0","50.51","15.35"
"10","010","00","017","1704","0471","110","32","78","5","115","199","0","57.79","16.08"
"10","010","00","017","1704","0472","104","28","76","7","111","226","0","49.12","12.39"
"10","010","00","017","1705","0000","328","84","244","20","348","569","0","61.16","14.76"
"10","010","00","017","1705","0473","328","84","244","20","348","569","0","61.16","14.76"
"10","010","00","018","0000","0000","2076","437","1639","112","2188","4691","5610","46.64","9.32"
"10","010","00","018","1801","0000","176","40","136","9","185","371","0","49.87","10.78"
"10","010","00","018","1801","0474","176","40","136","9","185","371","0","49.87","10.78"
"10","010","00","018","1802","0000","83","17","66","4","87","197","0","44.16","8.63"
"10","010","00","018","1802","0475","83","17","66","4","87","197","0","44.16","8.63"
"10","010","00","018","1803","0000","67","11","56","2","69","152","0","45.39","7.24"
"10","010","00","018","1803","0476","67","11","56","2","69","152","0","45.39","7.24"
"10","010","00","018","1804","0000","94","22","72","6","100","303","0","33.0","7.26"
"10","010","00","018","1804","0477","73","19","54","6","79","231","0","34.2","8.23"
"10","010","00","018","1804","0478","21","3","18","0","21","72","0","29.17","4.17"
"10","010","00","018","1805","0000","154","28","126","9","163","306","0","53.27","9.15"
"10","010","00","018","1805","0480","154","28","126","9","163","306","0","53.27","9.15"
"10","010","00","018","1806","0000","137","27","110","4","141","311","0","45.34","8.68"
"10","010","00","018","1806","0479","137","27","110","4","141","311","0","45.34","8.68"
"10","010","00","018","1807","0000","424","94","330","30","454","827","0","54.9","11.37"
"10","010","00","018","1807","0482","424","94","330","30","454","827","0","54.9","11.37"
"10","010","00","018","1808","0000","441","100","341","15","456","970","0","47.01","10.31"
"10","010","00","018","1808","0481","441","100","341","15","456","970","0","47.01","10.31"
"10","010","00","018","1809","0000","126","23","103","1","127","238","0","53.36","9.66"
"10","010","00","018","1809","0483","126","23","103","1","127","238","0","53.36","9.66"
"10","010","00","018","1810","0000","125","20","105","11","136","479","0","28.39","4.18"
"10","010","00","018","1810","0484","125","20","105","11","136","479","0","28.39","4.18"
"10","010","00","018","1811","0000","105","28","77","7","112","291","0","38.49","9.62"
"10","010","00","018","1811","0485","105","28","77","7","112","291","0","38.49","9.62"
"10","010","00","018","1812","0000","144","27","117","14","158","246","0","64.23","10.98"
"10","010","00","018","1812","0486","144","27","117","14","158","246","0","64.23","10.98"
"10","013","00","000","0000","0000","343584","105349","238235","28287","371871","711720","826779","52.25","14.8"
"10","013","00","001","0000","0000","85901","26847","59054","4615","90516","170148","199807","53.2","15.78"
"10","013","00","001","0101","0000","384","145","239","24","408","713","0","57.22","20.34"
"10","013","00","001","0101","0004","384","145","239","24","408","713","0","57.22","20.34"
"10","013","00","001","0102","0000","140","51","89","0","140","249","0","56.22","20.48"
"10","013","00","001","0102","0007","140","51","89","0","140","249","0","56.22","20.48"
"10","013","00","001","0103","0000","147","53","94","19","166","294","0","56.46","18.03"
"10","013","00","001","0103","0002","147","53","94","19","166","294","0","56.46","18.03"
"10","013","00","001","0104","0000","299","132","167","17","316","582","0","54.3","22.68"
"10","013","00","001","0104","0003","299","132","167","17","316","582","0","54.3","22.68"
"10","013","00","001","0105","0000","278","84","194","5","283","455","0","62.2","18.46"
"10","013","00","001","0105","0006","278","84","194","5","283","455","0","62.2","18.46"
"10","013","00","001","0106","0000","123","79","44","5","128","237","0","54.01","33.33"
"10","013","00","001","0106","0001","123","79","44","5","128","237","0","54.01","33.33"
"10","013","00","001","0107","0000","292","106","186","26","318","572","0","55.59","18.53"
"10","013","00","001","0107","0005","292","106","186","26","318","572","0","55.59","18.53"
"10","013","00","001","0108","0000","428","145","283","31","459","713","0","64.38","20.34"
"10","013","00","001","0108","0010","428","145","283","31","459","713","0","64.38","20.34"
"10","013","00","001","0109","0000","337","122","215","29","366","573","0","63.87","21.29"
"10","013","00","001","0109","0011","337","122","215","29","366","573","0","63.87","21.29"
"10","013","00","001","0110","0000","268","83","185","15","283","409","0","69.19","20.29"
"10","013","00","001","0110","0013","268","83","185","15","283","409","0","69.19","20.29"
"10","013","00","001","0111","0000","186","65","121","16","202","297","0","68.01","21.89"
"10","013","00","001","0111","0012","186","65","121","16","202","297","0","68.01","21.89"
"10","013","00","001","0112","0000","1233","424","809","60","1293","2688","0","48.1","15.77"
"10","013","00","001","0112","0008","603","181","422","24","627","1315","0","47.68","13.76"
"10","013","00","001","0112","0009","630","243","387","36","666","1373","0","48.51","17.7"
"10","013","00","001","0113","0000","238","105","133","11","249","459","0","54.25","22.88"
"10","013","00","001","0113","0017","238","105","133","11","249","459","0","54.25","22.88"
"10","013","00","001","0114","0000","411","157","254","20","431","672","0","64.14","23.36"
"10","013","00","001","0114","0018","411","157","254","20","431","672","0","64.14","23.36"
"10","013","00","001","0115","0000","240","81","159","9","249","421","0","59.14","19.24"
"10","013","00","001","0115","0015","240","81","159","9","249","421","0","59.14","19.24"
"10","013","00","001","0116","0000","309","119","190","14","323","569","0","56.77","20.91"
"10","013","00","001","0116","0016","309","119","190","14","323","569","0","56.77","20.91"
"10","013","00","001","0117","0000","141","50","91","19","160","286","0","55.94","17.48"
"10","013","00","001","0117","0014","141","50","91","19","160","286","0","55.94","17.48"
"10","013","00","001","0118","0000","389","154","235","35","424","668","0","63.47","23.05"
"10","013","00","001","0118","0019","389","154","235","35","424","668","0","63.47","23.05"
"10","013","00","001","0119","0000","224","89","135","12","236","411","0","57.42","21.65"
"10","013","00","001","0119","0020","224","89","135","12","236","411","0","57.42","21.65"
"10","013","00","001","0120","0000","820","261","559","56","876","1554","0","56.37","16.8"
"10","013","00","001","0120","0021","414","126","288","25","439","768","0","57.16","16.41"
"10","013","00","001","0120","0022","406","135","271","31","437","786","0","55.6","17.18"
"10","013","00","001","0121","0000","492","169","323","33","525","890","0","58.99","18.99"
"10","013","00","001","0121","0023","492","169","323","33","525","890","0","58.99","18.99"
"10","013","00","001","0122","0000","1038","339","699","50","1088","1911","0","56.93","17.74"
"10","013","00","001","0122","0039","496","163","333","30","526","939","0","56.02","17.36"
"10","013","00","001","0122","0040","542","176","366","20","562","972","0","57.82","18.11"
"10","013","00","001","0123","0000","1370","437","933","87","1457","2517","0","57.89","17.36"
"10","013","00","001","0123","0034","696","222","474","47","743","1258","0","59.06","17.65"
"10","013","00","001","0123","0035","674","215","459","40","714","1259","0","56.71","17.08"
"10","013","00","001","0124","0000","1935","631","1304","77","2012","3556","0","56.58","17.74"
"10","013","00","001","0124","0036","560","168","392","31","591","1076","0","54.93","15.61"
"10","013","00","001","0124","0037","645","217","428","25","670","1162","0","57.66","18.67"
"10","013","00","001","0124","0038","730","246","484","21","751","1318","0","56.98","18.66"
"10","013","00","001","0125","0000","2093","650","1443","89","2182","4039","0","54.02","16.09"
"10","013","00","001","0125","0031","715","240","475","30","745","1297","0","57.44","18.5"
"10","013","00","001","0125","0032","705","216","489","20","725","1361","0","53.27","15.87"
"10","013","00","001","0125","0033","673","194","479","39","712","1381","0","51.56","14.05"
"10","013","00","001","0126","0000","4923","1539","3384","184","5107","9307","0","54.87","16.54"
"10","013","00","001","0126","0024","722","214","508","38","760","1353","0","56.17","15.82"
"10","013","00","001","0126","0025","719","205","514","19","738","1386","0","53.25","14.79"
"10","013","00","001","0126","0026","736","249","487","29","765","1413","0","54.14","17.62"
"10","013","00","001","0126","0027","659","182","477","28","687","1272","0","54.01","14.31"
"10","013","00","001","0126","0028","686","234","452","20","706","1287","0","54.86","18.18"
"10","013","00","001","0126","0029","705","244","461","31","736","1311","0","56.14","18.61"
"10","013","00","001","0126","0030","696","211","485","19","715","1285","0","55.64","16.42"
"10","013","00","001","0127","0000","682","227","455","75","757","1540","0","49.16","14.74"
"10","013","00","001","0127","0047","682","227","455","75","757","1540","0","49.16","14.74"
"10","013","00","001","0128","0000","533","196","337","58","591","1061","0","55.7","18.47"
"10","013","00","001","0128","0046","533","196","337","58","591","1061","0","55.7","18.47"
"10","013","00","001","0129","0000","536","191","345","17","553","1141","0","48.47","16.74"
"10","013","00","001","0129","0048","536","191","345","17","553","1141","0","48.47","16.74"
"10","013","00","001","0130","0000","3665","1153","2512","149","3814","7243","0","52.66","15.92"
"10","013","00","001","0130","0041","840","286","554","32","872","1535","0","56.81","18.63"
"10","013","00","001","0130","0042","658","188","470","30","688","1419","0","48.48","13.25"
"10","013","00","001","0130","0043","672","193","479","13","685","1398","0","49.0","13.81"
"10","013","00","001","0130","0044","708","239","469","46","754","1405","0","53.67","17.01"
"10","013","00","001","0130","0045","787","247","540","28","815","1486","0","54.85","16.62"
"10","013","00","001","0131","0000","2798","890","1908","164","2962","5428","0","54.57","16.4"
"10","013","00","001","0131","0075","732","238","494","76","808","1485","0","54.41","16.03"
"10","013","00","001","0131","0076","736","229","507","34","770","1387","0","55.52","16.51"
"10","013","00","001","0131","0077","477","134","343","19","496","953","0","52.05","14.06"
"10","013","00","001","0131","0078","853","289","564","35","888","1603","0","55.4","18.03"
"10","013","00","001","0132","0000","271","105","166","27","298","535","0","55.7","19.63"
"10","013","00","001","0132","0079","271","105","166","27","298","535","0","55.7","19.63"
"10","013","00","001","0133","0000","1271","438","833","87","1358","2843","0","47.77","15.41"
"10","013","00","001","0133","0089","548","177","371","24","572","1215","0","47.08","14.57"
"10","013","00","001","0133","0090","723","261","462","63","786","1628","0","48.28","16.03"
"10","013","00","001","0134","0000","435","146","289","43","478","867","0","55.13","16.84"
"10","013","00","001","0134","0086","435","146","289","43","478","867","0","55.13","16.84"
"10","013","00","001","0135","0000","469","138","331","37","506","918","0","55.12","15.03"
"10","013","00","001","0135","0087","469","138","331","37","506","918","0","55.12","15.03"
"10","013","00","001","0136","0000","629","222","407","46","675","1209","0","55.83","18.36"
"10","013","00","001","0136","0091","629","222","407","46","675","1209","0","55.83","18.36"
"10","013","00","001","0137","0000","308","86","222","36","344","663","0","51.89","12.97"
"10","013","00","001","0137","0088","308","86","222","36","344","663","0","51.89","12.97"
"10","013","00","001","0138","0000","680","180","500","19","699","1110","0","62.97","16.22"
"10","013","00","001","0138","0092","680","180","500","19","699","1110","0","62.97","16.22"
"10","013","00","001","0139","0000","305","83","222","18","323","684","0","47.22","12.13"
"10","013","00","001","0139","0093","305","83","222","18","323","684","0","47.22","12.13"
"10","013","00","001","0140","0000","3497","1157","2340","206","3703","7190","0","51.5","16.09"
"10","013","00","001","0140","0094","582","199","383","33","615","1349","0","45.59","14.75"
"10","013","00","001","0140","0095","662","204","458","60","722","1457","0","49.55","14.0"
"10","013","00","001","0140","0096","760","243","517","33","793","1447","0","54.8","16.79"
"10","013","00","001","0140","0097","656","238","418","26","682","1354","0","50.37","17.58"
"10","013","00","001","0140","0098","837","273","564","54","891","1583","0","56.29","17.25"
"10","013","00","001","0141","0000","1211","404","807","69","1280","2503","0","51.14","16.14"
"10","013","00","001","0141","0072","636","216","420","29","665","1284","0","51.79","16.82"
"10","013","00","001","0141","0073","575","188","387","40","615","1219","0","50.45","15.42"
"10","013","00","001","0142","0000","802","257","545","73","875","1544","0","56.67","16.65"
"10","013","00","001","0142","0074","802","257","545","73","875","1544","0","56.67","16.65"
"10","013","00","001","0143","0000","1124","348","776","77","1201","2266","0","53.0","15.36"
"10","013","00","001","0143","0083","599","208","391","32","631","1227","0","51.43","16.95"
"10","013","00","001","0143","0084","525","140","385","45","570","1039","0","54.86","13.47"
"10","013","00","001","0144","0000","708","215","493","86","794","1485","0","53.47","14.48"
"10","013","00","001","0144","0085","708","215","493","86","794","1485","0","53.47","14.48"
"10","013","00","001","0145","0000","548","169","379","42","590","1119","0","52.73","15.1"
"10","013","00","001","0145","0080","548","169","379","42","590","1119","0","52.73","15.1"
"10","013","00","001","0146","0000","935","311","624","92","1027","1770","0","58.02","17.57"
"10","013","00","001","0146","0081","446","134","312","31","477","847","0","56.32","15.82"
"10","013","00","001","0146","0082","489","177","312","61","550","923","0","59.59","19.18"
"10","013","00","001","0147","0000","141","48","93","4","145","391","0","37.08","12.28"
"10","013","00","001","0147","0060","141","48","93","4","145","391","0","37.08","12.28"
"10","013","00","001","0148","0000","117","30","87","4","121","231","0","52.38","12.99"
"10","013","00","001","0148","0063","117","30","87","4","121","231","0","52.38","12.99"
"10","013","00","001","0149","0000","965","302","663","92","1057","1998","0","52.9","15.12"
"10","013","00","001","0149","0064","449","121","328","54","503","945","0","53.23","12.8"
"10","013","00","001","0149","0065","516","181","335","38","554","1053","0","52.61","17.19"
"10","013","00","001","0150","0000","480","139","341","58","538","1043","0","51.58","13.33"
"10","013","00","001","0150","0066","480","139","341","58","538","1043","0","51.58","13.33"
"10","013","00","001","0151","0000","643","225","418","22","665","1205","0","55.19","18.67"
"10","013","00","001","0151","0071","643","225","418","22","665","1205","0","55.19","18.67"
"10","013","00","001","0153","0000","4253","1339","2914","197","4450","8175","0","54.43","16.38"
"10","013","00","001","0153","0052","660","187","473","30","690","1253","0","55.07","14.92"
"10","013","00","001","0153","0053","679","206","473","36","715","1315","0","54.37","15.67"
"10","013","00","001","0153","0054","694","240","454","33","727","1425","0","51.02","16.84"
"10","013","00","001","0153","0055","720","218","502","15","735","1423","0","51.65","15.32"
"10","013","00","001","0153","0056","751","223","528","45","796","1400","0","56.86","15.93"
"10","013","00","001","0153","0057","749","265","484","38","787","1359","0","57.91","19.5"
"10","013","00","001","0154","0000","1359","390","969","143","1502","2922","0","51.4","13.35"
"10","013","00","001","0154","0069","688","176","512","86","774","1468","0","52.72","11.99"
"10","013","00","001","0154","0070","671","214","457","57","728","1454","0","50.07","14.72"
"10","013","00","001","0155","0000","2014","673","1341","94","2108","3996","0","52.75","16.84"
"10","013","00","001","0155","0049","587","218","369","37","624","1247","0","50.04","17.48"
"10","013","00","001","0155","0050","703","243","460","31","734","1446","0","50.76","16.8"
"10","013","00","001","0155","0051","724","212","512","26","750","1303","0","57.56","16.27"
"10","013","00","001","0156","0000","914","285","629","92","1006","1937","0","51.94","14.71"
"10","013","00","001","0156","0067","501","153","348","53","554","1061","0","52.21","14.42"
"10","013","00","001","0156","0068","413","132","281","39","452","876","0","51.6","15.07"
"10","013","00","001","0157","0000","145","48","97","22","167","328","0","50.91","14.63"
"10","013","00","001","0157","0062","145","48","97","22","167","328","0","50.91","14.63"
"10","013","00","001","0158","0000","105","32","73","12","117","200","0","58.5","16.0"
"10","013","00","001","0158","0061","105","32","73","12","117","200","0","58.5","16.0"
"10","013","00","001","0159","0000","932","285","647","42","974","1722","0","56.56","16.55"
"10","013","00","001","0159","0122","444","132","312","21","465","853","0","54.51","15.47"
"10","013","00","001","0159","0123","488","153","335","21","509","869","0","58.57","17.61"
"10","013","00","001","0160","0000","2513","786","1727","121","2634","4870","0","54.09","16.14"
"10","013","00","001","0160","0124","632","190","442","38","670","1169","0","57.31","16.25"
"10","013","00","001","0160","0125","562","173","389","31","593","1058","0","56.05","16.35"
"10","013","00","001","0160","0126","642","205","437","29","671","1344","0","49.93","15.25"
"10","013","00","001","0160","0127","677","218","459","23","700","1299","0","53.89","16.78"
"10","013","00","001","0161","0000","407","112","295","20","427","744","0","57.39","15.05"
"10","013","00","001","0161","0143","407","112","295","20","427","744","0","57.39","15.05"
"10","013","00","001","0162","0000","346","112","234","25","371","678","0","54.72","16.52"
"10","013","00","001","0162","0144","346","112","234","25","371","678","0","54.72","16.52"
"10","013","00","001","0163","0000","385","116","269","16","401","681","0","58.88","17.03"
"10","013","00","001","0163","0145","385","116","269","16","401","681","0","58.88","17.03"
"10","013","00","001","0164","0000","2345","746","1599","88","2433","4705","0","51.71","15.86"
"10","013","00","001","0164","0140","789","259","530","47","836","1491","0","56.07","17.37"
"10","013","00","001","0164","0141","663","199","464","19","682","1411","0","48.33","14.1"
"10","013","00","001","0164","0142","893","288","605","22","915","1803","0","50.75","15.97"
"10","013","00","001","0165","0000","2437","645","1792","98","2535","5541","0","45.75","11.64"
"10","013","00","001","0165","0118","500","147","353","27","527","1683","0","31.31","8.73"
"10","013","00","001","0165","0119","740","156","584","17","757","1497","0","50.57","10.42"
"10","013","00","001","0165","0120","557","157","400","27","584","1129","0","51.73","13.91"
"10","013","00","001","0165","0121","640","185","455","27","667","1232","0","54.14","15.02"
"10","013","00","001","0166","0000","860","254","606","38","898","1920","0","46.77","13.23"
"10","013","00","001","0166","0113","384","111","273","17","401","821","0","48.84","13.52"
"10","013","00","001","0166","0114","476","143","333","21","497","1099","0","45.22","13.01"
"10","013","00","001","0167","0000","1148","371","777","56","1204","2327","0","51.74","15.94"
"10","013","00","001","0167","0128","581","191","390","30","611","1204","0","50.75","15.86"
"10","013","00","001","0167","0129","567","180","387","26","593","1123","0","52.8","16.03"
"10","013","00","001","0168","0000","1265","419","846","70","1335","2404","0","55.53","17.43"
"10","013","00","001","0168","0138","693","231","462","50","743","1289","0","57.64","17.92"
"10","013","00","001","0168","0139","572","188","384","20","592","1115","0","53.09","16.86"
"10","013","00","001","0169","0000","3111","952","2159","124","3235","6072","0","53.28","15.68"
"10","013","00","001","0169","0133","570","184","386","24","594","1215","0","48.89","15.14"
"10","013","00","001","0169","0134","696","200","496","30","726","1370","0","52.99","14.6"
"10","013","00","001","0169","0135","637","176","461","20","657","1240","0","52.98","14.19"
"10","013","00","001","0169","0136","635","219","416","34","669","1168","0","57.28","18.75"
"10","013","00","001","0169","0137","573","173","400","16","589","1079","0","54.59","16.03"
"10","013","00","001","0170","0000","1210","392","818","60","1270","2172","0","58.47","18.05"
"10","013","00","001","0170","0148","579","183","396","36","615","1018","0","60.41","17.98"
"10","013","00","001","0170","0149","631","209","422","24","655","1154","0","56.76","18.11"
"10","013","00","001","0171","0000","1019","333","686","67","1086","2082","0","52.16","15.99"
"10","013","00","001","0171","0116","566","197","369","30","596","1167","0","51.07","16.88"
"10","013","00","001","0171","0117","453","136","317","37","490","915","0","53.55","14.86"
"10","013","00","001","0173","0000","5886","1698","4188","188","6074","11833","0","51.33","14.35"
"10","013","00","001","0173","0099","866","235","631","17","883","1707","0","51.73","13.77"
"10","013","00","001","0173","0100","749","221","528","17","766","1637","0","46.79","13.5"
"10","013","00","001","0173","0101","699","195","504","32","731","1459","0","50.1","13.37"
"10","013","00","001","0173","0102","922","275","647","35","957","1759","0","54.41","15.63"
"10","013","00","001","0173","0103","972","292","680","35","1007","1950","0","51.64","14.97"
"10","013","00","001","0173","0104","889","241","648","28","917","1729","0","53.04","13.94"
"10","013","00","001","0173","0105","789","239","550","24","813","1592","0","51.07","15.01"
"10","013","00","001","0174","0000","833","193","640","39","872","1688","0","51.66","11.43"
"10","013","00","001","0174","0115","833","193","640","39","872","1688","0","51.66","11.43"
"10","013","00","001","0175","0000","5729","1597","4132","215","5944","11483","0","51.76","13.91"
"10","013","00","001","0175","0106","689","211","478","24","713","1437","0","49.62","14.68"
"10","013","00","001","0175","0107","586","143","443","30","616","1204","0","51.16","11.88"
"10","013","00","001","0175","0108","807","177","630","27","834","1340","0","62.24","13.21"
"10","013","00","001","0175","0109","685","198","487","33","718","1322","0","54.31","14.98"
"10","013","00","001","0175","0110","711","197","514","38","749","1462","0","51.23","13.47"
"10","013","00","001","0175","0111","1541","465","1076","48","1589","3241","0","49.03","14.35"
"10","013","00","001","0175","0112","710","206","504","15","725","1477","0","49.09","13.95"
"10","013","00","001","0176","0000","591","197","394","32","623","1318","0","47.27","14.95"
"10","013","00","001","0176","0130","591","197","394","32","623","1318","0","47.27","14.95"
"10","013","00","001","0177","0000","472","155","317","44","516","865","0","59.65","17.92"
"10","013","00","001","0177","0131","472","155","317","44","516","865","0","59.65","17.92"
"10","013","00","001","0178","0000","488","137","351","24","512","1100","0","46.55","12.45"
"10","013","00","001","0178","0132","488","137","351","24","512","1100","0","46.55","12.45"
"10","013","00","001","0179","0000","484","142","342","62","546","954","0","57.23","14.88"
"10","013","00","001","0179","0147","484","142","342","62","546","954","0","57.23","14.88"
"10","013","00","001","0180","0000","651","116","535","36","687","1535","0","44.76","7.56"
"10","013","00","001","0180","0146","651","116","535","36","687","1535","0","44.76","7.56"
"10","013","00","001","0181","0000","1508","392","1116","46","1554","2867","0","54.2","13.67"
"10","013","00","001","0181","0058","700","176","524","18","718","1328","0","54.07","13.25"
"10","013","00","001","0181","0059","808","216","592","28","836","1539","0","54.32","14.04"
"10","013","00","002","0000","0000","22712","6776","15936","1538","24250","46444","53924","52.21","14.59"
"10","013","00","002","0201","0000","275","87","188","30","305","504","0","60.52","17.26"
"10","013","00","002","0201","0150","275","87","188","30","305","504","0","60.52","17.26"
"10","013","00","002","0202","0000","334","110","224","44","378","603","0","62.69","18.24"
"10","013","00","002","0202","0154","334","110","224","44","378","603","0","62.69","18.24"
"10","013","00","002","0203","0000","684","200","484","46","730","1245","0","58.63","16.06"
"10","013","00","002","0203","0170","684","200","484","46","730","1245","0","58.63","16.06"
"10","013","00","002","0204","0000","521","169","352","37","558","972","0","57.41","17.39"
"10","013","00","002","0204","0169","521","169","352","37","558","972","0","57.41","17.39"
"10","013","00","002","0205","0000","2232","683","1549","86","2318","4759","0","48.71","14.35"
"10","013","00","002","0205","0151","779","252","527","38","817","1711","0","47.75","14.73"
"10","013","00","002","0205","0152","810","240","570","24","834","1634","0","51.04","14.69"
"10","013","00","002","0205","0153","643","191","452","24","667","1414","0","47.17","13.51"
"10","013","00","002","0206","0000","435","132","303","55","490","896","0","54.69","14.73"
"10","013","00","002","0206","0155","435","132","303","55","490","896","0","54.69","14.73"
"10","013","00","002","0207","0000","2695","768","1927","177","2872","5309","0","54.1","14.47"
"10","013","00","002","0207","0156","630","183","447","46","676","1285","0","52.61","14.24"
"10","013","00","002","0207","0157","825","238","587","41","866","1744","0","49.66","13.65"
"10","013","00","002","0207","0158","580","168","412","36","616","1071","0","57.52","15.69"
"10","013","00","002","0207","0159","660","179","481","54","714","1209","0","59.06","14.81"
"10","013","00","002","0208","0000","3283","992","2291","214","3497","6490","0","53.88","15.29"
"10","013","00","002","0208","0160","588","182","406","33","621","1159","0","53.58","15.7"
"10","013","00","002","0208","0161","626","190","436","41","667","1296","0","51.47","14.66"
"10","013","00","002","0208","0162","730","220","510","51","781","1466","0","53.27","15.01"
"10","013","00","002","0208","0163","605","170","435","44","649","1130","0","57.43","15.04"
"10","013","00","002","0208","0164","734","230","504","45","779","1439","0","54.13","15.98"
"10","013","00","002","0209","0000","1138","302","836","84","1222","2122","0","57.59","14.23"
"10","013","00","002","0209","0165","485","127","358","42","527","897","0","58.75","14.16"
"10","013","00","002","0209","0166","653","175","478","42","695","1225","0","56.73","14.29"
"10","013","00","002","0210","0000","712","205","507","41","753","1415","0","53.22","14.49"
"10","013","00","002","0210","0171","712","205","507","41","753","1415","0","53.22","14.49"
"10","013","00","002","0211","0000","974","318","656","42","1016","2313","0","43.93","13.75"
"10","013","00","002","0211","0172","569","200","369","17","586","1255","0","46.69","15.94"
"10","013","00","002","0211","0173","405","118","287","25","430","1058","0","40.64","11.15"
"10","013","00","002","0212","0000","1137","333","804","88","1225","2270","0","53.96","14.67"
"10","013","00","002","0212","0174","581","174","407","33","614","1187","0","51.73","14.66"
"10","013","00","002","0212","0175","556","159","397","55","611","1083","0","56.42","14.68"
"10","013","00","002","0213","0000","3492","1019","2473","175","3667","7022","0","52.22","14.51"
"10","013","00","002","0213","0176","727","222","505","33","760","1590","0","47.8","13.96"
"10","013","00","002","0213","0177","800","215","585","50","850","1543","0","55.09","13.93"
"10","013","00","002","0213","0178","765","244","521","45","810","1631","0","49.66","14.96"
"10","013","00","002","0213","0179","605","167","438","22","627","1159","0","54.1","14.41"
"10","013","00","002","0213","0180","595","171","424","25","620","1099","0","56.41","15.56"
"10","013","00","002","0214","0000","540","157","383","50","590","1200","0","49.17","13.08"
"10","013","00","002","0214","0181","540","157","383","50","590","1200","0","49.17","13.08"
"10","013","00","002","0215","0000","657","154","503","46","703","1391","0","50.54","11.07"
"10","013","00","002","0215","0182","657","154","503","46","703","1391","0","50.54","11.07"
"10","013","00","002","0216","0000","462","135","327","44","506","881","0","57.43","15.32"
"10","013","00","002","0216","0183","462","135","327","44","506","881","0","57.43","15.32"
"10","013","00","002","0217","0000","190","46","144","20","210","454","0","46.26","10.13"
"10","013","00","002","0217","0184","190","46","144","20","210","454","0","46.26","10.13"
"10","013","00","002","0218","0000","724","238","486","78","802","1639","0","48.93","14.52"
"10","013","00","002","0218","0167","535","174","361","50","585","1158","0","50.52","15.03"
"10","013","00","002","0218","0168","189","64","125","28","217","481","0","45.11","13.31"
"10","013","00","002","0219","0000","827","240","587","66","893","1658","0","53.86","14.48"
"10","013","00","002","0219","0185","827","240","587","66","893","1658","0","53.86","14.48"
"10","013","00","002","0220","0000","766","301","465","60","826","1770","0","46.67","17.01"
"10","013","00","002","0220","0186","374","110","264","28","402","822","0","48.91","13.38"
"10","013","00","002","0220","0187","392","191","201","32","424","948","0","44.73","20.15"
"10","013","00","002","0221","0000","634","187","447","55","689","1531","0","45.0","12.21"
"10","013","00","002","0221","0188","471","136","335","27","498","1194","0","41.71","11.39"
"10","013","00","002","0221","0189","163","51","112","28","191","337","0","56.68","15.13"
"10","013","00","003","0000","0000","19155","5699","13456","1835","20990","39495","47654","53.15","14.43"
"10","013","00","003","0301","0000","1120","336","784","101","1221","2051","0","59.53","16.38"
"10","013","00","003","0301","0190","538","156","382","46","584","981","0","59.53","15.9"
"10","013","00","003","0301","0191","582","180","402","55","637","1070","0","59.53","16.82"
"10","013","00","003","0302","0000","309","73","236","38","347","527","0","65.84","13.85"
"10","013","00","003","0302","0192","309","73","236","38","347","527","0","65.84","13.85"
"10","013","00","003","0303","0000","222","61","161","18","240","395","0","60.76","15.44"
"10","013","00","003","0303","0193","222","61","161","18","240","395","0","60.76","15.44"
"10","013","00","003","0304","0000","307","88","219","31","338","659","0","51.29","13.35"
"10","013","00","003","0304","0194","307","88","219","31","338","659","0","51.29","13.35"
"10","013","00","003","0305","0000","261","84","177","23","284","513","0","55.36","16.37"
"10","013","00","003","0305","0195","261","84","177","23","284","513","0","55.36","16.37"
"10","013","00","003","0306","0000","359","102","257","32","391","695","0","56.26","14.68"
"10","013","00","003","0306","0203","359","102","257","32","391","695","0","56.26","14.68"
"10","013","00","003","0307","0000","853","252","601","98","951","1643","0","57.88","15.34"
"10","013","00","003","0307","0204","591","176","415","69","660","1076","0","61.34","16.36"
"10","013","00","003","0307","0205","262","76","186","29","291","567","0","51.32","13.4"
"10","013","00","003","0308","0000","379","115","264","32","411","806","0","50.99","14.27"
"10","013","00","003","0308","0206","379","115","264","32","411","806","0","50.99","14.27"
"10","013","00","003","0309","0000","616","176","440","67","683","1227","0","55.66","14.34"
"10","013","00","003","0309","0207","616","176","440","67","683","1227","0","55.66","14.34"
"10","013","00","003","0310","0000","270","70","200","55","325","599","0","54.26","11.69"
"10","013","00","003","0310","0208","270","70","200","55","325","599","0","54.26","11.69"
"10","013","00","003","0311","0000","538","147","391","38","576","1354","0","42.54","10.86"
"10","013","00","003","0311","0209","538","147","391","38","576","1354","0","42.54","10.86"
"10","013","00","003","0312","0000","870","302","568","156","1026","1841","0","55.73","16.4"
"10","013","00","003","0312","0210","346","150","196","45","391","734","0","53.27","20.44"
"10","013","00","003","0312","0211","524","152","372","111","635","1107","0","57.36","13.73"
"10","013","00","003","0313","0000","1240","388","852","172","1412","2812","0","50.21","13.8"
"10","013","00","003","0313","0212","524","165","359","74","598","1198","0","49.92","13.77"
"10","013","00","003","0313","0213","716","223","493","98","814","1614","0","50.43","13.82"
"10","013","00","003","0314","0000","847","243","604","96","943","1738","0","54.26","13.98"
"10","013","00","003","0314","0214","381","114","267","42","423","826","0","51.21","13.8"
"10","013","00","003","0314","0215","466","129","337","54","520","912","0","57.02","14.14"
"10","013","00","003","0315","0000","797","238","559","112","909","1636","0","55.56","14.55"
"10","013","00","003","0315","0216","204","57","147","24","228","432","0","52.78","13.19"
"10","013","00","003","0315","0217","593","181","412","88","681","1204","0","56.56","15.03"
"10","013","00","003","0316","0000","2597","735","1862","182","2779","5318","0","52.26","13.82"
"10","013","00","003","0316","0218","665","185","480","54","719","1304","0","55.14","14.19"
"10","013","00","003","0316","0219","693","201","492","54","747","1317","0","56.72","15.26"
"10","013","00","003","0316","0220","671","189","482","37","708","1387","0","51.05","13.63"
"10","013","00","003","0316","0221","568","160","408","37","605","1310","0","46.18","12.21"
"10","013","00","003","0317","0000","900","299","601","78","978","1994","0","49.05","14.99"
"10","013","00","003","0317","0222","568","191","377","37","605","1228","0","49.27","15.55"
"10","013","00","003","0317","0223","332","108","224","41","373","766","0","48.69","14.1"
"10","013","00","003","0318","0000","708","227","481","61","769","1578","0","48.73","14.39"
"10","013","00","003","0318","0224","435","150","285","45","480","823","0","58.32","18.23"
"10","013","00","003","0318","0225","273","77","196","16","289","755","0","38.28","10.2"
"10","013","00","003","0319","0000","4461","1323","3138","307","4768","8957","0","53.23","14.77"
"10","013","00","003","0319","0196","841","262","579","50","891","1732","0","51.44","15.13"
"10","013","00","003","0319","0197","902","266","636","51","953","1779","0","53.57","14.95"
"10","013","00","003","0319","0198","607","176","431","36","643","1270","0","50.63","13.86"
"10","013","00","003","0319","0199","650","185","465","47","697","1327","0","52.52","13.94"
"10","013","00","003","0319","0200","644","200","444","56","700","1242","0","56.36","16.1"
"10","013","00","003","0319","0201","817","234","583","67","884","1607","0","55.01","14.56"
"10","013","00","003","0320","0000","595","195","400","45","640","1305","0","49.04","14.94"
"10","013","00","003","0320","0202","595","195","400","45","640","1305","0","49.04","14.94"
"10","013","00","003","0321","0000","561","159","402","66","627","1094","0","57.31","14.53"
"10","013","00","003","0321","0226","561","159","402","66","627","1094","0","57.31","14.53"
"10","013","00","003","0322","0000","345","86","259","27","372","753","0","49.4","11.42"
"10","013","00","003","0322","0227","345","86","259","27","372","753","0","49.4","11.42"
"10","013","00","004","0000","0000","11277","3613","7664","786","12063","25661","30812","47.01","14.08"
"10","013","00","004","0401","0000","393","98","295","32","425","902","0","47.12","10.86"
"10","013","00","004","0401","0228","393","98","295","32","425","902","0","47.12","10.86"
"10","013","00","004","0402","0000","1107","360","747","77","1184","2249","0","52.65","16.01"
"10","013","00","004","0402","0229","521","165","356","33","554","969","0","57.17","17.03"
"10","013","00","004","0402","0230","586","195","391","44","630","1280","0","49.22","15.23"
"10","013","00","004","0403","0000","588","175","413","22","610","1133","0","53.84","15.45"
"10","013","00","004","0403","0231","588","175","413","22","610","1133","0","53.84","15.45"
"10","013","00","004","0404","0000","1854","749","1105","95","1949","4159","0","46.86","18.01"
"10","013","00","004","0404","0246","709","427","282","17","726","1505","0","48.24","28.37"
"10","013","00","004","0404","0247","472","140","332","44","516","1111","0","46.44","12.6"
"10","013","00","004","0404","0248","673","182","491","34","707","1543","0","45.82","11.8"
"10","013","00","004","0405","0000","1219","385","834","62","1281","3037","0","42.18","12.68"
"10","013","00","004","0405","0232","643","203","440","15","658","1552","0","42.4","13.08"
"10","013","00","004","0405","0233","576","182","394","47","623","1485","0","41.95","12.26"
"10","013","00","004","0406","0000","440","110","330","42","482","896","0","53.79","12.28"
"10","013","00","004","0406","0234","440","110","330","42","482","896","0","53.79","12.28"
"10","013","00","004","0407","0000","229","68","161","21","250","531","0","47.08","12.81"
"10","013","00","004","0407","0235","229","68","161","21","250","531","0","47.08","12.81"
"10","013","00","004","0408","0000","209","59","150","10","219","478","0","45.82","12.34"
"10","013","00","004","0408","0236","209","59","150","10","219","478","0","45.82","12.34"
"10","013","00","004","0409","0000","449","139","310","40","489","1020","0","47.94","13.63"
"10","013","00","004","0409","0237","449","139","310","40","489","1020","0","47.94","13.63"
"10","013","00","004","0410","0000","425","151","274","21","446","924","0","48.27","16.34"
"10","013","00","004","0410","0238","425","151","274","21","446","924","0","48.27","16.34"
"10","013","00","004","0411","0000","447","134","313","26","473","1079","0","43.84","12.42"
"10","013","00","004","0411","0239","447","134","313","26","473","1079","0","43.84","12.42"
"10","013","00","004","0412","0000","711","163","548","65","776","1588","0","48.87","10.26"
"10","013","00","004","0412","0240","303","74","229","20","323","775","0","41.68","9.55"
"10","013","00","004","0412","0241","408","89","319","45","453","813","0","55.72","10.95"
"10","013","00","004","0413","0000","927","283","644","92","1019","2214","0","46.03","12.78"
"10","013","00","004","0413","0242","477","133","344","46","523","1104","0","47.37","12.05"
"10","013","00","004","0413","0243","450","150","300","46","496","1110","0","44.68","13.51"
"10","013","00","004","0414","0000","498","157","341","59","557","1400","0","39.79","11.21"
"10","013","00","004","0414","0244","248","84","164","49","297","692","0","42.92","12.14"
"10","013","00","004","0414","0245","250","73","177","10","260","708","0","36.72","10.31"
"10","013","00","004","0415","0000","735","254","481","46","781","1672","0","46.71","15.19"
"10","013","00","004","0415","0249","320","117","203","17","337","828","0","40.7","14.13"
"10","013","00","004","0415","0250","415","137","278","29","444","844","0","52.61","16.23"
"10","013","00","004","0416","0000","571","190","381","38","609","1253","0","48.6","15.16"
"10","013","00","004","0416","0251","571","190","381","38","609","1253","0","48.6","15.16"
"10","013","00","004","0417","0000","475","138","337","38","513","1126","0","45.56","12.26"
"10","013","00","004","0417","0252","475","138","337","38","513","1126","0","45.56","12.26"
"10","013","00","005","0000","0000","21301","6538","14763","1917","23218","43478","50595","53.4","15.04"
"10","013","00","005","0501","0000","341","116","225","22","363","595","0","61.01","19.5"
"10","013","00","005","0501","0267","341","116","225","22","363","595","0","61.01","19.5"
"10","013","00","005","0502","0000","450","130","320","37","487","847","0","57.5","15.35"
"10","013","00","005","0502","0262","450","130","320","37","487","847","0","57.5","15.35"
"10","013","00","005","0503","0000","1675","521","1154","132","1807","3458","0","52.26","15.07"
"10","013","00","005","0503","0263","550","160","390","39","589","1149","0","51.26","13.93"
"10","013","00","005","0503","0264","563","176","387","45","608","1131","0","53.76","15.56"
"10","013","00","005","0503","0265","562","185","377","48","610","1178","0","51.78","15.7"
"10","013","00","005","0504","0000","402","116","286","23","425","711","0","59.77","16.32"
"10","013","00","005","0504","0266","402","116","286","23","425","711","0","59.77","16.32"
"10","013","00","005","0505","0000","756","241","515","52","808","1403","0","57.59","17.18"
"10","013","00","005","0505","0268","756","241","515","52","808","1403","0","57.59","17.18"
"10","013","00","005","0506","0000","1134","322","812","61","1195","2252","0","53.06","14.3"
"10","013","00","005","0506","0269","514","137","377","30","544","1094","0","49.73","12.52"
"10","013","00","005","0506","0270","620","185","435","31","651","1158","0","56.22","15.98"
"10","013","00","005","0507","0000","1098","353","745","90","1188","2025","0","58.67","17.43"
"10","013","00","005","0507","0271","552","174","378","52","604","963","0","62.72","18.07"
"10","013","00","005","0507","0272","546","179","367","38","584","1062","0","54.99","16.85"
"10","013","00","005","0508","0000","812","234","578","73","885","1684","0","52.55","13.9"
"10","013","00","005","0508","0273","812","234","578","73","885","1684","0","52.55","13.9"
"10","013","00","005","0509","0000","1235","371","864","108","1343","2250","0","59.69","16.49"
"10","013","00","005","0509","0290","566","170","396","60","626","1023","0","61.19","16.62"
"10","013","00","005","0509","0291","669","201","468","48","717","1227","0","58.44","16.38"
"10","013","00","005","0510","0000","506","152","354","33","539","976","0","55.23","15.57"
"10","013","00","005","0510","0275","506","152","354","33","539","976","0","55.23","15.57"
"10","013","00","005","0511","0000","841","245","596","103","944","1860","0","50.75","13.17"
"10","013","00","005","0511","0276","497","151","346","61","558","1013","0","55.08","14.91"
"10","013","00","005","0511","0277","344","94","250","42","386","847","0","45.57","11.1"
"10","013","00","005","0512","0000","797","244","553","115","912","1570","0","58.09","15.54"
"10","013","00","005","0512","0278","797","244","553","115","912","1570","0","58.09","15.54"
"10","013","00","005","0513","0000","636","170","466","60","696","1411","0","49.33","12.05"
"10","013","00","005","0513","0279","636","170","466","60","696","1411","0","49.33","12.05"
"10","013","00","005","0514","0000","413","107","306","33","446","804","0","55.47","13.31"
"10","013","00","005","0514","0282","413","107","306","33","446","804","0","55.47","13.31"
"10","013","00","005","0515","0000","625","202","423","78","703","1284","0","54.75","15.73"
"10","013","00","005","0515","0283","625","202","423","78","703","1284","0","54.75","15.73"
"10","013","00","005","0516","0000","655","205","450","48","703","1430","0","49.16","14.34"
"10","013","00","005","0516","0284","655","205","450","48","703","1430","0","49.16","14.34"
"10","013","00","005","0517","0000","542","169","373","58","600","960","0","62.5","17.6"
"10","013","00","005","0517","0285","542","169","373","58","600","960","0","62.5","17.6"
"10","013","00","005","0518","0000","1014","334","680","113","1127","1944","0","57.97","17.18"
"10","013","00","005","0518","0286","437","128","309","42","479","786","0","60.94","16.28"
"10","013","00","005","0518","0287","577","206","371","71","648","1158","0","55.96","17.79"
"10","013","00","005","0519","0000","711","228","483","65","776","1666","0","46.58","13.69"
"10","013","00","005","0519","0289","711","228","483","65","776","1666","0","46.58","13.69"
"10","013","00","005","0520","0000","643","196","447","68","711","1647","0","43.17","11.9"
"10","013","00","005","0520","0288","643","196","447","68","711","1647","0","43.17","11.9"
"10","013","00","005","0521","0000","800","244","556","29","829","1702","0","48.71","14.34"
"10","013","00","005","0521","0274","800","244","556","29","829","1702","0","48.71","14.34"
"10","013","00","005","0522","0000","931","302","629","98","1029","2096","0","49.09","14.41"
"10","013","00","005","0522","0254","508","157","351","61","569","1147","0","49.61","13.69"
"10","013","00","005","0522","0255","423","145","278","37","460","949","0","48.47","15.28"
"10","013","00","005","0523","0000","625","185","440","47","672","1527","0","44.01","12.12"
"10","013","00","005","0523","0253","625","185","440","47","672","1527","0","44.01","12.12"
"10","013","00","005","0524","0000","529","189","340","71","600","1046","0","57.36","18.07"
"10","013","00","005","0524","0280","529","189","340","71","600","1046","0","57.36","18.07"
"10","013","00","005","0525","0000","908","271","637","53","961","2012","0","47.76","13.47"
"10","013","00","005","0525","0256","439","139","300","40","479","990","0","48.38","14.04"
"10","013","00","005","0525","0257","469","132","337","13","482","1022","0","47.16","12.92"
"10","013","00","005","0526","0000","666","212","454","30","696","1385","0","50.25","15.31"
"10","013","00","005","0526","0281","666","212","454","30","696","1385","0","50.25","15.31"
"10","013","00","005","0527","0000","620","170","450","86","706","1159","0","60.91","14.67"
"10","013","00","005","0527","0259","620","170","450","86","706","1159","0","60.91","14.67"
"10","013","00","005","0528","0000","437","150","287","64","501","837","0","59.86","17.92"
"10","013","00","005","0528","0260","437","150","287","64","501","837","0","59.86","17.92"
"10","013","00","005","0529","0000","318","101","217","50","368","545","0","67.52","18.53"
"10","013","00","005","0529","0258","318","101","217","50","368","545","0","67.52","18.53"
"10","013","00","005","0530","0000","181","58","123","17","198","392","0","50.51","14.8"
"10","013","00","005","0530","0261","181","58","123","17","198","392","0","50.51","14.8"
"10","013","00","006","0000","0000","13261","4391","8870","1202","14463","26256","29714","55.08","16.72"
"10","013","00","006","0601","0000","1336","696","640","114","1450","2632","0","55.09","26.44"
"10","013","00","006","0601","0292","521","134","387","47","568","1018","0","55.8","13.16"
"10","013","00","006","0601","0293","815","562","253","67","882","1614","0","54.65","34.82"
"10","013","00","006","0602","0000","1878","575","1303","116","1994","3555","0","56.09","16.17"
"10","013","00","006","0602","0294","1010","316","694","60","1070","1848","0","57.9","17.1"
"10","013","00","006","0602","0295","868","259","609","56","924","1707","0","54.13","15.17"
"10","013","00","006","0603","0000","1049","325","724","69","1118","1961","0","57.01","16.57"
"10","013","00","006","0603","0296","525","166","359","23","548","972","0","56.38","17.08"
"10","013","00","006","0603","0297","524","159","365","46","570","989","0","57.63","16.08"
"10","013","00","006","0604","0000","1232","400","832","108","1340","2548","0","52.59","15.7"
"10","013","00","006","0604","0298","397","114","283","48","445","735","0","60.54","15.51"
"10","013","00","006","0604","0299","835","286","549","60","895","1813","0","49.37","15.77"
"10","013","00","006","0605","0000","598","183","415","53","651","1073","0","60.67","17.05"
"10","013","00","006","0605","0300","598","183","415","53","651","1073","0","60.67","17.05"
"10","013","00","006","0606","0000","460","139","321","50","510","884","0","57.69","15.72"
"10","013","00","006","0606","0305","460","139","321","50","510","884","0","57.69","15.72"
"10","013","00","006","0607","0000","569","176","393","55","624","1090","0","57.25","16.15"
"10","013","00","006","0607","0306","569","176","393","55","624","1090","0","57.25","16.15"
"10","013","00","006","0608","0000","731","242","489","83","814","1492","0","54.56","16.22"
"10","013","00","006","0608","0304","731","242","489","83","814","1492","0","54.56","16.22"
"10","013","00","006","0609","0000","806","244","562","66","872","1654","0","52.72","14.75"
"10","013","00","006","0609","0301","806","244","562","66","872","1654","0","52.72","14.75"
"10","013","00","006","0610","0000","606","217","389","56","662","1205","0","54.94","18.01"
"10","013","00","006","0610","0302","606","217","389","56","662","1205","0","54.94","18.01"
"10","013","00","006","0611","0000","406","122","284","27","433","758","0","57.12","16.09"
"10","013","00","006","0611","0303","406","122","284","27","433","758","0","57.12","16.09"
"10","013","00","006","0612","0000","1183","374","809","98","1281","2401","0","53.35","15.58"
"10","013","00","006","0612","0311","622","179","443","77","699","1242","0","56.28","14.41"
"10","013","00","006","0612","0312","561","195","366","21","582","1159","0","50.22","16.82"
"10","013","00","006","0613","0000","863","258","605","138","1001","1770","0","56.55","14.58"
"10","013","00","006","0613","0308","415","123","292","51","466","845","0","55.15","14.56"
"10","013","00","006","0613","0309","448","135","313","87","535","925","0","57.84","14.59"
"10","013","00","006","0614","0000","621","192","429","68","689","1422","0","48.45","13.5"
"10","013","00","006","0614","0307","621","192","429","68","689","1422","0","48.45","13.5"
"10","013","00","006","0615","0000","553","145","408","69","622","1138","0","54.66","12.74"
"10","013","00","006","0615","0310","553","145","408","69","622","1138","0","54.66","12.74"
"10","013","00","006","0616","0000","370","103","267","32","402","673","0","59.73","15.3"
"10","013","00","006","0616","0313","370","103","267","32","402","673","0","59.73","15.3"
"10","013","00","007","0000","0000","5355","1695","3660","371","5726","9970","11068","57.43","17.0"
"10","013","00","007","0701","0000","1212","331","881","65","1277","2174","0","58.74","15.23"
"10","013","00","007","0701","0314","414","131","283","34","448","788","0","56.85","16.62"
"10","013","00","007","0701","0315","798","200","598","31","829","1386","0","59.81","14.43"
"10","013","00","007","0702","0000","554","167","387","34","588","957","0","61.44","17.45"
"10","013","00","007","0702","0316","554","167","387","34","588","957","0","61.44","17.45"
"10","013","00","007","0703","0000","861","276","585","91","952","1537","0","61.94","17.96"
"10","013","00","007","0703","0317","405","117","288","43","448","731","0","61.29","16.01"
"10","013","00","007","0703","0318","456","159","297","48","504","806","0","62.53","19.73"
"10","013","00","007","0704","0000","1327","462","865","92","1419","2547","0","55.71","18.14"
"10","013","00","007","0704","0319","584","209","375","22","606","1207","0","50.21","17.32"
"10","013","00","007","0704","0320","743","253","490","70","813","1340","0","60.67","18.88"
"10","013","00","007","0705","0000","620","200","420","58","678","1221","0","55.53","16.38"
"10","013","00","007","0705","0321","620","200","420","58","678","1221","0","55.53","16.38"
"10","013","00","007","0706","0000","437","153","284","20","457","851","0","53.7","17.98"
"10","013","00","007","0706","0322","437","153","284","20","457","851","0","53.7","17.98"
"10","013","00","007","0707","0000","344","106","238","11","355","683","0","51.98","15.52"
"10","013","00","007","0707","0323","344","106","238","11","355","683","0","51.98","15.52"
"10","013","00","008","0000","0000","9308","2870","6438","1113","10421","19132","22095","54.47","15.0"
"10","013","00","008","0801","0000","761","249","512","76","837","1491","0","56.14","16.7"
"10","013","00","008","0801","0324","761","249","512","76","837","1491","0","56.14","16.7"
"10","013","00","008","0802","0000","663","221","442","75","738","1375","0","53.67","16.07"
"10","013","00","008","0802","0325","663","221","442","75","738","1375","0","53.67","16.07"
"10","013","00","008","0803","0000","774","224","550","57","831","1678","0","49.52","13.35"
"10","013","00","008","0803","0326","774","224","550","57","831","1678","0","49.52","13.35"
"10","013","00","008","0804","0000","533","185","348","37","570","1276","0","44.67","14.5"
"10","013","00","008","0804","0328","533","185","348","37","570","1276","0","44.67","14.5"
"10","013","00","008","0805","0000","614","194","420","71","685","1166","0","58.75","16.64"
"10","013","00","008","0805","0327","614","194","420","71","685","1166","0","58.75","16.64"
"10","013","00","008","0806","0000","744","254","490","89","833","1600","0","52.06","15.88"
"10","013","00","008","0806","0334","744","254","490","89","833","1600","0","52.06","15.88"
"10","013","00","008","0807","0000","883","251","632","159","1042","1792","0","58.15","14.01"
"10","013","00","008","0807","0336","883","251","632","159","1042","1792","0","58.15","14.01"
"10","013","00","008","0808","0000","604","174","430","76","680","1248","0","54.49","13.94"
"10","013","00","008","0808","0335","604","174","430","76","680","1248","0","54.49","13.94"
"10","013","00","008","0809","0000","737","172","565","80","817","1482","0","55.13","11.61"
"10","013","00","008","0809","0337","737","172","565","80","817","1482","0","55.13","11.61"
"10","013","00","008","0810","0000","2119","671","1448","289","2408","4414","0","54.55","15.2"
"10","013","00","008","0810","0331","341","107","234","57","398","649","0","61.33","16.49"
"10","013","00","008","0810","0332","953","303","650","140","1093","1999","0","54.68","15.16"
"10","013","00","008","0810","0333","825","261","564","92","917","1766","0","51.93","14.78"
"10","013","00","008","0811","0000","876","275","601","104","980","1610","0","60.87","17.08"
"10","013","00","008","0811","0329","523","167","356","60","583","1033","0","56.44","16.17"
"10","013","00","008","0811","0330","353","108","245","44","397","577","0","68.8","18.72"
"10","013","00","009","0000","0000","10925","3647","7278","1225","12150","22128","26092","54.91","16.48"
"10","013","00","009","0901","0000","1559","506","1053","143","1702","3032","0","56.13","16.69"
"10","013","00","009","0901","0338","840","261","579","76","916","1552","0","59.02","16.82"
"10","013","00","009","0901","0339","719","245","474","67","786","1480","0","53.11","16.55"
"10","013","00","009","0902","0000","625","201","424","47","672","1127","0","59.63","17.83"
"10","013","00","009","0902","0342","625","201","424","47","672","1127","0","59.63","17.83"
"10","013","00","009","0903","0000","449","145","304","49","498","845","0","58.93","17.16"
"10","013","00","009","0903","0343","449","145","304","49","498","845","0","58.93","17.16"
"10","013","00","009","0904","0000","618","299","319","59","677","1282","0","52.81","23.32"
"10","013","00","009","0904","0344","618","299","319","59","677","1282","0","52.81","23.32"
"10","013","00","009","0905","0000","1060","322","738","103","1163","2012","0","57.8","16.0"
"10","013","00","009","0905","0345","517","150","367","49","566","981","0","57.7","15.29"
"10","013","00","009","0905","0346","543","172","371","54","597","1031","0","57.9","16.68"
"10","013","00","009","0906","0000","710","255","455","93","803","1423","0","56.43","17.92"
"10","013","00","009","0906","0347","710","255","455","93","803","1423","0","56.43","17.92"
"10","013","00","009","0907","0000","643","209","434","40","683","1534","0","44.52","13.62"
"10","013","00","009","0907","0340","643","209","434","40","683","1534","0","44.52","13.62"
"10","013","00","009","0908","0000","766","256","510","89","855","1578","0","54.18","16.22"
"10","013","00","009","0908","0341","766","256","510","89","855","1578","0","54.18","16.22"
"10","013","00","009","0909","0000","741","261","480","127","868","1566","0","55.43","16.67"
"10","013","00","009","0909","0348","144","49","95","23","167","363","0","46.01","13.5"
"10","013","00","009","0909","0349","597","212","385","104","701","1203","0","58.27","17.62"
"10","013","00","009","0910","0000","1206","379","827","129","1335","2411","0","55.37","15.72"
"10","013","00","009","0910","0350","571","162","409","66","637","1027","0","62.03","15.77"
"10","013","00","009","0910","0351","635","217","418","63","698","1384","0","50.43","15.68"
"10","013","00","009","0911","0000","985","294","691","105","1090","2034","0","53.59","14.45"
"10","013","00","009","0911","0352","694","231","463","88","782","1512","0","51.72","15.28"
"10","013","00","009","0911","0353","291","63","228","17","308","522","0","59.0","12.07"
"10","013","00","009","0912","0000","847","274","573","138","985","1829","0","53.85","14.98"
"10","013","00","009","0912","0354","390","124","266","67","457","822","0","55.6","15.09"
"10","013","00","009","0912","0355","457","150","307","71","528","1007","0","52.43","14.9"
"10","013","00","009","0913","0000","455","155","300","82","537","956","0","56.17","16.21"
"10","013","00","009","0913","0356","455","155","300","82","537","956","0","56.17","16.21"
"10","013","00","009","0914","0000","261","91","170","21","282","499","0","56.51","18.24"
"10","013","00","009","0914","0357","261","91","170","21","282","499","0","56.51","18.24"
"10","013","00","010","0000","0000","10763","3263","7500","880","11643","22402","25740","51.97","14.57"
"10","013","00","010","1001","0000","1446","448","998","123","1569","3148","0","49.84","14.23"
"10","013","00","010","1001","0370","700","189","511","39","739","1598","0","46.25","11.83"
"10","013","00","010","1001","0371","746","259","487","84","830","1550","0","53.55","16.71"
"10","013","00","010","1002","0000","1314","441","873","74","1388","2832","0","49.01","15.57"
"10","013","00","010","1002","0365","699","268","431","9","708","1367","0","51.79","19.6"
"10","013","00","010","1002","0366","615","173","442","65","680","1465","0","46.42","11.81"
"10","013","00","010","1003","0000","887","257","630","56","943","1850","0","50.97","13.89"
"10","013","00","010","1003","0358","462","126","336","35","497","951","0","52.26","13.25"
"10","013","00","010","1003","0359","425","131","294","21","446","899","0","49.61","14.57"
"10","013","00","010","1004","0000","1065","305","760","65","1130","2357","0","47.94","12.94"
"10","013","00","010","1004","0360","474","139","335","27","501","1116","0","44.89","12.46"
"10","013","00","010","1004","0361","591","166","425","38","629","1241","0","50.68","13.38"
"10","013","00","010","1005","0000","838","271","567","77","915","1732","0","52.83","15.65"
"10","013","00","010","1005","0362","360","116","244","43","403","770","0","52.34","15.06"
"10","013","00","010","1005","0363","478","155","323","34","512","962","0","53.22","16.11"
"10","013","00","010","1006","0000","569","166","403","64","633","1041","0","60.81","15.95"
"10","013","00","010","1006","0364","569","166","403","64","633","1041","0","60.81","15.95"
"10","013","00","010","1007","0000","803","234","569","41","844","1852","0","45.57","12.63"
"10","013","00","010","1007","0367","385","119","266","37","422","894","0","47.2","13.31"
"10","013","00","010","1007","0368","418","115","303","4","422","958","0","44.05","12.0"
"10","013","00","010","1008","0000","273","70","203","34","307","553","0","55.52","12.66"
"10","013","00","010","1008","0377","273","70","203","34","307","553","0","55.52","12.66"
"10","013","00","010","1009","0000","419","123","296","72","491","924","0","53.14","13.31"
"10","013","00","010","1009","0369","419","123","296","72","491","924","0","53.14","13.31"
"10","013","00","010","1010","0000","830","254","576","52","882","1619","0","54.48","15.69"
"10","013","00","010","1010","0376","830","254","576","52","882","1619","0","54.48","15.69"
"10","013","00","010","1011","0000","1800","546","1254","149","1949","3510","0","55.53","15.56"
"10","013","00","010","1011","0372","547","158","389","57","604","1127","0","53.59","14.02"
"10","013","00","010","1011","0373","615","178","437","55","670","1150","0","58.26","15.48"
"10","013","00","010","1011","0374","638","210","428","37","675","1233","0","54.74","17.03"
"10","013","00","010","1012","0000","519","148","371","73","592","984","0","60.16","15.04"
"10","013","00","010","1012","0375","519","148","371","73","592","984","0","60.16","15.04"
"10","013","00","011","0000","0000","9568","3064","6504","1117","10685","21697","24444","49.25","14.12"
"10","013","00","011","1101","0000","927","319","608","97","1024","2138","0","47.9","14.92"
"10","013","00","011","1101","0378","477","167","310","72","549","883","0","62.17","18.91"
"10","013","00","011","1101","0379","450","152","298","25","475","1255","0","37.85","12.11"
"10","013","00","011","1102","0000","609","198","411","39","648","1278","0","50.7","15.49"
"10","013","00","011","1102","0380","609","198","411","39","648","1278","0","50.7","15.49"
"10","013","00","011","1103","0000","311","72","239","25","336","738","0","45.53","9.76"
"10","013","00","011","1103","0381","311","72","239","25","336","738","0","45.53","9.76"
"10","013","00","011","1104","0000","257","89","168","14","271","585","0","46.32","15.21"
"10","013","00","011","1104","0382","257","89","168","14","271","585","0","46.32","15.21"
"10","013","00","011","1105","0000","477","175","302","110","587","1012","0","58.0","17.29"
"10","013","00","011","1105","0383","477","175","302","110","587","1012","0","58.0","17.29"
"10","013","00","011","1106","0000","513","176","337","69","582","1148","0","50.7","15.33"
"10","013","00","011","1106","0384","513","176","337","69","582","1148","0","50.7","15.33"
"10","013","00","011","1107","0000","264","81","183","36","300","591","0","50.76","13.71"
"10","013","00","011","1107","0385","264","81","183","36","300","591","0","50.76","13.71"
"10","013","00","011","1108","0000","309","108","201","51","360","786","0","45.8","13.74"
"10","013","00","011","1108","0386","309","108","201","51","360","786","0","45.8","13.74"
"10","013","00","011","1109","0000","261","58","203","20","281","649","0","43.3","8.94"
"10","013","00","011","1109","0387","261","58","203","20","281","649","0","43.3","8.94"
"10","013","00","011","1110","0000","447","136","311","67","514","1229","0","41.82","11.07"
"10","013","00","011","1110","0388","447","136","311","67","514","1229","0","41.82","11.07"
"10","013","00","011","1111","0000","577","167","410","57","634","1446","0","43.85","11.55"
"10","013","00","011","1111","0389","577","167","410","57","634","1446","0","43.85","11.55"
"10","013","00","011","1112","0000","761","267","494","74","835","1821","0","45.85","14.66"
"10","013","00","011","1112","0390","340","145","195","17","357","899","0","39.71","16.13"
"10","013","00","011","1112","0391","421","122","299","57","478","922","0","51.84","13.23"
"10","013","00","011","1113","0000","537","178","359","67","604","1259","0","47.97","14.14"
"10","013","00","011","1113","0392","537","178","359","67","604","1259","0","47.97","14.14"
"10","013","00","011","1114","0000","393","119","274","22","415","1056","0","39.3","11.27"
"10","013","00","011","1114","0393","393","119","274","22","415","1056","0","39.3","11.27"
"10","013","00","011","1115","0000","531","173","358","71","602","1116","0","53.94","15.5"
"10","013","00","011","1115","0394","531","173","358","71","602","1116","0","53.94","15.5"
"10","013","00","011","1116","0000","505","174","331","65","570","1020","0","55.88","17.06"
"10","013","00","011","1116","0395","505","174","331","65","570","1020","0","55.88","17.06"
"10","013","00","011","1117","0000","500","155","345","73","573","1055","0","54.31","14.69"
"10","013","00","011","1117","0396","500","155","345","73","573","1055","0","54.31","14.69"
"10","013","00","011","1118","0000","613","183","430","66","679","1231","0","55.16","14.87"
"10","013","00","011","1118","0397","401","126","275","39","440","738","0","59.62","17.07"
"10","013","00","011","1118","0398","212","57","155","27","239","493","0","48.48","11.56"
"10","013","00","011","1119","0000","776","236","540","94","870","1539","0","56.53","15.33"
"10","013","00","011","1119","0399","776","236","540","94","870","1539","0","56.53","15.33"
"10","013","00","012","0000","0000","8266","2591","5675","900","9166","17945","20585","51.08","14.44"
"10","013","00","012","1201","0000","567","285","282","42","609","1239","0","49.15","23.0"
"10","013","00","012","1201","0400","567","285","282","42","609","1239","0","49.15","23.0"
"10","013","00","012","1202","0000","397","135","262","45","442","759","0","58.23","17.79"
"10","013","00","012","1202","0401","397","135","262","45","442","759","0","58.23","17.79"
"10","013","00","012","1203","0000","882","273","609","138","1020","1701","0","59.96","16.05"
"10","013","00","012","1203","0402","477","142","335","79","556","932","0","59.66","15.24"
"10","013","00","012","1203","0403","405","131","274","59","464","769","0","60.34","17.04"
"10","013","00","012","1204","0000","441","137","304","65","506","920","0","55.0","14.89"
"10","013","00","012","1204","0404","441","137","304","65","506","920","0","55.0","14.89"
"10","013","00","012","1205","0000","289","106","183","35","324","560","0","57.86","18.93"
"10","013","00","012","1205","0405","289","106","183","35","324","560","0","57.86","18.93"
"10","013","00","012","1206","0000","488","140","348","33","521","1120","0","46.52","12.5"
"10","013","00","012","1206","0406","488","140","348","33","521","1120","0","46.52","12.5"
"10","013","00","012","1207","0000","481","134","347","30","511","1048","0","48.76","12.79"
"10","013","00","012","1207","0407","481","134","347","30","511","1048","0","48.76","12.79"
"10","013","00","012","1208","0000","606","163","443","41","647","1438","0","44.99","11.34"
"10","013","00","012","1208","0408","606","163","443","41","647","1438","0","44.99","11.34"
"10","013","00","012","1209","0000","967","291","676","98","1065","2027","0","52.54","14.36"
"10","013","00","012","1209","0411","440","103","337","35","475","1020","0","46.57","10.1"
"10","013","00","012","1209","0412","527","188","339","63","590","1007","0","58.59","18.67"
"10","013","00","012","1210","0000","710","203","507","130","840","1647","0","51.0","12.33"
"10","013","00","012","1210","0409","351","112","239","64","415","834","0","49.76","13.43"
"10","013","00","012","1210","0410","359","91","268","66","425","813","0","52.28","11.19"
"10","013","00","012","1211","0000","645","221","424","84","729","1648","0","44.24","13.41"
"10","013","00","012","1211","0413","645","221","424","84","729","1648","0","44.24","13.41"
"10","013","00","012","1212","0000","663","204","459","62","725","1437","0","50.45","14.2"
"10","013","00","012","1212","0414","663","204","459","62","725","1437","0","50.45","14.2"
"10","013","00","012","1213","0000","522","148","374","26","548","1228","0","44.63","12.05"
"10","013","00","012","1213","0415","522","148","374","26","548","1228","0","44.63","12.05"
"10","013","00","012","1214","0000","608","151","457","71","679","1173","0","57.89","12.87"
"10","013","00","012","1214","0416","321","70","251","40","361","597","0","60.47","11.73"
"10","013","00","012","1214","0417","287","81","206","31","318","576","0","55.21","14.06"
"10","013","00","013","0000","0000","21012","6425","14587","1607","22619","47558","54167","47.56","13.51"
"10","013","00","013","1301","0000","1789","581","1208","70","1859","3979","0","46.72","14.6"
"10","013","00","013","1301","0418","581","154","427","25","606","1305","0","46.44","11.8"
"10","013","00","013","1301","0419","580","152","428","31","611","1287","0","47.47","11.81"
"10","013","00","013","1301","0420","628","275","353","14","642","1387","0","46.29","19.83"
"10","013","00","013","1302","0000","1428","464","964","76","1504","3145","0","47.82","14.75"
"10","013","00","013","1302","0421","702","233","469","28","730","1540","0","47.4","15.13"
"10","013","00","013","1302","0422","726","231","495","48","774","1605","0","48.22","14.39"
"10","013","00","013","1303","0000","613","185","428","51","664","1326","0","50.08","13.95"
"10","013","00","013","1303","0423","613","185","428","51","664","1326","0","50.08","13.95"
"10","013","00","013","1304","0000","289","96","193","44","333","591","0","56.35","16.24"
"10","013","00","013","1304","0424","289","96","193","44","333","591","0","56.35","16.24"
"10","013","00","013","1305","0000","1003","288","715","59","1062","2202","0","48.23","13.08"
"10","013","00","013","1305","0425","500","154","346","39","539","1123","0","48.0","13.71"
"10","013","00","013","1305","0426","503","134","369","20","523","1079","0","48.47","12.42"
"10","013","00","013","1306","0000","1373","383","990","101","1474","2733","0","53.93","14.01"
"10","013","00","013","1306","0427","703","205","498","64","767","1485","0","51.65","13.8"
"10","013","00","013","1306","0428","670","178","492","37","707","1248","0","56.65","14.26"
"10","013","00","013","1307","0000","2053","644","1409","111","2164","4482","0","48.28","14.37"
"10","013","00","013","1307","0429","748","239","509","48","796","1569","0","50.73","15.23"
"10","013","00","013","1307","0430","659","211","448","53","712","1493","0","47.69","14.13"
"10","013","00","013","1307","0431","646","194","452","10","656","1420","0","46.2","13.66"
"10","013","00","013","1308","0000","1316","383","933","117","1433","2853","0","50.23","13.42"
"10","013","00","013","1308","0432","629","176","453","64","693","1334","0","51.95","13.19"
"10","013","00","013","1308","0433","687","207","480","53","740","1519","0","48.72","13.63"
"10","013","00","013","1309","0000","836","248","588","85","921","1672","0","55.08","14.83"
"10","013","00","013","1309","0434","383","112","271","38","421","784","0","53.7","14.29"
"10","013","00","013","1309","0435","453","136","317","47","500","888","0","56.31","15.32"
"10","013","00","013","1310","0000","746","236","510","48","794","1915","0","41.46","12.32"
"10","013","00","013","1310","0436","275","92","183","21","296","747","0","39.63","12.32"
"10","013","00","013","1310","0437","471","144","327","27","498","1168","0","42.64","12.33"
"10","013","00","013","1311","0000","862","278","584","88","950","1824","0","52.08","15.24"
"10","013","00","013","1311","0438","270","87","183","42","312","546","0","57.14","15.93"
"10","013","00","013","1311","0439","592","191","401","46","638","1278","0","49.92","14.95"
"10","013","00","013","1312","0000","1136","352","784","122","1258","2898","0","43.41","12.15"
"10","013","00","013","1312","0440","558","174","384","43","601","1348","0","44.58","12.91"
"10","013","00","013","1312","0441","578","178","400","79","657","1550","0","42.39","11.48"
"10","013","00","013","1313","0000","518","141","377","61","579","947","0","61.14","14.89"
"10","013","00","013","1313","0442","518","141","377","61","579","947","0","61.14","14.89"
"10","013","00","013","1314","0000","493","155","338","72","565","1097","0","51.5","14.13"
"10","013","00","013","1314","0443","493","155","338","72","565","1097","0","51.5","14.13"
"10","013","00","013","1315","0000","845","294","551","75","920","2381","0","38.64","12.35"
"10","013","00","013","1315","0444","427","166","261","51","478","1128","0","42.38","14.72"
"10","013","00","013","1315","0445","418","128","290","24","442","1253","0","35.28","10.22"
"10","013","00","013","1316","0000","583","170","413","29","612","1525","0","40.13","11.15"
"10","013","00","013","1316","0446","583","170","413","29","612","1525","0","40.13","11.15"
"10","013","00","013","1317","0000","1057","293","764","101","1158","2431","0","47.63","12.05"
"10","013","00","013","1317","0447","564","164","400","74","638","1215","0","52.51","13.5"
"10","013","00","013","1317","0448","493","129","364","27","520","1216","0","42.76","10.61"
"10","013","00","013","1318","0000","1052","293","759","77","1129","2379","0","47.46","12.32"
"10","013","00","013","1318","0449","578","160","418","39","617","1353","0","45.6","11.83"
"10","013","00","013","1318","0450","474","133","341","38","512","1026","0","49.9","12.96"
"10","013","00","013","1319","0000","378","118","260","29","407","862","0","47.22","13.69"
"10","013","00","013","1319","0451","378","118","260","29","407","862","0","47.22","13.69"
"10","013","00","013","1320","0000","733","233","500","61","794","1775","0","44.73","13.13"
"10","013","00","013","1320","0452","332","106","226","40","372","921","0","40.39","11.51"
"10","013","00","013","1320","0453","401","127","274","21","422","854","0","49.41","14.87"
"10","013","00","013","1321","0000","1024","276","748","58","1082","2434","0","44.45","11.34"
"10","013","00","013","1321","0454","508","144","364","37","545","1230","0","44.31","11.71"
"10","013","00","013","1321","0455","516","132","384","21","537","1204","0","44.6","10.96"
"10","013","00","013","1322","0000","471","65","406","33","504","1301","0","38.74","5.0"
"10","013","00","013","1322","0456","471","65","406","33","504","1301","0","38.74","5.0"
"10","013","00","013","1323","0000","414","249","165","39","453","806","0","56.2","30.89"
"10","013","00","013","1323","0457","414","249","165","39","453","806","0","56.2","30.89"
"10","013","00","014","0000","0000","7875","2437","5438","865","8740","15353","17181","56.93","15.87"
"10","013","00","014","1401","0000","766","208","558","78","844","1503","0","56.15","13.84"
"10","013","00","014","1401","0458","766","208","558","78","844","1503","0","56.15","13.84"
"10","013","00","014","1402","0000","515","169","346","35","550","899","0","61.18","18.8"
"10","013","00","014","1402","0459","515","169","346","35","550","899","0","61.18","18.8"
"10","013","00","014","1403","0000","412","117","295","40","452","716","0","63.13","16.34"
"10","013","00","014","1403","0460","412","117","295","40","452","716","0","63.13","16.34"
"10","013","00","014","1404","0000","335","115","220","48","383","581","0","65.92","19.79"
"10","013","00","014","1404","0461","335","115","220","48","383","581","0","65.92","19.79"
"10","013","00","014","1405","0000","649","193","456","92","741","1327","0","55.84","14.54"
"10","013","00","014","1405","0462","649","193","456","92","741","1327","0","55.84","14.54"
"10","013","00","014","1406","0000","531","158","373","87","618","997","0","61.99","15.85"
"10","013","00","014","1406","0463","531","158","373","87","618","997","0","61.99","15.85"
"10","013","00","014","1407","0000","326","109","217","32","358","649","0","55.16","16.8"
"10","013","00","014","1407","0464","326","109","217","32","358","649","0","55.16","16.8"
"10","013","00","014","1408","0000","332","92","240","15","347","476","0","72.9","19.33"
"10","013","00","014","1408","0465","332","92","240","15","347","476","0","72.9","19.33"
"10","013","00","014","1409","0000","1251","367","884","127","1378","2486","0","55.43","14.76"
"10","013","00","014","1409","0466","673","206","467","64","737","1259","0","58.54","16.36"
"10","013","00","014","1409","0467","578","161","417","63","641","1227","0","52.24","13.12"
"10","013","00","014","1410","0000","281","91","190","41","322","504","0","63.89","18.06"
"10","013","00","014","1410","0468","281","91","190","41","322","504","0","63.89","18.06"
"10","013","00","014","1411","0000","414","112","302","49","463","860","0","53.84","13.02"
"10","013","00","014","1411","0469","414","112","302","49","463","860","0","53.84","13.02"
"10","013","00","014","1412","0000","398","268","130","28","426","800","0","53.25","33.5"
"10","013","00","014","1412","0470","398","268","130","28","426","800","0","53.25","33.5"
"10","013","00","014","1413","0000","575","172","403","84","659","1134","0","58.11","15.17"
"10","013","00","014","1413","0471","575","172","403","84","659","1134","0","58.11","15.17"
"10","013","00","014","1414","0000","510","73","437","59","569","1229","0","46.3","5.94"
"10","013","00","014","1414","0472","510","73","437","59","569","1229","0","46.3","5.94"
"10","013","00","014","1415","0000","580","193","387","50","630","1192","0","52.85","16.19"
"10","013","00","014","1415","0473","580","193","387","50","630","1192","0","52.85","16.19"
"10","013","00","015","0000","0000","4154","1201","2953","407","4561","9033","10035","50.49","13.3"
"10","013","00","015","1501","0000","913","263","650","76","989","2026","0","48.82","12.98"
"10","013","00","015","1501","0474","768","229","539","46","814","1712","0","47.55","13.38"
"10","013","00","015","1501","0475","145","34","111","30","175","314","0","55.73","10.83"
"10","013","00","015","1502","0000","537","146","391","56","593","1086","0","54.6","13.44"
"10","013","00","015","1502","0476","371","104","267","37","408","752","0","54.26","13.83"
"10","013","00","015","1502","0477","166","42","124","19","185","334","0","55.39","12.57"
"10","013","00","015","1503","0000","486","134","352","54","540","957","0","56.43","14.0"
"10","013","00","015","1503","0478","486","134","352","54","540","957","0","56.43","14.0"
"10","013","00","015","1504","0000","412","128","284","39","451","764","0","59.03","16.75"
"10","013","00","015","1504","0479","412","128","284","39","451","764","0","59.03","16.75"
"10","013","00","015","1505","0000","776","228","548","81","857","1752","0","48.92","13.01"
"10","013","00","015","1505","0480","194","53","141","20","214","373","0","57.37","14.21"
"10","013","00","015","1505","0481","286","83","203","30","316","678","0","46.61","12.24"
"10","013","00","015","1505","0482","296","92","204","31","327","701","0","46.65","13.12"
"10","013","00","015","1506","0000","537","149","388","49","586","1125","0","52.09","13.24"
"10","013","00","015","1506","0484","285","82","203","27","312","541","0","57.67","15.16"
"10","013","00","015","1506","0485","252","67","185","22","274","584","0","46.92","11.47"
"10","013","00","015","1507","0000","493","153","340","52","545","1323","0","41.19","11.56"
"10","013","00","015","1507","0483","493","153","340","52","545","1323","0","41.19","11.56"
"10","013","00","016","0000","0000","10126","2916","7210","1218","11344","21394","24413","53.02","13.63"
"10","013","00","016","1601","0000","618","180","438","66","684","1213","0","56.39","14.84"
"10","013","00","016","1601","0486","618","180","438","66","684","1213","0","56.39","14.84"
"10","013","00","016","1602","0000","466","127","339","54","520","891","0","58.36","14.25"
"10","013","00","016","1602","0487","466","127","339","54","520","891","0","58.36","14.25"
"10","013","00","016","1603","0000","428","119","309","69","497","970","0","51.24","12.27"
"10","013","00","016","1603","0488","428","119","309","69","497","970","0","51.24","12.27"
"10","013","00","016","1604","0000","301","75","226","32","333","629","0","52.94","11.92"
"10","013","00","016","1604","0489","301","75","226","32","333","629","0","52.94","11.92"
"10","013","00","016","1605","0000","798","187","611","85","883","1614","0","54.71","11.59"
"10","013","00","016","1605","0490","391","84","307","47","438","840","0","52.14","10.0"
"10","013","00","016","1605","0491","407","103","304","38","445","774","0","57.49","13.31"
"10","013","00","016","1606","0000","2019","557","1462","179","2198","4157","0","52.87","13.4"
"10","013","00","016","1606","0492","658","184","474","56","714","1379","0","51.78","13.34"
"10","013","00","016","1606","0493","768","214","554","51","819","1502","0","54.53","14.25"
"10","013","00","016","1606","0494","593","159","434","72","665","1276","0","52.12","12.46"
"10","013","00","016","1607","0000","989","261","728","137","1126","1969","0","57.19","13.26"
"10","013","00","016","1607","0495","459","134","325","56","515","964","0","53.42","13.9"
"10","013","00","016","1607","0496","530","127","403","81","611","1005","0","60.8","12.64"
"10","013","00","016","1608","0000","716","218","498","67","783","1459","0","53.67","14.94"
"10","013","00","016","1608","0497","352","102","250","22","374","734","0","50.95","13.9"
"10","013","00","016","1608","0498","364","116","248","45","409","725","0","56.41","16.0"
"10","013","00","016","1609","0000","1014","289","725","133","1147","2113","0","54.28","13.68"
"10","013","00","016","1609","0499","477","148","329","58","535","1046","0","51.15","14.15"
"10","013","00","016","1609","0500","537","141","396","75","612","1067","0","57.36","13.21"
"10","013","00","016","1610","0000","227","71","156","57","284","718","0","39.55","9.89"
"10","013","00","016","1610","0501","227","71","156","57","284","718","0","39.55","9.89"
"10","013","00","016","1611","0000","369","105","264","54","423","903","0","46.84","11.63"
"10","013","00","016","1611","0502","369","105","264","54","423","903","0","46.84","11.63"
"10","013","00","016","1612","0000","350","114","236","41","391","959","0","40.77","11.89"
"10","013","00","016","1612","0506","350","114","236","41","391","959","0","40.77","11.89"
"10","013","00","016","1613","0000","206","68","138","31","237","427","0","55.5","15.93"
"10","013","00","016","1613","0507","206","68","138","31","237","427","0","55.5","15.93"
"10","013","00","016","1614","0000","1290","413","877","161","1451","2754","0","52.69","15.0"
"10","013","00","016","1614","0503","616","201","415","81","697","1387","0","50.25","14.49"
"10","013","00","016","1614","0504","674","212","462","80","754","1367","0","55.16","15.51"
"10","013","00","016","1615","0000","335","132","203","52","387","618","0","62.62","21.36"
"10","013","00","016","1615","0505","335","132","203","52","387","618","0","62.62","21.36"
"10","013","00","017","0000","0000","14668","4401","10267","1535","16203","30706","34961","52.77","14.33"
"10","013","00","017","1701","0000","892","316","576","86","978","1663","0","58.81","19.0"
"10","013","00","017","1701","0508","430","137","293","42","472","820","0","57.56","16.71"
"10","013","00","017","1701","0509","462","179","283","44","506","843","0","60.02","21.23"
"10","013","00","017","1702","0000","1278","408","870","107","1385","2532","0","54.7","16.11"
"10","013","00","017","1702","0510","591","185","406","52","643","1242","0","51.77","14.9"
"10","013","00","017","1702","0511","687","223","464","55","742","1290","0","57.52","17.29"
"10","013","00","017","1703","0000","1083","329","754","131","1214","2161","0","56.18","15.22"
"10","013","00","017","1703","0512","526","164","362","42","568","1073","0","52.94","15.28"
"10","013","00","017","1703","0513","557","165","392","89","646","1088","0","59.38","15.17"
"10","013","00","017","1704","0000","385","111","274","35","420","845","0","49.7","13.14"
"10","013","00","017","1704","0514","385","111","274","35","420","845","0","49.7","13.14"
"10","013","00","017","1705","0000","413","145","268","54","467","862","0","54.18","16.82"
"10","013","00","017","1705","0515","413","145","268","54","467","862","0","54.18","16.82"
"10","013","00","017","1706","0000","1057","291","766","144","1201","2292","0","52.4","12.7"
"10","013","00","017","1706","0516","520","152","368","68","588","1183","0","49.7","12.85"
"10","013","00","017","1706","0517","537","139","398","76","613","1109","0","55.28","12.53"
"10","013","00","017","1707","0000","1034","345","689","52","1086","2271","0","47.82","15.19"
"10","013","00","017","1707","0518","500","164","336","12","512","1119","0","45.76","14.66"
"10","013","00","017","1707","0519","534","181","353","40","574","1152","0","49.83","15.71"
"10","013","00","017","1708","0000","534","158","376","38","572","1240","0","46.13","12.74"
"10","013","00","017","1708","0522","534","158","376","38","572","1240","0","46.13","12.74"
"10","013","00","017","1709","0000","990","319","671","91","1081","2194","0","49.27","14.54"
"10","013","00","017","1709","0523","432","154","278","25","457","1120","0","40.8","13.75"
"10","013","00","017","1709","0524","558","165","393","66","624","1074","0","58.1","15.36"
"10","013","00","017","1710","0000","714","212","502","93","807","1598","0","50.5","13.27"
"10","013","00","017","1710","0525","360","102","258","37","397","849","0","46.76","12.01"
"10","013","00","017","1710","0526","354","110","244","56","410","749","0","54.74","14.69"
"10","013","00","017","1711","0000","635","210","425","87","722","1416","0","50.99","14.83"
"10","013","00","017","1711","0527","635","210","425","87","722","1416","0","50.99","14.83"
"10","013","00","017","1712","0000","1042","311","731","118","1160","2134","0","54.36","14.57"
"10","013","00","017","1712","0520","529","150","379","42","571","1030","0","55.44","14.56"
"10","013","00","017","1712","0521","513","161","352","76","589","1104","0","53.35","14.58"
"10","013","00","017","1713","0000","1385","392","993","137","1522","2800","0","54.36","14.0"
"10","013","00","017","1713","0528","446","128","318","35","481","895","0","53.74","14.3"
"10","013","00","017","1713","0529","452","123","329","69","521","933","0","55.84","13.18"
"10","013","00","017","1713","0530","487","141","346","33","520","972","0","53.5","14.51"
"10","013","00","017","1714","0000","2066","547","1519","202","2268","4377","0","51.82","12.5"
"10","013","00","017","1714","0531","605","175","430","58","663","1454","0","45.6","12.04"
"10","013","00","017","1714","0532","887","216","671","78","965","1653","0","58.38","13.07"
"10","013","00","017","1714","0533","574","156","418","66","640","1270","0","50.39","12.28"
"10","013","00","017","1715","0000","1160","307","853","160","1320","2321","0","56.87","13.23"
"10","013","00","017","1715","0534","596","156","440","100","696","1123","0","61.98","13.89"
"10","013","00","017","1715","0535","564","151","413","60","624","1198","0","52.09","12.6"
"10","013","00","018","0000","0000","5866","1904","3962","570","6436","12270","15524","52.45","15.52"
"10","013","00","018","1801","0000","1086","359","727","110","1196","2234","0","53.54","16.07"
"10","013","00","018","1801","0536","544","164","380","53","597","1190","0","50.17","13.78"
"10","013","00","018","1801","0537","542","195","347","57","599","1044","0","57.38","18.68"
"10","013","00","018","1802","0000","982","349","633","100","1082","2032","0","53.25","17.18"
"10","013","00","018","1802","0538","403","142","261","49","452","818","0","55.26","17.36"
"10","013","00","018","1802","0539","579","207","372","51","630","1214","0","51.89","17.05"
"10","013","00","018","1803","0000","657","212","445","53","710","1253","0","56.66","16.92"
"10","013","00","018","1803","0541","657","212","445","53","710","1253","0","56.66","16.92"
"10","013","00","018","1804","0000","602","165","437","30","632","1325","0","47.7","12.45"
"10","013","00","018","1804","0540","602","165","437","30","632","1325","0","47.7","12.45"
"10","013","00","018","1805","0000","485","170","315","44","529","1039","0","50.91","16.36"
"10","013","00","018","1805","0542","485","170","315","44","529","1039","0","50.91","16.36"
"10","013","00","018","1806","0000","679","218","461","78","757","1549","0","48.87","14.07"
"10","013","00","018","1806","0543","337","113","224","55","392","813","0","48.22","13.9"
"10","013","00","018","1806","0544","342","105","237","23","365","736","0","49.59","14.27"
"10","013","00","018","1807","0000","481","154","327","44","525","934","0","56.21","16.49"
"10","013","00","018","1807","0545","481","154","327","44","525","934","0","56.21","16.49"
"10","013","00","018","1808","0000","894","277","617","111","1005","1904","0","52.78","14.55"
"10","013","00","018","1808","0546","404","130","274","69","473","900","0","52.56","14.44"
"10","013","00","018","1808","0547","490","147","343","42","532","1004","0","52.99","14.64"
"10","013","00","019","0000","0000","7882","2351","5531","860","8742","15691","17842","55.71","14.98"
"10","013","00","019","1901","0000","771","224","547","94","865","1458","0","59.33","15.36"
"10","013","00","019","1901","0548","771","224","547","94","865","1458","0","59.33","15.36"
"10","013","00","019","1902","0000","865","273","592","88","953","1586","0","60.09","17.21"
"10","013","00","019","1902","0549","476","153","323","53","529","891","0","59.37","17.17"
"10","013","00","019","1902","0550","389","120","269","35","424","695","0","61.01","17.27"
"10","013","00","019","1903","0000","869","272","597","105","974","1634","0","59.61","16.65"
"10","013","00","019","1903","0555","439","138","301","62","501","841","0","59.57","16.41"
"10","013","00","019","1903","0556","430","134","296","43","473","793","0","59.65","16.9"
"10","013","00","019","1904","0000","420","158","262","41","461","725","0","63.59","21.79"
"10","013","00","019","1904","0554","420","158","262","41","461","725","0","63.59","21.79"
"10","013","00","019","1905","0000","1664","525","1139","158","1822","3189","0","57.13","16.46"
"10","013","00","019","1905","0551","541","168","373","63","604","1015","0","59.51","16.55"
"10","013","00","019","1905","0552","629","200","429","50","679","1171","0","57.98","17.08"
"10","013","00","019","1905","0553","494","157","337","45","539","1003","0","53.74","15.65"
"10","013","00","019","1906","0000","770","246","524","88","858","1816","0","47.25","13.55"
"10","013","00","019","1906","0559","341","122","219","41","382","783","0","48.79","15.58"
"10","013","00","019","1906","0560","429","124","305","47","476","1033","0","46.08","12.0"
"10","013","00","019","1907","0000","612","204","408","57","669","1283","0","52.14","15.9"
"10","013","00","019","1907","0558","612","204","408","57","669","1283","0","52.14","15.9"
"10","013","00","019","1908","0000","496","160","336","51","547","919","0","59.52","17.41"
"10","013","00","019","1908","0557","496","160","336","51","547","919","0","59.52","17.41"
"10","013","00","019","1909","0000","920","254","666","139","1059","1959","0","54.06","12.97"
"10","013","00","019","1909","0561","556","155","401","83","639","1186","0","53.88","13.07"
"10","013","00","019","1909","0562","364","99","265","56","420","773","0","54.33","12.81"
"10","013","00","019","1910","0000","495","35","460","39","534","1122","0","47.59","3.12"
"10","013","00","019","1910","0563","495","35","460","39","534","1122","0","47.59","3.12"
"10","013","00","020","0000","0000","4560","1592","2968","462","5022","9479","10650","52.98","16.8"
"10","013","00","020","2001","0000","806","238","568","87","893","1666","0","53.6","14.29"
"10","013","00","020","2001","0564","402","117","285","53","455","872","0","52.18","13.42"
"10","013","00","020","2001","0565","404","121","283","34","438","794","0","55.16","15.24"
"10","013","00","020","2002","0000","512","160","352","46","558","962","0","58.0","16.63"
"10","013","00","020","2002","0566","512","160","352","46","558","962","0","58.0","16.63"
"10","013","00","020","2003","0000","251","59","192","26","277","466","0","59.44","12.66"
"10","013","00","020","2003","0569","251","59","192","26","277","466","0","59.44","12.66"
"10","013","00","020","2004","0000","390","119","271","26","416","708","0","58.76","16.81"
"10","013","00","020","2004","0570","390","119","271","26","416","708","0","58.76","16.81"
"10","013","00","020","2005","0000","514","176","338","65","579","1033","0","56.05","17.04"
"10","013","00","020","2005","0567","514","176","338","65","579","1033","0","56.05","17.04"
"10","013","00","020","2006","0000","468","176","292","50","518","1007","0","51.44","17.48"
"10","013","00","020","2006","0568","468","176","292","50","518","1007","0","51.44","17.48"
"10","013","00","020","2007","0000","526","168","358","65","591","1044","0","56.61","16.09"
"10","013","00","020","2007","0571","526","168","358","65","591","1044","0","56.61","16.09"
"10","013","00","020","2008","0000","412","156","256","39","451","1071","0","42.11","14.57"
"10","013","00","020","2008","0572","412","156","256","39","451","1071","0","42.11","14.57"
"10","013","00","020","2009","0000","432","266","166","31","463","979","0","47.29","27.17"
"10","013","00","020","2009","0573","432","266","166","31","463","979","0","47.29","27.17"
"10","013","00","020","2010","0000","249","74","175","27","276","543","0","50.83","13.63"
"10","013","00","020","2010","0574","249","74","175","27","276","543","0","50.83","13.63"
"10","013","00","021","0000","0000","7471","2422","5049","981","8452","17063","19172","49.53","14.19"
"10","013","00","021","2101","0000","615","210","405","72","687","1472","0","46.67","14.27"
"10","013","00","021","2101","0575","615","210","405","72","687","1472","0","46.67","14.27"
"10","013","00","021","2102","0000","535","163","372","68","603","1360","0","44.34","11.99"
"10","013","00","021","2102","0576","535","163","372","68","603","1360","0","44.34","11.99"
"10","013","00","021","2103","0000","394","123","271","69","463","804","0","57.59","15.3"
"10","013","00","021","2103","0577","394","123","271","69","463","804","0","57.59","15.3"
"10","013","00","021","2104","0000","801","261","540","88","889","1780","0","49.94","14.66"
"10","013","00","021","2104","0578","414","153","261","72","486","925","0","52.54","16.54"
"10","013","00","021","2104","0579","387","108","279","16","403","855","0","47.13","12.63"
"10","013","00","021","2105","0000","873","320","553","109","982","1988","0","49.4","16.1"
"10","013","00","021","2105","0580","432","164","268","55","487","981","0","49.64","16.72"
"10","013","00","021","2105","0581","441","156","285","54","495","1007","0","49.16","15.49"
"10","013","00","021","2106","0000","867","316","551","122","989","2127","0","46.5","14.86"
"10","013","00","021","2106","0582","368","137","231","49","417","872","0","47.82","15.71"
"10","013","00","021","2106","0583","499","179","320","73","572","1255","0","45.58","14.26"
"10","013","00","021","2107","0000","446","126","320","109","555","995","0","55.78","12.66"
"10","013","00","021","2107","0584","446","126","320","109","555","995","0","55.78","12.66"
"10","013","00","021","2108","0000","262","87","175","30","292","734","0","39.78","11.85"
"10","013","00","021","2108","0585","262","87","175","30","292","734","0","39.78","11.85"
"10","013","00","021","2109","0000","468","147","321","38","506","1178","0","42.95","12.48"
"10","013","00","021","2109","0586","468","147","321","38","506","1178","0","42.95","12.48"
"10","013","00","021","2110","0000","465","188","277","59","524","1095","0","47.85","17.17"
"10","013","00","021","2110","0587","465","188","277","59","524","1095","0","47.85","17.17"
"10","013","00","021","2111","0000","557","156","401","88","645","1097","0","58.8","14.22"
"10","013","00","021","2111","0588","557","156","401","88","645","1097","0","58.8","14.22"
"10","013","00","021","2112","0000","1188","325","863","129","1317","2433","0","54.13","13.36"
"10","013","00","021","2112","0589","588","156","432","75","663","1273","0","52.08","12.25"
"10","013","00","021","2112","0590","600","169","431","54","654","1160","0","56.38","14.57"
"10","013","00","022","0000","0000","4403","1062","3341","345","4748","10706","12395","44.35","9.92"
"10","013","00","022","2201","0000","838","237","601","63","901","2083","0","43.25","11.38"
"10","013","00","022","2201","0591","442","128","314","24","466","1111","0","41.94","11.52"
"10","013","00","022","2201","0592","396","109","287","39","435","972","0","44.75","11.21"
"10","013","00","022","2202","0000","632","143","489","33","665","1278","0","52.03","11.19"
"10","013","00","022","2202","0593","632","143","489","33","665","1278","0","52.03","11.19"
"10","013","00","022","2203","0000","445","101","344","50","495","976","0","50.72","10.35"
"10","013","00","022","2203","0594","445","101","344","50","495","976","0","50.72","10.35"
"10","013","00","022","2204","0000","718","146","572","70","788","1658","0","47.53","8.81"
"10","013","00","022","2204","0595","718","146","572","70","788","1658","0","47.53","8.81"
"10","013","00","022","2205","0000","404","106","298","33","437","1146","0","38.13","9.25"
"10","013","00","022","2205","0596","404","106","298","33","437","1146","0","38.13","9.25"
"10","013","00","022","2206","0000","392","80","312","28","420","1079","0","38.92","7.41"
"10","013","00","022","2206","0597","392","80","312","28","420","1079","0","38.92","7.41"
"10","013","00","022","2207","0000","577","139","438","21","598","1613","0","37.07","8.62"
"10","013","00","022","2207","0598","577","139","438","21","598","1613","0","37.07","8.62"
"10","013","00","022","2208","0000","397","110","287","47","444","873","0","50.86","12.6"
"10","013","00","022","2208","0599","397","110","287","47","444","873","0","50.86","12.6"
"10","013","00","023","0000","0000","2881","968","1913","266","3147","7595","8619","41.44","12.75"
"10","013","00","023","2301","0000","582","204","378","51","633","1347","0","46.99","15.14"
"10","013","00","023","2301","0602","208","78","130","19","227","491","0","46.23","15.89"
"10","013","00","023","2301","0603","374","126","248","32","406","856","0","47.43","14.72"
"10","013","00","023","2302","0000","227","78","149","9","236","554","0","42.6","14.08"
"10","013","00","023","2302","0604","227","78","149","9","236","554","0","42.6","14.08"
"10","013","00","023","2303","0000","212","79","133","29","241","647","0","37.25","12.21"
"10","013","00","023","2303","0601","212","79","133","29","241","647","0","37.25","12.21"
"10","013","00","023","2304","0000","275","97","178","33","308","737","0","41.79","13.16"
"10","013","00","023","2304","0600","275","97","178","33","308","737","0","41.79","13.16"
"10","013","00","023","2305","0000","142","42","100","1","143","388","0","36.86","10.82"
"10","013","00","023","2305","0605","142","42","100","1","143","388","0","36.86","10.82"
"10","013","00","023","2306","0000","331","125","206","55","386","922","0","41.87","13.56"
"10","013","00","023","2306","0606","331","125","206","55","386","922","0","41.87","13.56"
"10","013","00","023","2307","0000","384","126","258","18","402","1220","0","32.95","10.33"
"10","013","00","023","2307","0607","191","65","126","6","197","597","0","33.0","10.89"
"10","013","00","023","2307","0608","193","61","132","12","205","623","0","32.91","9.79"
"10","013","00","023","2308","0000","175","56","119","20","195","425","0","45.88","13.18"
"10","013","00","023","2308","0609","175","56","119","20","195","425","0","45.88","13.18"
"10","013","00","023","2309","0000","204","51","153","17","221","428","0","51.64","11.92"
"10","013","00","023","2309","0610","204","51","153","17","221","428","0","51.64","11.92"
"10","013","00","023","2310","0000","164","50","114","9","173","504","0","34.33","9.92"
"10","013","00","023","2310","0611","164","50","114","9","173","504","0","34.33","9.92"
"10","013","00","023","2311","0000","185","60","125","24","209","423","0","49.41","14.18"
"10","013","00","023","2311","0612","185","60","125","24","209","423","0","49.41","14.18"
"10","013","00","024","0000","0000","2869","887","1982","210","3079","7206","8068","42.73","12.31"
"10","013","00","024","2401","0000","673","236","437","49","722","1575","0","45.84","14.98"
"10","013","00","024","2401","0613","673","236","437","49","722","1575","0","45.84","14.98"
"10","013","00","024","2402","0000","190","61","129","10","200","420","0","47.62","14.52"
"10","013","00","024","2402","0614","190","61","129","10","200","420","0","47.62","14.52"
"10","013","00","024","2403","0000","491","128","363","18","509","1302","0","39.09","9.83"
"10","013","00","024","2403","0616","491","128","363","18","509","1302","0","39.09","9.83"
"10","013","00","024","2404","0000","552","170","382","52","604","1314","0","45.97","12.94"
"10","013","00","024","2404","0617","552","170","382","52","604","1314","0","45.97","12.94"
"10","013","00","024","2405","0000","320","85","235","30","350","602","0","58.14","14.12"
"10","013","00","024","2405","0615","320","85","235","30","350","602","0","58.14","14.12"
"10","013","00","024","2406","0000","375","132","243","17","392","1308","0","29.97","10.09"
"10","013","00","024","2406","0618","375","132","243","17","392","1308","0","29.97","10.09"
"10","013","00","024","2407","0000","120","44","76","16","136","367","0","37.06","11.99"
"10","013","00","024","2407","0619","120","44","76","16","136","367","0","37.06","11.99"
"10","013","00","024","2408","0000","148","31","117","18","166","318","0","52.2","9.75"
"10","013","00","024","2408","0620","148","31","117","18","166","318","0","52.2","9.75"
"10","013","00","025","0000","0000","2250","682","1568","212","2462","4856","5547","50.7","14.04"
"10","013","00","025","2501","0000","537","125","412","59","596","1032","0","57.75","12.11"
"10","013","00","025","2501","0621","299","59","240","37","336","604","0","55.63","9.77"
"10","013","00","025","2501","0622","238","66","172","22","260","428","0","60.75","15.42"
"10","013","00","025","2502","0000","994","306","688","74","1068","1900","0","56.21","16.11"
"10","013","00","025","2502","0623","526","166","360","51","577","928","0","62.18","17.89"
"10","013","00","025","2502","0624","468","140","328","23","491","972","0","50.51","14.4"
"10","013","00","025","2503","0000","416","142","274","55","471","1041","0","45.24","13.64"
"10","013","00","025","2503","0625","416","142","274","55","471","1041","0","45.24","13.64"
"10","013","00","025","2504","0000","303","109","194","24","327","883","0","37.03","12.34"
"10","013","00","025","2504","0626","303","109","194","24","327","883","0","37.03","12.34"
"10","013","00","026","0000","0000","3401","938","2463","230","3631","6373","7694","56.97","14.72"
"10","013","00","026","2601","0000","846","271","575","44","890","1448","0","61.46","18.72"
"10","013","00","026","2601","0630","846","271","575","44","890","1448","0","61.46","18.72"
"10","013","00","026","2602","0000","147","30","117","14","161","323","0","49.85","9.29"
"10","013","00","026","2602","0629","147","30","117","14","161","323","0","49.85","9.29"
"10","013","00","026","2603","0000","290","79","211","65","355","572","0","62.06","13.81"
"10","013","00","026","2603","0628","290","79","211","65","355","572","0","62.06","13.81"
"10","013","00","026","2604","0000","292","50","242","16","308","616","0","50.0","8.12"
"10","013","00","026","2604","0627","292","50","242","16","308","616","0","50.0","8.12"
"10","013","00","026","2605","0000","252","74","178","8","260","726","0","35.81","10.19"
"10","013","00","026","2605","0631","252","74","178","8","260","726","0","35.81","10.19"
"10","013","00","026","2606","0000","269","81","188","24","293","554","0","52.89","14.62"
"10","013","00","026","2606","0632","269","81","188","24","293","554","0","52.89","14.62"
"10","013","00","026","2607","0000","202","68","134","14","216","346","0","62.43","19.65"
"10","013","00","026","2607","0633","202","68","134","14","216","346","0","62.43","19.65"
"10","013","00","026","2608","0000","234","50","184","5","239","458","0","52.18","10.92"
"10","013","00","026","2608","0634","234","50","184","5","239","458","0","52.18","10.92"
"10","013","00","026","2609","0000","422","119","303","15","437","692","0","63.15","17.2"
"10","013","00","026","2609","0635","422","119","303","15","437","692","0","63.15","17.2"
"10","013","00","026","2610","0000","447","116","331","25","472","638","0","73.98","18.18"
"10","013","00","026","2610","0636","447","116","331","25","472","638","0","73.98","18.18"
"10","013","00","027","0000","0000","1705","414","1291","111","1816","2950","3376","61.56","14.03"
"10","013","00","027","2701","0000","678","163","515","37","715","1185","0","60.34","13.76"
"10","013","00","027","2701","0637","241","65","176","26","267","346","0","77.17","18.79"
"10","013","00","027","2701","0638","378","85","293","11","389","677","0","57.46","12.56"
"10","013","00","027","2701","0639","59","13","46","0","59","162","0","36.42","8.02"
"10","013","00","027","2702","0000","186","37","149","27","213","296","0","71.96","12.5"
"10","013","00","027","2702","0641","186","37","149","27","213","296","0","71.96","12.5"
"10","013","00","027","2703","0000","91","20","71","6","97","189","0","51.32","10.58"
"10","013","00","027","2703","0640","91","20","71","6","97","189","0","51.32","10.58"
"10","013","00","027","2704","0000","242","72","170","19","261","450","0","58.0","16.0"
"10","013","00","027","2704","0644","242","72","170","19","261","450","0","58.0","16.0"
"10","013","00","027","2705","0000","194","52","142","8","202","347","0","58.21","14.99"
"10","013","00","027","2705","0643","194","52","142","8","202","347","0","58.21","14.99"
"10","013","00","027","2706","0000","314","70","244","14","328","483","0","67.91","14.49"
"10","013","00","027","2706","0642","314","70","244","14","328","483","0","67.91","14.49"
"10","013","00","028","0000","0000","3369","862","2507","199","3568","5663","6833","63.01","15.22"
"10","013","00","028","2801","0000","245","78","167","2","247","455","0","54.29","17.14"
"10","013","00","028","2801","0645","245","78","167","2","247","455","0","54.29","17.14"
"10","013","00","028","2802","0000","498","136","362","47","545","821","0","66.38","16.57"
"10","013","00","028","2802","0646","498","136","362","47","545","821","0","66.38","16.57"
"10","013","00","028","2803","0000","553","154","399","17","570","1057","0","53.93","14.57"
"10","013","00","028","2803","0650","553","154","399","17","570","1057","0","53.93","14.57"
"10","013","00","028","2804","0000","494","132","362","27","521","900","0","57.89","14.67"
"10","013","00","028","2804","0651","494","132","362","27","521","900","0","57.89","14.67"
"10","013","00","028","2805","0000","239","58","181","2","241","429","0","56.18","13.52"
"10","013","00","028","2805","0652","239","58","181","2","241","429","0","56.18","13.52"
"10","013","00","028","2806","0000","1340","304","1036","104","1444","2001","0","72.16","15.19"
"10","013","00","028","2806","0647","416","109","307","53","469","635","0","73.86","17.17"
"10","013","00","028","2806","0648","496","95","401","27","523","695","0","75.25","13.67"
"10","013","00","028","2806","0649","428","100","328","24","452","671","0","67.36","14.9"
"10","013","00","029","0000","0000","2579","631","1948","228","2807","4344","5403","64.62","14.53"
"10","013","00","029","2901","0000","471","148","323","32","503","859","0","58.56","17.23"
"10","013","00","029","2901","0653","379","123","256","23","402","669","0","60.09","18.39"
"10","013","00","029","2901","0654","92","25","67","9","101","190","0","53.16","13.16"
"10","013","00","029","2902","0000","551","140","411","56","607","922","0","65.84","15.18"
"10","013","00","029","2902","0655","551","140","411","56","607","922","0","65.84","15.18"
"10","013","00","029","2903","0000","413","90","323","39","452","598","0","75.59","15.05"
"10","013","00","029","2903","0656","413","90","323","39","452","598","0","75.59","15.05"
"10","013","00","029","2904","0000","271","42","229","32","303","414","0","73.19","10.14"
"10","013","00","029","2904","0658","271","42","229","32","303","414","0","73.19","10.14"
"10","013","00","029","2905","0000","409","105","304","30","439","780","0","56.28","13.46"
"10","013","00","029","2905","0659","409","105","304","30","439","780","0","56.28","13.46"
"10","013","00","029","2906","0000","464","106","358","39","503","771","0","65.24","13.75"
"10","013","00","029","2906","0657","464","106","358","39","503","771","0","65.24","13.75"
"10","013","00","030","0000","0000","3480","788","2692","254","3734","6257","7445","59.68","12.59"
"10","013","00","030","3001","0000","545","106","439","70","615","917","0","67.07","11.56"
"10","013","00","030","3001","0660","545","106","439","70","615","917","0","67.07","11.56"
"10","013","00","030","3002","0000","322","77","245","11","333","577","0","57.71","13.34"
"10","013","00","030","3002","0661","204","55","149","7","211","361","0","58.45","15.24"
"10","013","00","030","3002","0662","118","22","96","4","122","216","0","56.48","10.19"
"10","013","00","030","3003","0000","482","72","410","36","518","725","0","71.45","9.93"
"10","013","00","030","3003","0663","311","47","264","25","336","445","0","75.51","10.56"
"10","013","00","030","3003","0664","171","25","146","11","182","280","0","65.0","8.93"
"10","013","00","030","3004","0000","604","115","489","44","648","1097","0","59.07","10.48"
"10","013","00","030","3004","0665","604","115","489","44","648","1097","0","59.07","10.48"
"10","013","00","030","3005","0000","534","96","438","30","564","840","0","67.14","11.43"
"10","013","00","030","3005","0666","534","96","438","30","564","840","0","67.14","11.43"
"10","013","00","030","3006","0000","439","133","306","23","462","889","0","51.97","14.96"
"10","013","00","030","3006","0667","439","133","306","23","462","889","0","51.97","14.96"
"10","013","00","030","3007","0000","554","189","365","40","594","1212","0","49.01","15.59"
"10","013","00","030","3007","0668","554","189","365","40","594","1212","0","49.01","15.59"
"10","013","00","031","0000","0000","1329","432","897","52","1381","3923","4903","35.2","11.01"
"10","013","00","031","3101","0000","286","97","189","8","294","909","0","32.34","10.67"
"10","013","00","031","3101","0669","286","97","189","8","294","909","0","32.34","10.67"
"10","013","00","031","3102","0000","236","90","146","13","249","663","0","37.56","13.57"
"10","013","00","031","3102","0670","236","90","146","13","249","663","0","37.56","13.57"
"10","013","00","031","3103","0000","82","21","61","2","84","304","0","27.63","6.91"
"10","013","00","031","3103","0671","82","21","61","2","84","304","0","27.63","6.91"
"10","013","00","031","3104","0000","395","103","292","15","410","928","0","44.18","11.1"
"10","013","00","031","3104","0672","395","103","292","15","410","928","0","44.18","11.1"
"10","013","00","031","3105","0000","186","63","123","9","195","641","0","30.42","9.83"
"10","013","00","031","3105","0673","186","63","123","9","195","641","0","30.42","9.83"
"10","013","00","031","3106","0000","144","58","86","5","149","478","0","31.17","12.13"
"10","013","00","031","3106","0674","144","58","86","5","149","478","0","31.17","12.13"
"10","013","00","032","0000","0000","2189","515","1674","100","2289","4230","5018","54.11","12.17"
"10","013","00","032","3201","0000","380","73","307","10","390","751","0","51.93","9.72"
"10","013","00","032","3201","0675","380","73","307","10","390","751","0","51.93","9.72"
"10","013","00","032","3202","0000","427","106","321","26","453","776","0","58.38","13.66"
"10","013","00","032","3202","0676","427","106","321","26","453","776","0","58.38","13.66"
"10","013","00","032","3203","0000","325","63","262","8","333","711","0","46.84","8.86"
"10","013","00","032","3203","0677","325","63","262","8","333","711","0","46.84","8.86"
"10","013","00","032","3204","0000","159","47","112","29","188","243","0","77.37","19.34"
"10","013","00","032","3204","0678","159","47","112","29","188","243","0","77.37","19.34"
"10","013","00","032","3205","0000","188","45","143","7","195","325","0","60.0","13.85"
"10","013","00","032","3205","0679","188","45","143","7","195","325","0","60.0","13.85"
"10","013","00","032","3206","0000","190","53","137","5","195","476","0","40.97","11.13"
"10","013","00","032","3206","0680","190","53","137","5","195","476","0","40.97","11.13"
"10","013","00","032","3207","0000","360","84","276","8","368","602","0","61.13","13.95"
"10","013","00","032","3207","0681","360","84","276","8","368","602","0","61.13","13.95"
"10","013","00","032","3208","0000","160","44","116","7","167","346","0","48.27","12.72"
"10","013","00","032","3208","0682","160","44","116","7","167","346","0","48.27","12.72"
"10","013","00","033","0000","0000","1723","527","1196","76","1799","4314","5003","41.7","12.22"
"10","013","00","033","3301","0000","763","231","532","43","806","1648","0","48.91","14.02"
"10","013","00","033","3301","0683","137","37","100","6","143","342","0","41.81","10.82"
"10","013","00","033","3301","0684","626","194","432","37","663","1306","0","50.77","14.85"
"10","013","00","033","3302","0000","172","60","112","4","176","693","0","25.4","8.66"
"10","013","00","033","3302","0685","172","60","112","4","176","693","0","25.4","8.66"
"10","013","00","033","3303","0000","170","48","122","6","176","437","0","40.27","10.98"
"10","013","00","033","3303","0686","170","48","122","6","176","437","0","40.27","10.98"
"10","013","00","033","3304","0000","190","57","133","7","197","392","0","50.26","14.54"
"10","013","00","033","3304","0687","190","57","133","7","197","392","0","50.26","14.54"
"10","013","00","033","3305","0000","300","99","201","10","310","593","0","52.28","16.69"
"10","013","00","033","3305","0688","300","99","201","10","310","593","0","52.28","16.69"
"10","013","00","033","3306","0000","128","32","96","6","134","551","0","24.32","5.81"
"10","013","00","033","3306","0689","128","32","96","6","134","551","0","24.32","5.81"
"10","002","00","000","0000","0000","199858","66039","133819","14588","214446","386089","455508","55.54","17.1"
"10","002","00","001","0000","0000","42351","14241","28110","2473","44824","79167","95747","56.62","17.99"
"10","002","00","001","0101","0000","1388","434","954","73","1461","2598","0","56.24","16.71"
"10","002","00","001","0101","0023","368","114","254","30","398","669","0","59.49","17.04"
"10","002","00","001","0101","0024","507","151","356","20","527","923","0","57.1","16.36"
"10","002","00","001","0101","0025","513","169","344","23","536","1006","0","53.28","16.8"
"10","002","00","001","0102","0000","823","267","556","34","857","1747","0","49.06","15.28"
"10","002","00","001","0102","0021","560","178","382","21","581","1282","0","45.32","13.88"
"10","002","00","001","0102","0022","263","89","174","13","276","465","0","59.35","19.14"
"10","002","00","001","0108","0000","1145","393","752","49","1194","2122","0","56.27","18.52"
"10","002","00","001","0108","0029","619","213","406","32","651","1143","0","56.96","18.64"
"10","002","00","001","0108","0030","526","180","346","17","543","979","0","55.46","18.39"
"10","002","00","001","0109","0000","638","196","442","44","682","1214","0","56.18","16.14"
"10","002","00","001","0109","0031","638","196","442","44","682","1214","0","56.18","16.14"
"10","002","00","001","0110","0000","1013","418","595","46","1059","1717","0","61.68","24.34"
"10","002","00","001","0110","0035","545","210","335","18","563","943","0","59.7","22.27"
"10","002","00","001","0110","0036","468","208","260","28","496","774","0","64.08","26.87"
"10","002","00","001","0111","0000","1073","346","727","63","1136","2036","0","55.8","16.99"
"10","002","00","001","0111","0033","523","171","352","28","551","946","0","58.25","18.08"
"10","002","00","001","0111","0034","550","175","375","35","585","1090","0","53.67","16.06"
"10","002","00","001","0112","0000","688","220","468","51","739","1283","0","57.6","17.15"
"10","002","00","001","0112","0032","688","220","468","51","739","1283","0","57.6","17.15"
"10","002","00","001","0113","0000","961","306","655","80","1041","1815","0","57.36","16.86"
"10","002","00","001","0113","0051","462","133","329","45","507","905","0","56.02","14.7"
"10","002","00","001","0113","0052","499","173","326","35","534","910","0","58.68","19.01"
"10","002","00","001","0114","0000","1213","395","818","62","1275","2214","0","57.59","17.84"
"10","002","00","001","0114","0046","602","200","402","27","629","1110","0","56.67","18.02"
"10","002","00","001","0114","0047","611","195","416","35","646","1104","0","58.51","17.66"
"10","002","00","001","0115","0000","1748","612","1136","86","1834","3262","0","56.22","18.76"
"10","002","00","001","0115","0040","576","184","392","41","617","1084","0","56.92","16.97"
"10","002","00","001","0115","0041","571","204","367","24","595","1095","0","54.34","18.63"
"10","002","00","001","0115","0042","601","224","377","21","622","1083","0","57.43","20.68"
"10","002","00","001","0116","0000","674","229","445","30","704","1434","0","49.09","15.97"
"10","002","00","001","0116","0053","674","229","445","30","704","1434","0","49.09","15.97"
"10","002","00","001","0117","0000","913","319","594","53","966","1803","0","53.58","17.69"
"10","002","00","001","0117","0059","450","161","289","24","474","909","0","52.15","17.71"
"10","002","00","001","0117","0060","463","158","305","29","492","894","0","55.03","17.67"
"10","002","00","001","0118","0000","938","313","625","82","1020","1560","0","65.38","20.06"
"10","002","00","001","0118","0027","438","141","297","29","467","727","0","64.24","19.39"
"10","002","00","001","0118","0028","500","172","328","53","553","833","0","66.39","20.65"
"10","002","00","001","0119","0000","548","204","344","30","578","966","0","59.83","21.12"
"10","002","00","001","0119","0055","548","204","344","30","578","966","0","59.83","21.12"
"10","002","00","001","0121","0000","893","329","564","60","953","1595","0","59.75","20.63"
"10","002","00","001","0121","0056","393","140","253","24","417","711","0","58.65","19.69"
"10","002","00","001","0121","0057","500","189","311","36","536","884","0","60.63","21.38"
"10","002","00","001","0122","0000","725","225","500","41","766","1326","0","57.77","16.97"
"10","002","00","001","0122","0058","725","225","500","41","766","1326","0","57.77","16.97"
"10","002","00","001","0123","0000","590","211","379","47","637","1152","0","55.3","18.32"
"10","002","00","001","0123","0054","590","211","379","47","637","1152","0","55.3","18.32"
"10","002","00","001","0124","0000","1407","428","979","93","1500","2584","0","58.05","16.56"
"10","002","00","001","0124","0064","739","238","501","71","810","1454","0","55.71","16.37"
"10","002","00","001","0124","0065","668","190","478","22","690","1130","0","61.06","16.81"
"10","002","00","001","0125","0000","1028","312","716","68","1096","2025","0","54.12","15.41"
"10","002","00","001","0125","0066","502","151","351","16","518","1087","0","47.65","13.89"
"10","002","00","001","0125","0067","526","161","365","52","578","938","0","61.62","17.16"
"10","002","00","001","0126","0000","1158","407","751","70","1228","2237","0","54.89","18.19"
"10","002","00","001","0126","0068","675","232","443","45","720","1285","0","56.03","18.05"
"10","002","00","001","0126","0069","483","175","308","25","508","952","0","53.36","18.38"
"10","002","00","001","0127","0000","1647","527","1120","141","1788","3123","0","57.25","16.87"
"10","002","00","001","0127","0070","525","163","362","47","572","948","0","60.34","17.19"
"10","002","00","001","0127","0071","568","201","367","44","612","1160","0","52.76","17.33"
"10","002","00","001","0127","0072","554","163","391","50","604","1015","0","59.51","16.06"
"10","002","00","001","0128","0000","586","226","360","58","644","1162","0","55.42","19.45"
"10","002","00","001","0128","0078","586","226","360","58","644","1162","0","55.42","19.45"
"10","002","00","001","0131","0000","469","163","306","47","516","959","0","53.81","17.0"
"10","002","00","001","0131","0075","469","163","306","47","516","959","0","53.81","17.0"
"10","002","00","001","0132","0000","962","283","679","75","1037","1699","0","61.04","16.66"
"10","002","00","001","0132","0076","469","140","329","42","511","814","0","62.78","17.2"
"10","002","00","001","0132","0077","493","143","350","33","526","885","0","59.44","16.16"
"10","002","00","001","0134","0000","779","261","518","51","830","1388","0","59.8","18.8"
"10","002","00","001","0134","0073","248","91","157","13","261","424","0","61.56","21.46"
"10","002","00","001","0134","0074","531","170","361","38","569","964","0","59.02","17.63"
"10","002","00","001","0135","0000","1541","519","1022","83","1624","2933","0","55.37","17.7"
"10","002","00","001","0135","0007","479","169","310","26","505","912","0","55.37","18.53"
"10","002","00","001","0135","0008","715","248","467","37","752","1335","0","56.33","18.58"
"10","002","00","001","0135","0009","347","102","245","20","367","686","0","53.5","14.87"
"10","002","00","001","0136","0000","1171","358","813","68","1239","2252","0","55.02","15.9"
"10","002","00","001","0136","0001","521","161","360","16","537","982","0","54.68","16.4"
"10","002","00","001","0136","0002","650","197","453","52","702","1270","0","55.28","15.51"
"10","002","00","001","0137","0000","870","307","563","37","907","1605","0","56.51","19.13"
"10","002","00","001","0137","0003","453","170","283","17","470","849","0","55.36","20.02"
"10","002","00","001","0137","0004","417","137","280","20","437","756","0","57.8","18.12"
"10","002","00","001","0138","0000","2400","881","1519","90","2490","4269","0","58.33","20.64"
"10","002","00","001","0138","0010","799","275","524","27","826","1366","0","60.47","20.13"
"10","002","00","001","0138","0011","749","307","442","27","776","1363","0","56.93","22.52"
"10","002","00","001","0138","0012","852","299","553","36","888","1540","0","57.66","19.42"
"10","002","00","001","0139","0000","1575","569","1006","99","1674","3045","0","54.98","18.69"
"10","002","00","001","0139","0015","472","164","308","40","512","900","0","56.89","18.22"
"10","002","00","001","0139","0016","486","163","323","26","512","980","0","52.24","16.63"
"10","002","00","001","0139","0017","617","242","375","33","650","1165","0","55.79","20.77"
"10","002","00","001","0140","0000","1444","444","1000","71","1515","2695","0","56.22","16.47"
"10","002","00","001","0140","0018","484","146","338","22","506","904","0","55.97","16.15"
"10","002","00","001","0140","0019","443","139","304","23","466","813","0","57.32","17.1"
"10","002","00","001","0140","0020","517","159","358","26","543","978","0","55.52","16.26"
"10","002","00","001","0141","0000","1630","572","1058","59","1689","3051","0","55.36","18.75"
"10","002","00","001","0141","0043","568","191","377","24","592","1108","0","53.43","17.24"
"10","002","00","001","0141","0044","483","172","311","10","493","848","0","58.14","20.28"
"10","002","00","001","0141","0045","579","209","370","25","604","1095","0","55.16","19.09"
"10","002","00","001","0142","0000","1740","572","1168","102","1842","3156","0","58.37","18.12"
"10","002","00","001","0142","0048","615","199","416","33","648","1134","0","57.14","17.55"
"10","002","00","001","0142","0049","636","208","428","25","661","1146","0","57.68","18.15"
"10","002","00","001","0142","0050","489","165","324","44","533","876","0","60.84","18.84"
"10","002","00","001","0143","0000","1371","448","923","60","1431","2550","0","56.12","17.57"
"10","002","00","001","0143","0013","729","239","490","17","746","1341","0","55.63","17.82"
"10","002","00","001","0143","0014","642","209","433","43","685","1209","0","56.66","17.29"
"10","002","00","001","0144","0000","985","293","692","72","1057","2000","0","52.85","14.65"
"10","002","00","001","0144","0005","531","163","368","29","560","1107","0","50.59","14.72"
"10","002","00","001","0144","0006","454","130","324","43","497","893","0","55.66","14.56"
"10","002","00","001","0145","0000","465","159","306","35","500","762","0","65.62","20.87"
"10","002","00","001","0145","0026","465","159","306","35","500","762","0","65.62","20.87"
"10","002","00","001","0146","0000","1460","471","989","80","1540","2915","0","52.83","16.16"
"10","002","00","001","0146","0061","604","200","404","35","639","1259","0","50.75","15.89"
"10","002","00","001","0146","0062","400","125","275","17","417","789","0","52.85","15.84"
"10","002","00","001","0146","0063","456","146","310","28","484","867","0","55.82","16.84"
"10","002","00","001","0147","0000","1692","624","1068","83","1775","2913","0","60.93","21.42"
"10","002","00","001","0147","0037","559","207","352","32","591","968","0","61.05","21.38"
"10","002","00","001","0147","0038","554","206","348","18","572","926","0","61.77","22.25"
"10","002","00","001","0147","0039","579","211","368","33","612","1019","0","60.06","20.71"
"10","002","00","002","0000","0000","31195","10777","20418","2004","33199","57686","72457","57.55","18.68"
"10","002","00","002","0204","0000","754","257","497","65","819","1475","0","55.53","17.42"
"10","002","00","002","0204","0081","754","257","497","65","819","1475","0","55.53","17.42"
"10","002","00","002","0205","0000","1821","634","1187","118","1939","3504","0","55.34","18.09"
"10","002","00","002","0205","0082","737","271","466","61","798","1466","0","54.43","18.49"
"10","002","00","002","0205","0083","580","189","391","24","604","1075","0","56.19","17.58"
"10","002","00","002","0205","0084","504","174","330","33","537","963","0","55.76","18.07"
"10","002","00","002","0206","0000","1338","447","891","110","1448","2677","0","54.09","16.7"
"10","002","00","002","0206","0085","733","251","482","82","815","1511","0","53.94","16.61"
"10","002","00","002","0206","0086","605","196","409","28","633","1166","0","54.29","16.81"
"10","002","00","002","0207","0000","1569","561","1008","83","1652","3008","0","54.92","18.65"
"10","002","00","002","0207","0087","682","241","441","54","736","1273","0","57.82","18.93"
"10","002","00","002","0207","0088","887","320","567","29","916","1735","0","52.8","18.44"
"10","002","00","002","0208","0000","1276","439","837","77","1353","2324","0","58.22","18.89"
"10","002","00","002","0208","0089","812","261","551","37","849","1487","0","57.09","17.55"
"10","002","00","002","0208","0090","464","178","286","40","504","837","0","60.22","21.27"
"10","002","00","002","0209","0000","733","249","484","53","786","1312","0","59.91","18.98"
"10","002","00","002","0209","0091","733","249","484","53","786","1312","0","59.91","18.98"
"10","002","00","002","0210","0000","744","239","505","37","781","1502","0","52.0","15.91"
"10","002","00","002","0210","0092","744","239","505","37","781","1502","0","52.0","15.91"
"10","002","00","002","0211","0000","579","212","367","25","604","1138","0","53.08","18.63"
"10","002","00","002","0211","0093","579","212","367","25","604","1138","0","53.08","18.63"
"10","002","00","002","0216","0000","1899","653","1246","124","2023","3681","0","54.96","17.74"
"10","002","00","002","0216","0096","586","209","377","31","617","1089","0","56.66","19.19"
"10","002","00","002","0216","0097","672","218","454","38","710","1304","0","54.45","16.72"
"10","002","00","002","0216","0098","641","226","415","55","696","1288","0","54.04","17.55"
"10","002","00","002","0217","0000","1548","508","1040","107","1655","2850","0","58.07","17.82"
"10","002","00","002","0217","0102","769","255","514","67","836","1420","0","58.87","17.96"
"10","002","00","002","0217","0103","779","253","526","40","819","1430","0","57.27","17.69"
"10","002","00","002","0218","0000","1528","559","969","107","1635","2804","0","58.31","19.94"
"10","002","00","002","0218","0104","568","197","371","62","630","1075","0","58.6","18.33"
"10","002","00","002","0218","0105","498","189","309","31","529","879","0","60.18","21.5"
"10","002","00","002","0218","0106","462","173","289","14","476","850","0","56.0","20.35"
"10","002","00","002","0219","0000","1949","664","1285","99","2048","3623","0","56.53","18.33"
"10","002","00","002","0219","0111","764","264","500","42","806","1431","0","56.32","18.45"
"10","002","00","002","0219","0112","602","211","391","30","632","1109","0","56.99","19.03"
"10","002","00","002","0219","0113","583","189","394","27","610","1083","0","56.33","17.45"
"10","002","00","002","0220","0000","1460","514","946","96","1556","2692","0","57.8","19.09"
"10","002","00","002","0220","0114","766","266","500","48","814","1404","0","57.98","18.95"
"10","002","00","002","0220","0115","694","248","446","48","742","1288","0","57.61","19.25"
"10","002","00","002","0221","0000","512","176","336","34","546","1183","0","46.15","14.88"
"10","002","00","002","0221","0116","512","176","336","34","546","1183","0","46.15","14.88"
"10","002","00","002","0222","0000","1634","551","1083","104","1738","2865","0","60.66","19.23"
"10","002","00","002","0222","0117","623","202","421","36","659","1105","0","59.64","18.28"
"10","002","00","002","0222","0118","571","202","369","34","605","987","0","61.3","20.47"
"10","002","00","002","0222","0119","440","147","293","34","474","773","0","61.32","19.02"
"10","002","00","002","0223","0000","1552","566","986","128","1680","2926","0","57.42","19.34"
"10","002","00","002","0223","0123","521","202","319","46","567","977","0","58.03","20.68"
"10","002","00","002","0223","0124","487","176","311","45","532","972","0","54.73","18.11"
"10","002","00","002","0223","0125","544","188","356","37","581","977","0","59.47","19.24"
"10","002","00","002","0224","0000","1988","667","1321","107","2095","3551","0","59.0","18.78"
"10","002","00","002","0224","0126","779","274","505","46","825","1398","0","59.01","19.6"
"10","002","00","002","0224","0127","548","197","351","28","576","1022","0","56.36","19.28"
"10","002","00","002","0224","0128","661","196","465","33","694","1131","0","61.36","17.33"
"10","002","00","002","0225","0000","2074","696","1378","98","2172","3431","0","63.31","20.29"
"10","002","00","002","0225","0120","833","293","540","34","867","1366","0","63.47","21.45"
"10","002","00","002","0225","0121","558","187","371","28","586","907","0","64.61","20.62"
"10","002","00","002","0225","0122","683","216","467","36","719","1158","0","62.09","18.65"
"10","002","00","002","0226","0000","2536","915","1621","120","2656","4360","0","60.92","20.99"
"10","002","00","002","0226","0107","640","253","387","25","665","1111","0","59.86","22.77"
"10","002","00","002","0226","0108","685","230","455","29","714","1139","0","62.69","20.19"
"10","002","00","002","0226","0109","659","241","418","38","697","1130","0","61.68","21.33"
"10","002","00","002","0226","0110","552","191","361","28","580","980","0","59.18","19.49"
"10","002","00","002","0227","0000","1716","594","1122","134","1850","2990","0","61.87","19.87"
"10","002","00","002","0227","0099","589","211","378","53","642","1036","0","61.97","20.37"
"10","002","00","002","0227","0100","578","190","388","40","618","969","0","63.78","19.61"
"10","002","00","002","0227","0101","549","193","356","41","590","985","0","59.9","19.59"
"10","002","00","002","0228","0000","751","261","490","57","808","1407","0","57.43","18.55"
"10","002","00","002","0228","0079","378","143","235","30","408","689","0","59.22","20.75"
"10","002","00","002","0228","0080","373","118","255","27","400","718","0","55.71","16.43"
"10","002","00","002","0229","0000","719","232","487","74","793","1373","0","57.76","16.9"
"10","002","00","002","0229","0095","719","232","487","74","793","1373","0","57.76","16.9"
"10","002","00","002","0230","0000","515","183","332","47","562","1010","0","55.64","18.12"
"10","002","00","002","0230","0094","515","183","332","47","562","1010","0","55.64","18.12"
"10","002","00","003","0000","0000","17753","5786","11967","1621","19374","34512","39785","56.14","16.77"
"10","002","00","003","0301","0000","1786","620","1166","139","1925","3364","0","57.22","18.43"
"10","002","00","003","0301","0129","617","202","415","56","673","1194","0","56.37","16.92"
"10","002","00","003","0301","0130","569","182","387","39","608","1128","0","53.9","16.13"
"10","002","00","003","0301","0131","600","236","364","44","644","1042","0","61.8","22.65"
"10","002","00","003","0302","0000","556","224","332","32","588","997","0","58.98","22.47"
"10","002","00","003","0302","0132","556","224","332","32","588","997","0","58.98","22.47"
"10","002","00","003","0303","0000","1924","659","1265","172","2096","3693","0","56.76","17.84"
"10","002","00","003","0303","0133","675","234","441","59","734","1303","0","56.33","17.96"
"10","002","00","003","0303","0134","688","240","448","59","747","1260","0","59.29","19.05"
"10","002","00","003","0303","0135","561","185","376","54","615","1130","0","54.42","16.37"
"10","002","00","003","0304","0000","445","147","298","59","504","910","0","55.38","16.15"
"10","002","00","003","0304","0136","278","91","187","39","317","559","0","56.71","16.28"
"10","002","00","003","0304","0137","167","56","111","20","187","351","0","53.28","15.95"
"10","002","00","003","0305","0000","667","223","444","71","738","1323","0","55.78","16.86"
"10","002","00","003","0305","0138","441","149","292","54","495","889","0","55.68","16.76"
"10","002","00","003","0305","0139","226","74","152","17","243","434","0","55.99","17.05"
"10","002","00","003","0307","0000","1608","496","1112","133","1741","2945","0","59.12","16.84"
"10","002","00","003","0307","0140","480","151","329","26","506","835","0","60.6","18.08"
"10","002","00","003","0307","0141","518","185","333","42","560","975","0","57.44","18.97"
"10","002","00","003","0307","0142","610","160","450","65","675","1135","0","59.47","14.1"
"10","002","00","003","0308","0000","709","259","450","60","769","1257","0","61.18","20.6"
"10","002","00","003","0308","0143","479","181","298","35","514","788","0","65.23","22.97"
"10","002","00","003","0308","0144","230","78","152","25","255","469","0","54.37","16.63"
"10","002","00","003","0309","0000","1166","348","818","88","1254","2300","0","54.52","15.13"
"10","002","00","003","0309","0148","564","171","393","39","603","1146","0","52.62","14.92"
"10","002","00","003","0309","0149","602","177","425","49","651","1154","0","56.41","15.34"
"10","002","00","003","0310","0000","1261","407","854","82","1343","2398","0","56.01","16.97"
"10","002","00","003","0310","0150","440","157","283","17","457","908","0","50.33","17.29"
"10","002","00","003","0310","0151","335","92","243","28","363","656","0","55.34","14.02"
"10","002","00","003","0310","0152","486","158","328","37","523","834","0","62.71","18.94"
"10","002","00","003","0311","0000","575","169","406","39","614","1025","0","59.9","16.49"
"10","002","00","003","0311","0153","575","169","406","39","614","1025","0","59.9","16.49"
"10","002","00","003","0312","0000","250","96","154","14","264","455","0","58.02","21.1"
"10","002","00","003","0312","0154","250","96","154","14","264","455","0","58.02","21.1"
"10","002","00","003","0313","0000","285","101","184","28","313","535","0","58.5","18.88"
"10","002","00","003","0313","0155","285","101","184","28","313","535","0","58.5","18.88"
"10","002","00","003","0314","0000","315","98","217","28","343","536","0","63.99","18.28"
"10","002","00","003","0314","0156","315","98","217","28","343","536","0","63.99","18.28"
"10","002","00","003","0315","0000","257","82","175","17","274","451","0","60.75","18.18"
"10","002","00","003","0315","0157","257","82","175","17","274","451","0","60.75","18.18"
"10","002","00","003","0316","0000","297","111","186","36","333","593","0","56.16","18.72"
"10","002","00","003","0316","0158","297","111","186","36","333","593","0","56.16","18.72"
"10","002","00","003","0317","0000","234","64","170","22","256","441","0","58.05","14.51"
"10","002","00","003","0317","0159","234","64","170","22","256","441","0","58.05","14.51"
"10","002","00","003","0318","0000","510","140","370","47","557","954","0","58.39","14.68"
"10","002","00","003","0318","0160","510","140","370","47","557","954","0","58.39","14.68"
"10","002","00","003","0319","0000","479","149","330","39","518","952","0","54.41","15.65"
"10","002","00","003","0319","0161","479","149","330","39","518","952","0","54.41","15.65"
"10","002","00","003","0320","0000","517","160","357","75","592","1125","0","52.62","14.22"
"10","002","00","003","0320","0162","517","160","357","75","592","1125","0","52.62","14.22"
"10","002","00","003","0321","0000","656","233","423","96","752","1469","0","51.19","15.86"
"10","002","00","003","0321","0163","365","108","257","65","430","763","0","56.36","14.15"
"10","002","00","003","0321","0164","291","125","166","31","322","706","0","45.61","17.71"
"10","002","00","003","0322","0000","457","131","326","62","519","1068","0","48.6","12.27"
"10","002","00","003","0322","0165","457","131","326","62","519","1068","0","48.6","12.27"
"10","002","00","003","0323","0000","610","188","422","107","717","1240","0","57.82","15.16"
"10","002","00","003","0323","0166","342","106","236","46","388","666","0","58.26","15.92"
"10","002","00","003","0323","0167","268","82","186","61","329","574","0","57.32","14.29"
"10","002","00","003","0324","0000","146","52","94","8","154","351","0","43.87","14.81"
"10","002","00","003","0324","0168","146","52","94","8","154","351","0","43.87","14.81"
"10","002","00","003","0325","0000","360","113","247","45","405","717","0","56.49","15.76"
"10","002","00","003","0325","0169","360","113","247","45","405","717","0","56.49","15.76"
"10","002","00","003","0326","0000","225","71","154","22","247","596","0","41.44","11.91"
"10","002","00","003","0326","0170","140","36","104","13","153","373","0","41.02","9.65"
"10","002","00","003","0326","0171","85","35","50","9","94","223","0","42.15","15.7"
"10","002","00","003","0327","0000","1458","445","1013","100","1558","2817","0","55.31","15.8"
"10","002","00","003","0327","0145","400","127","273","39","439","811","0","54.13","15.66"
"10","002","00","003","0327","0146","459","131","328","17","476","867","0","54.9","15.11"
"10","002","00","003","0327","0147","599","187","412","44","643","1139","0","56.45","16.42"
"10","002","00","004","0000","0000","12723","4144","8579","1078","13801","25135","29173","54.91","16.49"
"10","002","00","004","0401","0000","95","30","65","10","105","292","0","35.96","10.27"
"10","002","00","004","0401","0172","95","30","65","10","105","292","0","35.96","10.27"
"10","002","00","004","0402","0000","339","109","230","33","372","688","0","54.07","15.84"
"10","002","00","004","0402","0173","339","109","230","33","372","688","0","54.07","15.84"
"10","002","00","004","0403","0000","406","128","278","44","450","879","0","51.19","14.56"
"10","002","00","004","0403","0175","406","128","278","44","450","879","0","51.19","14.56"
"10","002","00","004","0404","0000","182","59","123","22","204","335","0","60.9","17.61"
"10","002","00","004","0404","0176","182","59","123","22","204","335","0","60.9","17.61"
"10","002","00","004","0405","0000","672","216","456","64","736","1356","0","54.28","15.93"
"10","002","00","004","0405","0177","356","107","249","37","393","624","0","62.98","17.15"
"10","002","00","004","0405","0178","316","109","207","27","343","732","0","46.86","14.89"
"10","002","00","004","0406","0000","389","136","253","31","420","892","0","47.09","15.25"
"10","002","00","004","0406","0179","389","136","253","31","420","892","0","47.09","15.25"
"10","002","00","004","0407","0000","280","110","170","33","313","690","0","45.36","15.94"
"10","002","00","004","0407","0180","280","110","170","33","313","690","0","45.36","15.94"
"10","002","00","004","0408","0000","805","270","535","58","863","1578","0","54.69","17.11"
"10","002","00","004","0408","0181","428","136","292","24","452","842","0","53.68","16.15"
"10","002","00","004","0408","0182","377","134","243","34","411","736","0","55.84","18.21"
"10","002","00","004","0409","0000","642","218","424","44","686","1348","0","50.89","16.17"
"10","002","00","004","0409","0183","373","127","246","28","401","788","0","50.89","16.12"
"10","002","00","004","0409","0184","269","91","178","16","285","560","0","50.89","16.25"
"10","002","00","004","0410","0000","391","132","259","33","424","712","0","59.55","18.54"
"10","002","00","004","0410","0185","391","132","259","33","424","712","0","59.55","18.54"
"10","002","00","004","0411","0000","301","94","207","21","322","502","0","64.14","18.73"
"10","002","00","004","0411","0186","301","94","207","21","322","502","0","64.14","18.73"
"10","002","00","004","0412","0000","333","116","217","26","359","569","0","63.09","20.39"
"10","002","00","004","0412","0187","333","116","217","26","359","569","0","63.09","20.39"
"10","002","00","004","0413","0000","331","99","232","30","361","633","0","57.03","15.64"
"10","002","00","004","0413","0188","331","99","232","30","361","633","0","57.03","15.64"
"10","002","00","004","0414","0000","955","318","637","76","1031","2167","0","47.58","14.67"
"10","002","00","004","0414","0189","494","172","322","41","535","1132","0","47.26","15.19"
"10","002","00","004","0414","0190","461","146","315","35","496","1035","0","47.92","14.11"
"10","002","00","004","0415","0000","1085","385","700","78","1163","2019","0","57.6","19.07"
"10","002","00","004","0415","0191","465","148","317","39","504","847","0","59.5","17.47"
"10","002","00","004","0415","0192","620","237","383","39","659","1172","0","56.23","20.22"
"10","002","00","004","0416","0000","1051","362","689","44","1095","1971","0","55.56","18.37"
"10","002","00","004","0416","0193","446","164","282","25","471","896","0","52.57","18.3"
"10","002","00","004","0416","0194","605","198","407","19","624","1075","0","58.05","18.42"
"10","002","00","004","0417","0000","488","158","330","58","546","931","0","58.65","16.97"
"10","002","00","004","0417","0195","488","158","330","58","546","931","0","58.65","16.97"
"10","002","00","004","0418","0000","841","257","584","72","913","1730","0","52.77","14.86"
"10","002","00","004","0418","0196","523","160","363","39","562","1021","0","55.04","15.67"
"10","002","00","004","0418","0197","318","97","221","33","351","709","0","49.51","13.68"
"10","002","00","004","0419","0000","403","102","301","39","442","689","0","64.15","14.8"
"10","002","00","004","0419","0198","403","102","301","39","442","689","0","64.15","14.8"
"10","002","00","004","0420","0000","734","229","505","66","800","1374","0","58.22","16.67"
"10","002","00","004","0420","0199","357","112","245","28","385","615","0","62.6","18.21"
"10","002","00","004","0420","0200","377","117","260","38","415","759","0","54.68","15.42"
"10","002","00","004","0421","0000","515","149","366","49","564","917","0","61.5","16.25"
"10","002","00","004","0421","0201","515","149","366","49","564","917","0","61.5","16.25"
"10","002","00","004","0422","0000","543","169","374","59","602","1045","0","57.61","16.17"
"10","002","00","004","0422","0202","543","169","374","59","602","1045","0","57.61","16.17"
"10","002","00","004","0423","0000","582","190","392","52","634","1130","0","56.11","16.81"
"10","002","00","004","0423","0203","582","190","392","52","634","1130","0","56.11","16.81"
"10","002","00","004","0424","0000","360","108","252","36","396","688","0","57.56","15.7"
"10","002","00","004","0424","0174","360","108","252","36","396","688","0","57.56","15.7"
"10","002","00","005","0000","0000","15674","5114","10560","1128","16802","31084","35668","54.05","16.45"
"10","002","00","005","0501","0000","738","224","514","73","811","1627","0","49.85","13.77"
"10","002","00","005","0501","0204","498","145","353","45","543","1122","0","48.4","12.92"
"10","002","00","005","0501","0205","240","79","161","28","268","505","0","53.07","15.64"
"10","002","00","005","0502","0000","971","293","678","61","1032","1959","0","52.68","14.96"
"10","002","00","005","0502","0206","483","142","341","28","511","988","0","51.72","14.37"
"10","002","00","005","0502","0207","488","151","337","33","521","971","0","53.66","15.55"
"10","002","00","005","0503","0000","1817","593","1224","92","1909","4033","0","47.33","14.7"
"10","002","00","005","0503","0208","587","188","399","33","620","1246","0","49.76","15.09"
"10","002","00","005","0503","0209","751","248","503","28","779","1655","0","47.07","14.98"
"10","002","00","005","0503","0210","479","157","322","31","510","1132","0","45.05","13.87"
"10","002","00","005","0504","0000","1319","416","903","77","1396","2559","0","54.55","16.26"
"10","002","00","005","0504","0211","418","144","274","24","442","783","0","56.45","18.39"
"10","002","00","005","0504","0212","479","156","323","19","498","928","0","53.66","16.81"
"10","002","00","005","0504","0213","422","116","306","34","456","848","0","53.77","13.68"
"10","002","00","005","0505","0000","386","131","255","27","413","663","0","62.29","19.76"
"10","002","00","005","0505","0214","386","131","255","27","413","663","0","62.29","19.76"
"10","002","00","005","0506","0000","766","243","523","45","811","1441","0","56.28","16.86"
"10","002","00","005","0506","0215","322","99","223","17","339","608","0","55.76","16.28"
"10","002","00","005","0506","0216","444","144","300","28","472","833","0","56.66","17.29"
"10","002","00","005","0507","0000","575","198","377","14","589","1233","0","47.77","16.06"
"10","002","00","005","0507","0217","575","198","377","14","589","1233","0","47.77","16.06"
"10","002","00","005","0508","0000","751","302","449","53","804","1429","0","56.26","21.13"
"10","002","00","005","0508","0218","444","198","246","36","480","854","0","56.21","23.19"
"10","002","00","005","0508","0219","307","104","203","17","324","575","0","56.35","18.09"
"10","002","00","005","0509","0000","1128","375","753","90","1218","2140","0","56.92","17.52"
"10","002","00","005","0509","0220","432","138","294","37","469","835","0","56.17","16.53"
"10","002","00","005","0509","0221","696","237","459","53","749","1305","0","57.39","18.16"
"10","002","00","005","0510","0000","1219","403","816","130","1349","2402","0","56.16","16.78"
"10","002","00","005","0510","0222","423","146","277","39","462","830","0","55.66","17.59"
"10","002","00","005","0510","0223","386","138","248","41","427","649","0","65.79","21.26"
"10","002","00","005","0510","0224","410","119","291","50","460","923","0","49.84","12.89"
"10","002","00","005","0511","0000","506","153","353","39","545","1177","0","46.3","13.0"
"10","002","00","005","0511","0225","506","153","353","39","545","1177","0","46.3","13.0"
"10","002","00","005","0512","0000","427","131","296","34","461","840","0","54.88","15.6"
"10","002","00","005","0512","0226","427","131","296","34","461","840","0","54.88","15.6"
"10","002","00","005","0513","0000","557","185","372","32","589","1051","0","56.04","17.6"
"10","002","00","005","0513","0227","557","185","372","32","589","1051","0","56.04","17.6"
"10","002","00","005","0514","0000","631","200","431","34","665","1339","0","49.66","14.94"
"10","002","00","005","0514","0228","631","200","431","34","665","1339","0","49.66","14.94"
"10","002","00","005","0515","0000","1367","399","968","116","1483","2508","0","59.13","15.91"
"10","002","00","005","0515","0229","661","182","479","48","709","1194","0","59.38","15.24"
"10","002","00","005","0515","0230","706","217","489","68","774","1314","0","58.9","16.51"
"10","002","00","005","0516","0000","1758","631","1127","150","1908","3311","0","57.63","19.06"
"10","002","00","005","0516","0231","611","228","383","28","639","1125","0","56.8","20.27"
"10","002","00","005","0516","0232","660","233","427","60","720","1207","0","59.65","19.3"
"10","002","00","005","0516","0233","487","170","317","62","549","979","0","56.08","17.36"
"10","002","00","005","0517","0000","532","171","361","52","584","954","0","61.22","17.92"
"10","002","00","005","0517","0234","532","171","361","52","584","954","0","61.22","17.92"
"10","002","00","005","0518","0000","226","66","160","9","235","418","0","56.22","15.79"
"10","002","00","005","0518","0235","226","66","160","9","235","418","0","56.22","15.79"
"10","002","00","006","0000","0000","11295","3966","7329","1116","12411","21447","24315","57.87","18.49"
"10","002","00","006","0601","0000","1376","683","693","128","1504","2484","0","60.55","27.5"
"10","002","00","006","0601","0236","795","295","500","80","875","1435","0","60.98","20.56"
"10","002","00","006","0601","0237","581","388","193","48","629","1049","0","59.96","36.99"
"10","002","00","006","0602","0000","910","292","618","115","1025","1835","0","55.86","15.91"
"10","002","00","006","0602","0239","418","137","281","82","500","868","0","57.6","15.78"
"10","002","00","006","0602","0240","492","155","337","33","525","967","0","54.29","16.03"
"10","002","00","006","0603","0000","516","185","331","58","574","940","0","61.06","19.68"
"10","002","00","006","0603","0241","516","185","331","58","574","940","0","61.06","19.68"
"10","002","00","006","0604","0000","447","155","292","26","473","975","0","48.51","15.9"
"10","002","00","006","0604","0242","447","155","292","26","473","975","0","48.51","15.9"
"10","002","00","006","0605","0000","857","255","602","110","967","1605","0","60.25","15.89"
"10","002","00","006","0605","0243","442","136","306","58","500","797","0","62.74","17.06"
"10","002","00","006","0605","0244","415","119","296","52","467","808","0","57.8","14.73"
"10","002","00","006","0606","0000","754","269","485","107","861","1523","0","56.53","17.66"
"10","002","00","006","0606","0245","470","183","287","75","545","911","0","59.82","20.09"
"10","002","00","006","0606","0246","284","86","198","32","316","612","0","51.63","14.05"
"10","002","00","006","0607","0000","458","139","319","46","504","790","0","63.8","17.59"
"10","002","00","006","0607","0247","458","139","319","46","504","790","0","63.8","17.59"
"10","002","00","006","0608","0000","1269","424","845","117","1386","2338","0","59.28","18.14"
"10","002","00","006","0608","0248","468","146","322","56","524","878","0","59.68","16.63"
"10","002","00","006","0608","0249","439","154","285","37","476","723","0","65.84","21.3"
"10","002","00","006","0608","0250","362","124","238","24","386","737","0","52.37","16.82"
"10","002","00","006","0609","0000","815","280","535","60","875","1581","0","55.34","17.71"
"10","002","00","006","0609","0251","364","127","237","49","413","686","0","60.2","18.51"
"10","002","00","006","0609","0252","451","153","298","11","462","895","0","51.62","17.09"
"10","002","00","006","0610","0000","689","212","477","67","756","1237","0","61.12","17.14"
"10","002","00","006","0610","0253","689","212","477","67","756","1237","0","61.12","17.14"
"10","002","00","006","0611","0000","1157","395","762","108","1265","2241","0","56.45","17.63"
"10","002","00","006","0611","0254","591","206","385","60","651","1134","0","57.41","18.17"
"10","002","00","006","0611","0255","566","189","377","48","614","1107","0","55.47","17.07"
"10","002","00","006","0612","0000","582","181","401","41","623","1057","0","58.94","17.12"
"10","002","00","006","0612","0256","582","181","401","41","623","1057","0","58.94","17.12"
"10","002","00","006","0613","0000","858","299","559","85","943","1773","0","53.19","16.86"
"10","002","00","006","0613","0257","504","159","345","37","541","1051","0","51.47","15.13"
"10","002","00","006","0613","0258","354","140","214","48","402","722","0","55.68","19.39"
"10","002","00","006","0614","0000","607","197","410","48","655","1068","0","61.33","18.45"
"10","002","00","006","0614","0238","607","197","410","48","655","1068","0","61.33","18.45"
"10","002","00","007","0000","0000","13881","4660","9221","1256","15137","28131","32281","53.81","16.57"
"10","002","00","007","0701","0000","2766","1064","1702","162","2928","5648","0","51.84","18.84"
"10","002","00","007","0701","0259","680","228","452","36","716","1393","0","51.4","16.37"
"10","002","00","007","0701","0260","443","180","263","21","464","895","0","51.84","20.11"
"10","002","00","007","0701","0261","594","319","275","52","646","1231","0","52.48","25.91"
"10","002","00","007","0701","0262","543","170","373","22","565","1098","0","51.46","15.48"
"10","002","00","007","0701","0263","506","167","339","31","537","1031","0","52.09","16.2"
"10","002","00","007","0702","0000","1009","315","694","102","1111","2198","0","50.55","14.33"
"10","002","00","007","0702","0264","493","151","342","63","556","1030","0","53.98","14.66"
"10","002","00","007","0702","0265","516","164","352","39","555","1168","0","47.52","14.04"
"10","002","00","007","0703","0000","832","268","564","78","910","1587","0","57.34","16.89"
"10","002","00","007","0703","0266","418","126","292","44","462","809","0","57.11","15.57"
"10","002","00","007","0703","0267","414","142","272","34","448","778","0","57.58","18.25"
"10","002","00","007","0704","0000","787","255","532","58","845","1465","0","57.68","17.41"
"10","002","00","007","0704","0268","787","255","532","58","845","1465","0","57.68","17.41"
"10","002","00","007","0705","0000","965","307","658","95","1060","1839","0","57.64","16.69"
"10","002","00","007","0705","0269","523","176","347","58","581","979","0","59.35","17.98"
"10","002","00","007","0705","0270","442","131","311","37","479","860","0","55.7","15.23"
"10","002","00","007","0706","0000","541","164","377","59","600","1205","0","49.79","13.61"
"10","002","00","007","0706","0271","541","164","377","59","600","1205","0","49.79","13.61"
"10","002","00","007","0707","0000","762","258","504","93","855","1494","0","57.23","17.27"
"10","002","00","007","0707","0272","548","187","361","63","611","1082","0","56.47","17.28"
"10","002","00","007","0707","0273","214","71","143","30","244","412","0","59.22","17.23"
"10","002","00","007","0708","0000","265","74","191","31","296","635","0","46.61","11.65"
"10","002","00","007","0708","0274","173","56","117","19","192","403","0","47.64","13.9"
"10","002","00","007","0708","0275","92","18","74","12","104","232","0","44.83","7.76"
"10","002","00","007","0709","0000","930","338","592","82","1012","1838","0","55.06","18.39"
"10","002","00","007","0709","0276","471","166","305","41","512","944","0","54.24","17.58"
"10","002","00","007","0709","0277","459","172","287","41","500","894","0","55.93","19.24"
"10","002","00","007","0710","0000","710","200","510","49","759","1356","0","55.97","14.75"
"10","002","00","007","0710","0278","710","200","510","49","759","1356","0","55.97","14.75"
"10","002","00","007","0711","0000","1199","391","808","143","1342","2295","0","58.47","17.04"
"10","002","00","007","0711","0279","410","123","287","44","454","780","0","58.21","15.77"
"10","002","00","007","0711","0280","526","175","351","61","587","932","0","62.98","18.78"
"10","002","00","007","0711","0281","263","93","170","38","301","583","0","51.63","15.95"
"10","002","00","007","0712","0000","1203","366","837","131","1334","2435","0","54.78","15.03"
"10","002","00","007","0712","0282","444","122","322","54","498","900","0","55.33","13.56"
"10","002","00","007","0712","0283","376","117","259","29","405","747","0","54.22","15.66"
"10","002","00","007","0712","0284","383","127","256","48","431","788","0","54.7","16.12"
"10","002","00","007","0713","0000","419","145","274","34","453","884","0","51.24","16.4"
"10","002","00","007","0713","0285","419","145","274","34","453","884","0","51.24","16.4"
"10","002","00","007","0714","0000","413","123","290","27","440","857","0","51.34","14.35"
"10","002","00","007","0714","0286","413","123","290","27","440","857","0","51.34","14.35"
"10","002","00","007","0715","0000","490","177","313","28","518","1016","0","50.98","17.42"
"10","002","00","007","0715","0287","490","177","313","28","518","1016","0","50.98","17.42"
"10","002","00","007","0716","0000","590","215","375","84","674","1379","0","48.88","15.59"
"10","002","00","007","0716","0288","282","91","191","27","309","690","0","44.78","13.19"
"10","002","00","007","0716","0289","308","124","184","57","365","689","0","52.98","18.0"
"10","002","00","008","0000","0000","23046","7599","15447","1445","24491","45405","52843","53.94","16.74"
"10","002","00","008","0801","0000","603","195","408","44","647","1217","0","53.16","16.02"
"10","002","00","008","0801","0312","603","195","408","44","647","1217","0","53.16","16.02"
"10","002","00","008","0802","0000","897","344","553","67","964","1624","0","59.36","21.18"
"10","002","00","008","0802","0290","435","165","270","51","486","807","0","60.22","20.45"
"10","002","00","008","0802","0291","462","179","283","16","478","817","0","58.51","21.91"
"10","002","00","008","0803","0000","620","217","403","40","660","1156","0","57.09","18.77"
"10","002","00","008","0803","0292","620","217","403","40","660","1156","0","57.09","18.77"
"10","002","00","008","0804","0000","450","134","316","34","484","892","0","54.26","15.02"
"10","002","00","008","0804","0293","450","134","316","34","484","892","0","54.26","15.02"
"10","002","00","008","0805","0000","483","154","329","45","528","897","0","58.86","17.17"
"10","002","00","008","0805","0294","483","154","329","45","528","897","0","58.86","17.17"
"10","002","00","008","0806","0000","788","245","543","52","840","1392","0","60.34","17.6"
"10","002","00","008","0806","0295","788","245","543","52","840","1392","0","60.34","17.6"
"10","002","00","008","0807","0000","1447","549","898","69","1516","2906","0","52.17","18.89"
"10","002","00","008","0807","0296","804","351","453","35","839","1471","0","57.04","23.86"
"10","002","00","008","0807","0297","643","198","445","34","677","1435","0","47.18","13.8"
"10","002","00","008","0808","0000","1557","522","1035","61","1618","2975","0","54.39","17.55"
"10","002","00","008","0808","0298","742","242","500","39","781","1519","0","51.42","15.93"
"10","002","00","008","0808","0299","815","280","535","22","837","1456","0","57.49","19.23"
"10","002","00","008","0809","0000","384","117","267","20","404","694","0","58.21","16.86"
"10","002","00","008","0809","0301","384","117","267","20","404","694","0","58.21","16.86"
"10","002","00","008","0810","0000","397","127","270","37","434","711","0","61.04","17.86"
"10","002","00","008","0810","0300","397","127","270","37","434","711","0","61.04","17.86"
"10","002","00","008","0811","0000","896","274","622","64","960","1526","0","62.91","17.96"
"10","002","00","008","0811","0302","896","274","622","64","960","1526","0","62.91","17.96"
"10","002","00","008","0812","0000","459","141","318","33","492","884","0","55.66","15.95"
"10","002","00","008","0812","0303","459","141","318","33","492","884","0","55.66","15.95"
"10","002","00","008","0813","0000","670","250","420","58","728","1465","0","49.69","17.06"
"10","002","00","008","0813","0304","670","250","420","58","728","1465","0","49.69","17.06"
"10","002","00","008","0814","0000","256","78","178","22","278","488","0","56.97","15.98"
"10","002","00","008","0814","0305","256","78","178","22","278","488","0","56.97","15.98"
"10","002","00","008","0815","0000","2381","737","1644","166","2547","4993","0","51.01","14.76"
"10","002","00","008","0815","0306","598","181","417","52","650","1218","0","53.37","14.86"
"10","002","00","008","0815","0307","612","198","414","49","661","1291","0","51.2","15.34"
"10","002","00","008","0815","0308","635","198","437","28","663","1324","0","50.08","14.95"
"10","002","00","008","0815","0309","536","160","376","37","573","1160","0","49.4","13.79"
"10","002","00","008","0816","0000","1484","485","999","86","1570","3000","0","52.33","16.17"
"10","002","00","008","0816","0310","624","188","436","46","670","1246","0","53.77","15.09"
"10","002","00","008","0816","0311","860","297","563","40","900","1754","0","51.31","16.93"
"10","002","00","008","0817","0000","2211","749","1462","171","2382","4651","0","51.21","16.1"
"10","002","00","008","0817","0313","670","217","453","50","720","1495","0","48.16","14.52"
"10","002","00","008","0817","0314","470","167","303","41","511","937","0","54.54","17.82"
"10","002","00","008","0817","0315","534","187","347","33","567","1101","0","51.5","16.98"
"10","002","00","008","0817","0316","537","178","359","47","584","1118","0","52.24","15.92"
"10","002","00","008","0818","0000","2014","671","1343","98","2112","3732","0","56.59","17.98"
"10","002","00","008","0818","0317","719","230","489","30","749","1301","0","57.57","17.68"
"10","002","00","008","0818","0318","622","212","410","33","655","1225","0","53.47","17.31"
"10","002","00","008","0818","0319","673","229","444","35","708","1206","0","58.71","18.99"
"10","002","00","008","0819","0000","1173","351","822","64","1237","2429","0","50.93","14.45"
"10","002","00","008","0819","0320","605","181","424","31","636","1278","0","49.77","14.16"
"10","002","00","008","0819","0321","568","170","398","33","601","1151","0","52.22","14.77"
"10","002","00","008","0820","0000","500","141","359","37","537","1094","0","49.09","12.89"
"10","002","00","008","0820","0322","500","141","359","37","537","1094","0","49.09","12.89"
"10","002","00","008","0821","0000","1260","423","837","74","1334","2494","0","53.49","16.96"
"10","002","00","008","0821","0323","667","242","425","37","704","1247","0","56.46","19.41"
"10","002","00","008","0821","0324","593","181","412","37","630","1247","0","50.52","14.51"
"10","002","00","008","0822","0000","911","299","612","48","959","1677","0","57.19","17.83"
"10","002","00","008","0822","0325","506","171","335","32","538","979","0","54.95","17.47"
"10","002","00","008","0822","0326","405","128","277","16","421","698","0","60.32","18.34"
"10","002","00","008","0823","0000","872","289","583","37","909","1726","0","52.67","16.74"
"10","002","00","008","0823","0327","872","289","583","37","909","1726","0","52.67","16.74"
"10","002","00","008","0824","0000","333","107","226","18","351","782","0","44.88","13.68"
"10","002","00","008","0824","0328","333","107","226","18","351","782","0","44.88","13.68"
"10","002","00","009","0000","0000","17466","5805","11661","1252","18718","34892","39577","53.65","16.64"
"10","002","00","009","0901","0000","964","325","639","77","1041","2020","0","51.53","16.09"
"10","002","00","009","0901","0329","493","158","335","50","543","1076","0","50.46","14.68"
"10","002","00","009","0901","0330","471","167","304","27","498","944","0","52.75","17.69"
"10","002","00","009","0902","0000","952","319","633","53","1005","1773","0","56.68","17.99"
"10","002","00","009","0902","0331","460","144","316","20","480","836","0","57.42","17.22"
"10","002","00","009","0902","0332","492","175","317","33","525","937","0","56.03","18.68"
"10","002","00","009","0903","0000","1246","428","818","98","1344","2525","0","53.23","16.95"
"10","002","00","009","0903","0333","624","207","417","35","659","1255","0","52.51","16.49"
"10","002","00","009","0903","0334","622","221","401","63","685","1270","0","53.94","17.4"
"10","002","00","009","0904","0000","765","242","523","58","823","1603","0","51.34","15.1"
"10","002","00","009","0904","0335","380","106","274","25","405","801","0","50.56","13.23"
"10","002","00","009","0904","0336","385","136","249","33","418","802","0","52.12","16.96"
"10","002","00","009","0905","0000","616","205","411","34","650","1306","0","49.77","15.7"
"10","002","00","009","0905","0337","616","205","411","34","650","1306","0","49.77","15.7"
"10","002","00","009","0906","0000","1266","443","823","57","1323","2506","0","52.79","17.68"
"10","002","00","009","0906","0338","589","218","371","38","627","1190","0","52.69","18.32"
"10","002","00","009","0906","0339","677","225","452","19","696","1316","0","52.89","17.1"
"10","002","00","009","0907","0000","926","301","625","50","976","1779","0","54.86","16.92"
"10","002","00","009","0907","0340","514","171","343","23","537","965","0","55.65","17.72"
"10","002","00","009","0907","0341","412","130","282","27","439","814","0","53.93","15.97"
"10","002","00","009","0908","0000","1893","611","1282","101","1994","3637","0","54.83","16.8"
"10","002","00","009","0908","0342","621","191","430","34","655","1254","0","52.23","15.23"
"10","002","00","009","0908","0343","566","170","396","40","606","1060","0","57.17","16.04"
"10","002","00","009","0908","0344","706","250","456","27","733","1323","0","55.4","18.9"
"10","002","00","009","0909","0000","1895","609","1286","140","2035","3591","0","56.67","16.96"
"10","002","00","009","0909","0348","509","162","347","27","536","924","0","58.01","17.53"
"10","002","00","009","0909","0349","518","168","350","45","563","933","0","60.34","18.01"
"10","002","00","009","0909","0350","498","152","346","30","528","986","0","53.55","15.42"
"10","002","00","009","0909","0351","370","127","243","38","408","748","0","54.55","16.98"
"10","002","00","009","0910","0000","1655","536","1119","110","1765","3233","0","54.59","16.58"
"10","002","00","009","0910","0345","587","182","405","52","639","1120","0","57.05","16.25"
"10","002","00","009","0910","0346","462","146","316","20","482","893","0","53.98","16.35"
"10","002","00","009","0910","0347","606","208","398","38","644","1220","0","52.79","17.05"
"10","002","00","009","0911","0000","775","286","489","62","837","1550","0","54.0","18.45"
"10","002","00","009","0911","0352","775","286","489","62","837","1550","0","54.0","18.45"
"10","002","00","009","0912","0000","741","233","508","64","805","1435","0","56.1","16.24"
"10","002","00","009","0912","0353","338","91","247","27","365","629","0","58.03","14.47"
"10","002","00","009","0912","0354","403","142","261","37","440","806","0","54.59","17.62"
"10","002","00","009","0913","0000","979","335","644","89","1068","2022","0","52.82","16.57"
"10","002","00","009","0913","0355","449","185","264","52","501","956","0","52.41","19.35"
"10","002","00","009","0913","0356","530","150","380","37","567","1066","0","53.19","14.07"
"10","002","00","009","0914","0000","1464","466","998","111","1575","3079","0","51.15","15.13"
"10","002","00","009","0914","0357","692","234","458","58","750","1513","0","49.57","15.47"
"10","002","00","009","0914","0358","772","232","540","53","825","1566","0","52.68","14.81"
"10","002","00","009","0915","0000","1329","466","863","148","1477","2833","0","52.14","16.45"
"10","002","00","009","0915","0359","442","162","280","54","496","894","0","55.48","18.12"
"10","002","00","009","0915","0360","532","198","334","50","582","1235","0","47.13","16.03"
"10","002","00","009","0915","0361","355","106","249","44","399","704","0","56.68","15.06"
"10","002","00","010","0000","0000","9140","2905","6235","848","9988","19051","21391","52.43","15.25"
"10","002","00","010","1001","0000","100","28","72","17","117","215","0","54.42","13.02"
"10","002","00","010","1001","0362","100","28","72","17","117","215","0","54.42","13.02"
"10","002","00","010","1002","0000","211","74","137","29","240","523","0","45.89","14.15"
"10","002","00","010","1002","0363","211","74","137","29","240","523","0","45.89","14.15"
"10","002","00","010","1003","0000","347","134","213","43","390","745","0","52.35","17.99"
"10","002","00","010","1003","0364","347","134","213","43","390","745","0","52.35","17.99"
"10","002","00","010","1004","0000","291","87","204","35","326","583","0","55.92","14.92"
"10","002","00","010","1004","0368","291","87","204","35","326","583","0","55.92","14.92"
"10","002","00","010","1005","0000","209","49","160","26","235","436","0","53.9","11.24"
"10","002","00","010","1005","0369","209","49","160","26","235","436","0","53.9","11.24"
"10","002","00","010","1006","0000","577","179","398","60","637","1224","0","52.04","14.62"
"10","002","00","010","1006","0370","577","179","398","60","637","1224","0","52.04","14.62"
"10","002","00","010","1007","0000","495","190","305","61","556","1151","0","48.31","16.51"
"10","002","00","010","1007","0371","495","190","305","61","556","1151","0","48.31","16.51"
"10","002","00","010","1008","0000","452","135","317","30","482","870","0","55.4","15.52"
"10","002","00","010","1008","0372","452","135","317","30","482","870","0","55.4","15.52"
"10","002","00","010","1009","0000","496","140","356","38","534","1284","0","41.59","10.9"
"10","002","00","010","1009","0373","496","140","356","38","534","1284","0","41.59","10.9"
"10","002","00","010","1010","0000","2108","628","1480","145","2253","4286","0","52.57","14.65"
"10","002","00","010","1010","0375","728","213","515","51","779","1439","0","54.13","14.8"
"10","002","00","010","1010","0376","681","226","455","55","736","1445","0","50.93","15.64"
"10","002","00","010","1010","0377","699","189","510","39","738","1402","0","52.64","13.48"
"10","002","00","010","1011","0000","487","157","330","44","531","897","0","59.2","17.5"
"10","002","00","010","1011","0374","487","157","330","44","531","897","0","59.2","17.5"
"10","002","00","010","1012","0000","290","85","205","27","317","617","0","51.38","13.78"
"10","002","00","010","1012","0365","290","85","205","27","317","617","0","51.38","13.78"
"10","002","00","010","1013","0000","235","70","165","30","265","497","0","53.32","14.08"
"10","002","00","010","1013","0366","235","70","165","30","265","497","0","53.32","14.08"
"10","002","00","010","1014","0000","360","116","244","51","411","735","0","55.92","15.78"
"10","002","00","010","1014","0367","360","116","244","51","411","735","0","55.92","15.78"
"10","002","00","010","1015","0000","609","225","384","39","648","1230","0","52.68","18.29"
"10","002","00","010","1015","0378","609","225","384","39","648","1230","0","52.68","18.29"
"10","002","00","010","1016","0000","386","101","285","46","432","774","0","55.81","13.05"
"10","002","00","010","1016","0379","386","101","285","46","432","774","0","55.81","13.05"
"10","002","00","010","1017","0000","813","282","531","61","874","1563","0","55.92","18.04"
"10","002","00","010","1017","0380","441","145","296","39","480","827","0","58.04","17.53"
"10","002","00","010","1017","0381","372","137","235","22","394","736","0","53.53","18.61"
"10","002","00","010","1018","0000","674","225","449","66","740","1421","0","52.08","15.83"
"10","002","00","010","1018","0382","674","225","449","66","740","1421","0","52.08","15.83"
"10","002","00","011","0000","0000","2697","556","2141","192","2889","4935","6247","58.54","11.27"
"10","002","00","011","1101","0000","400","108","292","43","443","893","0","49.61","12.09"
"10","002","00","011","1101","0383","400","108","292","43","443","893","0","49.61","12.09"
"10","002","00","011","1102","0000","427","82","345","34","461","632","0","72.94","12.97"
"10","002","00","011","1102","0384","427","82","345","34","461","632","0","72.94","12.97"
"10","002","00","011","1103","0000","419","89","330","17","436","684","0","63.74","13.01"
"10","002","00","011","1103","0385","419","89","330","17","436","684","0","63.74","13.01"
"10","002","00","011","1104","0000","155","43","112","20","175","264","0","66.29","16.29"
"10","002","00","011","1104","0386","155","43","112","20","175","264","0","66.29","16.29"
"10","002","00","011","1105","0000","170","29","141","6","176","337","0","52.23","8.61"
"10","002","00","011","1105","0387","170","29","141","6","176","337","0","52.23","8.61"
"10","002","00","011","1106","0000","232","35","197","8","240","404","0","59.41","8.66"
"10","002","00","011","1106","0388","232","35","197","8","240","404","0","59.41","8.66"
"10","002","00","011","1107","0000","25","4","21","2","27","55","0","49.09","7.27"
"10","002","00","011","1107","0389","25","4","21","2","27","55","0","49.09","7.27"
"10","002","00","011","1108","0000","320","79","241","12","332","787","0","42.19","10.04"
"10","002","00","011","1108","0391","320","79","241","12","332","787","0","42.19","10.04"
"10","002","00","011","1109","0000","410","63","347","35","445","680","0","65.44","9.26"
"10","002","00","011","1109","0392","410","63","347","35","445","680","0","65.44","9.26"
"10","002","00","011","1110","0000","139","24","115","15","154","199","0","77.39","12.06"
"10","002","00","011","1110","0390","139","24","115","15","154","199","0","77.39","12.06"
"10","002","00","012","0000","0000","2637","486","2151","175","2812","4644","6024","60.55","10.47"
"10","002","00","012","1201","0000","606","125","481","20","626","1210","0","51.74","10.33"
"10","002","00","012","1201","0394","606","125","481","20","626","1210","0","51.74","10.33"
"10","002","00","012","1202","0000","586","72","514","61","647","962","0","67.26","7.48"
"10","002","00","012","1202","0395","586","72","514","61","647","962","0","67.26","7.48"
"10","002","00","012","1203","0000","239","65","174","8","247","444","0","55.63","14.64"
"10","002","00","012","1203","0393","239","65","174","8","247","444","0","55.63","14.64"
"10","002","00","012","1204","0000","188","36","152","6","194","411","0","47.2","8.76"
"10","002","00","012","1204","0396","188","36","152","6","194","411","0","47.2","8.76"
"10","002","00","012","1205","0000","288","56","232","21","309","447","0","69.13","12.53"
"10","002","00","012","1205","0397","288","56","232","21","309","447","0","69.13","12.53"
"10","002","00","012","1206","0000","343","64","279","29","372","475","0","78.32","13.47"
"10","002","00","012","1206","0398","343","64","279","29","372","475","0","78.32","13.47"
"10","002","00","012","1207","0000","387","68","319","30","417","695","0","60.0","9.78"
"10","002","00","012","1207","0399","387","68","319","30","417","695","0","60.0","9.78"
"10","015","00","000","0000","0000","136246","36102","100144","10129","146375","278059","328331","52.64","12.98"
"10","015","00","001","0000","0000","43453","12198","31255","2228","45681","84807","103798","53.86","14.38"
"10","015","00","001","0101","0000","725","216","509","20","745","1512","0","49.27","14.29"
"10","015","00","001","0101","0019","725","216","509","20","745","1512","0","49.27","14.29"
"10","015","00","001","0102","0000","1044","300","744","81","1125","1996","0","56.36","15.03"
"10","015","00","001","0102","0014","542","152","390","54","596","1071","0","55.65","14.19"
"10","015","00","001","0102","0015","502","148","354","27","529","925","0","57.19","16.0"
"10","015","00","001","0103","0000","237","64","173","10","247","442","0","55.88","14.48"
"10","015","00","001","0103","0023","237","64","173","10","247","442","0","55.88","14.48"
"10","015","00","001","0104","0000","284","77","207","26","310","566","0","54.77","13.6"
"10","015","00","001","0104","0029","284","77","207","26","310","566","0","54.77","13.6"
"10","015","00","001","0105","0000","301","95","206","23","324","565","0","57.35","16.81"
"10","015","00","001","0105","0031","301","95","206","23","324","565","0","57.35","16.81"
"10","015","00","001","0106","0000","1536","403","1133","98","1634","2983","0","54.78","13.51"
"10","015","00","001","0106","0033","456","124","332","24","480","911","0","52.69","13.61"
"10","015","00","001","0106","0034","498","114","384","41","539","1029","0","52.38","11.08"
"10","015","00","001","0106","0035","582","165","417","33","615","1043","0","58.96","15.82"
"10","015","00","001","0107","0000","761","227","534","40","801","1840","0","43.53","12.34"
"10","015","00","001","0107","0052","474","145","329","25","499","1339","0","37.27","10.83"
"10","015","00","001","0107","0053","287","82","205","15","302","501","0","60.28","16.37"
"10","015","00","001","0108","0000","1780","445","1335","115","1895","3241","0","58.47","13.73"
"10","015","00","001","0108","0049","602","165","437","42","644","1022","0","63.01","16.14"
"10","015","00","001","0108","0050","595","151","444","46","641","1135","0","56.48","13.3"
"10","015","00","001","0108","0051","583","129","454","27","610","1084","0","56.27","11.9"
"10","015","00","001","0109","0000","845","264","581","23","868","1522","0","57.03","17.35"
"10","015","00","001","0109","0001","845","264","581","23","868","1522","0","57.03","17.35"
"10","015","00","001","0110","0000","911","221","690","67","978","2029","0","48.2","10.89"
"10","015","00","001","0110","0005","217","59","158","22","239","470","0","50.85","12.55"
"10","015","00","001","0110","0006","405","97","308","27","432","838","0","51.55","11.58"
"10","015","00","001","0110","0007","289","65","224","18","307","721","0","42.58","9.02"
"10","015","00","001","0112","0000","253","81","172","8","261","469","0","55.65","17.27"
"10","015","00","001","0112","0030","253","81","172","8","261","469","0","55.65","17.27"
"10","015","00","001","0113","0000","292","80","212","17","309","538","0","57.43","14.87"
"10","015","00","001","0113","0028","292","80","212","17","309","538","0","57.43","14.87"
"10","015","00","001","0114","0000","1912","556","1356","82","1994","3514","0","56.74","15.82"
"10","015","00","001","0114","0038","715","217","498","37","752","1331","0","56.5","16.3"
"10","015","00","001","0114","0039","670","198","472","25","695","1228","0","56.6","16.12"
"10","015","00","001","0114","0040","527","141","386","20","547","955","0","57.28","14.76"
"10","015","00","001","0115","0000","486","134","352","18","504","904","0","55.75","14.82"
"10","015","00","001","0115","0054","486","134","352","18","504","904","0","55.75","14.82"
"10","015","00","001","0116","0000","2535","590","1945","149","2684","5074","0","52.9","11.63"
"10","015","00","001","0116","0069","655","163","492","45","700","1410","0","49.65","11.56"
"10","015","00","001","0116","0070","615","119","496","61","676","1303","0","51.88","9.13"
"10","015","00","001","0116","0071","644","162","482","27","671","1256","0","53.42","12.9"
"10","015","00","001","0116","0072","621","146","475","16","637","1105","0","57.65","13.21"
"10","015","00","001","0117","0000","1968","531","1437","105","2073","3583","0","57.86","14.82"
"10","015","00","001","0117","0016","663","184","479","50","713","1141","0","62.49","16.13"
"10","015","00","001","0117","0017","597","162","435","17","614","1163","0","52.79","13.93"
"10","015","00","001","0117","0018","708","185","523","38","746","1279","0","58.33","14.46"
"10","015","00","001","0118","0000","1701","488","1213","65","1766","3181","0","55.52","15.34"
"10","015","00","001","0118","0002","627","171","456","24","651","1114","0","58.44","15.35"
"10","015","00","001","0118","0003","356","100","256","21","377","670","0","56.27","14.93"
"10","015","00","001","0118","0004","718","217","501","20","738","1397","0","52.83","15.53"
"10","015","00","001","0119","0000","548","163","385","26","574","1114","0","51.53","14.63"
"10","015","00","001","0119","0024","548","163","385","26","574","1114","0","51.53","14.63"
"10","015","00","001","0120","0000","340","94","246","15","355","577","0","61.53","16.29"
"10","015","00","001","0120","0026","340","94","246","15","355","577","0","61.53","16.29"
"10","015","00","001","0121","0000","1003","297","706","30","1033","1835","0","56.29","16.19"
"10","015","00","001","0121","0036","483","138","345","12","495","856","0","57.83","16.12"
"10","015","00","001","0121","0037","520","159","361","18","538","979","0","54.95","16.24"
"10","015","00","001","0122","0000","549","152","397","27","576","1192","0","48.32","12.75"
"10","015","00","001","0122","0056","549","152","397","27","576","1192","0","48.32","12.75"
"10","015","00","001","0123","0000","1330","383","947","61","1391","2766","0","50.29","13.85"
"10","015","00","001","0123","0062","619","181","438","24","643","1311","0","49.05","13.81"
"10","015","00","001","0123","0063","711","202","509","37","748","1455","0","51.41","13.88"
"10","015","00","001","0124","0000","929","277","652","44","973","1715","0","56.73","16.15"
"10","015","00","001","0124","0067","397","117","280","18","415","715","0","58.04","16.36"
"10","015","00","001","0124","0068","532","160","372","26","558","1000","0","55.8","16.0"
"10","015","00","001","0125","0000","491","140","351","41","532","918","0","57.95","15.25"
"10","015","00","001","0125","0008","491","140","351","41","532","918","0","57.95","15.25"
"10","015","00","001","0126","0000","312","99","213","22","334","615","0","54.31","16.1"
"10","015","00","001","0126","0020","312","99","213","22","334","615","0","54.31","16.1"
"10","015","00","001","0127","0000","276","71","205","13","289","559","0","51.7","12.7"
"10","015","00","001","0127","0022","276","71","205","13","289","559","0","51.7","12.7"
"10","015","00","001","0128","0000","467","154","313","28","495","810","0","61.11","19.01"
"10","015","00","001","0128","0027","467","154","313","28","495","810","0","61.11","19.01"
"10","015","00","001","0129","0000","1357","405","952","72","1429","2674","0","53.44","15.15"
"10","015","00","001","0129","0047","602","180","422","54","656","1184","0","55.41","15.2"
"10","015","00","001","0129","0048","755","225","530","18","773","1490","0","51.88","15.1"
"10","015","00","001","0130","0000","290","88","202","14","304","490","0","62.04","17.96"
"10","015","00","001","0130","0055","290","88","202","14","304","490","0","62.04","17.96"
"10","015","00","001","0131","0000","1028","276","752","68","1096","1975","0","55.49","13.97"
"10","015","00","001","0131","0060","512","120","392","32","544","993","0","54.78","12.08"
"10","015","00","001","0131","0061","516","156","360","36","552","982","0","56.21","15.89"
"10","015","00","001","0132","0000","579","187","392","33","612","1068","0","57.3","17.51"
"10","015","00","001","0132","0077","579","187","392","33","612","1068","0","57.3","17.51"
"10","015","00","001","0133","0000","1490","438","1052","66","1556","2942","0","52.89","14.89"
"10","015","00","001","0133","0009","778","247","531","31","809","1539","0","52.57","16.05"
"10","015","00","001","0133","0010","712","191","521","35","747","1403","0","53.24","13.61"
"10","015","00","001","0134","0000","339","113","226","19","358","606","0","59.08","18.65"
"10","015","00","001","0134","0021","339","113","226","19","358","606","0","59.08","18.65"
"10","015","00","001","0135","0000","229","59","170","10","239","416","0","57.45","14.18"
"10","015","00","001","0135","0025","229","59","170","10","239","416","0","57.45","14.18"
"10","015","00","001","0136","0000","384","98","286","25","409","816","0","50.12","12.01"
"10","015","00","001","0136","0032","384","98","286","25","409","816","0","50.12","12.01"
"10","015","00","001","0137","0000","2691","755","1936","130","2821","5217","0","54.07","14.47"
"10","015","00","001","0137","0043","746","205","541","29","775","1369","0","56.61","14.97"
"10","015","00","001","0137","0044","631","189","442","36","667","1435","0","46.48","13.17"
"10","015","00","001","0137","0045","616","173","443","23","639","1164","0","54.9","14.86"
"10","015","00","001","0137","0046","698","188","510","42","740","1249","0","59.25","15.05"
"10","015","00","001","0138","0000","1174","337","837","58","1232","2226","0","55.35","15.14"
"10","015","00","001","0138","0058","647","189","458","29","676","1267","0","53.35","14.92"
"10","015","00","001","0138","0059","527","148","379","29","556","959","0","57.98","15.43"
"10","015","00","001","0139","0000","406","116","290","29","435","869","0","50.06","13.35"
"10","015","00","001","0139","0057","406","116","290","29","435","869","0","50.06","13.35"
"10","015","00","001","0140","0000","651","177","474","28","679","1482","0","45.82","11.94"
"10","015","00","001","0140","0081","651","177","474","28","679","1482","0","45.82","11.94"
"10","015","00","001","0141","0000","2132","587","1545","102","2234","4183","0","53.41","14.03"
"10","015","00","001","0141","0073","536","156","380","21","557","1089","0","51.15","14.33"
"10","015","00","001","0141","0074","497","136","361","31","528","1043","0","50.62","13.04"
"10","015","00","001","0141","0075","601","146","455","18","619","1080","0","57.31","13.52"
"10","015","00","001","0141","0076","498","149","349","32","530","971","0","54.58","15.35"
"10","015","00","001","0142","0000","1228","347","881","57","1285","2498","0","51.44","13.89"
"10","015","00","001","0142","0041","614","181","433","27","641","1268","0","50.55","14.27"
"10","015","00","001","0142","0042","614","166","448","30","644","1230","0","52.36","13.5"
"10","015","00","001","0143","0000","1722","506","1216","72","1794","3727","0","48.14","13.58"
"10","015","00","001","0143","0064","511","130","381","25","536","1151","0","46.57","11.29"
"10","015","00","001","0143","0065","596","161","435","18","614","1237","0","49.64","13.02"
"10","015","00","001","0143","0066","615","215","400","29","644","1339","0","48.1","16.06"
"10","015","00","001","0144","0000","2079","602","1477","86","2165","4064","0","53.27","14.81"
"10","015","00","001","0144","0078","657","180","477","35","692","1379","0","50.18","13.05"
"10","015","00","001","0144","0079","692","195","497","25","717","1362","0","52.64","14.32"
"10","015","00","001","0144","0080","730","227","503","26","756","1323","0","57.14","17.16"
"10","015","00","001","0145","0000","1858","505","1353","105","1963","3494","0","56.18","14.45"
"10","015","00","001","0145","0011","538","143","395","26","564","1068","0","52.81","13.39"
"10","015","00","001","0145","0012","622","172","450","25","647","1167","0","55.44","14.74"
"10","015","00","001","0145","0013","698","190","508","54","752","1259","0","59.73","15.09"
"10","015","00","002","0000","0000","4880","1242","3638","468","5348","9676","10902","55.27","12.84"
"10","015","00","002","0201","0000","682","156","526","51","733","1192","0","61.49","13.09"
"10","015","00","002","0201","0195","682","156","526","51","733","1192","0","61.49","13.09"
"10","015","00","002","0202","0000","307","67","240","18","325","639","0","50.86","10.49"
"10","015","00","002","0202","0196","307","67","240","18","325","639","0","50.86","10.49"
"10","015","00","002","0203","0000","366","96","270","35","401","601","0","66.72","15.97"
"10","015","00","002","0203","0197","366","96","270","35","401","601","0","66.72","15.97"
"10","015","00","002","0204","0000","688","183","505","43","731","1137","0","64.29","16.09"
"10","015","00","002","0204","0198","688","183","505","43","731","1137","0","64.29","16.09"
"10","015","00","002","0205","0000","706","180","526","63","769","1352","0","56.88","13.31"
"10","015","00","002","0205","0199","377","101","276","41","418","742","0","56.33","13.61"
"10","015","00","002","0205","0200","329","79","250","22","351","610","0","57.54","12.95"
"10","015","00","002","0206","0000","214","55","159","45","259","513","0","50.49","10.72"
"10","015","00","002","0206","0201","153","38","115","39","192","295","0","65.08","12.88"
"10","015","00","002","0206","0202","61","17","44","6","67","218","0","30.73","7.8"
"10","015","00","002","0207","0000","558","154","404","46","604","1248","0","48.4","12.34"
"10","015","00","002","0207","0203","297","82","215","17","314","720","0","43.61","11.39"
"10","015","00","002","0207","0204","261","72","189","29","290","528","0","54.92","13.64"
"10","015","00","002","0208","0000","272","83","189","19","291","560","0","51.96","14.82"
"10","015","00","002","0208","0205","272","83","189","19","291","560","0","51.96","14.82"
"10","015","00","002","0209","0000","246","67","179","45","291","541","0","53.79","12.38"
"10","015","00","002","0209","0206","246","67","179","45","291","541","0","53.79","12.38"
"10","015","00","002","0210","0000","413","95","318","51","464","818","0","56.72","11.61"
"10","015","00","002","0210","0207","413","95","318","51","464","818","0","56.72","11.61"
"10","015","00","002","0211","0000","389","93","296","41","430","984","0","43.7","9.45"
"10","015","00","002","0211","0208","389","93","296","41","430","984","0","43.7","9.45"
"10","015","00","002","0212","0000","39","13","26","11","50","91","0","54.95","14.29"
"10","015","00","002","0212","0209","39","13","26","11","50","91","0","54.95","14.29"
"10","015","00","003","0000","0000","8711","2279","6432","1083","9794","20650","24066","47.43","11.04"
"10","015","00","003","0301","0000","2596","665","1931","210","2806","5111","0","54.9","13.01"
"10","015","00","003","0301","0254","514","141","373","35","549","1008","0","54.46","13.99"
"10","015","00","003","0301","0255","520","121","399","38","558","939","0","59.42","12.89"
"10","015","00","003","0301","0256","599","152","447","59","658","1256","0","52.39","12.1"
"10","015","00","003","0301","0257","469","122","347","37","506","929","0","54.47","13.13"
"10","015","00","003","0301","0258","494","129","365","41","535","979","0","54.65","13.18"
"10","015","00","003","0302","0000","706","190","516","92","798","1619","0","49.29","11.74"
"10","015","00","003","0302","0260","375","97","278","43","418","847","0","49.35","11.45"
"10","015","00","003","0302","0261","331","93","238","49","380","772","0","49.22","12.05"
"10","015","00","003","0303","0000","528","113","415","68","596","1286","0","46.35","8.79"
"10","015","00","003","0303","0264","528","113","415","68","596","1286","0","46.35","8.79"
"10","015","00","003","0304","0000","496","117","379","43","539","1358","0","39.69","8.62"
"10","015","00","003","0304","0262","260","68","192","19","279","558","0","50.0","12.19"
"10","015","00","003","0304","0263","236","49","187","24","260","800","0","32.5","6.13"
"10","015","00","003","0305","0000","692","193","499","36","728","1244","0","58.52","15.51"
"10","015","00","003","0305","0259","692","193","499","36","728","1244","0","58.52","15.51"
"10","015","00","003","0306","0000","527","152","375","71","598","1246","0","47.99","12.2"
"10","015","00","003","0306","0265","527","152","375","71","598","1246","0","47.99","12.2"
"10","015","00","003","0307","0000","292","80","212","56","348","647","0","53.79","12.36"
"10","015","00","003","0307","0266","292","80","212","56","348","647","0","53.79","12.36"
"10","015","00","003","0308","0000","223","53","170","20","243","990","0","24.55","5.35"
"10","015","00","003","0308","0267","223","53","170","20","243","990","0","24.55","5.35"
"10","015","00","003","0309","0000","203","57","146","59","262","530","0","49.43","10.75"
"10","015","00","003","0309","0268","203","57","146","59","262","530","0","49.43","10.75"
"10","015","00","003","0310","0000","579","135","444","115","694","1536","0","45.18","8.79"
"10","015","00","003","0310","0269","335","77","258","39","374","979","0","38.2","7.87"
"10","015","00","003","0310","0270","244","58","186","76","320","557","0","57.45","10.41"
"10","015","00","003","0311","0000","468","130","338","90","558","1499","0","37.22","8.67"
"10","015","00","003","0311","0271","157","36","121","20","177","434","0","40.78","8.29"
"10","015","00","003","0311","0272","311","94","217","70","381","1065","0","35.77","8.83"
"10","015","00","003","0312","0000","377","91","286","94","471","866","0","54.39","10.51"
"10","015","00","003","0312","0273","377","91","286","94","471","866","0","54.39","10.51"
"10","015","00","003","0313","0000","283","72","211","52","335","769","0","43.56","9.36"
"10","015","00","003","0313","0274","283","72","211","52","335","769","0","43.56","9.36"
"10","015","00","003","0314","0000","336","109","227","36","372","869","0","42.81","12.54"
"10","015","00","003","0314","0275","336","109","227","36","372","869","0","42.81","12.54"
"10","015","00","003","0315","0000","405","122","283","41","446","1080","0","41.3","11.3"
"10","015","00","003","0315","0276","405","122","283","41","446","1080","0","41.3","11.3"
"10","015","00","004","0000","0000","8629","2336","6293","617","9246","17029","20112","54.3","13.72"
"10","015","00","004","0401","0000","648","180","468","32","680","1296","0","52.47","13.89"
"10","015","00","004","0401","0082","195","61","134","16","211","367","0","57.49","16.62"
"10","015","00","004","0401","0083","453","119","334","16","469","929","0","50.48","12.81"
"10","015","00","004","0402","0000","457","143","314","71","528","897","0","58.86","15.94"
"10","015","00","004","0402","0084","305","96","209","50","355","590","0","60.17","16.27"
"10","015","00","004","0402","0085","152","47","105","21","173","307","0","56.35","15.31"
"10","015","00","004","0403","0000","1225","315","910","104","1329","2428","0","54.74","12.97"
"10","015","00","004","0403","0086","143","30","113","17","160","260","0","61.54","11.54"
"10","015","00","004","0403","0087","657","202","455","62","719","1283","0","56.04","15.74"
"10","015","00","004","0403","0088","425","83","342","25","450","885","0","50.85","9.38"
"10","015","00","004","0404","0000","1981","539","1442","118","2099","3962","0","52.98","13.6"
"10","015","00","004","0404","0092","545","149","396","49","594","1163","0","51.07","12.81"
"10","015","00","004","0404","0093","817","224","593","31","848","1605","0","52.83","13.96"
"10","015","00","004","0404","0094","619","166","453","38","657","1194","0","55.03","13.9"
"10","015","00","004","0405","0000","516","139","377","36","552","979","0","56.38","14.2"
"10","015","00","004","0405","0095","516","139","377","36","552","979","0","56.38","14.2"
"10","015","00","004","0406","0000","1925","531","1394","95","2020","3719","0","54.32","14.28"
"10","015","00","004","0406","0096","785","207","578","44","829","1485","0","55.82","13.94"
"10","015","00","004","0406","0097","528","145","383","30","558","1070","0","52.15","13.55"
"10","015","00","004","0406","0098","612","179","433","21","633","1164","0","54.38","15.38"
"10","015","00","004","0407","0000","598","166","432","56","654","1249","0","52.36","13.29"
"10","015","00","004","0407","0099","421","113","308","47","468","880","0","53.18","12.84"
"10","015","00","004","0407","0100","177","53","124","9","186","369","0","50.41","14.36"
"10","015","00","004","0408","0000","1279","323","956","105","1384","2499","0","55.38","12.93"
"10","015","00","004","0408","0089","412","98","314","34","446","770","0","57.92","12.73"
"10","015","00","004","0408","0090","688","170","518","53","741","1363","0","54.37","12.47"
"10","015","00","004","0408","0091","179","55","124","18","197","366","0","53.83","15.03"
"10","015","00","005","0000","0000","36055","9393","26662","2081","38136","72116","83262","52.88","13.02"
"10","015","00","005","0501","0000","3752","1003","2749","149","3901","7071","0","55.17","14.18"
"10","015","00","005","0501","0147","585","170","415","25","610","1135","0","53.74","14.98"
"10","015","00","005","0501","0148","666","165","501","29","695","1223","0","56.83","13.49"
"10","015","00","005","0501","0149","675","156","519","29","704","1274","0","55.26","12.24"
"10","015","00","005","0501","0150","567","145","422","27","594","1124","0","52.85","12.9"
"10","015","00","005","0501","0151","626","190","436","25","651","1158","0","56.22","16.41"
"10","015","00","005","0501","0152","633","177","456","14","647","1157","0","55.92","15.3"
"10","015","00","005","0502","0000","2561","685","1876","107","2668","4926","0","54.16","13.91"
"10","015","00","005","0502","0153","662","175","487","31","693","1258","0","55.09","13.91"
"10","015","00","005","0502","0154","636","166","470","36","672","1257","0","53.46","13.21"
"10","015","00","005","0502","0155","627","166","461","26","653","1245","0","52.45","13.33"
"10","015","00","005","0502","0156","636","178","458","14","650","1166","0","55.75","15.27"
"10","015","00","005","0503","0000","1723","487","1236","110","1833","3739","0","49.02","13.02"
"10","015","00","005","0503","0119","549","165","384","29","578","1107","0","52.21","14.91"
"10","015","00","005","0503","0120","560","155","405","30","590","1179","0","50.04","13.15"
"10","015","00","005","0503","0121","614","167","447","51","665","1453","0","45.77","11.49"
"10","015","00","005","0504","0000","2124","593","1531","119","2243","4178","0","53.69","14.19"
"10","015","00","005","0504","0115","528","150","378","33","561","1059","0","52.97","14.16"
"10","015","00","005","0504","0116","519","147","372","28","547","983","0","55.65","14.95"
"10","015","00","005","0504","0117","537","138","399","27","564","1031","0","54.7","13.39"
"10","015","00","005","0504","0118","540","158","382","31","571","1105","0","51.67","14.3"
"10","015","00","005","0505","0000","3573","962","2611","173","3746","6870","0","54.53","14.0"
"10","015","00","005","0505","0122","801","229","572","39","840","1432","0","58.66","15.99"
"10","015","00","005","0505","0123","706","190","516","21","727","1320","0","55.08","14.39"
"10","015","00","005","0505","0124","682","189","493","21","703","1356","0","51.84","13.94"
"10","015","00","005","0505","0125","647","164","483","31","678","1295","0","52.36","12.66"
"10","015","00","005","0505","0126","737","190","547","61","798","1467","0","54.4","12.95"
"10","015","00","005","0506","0000","2658","728","1930","115","2773","5242","0","52.9","13.89"
"10","015","00","005","0506","0127","764","195","569","28","792","1515","0","52.28","12.87"
"10","015","00","005","0506","0128","587","159","428","44","631","1063","0","59.36","14.96"
"10","015","00","005","0506","0129","558","165","393","19","577","1284","0","44.94","12.85"
"10","015","00","005","0506","0130","749","209","540","24","773","1380","0","56.01","15.14"
"10","015","00","005","0507","0000","1483","438","1045","114","1597","2959","0","53.97","14.8"
"10","015","00","005","0507","0131","692","191","501","49","741","1297","0","57.13","14.73"
"10","015","00","005","0507","0132","791","247","544","65","856","1662","0","51.5","14.86"
"10","015","00","005","0508","0000","689","163","526","65","754","1563","0","48.24","10.43"
"10","015","00","005","0508","0133","689","163","526","65","754","1563","0","48.24","10.43"
"10","015","00","005","0509","0000","574","128","446","49","623","1288","0","48.37","9.94"
"10","015","00","005","0509","0134","574","128","446","49","623","1288","0","48.37","9.94"
"10","015","00","005","0510","0000","1414","367","1047","100","1514","2845","0","53.22","12.9"
"10","015","00","005","0510","0135","487","133","354","28","515","907","0","56.78","14.66"
"10","015","00","005","0510","0136","435","102","333","38","473","917","0","51.58","11.12"
"10","015","00","005","0510","0137","492","132","360","34","526","1021","0","51.52","12.93"
"10","015","00","005","0511","0000","1668","448","1220","122","1790","3187","0","56.17","14.06"
"10","015","00","005","0511","0138","583","160","423","31","614","1033","0","59.44","15.49"
"10","015","00","005","0511","0139","509","135","374","43","552","966","0","57.14","13.98"
"10","015","00","005","0511","0140","576","153","423","48","624","1188","0","52.53","12.88"
"10","015","00","005","0512","0000","1963","479","1484","98","2061","4066","0","50.69","11.78"
"10","015","00","005","0512","0141","743","180","563","30","773","1480","0","52.23","12.16"
"10","015","00","005","0512","0142","638","149","489","36","674","1393","0","48.38","10.7"
"10","015","00","005","0512","0143","582","150","432","32","614","1193","0","51.47","12.57"
"10","015","00","005","0513","0000","1961","508","1453","153","2114","3961","0","53.37","12.83"
"10","015","00","005","0513","0144","677","179","498","25","702","1445","0","48.58","12.39"
"10","015","00","005","0513","0145","649","158","491","73","722","1301","0","55.5","12.14"
"10","015","00","005","0513","0146","635","171","464","55","690","1215","0","56.79","14.07"
"10","015","00","005","0514","0000","3083","757","2326","178","3261","6041","0","53.98","12.53"
"10","015","00","005","0514","0157","660","162","498","54","714","1358","0","52.58","11.93"
"10","015","00","005","0514","0158","596","127","469","33","629","1214","0","51.81","10.46"
"10","015","00","005","0514","0159","585","147","438","35","620","1151","0","53.87","12.77"
"10","015","00","005","0514","0160","617","153","464","26","643","1157","0","55.57","13.22"
"10","015","00","005","0514","0161","625","168","457","30","655","1161","0","56.42","14.47"
"10","015","00","005","0515","0000","2623","668","1955","164","2787","5491","0","50.76","12.17"
"10","015","00","005","0515","0162","694","177","517","43","737","1304","0","56.52","13.57"
"10","015","00","005","0515","0163","672","188","484","45","717","1367","0","52.45","13.75"
"10","015","00","005","0515","0164","629","157","472","37","666","1411","0","47.2","11.13"
"10","015","00","005","0515","0165","628","146","482","39","667","1409","0","47.34","10.36"
"10","015","00","005","0516","0000","1120","273","847","90","1210","2338","0","51.75","11.68"
"10","015","00","005","0516","0166","508","129","379","31","539","1125","0","47.91","11.47"
"10","015","00","005","0516","0167","612","144","468","59","671","1213","0","55.32","11.87"
"10","015","00","005","0517","0000","2076","497","1579","129","2205","4415","0","49.94","11.26"
"10","015","00","005","0517","0168","595","142","453","31","626","1141","0","54.86","12.45"
"10","015","00","005","0517","0169","518","117","401","25","543","1156","0","46.97","10.12"
"10","015","00","005","0517","0170","535","130","405","33","568","1092","0","52.01","11.9"
"10","015","00","005","0517","0171","428","108","320","40","468","1026","0","45.61","10.53"
"10","015","00","005","0518","0000","1010","209","801","46","1056","1936","0","54.55","10.8"
"10","015","00","005","0518","0172","415","81","334","14","429","804","0","53.36","10.07"
"10","015","00","005","0518","0173","595","128","467","32","627","1132","0","55.39","11.31"
"10","015","00","006","0000","0000","8046","2161","5885","758","8804","15847","18006","55.56","13.64"
"10","015","00","006","0601","0000","185","47","138","33","218","357","0","61.06","13.17"
"10","015","00","006","0601","0175","185","47","138","33","218","357","0","61.06","13.17"
"10","015","00","006","0602","0000","470","120","350","46","516","1052","0","49.05","11.41"
"10","015","00","006","0602","0174","470","120","350","46","516","1052","0","49.05","11.41"
"10","015","00","006","0603","0000","970","249","721","93","1063","1897","0","56.04","13.13"
"10","015","00","006","0603","0176","463","115","348","52","515","1022","0","50.39","11.25"
"10","015","00","006","0603","0177","507","134","373","41","548","875","0","62.63","15.31"
"10","015","00","006","0604","0000","713","196","517","56","769","1399","0","54.97","14.01"
"10","015","00","006","0604","0178","392","115","277","32","424","691","0","61.36","16.64"
"10","015","00","006","0604","0179","321","81","240","24","345","708","0","48.73","11.44"
"10","015","00","006","0605","0000","425","129","296","49","474","894","0","53.02","14.43"
"10","015","00","006","0605","0180","425","129","296","49","474","894","0","53.02","14.43"
"10","015","00","006","0606","0000","407","113","294","30","437","695","0","62.88","16.26"
"10","015","00","006","0606","0183","407","113","294","30","437","695","0","62.88","16.26"
"10","015","00","006","0607","0000","813","210","603","66","879","1627","0","54.03","12.91"
"10","015","00","006","0607","0181","384","109","275","26","410","746","0","54.96","14.61"
"10","015","00","006","0607","0182","429","101","328","40","469","881","0","53.23","11.46"
"10","015","00","006","0608","0000","457","112","345","64","521","816","0","63.85","13.73"
"10","015","00","006","0608","0184","457","112","345","64","521","816","0","63.85","13.73"
"10","015","00","006","0609","0000","355","100","255","40","395","773","0","51.1","12.94"
"10","015","00","006","0609","0185","355","100","255","40","395","773","0","51.1","12.94"
"10","015","00","006","0610","0000","782","201","581","64","846","1436","0","58.91","14.0"
"10","015","00","006","0610","0186","548","153","395","40","588","1029","0","57.14","14.87"
"10","015","00","006","0610","0187","234","48","186","24","258","407","0","63.39","11.79"
"10","015","00","006","0611","0000","1333","417","916","82","1415","2549","0","55.51","16.36"
"10","015","00","006","0611","0188","614","160","454","39","653","1139","0","57.33","14.05"
"10","015","00","006","0611","0189","542","205","337","32","574","996","0","57.63","20.58"
"10","015","00","006","0611","0190","177","52","125","11","188","414","0","45.41","12.56"
"10","015","00","006","0612","0000","144","29","115","13","157","270","0","58.15","10.74"
"10","015","00","006","0612","0191","144","29","115","13","157","270","0","58.15","10.74"
"10","015","00","006","0613","0000","439","97","342","50","489","836","0","58.49","11.6"
"10","015","00","006","0613","0192","439","97","342","50","489","836","0","58.49","11.6"
"10","015","00","006","0614","0000","269","65","204","47","316","739","0","42.76","8.8"
"10","015","00","006","0614","0194","269","65","204","47","316","739","0","42.76","8.8"
"10","015","00","006","0615","0000","284","76","208","25","309","507","0","60.95","14.99"
"10","015","00","006","0615","0193","284","76","208","25","309","507","0","60.95","14.99"
"10","015","00","007","0000","0000","5212","1246","3966","669","5881","11417","12847","51.51","10.91"
"10","015","00","007","0701","0000","460","119","341","41","501","859","0","58.32","13.85"
"10","015","00","007","0701","0211","460","119","341","41","501","859","0","58.32","13.85"
"10","015","00","007","0702","0000","657","162","495","75","732","1295","0","56.53","12.51"
"10","015","00","007","0702","0210","657","162","495","75","732","1295","0","56.53","12.51"
"10","015","00","007","0703","0000","468","102","366","102","570","958","0","59.5","10.65"
"10","015","00","007","0703","0212","468","102","366","102","570","958","0","59.5","10.65"
"10","015","00","007","0704","0000","500","106","394","88","588","1011","0","58.16","10.48"
"10","015","00","007","0704","0213","500","106","394","88","588","1011","0","58.16","10.48"
"10","015","00","007","0705","0000","534","121","413","69","603","1041","0","57.93","11.62"
"10","015","00","007","0705","0214","534","121","413","69","603","1041","0","57.93","11.62"
"10","015","00","007","0706","0000","253","62","191","17","270","471","0","57.32","13.16"
"10","015","00","007","0706","0221","253","62","191","17","270","471","0","57.32","13.16"
"10","015","00","007","0707","0000","361","99","262","39","400","756","0","52.91","13.1"
"10","015","00","007","0707","0222","319","91","228","36","355","640","0","55.47","14.22"
"10","015","00","007","0707","0223","42","8","34","3","45","116","0","38.79","6.9"
"10","015","00","007","0708","0000","158","40","118","7","165","496","0","33.27","8.06"
"10","015","00","007","0708","0224","158","40","118","7","165","496","0","33.27","8.06"
"10","015","00","007","0709","0000","138","38","100","8","146","324","0","45.06","11.73"
"10","015","00","007","0709","0225","138","38","100","8","146","324","0","45.06","11.73"
"10","015","00","007","0710","0000","157","28","129","24","181","454","0","39.87","6.17"
"10","015","00","007","0710","0226","157","28","129","24","181","454","0","39.87","6.17"
"10","015","00","007","0711","0000","410","97","313","84","494","1009","0","48.96","9.61"
"10","015","00","007","0711","0215","369","89","280","81","450","821","0","54.81","10.84"
"10","015","00","007","0711","0216","41","8","33","3","44","188","0","23.4","4.26"
"10","015","00","007","0712","0000","413","96","317","43","456","960","0","47.5","10.0"
"10","015","00","007","0712","0217","245","55","190","36","281","514","0","54.67","10.7"
"10","015","00","007","0712","0218","168","41","127","7","175","446","0","39.24","9.19"
"10","015","00","007","0713","0000","379","78","301","52","431","851","0","50.65","9.17"
"10","015","00","007","0713","0219","379","78","301","52","431","851","0","50.65","9.17"
"10","015","00","007","0714","0000","324","98","226","20","344","932","0","36.91","10.52"
"10","015","00","007","0714","0220","324","98","226","20","344","932","0","36.91","10.52"
"10","015","00","008","0000","0000","1733","485","1248","273","2006","4395","4811","45.64","11.04"
"10","015","00","008","0801","0000","712","188","524","81","793","1779","0","44.58","10.57"
"10","015","00","008","0801","0229","243","65","178","49","292","613","0","47.63","10.6"
"10","015","00","008","0801","0230","383","100","283","30","413","809","0","51.05","12.36"
"10","015","00","008","0801","0231","86","23","63","2","88","357","0","24.65","6.44"
"10","015","00","008","0802","0000","277","77","200","64","341","669","0","50.97","11.51"
"10","015","00","008","0802","0232","277","77","200","64","341","669","0","50.97","11.51"
"10","015","00","008","0803","0000","205","63","142","11","216","479","0","45.09","13.15"
"10","015","00","008","0803","0233","205","63","142","11","216","479","0","45.09","13.15"
"10","015","00","008","0804","0000","265","89","176","47","312","751","0","41.54","11.85"
"10","015","00","008","0804","0228","265","89","176","47","312","751","0","41.54","11.85"
"10","015","00","008","0805","0000","274","68","206","70","344","717","0","47.98","9.48"
"10","015","00","008","0805","0227","274","68","206","70","344","717","0","47.98","9.48"
"10","015","00","009","0000","0000","4561","1029","3532","516","5077","10279","11716","49.39","10.01"
"10","015","00","009","0901","0000","998","219","779","86","1084","1904","0","56.93","11.5"
"10","015","00","009","0901","0241","443","98","345","32","475","813","0","58.43","12.05"
"10","015","00","009","0901","0242","555","121","434","54","609","1091","0","55.82","11.09"
"10","015","00","009","0902","0000","935","196","739","99","1034","1814","0","57.0","10.8"
"10","015","00","009","0902","0243","442","99","343","35","477","839","0","56.85","11.8"
"10","015","00","009","0902","0244","493","97","396","64","557","975","0","57.13","9.95"
"10","015","00","009","0903","0000","238","54","184","22","260","546","0","47.62","9.89"
"10","015","00","009","0903","0245","238","54","184","22","260","546","0","47.62","9.89"
"10","015","00","009","0904","0000","504","139","365","68","572","1002","0","57.09","13.87"
"10","015","00","009","0904","0246","504","139","365","68","572","1002","0","57.09","13.87"
"10","015","00","009","0905","0000","252","65","187","28","280","593","0","47.22","10.96"
"10","015","00","009","0905","0247","252","65","187","28","280","593","0","47.22","10.96"
"10","015","00","009","0906","0000","456","118","338","76","532","965","0","55.13","12.23"
"10","015","00","009","0906","0248","456","118","338","76","532","965","0","55.13","12.23"
"10","015","00","009","0907","0000","417","94","323","60","477","863","0","55.27","10.89"
"10","015","00","009","0907","0249","417","94","323","60","477","863","0","55.27","10.89"
"10","015","00","009","0908","0000","77","14","63","8","85","340","0","25.0","4.12"
"10","015","00","009","0908","0250","77","14","63","8","85","340","0","25.0","4.12"
"10","015","00","009","0909","0000","313","66","247","41","354","764","0","46.34","8.64"
"10","015","00","009","0909","0251","313","66","247","41","354","764","0","46.34","8.64"
"10","015","00","009","0910","0000","191","33","158","13","204","868","0","23.5","3.8"
"10","015","00","009","0910","0252","191","33","158","13","204","868","0","23.5","3.8"
"10","015","00","009","0911","0000","180","31","149","15","195","620","0","31.45","5.0"
"10","015","00","009","0911","0253","180","31","149","15","195","620","0","31.45","5.0"
"10","015","00","010","0000","0000","3723","913","2810","434","4157","9065","10331","45.86","10.07"
"10","015","00","010","1001","0000","185","39","146","15","200","467","0","42.83","8.35"
"10","015","00","010","1001","0277","185","39","146","15","200","467","0","42.83","8.35"
"10","015","00","010","1002","0000","360","103","257","52","412","1032","0","39.92","9.98"
"10","015","00","010","1002","0278","360","103","257","52","412","1032","0","39.92","9.98"
"10","015","00","010","1003","0000","255","38","217","24","279","638","0","43.73","5.96"
"10","015","00","010","1003","0279","255","38","217","24","279","638","0","43.73","5.96"
"10","015","00","010","1004","0000","260","72","188","61","321","591","0","54.31","12.18"
"10","015","00","010","1004","0280","260","72","188","61","321","591","0","54.31","12.18"
"10","015","00","010","1005","0000","536","120","416","58","594","1087","0","54.65","11.04"
"10","015","00","010","1005","0281","536","120","416","58","594","1087","0","54.65","11.04"
"10","015","00","010","1006","0000","212","63","149","12","224","431","0","51.97","14.62"
"10","015","00","010","1006","0282","212","63","149","12","224","431","0","51.97","14.62"
"10","015","00","010","1007","0000","397","115","282","39","436","893","0","48.82","12.88"
"10","015","00","010","1007","0283","397","115","282","39","436","893","0","48.82","12.88"
"10","015","00","010","1008","0000","133","32","101","16","149","361","0","41.27","8.86"
"10","015","00","010","1008","0284","133","32","101","16","149","361","0","41.27","8.86"
"10","015","00","010","1009","0000","512","129","383","35","547","1362","0","40.16","9.47"
"10","015","00","010","1009","0285","512","129","383","35","547","1362","0","40.16","9.47"
"10","015","00","010","1010","0000","212","45","167","27","239","458","0","52.18","9.83"
"10","015","00","010","1010","0286","212","45","167","27","239","458","0","52.18","9.83"
"10","015","00","010","1011","0000","170","32","138","37","207","621","0","33.33","5.15"
"10","015","00","010","1011","0287","170","32","138","37","207","621","0","33.33","5.15"
"10","015","00","010","1012","0000","220","50","170","24","244","493","0","49.49","10.14"
"10","015","00","010","1012","0288","220","50","170","24","244","493","0","49.49","10.14"
"10","015","00","010","1013","0000","271","75","196","34","305","631","0","48.34","11.89"
"10","015","00","010","1013","0289","271","75","196","34","305","631","0","48.34","11.89"
"10","015","00","011","0000","0000","6004","1602","4402","449","6453","12562","15937","51.37","12.75"
"10","015","00","011","1101","0000","544","135","409","35","579","1373","0","42.17","9.83"
"10","015","00","011","1101","0103","544","135","409","35","579","1373","0","42.17","9.83"
"10","015","00","011","1102","0000","805","188","617","76","881","1806","0","48.78","10.41"
"10","015","00","011","1102","0104","720","173","547","71","791","1644","0","48.11","10.52"
"10","015","00","011","1102","0105","85","15","70","5","90","162","0","55.56","9.26"
"10","015","00","011","1103","0000","783","222","561","67","850","1766","0","48.13","12.57"
"10","015","00","011","1103","0106","172","48","124","23","195","384","0","50.78","12.5"
"10","015","00","011","1103","0107","611","174","437","44","655","1382","0","47.4","12.59"
"10","015","00","011","1104","0000","623","183","440","78","701","1139","0","61.55","16.07"
"10","015","00","011","1104","0111","623","183","440","78","701","1139","0","61.55","16.07"
"10","015","00","011","1105","0000","647","165","482","11","658","1213","0","54.25","13.6"
"10","015","00","011","1105","0112","647","165","482","11","658","1213","0","54.25","13.6"
"10","015","00","011","1106","0000","535","139","396","30","565","1084","0","52.12","12.82"
"10","015","00","011","1106","0113","383","109","274","23","406","754","0","53.85","14.46"
"10","015","00","011","1106","0114","152","30","122","7","159","330","0","48.18","9.09"
"10","015","00","011","1107","0000","807","258","549","55","862","1752","0","49.2","14.73"
"10","015","00","011","1107","0108","514","150","364","38","552","1125","0","49.07","13.33"
"10","015","00","011","1107","0109","293","108","185","17","310","627","0","49.44","17.22"
"10","015","00","011","1108","0000","557","145","412","49","606","987","0","61.4","14.69"
"10","015","00","011","1108","0110","557","145","412","49","606","987","0","61.4","14.69"
"10","015","00","011","1109","0000","703","167","536","48","751","1442","0","52.08","11.58"
"10","015","00","011","1109","0101","429","80","349","22","451","867","0","52.02","9.23"
"10","015","00","011","1109","0102","274","87","187","26","300","575","0","52.17","15.13"
"10","015","00","012","0000","0000","2681","667","2014","262","2943","5269","6439","55.86","12.66"
"10","015","00","012","1201","0000","534","155","379","67","601","1072","0","56.06","14.46"
"10","015","00","012","1201","0234","534","155","379","67","601","1072","0","56.06","14.46"
"10","015","00","012","1202","0000","259","69","190","4","263","560","0","46.96","12.32"
"10","015","00","012","1202","0235","259","69","190","4","263","560","0","46.96","12.32"
"10","015","00","012","1203","0000","446","107","339","28","474","773","0","61.32","13.84"
"10","015","00","012","1203","0236","446","107","339","28","474","773","0","61.32","13.84"
"10","015","00","012","1204","0000","262","70","192","15","277","661","0","41.91","10.59"
"10","015","00","012","1204","0237","262","70","192","15","277","661","0","41.91","10.59"
"10","015","00","012","1205","0000","527","94","433","61","588","1117","0","52.64","8.42"
"10","015","00","012","1205","0238","227","41","186","12","239","442","0","54.07","9.28"
"10","015","00","012","1205","0239","300","53","247","49","349","675","0","51.7","7.85"
"10","015","00","012","1206","0000","653","172","481","87","740","1086","0","68.14","15.84"
"10","015","00","012","1206","0240","653","172","481","87","740","1086","0","68.14","15.84"
"10","015","00","013","0000","0000","2558","551","2007","291","2849","4947","6104","57.59","11.14"
"10","015","00","013","1301","0000","278","58","220","25","303","533","0","56.85","10.88"
"10","015","00","013","1301","0290","278","58","220","25","303","533","0","56.85","10.88"
"10","015","00","013","1302","0000","538","152","386","74","612","1015","0","60.3","14.98"
"10","015","00","013","1302","0291","278","75","203","54","332","522","0","63.6","14.37"
"10","015","00","013","1302","0292","260","77","183","20","280","493","0","56.8","15.62"
"10","015","00","013","1303","0000","401","57","344","40","441","701","0","62.91","8.13"
"10","015","00","013","1303","0293","401","57","344","40","441","701","0","62.91","8.13"
"10","015","00","013","1304","0000","398","85","313","45","443","746","0","59.38","11.39"
"10","015","00","013","1304","0294","398","85","313","45","443","746","0","59.38","11.39"
"10","015","00","013","1305","0000","473","108","365","68","541","1021","0","52.99","10.58"
"10","015","00","013","1305","0295","334","73","261","56","390","616","0","63.31","11.85"
"10","015","00","013","1305","0296","139","35","104","12","151","405","0","37.28","8.64"
"10","015","00","013","1306","0000","470","91","379","39","509","931","0","54.67","9.77"
"10","015","00","013","1306","0297","168","39","129","11","179","329","0","54.41","11.85"
"10","015","00","013","1306","0298","212","37","175","20","232","428","0","54.21","8.64"
"10","015","00","013","1306","0299","90","15","75","8","98","174","0","56.32","8.62"
"10","014","00","000","0000","0000","89050","23365","65685","6940","95990","185996","219268","51.61","12.56"
"10","014","00","001","0000","0000","45407","12117","33290","2640","48047","87803","105587","54.72","13.8"
"10","014","00","001","0101","0000","679","154","525","98","777","1505","0","51.63","10.23"
"10","014","00","001","0101","0052","679","154","525","98","777","1505","0","51.63","10.23"
"10","014","00","001","0102","0000","352","89","263","52","404","836","0","48.33","10.65"
"10","014","00","001","0102","0053","352","89","263","52","404","836","0","48.33","10.65"
"10","014","00","001","0103","0000","1135","258","877","60","1195","2162","0","55.27","11.93"
"10","014","00","001","0103","0056","1135","258","877","60","1195","2162","0","55.27","11.93"
"10","014","00","001","0104","0000","1393","380","1013","78","1471","2688","0","54.72","14.14"
"10","014","00","001","0104","0059","700","186","514","32","732","1359","0","53.86","13.69"
"10","014","00","001","0104","0060","693","194","499","46","739","1329","0","55.61","14.6"
"10","014","00","001","0105","0000","1569","430","1139","77","1646","2767","0","59.49","15.54"
"10","014","00","001","0105","0057","917","269","648","47","964","1627","0","59.25","16.53"
"10","014","00","001","0105","0058","652","161","491","30","682","1140","0","59.82","14.12"
"10","014","00","001","0106","0000","1369","339","1030","90","1459","2644","0","55.18","12.82"
"10","014","00","001","0106","0054","697","165","532","39","736","1294","0","56.88","12.75"
"10","014","00","001","0106","0055","672","174","498","51","723","1350","0","53.56","12.89"
"10","014","00","001","0107","0000","3537","917","2620","157","3694","6543","0","56.46","14.01"
"10","014","00","001","0107","0026","920","241","679","33","953","1638","0","58.18","14.71"
"10","014","00","001","0107","0027","835","202","633","38","873","1576","0","55.39","12.82"
"10","014","00","001","0107","0028","845","228","617","52","897","1595","0","56.24","14.29"
"10","014","00","001","0107","0029","937","246","691","34","971","1734","0","56.0","14.19"
"10","014","00","001","0108","0000","1752","420","1332","70","1822","3141","0","58.01","13.37"
"10","014","00","001","0108","0006","874","200","674","29","903","1651","0","54.69","12.11"
"10","014","00","001","0108","0007","878","220","658","41","919","1490","0","61.68","14.77"
"10","014","00","001","0109","0000","429","120","309","29","458","859","0","53.32","13.97"
"10","014","00","001","0109","0008","429","120","309","29","458","859","0","53.32","13.97"
"10","014","00","001","0110","0000","1540","377","1163","75","1615","2651","0","60.92","14.22"
"10","014","00","001","0110","0032","758","189","569","40","798","1313","0","60.78","14.39"
"10","014","00","001","0110","0033","782","188","594","35","817","1338","0","61.06","14.05"
"10","014","00","001","0111","0000","1701","492","1209","75","1776","3021","0","58.79","16.29"
"10","014","00","001","0111","0030","807","223","584","45","852","1476","0","57.72","15.11"
"10","014","00","001","0111","0031","894","269","625","30","924","1545","0","59.81","17.41"
"10","014","00","001","0112","0000","2248","638","1610","81","2329","4021","0","57.92","15.87"
"10","014","00","001","0112","0003","674","175","499","23","697","1259","0","55.36","13.9"
"10","014","00","001","0112","0004","760","228","532","30","790","1399","0","56.47","16.3"
"10","014","00","001","0112","0005","814","235","579","28","842","1363","0","61.78","17.24"
"10","014","00","001","0113","0000","851","242","609","56","907","1469","0","61.74","16.47"
"10","014","00","001","0113","0002","851","242","609","56","907","1469","0","61.74","16.47"
"10","014","00","001","0114","0000","344","86","258","32","376","651","0","57.76","13.21"
"10","014","00","001","0114","0010","344","86","258","32","376","651","0","57.76","13.21"
"10","014","00","001","0115","0000","795","204","591","64","859","1650","0","52.06","12.36"
"10","014","00","001","0115","0011","795","204","591","64","859","1650","0","52.06","12.36"
"10","014","00","001","0116","0000","352","108","244","31","383","632","0","60.6","17.09"
"10","014","00","001","0116","0013","352","108","244","31","383","632","0","60.6","17.09"
"10","014","00","001","0117","0000","643","178","465","76","719","1299","0","55.35","13.7"
"10","014","00","001","0117","0016","643","178","465","76","719","1299","0","55.35","13.7"
"10","014","00","001","0118","0000","515","169","346","29","544","890","0","61.12","18.99"
"10","014","00","001","0118","0009","515","169","346","29","544","890","0","61.12","18.99"
"10","014","00","001","0119","0000","430","122","308","23","453","724","0","62.57","16.85"
"10","014","00","001","0119","0012","430","122","308","23","453","724","0","62.57","16.85"
"10","014","00","001","0120","0000","460","131","329","28","488","811","0","60.17","16.15"
"10","014","00","001","0120","0017","460","131","329","28","488","811","0","60.17","16.15"
"10","014","00","001","0121","0000","427","121","306","36","463","771","0","60.05","15.69"
"10","014","00","001","0121","0014","427","121","306","36","463","771","0","60.05","15.69"
"10","014","00","001","0122","0000","398","127","271","14","412","798","0","51.63","15.91"
"10","014","00","001","0122","0015","398","127","271","14","412","798","0","51.63","15.91"
"10","014","00","001","0123","0000","417","101","316","19","436","874","0","49.89","11.56"
"10","014","00","001","0123","0001","417","101","316","19","436","874","0","49.89","11.56"
"10","014","00","001","0124","0000","466","131","335","25","491","764","0","64.27","17.15"
"10","014","00","001","0124","0018","466","131","335","25","491","764","0","64.27","17.15"
"10","014","00","001","0125","0000","292","88","204","13","305","601","0","50.75","14.64"
"10","014","00","001","0125","0023","292","88","204","13","305","601","0","50.75","14.64"
"10","014","00","001","0126","0000","397","131","266","13","410","784","0","52.3","16.71"
"10","014","00","001","0126","0019","397","131","266","13","410","784","0","52.3","16.71"
"10","014","00","001","0127","0000","206","69","137","8","214","417","0","51.32","16.55"
"10","014","00","001","0127","0024","206","69","137","8","214","417","0","51.32","16.55"
"10","014","00","001","0128","0000","208","59","149","10","218","427","0","51.05","13.82"
"10","014","00","001","0128","0020","208","59","149","10","218","427","0","51.05","13.82"
"10","014","00","001","0129","0000","779","198","581","63","842","1597","0","52.72","12.4"
"10","014","00","001","0129","0063","779","198","581","63","842","1597","0","52.72","12.4"
"10","014","00","001","0130","0000","1030","242","788","74","1104","2028","0","54.44","11.93"
"10","014","00","001","0130","0061","487","115","372","28","515","990","0","52.02","11.62"
"10","014","00","001","0130","0062","543","127","416","46","589","1038","0","56.74","12.24"
"10","014","00","001","0131","0000","1346","360","986","92","1438","2959","0","48.6","12.17"
"10","014","00","001","0131","0036","629","185","444","51","680","1407","0","48.33","13.15"
"10","014","00","001","0131","0037","717","175","542","41","758","1552","0","48.84","11.28"
"10","014","00","001","0132","0000","1408","378","1030","61","1469","2577","0","57.0","14.67"
"10","014","00","001","0132","0034","700","184","516","28","728","1312","0","55.49","14.02"
"10","014","00","001","0132","0035","708","194","514","33","741","1265","0","58.58","15.34"
"10","014","00","001","0133","0000","754","179","575","60","814","1445","0","56.33","12.39"
"10","014","00","001","0133","0038","754","179","575","60","814","1445","0","56.33","12.39"
"10","014","00","001","0134","0000","1159","327","832","56","1215","2098","0","57.91","15.59"
"10","014","00","001","0134","0039","1159","327","832","56","1215","2098","0","57.91","15.59"
"10","014","00","001","0135","0000","734","182","552","59","793","1324","0","59.89","13.75"
"10","014","00","001","0135","0040","734","182","552","59","793","1324","0","59.89","13.75"
"10","014","00","001","0136","0000","1499","347","1152","43","1542","2793","0","55.21","12.42"
"10","014","00","001","0136","0021","642","114","528","31","673","1292","0","52.09","8.82"
"10","014","00","001","0136","0022","857","233","624","12","869","1501","0","57.89","15.52"
"10","014","00","001","0137","0000","526","136","390","41","567","1001","0","56.64","13.59"
"10","014","00","001","0137","0025","526","136","390","41","567","1001","0","56.64","13.59"
"10","014","00","001","0138","0000","4054","1106","2948","206","4260","8002","0","53.24","13.82"
"10","014","00","001","0138","0041","841","202","639","29","870","1598","0","54.44","12.64"
"10","014","00","001","0138","0042","782","206","576","23","805","1513","0","53.21","13.62"
"10","014","00","001","0138","0043","820","246","574","63","883","1679","0","52.59","14.65"
"10","014","00","001","0138","0044","711","209","502","41","752","1414","0","53.18","14.78"
"10","014","00","001","0138","0045","900","243","657","50","950","1798","0","52.84","13.52"
"10","014","00","001","0139","0000","2473","641","1832","155","2628","5087","0","51.66","12.6"
"10","014","00","001","0139","0046","780","217","563","48","828","1749","0","47.34","12.41"
"10","014","00","001","0139","0047","875","226","649","63","938","1709","0","54.89","13.22"
"10","014","00","001","0139","0048","818","198","620","44","862","1629","0","52.92","12.15"
"10","014","00","001","0140","0000","1086","305","781","84","1170","2375","0","49.26","12.84"
"10","014","00","001","0140","0049","542","149","393","54","596","1116","0","53.41","13.35"
"10","014","00","001","0140","0050","544","156","388","30","574","1259","0","45.59","12.39"
"10","014","00","001","0141","0000","529","146","383","40","569","1232","0","46.19","11.85"
"10","014","00","001","0141","0051","529","146","383","40","569","1232","0","46.19","11.85"
"10","014","00","001","0142","0000","686","216","470","59","745","1385","0","53.79","15.6"
"10","014","00","001","0142","0064","686","216","470","59","745","1385","0","53.79","15.6"
"10","014","00","001","0143","0000","424","133","291","13","437","939","0","46.54","14.16"
"10","014","00","001","0143","0065","424","133","291","13","437","939","0","46.54","14.16"
"10","014","00","001","0144","0000","523","141","382","48","571","1258","0","45.39","11.21"
"10","014","00","001","0144","0066","523","141","382","48","571","1258","0","45.39","11.21"
"10","014","00","001","0145","0000","655","194","461","6","661","1350","0","48.96","14.37"
"10","014","00","001","0145","0067","655","194","461","6","661","1350","0","48.96","14.37"
"10","014","00","001","0146","0000","837","205","632","61","898","1953","0","45.98","10.5"
"10","014","00","001","0146","0068","464","124","340","33","497","1058","0","46.98","11.72"
"10","014","00","001","0146","0069","373","81","292","28","401","895","0","44.8","9.05"
"10","014","00","002","0000","0000","5498","1189","4309","649","6147","12426","14105","49.47","9.57"
"10","014","00","002","0201","0000","207","44","163","25","232","637","0","36.42","6.91"
"10","014","00","002","0201","0085","87","15","72","1","88","373","0","23.59","4.02"
"10","014","00","002","0201","0086","120","29","91","24","144","264","0","54.55","10.98"
"10","014","00","002","0202","0000","348","86","262","66","414","969","0","42.72","8.88"
"10","014","00","002","0202","0083","181","39","142","38","219","488","0","44.88","7.99"
"10","014","00","002","0202","0084","167","47","120","28","195","481","0","40.54","9.77"
"10","014","00","002","0203","0000","551","121","430","106","657","1403","0","46.83","8.62"
"10","014","00","002","0203","0081","214","39","175","46","260","516","0","50.39","7.56"
"10","014","00","002","0203","0082","337","82","255","60","397","887","0","44.76","9.24"
"10","014","00","002","0204","0000","1267","245","1022","142","1409","2731","0","51.59","8.97"
"10","014","00","002","0204","0079","626","121","505","68","694","1365","0","50.84","8.86"
"10","014","00","002","0204","0080","641","124","517","74","715","1366","0","52.34","9.08"
"10","014","00","002","0205","0000","950","221","729","52","1002","1901","0","52.71","11.63"
"10","014","00","002","0205","0077","480","116","364","28","508","931","0","54.56","12.46"
"10","014","00","002","0205","0078","470","105","365","24","494","970","0","50.93","10.82"
"10","014","00","002","0206","0000","1023","237","786","90","1113","2197","0","50.66","10.79"
"10","014","00","002","0206","0074","140","19","121","20","160","339","0","47.2","5.6"
"10","014","00","002","0206","0075","448","112","336","23","471","995","0","47.34","11.26"
"10","014","00","002","0206","0076","435","106","329","47","482","863","0","55.85","12.28"
"10","014","00","002","0207","0000","296","60","236","49","345","747","0","46.18","8.03"
"10","014","00","002","0207","0073","296","60","236","49","345","747","0","46.18","8.03"
"10","014","00","002","0208","0000","856","175","681","119","975","1841","0","52.96","9.51"
"10","014","00","002","0208","0070","212","45","167","46","258","516","0","50.0","8.72"
"10","014","00","002","0208","0071","522","112","410","57","579","960","0","60.31","11.67"
"10","014","00","002","0208","0072","122","18","104","16","138","365","0","37.81","4.93"
"10","014","00","003","0000","0000","3520","924","2596","227","3747","7509","8727","49.9","12.31"
"10","014","00","003","0301","0000","737","179","558","49","786","1691","0","46.48","10.59"
"10","014","00","003","0301","0093","441","102","339","32","473","912","0","51.86","11.18"
"10","014","00","003","0301","0094","296","77","219","17","313","779","0","40.18","9.88"
"10","014","00","003","0302","0000","594","152","442","30","624","1137","0","54.88","13.37"
"10","014","00","003","0302","0091","594","152","442","30","624","1137","0","54.88","13.37"
"10","014","00","003","0303","0000","372","90","282","23","395","887","0","44.53","10.15"
"10","014","00","003","0303","0090","372","90","282","23","395","887","0","44.53","10.15"
"10","014","00","003","0304","0000","468","129","339","33","501","828","0","60.51","15.58"
"10","014","00","003","0304","0089","468","129","339","33","501","828","0","60.51","15.58"
"10","014","00","003","0305","0000","833","234","599","48","881","1699","0","51.85","13.77"
"10","014","00","003","0305","0087","513","143","370","27","540","909","0","59.41","15.73"
"10","014","00","003","0305","0088","320","91","229","21","341","790","0","43.16","11.52"
"10","014","00","003","0306","0000","192","62","130","14","206","535","0","38.5","11.59"
"10","014","00","003","0306","0095","192","62","130","14","206","535","0","38.5","11.59"
"10","014","00","003","0307","0000","324","78","246","30","354","732","0","48.36","10.66"
"10","014","00","003","0307","0092","324","78","246","30","354","732","0","48.36","10.66"
"10","014","00","004","0000","0000","7160","1956","5204","708","7868","14976","17314","52.54","13.06"
"10","014","00","004","0401","0000","191","54","137","23","214","476","0","44.96","11.34"
"10","014","00","004","0401","0105","84","26","58","12","96","261","0","36.78","9.96"
"10","014","00","004","0401","0106","107","28","79","11","118","215","0","54.88","13.02"
"10","014","00","004","0402","0000","217","54","163","19","236","436","0","54.13","12.39"
"10","014","00","004","0402","0117","217","54","163","19","236","436","0","54.13","12.39"
"10","014","00","004","0403","0000","199","43","156","19","218","488","0","44.67","8.81"
"10","014","00","004","0403","0115","199","43","156","19","218","488","0","44.67","8.81"
"10","014","00","004","0404","0000","186","47","139","16","202","347","0","58.21","13.54"
"10","014","00","004","0404","0116","186","47","139","16","202","347","0","58.21","13.54"
"10","014","00","004","0405","0000","500","135","365","79","579","1163","0","49.79","11.61"
"10","014","00","004","0405","0103","305","94","211","47","352","727","0","48.42","12.93"
"10","014","00","004","0405","0104","195","41","154","32","227","436","0","52.06","9.4"
"10","014","00","004","0406","0000","559","150","409","62","621","1270","0","48.9","11.81"
"10","014","00","004","0406","0101","321","82","239","28","349","767","0","45.5","10.69"
"10","014","00","004","0406","0102","238","68","170","34","272","503","0","54.08","13.52"
"10","014","00","004","0407","0000","418","120","298","56","474","1066","0","44.47","11.26"
"10","014","00","004","0407","0098","78","23","55","19","97","219","0","44.29","10.5"
"10","014","00","004","0407","0099","197","61","136","25","222","460","0","48.26","13.26"
"10","014","00","004","0407","0100","143","36","107","12","155","387","0","40.05","9.3"
"10","014","00","004","0408","0000","1095","287","808","80","1175","2206","0","53.26","13.01"
"10","014","00","004","0408","0096","549","145","404","50","599","1041","0","57.54","13.93"
"10","014","00","004","0408","0097","546","142","404","30","576","1165","0","49.44","12.19"
"10","014","00","004","0409","0000","553","179","374","52","605","1110","0","54.5","16.13"
"10","014","00","004","0409","0110","553","179","374","52","605","1110","0","54.5","16.13"
"10","014","00","004","0410","0000","1540","412","1128","109","1649","3015","0","54.69","13.67"
"10","014","00","004","0410","0107","752","203","549","52","804","1442","0","55.76","14.08"
"10","014","00","004","0410","0108","249","66","183","14","263","527","0","49.91","12.52"
"10","014","00","004","0410","0109","539","143","396","43","582","1046","0","55.64","13.67"
"10","014","00","004","0411","0000","593","175","418","39","632","1105","0","57.19","15.84"
"10","014","00","004","0411","0111","593","175","418","39","632","1105","0","57.19","15.84"
"10","014","00","004","0412","0000","624","163","461","103","727","1167","0","62.3","13.97"
"10","014","00","004","0412","0112","624","163","461","103","727","1167","0","62.3","13.97"
"10","014","00","004","0413","0000","485","137","348","51","536","1127","0","47.56","12.16"
"10","014","00","004","0413","0113","424","117","307","47","471","968","0","48.66","12.09"
"10","014","00","004","0413","0114","61","20","41","4","65","159","0","40.88","12.58"
"10","014","00","005","0000","0000","2908","864","2044","220","3128","6936","7891","45.1","12.46"
"10","014","00","005","0501","0000","250","74","176","38","288","675","0","42.67","10.96"
"10","014","00","005","0501","0125","250","74","176","38","288","675","0","42.67","10.96"
"10","014","00","005","0502","0000","365","116","249","38","403","905","0","44.53","12.82"
"10","014","00","005","0502","0126","198","52","146","17","215","435","0","49.43","11.95"
"10","014","00","005","0502","0127","167","64","103","21","188","470","0","40.0","13.62"
"10","014","00","005","0503","0000","384","123","261","38","422","864","0","48.84","14.24"
"10","014","00","005","0503","0124","384","123","261","38","422","864","0","48.84","14.24"
"10","014","00","005","0504","0000","633","184","449","40","673","1446","0","46.54","12.72"
"10","014","00","005","0504","0121","488","151","337","30","518","1104","0","46.92","13.68"
"10","014","00","005","0504","0122","145","33","112","10","155","342","0","45.32","9.65"
"10","014","00","005","0505","0000","407","102","305","18","425","895","0","47.49","11.4"
"10","014","00","005","0505","0123","407","102","305","18","425","895","0","47.49","11.4"
"10","014","00","005","0506","0000","480","141","339","24","504","1096","0","45.99","12.86"
"10","014","00","005","0506","0118","191","57","134","5","196","522","0","37.55","10.92"
"10","014","00","005","0506","0119","289","84","205","19","308","574","0","53.66","14.63"
"10","014","00","005","0507","0000","389","124","265","24","413","1055","0","39.15","11.75"
"10","014","00","005","0507","0120","389","124","265","24","413","1055","0","39.15","11.75"
"10","014","00","006","0000","0000","3005","818","2187","301","3306","7162","8207","46.16","11.42"
"10","014","00","006","0601","0000","463","137","326","54","517","1137","0","45.47","12.05"
"10","014","00","006","0601","0130","187","51","136","24","211","434","0","48.62","11.75"
"10","014","00","006","0601","0131","276","86","190","30","306","703","0","43.53","12.23"
"10","014","00","006","0602","0000","267","64","203","21","288","654","0","44.04","9.79"
"10","014","00","006","0602","0132","267","64","203","21","288","654","0","44.04","9.79"
"10","014","00","006","0603","0000","112","25","87","17","129","324","0","39.81","7.72"
"10","014","00","006","0603","0133","112","25","87","17","129","324","0","39.81","7.72"
"10","014","00","006","0604","0000","334","89","245","26","360","794","0","45.34","11.21"
"10","014","00","006","0604","0134","334","89","245","26","360","794","0","45.34","11.21"
"10","014","00","006","0605","0000","925","259","666","67","992","1921","0","51.64","13.48"
"10","014","00","006","0605","0128","452","120","332","28","480","992","0","48.39","12.1"
"10","014","00","006","0605","0129","473","139","334","39","512","929","0","55.11","14.96"
"10","014","00","006","0606","0000","124","35","89","17","141","344","0","40.99","10.17"
"10","014","00","006","0606","0136","124","35","89","17","141","344","0","40.99","10.17"
"10","014","00","006","0607","0000","362","94","268","50","412","856","0","48.13","10.98"
"10","014","00","006","0607","0135","362","94","268","50","412","856","0","48.13","10.98"
"10","014","00","006","0608","0000","161","42","119","17","178","311","0","57.23","13.5"
"10","014","00","006","0608","0137","161","42","119","17","178","311","0","57.23","13.5"
"10","014","00","006","0609","0000","124","35","89","13","137","386","0","35.49","9.07"
"10","014","00","006","0609","0138","124","35","89","13","137","386","0","35.49","9.07"
"10","014","00","006","0610","0000","133","38","95","19","152","435","0","34.94","8.74"
"10","014","00","006","0610","0139","133","38","95","19","152","435","0","34.94","8.74"
"10","014","00","007","0000","0000","2991","788","2203","358","3349","7635","8518","43.86","10.32"
"10","014","00","007","0701","0000","482","103","379","50","532","1620","0","32.84","6.36"
"10","014","00","007","0701","0147","191","29","162","20","211","867","0","24.34","3.34"
"10","014","00","007","0701","0148","135","38","97","13","148","345","0","42.9","11.01"
"10","014","00","007","0701","0149","156","36","120","17","173","408","0","42.4","8.82"
"10","014","00","007","0702","0000","359","81","278","10","369","1197","0","30.83","6.77"
"10","014","00","007","0702","0146","359","81","278","10","369","1197","0","30.83","6.77"
"10","014","00","007","0703","0000","397","103","294","29","426","977","0","43.6","10.54"
"10","014","00","007","0703","0145","397","103","294","29","426","977","0","43.6","10.54"
"10","014","00","007","0704","0000","105","27","78","9","114","262","0","43.51","10.31"
"10","014","00","007","0704","0150","105","27","78","9","114","262","0","43.51","10.31"
"10","014","00","007","0705","0000","221","48","173","39","260","555","0","46.85","8.65"
"10","014","00","007","0705","0144","221","48","173","39","260","555","0","46.85","8.65"
"10","014","00","007","0706","0000","355","87","268","80","435","918","0","47.39","9.48"
"10","014","00","007","0706","0143","355","87","268","80","435","918","0","47.39","9.48"
"10","014","00","007","0707","0000","1072","339","733","141","1213","2106","0","57.6","16.1"
"10","014","00","007","0707","0140","107","38","69","17","124","290","0","42.76","13.1"
"10","014","00","007","0707","0141","308","102","206","42","350","620","0","56.45","16.45"
"10","014","00","007","0707","0142","657","199","458","82","739","1196","0","61.79","16.64"
"10","014","00","008","0000","0000","2355","562","1793","363","2718","6484","7196","41.92","8.67"
"10","014","00","008","0801","0000","248","50","198","33","281","630","0","44.6","7.94"
"10","014","00","008","0801","0160","12","4","8","1","13","25","0","52.0","16.0"
"10","014","00","008","0801","0161","236","46","190","32","268","605","0","44.3","7.6"
"10","014","00","008","0802","0000","378","79","299","77","455","1191","0","38.2","6.63"
"10","014","00","008","0802","0157","218","51","167","61","279","660","0","42.27","7.73"
"10","014","00","008","0802","0158","108","15","93","4","112","336","0","33.33","4.46"
"10","014","00","008","0802","0159","52","13","39","12","64","195","0","32.82","6.67"
"10","014","00","008","0803","0000","141","37","104","8","149","532","0","28.01","6.95"
"10","014","00","008","0803","0156","141","37","104","8","149","532","0","28.01","6.95"
"10","014","00","008","0804","0000","722","161","561","79","801","1993","0","40.19","8.08"
"10","014","00","008","0804","0154","432","102","330","28","460","1268","0","36.28","8.04"
"10","014","00","008","0804","0155","290","59","231","51","341","725","0","47.03","8.14"
"10","014","00","008","0805","0000","407","108","299","85","492","913","0","53.89","11.83"
"10","014","00","008","0805","0153","407","108","299","85","492","913","0","53.89","11.83"
"10","014","00","008","0806","0000","459","127","332","81","540","1225","0","44.08","10.37"
"10","014","00","008","0806","0151","253","82","171","56","309","536","0","57.65","15.3"
"10","014","00","008","0806","0152","206","45","161","25","231","689","0","33.53","6.53"
"10","014","00","009","0000","0000","4367","1099","3268","420","4787","9666","11186","49.52","11.37"
"10","014","00","009","0901","0000","620","146","474","59","679","1297","0","52.35","11.26"
"10","014","00","009","0901","0162","349","95","254","35","384","722","0","53.19","13.16"
"10","014","00","009","0901","0163","271","51","220","24","295","575","0","51.3","8.87"
"10","014","00","009","0902","0000","288","80","208","26","314","623","0","50.4","12.84"
"10","014","00","009","0902","0164","288","80","208","26","314","623","0","50.4","12.84"
"10","014","00","009","0903","0000","268","55","213","35","303","622","0","48.71","8.84"
"10","014","00","009","0903","0165","268","55","213","35","303","622","0","48.71","8.84"
"10","014","00","009","0904","0000","213","56","157","12","225","560","0","40.18","10.0"
"10","014","00","009","0904","0166","213","56","157","12","225","560","0","40.18","10.0"
"10","014","00","009","0905","0000","726","203","523","68","794","1410","0","56.31","14.4"
"10","014","00","009","0905","0169","383","122","261","32","415","673","0","61.66","18.13"
"10","014","00","009","0905","0170","343","81","262","36","379","737","0","51.42","10.99"
"10","014","00","009","0906","0000","816","205","611","110","926","1766","0","52.43","11.61"
"10","014","00","009","0906","0167","469","109","360","71","540","957","0","56.43","11.39"
"10","014","00","009","0906","0168","347","96","251","39","386","809","0","47.71","11.87"
"10","014","00","009","0907","0000","372","99","273","48","420","798","0","52.63","12.41"
"10","014","00","009","0907","0171","214","53","161","27","241","424","0","56.84","12.5"
"10","014","00","009","0907","0172","158","46","112","21","179","374","0","47.86","12.3"
"10","014","00","009","0908","0000","666","167","499","20","686","1698","0","40.4","9.84"
"10","014","00","009","0908","0173","319","88","231","14","333","829","0","40.17","10.62"
"10","014","00","009","0908","0174","347","79","268","6","353","869","0","40.62","9.09"
"10","014","00","009","0909","0000","398","88","310","42","440","892","0","49.33","9.87"
"10","014","00","009","0909","0175","73","13","60","3","76","223","0","34.08","5.83"
"10","014","00","009","0909","0176","325","75","250","39","364","669","0","54.41","11.21"
"10","014","00","010","0000","0000","2334","621","1713","376","2710","5266","6100","51.46","11.79"
"10","014","00","010","1001","0000","317","75","242","76","393","763","0","51.51","9.83"
"10","014","00","010","1001","0181","156","35","121","57","213","386","0","55.18","9.07"
"10","014","00","010","1001","0182","161","40","121","19","180","377","0","47.75","10.61"
"10","014","00","010","1002","0000","464","138","326","71","535","1134","0","47.18","12.17"
"10","014","00","010","1002","0180","464","138","326","71","535","1134","0","47.18","12.17"
"10","014","00","010","1003","0000","621","171","450","87","708","1327","0","53.35","12.89"
"10","014","00","010","1003","0179","621","171","450","87","708","1327","0","53.35","12.89"
"10","014","00","010","1004","0000","627","185","442","104","731","1474","0","49.59","12.55"
"10","014","00","010","1004","0178","627","185","442","104","731","1474","0","49.59","12.55"
"10","014","00","010","1005","0000","305","52","253","38","343","568","0","60.39","9.15"
"10","014","00","010","1005","0177","305","52","253","38","343","568","0","60.39","9.15"
"10","014","00","011","0000","0000","1521","481","1040","58","1579","3579","4097","44.12","13.44"
"10","014","00","011","1101","0000","465","163","302","18","483","1023","0","47.21","15.93"
"10","014","00","011","1101","0185","364","126","238","17","381","813","0","46.86","15.5"
"10","014","00","011","1101","0186","101","37","64","1","102","210","0","48.57","17.62"
"10","014","00","011","1102","0000","454","149","305","19","473","1082","0","43.72","13.77"
"10","014","00","011","1102","0184","454","149","305","19","473","1082","0","43.72","13.77"
"10","014","00","011","1103","0000","602","169","433","21","623","1474","0","42.27","11.47"
"10","014","00","011","1103","0183","602","169","433","21","623","1474","0","42.27","11.47"
"10","014","00","012","0000","0000","1632","351","1281","124","1756","3278","4207","53.57","10.71"
"10","014","00","012","1201","0000","365","65","300","28","393","728","0","53.98","8.93"
"10","014","00","012","1201","0190","365","65","300","28","393","728","0","53.98","8.93"
"10","014","00","012","1202","0000","131","33","98","16","147","259","0","56.76","12.74"
"10","014","00","012","1202","0191","131","33","98","16","147","259","0","56.76","12.74"
"10","014","00","012","1203","0000","129","28","101","11","140","254","0","55.12","11.02"
"10","014","00","012","1203","0192","129","28","101","11","140","254","0","55.12","11.02"
"10","014","00","012","1204","0000","448","126","322","35","483","971","0","49.74","12.98"
"10","014","00","012","1204","0189","448","126","322","35","483","971","0","49.74","12.98"
"10","014","00","012","1205","0000","316","51","265","14","330","569","0","58.0","8.96"
"10","014","00","012","1205","0188","316","51","265","14","330","569","0","58.0","8.96"
"10","014","00","012","1206","0000","243","48","195","20","263","497","0","52.92","9.66"
"10","014","00","012","1206","0187","243","48","195","20","263","497","0","52.92","9.66"
"10","014","00","013","0000","0000","1487","352","1135","117","1604","2930","3656","54.74","12.01"
"10","014","00","013","1301","0000","260","65","195","15","275","579","0","47.5","11.23"
"10","014","00","013","1301","0196","260","65","195","15","275","579","0","47.5","11.23"
"10","014","00","013","1302","0000","192","36","156","17","209","315","0","66.35","11.43"
"10","014","00","013","1302","0195","192","36","156","17","209","315","0","66.35","11.43"
"10","014","00","013","1303","0000","260","58","202","38","298","426","0","69.95","13.62"
"10","014","00","013","1303","0194","260","58","202","38","298","426","0","69.95","13.62"
"10","014","00","013","1304","0000","257","61","196","18","275","596","0","46.14","10.23"
"10","014","00","013","1304","0197","257","61","196","18","275","596","0","46.14","10.23"
"10","014","00","013","1305","0000","518","132","386","29","547","1014","0","53.94","13.02"
"10","014","00","013","1305","0193","518","132","386","29","547","1014","0","53.94","13.02"
"10","014","00","014","0000","0000","1670","453","1217","145","1815","3028","3748","59.94","14.96"
"10","014","00","014","1401","0000","366","125","241","27","393","520","0","75.58","24.04"
"10","014","00","014","1401","0200","366","125","241","27","393","520","0","75.58","24.04"
"10","014","00","014","1402","0000","373","95","278","26","399","601","0","66.39","15.81"
"10","014","00","014","1402","0199","373","95","278","26","399","601","0","66.39","15.81"
"10","014","00","014","1403","0000","560","154","406","43","603","1241","0","48.59","12.41"
"10","014","00","014","1403","0198","560","154","406","43","603","1241","0","48.59","12.41"
"10","014","00","014","1404","0000","172","34","138","21","193","336","0","57.44","10.12"
"10","014","00","014","1404","0201","172","34","138","21","193","336","0","57.44","10.12"
"10","014","00","014","1405","0000","199","45","154","28","227","330","0","68.79","13.64"
"10","014","00","014","1405","0202","199","45","154","28","227","330","0","68.79","13.64"
"10","014","00","015","0000","0000","1685","373","1312","144","1829","3137","3615","58.3","11.89"
"10","014","00","015","1501","0000","266","69","197","21","287","628","0","45.7","10.99"
"10","014","00","015","1501","0208","266","69","197","21","287","628","0","45.7","10.99"
"10","014","00","015","1502","0000","434","116","318","42","476","867","0","54.9","13.38"
"10","014","00","015","1502","0209","434","116","318","42","476","867","0","54.9","13.38"
"10","014","00","015","1503","0000","194","37","157","24","218","331","0","65.86","11.18"
"10","014","00","015","1503","0207","194","37","157","24","218","331","0","65.86","11.18"
"10","014","00","015","1504","0000","345","57","288","27","372","586","0","63.48","9.73"
"10","014","00","015","1504","0203","147","33","114","7","154","246","0","62.6","13.41"
"10","014","00","015","1504","0204","198","24","174","20","218","340","0","64.12","7.06"
"10","014","00","015","1505","0000","267","54","213","14","281","429","0","65.5","12.59"
"10","014","00","015","1505","0206","267","54","213","14","281","429","0","65.5","12.59"
"10","014","00","015","1506","0000","179","40","139","16","195","296","0","65.88","13.51"
"10","014","00","015","1506","0205","179","40","139","16","195","296","0","65.88","13.51"
"10","014","00","016","0000","0000","1510","417","1093","90","1600","4181","5114","38.27","9.97"
"10","014","00","016","1601","0000","391","105","286","16","407","1240","0","32.82","8.47"
"10","014","00","016","1601","0212","391","105","286","16","407","1240","0","32.82","8.47"
"10","014","00","016","1602","0000","253","87","166","26","279","760","0","36.71","11.45"
"10","014","00","016","1602","0213","253","87","166","26","279","760","0","36.71","11.45"
"10","014","00","016","1603","0000","498","141","357","30","528","1238","0","42.65","11.39"
"10","014","00","016","1603","0211","498","141","357","30","528","1238","0","42.65","11.39"
"10","014","00","016","1604","0000","368","84","284","18","386","943","0","40.93","8.91"
"10","014","00","016","1604","0210","368","84","284","18","386","943","0","40.93","8.91"
"10","016","00","000","0000","0000","38060","11008","27052","2692","40752","90405","104400","45.08","12.18"
"10","016","00","001","0000","0000","24631","7199","17432","1522","26153","53655","62523","48.74","13.42"
"10","016","00","001","0102","0000","217","68","149","10","227","481","0","47.19","14.14"
"10","016","00","001","0102","0001","217","68","149","10","227","481","0","47.19","14.14"
"10","016","00","001","0103","0000","273","69","204","18","291","558","0","52.15","12.37"
"10","016","00","001","0103","0002","273","69","204","18","291","558","0","52.15","12.37"
"10","016","00","001","0104","0000","225","52","173","38","263","533","0","49.34","9.76"
"10","016","00","001","0104","0003","225","52","173","38","263","533","0","49.34","9.76"
"10","016","00","001","0105","0000","435","135","300","30","465","922","0","50.43","14.64"
"10","016","00","001","0105","0004","435","135","300","30","465","922","0","50.43","14.64"
"10","016","00","001","0106","0000","512","171","341","35","547","1021","0","53.57","16.75"
"10","016","00","001","0106","0005","512","171","341","35","547","1021","0","53.57","16.75"
"10","016","00","001","0107","0000","377","125","252","29","406","793","0","51.2","15.76"
"10","016","00","001","0107","0006","377","125","252","29","406","793","0","51.2","15.76"
"10","016","00","001","0108","0000","952","270","682","62","1014","1955","0","51.87","13.81"
"10","016","00","001","0108","0007","469","125","344","41","510","954","0","53.46","13.1"
"10","016","00","001","0108","0008","483","145","338","21","504","1001","0","50.35","14.49"
"10","016","00","001","0109","0000","1963","525","1438","112","2075","4130","0","50.24","12.71"
"10","016","00","001","0109","0010","613","154","459","49","662","1402","0","47.22","10.98"
"10","016","00","001","0109","0011","692","198","494","25","717","1389","0","51.62","14.25"
"10","016","00","001","0109","0012","658","173","485","38","696","1339","0","51.98","12.92"
"10","016","00","001","0110","0000","506","152","354","28","534","1192","0","44.8","12.75"
"10","016","00","001","0110","0009","506","152","354","28","534","1192","0","44.8","12.75"
"10","016","00","001","0111","0000","2480","681","1799","150","2630","5281","0","49.8","12.9"
"10","016","00","001","0111","0013","564","152","412","38","602","1254","0","48.01","12.12"
"10","016","00","001","0111","0014","559","149","410","42","601","1194","0","50.34","12.48"
"10","016","00","001","0111","0015","630","173","457","43","673","1393","0","48.31","12.42"
"10","016","00","001","0111","0016","727","207","520","27","754","1440","0","52.36","14.38"
"10","016","00","001","0112","0000","1138","315","823","90","1228","2499","0","49.14","12.61"
"10","016","00","001","0112","0017","552","170","382","44","596","1215","0","49.05","13.99"
"10","016","00","001","0112","0018","586","145","441","46","632","1284","0","49.22","11.29"
"10","016","00","001","0113","0000","696","196","500","53","749","1512","0","49.54","12.96"
"10","016","00","001","0113","0019","696","196","500","53","749","1512","0","49.54","12.96"
"10","016","00","001","0114","0000","2774","1198","1576","125","2899","6044","0","47.96","19.82"
"10","016","00","001","0114","0020","521","148","373","47","568","1181","0","48.09","12.53"
"10","016","00","001","0114","0021","632","162","470","44","676","1348","0","50.15","12.02"
"10","016","00","001","0114","0022","697","238","459","20","717","1391","0","51.55","17.11"
"10","016","00","001","0114","0023","924","650","274","14","938","2124","0","44.16","30.6"
"10","016","00","001","0115","0000","1454","354","1100","74","1528","3082","0","49.58","11.49"
"10","016","00","001","0115","0024","706","174","532","42","748","1500","0","49.87","11.6"
"10","016","00","001","0115","0025","748","180","568","32","780","1582","0","49.3","11.38"
"10","016","00","001","0116","0000","1550","409","1141","58","1608","3192","0","50.38","12.81"
"10","016","00","001","0116","0026","775","197","578","22","797","1638","0","48.66","12.03"
"10","016","00","001","0116","0027","775","212","563","36","811","1554","0","52.19","13.64"
"10","016","00","001","0117","0000","788","218","570","47","835","1872","0","44.6","11.65"
"10","016","00","001","0117","0028","360","100","260","23","383","980","0","39.08","10.2"
"10","016","00","001","0117","0029","428","118","310","24","452","892","0","50.67","13.23"
"10","016","00","001","0118","0000","309","101","208","13","322","778","0","41.39","12.98"
"10","016","00","001","0118","0030","309","101","208","13","322","778","0","41.39","12.98"
"10","016","00","001","0119","0000","451","119","332","22","473","930","0","50.86","12.8"
"10","016","00","001","0119","0031","451","119","332","22","473","930","0","50.86","12.8"
"10","016","00","001","0120","0000","1418","384","1034","45","1463","2609","0","56.08","14.72"
"10","016","00","001","0120","0032","831","226","605","31","862","1481","0","58.2","15.26"
"10","016","00","001","0120","0033","587","158","429","14","601","1128","0","53.28","14.01"
"10","016","00","001","0121","0000","204","43","161","20","224","415","0","53.98","10.36"
"10","016","00","001","0121","0034","204","43","161","20","224","415","0","53.98","10.36"
"10","016","00","001","0122","0000","1025","264","761","49","1074","2070","0","51.88","12.75"
"10","016","00","001","0122","0035","527","148","379","32","559","1120","0","49.91","13.21"
"10","016","00","001","0122","0036","498","116","382","17","515","950","0","54.21","12.21"
"10","016","00","001","0123","0000","262","69","193","20","282","627","0","44.98","11.0"
"10","016","00","001","0123","0037","262","69","193","20","282","627","0","44.98","11.0"
"10","016","00","001","0124","0000","484","121","363","33","517","989","0","52.28","12.23"
"10","016","00","001","0124","0039","484","121","363","33","517","989","0","52.28","12.23"
"10","016","00","001","0125","0000","517","128","389","20","537","1055","0","50.9","12.13"
"10","016","00","001","0125","0038","517","128","389","20","537","1055","0","50.9","12.13"
"10","016","00","001","0126","0000","295","87","208","35","330","591","0","55.84","14.72"
"10","016","00","001","0126","0040","295","87","208","35","330","591","0","55.84","14.72"
"10","016","00","001","0127","0000","752","194","558","60","812","1700","0","47.76","11.41"
"10","016","00","001","0127","0043","361","82","279","37","398","797","0","49.94","10.29"
"10","016","00","001","0127","0044","391","112","279","23","414","903","0","45.85","12.4"
"10","016","00","001","0128","0000","1018","296","722","106","1124","2466","0","45.58","12.0"
"10","016","00","001","0128","0041","598","171","427","59","657","1387","0","47.37","12.33"
"10","016","00","001","0128","0042","420","125","295","47","467","1079","0","43.28","11.58"
"10","016","00","001","0129","0000","158","67","91","19","177","376","0","47.07","17.82"
"10","016","00","001","0129","0045","158","67","91","19","177","376","0","47.07","17.82"
"10","016","00","001","0130","0000","183","52","131","12","195","371","0","52.56","14.02"
"10","016","00","001","0130","0046","183","52","131","12","195","371","0","52.56","14.02"
"10","016","00","001","0131","0000","436","98","338","19","455","1173","0","38.79","8.35"
"10","016","00","001","0131","0047","436","98","338","19","455","1173","0","38.79","8.35"
"10","016","00","001","0132","0000","459","132","327","21","480","1389","0","34.56","9.5"
"10","016","00","001","0132","0048","459","132","327","21","480","1389","0","34.56","9.5"
"10","016","00","001","0133","0000","159","56","103","54","213","761","0","27.99","7.36"
"10","016","00","001","0133","0049","159","56","103","54","213","761","0","27.99","7.36"
"10","016","00","001","0134","0000","161","50","111","15","176","288","0","61.11","17.36"
"10","016","00","001","0134","0050","161","50","111","15","176","288","0","61.11","17.36"
"10","016","00","002","0000","0000","5146","1445","3701","378","5524","12741","14533","43.36","11.34"
"10","016","00","002","0201","0000","540","135","405","48","588","1120","0","52.5","12.05"
"10","016","00","002","0201","0051","540","135","405","48","588","1120","0","52.5","12.05"
"10","016","00","002","0202","0000","136","40","96","6","142","332","0","42.77","12.05"
"10","016","00","002","0202","0052","136","40","96","6","142","332","0","42.77","12.05"
"10","016","00","002","0203","0000","89","25","64","6","95","242","0","39.26","10.33"
"10","016","00","002","0203","0053","89","25","64","6","95","242","0","39.26","10.33"
"10","016","00","002","0204","0000","99","36","63","6","105","293","0","35.84","12.29"
"10","016","00","002","0204","0054","99","36","63","6","105","293","0","35.84","12.29"
"10","016","00","002","0205","0000","233","56","177","41","274","666","0","41.14","8.41"
"10","016","00","002","0205","0055","233","56","177","41","274","666","0","41.14","8.41"
"10","016","00","002","0206","0000","148","39","109","14","162","326","0","49.69","11.96"
"10","016","00","002","0206","0056","148","39","109","14","162","326","0","49.69","11.96"
"10","016","00","002","0207","0000","285","88","197","12","297","732","0","40.57","12.02"
"10","016","00","002","0207","0057","285","88","197","12","297","732","0","40.57","12.02"
"10","016","00","002","0208","0000","283","62","221","18","301","651","0","46.24","9.52"
"10","016","00","002","0208","0058","283","62","221","18","301","651","0","46.24","9.52"
"10","016","00","002","0209","0000","312","88","224","12","324","744","0","43.55","11.83"
"10","016","00","002","0209","0059","312","88","224","12","324","744","0","43.55","11.83"
"10","016","00","002","0210","0000","72","23","49","1","73","134","0","54.48","17.16"
"10","016","00","002","0210","0060","72","23","49","1","73","134","0","54.48","17.16"
"10","016","00","002","0211","0000","75","21","54","3","78","216","0","36.11","9.72"
"10","016","00","002","0211","0062","75","21","54","3","78","216","0","36.11","9.72"
"10","016","00","002","0212","0000","125","32","93","7","132","279","0","47.31","11.47"
"10","016","00","002","0212","0064","125","32","93","7","132","279","0","47.31","11.47"
"10","016","00","002","0213","0000","194","54","140","4","198","664","0","29.82","8.13"
"10","016","00","002","0213","0063","194","54","140","4","198","664","0","29.82","8.13"
"10","016","00","002","0214","0000","145","27","118","5","150","296","0","50.68","9.12"
"10","016","00","002","0214","0065","145","27","118","5","150","296","0","50.68","9.12"
"10","016","00","002","0215","0000","250","83","167","24","274","794","0","34.51","10.45"
"10","016","00","002","0215","0061","250","83","167","24","274","794","0","34.51","10.45"
"10","016","00","002","0216","0000","118","42","76","4","122","257","0","47.47","16.34"
"10","016","00","002","0216","0066","118","42","76","4","122","257","0","47.47","16.34"
"10","016","00","002","0217","0000","28","2","26","1","29","89","0","32.58","2.25"
"10","016","00","002","0217","0067","28","2","26","1","29","89","0","32.58","2.25"
"10","016","00","002","0218","0000","359","119","240","31","390","815","0","47.85","14.6"
"10","016","00","002","0218","0068","359","119","240","31","390","815","0","47.85","14.6"
"10","016","00","002","0219","0000","370","94","276","19","389","975","0","39.9","9.64"
"10","016","00","002","0219","0069","370","94","276","19","389","975","0","39.9","9.64"
"10","016","00","002","0220","0000","288","84","204","28","316","648","0","48.77","12.96"
"10","016","00","002","0220","0070","288","84","204","28","316","648","0","48.77","12.96"
"10","016","00","002","0221","0000","738","216","522","74","812","1739","0","46.69","12.42"
"10","016","00","002","0221","0071","349","103","246","25","374","893","0","41.88","11.53"
"10","016","00","002","0221","0072","389","113","276","49","438","846","0","51.77","13.36"
"10","016","00","002","0222","0000","259","79","180","14","273","729","0","37.45","10.84"
"10","016","00","002","0222","0073","259","79","180","14","273","729","0","37.45","10.84"
"10","016","00","003","0000","0000","3369","886","2483","287","3656","8625","9856","42.39","10.27"
"10","016","00","003","0301","0000","240","64","176","16","256","514","0","49.81","12.45"
"10","016","00","003","0301","0074","240","64","176","16","256","514","0","49.81","12.45"
"10","016","00","003","0302","0000","325","83","242","14","339","657","0","51.6","12.63"
"10","016","00","003","0302","0075","325","83","242","14","339","657","0","51.6","12.63"
"10","016","00","003","0303","0000","68","13","55","4","72","109","0","66.06","11.93"
"10","016","00","003","0303","0076","68","13","55","4","72","109","0","66.06","11.93"
"10","016","00","003","0304","0000","63","16","47","3","66","156","0","42.31","10.26"
"10","016","00","003","0304","0077","63","16","47","3","66","156","0","42.31","10.26"
"10","016","00","003","0305","0000","116","31","85","5","121","293","0","41.3","10.58"
"10","016","00","003","0305","0078","116","31","85","5","121","293","0","41.3","10.58"
"10","016","00","003","0306","0000","72","19","53","1","73","231","0","31.6","8.23"
"10","016","00","003","0306","0079","72","19","53","1","73","231","0","31.6","8.23"
"10","016","00","003","0307","0000","80","27","53","7","87","161","0","54.04","16.77"
"10","016","00","003","0307","0080","80","27","53","7","87","161","0","54.04","16.77"
"10","016","00","003","0308","0000","749","183","566","42","791","1705","0","46.39","10.73"
"10","016","00","003","0308","0081","749","183","566","42","791","1705","0","46.39","10.73"
"10","016","00","003","0309","0000","119","31","88","6","125","285","0","43.86","10.88"
"10","016","00","003","0309","0082","119","31","88","6","125","285","0","43.86","10.88"
"10","016","00","003","0310","0000","208","56","152","13","221","723","0","30.57","7.75"
"10","016","00","003","0310","0083","208","56","152","13","221","723","0","30.57","7.75"
"10","016","00","003","0311","0000","257","79","178","29","286","774","0","36.95","10.21"
"10","016","00","003","0311","0084","257","79","178","29","286","774","0","36.95","10.21"
"10","016","00","003","0312","0000","424","140","284","77","501","1429","0","35.06","9.8"
"10","016","00","003","0312","0085","424","140","284","77","501","1429","0","35.06","9.8"
"10","016","00","003","0313","0000","450","76","374","50","500","1084","0","46.13","7.01"
"10","016","00","003","0313","0086","450","76","374","50","500","1084","0","46.13","7.01"
"10","016","00","003","0314","0000","119","36","83","7","126","251","0","50.2","14.34"
"10","016","00","003","0314","0087","119","36","83","7","126","251","0","50.2","14.34"
"10","016","00","003","0315","0000","79","32","47","13","92","253","0","36.36","12.65"
"10","016","00","003","0315","0088","79","32","47","13","92","253","0","36.36","12.65"
"10","016","00","004","0000","0000","2284","666","1618","270","2554","7382","8396","34.6","9.02"
"10","016","00","004","0401","0000","47","14","33","0","47","283","0","16.61","4.95"
"10","016","00","004","0401","0089","47","14","33","0","47","283","0","16.61","4.95"
"10","016","00","004","0402","0000","112","42","70","12","124","424","0","29.25","9.91"
"10","016","00","004","0402","0090","112","42","70","12","124","424","0","29.25","9.91"
"10","016","00","004","0403","0000","101","24","77","10","111","282","0","39.36","8.51"
"10","016","00","004","0403","0092","101","24","77","10","111","282","0","39.36","8.51"
"10","016","00","004","0404","0000","242","82","160","42","284","826","0","34.38","9.93"
"10","016","00","004","0404","0091","242","82","160","42","284","826","0","34.38","9.93"
"10","016","00","004","0405","0000","223","75","148","38","261","661","0","39.49","11.35"
"10","016","00","004","0405","0093","223","75","148","38","261","661","0","39.49","11.35"
"10","016","00","004","0406","0000","28","8","20","2","30","141","0","21.28","5.67"
"10","016","00","004","0406","0094","28","8","20","2","30","141","0","21.28","5.67"
"10","016","00","004","0407","0000","185","46","139","12","197","635","0","31.02","7.24"
"10","016","00","004","0407","0095","185","46","139","12","197","635","0","31.02","7.24"
"10","016","00","004","0408","0000","69","18","51","5","74","216","0","34.26","8.33"
"10","016","00","004","0408","0096","69","18","51","5","74","216","0","34.26","8.33"
"10","016","00","004","0409","0000","119","41","78","23","142","572","0","24.83","7.17"
"10","016","00","004","0409","0097","119","41","78","23","142","572","0","24.83","7.17"
"10","016","00","004","0410","0000","466","118","348","53","519","1267","0","40.96","9.31"
"10","016","00","004","0410","0098","466","118","348","53","519","1267","0","40.96","9.31"
"10","016","00","004","0411","0000","692","198","494","73","765","2075","0","36.87","9.54"
"10","016","00","004","0411","0099","289","71","218","26","315","942","0","33.44","7.54"
"10","016","00","004","0411","0100","403","127","276","47","450","1133","0","39.72","11.21"
"10","016","00","005","0000","0000","1688","495","1193","156","1844","4628","5237","39.84","10.7"
"10","016","00","005","0501","0000","297","95","202","35","332","734","0","45.23","12.94"
"10","016","00","005","0501","0101","297","95","202","35","332","734","0","45.23","12.94"
"10","016","00","005","0502","0000","176","30","146","14","190","454","0","41.85","6.61"
"10","016","00","005","0502","0102","176","30","146","14","190","454","0","41.85","6.61"
"10","016","00","005","0503","0000","95","24","71","9","104","300","0","34.67","8.0"
"10","016","00","005","0503","0103","95","24","71","9","104","300","0","34.67","8.0"
"10","016","00","005","0504","0000","209","54","155","30","239","471","0","50.74","11.46"
"10","016","00","005","0504","0104","209","54","155","30","239","471","0","50.74","11.46"
"10","016","00","005","0505","0000","476","153","323","46","522","1414","0","36.92","10.82"
"10","016","00","005","0505","0105","206","69","137","14","220","672","0","32.74","10.27"
"10","016","00","005","0505","0106","270","84","186","32","302","742","0","40.7","11.32"
"10","016","00","005","0506","0000","199","64","135","2","201","476","0","42.23","13.45"
"10","016","00","005","0506","0108","199","64","135","2","201","476","0","42.23","13.45"
"10","016","00","005","0507","0000","53","21","32","3","56","208","0","26.92","10.1"
"10","016","00","005","0507","0109","53","21","32","3","56","208","0","26.92","10.1"
"10","016","00","005","0508","0000","95","33","62","14","109","264","0","41.29","12.5"
"10","016","00","005","0508","0107","95","33","62","14","109","264","0","41.29","12.5"
"10","016","00","005","0509","0000","88","21","67","3","91","307","0","29.64","6.84"
"10","016","00","005","0509","0110","88","21","67","3","91","307","0","29.64","6.84"
"10","016","00","006","0000","0000","942","317","625","79","1021","3374","3855","30.26","9.4"
"10","016","00","006","0601","0000","64","26","38","3","67","248","0","27.02","10.48"
"10","016","00","006","0601","0111","64","26","38","3","67","248","0","27.02","10.48"
"10","016","00","006","0602","0000","183","59","124","21","204","581","0","35.11","10.15"
"10","016","00","006","0602","0112","183","59","124","21","204","581","0","35.11","10.15"
"10","016","00","006","0603","0000","202","77","125","25","227","641","0","35.41","12.01"
"10","016","00","006","0603","0113","202","77","125","25","227","641","0","35.41","12.01"
"10","016","00","006","0604","0000","114","32","82","4","118","382","0","30.89","8.38"
"10","016","00","006","0604","0114","114","32","82","4","118","382","0","30.89","8.38"
"10","016","00","006","0605","0000","79","23","56","6","85","351","0","24.22","6.55"
"10","016","00","006","0605","0115","79","23","56","6","85","351","0","24.22","6.55"
"10","016","00","006","0606","0000","300","100","200","20","320","1171","0","27.33","8.54"
"10","016","00","006","0606","0116","300","100","200","20","320","1171","0","27.33","8.54"
"10","017","00","000","0000","0000","156965","53224","103741","8372","165337","320030","370269","51.66","16.63"
"10","017","00","001","0000","0000","20130","6497","13633","1355","21485","45545","51716","47.17","14.27"
"10","017","00","001","0101","0000","412","100","312","29","441","709","0","62.2","14.1"
"10","017","00","001","0101","0035","412","100","312","29","441","709","0","62.2","14.1"
"10","017","00","001","0102","0000","596","192","404","43","639","1219","0","52.42","15.75"
"10","017","00","001","0102","0033","596","192","404","43","639","1219","0","52.42","15.75"
"10","017","00","001","0103","0000","430","149","281","27","457","904","0","50.55","16.48"
"10","017","00","001","0103","0034","430","149","281","27","457","904","0","50.55","16.48"
"10","017","00","001","0104","0000","505","176","329","42","547","1037","0","52.75","16.97"
"10","017","00","001","0104","0032","505","176","329","42","547","1037","0","52.75","16.97"
"10","017","00","001","0105","0000","629","188","441","42","671","1210","0","55.45","15.54"
"10","017","00","001","0105","0031","629","188","441","42","671","1210","0","55.45","15.54"
"10","017","00","001","0106","0000","564","210","354","58","622","1175","0","52.94","17.87"
"10","017","00","001","0106","0030","564","210","354","58","622","1175","0","52.94","17.87"
"10","017","00","001","0107","0000","582","165","417","42","624","1267","0","49.25","13.02"
"10","017","00","001","0107","0029","582","165","417","42","624","1267","0","49.25","13.02"
"10","017","00","001","0108","0000","391","128","263","38","429","802","0","53.49","15.96"
"10","017","00","001","0108","0028","391","128","263","38","429","802","0","53.49","15.96"
"10","017","00","001","0109","0000","604","326","278","51","655","1594","0","41.09","20.45"
"10","017","00","001","0109","0027","604","326","278","51","655","1594","0","41.09","20.45"
"10","017","00","001","0110","0000","1061","337","724","60","1121","2316","0","48.4","14.55"
"10","017","00","001","0110","0025","414","138","276","38","452","859","0","52.62","16.07"
"10","017","00","001","0110","0026","647","199","448","22","669","1457","0","45.92","13.66"
"10","017","00","001","0111","0000","683","229","454","56","739","1341","0","55.11","17.08"
"10","017","00","001","0111","0024","683","229","454","56","739","1341","0","55.11","17.08"
"10","017","00","001","0112","0000","920","299","621","76","996","2000","0","49.8","14.95"
"10","017","00","001","0112","0022","532","179","353","41","573","1138","0","50.35","15.73"
"10","017","00","001","0112","0023","388","120","268","35","423","862","0","49.07","13.92"
"10","017","00","001","0113","0000","979","286","693","55","1034","1960","0","52.76","14.59"
"10","017","00","001","0113","0020","540","151","389","37","577","1090","0","52.94","13.85"
"10","017","00","001","0113","0021","439","135","304","18","457","870","0","52.53","15.52"
"10","017","00","001","0114","0000","610","194","416","27","637","1270","0","50.16","15.28"
"10","017","00","001","0114","0019","610","194","416","27","637","1270","0","50.16","15.28"
"10","017","00","001","0115","0000","522","142","380","31","553","1166","0","47.43","12.18"
"10","017","00","001","0115","0016","522","142","380","31","553","1166","0","47.43","12.18"
"10","017","00","001","0116","0000","802","182","620","74","876","1753","0","49.97","10.38"
"10","017","00","001","0116","0014","802","182","620","74","876","1753","0","49.97","10.38"
"10","017","00","001","0117","0000","393","116","277","48","441","984","0","44.82","11.79"
"10","017","00","001","0117","0015","393","116","277","48","441","984","0","44.82","11.79"
"10","017","00","001","0118","0000","523","175","348","64","587","1261","0","46.55","13.88"
"10","017","00","001","0118","0013","523","175","348","64","587","1261","0","46.55","13.88"
"10","017","00","001","0119","0000","600","212","388","47","647","1474","0","43.89","14.38"
"10","017","00","001","0119","0005","600","212","388","47","647","1474","0","43.89","14.38"
"10","017","00","001","0120","0000","502","173","329","56","558","1271","0","43.9","13.61"
"10","017","00","001","0120","0006","502","173","329","56","558","1271","0","43.9","13.61"
"10","017","00","001","0121","0000","237","72","165","19","256","466","0","54.94","15.45"
"10","017","00","001","0121","0001","237","72","165","19","256","466","0","54.94","15.45"
"10","017","00","001","0122","0000","2070","659","1411","87","2157","5256","0","41.04","12.54"
"10","017","00","001","0122","0002","520","155","365","24","544","1262","0","43.11","12.28"
"10","017","00","001","0122","0003","511","151","360","45","556","1171","0","47.48","12.89"
"10","017","00","001","0122","0004","1039","353","686","18","1057","2823","0","37.44","12.5"
"10","017","00","001","0123","0000","610","230","380","18","628","1694","0","37.07","13.58"
"10","017","00","001","0123","0018","610","230","380","18","628","1694","0","37.07","13.58"
"10","017","00","001","0124","0000","443","149","294","28","471","973","0","48.41","15.31"
"10","017","00","001","0124","0017","443","149","294","28","471","973","0","48.41","15.31"
"10","017","00","001","0125","0000","2387","771","1616","80","2467","5430","0","45.43","14.2"
"10","017","00","001","0125","0010","637","220","417","18","655","1352","0","48.45","16.27"
"10","017","00","001","0125","0011","640","181","459","22","662","1413","0","46.85","12.81"
"10","017","00","001","0125","0012","1110","370","740","40","1150","2665","0","43.15","13.88"
"10","017","00","001","0126","0000","2075","637","1438","157","2232","5013","0","44.52","12.71"
"10","017","00","001","0126","0007","1106","353","753","64","1170","2707","0","43.22","13.04"
"10","017","00","001","0126","0008","677","188","489","80","757","1545","0","49.0","12.17"
"10","017","00","001","0126","0009","292","96","196","13","305","761","0","40.08","12.61"
"10","017","00","002","0000","0000","23167","7825","15342","1340","24507","46256","53819","52.98","16.92"
"10","017","00","002","0201","0000","1934","604","1330","123","2057","3754","0","54.79","16.09"
"10","017","00","002","0201","0219","668","198","470","48","716","1258","0","56.92","15.74"
"10","017","00","002","0201","0220","640","193","447","51","691","1237","0","55.86","15.6"
"10","017","00","002","0201","0221","626","213","413","24","650","1259","0","51.63","16.92"
"10","017","00","002","0202","0000","1119","351","768","89","1208","2464","0","49.03","14.25"
"10","017","00","002","0202","0222","518","165","353","48","566","1120","0","50.54","14.73"
"10","017","00","002","0202","0223","601","186","415","41","642","1344","0","47.77","13.84"
"10","017","00","002","0203","0000","1894","582","1312","114","2008","3568","0","56.28","16.31"
"10","017","00","002","0203","0226","914","261","653","59","973","1735","0","56.08","15.04"
"10","017","00","002","0203","0227","980","321","659","55","1035","1833","0","56.46","17.51"
"10","017","00","002","0204","0000","1034","337","697","59","1093","1900","0","57.53","17.74"
"10","017","00","002","0204","0228","507","167","340","14","521","938","0","55.54","17.8"
"10","017","00","002","0204","0229","527","170","357","45","572","962","0","59.46","17.67"
"10","017","00","002","0205","0000","1193","351","842","59","1252","2190","0","57.17","16.03"
"10","017","00","002","0205","0230","651","208","443","26","677","1191","0","56.84","17.46"
"10","017","00","002","0205","0231","542","143","399","33","575","999","0","57.56","14.31"
"10","017","00","002","0206","0000","738","266","472","42","780","1525","0","51.15","17.44"
"10","017","00","002","0206","0232","131","44","87","8","139","282","0","49.29","15.6"
"10","017","00","002","0206","0233","607","222","385","34","641","1243","0","51.57","17.86"
"10","017","00","002","0207","0000","526","182","344","44","570","1092","0","52.2","16.67"
"10","017","00","002","0207","0234","526","182","344","44","570","1092","0","52.2","16.67"
"10","017","00","002","0208","0000","1078","345","733","58","1136","2260","0","50.27","15.27"
"10","017","00","002","0208","0238","441","126","315","20","461","975","0","47.28","12.92"
"10","017","00","002","0208","0239","637","219","418","38","675","1285","0","52.53","17.04"
"10","017","00","002","0209","0000","2137","708","1429","114","2251","4286","0","52.52","16.52"
"10","017","00","002","0209","0235","630","201","429","43","673","1246","0","54.01","16.13"
"10","017","00","002","0209","0236","829","297","532","38","867","1722","0","50.35","17.25"
"10","017","00","002","0209","0237","678","210","468","33","711","1318","0","53.95","15.93"
"10","017","00","002","0210","0000","1728","598","1130","130","1858","3463","0","53.65","17.27"
"10","017","00","002","0210","0244","880","294","586","72","952","1774","0","53.66","16.57"
"10","017","00","002","0210","0245","848","304","544","58","906","1689","0","53.64","18.0"
"10","017","00","002","0211","0000","934","318","616","61","995","2066","0","48.16","15.39"
"10","017","00","002","0211","0240","491","163","328","31","522","1077","0","48.47","15.13"
"10","017","00","002","0211","0241","443","155","288","30","473","989","0","47.83","15.67"
"10","017","00","002","0212","0000","223","76","147","8","231","428","0","53.97","17.76"
"10","017","00","002","0212","0253","223","76","147","8","231","428","0","53.97","17.76"
"10","017","00","002","0213","0000","169","53","116","28","197","326","0","60.43","16.26"
"10","017","00","002","0213","0254","169","53","116","28","197","326","0","60.43","16.26"
"10","017","00","002","0214","0000","235","65","170","16","251","351","0","71.51","18.52"
"10","017","00","002","0214","0255","235","65","170","16","251","351","0","71.51","18.52"
"10","017","00","002","0215","0000","874","291","583","21","895","1871","0","47.84","15.55"
"10","017","00","002","0215","0256","874","291","583","21","895","1871","0","47.84","15.55"
"10","017","00","002","0216","0000","195","50","145","13","208","448","0","46.43","11.16"
"10","017","00","002","0216","0257","195","50","145","13","208","448","0","46.43","11.16"
"10","017","00","002","0217","0000","1060","344","716","44","1104","1936","0","57.02","17.77"
"10","017","00","002","0217","0224","591","192","399","28","619","1011","0","61.23","18.99"
"10","017","00","002","0217","0225","469","152","317","16","485","925","0","52.43","16.43"
"10","017","00","002","0218","0000","2901","1004","1897","133","3034","6059","0","50.07","16.57"
"10","017","00","002","0218","0246","639","216","423","51","690","1355","0","50.92","15.94"
"10","017","00","002","0218","0247","728","281","447","38","766","1512","0","50.66","18.58"
"10","017","00","002","0218","0248","708","231","477","17","725","1486","0","48.79","15.55"
"10","017","00","002","0218","0249","826","276","550","27","853","1706","0","50.0","16.18"
"10","017","00","002","0219","0000","1996","891","1105","119","2115","3803","0","55.61","23.43"
"10","017","00","002","0219","0250","714","426","288","42","756","1384","0","54.62","30.78"
"10","017","00","002","0219","0251","588","216","372","38","626","1045","0","59.9","20.67"
"10","017","00","002","0219","0252","694","249","445","39","733","1374","0","53.35","18.12"
"10","017","00","002","0220","0000","1199","409","790","65","1264","2466","0","51.26","16.59"
"10","017","00","002","0220","0242","566","187","379","34","600","1193","0","50.29","15.67"
"10","017","00","002","0220","0243","633","222","411","31","664","1273","0","52.16","17.44"
"10","017","00","003","0000","0000","16985","5920","11065","713","17698","33225","38606","53.27","17.82"
"10","017","00","003","0301","0000","679","226","453","31","710","1431","0","49.62","15.79"
"10","017","00","003","0301","0191","679","226","453","31","710","1431","0","49.62","15.79"
"10","017","00","003","0302","0000","330","112","218","28","358","637","0","56.2","17.58"
"10","017","00","003","0302","0193","330","112","218","28","358","637","0","56.2","17.58"
"10","017","00","003","0303","0000","413","136","277","22","435","735","0","59.18","18.5"
"10","017","00","003","0303","0194","413","136","277","22","435","735","0","59.18","18.5"
"10","017","00","003","0304","0000","1746","581","1165","84","1830","3641","0","50.26","15.96"
"10","017","00","003","0304","0195","498","152","346","21","519","1078","0","48.14","14.1"
"10","017","00","003","0304","0196","603","212","391","33","636","1238","0","51.37","17.12"
"10","017","00","003","0304","0197","645","217","428","30","675","1325","0","50.94","16.38"
"10","017","00","003","0305","0000","1384","443","941","62","1446","2626","0","55.06","16.87"
"10","017","00","003","0305","0206","704","230","474","28","732","1267","0","57.77","18.15"
"10","017","00","003","0305","0207","680","213","467","34","714","1359","0","52.54","15.67"
"10","017","00","003","0306","0000","1524","482","1042","60","1584","2916","0","54.32","16.53"
"10","017","00","003","0306","0208","550","139","411","20","570","970","0","58.76","14.33"
"10","017","00","003","0306","0209","520","177","343","13","533","1002","0","53.19","17.66"
"10","017","00","003","0306","0210","454","166","288","27","481","944","0","50.95","17.58"
"10","017","00","003","0307","0000","1276","440","836","53","1329","2553","0","52.06","17.23"
"10","017","00","003","0307","0200","628","218","410","29","657","1110","0","59.19","19.64"
"10","017","00","003","0307","0201","648","222","426","24","672","1443","0","46.57","15.38"
"10","017","00","003","0308","0000","1506","686","820","46","1552","2654","0","58.48","25.85"
"10","017","00","003","0308","0198","960","472","488","28","988","1475","0","66.98","32.0"
"10","017","00","003","0308","0199","546","214","332","18","564","1179","0","47.84","18.15"
"10","017","00","003","0309","0000","204","72","132","20","224","415","0","53.98","17.35"
"10","017","00","003","0309","0202","204","72","132","20","224","415","0","53.98","17.35"
"10","017","00","003","0310","0000","2334","822","1512","96","2430","4551","0","53.39","18.06"
"10","017","00","003","0310","0203","664","249","415","15","679","1378","0","49.27","18.07"
"10","017","00","003","0310","0204","787","272","515","28","815","1570","0","51.91","17.32"
"10","017","00","003","0310","0205","883","301","582","53","936","1603","0","58.39","18.78"
"10","017","00","003","0311","0000","213","60","153","5","218","456","0","47.81","13.16"
"10","017","00","003","0311","0192","213","60","153","5","218","456","0","47.81","13.16"
"10","017","00","003","0312","0000","2578","929","1649","116","2694","4893","0","55.06","18.99"
"10","017","00","003","0312","0215","704","259","445","27","731","1328","0","55.05","19.5"
"10","017","00","003","0312","0216","601","207","394","17","618","1173","0","52.69","17.65"
"10","017","00","003","0312","0217","550","218","332","51","601","1019","0","58.98","21.39"
"10","017","00","003","0312","0218","723","245","478","21","744","1373","0","54.19","17.84"
"10","017","00","003","0313","0000","2798","931","1867","90","2888","5717","0","50.52","16.28"
"10","017","00","003","0313","0211","820","279","541","24","844","1500","0","56.27","18.6"
"10","017","00","003","0313","0212","572","173","399","21","593","1442","0","41.12","12.0"
"10","017","00","003","0313","0213","620","214","406","12","632","1165","0","54.25","18.37"
"10","017","00","003","0313","0214","786","265","521","33","819","1610","0","50.87","16.46"
"10","017","00","004","0000","0000","18251","6151","12100","1309","19560","36738","43950","53.24","16.74"
"10","017","00","004","0401","0000","750","264","486","78","828","1782","0","46.46","14.81"
"10","017","00","004","0401","0072","750","264","486","78","828","1782","0","46.46","14.81"
"10","017","00","004","0402","0000","555","179","376","44","599","1055","0","56.78","16.97"
"10","017","00","004","0402","0073","555","179","376","44","599","1055","0","56.78","16.97"
"10","017","00","004","0403","0000","699","217","482","34","733","1558","0","47.05","13.93"
"10","017","00","004","0403","0074","699","217","482","34","733","1558","0","47.05","13.93"
"10","017","00","004","0404","0000","839","248","591","43","882","1736","0","50.81","14.29"
"10","017","00","004","0404","0075","839","248","591","43","882","1736","0","50.81","14.29"
"10","017","00","004","0405","0000","1294","397","897","62","1356","2352","0","57.65","16.88"
"10","017","00","004","0405","0076","699","210","489","34","733","1243","0","58.97","16.89"
"10","017","00","004","0405","0077","595","187","408","28","623","1109","0","56.18","16.86"
"10","017","00","004","0406","0000","924","281","643","42","966","1684","0","57.36","16.69"
"10","017","00","004","0406","0078","924","281","643","42","966","1684","0","57.36","16.69"
"10","017","00","004","0407","0000","479","168","311","29","508","919","0","55.28","18.28"
"10","017","00","004","0407","0079","479","168","311","29","508","919","0","55.28","18.28"
"10","017","00","004","0408","0000","491","181","310","14","505","991","0","50.96","18.26"
"10","017","00","004","0408","0080","491","181","310","14","505","991","0","50.96","18.26"
"10","017","00","004","0409","0000","460","154","306","10","470","876","0","53.65","17.58"
"10","017","00","004","0409","0081","460","154","306","10","470","876","0","53.65","17.58"
"10","017","00","004","0410","0000","816","260","556","59","875","1480","0","59.12","17.57"
"10","017","00","004","0410","0082","573","182","391","39","612","1046","0","58.51","17.4"
"10","017","00","004","0410","0083","243","78","165","20","263","434","0","60.6","17.97"
"10","017","00","004","0411","0000","302","142","160","46","348","764","0","45.55","18.59"
"10","017","00","004","0411","0084","302","142","160","46","348","764","0","45.55","18.59"
"10","017","00","004","0412","0000","477","186","291","27","504","968","0","52.07","19.21"
"10","017","00","004","0412","0085","477","186","291","27","504","968","0","52.07","19.21"
"10","017","00","004","0413","0000","1174","382","792","83","1257","2641","0","47.6","14.46"
"10","017","00","004","0413","0086","637","210","427","47","684","1326","0","51.58","15.84"
"10","017","00","004","0413","0087","537","172","365","36","573","1315","0","43.57","13.08"
"10","017","00","004","0414","0000","411","138","273","38","449","775","0","57.94","17.81"
"10","017","00","004","0414","0088","411","138","273","38","449","775","0","57.94","17.81"
"10","017","00","004","0415","0000","682","237","445","70","752","1326","0","56.71","17.87"
"10","017","00","004","0415","0089","324","113","211","50","374","652","0","57.36","17.33"
"10","017","00","004","0415","0090","358","124","234","20","378","674","0","56.08","18.4"
"10","017","00","004","0416","0000","373","128","245","36","409","789","0","51.84","16.22"
"10","017","00","004","0416","0091","373","128","245","36","409","789","0","51.84","16.22"
"10","017","00","004","0417","0000","843","284","559","59","902","1715","0","52.59","16.56"
"10","017","00","004","0417","0092","843","284","559","59","902","1715","0","52.59","16.56"
"10","017","00","004","0418","0000","420","143","277","39","459","849","0","54.06","16.84"
"10","017","00","004","0418","0093","420","143","277","39","459","849","0","54.06","16.84"
"10","017","00","004","0419","0000","465","137","328","20","485","875","0","55.43","15.66"
"10","017","00","004","0419","0094","465","137","328","20","485","875","0","55.43","15.66"
"10","017","00","004","0420","0000","396","148","248","40","436","851","0","51.23","17.39"
"10","017","00","004","0420","0095","396","148","248","40","436","851","0","51.23","17.39"
"10","017","00","004","0421","0000","393","140","253","34","427","735","0","58.1","19.05"
"10","017","00","004","0421","0096","393","140","253","34","427","735","0","58.1","19.05"
"10","017","00","004","0422","0000","481","152","329","56","537","1009","0","53.22","15.06"
"10","017","00","004","0422","0097","481","152","329","56","537","1009","0","53.22","15.06"
"10","017","00","004","0423","0000","486","159","327","46","532","1082","0","49.17","14.7"
"10","017","00","004","0423","0098","486","159","327","46","532","1082","0","49.17","14.7"
"10","017","00","004","0424","0000","1428","496","932","106","1534","2797","0","54.84","17.73"
"10","017","00","004","0424","0099","598","212","386","64","662","1278","0","51.8","16.59"
"10","017","00","004","0424","0100","830","284","546","42","872","1519","0","57.41","18.7"
"10","017","00","004","0425","0000","350","128","222","33","383","708","0","54.1","18.08"
"10","017","00","004","0425","0103","350","128","222","33","383","708","0","54.1","18.08"
"10","017","00","004","0426","0000","332","113","219","24","356","567","0","62.79","19.93"
"10","017","00","004","0426","0104","332","113","219","24","356","567","0","62.79","19.93"
"10","017","00","004","0427","0000","374","153","221","40","414","751","0","55.13","20.37"
"10","017","00","004","0427","0105","374","153","221","40","414","751","0","55.13","20.37"
"10","017","00","004","0428","0000","333","129","204","20","353","589","0","59.93","21.9"
"10","017","00","004","0428","0106","333","129","204","20","353","589","0","59.93","21.9"
"10","017","00","004","0429","0000","1224","407","817","77","1301","2514","0","51.75","16.19"
"10","017","00","004","0429","0101","564","198","366","36","600","1336","0","44.91","14.82"
"10","017","00","004","0429","0102","660","209","451","41","701","1178","0","59.51","17.74"
"10","017","00","005","0000","0000","20145","6749","13396","1141","21286","41856","47428","50.86","16.12"
"10","017","00","005","0501","0000","386","128","258","23","409","796","0","51.38","16.08"
"10","017","00","005","0501","0107","386","128","258","23","409","796","0","51.38","16.08"
"10","017","00","005","0502","0000","595","192","403","45","640","1036","0","61.78","18.53"
"10","017","00","005","0502","0108","595","192","403","45","640","1036","0","61.78","18.53"
"10","017","00","005","0503","0000","399","128","271","37","436","756","0","57.67","16.93"
"10","017","00","005","0503","0109","399","128","271","37","436","756","0","57.67","16.93"
"10","017","00","005","0504","0000","418","164","254","20","438","957","0","45.77","17.14"
"10","017","00","005","0504","0110","418","164","254","20","438","957","0","45.77","17.14"
"10","017","00","005","0505","0000","421","138","283","17","438","802","0","54.61","17.21"
"10","017","00","005","0505","0111","421","138","283","17","438","802","0","54.61","17.21"
"10","017","00","005","0506","0000","633","214","419","37","670","1263","0","53.05","16.94"
"10","017","00","005","0506","0112","633","214","419","37","670","1263","0","53.05","16.94"
"10","017","00","005","0507","0000","426","143","283","19","445","778","0","57.2","18.38"
"10","017","00","005","0507","0113","426","143","283","19","445","778","0","57.2","18.38"
"10","017","00","005","0508","0000","578","191","387","83","661","1180","0","56.02","16.19"
"10","017","00","005","0508","0114","578","191","387","83","661","1180","0","56.02","16.19"
"10","017","00","005","0509","0000","455","150","305","23","478","990","0","48.28","15.15"
"10","017","00","005","0509","0115","455","150","305","23","478","990","0","48.28","15.15"
"10","017","00","005","0510","0000","531","181","350","23","554","1332","0","41.59","13.59"
"10","017","00","005","0510","0116","531","181","350","23","554","1332","0","41.59","13.59"
"10","017","00","005","0511","0000","802","274","528","41","843","1770","0","47.63","15.48"
"10","017","00","005","0511","0117","383","128","255","21","404","848","0","47.64","15.09"
"10","017","00","005","0511","0118","419","146","273","20","439","922","0","47.61","15.84"
"10","017","00","005","0512","0000","683","246","437","34","717","1584","0","45.27","15.53"
"10","017","00","005","0512","0122","683","246","437","34","717","1584","0","45.27","15.53"
"10","017","00","005","0513","0000","468","145","323","26","494","1319","0","37.45","10.99"
"10","017","00","005","0513","0123","468","145","323","26","494","1319","0","37.45","10.99"
"10","017","00","005","0514","0000","266","73","193","21","287","574","0","50.0","12.72"
"10","017","00","005","0514","0120","266","73","193","21","287","574","0","50.0","12.72"
"10","017","00","005","0515","0000","416","147","269","39","455","877","0","51.88","16.76"
"10","017","00","005","0515","0121","416","147","269","39","455","877","0","51.88","16.76"
"10","017","00","005","0516","0000","379","148","231","45","424","715","0","59.3","20.7"
"10","017","00","005","0516","0141","379","148","231","45","424","715","0","59.3","20.7"
"10","017","00","005","0517","0000","473","145","328","40","513","849","0","60.42","17.08"
"10","017","00","005","0517","0140","473","145","328","40","513","849","0","60.42","17.08"
"10","017","00","005","0518","0000","424","132","292","22","446","932","0","47.85","14.16"
"10","017","00","005","0518","0139","424","132","292","22","446","932","0","47.85","14.16"
"10","017","00","005","0519","0000","692","221","471","66","758","1642","0","46.16","13.46"
"10","017","00","005","0519","0138","692","221","471","66","758","1642","0","46.16","13.46"
"10","017","00","005","0520","0000","2831","958","1873","109","2940","5387","0","54.58","17.78"
"10","017","00","005","0520","0126","1087","373","714","31","1118","2088","0","53.54","17.86"
"10","017","00","005","0520","0127","1024","351","673","29","1053","1946","0","54.11","18.04"
"10","017","00","005","0520","0128","720","234","486","49","769","1353","0","56.84","17.29"
"10","017","00","005","0521","0000","2821","931","1890","152","2973","5560","0","53.47","16.74"
"10","017","00","005","0521","0129","640","202","438","46","686","1317","0","52.09","15.34"
"10","017","00","005","0521","0130","467","155","312","30","497","870","0","57.13","17.82"
"10","017","00","005","0521","0131","695","211","484","28","723","1322","0","54.69","15.96"
"10","017","00","005","0521","0132","583","218","365","24","607","1295","0","46.87","16.83"
"10","017","00","005","0521","0133","436","145","291","24","460","756","0","60.85","19.18"
"10","017","00","005","0522","0000","1791","641","1150","87","1878","3815","0","49.23","16.8"
"10","017","00","005","0522","0124","904","293","611","66","970","1938","0","50.05","15.12"
"10","017","00","005","0522","0125","887","348","539","21","908","1877","0","48.38","18.54"
"10","017","00","005","0523","0000","262","79","183","11","273","459","0","59.48","17.21"
"10","017","00","005","0523","0119","262","79","183","11","273","459","0","59.48","17.21"
"10","017","00","005","0524","0000","2995","980","2015","121","3116","6483","0","48.06","15.12"
"10","017","00","005","0524","0134","697","227","470","26","723","1602","0","45.13","14.17"
"10","017","00","005","0524","0135","709","234","475","32","741","1568","0","47.26","14.92"
"10","017","00","005","0524","0136","701","242","459","38","739","1404","0","52.64","17.24"
"10","017","00","005","0524","0137","888","277","611","25","913","1909","0","47.83","14.51"
"10","017","00","006","0000","0000","35094","12394","22700","1570","36664","70396","82263","52.08","17.61"
"10","017","00","006","0601","0000","564","161","403","26","590","1213","0","48.64","13.27"
"10","017","00","006","0601","0143","564","161","403","26","590","1213","0","48.64","13.27"
"10","017","00","006","0602","0000","440","115","325","26","466","1026","0","45.42","11.21"
"10","017","00","006","0602","0144","440","115","325","26","466","1026","0","45.42","11.21"
"10","017","00","006","0603","0000","618","176","442","52","670","1361","0","49.23","12.93"
"10","017","00","006","0603","0142","618","176","442","52","670","1361","0","49.23","12.93"
"10","017","00","006","0604","0000","574","188","386","55","629","1038","0","60.6","18.11"
"10","017","00","006","0604","0145","574","188","386","55","629","1038","0","60.6","18.11"
"10","017","00","006","0605","0000","468","177","291","47","515","897","0","57.41","19.73"
"10","017","00","006","0605","0146","468","177","291","47","515","897","0","57.41","19.73"
"10","017","00","006","0606","0000","914","295","619","68","982","2042","0","48.09","14.45"
"10","017","00","006","0606","0147","688","227","461","57","745","1401","0","53.18","16.2"
"10","017","00","006","0606","0148","226","68","158","11","237","641","0","36.97","10.61"
"10","017","00","006","0607","0000","952","299","653","57","1009","1944","0","51.9","15.38"
"10","017","00","006","0607","0149","702","224","478","44","746","1472","0","50.68","15.22"
"10","017","00","006","0607","0150","250","75","175","13","263","472","0","55.72","15.89"
"10","017","00","006","0608","0000","1531","516","1015","85","1616","3250","0","49.72","15.88"
"10","017","00","006","0608","0153","879","292","587","38","917","1901","0","48.24","15.36"
"10","017","00","006","0608","0154","652","224","428","47","699","1349","0","51.82","16.6"
"10","017","00","006","0609","0000","474","154","320","26","500","841","0","59.45","18.31"
"10","017","00","006","0609","0151","474","154","320","26","500","841","0","59.45","18.31"
"10","017","00","006","0610","0000","276","99","177","29","305","571","0","53.42","17.34"
"10","017","00","006","0610","0152","276","99","177","29","305","571","0","53.42","17.34"
"10","017","00","006","0611","0000","1930","960","970","99","2029","3922","0","51.73","24.48"
"10","017","00","006","0611","0179","995","659","336","56","1051","1960","0","53.62","33.62"
"10","017","00","006","0611","0180","935","301","634","43","978","1962","0","49.85","15.34"
"10","017","00","006","0612","0000","809","285","524","37","846","1641","0","51.55","17.37"
"10","017","00","006","0612","0186","809","285","524","37","846","1641","0","51.55","17.37"
"10","017","00","006","0613","0000","2658","973","1685","107","2765","5289","0","52.28","18.4"
"10","017","00","006","0613","0187","623","207","416","37","660","1279","0","51.6","16.18"
"10","017","00","006","0613","0188","676","267","409","23","699","1360","0","51.4","19.63"
"10","017","00","006","0613","0189","740","271","469","24","764","1399","0","54.61","19.37"
"10","017","00","006","0613","0190","619","228","391","23","642","1251","0","51.32","18.23"
"10","017","00","006","0614","0000","1898","615","1283","89","1987","3946","0","50.35","15.59"
"10","017","00","006","0614","0181","1040","321","719","57","1097","2117","0","51.82","15.16"
"10","017","00","006","0614","0182","858","294","564","32","890","1829","0","48.66","16.07"
"10","017","00","006","0615","0000","1291","399","892","85","1376","2576","0","53.42","15.49"
"10","017","00","006","0615","0155","596","168","428","32","628","1225","0","51.27","13.71"
"10","017","00","006","0615","0156","695","231","464","53","748","1351","0","55.37","17.1"
"10","017","00","006","0616","0000","2575","1073","1502","84","2659","4768","0","55.77","22.5"
"10","017","00","006","0616","0159","840","280","560","32","872","1613","0","54.06","17.36"
"10","017","00","006","0616","0160","913","497","416","28","941","1731","0","54.36","28.71"
"10","017","00","006","0616","0161","822","296","526","24","846","1424","0","59.41","20.79"
"10","017","00","006","0617","0000","1760","545","1215","103","1863","3485","0","53.46","15.64"
"10","017","00","006","0617","0162","872","265","607","54","926","1806","0","51.27","14.67"
"10","017","00","006","0617","0163","888","280","608","49","937","1679","0","55.81","16.68"
"10","017","00","006","0618","0000","2048","860","1188","55","2103","3942","0","53.35","21.82"
"10","017","00","006","0618","0164","973","347","626","42","1015","1902","0","53.36","18.24"
"10","017","00","006","0618","0165","1075","513","562","13","1088","2040","0","53.33","25.15"
"10","017","00","006","0619","0000","1271","406","865","63","1334","2556","0","52.19","15.88"
"10","017","00","006","0619","0166","676","217","459","33","709","1313","0","54.0","16.53"
"10","017","00","006","0619","0167","595","189","406","30","625","1243","0","50.28","15.21"
"10","017","00","006","0620","0000","1353","461","892","39","1392","2968","0","46.9","15.53"
"10","017","00","006","0620","0171","652","226","426","23","675","1557","0","43.35","14.52"
"10","017","00","006","0620","0172","701","235","466","16","717","1411","0","50.82","16.65"
"10","017","00","006","0621","0000","2269","750","1519","58","2327","4538","0","51.28","16.53"
"10","017","00","006","0621","0183","718","251","467","20","738","1529","0","48.27","16.42"
"10","017","00","006","0621","0184","922","310","612","27","949","1869","0","50.78","16.59"
"10","017","00","006","0621","0185","629","189","440","11","640","1140","0","56.14","16.58"
"10","017","00","006","0622","0000","1814","691","1123","74","1888","3319","0","56.88","20.82"
"10","017","00","006","0622","0168","863","322","541","36","899","1759","0","51.11","18.31"
"10","017","00","006","0622","0169","422","157","265","16","438","694","0","63.11","22.62"
"10","017","00","006","0622","0170","529","212","317","22","551","866","0","63.63","24.48"
"10","017","00","006","0623","0000","2131","707","1424","78","2209","4650","0","47.51","15.2"
"10","017","00","006","0623","0176","804","271","533","15","819","1673","0","48.95","16.2"
"10","017","00","006","0623","0177","528","163","365","32","560","1054","0","53.13","15.46"
"10","017","00","006","0623","0178","799","273","526","31","830","1923","0","43.16","14.2"
"10","017","00","006","0624","0000","2330","812","1518","73","2403","4499","0","53.41","18.05"
"10","017","00","006","0624","0173","867","309","558","23","890","1568","0","56.76","19.71"
"10","017","00","006","0624","0174","691","238","453","34","725","1400","0","51.79","17.0"
"10","017","00","006","0624","0175","772","265","507","16","788","1531","0","51.47","17.31"
"10","017","00","006","0625","0000","2146","677","1469","55","2201","4114","0","53.5","16.46"
"10","017","00","006","0625","0157","890","317","573","21","911","1601","0","56.9","19.8"
"10","017","00","006","0625","0158","1256","360","896","34","1290","2513","0","51.33","14.33"
"10","017","00","007","0000","0000","23193","7688","15505","944","24137","46014","52487","52.46","16.71"
"10","017","00","007","0701","0000","590","223","367","27","617","1096","0","56.3","20.35"
"10","017","00","007","0701","0036","590","223","367","27","617","1096","0","56.3","20.35"
"10","017","00","007","0702","0000","698","239","459","33","731","1232","0","59.33","19.4"
"10","017","00","007","0702","0037","698","239","459","33","731","1232","0","59.33","19.4"
"10","017","00","007","0703","0000","637","249","388","21","658","1184","0","55.57","21.03"
"10","017","00","007","0703","0038","637","249","388","21","658","1184","0","55.57","21.03"
"10","017","00","007","0704","0000","1263","393","870","68","1331","2321","0","57.35","16.93"
"10","017","00","007","0704","0039","626","183","443","39","665","1133","0","58.69","16.15"
"10","017","00","007","0704","0040","637","210","427","29","666","1188","0","56.06","17.68"
"10","017","00","007","0705","0000","394","133","261","31","425","725","0","58.62","18.34"
"10","017","00","007","0705","0041","394","133","261","31","425","725","0","58.62","18.34"
"10","017","00","007","0706","0000","688","214","474","36","724","1524","0","47.51","14.04"
"10","017","00","007","0706","0042","688","214","474","36","724","1524","0","47.51","14.04"
"10","017","00","007","0707","0000","388","140","248","24","412","736","0","55.98","19.02"
"10","017","00","007","0707","0043","388","140","248","24","412","736","0","55.98","19.02"
"10","017","00","007","0708","0000","746","232","514","28","774","1562","0","49.55","14.85"
"10","017","00","007","0708","0044","310","97","213","15","325","611","0","53.19","15.88"
"10","017","00","007","0708","0045","436","135","301","13","449","951","0","47.21","14.2"
"10","017","00","007","0709","0000","822","265","557","31","853","1616","0","52.78","16.4"
"10","017","00","007","0709","0046","822","265","557","31","853","1616","0","52.78","16.4"
"10","017","00","007","0710","0000","794","241","553","28","822","1516","0","54.22","15.9"
"10","017","00","007","0710","0047","794","241","553","28","822","1516","0","54.22","15.9"
"10","017","00","007","0711","0000","1051","374","677","46","1097","2118","0","51.79","17.66"
"10","017","00","007","0711","0048","511","168","343","28","539","1049","0","51.38","16.02"
"10","017","00","007","0711","0049","540","206","334","18","558","1069","0","52.2","19.27"
"10","017","00","007","0712","0000","879","295","584","31","910","1763","0","51.62","16.73"
"10","017","00","007","0712","0054","500","169","331","18","518","999","0","51.85","16.92"
"10","017","00","007","0712","0055","379","126","253","13","392","764","0","51.31","16.49"
"10","017","00","007","0713","0000","1673","555","1118","61","1734","3570","0","48.57","15.55"
"10","017","00","007","0713","0056","715","223","492","36","751","1555","0","48.3","14.34"
"10","017","00","007","0713","0057","958","332","626","25","983","2015","0","48.78","16.48"
"10","017","00","007","0714","0000","1488","478","1010","68","1556","2837","0","54.85","16.85"
"10","017","00","007","0714","0058","683","219","464","39","722","1268","0","56.94","17.27"
"10","017","00","007","0714","0059","805","259","546","29","834","1569","0","53.15","16.51"
"10","017","00","007","0715","0000","665","199","466","36","701","1295","0","54.13","15.37"
"10","017","00","007","0715","0071","665","199","466","36","701","1295","0","54.13","15.37"
"10","017","00","007","0716","0000","2320","811","1509","92","2412","4113","0","58.64","19.72"
"10","017","00","007","0716","0050","401","125","276","22","423","727","0","58.18","17.19"
"10","017","00","007","0716","0051","531","177","354","18","549","929","0","59.1","19.05"
"10","017","00","007","0716","0052","670","240","430","19","689","1118","0","61.63","21.47"
"10","017","00","007","0716","0053","718","269","449","33","751","1339","0","56.09","20.09"
"10","017","00","007","0717","0000","1544","484","1060","73","1617","3780","0","42.78","12.8"
"10","017","00","007","0717","0069","826","263","563","41","867","2016","0","43.01","13.05"
"10","017","00","007","0717","0070","718","221","497","32","750","1764","0","42.52","12.53"
"10","017","00","007","0718","0000","1718","541","1177","50","1768","3461","0","51.08","15.63"
"10","017","00","007","0718","0060","924","309","615","32","956","1985","0","48.16","15.57"
"10","017","00","007","0718","0061","794","232","562","18","812","1476","0","55.01","15.72"
"10","017","00","007","0719","0000","1150","359","791","59","1209","2494","0","48.48","14.39"
"10","017","00","007","0719","0067","650","199","451","37","687","1485","0","46.26","13.4"
"10","017","00","007","0719","0068","500","160","340","22","522","1009","0","51.73","15.86"
"10","017","00","007","0720","0000","3685","1263","2422","101","3786","7071","0","53.54","17.86"
"10","017","00","007","0720","0062","812","309","503","26","838","1493","0","56.13","20.7"
"10","017","00","007","0720","0063","743","265","478","17","760","1249","0","60.85","21.22"
"10","017","00","007","0720","0064","768","256","512","22","790","1559","0","50.67","16.42"
"10","017","00","007","0720","0065","559","196","363","10","569","1168","0","48.72","16.78"
"10","017","00","007","0720","0066","803","237","566","26","829","1602","0","51.75","14.79"
"10","018","00","000","0000","0000","190362","65851","124511","8887","199249","351775","444775","56.64","18.72"
"10","018","00","001","0000","0000","89832","32694","57138","3741","93573","163757","215079","57.14","19.96"
"10","018","00","001","0101","0000","392","131","261","30","422","714","0","59.1","18.35"
"10","018","00","001","0101","0101","392","131","261","30","422","714","0","59.1","18.35"
"10","018","00","001","0102","0000","749","236","513","41","790","1396","0","56.59","16.91"
"10","018","00","001","0102","0103","749","236","513","41","790","1396","0","56.59","16.91"
"10","018","00","001","0103","0000","483","156","327","34","517","875","0","59.09","17.83"
"10","018","00","001","0103","0102","483","156","327","34","517","875","0","59.09","17.83"
"10","018","00","001","0104","0000","265","93","172","9","274","507","0","54.04","18.34"
"10","018","00","001","0104","0100","265","93","172","9","274","507","0","54.04","18.34"
"10","018","00","001","0105","0000","330","111","219","23","353","566","0","62.37","19.61"
"10","018","00","001","0105","0004","330","111","219","23","353","566","0","62.37","19.61"
"10","018","00","001","0106","0000","157","65","92","16","173","305","0","56.72","21.31"
"10","018","00","001","0106","0006","157","65","92","16","173","305","0","56.72","21.31"
"10","018","00","001","0107","0000","366","126","240","12","378","640","0","59.06","19.69"
"10","018","00","001","0107","0005","366","126","240","12","378","640","0","59.06","19.69"
"10","018","00","001","0108","0000","290","83","207","12","302","475","0","63.58","17.47"
"10","018","00","001","0108","0113","290","83","207","12","302","475","0","63.58","17.47"
"10","018","00","001","0109","0000","417","155","262","38","455","752","0","60.51","20.61"
"10","018","00","001","0109","0112","417","155","262","38","455","752","0","60.51","20.61"
"10","018","00","001","0110","0000","375","119","256","36","411","710","0","57.89","16.76"
"10","018","00","001","0110","0111","375","119","256","36","411","710","0","57.89","16.76"
"10","018","00","001","0111","0000","502","178","324","14","516","1512","0","34.13","11.77"
"10","018","00","001","0111","0001","502","178","324","14","516","1512","0","34.13","11.77"
"10","018","00","001","0112","0000","322","106","216","24","346","563","0","61.46","18.83"
"10","018","00","001","0112","0007","322","106","216","24","346","563","0","61.46","18.83"
"10","018","00","001","0113","0000","1693","606","1087","69","1762","3123","0","56.42","19.4"
"10","018","00","001","0113","0027","834","309","525","39","873","1573","0","55.5","19.64"
"10","018","00","001","0113","0028","859","297","562","30","889","1550","0","57.35","19.16"
"10","018","00","001","0114","0000","1572","570","1002","93","1665","2928","0","56.86","19.47"
"10","018","00","001","0114","0114","448","170","278","30","478","880","0","54.32","19.32"
"10","018","00","001","0114","0115","548","209","339","28","576","989","0","58.24","21.13"
"10","018","00","001","0114","0116","576","191","385","35","611","1059","0","57.7","18.04"
"10","018","00","001","0115","0000","782","292","490","66","848","1422","0","59.63","20.53"
"10","018","00","001","0115","0117","338","128","210","34","372","607","0","61.29","21.09"
"10","018","00","001","0115","0118","444","164","280","32","476","815","0","58.4","20.12"
"10","018","00","001","0116","0000","2738","1055","1683","110","2848","5524","0","51.56","19.1"
"10","018","00","001","0116","0104","631","242","389","28","659","1232","0","53.49","19.64"
"10","018","00","001","0116","0105","682","279","403","35","717","1323","0","54.2","21.09"
"10","018","00","001","0116","0106","709","253","456","17","726","1516","0","47.89","16.69"
"10","018","00","001","0116","0107","716","281","435","30","746","1453","0","51.34","19.34"
"10","018","00","001","0117","0000","977","353","624","31","1008","1682","0","59.93","20.99"
"10","018","00","001","0117","0002","569","213","356","16","585","953","0","61.39","22.35"
"10","018","00","001","0117","0003","408","140","268","15","423","729","0","58.02","19.2"
"10","018","00","001","0118","0000","2416","808","1608","93","2509","4456","0","56.31","18.13"
"10","018","00","001","0118","0010","850","302","548","29","879","1615","0","54.43","18.7"
"10","018","00","001","0118","0011","709","245","464","38","747","1287","0","58.04","19.04"
"10","018","00","001","0118","0012","857","261","596","26","883","1554","0","56.82","16.8"
"10","018","00","001","0119","0000","2336","825","1511","87","2423","4162","0","58.22","19.82"
"10","018","00","001","0119","0013","806","286","520","16","822","1388","0","59.22","20.61"
"10","018","00","001","0119","0014","812","274","538","33","845","1419","0","59.55","19.31"
"10","018","00","001","0119","0015","718","265","453","38","756","1355","0","55.79","19.56"
"10","018","00","001","0120","0000","2648","955","1693","124","2772","4714","0","58.8","20.26"
"10","018","00","001","0120","0019","597","234","363","25","622","1062","0","58.57","22.03"
"10","018","00","001","0120","0020","724","273","451","30","754","1315","0","57.34","20.76"
"10","018","00","001","0120","0021","564","183","381","33","597","1000","0","59.7","18.3"
"10","018","00","001","0120","0022","763","265","498","36","799","1337","0","59.76","19.82"
"10","018","00","001","0121","0000","2999","1149","1850","105","3104","5333","0","58.2","21.55"
"10","018","00","001","0121","0023","923","372","551","26","949","1747","0","54.32","21.29"
"10","018","00","001","0121","0024","934","376","558","25","959","1600","0","59.94","23.5"
"10","018","00","001","0121","0025","624","210","414","32","656","1158","0","56.65","18.13"
"10","018","00","001","0121","0026","518","191","327","22","540","828","0","65.22","23.07"
"10","018","00","001","0122","0000","1345","507","838","71","1416","2283","0","62.02","22.21"
"10","018","00","001","0122","0039","712","267","445","52","764","1271","0","60.11","21.01"
"10","018","00","001","0122","0040","633","240","393","19","652","1012","0","64.43","23.72"
"10","018","00","001","0123","0000","1364","526","838","87","1451","2604","0","55.72","20.2"
"10","018","00","001","0123","0041","543","187","356","44","587","1001","0","58.64","18.68"
"10","018","00","001","0123","0042","821","339","482","43","864","1603","0","53.9","21.15"
"10","018","00","001","0124","0000","2434","934","1500","106","2540","4297","0","59.11","21.74"
"10","018","00","001","0124","0050","671","275","396","35","706","1195","0","59.08","23.01"
"10","018","00","001","0124","0051","823","292","531","45","868","1569","0","55.32","18.61"
"10","018","00","001","0124","0052","940","367","573","26","966","1533","0","63.01","23.94"
"10","018","00","001","0125","0000","2333","721","1612","78","2411","3992","0","60.4","18.06"
"10","018","00","001","0125","0053","782","204","578","32","814","1336","0","60.93","15.27"
"10","018","00","001","0125","0054","784","243","541","25","809","1367","0","59.18","17.78"
"10","018","00","001","0125","0055","767","274","493","21","788","1289","0","61.13","21.26"
"10","018","00","001","0126","0000","3602","1289","2313","129","3731","6055","0","61.62","21.29"
"10","018","00","001","0126","0034","719","251","468","35","754","1262","0","59.75","19.89"
"10","018","00","001","0126","0035","673","221","452","18","691","1199","0","57.63","18.43"
"10","018","00","001","0126","0036","734","257","477","28","762","1226","0","62.15","20.96"
"10","018","00","001","0126","0037","858","327","531","31","889","1377","0","64.56","23.75"
"10","018","00","001","0126","0038","618","233","385","17","635","991","0","64.08","23.51"
"10","018","00","001","0127","0000","1797","584","1213","75","1872","3142","0","59.58","18.59"
"10","018","00","001","0127","0031","543","162","381","21","564","935","0","60.32","17.33"
"10","018","00","001","0127","0032","594","209","385","19","613","1074","0","57.08","19.46"
"10","018","00","001","0127","0033","660","213","447","35","695","1133","0","61.34","18.8"
"10","018","00","001","0128","0000","1787","579","1208","75","1862","3440","0","54.13","16.83"
"10","018","00","001","0128","0122","525","175","350","33","558","1062","0","52.54","16.48"
"10","018","00","001","0128","0123","590","196","394","21","611","1046","0","58.41","18.74"
"10","018","00","001","0128","0124","672","208","464","21","693","1332","0","52.03","15.62"
"10","018","00","001","0129","0000","1576","476","1100","87","1663","2999","0","55.45","15.87"
"10","018","00","001","0129","0108","483","160","323","34","517","880","0","58.75","18.18"
"10","018","00","001","0129","0109","522","129","393","25","547","1058","0","51.7","12.19"
"10","018","00","001","0129","0110","571","187","384","28","599","1061","0","56.46","17.62"
"10","018","00","001","0130","0000","2810","1051","1759","102","2912","5036","0","57.82","20.87"
"10","018","00","001","0130","0132","663","229","434","35","698","1315","0","53.08","17.41"
"10","018","00","001","0130","0133","788","292","496","26","814","1413","0","57.61","20.67"
"10","018","00","001","0130","0134","587","225","362","26","613","1064","0","57.61","21.15"
"10","018","00","001","0130","0135","772","305","467","15","787","1244","0","63.26","24.52"
"10","018","00","001","0131","0000","3011","1007","2004","126","3137","5678","0","55.25","17.74"
"10","018","00","001","0131","0125","739","252","487","41","780","1350","0","57.78","18.67"
"10","018","00","001","0131","0126","727","237","490","29","756","1438","0","52.57","16.48"
"10","018","00","001","0131","0127","713","211","502","30","743","1414","0","52.55","14.92"
"10","018","00","001","0131","0128","832","307","525","26","858","1476","0","58.13","20.8"
"10","018","00","001","0132","0000","710","256","454","15","725","1233","0","58.8","20.76"
"10","018","00","001","0132","0099","710","256","454","15","725","1233","0","58.8","20.76"
"10","018","00","001","0133","0000","1679","641","1038","82","1761","3003","0","58.64","21.35"
"10","018","00","001","0133","0063","638","237","401","38","676","1132","0","59.72","20.94"
"10","018","00","001","0133","0064","142","64","78","10","152","251","0","60.56","25.5"
"10","018","00","001","0133","0065","899","340","559","34","933","1620","0","57.59","20.99"
"10","018","00","001","0135","0000","494","135","359","23","517","915","0","56.5","14.75"
"10","018","00","001","0135","0059","494","135","359","23","517","915","0","56.5","14.75"
"10","018","00","001","0136","0000","1577","522","1055","80","1657","2751","0","60.23","18.97"
"10","018","00","001","0136","0056","518","174","344","24","542","960","0","56.46","18.13"
"10","018","00","001","0136","0057","520","182","338","19","539","843","0","63.94","21.59"
"10","018","00","001","0136","0058","539","166","373","37","576","948","0","60.76","17.51"
"10","018","00","001","0137","0000","2046","648","1398","62","2108","3556","0","59.28","18.22"
"10","018","00","001","0137","0060","1017","314","703","29","1046","1801","0","58.08","17.43"
"10","018","00","001","0137","0061","612","195","417","24","636","1079","0","58.94","18.07"
"10","018","00","001","0137","0062","417","139","278","9","426","676","0","63.02","20.56"
"10","018","00","001","0138","0000","1373","410","963","65","1438","2768","0","51.95","14.81"
"10","018","00","001","0138","0043","668","204","464","28","696","1236","0","56.31","16.5"
"10","018","00","001","0138","0044","705","206","499","37","742","1532","0","48.43","13.45"
"10","018","00","001","0139","0000","1817","600","1217","89","1906","3331","0","57.22","18.01"
"10","018","00","001","0139","0045","715","217","498","23","738","1306","0","56.51","16.62"
"10","018","00","001","0139","0046","577","190","387","55","632","1073","0","58.9","17.71"
"10","018","00","001","0139","0047","525","193","332","11","536","952","0","56.3","20.27"
"10","018","00","001","0140","0000","1031","328","703","58","1089","2076","0","52.46","15.8"
"10","018","00","001","0140","0048","607","207","400","44","651","1298","0","50.15","15.95"
"10","018","00","001","0140","0049","424","121","303","14","438","778","0","56.3","15.55"
"10","018","00","001","0141","0000","2444","1064","1380","82","2526","4669","0","54.1","22.79"
"10","018","00","001","0141","0077","641","224","417","25","666","1215","0","54.81","18.44"
"10","018","00","001","0141","0078","525","170","355","31","556","1067","0","52.11","15.93"
"10","018","00","001","0141","0079","653","349","304","9","662","1194","0","55.44","29.23"
"10","018","00","001","0141","0080","625","321","304","17","642","1193","0","53.81","26.91"
"10","018","00","001","0142","0000","4283","1887","2396","135","4418","7900","0","55.92","23.89"
"10","018","00","001","0142","0066","775","325","450","26","801","1479","0","54.16","21.97"
"10","018","00","001","0142","0067","733","325","408","23","756","1402","0","53.92","23.18"
"10","018","00","001","0142","0068","693","278","415","37","730","1280","0","57.03","21.72"
"10","018","00","001","0142","0069","720","345","375","13","733","1228","0","59.69","28.09"
"10","018","00","001","0142","0070","626","342","284","5","631","1157","0","54.54","29.56"
"10","018","00","001","0142","0071","736","272","464","31","767","1354","0","56.65","20.09"
"10","018","00","001","0143","0000","2913","1089","1824","121","3034","5242","0","57.88","20.77"
"10","018","00","001","0143","0081","760","289","471","45","805","1388","0","58.0","20.82"
"10","018","00","001","0143","0082","727","247","480","25","752","1267","0","59.35","19.49"
"10","018","00","001","0143","0083","714","261","453","22","736","1299","0","56.66","20.09"
"10","018","00","001","0143","0084","712","292","420","29","741","1288","0","57.53","22.67"
"10","018","00","001","0144","0000","2432","956","1476","92","2524","4240","0","59.53","22.55"
"10","018","00","001","0144","0096","833","308","525","38","871","1400","0","62.21","22.0"
"10","018","00","001","0144","0097","857","343","514","27","884","1473","0","60.01","23.29"
"10","018","00","001","0144","0098","742","305","437","27","769","1367","0","56.25","22.31"
"10","018","00","001","0145","0000","2585","917","1668","101","2686","5042","0","53.27","18.19"
"10","018","00","001","0145","0092","685","250","435","29","714","1323","0","53.97","18.9"
"10","018","00","001","0145","0093","631","178","453","26","657","1207","0","54.43","14.75"
"10","018","00","001","0145","0094","600","211","389","29","629","1264","0","49.76","16.69"
"10","018","00","001","0145","0095","669","278","391","17","686","1248","0","54.97","22.28"
"10","018","00","001","0146","0000","2438","844","1594","119","2557","4634","0","55.18","18.21"
"10","018","00","001","0146","0088","570","199","371","37","607","1135","0","53.48","17.53"
"10","018","00","001","0146","0089","582","191","391","25","607","1165","0","52.1","16.39"
"10","018","00","001","0146","0090","603","212","391","28","631","1124","0","56.14","18.86"
"10","018","00","001","0146","0091","683","242","441","29","712","1210","0","58.84","20.0"
"10","018","00","001","0147","0000","3826","1476","2350","118","3944","6262","0","62.98","23.57"
"10","018","00","001","0147","0072","848","333","515","29","877","1334","0","65.74","24.96"
"10","018","00","001","0147","0073","728","290","438","24","752","1234","0","60.94","23.5"
"10","018","00","001","0147","0074","875","311","564","21","896","1398","0","64.09","22.25"
"10","018","00","001","0147","0075","552","246","306","18","570","928","0","61.42","26.51"
"10","018","00","001","0147","0076","823","296","527","26","849","1368","0","62.06","21.64"
"10","018","00","001","0148","0000","1342","498","844","61","1403","2357","0","59.52","21.13"
"10","018","00","001","0148","0029","727","244","483","29","756","1317","0","57.4","18.53"
"10","018","00","001","0148","0030","615","254","361","32","647","1040","0","62.21","24.42"
"10","018","00","001","0149","0000","1760","632","1128","100","1860","3392","0","54.83","18.63"
"10","018","00","001","0149","0119","449","150","299","33","482","777","0","62.03","19.31"
"10","018","00","001","0149","0120","670","239","431","31","701","1399","0","50.11","17.08"
"10","018","00","001","0149","0121","641","243","398","36","677","1216","0","55.67","19.98"
"10","018","00","001","0150","0000","2644","1042","1602","87","2731","4777","0","57.17","21.81"
"10","018","00","001","0150","0016","814","284","530","27","841","1490","0","56.44","19.06"
"10","018","00","001","0150","0017","897","304","593","23","920","1615","0","56.97","18.82"
"10","018","00","001","0150","0018","933","454","479","37","970","1672","0","58.01","27.15"
"10","018","00","001","0151","0000","995","361","634","33","1028","1782","0","57.69","20.26"
"10","018","00","001","0151","0008","406","128","278","15","421","741","0","56.82","17.27"
"10","018","00","001","0151","0009","589","233","356","18","607","1041","0","58.31","22.38"
"10","018","00","001","0152","0000","2057","735","1322","83","2140","3526","0","60.69","20.85"
"10","018","00","001","0152","0129","765","259","506","45","810","1326","0","61.09","19.53"
"10","018","00","001","0152","0130","579","238","341","17","596","927","0","64.29","25.67"
"10","018","00","001","0152","0131","713","238","475","21","734","1273","0","57.66","18.7"
"10","018","00","001","0153","0000","2346","763","1583","78","2424","4816","0","50.33","15.84"
"10","018","00","001","0153","0136","605","183","422","9","614","1160","0","52.93","15.78"
"10","018","00","001","0153","0137","682","230","452","14","696","1398","0","49.79","16.45"
"10","018","00","001","0153","0138","552","197","355","20","572","1384","0","41.33","14.23"
"10","018","00","001","0153","0139","507","153","354","35","542","874","0","62.01","17.51"
"10","018","00","001","0154","0000","2172","1044","1128","54","2226","3600","0","61.83","29.0"
"10","018","00","001","0154","0085","730","350","380","19","749","1228","0","60.99","28.5"
"10","018","00","001","0154","0086","676","335","341","14","690","1135","0","60.79","29.52"
"10","018","00","001","0154","0087","766","359","407","21","787","1237","0","63.62","29.02"
"10","018","00","002","0000","0000","66006","22029","43977","3196","69202","123122","151391","56.21","17.89"
"10","018","00","002","0201","0000","306","101","205","17","323","535","0","60.37","18.88"
"10","018","00","002","0201","0141","306","101","205","17","323","535","0","60.37","18.88"
"10","018","00","002","0202","0000","415","119","296","28","443","711","0","62.31","16.74"
"10","018","00","002","0202","0144","415","119","296","28","443","711","0","62.31","16.74"
"10","018","00","002","0203","0000","410","137","273","34","444","746","0","59.52","18.36"
"10","018","00","002","0203","0142","410","137","273","34","444","746","0","59.52","18.36"
"10","018","00","002","0204","0000","250","87","163","10","260","477","0","54.51","18.24"
"10","018","00","002","0204","0140","250","87","163","10","260","477","0","54.51","18.24"
"10","018","00","002","0205","0000","560","184","376","30","590","1143","0","51.62","16.1"
"10","018","00","002","0205","0145","560","184","376","30","590","1143","0","51.62","16.1"
"10","018","00","002","0206","0000","281","91","190","17","298","546","0","54.58","16.67"
"10","018","00","002","0206","0143","281","91","190","17","298","546","0","54.58","16.67"
"10","018","00","002","0207","0000","688","236","452","31","719","1370","0","52.48","17.23"
"10","018","00","002","0207","0146","688","236","452","31","719","1370","0","52.48","17.23"
"10","018","00","002","0208","0000","506","163","343","31","537","957","0","56.11","17.03"
"10","018","00","002","0208","0172","506","163","343","31","537","957","0","56.11","17.03"
"10","018","00","002","0209","0000","336","108","228","26","362","561","0","64.53","19.25"
"10","018","00","002","0209","0169","336","108","228","26","362","561","0","64.53","19.25"
"10","018","00","002","0210","0000","461","163","298","20","481","761","0","63.21","21.42"
"10","018","00","002","0210","0167","461","163","298","20","481","761","0","63.21","21.42"
"10","018","00","002","0211","0000","440","155","285","31","471","788","0","59.77","19.67"
"10","018","00","002","0211","0168","440","155","285","31","471","788","0","59.77","19.67"
"10","018","00","002","0212","0000","673","263","410","32","705","1398","0","50.43","18.81"
"10","018","00","002","0212","0171","673","263","410","32","705","1398","0","50.43","18.81"
"10","018","00","002","0213","0000","772","265","507","51","823","1558","0","52.82","17.01"
"10","018","00","002","0213","0170","772","265","507","51","823","1558","0","52.82","17.01"
"10","018","00","002","0214","0000","2500","839","1661","110","2610","4800","0","54.38","17.48"
"10","018","00","002","0214","0173","661","211","450","26","687","1195","0","57.49","17.66"
"10","018","00","002","0214","0174","590","227","363","23","613","1236","0","49.6","18.37"
"10","018","00","002","0214","0175","630","191","439","39","669","1255","0","53.31","15.22"
"10","018","00","002","0214","0176","619","210","409","22","641","1114","0","57.54","18.85"
"10","018","00","002","0215","0000","1540","538","1002","62","1602","2949","0","54.32","18.24"
"10","018","00","002","0215","0188","742","259","483","28","770","1457","0","52.85","17.78"
"10","018","00","002","0215","0189","798","279","519","34","832","1492","0","55.76","18.7"
"10","018","00","002","0216","0000","2016","674","1342","97","2113","3906","0","54.1","17.26"
"10","018","00","002","0216","0185","598","212","386","21","619","1272","0","48.66","16.67"
"10","018","00","002","0216","0186","703","203","500","44","747","1306","0","57.2","15.54"
"10","018","00","002","0216","0187","715","259","456","32","747","1328","0","56.25","19.5"
"10","018","00","002","0217","0000","1192","383","809","86","1278","2131","0","59.97","17.97"
"10","018","00","002","0217","0190","664","225","439","40","704","1160","0","60.69","19.4"
"10","018","00","002","0217","0191","528","158","370","46","574","971","0","59.11","16.27"
"10","018","00","002","0218","0000","892","295","597","54","946","1651","0","57.3","17.87"
"10","018","00","002","0218","0228","502","173","329","21","523","946","0","55.29","18.29"
"10","018","00","002","0218","0229","390","122","268","33","423","705","0","60.0","17.3"
"10","018","00","002","0219","0000","2095","737","1358","98","2193","3852","0","56.93","19.13"
"10","018","00","002","0219","0221","650","243","407","29","679","1175","0","57.79","20.68"
"10","018","00","002","0219","0222","769","283","486","23","792","1371","0","57.77","20.64"
"10","018","00","002","0219","0223","676","211","465","46","722","1306","0","55.28","16.16"
"10","018","00","002","0220","0000","452","138","314","55","507","848","0","59.79","16.27"
"10","018","00","002","0220","0230","452","138","314","55","507","848","0","59.79","16.27"
"10","018","00","002","0221","0000","1496","545","951","52","1548","2712","0","57.08","20.1"
"10","018","00","002","0221","0199","780","286","494","25","805","1442","0","55.83","19.83"
"10","018","00","002","0221","0200","716","259","457","27","743","1270","0","58.5","20.39"
"10","018","00","002","0222","0000","3390","1193","2197","165","3555","5949","0","59.76","20.05"
"10","018","00","002","0222","0208","614","222","392","22","636","1106","0","57.5","20.07"
"10","018","00","002","0222","0209","608","209","399","22","630","1044","0","60.34","20.02"
"10","018","00","002","0222","0210","604","225","379","26","630","1061","0","59.38","21.21"
"10","018","00","002","0222","0211","842","290","552","57","899","1518","0","59.22","19.1"
"10","018","00","002","0222","0212","722","247","475","38","760","1220","0","62.3","20.25"
"10","018","00","002","0223","0000","2692","743","1949","104","2796","4623","0","60.48","16.07"
"10","018","00","002","0223","0217","574","157","417","23","597","1059","0","56.37","14.83"
"10","018","00","002","0223","0218","651","175","476","35","686","1130","0","60.71","15.49"
"10","018","00","002","0223","0219","719","226","493","31","750","1208","0","62.09","18.71"
"10","018","00","002","0223","0220","748","185","563","15","763","1226","0","62.23","15.09"
"10","018","00","002","0224","0000","2792","912","1880","122","2914","5718","0","50.96","15.95"
"10","018","00","002","0224","0231","668","220","448","25","693","1295","0","53.51","16.99"
"10","018","00","002","0224","0232","721","222","499","33","754","1467","0","51.4","15.13"
"10","018","00","002","0224","0233","751","254","497","30","781","1659","0","47.08","15.31"
"10","018","00","002","0224","0234","652","216","436","34","686","1297","0","52.89","16.65"
"10","018","00","002","0225","0000","317","101","216","30","347","594","0","58.42","17.0"
"10","018","00","002","0225","0244","317","101","216","30","347","594","0","58.42","17.0"
"10","018","00","002","0226","0000","1525","523","1002","112","1637","2831","0","57.82","18.47"
"10","018","00","002","0226","0235","731","249","482","60","791","1374","0","57.57","18.12"
"10","018","00","002","0226","0236","794","274","520","52","846","1457","0","58.06","18.81"
"10","018","00","002","0227","0000","776","246","530","69","845","1609","0","52.52","15.29"
"10","018","00","002","0227","0243","776","246","530","69","845","1609","0","52.52","15.29"
"10","018","00","002","0228","0000","1875","617","1258","93","1968","3393","0","58.0","18.18"
"10","018","00","002","0228","0237","601","180","421","29","630","1072","0","58.77","16.79"
"10","018","00","002","0228","0238","684","228","456","43","727","1350","0","53.85","16.89"
"10","018","00","002","0228","0239","590","209","381","21","611","971","0","62.92","21.52"
"10","018","00","002","0229","0000","2001","608","1393","119","2120","3723","0","56.94","16.33"
"10","018","00","002","0229","0240","792","234","558","59","851","1450","0","58.69","16.14"
"10","018","00","002","0229","0241","486","135","351","27","513","895","0","57.32","15.08"
"10","018","00","002","0229","0242","723","239","484","33","756","1378","0","54.86","17.34"
"10","018","00","002","0230","0000","947","279","668","52","999","1766","0","56.57","15.8"
"10","018","00","002","0230","0158","599","170","429","39","638","1128","0","56.56","15.07"
"10","018","00","002","0230","0159","348","109","239","13","361","638","0","56.58","17.08"
"10","018","00","002","0231","0000","1926","698","1228","70","1996","3589","0","55.61","19.45"
"10","018","00","002","0231","0147","721","252","469","34","755","1390","0","54.32","18.13"
"10","018","00","002","0231","0148","535","184","351","20","555","962","0","57.69","19.13"
"10","018","00","002","0231","0149","670","262","408","16","686","1237","0","55.46","21.18"
"10","018","00","002","0232","0000","2568","733","1835","128","2696","5156","0","52.29","14.22"
"10","018","00","002","0232","0151","364","115","249","18","382","758","0","50.4","15.17"
"10","018","00","002","0232","0152","673","210","463","24","697","1320","0","52.8","15.91"
"10","018","00","002","0232","0153","722","238","484","47","769","1519","0","50.63","15.67"
"10","018","00","002","0232","0154","129","44","85","4","133","347","0","38.33","12.68"
"10","018","00","002","0232","0155","680","126","554","35","715","1212","0","58.99","10.4"
"10","018","00","002","0233","0000","1498","520","978","83","1581","2912","0","54.29","17.86"
"10","018","00","002","0233","0156","757","259","498","38","795","1484","0","53.57","17.45"
"10","018","00","002","0233","0157","741","261","480","45","786","1428","0","55.04","18.28"
"10","018","00","002","0234","0000","2181","716","1465","101","2282","4121","0","55.37","17.37"
"10","018","00","002","0234","0163","740","218","522","35","775","1394","0","55.6","15.64"
"10","018","00","002","0234","0164","770","262","508","32","802","1568","0","51.15","16.71"
"10","018","00","002","0234","0165","671","236","435","34","705","1159","0","60.83","20.36"
"10","018","00","002","0235","0000","105","36","69","0","105","252","0","41.67","14.29"
"10","018","00","002","0235","0166","105","36","69","0","105","252","0","41.67","14.29"
"10","018","00","002","0236","0000","2615","815","1800","132","2747","4656","0","59.0","17.5"
"10","018","00","002","0236","0224","692","203","489","25","717","1340","0","53.51","15.15"
"10","018","00","002","0236","0225","639","227","412","46","685","1111","0","61.66","20.43"
"10","018","00","002","0236","0226","736","242","494","31","767","1197","0","64.08","20.22"
"10","018","00","002","0236","0227","548","143","405","30","578","1008","0","57.34","14.19"
"10","018","00","002","0237","0000","2816","944","1872","126","2942","5296","0","55.55","17.82"
"10","018","00","002","0237","0177","754","262","492","26","780","1396","0","55.87","18.77"
"10","018","00","002","0237","0178","799","259","540","41","840","1456","0","57.69","17.79"
"10","018","00","002","0237","0179","716","245","471","27","743","1374","0","54.08","17.83"
"10","018","00","002","0237","0180","547","178","369","32","579","1070","0","54.11","16.64"
"10","018","00","002","0238","0000","2451","768","1683","136","2587","4524","0","57.18","16.98"
"10","018","00","002","0238","0181","596","174","422","45","641","1142","0","56.13","15.24"
"10","018","00","002","0238","0182","566","184","382","21","587","1103","0","53.22","16.68"
"10","018","00","002","0238","0183","632","212","420","49","681","1190","0","57.23","17.82"
"10","018","00","002","0238","0184","657","198","459","21","678","1089","0","62.26","18.18"
"10","018","00","002","0239","0000","1980","735","1245","69","2049","4112","0","49.83","17.87"
"10","018","00","002","0239","0192","444","161","283","17","461","1401","0","32.91","11.49"
"10","018","00","002","0239","0193","755","296","459","24","779","1340","0","58.13","22.09"
"10","018","00","002","0239","0194","781","278","503","28","809","1371","0","59.01","20.28"
"10","018","00","002","0240","0000","2692","967","1725","92","2784","4793","0","58.08","20.18"
"10","018","00","002","0240","0195","676","242","434","27","703","1267","0","55.49","19.1"
"10","018","00","002","0240","0196","655","234","421","25","680","1073","0","63.37","21.81"
"10","018","00","002","0240","0197","654","212","442","25","679","1159","0","58.58","18.29"
"10","018","00","002","0240","0198","707","279","428","15","722","1294","0","55.8","21.56"
"10","018","00","002","0241","0000","3162","1060","2102","107","3269","5721","0","57.14","18.53"
"10","018","00","002","0241","0213","838","321","517","16","854","1475","0","57.9","21.76"
"10","018","00","002","0241","0214","711","215","496","39","750","1373","0","54.62","15.66"
"10","018","00","002","0241","0215","813","253","560","22","835","1450","0","57.59","17.45"
"10","018","00","002","0241","0216","800","271","529","30","830","1423","0","58.33","19.04"
"10","018","00","002","0242","0000","3569","1400","2169","121","3690","6417","0","57.5","21.82"
"10","018","00","002","0242","0203","645","249","396","30","675","1163","0","58.04","21.41"
"10","018","00","002","0242","0204","726","273","453","16","742","1334","0","55.62","20.46"
"10","018","00","002","0242","0205","761","301","460","34","795","1415","0","56.18","21.27"
"10","018","00","002","0242","0206","775","321","454","21","796","1305","0","61.0","24.6"
"10","018","00","002","0242","0207","662","256","406","20","682","1200","0","56.83","21.33"
"10","018","00","002","0243","0000","1280","334","946","77","1357","2128","0","63.77","15.7"
"10","018","00","002","0243","0201","714","145","569","46","760","1179","0","64.46","12.3"
"10","018","00","002","0243","0202","566","189","377","31","597","949","0","62.91","19.92"
"10","018","00","002","0244","0000","762","278","484","34","796","1604","0","49.63","17.33"
"10","018","00","002","0244","0150","762","278","484","34","796","1604","0","49.63","17.33"
"10","018","00","002","0245","0000","1805","582","1223","82","1887","3235","0","58.33","17.99"
"10","018","00","002","0245","0160","673","195","478","41","714","1222","0","58.43","15.96"
"10","018","00","002","0245","0161","556","206","350","16","572","1076","0","53.16","19.14"
"10","018","00","002","0245","0162","576","181","395","25","601","937","0","64.14","19.32"
"10","018","00","003","0000","0000","34524","11128","23396","1950","36474","64896","78305","56.2","17.15"
"10","018","00","003","0301","0000","1395","412","983","117","1512","2513","0","60.17","16.39"
"10","018","00","003","0301","0271","598","187","411","60","658","1182","0","55.67","15.82"
"10","018","00","003","0301","0272","797","225","572","57","854","1331","0","64.16","16.9"
"10","018","00","003","0302","0000","2781","872","1909","160","2941","5255","0","55.97","16.59"
"10","018","00","003","0302","0266","567","166","401","41","608","1088","0","55.88","15.26"
"10","018","00","003","0302","0267","442","153","289","16","458","903","0","50.72","16.94"
"10","018","00","003","0302","0268","555","192","363","36","591","1012","0","58.4","18.97"
"10","018","00","003","0302","0269","530","146","384","40","570","1014","0","56.21","14.4"
"10","018","00","003","0302","0270","687","215","472","27","714","1238","0","57.67","17.37"
"10","018","00","003","0303","0000","1242","376","866","75","1317","2288","0","57.56","16.43"
"10","018","00","003","0303","0264","522","145","377","32","554","970","0","57.11","14.95"
"10","018","00","003","0303","0265","720","231","489","43","763","1318","0","57.89","17.53"
"10","018","00","003","0304","0000","1369","425","944","119","1488","2371","0","62.76","17.92"
"10","018","00","003","0304","0262","736","220","516","65","801","1348","0","59.42","16.32"
"10","018","00","003","0304","0263","633","205","428","54","687","1023","0","67.16","20.04"
"10","018","00","003","0305","0000","1223","388","835","94","1317","2095","0","62.86","18.52"
"10","018","00","003","0305","0260","648","211","437","46","694","1138","0","60.98","18.54"
"10","018","00","003","0305","0261","575","177","398","48","623","957","0","65.1","18.5"
"10","018","00","003","0306","0000","1755","586","1169","112","1867","3128","0","59.69","18.73"
"10","018","00","003","0306","0257","574","204","370","21","595","1067","0","55.76","19.12"
"10","018","00","003","0306","0258","495","162","333","36","531","863","0","61.53","18.77"
"10","018","00","003","0306","0259","686","220","466","55","741","1198","0","61.85","18.36"
"10","018","00","003","0307","0000","1630","544","1086","57","1687","2881","0","58.56","18.88"
"10","018","00","003","0307","0252","813","273","540","42","855","1473","0","58.04","18.53"
"10","018","00","003","0307","0253","817","271","546","15","832","1408","0","59.09","19.25"
"10","018","00","003","0308","0000","2252","735","1517","76","2328","4517","0","51.54","16.27"
"10","018","00","003","0308","0254","615","196","419","25","640","1318","0","48.56","14.87"
"10","018","00","003","0308","0255","725","254","471","26","751","1337","0","56.17","19.0"
"10","018","00","003","0308","0256","912","285","627","25","937","1862","0","50.32","15.31"
"10","018","00","003","0309","0000","2621","967","1654","112","2733","4959","0","55.11","19.5"
"10","018","00","003","0309","0245","737","243","494","47","784","1443","0","54.33","16.84"
"10","018","00","003","0309","0246","659","300","359","26","685","1241","0","55.2","24.17"
"10","018","00","003","0309","0247","632","204","428","27","659","1194","0","55.19","17.09"
"10","018","00","003","0309","0248","593","220","373","12","605","1081","0","55.97","20.35"
"10","018","00","003","0310","0000","2218","798","1420","100","2318","3917","0","59.18","20.37"
"10","018","00","003","0310","0273","611","245","366","21","632","976","0","64.75","25.1"
"10","018","00","003","0310","0274","439","142","297","15","454","834","0","54.44","17.03"
"10","018","00","003","0310","0275","500","161","339","29","529","919","0","57.56","17.52"
"10","018","00","003","0310","0276","668","250","418","35","703","1188","0","59.18","21.04"
"10","018","00","003","0311","0000","1884","616","1268","107","1991","3342","0","59.58","18.43"
"10","018","00","003","0311","0277","583","174","409","44","627","1086","0","57.73","16.02"
"10","018","00","003","0311","0278","679","234","445","33","712","1144","0","62.24","20.45"
"10","018","00","003","0311","0279","622","208","414","30","652","1112","0","58.63","18.71"
"10","018","00","003","0312","0000","2360","765","1595","119","2479","4231","0","58.59","18.08"
"10","018","00","003","0312","0280","817","275","542","37","854","1476","0","57.86","18.63"
"10","018","00","003","0312","0281","689","221","468","32","721","1291","0","55.85","17.12"
"10","018","00","003","0312","0282","854","269","585","50","904","1464","0","61.75","18.37"
"10","018","00","003","0313","0000","1409","366","1043","82","1491","2763","0","53.96","13.25"
"10","018","00","003","0313","0283","797","231","566","51","848","1427","0","59.43","16.19"
"10","018","00","003","0313","0284","612","135","477","31","643","1336","0","48.13","10.1"
"10","018","00","003","0314","0000","532","173","359","35","567","1131","0","50.13","15.3"
"10","018","00","003","0314","0285","532","173","359","35","567","1131","0","50.13","15.3"
"10","018","00","003","0315","0000","1156","359","797","113","1269","2076","0","61.13","17.29"
"10","018","00","003","0315","0286","593","195","398","56","649","1070","0","60.65","18.22"
"10","018","00","003","0315","0287","563","164","399","57","620","1006","0","61.63","16.3"
"10","018","00","003","0316","0000","1160","352","808","54","1214","2342","0","51.84","15.03"
"10","018","00","003","0316","0288","550","157","393","30","580","1223","0","47.42","12.84"
"10","018","00","003","0316","0289","610","195","415","24","634","1119","0","56.66","17.43"
"10","018","00","003","0317","0000","446","127","319","22","468","896","0","52.23","14.17"
"10","018","00","003","0317","0299","446","127","319","22","468","896","0","52.23","14.17"
"10","018","00","003","0318","0000","489","154","335","26","515","890","0","57.87","17.3"
"10","018","00","003","0318","0298","489","154","335","26","515","890","0","57.87","17.3"
"10","018","00","003","0319","0000","399","121","278","35","434","776","0","55.93","15.59"
"10","018","00","003","0319","0297","399","121","278","35","434","776","0","55.93","15.59"
"10","018","00","003","0320","0000","882","281","601","42","924","1784","0","51.79","15.75"
"10","018","00","003","0320","0295","378","107","271","26","404","719","0","56.19","14.88"
"10","018","00","003","0320","0296","504","174","330","16","520","1065","0","48.83","16.34"
"10","018","00","003","0321","0000","2026","654","1372","117","2143","4325","0","49.55","15.12"
"10","018","00","003","0321","0291","747","234","513","31","778","1627","0","47.82","14.38"
"10","018","00","003","0321","0292","610","207","403","40","650","1289","0","50.43","16.06"
"10","018","00","003","0321","0293","669","213","456","46","715","1409","0","50.75","15.12"
"10","018","00","003","0322","0000","659","212","447","40","699","1400","0","49.93","15.14"
"10","018","00","003","0322","0290","659","212","447","40","699","1400","0","49.93","15.14"
"10","018","00","003","0323","0000","394","126","268","29","423","814","0","51.97","15.48"
"10","018","00","003","0323","0294","394","126","268","29","423","814","0","51.97","15.48"
"10","018","00","003","0324","0000","2242","719","1523","107","2349","4202","0","55.9","17.11"
"10","018","00","003","0324","0249","454","145","309","21","475","807","0","58.86","17.97"
"10","018","00","003","0324","0250","913","281","632","47","960","1760","0","54.55","15.97"
"10","018","00","003","0324","0251","875","293","582","39","914","1635","0","55.9","17.92"
"10","020","00","000","0000","0000","115617","37776","77841","6009","121626","221553","268741","54.9","17.05"
"10","020","00","001","0000","0000","52525","17757","34768","2599","55124","100647","121279","54.77","17.64"
"10","020","00","001","0101","0000","2292","746","1546","117","2409","4386","0","54.92","17.01"
"10","020","00","001","0101","0079","641","215","426","48","689","1282","0","53.74","16.77"
"10","020","00","001","0101","0080","881","269","612","44","925","1571","0","58.88","17.12"
"10","020","00","001","0101","0081","770","262","508","25","795","1533","0","51.86","17.09"
"10","020","00","001","0102","0000","1509","530","979","54","1563","3393","0","46.07","15.62"
"10","020","00","001","0102","0077","765","270","495","18","783","1823","0","42.95","14.81"
"10","020","00","001","0102","0078","744","260","484","36","780","1570","0","49.68","16.56"
"10","020","00","001","0103","0000","1403","492","911","38","1441","2832","0","50.88","17.37"
"10","020","00","001","0103","0075","627","231","396","18","645","1404","0","45.94","16.45"
"10","020","00","001","0103","0076","776","261","515","20","796","1428","0","55.74","18.28"
"10","020","00","001","0104","0000","1633","527","1106","112","1745","3249","0","53.71","16.22"
"10","020","00","001","0104","0069","822","267","555","60","882","1682","0","52.44","15.87"
"10","020","00","001","0104","0070","811","260","551","52","863","1567","0","55.07","16.59"
"10","020","00","001","0105","0000","1230","426","804","38","1268","2188","0","57.95","19.47"
"10","020","00","001","0105","0071","659","243","416","17","676","1207","0","56.01","20.13"
"10","020","00","001","0105","0072","571","183","388","21","592","981","0","60.35","18.65"
"10","020","00","001","0134","0000","2252","658","1594","111","2363","4205","0","56.2","15.65"
"10","020","00","001","0134","0021","612","174","438","39","651","1199","0","54.3","14.51"
"10","020","00","001","0134","0022","660","180","480","25","685","1236","0","55.42","14.56"
"10","020","00","001","0134","0023","474","151","323","18","492","890","0","55.28","16.97"
"10","020","00","001","0134","0024","506","153","353","29","535","880","0","60.8","17.39"
"10","020","00","001","0135","0000","2311","750","1561","116","2427","4172","0","58.17","17.98"
"10","020","00","001","0135","0018","876","273","603","38","914","1552","0","58.89","17.59"
"10","020","00","001","0135","0019","843","296","547","48","891","1558","0","57.19","19.0"
"10","020","00","001","0135","0020","592","181","411","30","622","1062","0","58.57","17.04"
"10","020","00","001","0136","0000","2044","654","1390","91","2135","3967","0","53.82","16.49"
"10","020","00","001","0136","0015","702","243","459","42","744","1453","0","51.2","16.72"
"10","020","00","001","0136","0016","572","175","397","19","591","1094","0","54.02","16.0"
"10","020","00","001","0136","0017","770","236","534","30","800","1420","0","56.34","16.62"
"10","020","00","001","0137","0000","1317","464","853","32","1349","2334","0","57.8","19.88"
"10","020","00","001","0137","0011","702","248","454","19","721","1221","0","59.05","20.31"
"10","020","00","001","0137","0012","615","216","399","13","628","1113","0","56.42","19.41"
"10","020","00","001","0138","0000","993","338","655","49","1042","1794","0","58.08","18.84"
"10","020","00","001","0138","0005","416","143","273","22","438","702","0","62.39","20.37"
"10","020","00","001","0138","0006","577","195","382","27","604","1092","0","55.31","17.86"
"10","020","00","001","0139","0000","2292","796","1496","82","2374","4239","0","56.0","18.78"
"10","020","00","001","0139","0027","757","271","486","32","789","1435","0","54.98","18.89"
"10","020","00","001","0139","0028","787","265","522","28","815","1349","0","60.42","19.64"
"10","020","00","001","0139","0029","748","260","488","22","770","1455","0","52.92","17.87"
"10","020","00","001","0141","0000","890","277","613","46","936","1816","0","51.54","15.25"
"10","020","00","001","0141","0008","890","277","613","46","936","1816","0","51.54","15.25"
"10","020","00","001","0142","0000","461","145","316","21","482","1023","0","47.12","14.17"
"10","020","00","001","0142","0007","461","145","316","21","482","1023","0","47.12","14.17"
"10","020","00","001","0143","0000","1635","555","1080","52","1687","2847","0","59.26","19.49"
"10","020","00","001","0143","0013","806","278","528","23","829","1452","0","57.09","19.15"
"10","020","00","001","0143","0014","829","277","552","29","858","1395","0","61.51","19.86"
"10","020","00","001","0144","0000","1235","442","793","37","1272","2301","0","55.28","19.21"
"10","020","00","001","0144","0001","569","207","362","22","591","1025","0","57.66","20.2"
"10","020","00","001","0144","0002","666","235","431","15","681","1276","0","53.37","18.42"
"10","020","00","001","0145","0000","1054","349","705","36","1090","1987","0","54.86","17.56"
"10","020","00","001","0145","0042","491","167","324","16","507","938","0","54.05","17.8"
"10","020","00","001","0145","0043","563","182","381","20","583","1049","0","55.58","17.35"
"10","020","00","001","0146","0000","651","206","445","61","712","1360","0","52.35","15.15"
"10","020","00","001","0146","0044","651","206","445","61","712","1360","0","52.35","15.15"
"10","020","00","001","0147","0000","738","273","465","63","801","1615","0","49.6","16.9"
"10","020","00","001","0147","0045","738","273","465","63","801","1615","0","49.6","16.9"
"10","020","00","001","0148","0000","647","222","425","34","681","1267","0","53.75","17.52"
"10","020","00","001","0148","0046","647","222","425","34","681","1267","0","53.75","17.52"
"10","020","00","001","0149","0000","1585","532","1053","121","1706","3410","0","50.03","15.6"
"10","020","00","001","0149","0047","714","215","499","50","764","1579","0","48.39","13.62"
"10","020","00","001","0149","0048","871","317","554","71","942","1831","0","51.45","17.31"
"10","020","00","001","0150","0000","1144","372","772","54","1198","2146","0","55.82","17.33"
"10","020","00","001","0150","0049","546","164","382","26","572","977","0","58.55","16.79"
"10","020","00","001","0150","0050","598","208","390","28","626","1169","0","53.55","17.79"
"10","020","00","001","0151","0000","1364","441","923","84","1448","2504","0","57.83","17.61"
"10","020","00","001","0151","0051","672","220","452","66","738","1238","0","59.61","17.77"
"10","020","00","001","0151","0052","692","221","471","18","710","1266","0","56.08","17.46"
"10","020","00","001","0152","0000","1339","390","949","57","1396","2717","0","51.38","14.35"
"10","020","00","001","0152","0053","639","175","464","43","682","1429","0","47.73","12.25"
"10","020","00","001","0152","0054","700","215","485","14","714","1288","0","55.43","16.69"
"10","020","00","001","0153","0000","1253","430","823","95","1348","2347","0","57.44","18.32"
"10","020","00","001","0153","0060","562","198","364","44","606","1170","0","51.79","16.92"
"10","020","00","001","0153","0061","691","232","459","51","742","1177","0","63.04","19.71"
"10","020","00","001","0154","0000","2074","704","1370","93","2167","3893","0","55.66","18.08"
"10","020","00","001","0154","0057","631","192","439","32","663","1133","0","58.52","16.95"
"10","020","00","001","0154","0058","653","231","422","42","695","1235","0","56.28","18.7"
"10","020","00","001","0154","0059","790","281","509","19","809","1525","0","53.05","18.43"
"10","020","00","001","0155","0000","1940","688","1252","150","2090","3667","0","56.99","18.76"
"10","020","00","001","0155","0062","633","197","436","50","683","1207","0","56.59","16.32"
"10","020","00","001","0155","0063","698","298","400","33","731","1272","0","57.47","23.43"
"10","020","00","001","0155","0064","609","193","416","67","676","1188","0","56.9","16.25"
"10","020","00","001","0156","0000","1150","368","782","107","1257","2101","0","59.83","17.52"
"10","020","00","001","0156","0040","573","188","385","41","614","1023","0","60.02","18.38"
"10","020","00","001","0156","0041","577","180","397","66","643","1078","0","59.65","16.7"
"10","020","00","001","0157","0000","881","271","610","51","932","1824","0","51.1","14.86"
"10","020","00","001","0157","0038","546","160","386","31","577","961","0","60.04","16.65"
"10","020","00","001","0157","0039","335","111","224","20","355","863","0","41.14","12.86"
"10","020","00","001","0158","0000","1029","464","565","47","1076","2058","0","52.28","22.55"
"10","020","00","001","0158","0036","468","161","307","22","490","967","0","50.67","16.65"
"10","020","00","001","0158","0037","561","303","258","25","586","1091","0","53.71","27.77"
"10","020","00","001","0159","0000","1045","361","684","68","1113","2021","0","55.07","17.86"
"10","020","00","001","0159","0032","488","153","335","43","531","941","0","56.43","16.26"
"10","020","00","001","0159","0033","557","208","349","25","582","1080","0","53.89","19.26"
"10","020","00","001","0160","0000","1024","337","687","46","1070","1867","0","57.31","18.05"
"10","020","00","001","0160","0030","510","163","347","24","534","915","0","58.36","17.81"
"10","020","00","001","0160","0031","514","174","340","22","536","952","0","56.3","18.28"
"10","020","00","001","0161","0000","1029","353","676","28","1057","1858","0","56.89","19.0"
"10","020","00","001","0161","0025","646","230","416","14","660","1189","0","55.51","19.34"
"10","020","00","001","0161","0026","383","123","260","14","397","669","0","59.34","18.39"
"10","020","00","001","0162","0000","1141","387","754","49","1190","2210","0","53.85","17.51"
"10","020","00","001","0162","0034","557","173","384","24","581","1157","0","50.22","14.95"
"10","020","00","001","0162","0035","584","214","370","25","609","1053","0","57.83","20.32"
"10","020","00","001","0163","0000","1318","480","838","70","1388","2343","0","59.24","20.49"
"10","020","00","001","0163","0067","730","269","461","35","765","1332","0","57.43","20.2"
"10","020","00","001","0163","0068","588","211","377","35","623","1011","0","61.62","20.87"
"10","020","00","001","0164","0000","1133","391","742","63","1196","2192","0","54.56","17.84"
"10","020","00","001","0164","0065","573","200","373","21","594","1172","0","50.68","17.06"
"10","020","00","001","0164","0066","560","191","369","42","602","1020","0","59.02","18.73"
"10","020","00","001","0165","0000","1159","361","798","62","1221","2149","0","56.82","16.8"
"10","020","00","001","0165","0003","469","137","332","30","499","974","0","51.23","14.07"
"10","020","00","001","0165","0004","690","224","466","32","722","1175","0","61.45","19.06"
"10","020","00","001","0166","0000","1976","733","1243","53","2029","3634","0","55.83","20.17"
"10","020","00","001","0166","0009","1029","370","659","37","1066","1936","0","55.06","19.11"
"10","020","00","001","0166","0010","947","363","584","16","963","1698","0","56.71","21.38"
"10","020","00","001","0167","0000","966","342","624","57","1023","1902","0","53.79","17.98"
"10","020","00","001","0167","0055","505","185","320","37","542","980","0","55.31","18.88"
"10","020","00","001","0167","0056","461","157","304","20","481","922","0","52.17","17.03"
"10","020","00","001","0168","0000","1388","502","886","54","1442","2829","0","50.97","17.74"
"10","020","00","001","0168","0073","718","268","450","32","750","1395","0","53.76","19.21"
"10","020","00","001","0168","0074","670","234","436","22","692","1434","0","48.26","16.32"
"10","020","00","002","0000","0000","63092","20019","43073","3410","66502","120906","147462","55.0","16.56"
"10","020","00","002","0201","0000","417","132","285","35","452","770","0","58.7","17.14"
"10","020","00","002","0201","0152","417","132","285","35","452","770","0","58.7","17.14"
"10","020","00","002","0202","0000","1060","361","699","65","1125","2071","0","54.32","17.43"
"10","020","00","002","0202","0157","490","181","309","39","529","997","0","53.06","18.15"
"10","020","00","002","0202","0158","570","180","390","26","596","1074","0","55.49","16.76"
"10","020","00","002","0203","0000","1226","375","851","83","1309","2257","0","58.0","16.61"
"10","020","00","002","0203","0148","624","206","418","49","673","1146","0","58.73","17.98"
"10","020","00","002","0203","0149","602","169","433","34","636","1111","0","57.25","15.21"
"10","020","00","002","0205","0000","906","306","600","77","983","1970","0","49.9","15.53"
"10","020","00","002","0205","0153","513","156","357","14","527","1135","0","46.43","13.74"
"10","020","00","002","0205","0154","393","150","243","63","456","835","0","54.61","17.96"
"10","020","00","002","0209","0000","2091","715","1376","101","2192","4311","0","50.85","16.59"
"10","020","00","002","0209","0159","645","235","410","16","661","1460","0","45.27","16.1"
"10","020","00","002","0209","0160","673","207","466","48","721","1352","0","53.33","15.31"
"10","020","00","002","0209","0161","773","273","500","37","810","1499","0","54.04","18.21"
"10","020","00","002","0210","0000","2194","709","1485","183","2377","4132","0","57.53","17.16"
"10","020","00","002","0210","0168","788","260","528","70","858","1467","0","58.49","17.72"
"10","020","00","002","0210","0169","689","226","463","56","745","1431","0","52.06","15.79"
"10","020","00","002","0210","0170","717","223","494","57","774","1234","0","62.72","18.07"
"10","020","00","002","0211","0000","1564","528","1036","51","1615","3214","0","50.25","16.43"
"10","020","00","002","0211","0165","795","234","561","28","823","1674","0","49.16","13.98"
"10","020","00","002","0211","0166","769","294","475","23","792","1540","0","51.43","19.09"
"10","020","00","002","0212","0000","1500","473","1027","101","1601","2868","0","55.82","16.49"
"10","020","00","002","0212","0175","828","269","559","77","905","1546","0","58.54","17.4"
"10","020","00","002","0212","0176","672","204","468","24","696","1322","0","52.65","15.43"
"10","020","00","002","0213","0000","809","231","578","76","885","1549","0","57.13","14.91"
"10","020","00","002","0213","0177","809","231","578","76","885","1549","0","57.13","14.91"
"10","020","00","002","0214","0000","568","172","396","21","589","1155","0","51.0","14.89"
"10","020","00","002","0214","0174","568","172","396","21","589","1155","0","51.0","14.89"
"10","020","00","002","0215","0000","1169","339","830","66","1235","2120","0","58.25","15.99"
"10","020","00","002","0215","0093","597","178","419","48","645","1053","0","61.25","16.9"
"10","020","00","002","0215","0094","572","161","411","18","590","1067","0","55.3","15.09"
"10","020","00","002","0216","0000","2042","689","1353","96","2138","4105","0","52.08","16.78"
"10","020","00","002","0216","0097","593","206","387","31","624","1196","0","52.17","17.22"
"10","020","00","002","0216","0098","615","215","400","21","636","1280","0","49.69","16.8"
"10","020","00","002","0216","0099","834","268","566","44","878","1629","0","53.9","16.45"
"10","020","00","002","0217","0000","1708","503","1205","100","1808","3195","0","56.59","15.74"
"10","020","00","002","0217","0110","767","203","564","53","820","1396","0","58.74","14.54"
"10","020","00","002","0217","0111","941","300","641","47","988","1799","0","54.92","16.68"
"10","020","00","002","0218","0000","1676","541","1135","67","1743","3440","0","50.67","15.73"
"10","020","00","002","0218","0095","733","231","502","28","761","1575","0","48.32","14.67"
"10","020","00","002","0218","0096","943","310","633","39","982","1865","0","52.65","16.62"
"10","020","00","002","0219","0000","1970","655","1315","66","2036","3351","0","60.76","19.55"
"10","020","00","002","0219","0105","612","194","418","17","629","1000","0","62.9","19.4"
"10","020","00","002","0219","0106","634","203","431","22","656","1095","0","59.91","18.54"
"10","020","00","002","0219","0107","724","258","466","27","751","1256","0","59.79","20.54"
"10","020","00","002","0220","0000","1065","357","708","53","1118","1827","0","61.19","19.54"
"10","020","00","002","0220","0108","519","169","350","43","562","962","0","58.42","17.57"
"10","020","00","002","0220","0109","546","188","358","10","556","865","0","64.28","21.73"
"10","020","00","002","0221","0000","3253","994","2259","100","3353","6594","0","50.85","15.07"
"10","020","00","002","0221","0112","742","223","519","20","762","1505","0","50.63","14.82"
"10","020","00","002","0221","0113","857","257","600","43","900","1698","0","53.0","15.14"
"10","020","00","002","0221","0114","977","289","688","28","1005","1854","0","54.21","15.59"
"10","020","00","002","0221","0115","677","225","452","9","686","1537","0","44.63","14.64"
"10","020","00","002","0222","0000","1035","355","680","82","1117","2024","0","55.19","17.54"
"10","020","00","002","0222","0103","448","173","275","78","526","841","0","62.54","20.57"
"10","020","00","002","0222","0104","587","182","405","4","591","1183","0","49.96","15.38"
"10","020","00","002","0231","0000","1011","324","687","78","1089","1994","0","54.61","16.25"
"10","020","00","002","0231","0082","466","137","329","18","484","885","0","54.69","15.48"
"10","020","00","002","0231","0083","545","187","358","60","605","1109","0","54.55","16.86"
"10","020","00","002","0245","0000","933","267","666","45","978","1625","0","60.18","16.43"
"10","020","00","002","0245","0140","459","146","313","27","486","756","0","64.29","19.31"
"10","020","00","002","0245","0141","474","121","353","18","492","869","0","56.62","13.92"
"10","020","00","002","0246","0000","942","318","624","49","991","1904","0","52.05","16.7"
"10","020","00","002","0246","0138","359","144","215","21","380","736","0","51.63","19.57"
"10","020","00","002","0246","0139","583","174","409","28","611","1168","0","52.31","14.9"
"10","020","00","002","0247","0000","3038","959","2079","191","3229","5706","0","56.59","16.81"
"10","020","00","002","0247","0134","811","263","548","63","874","1548","0","56.46","16.99"
"10","020","00","002","0247","0135","659","224","435","38","697","1295","0","53.82","17.3"
"10","020","00","002","0247","0136","753","225","528","44","797","1318","0","60.47","17.07"
"10","020","00","002","0247","0137","815","247","568","46","861","1545","0","55.73","15.99"
"10","020","00","002","0248","0000","2939","965","1974","127","3066","5397","0","56.81","17.88"
"10","020","00","002","0248","0130","737","243","494","29","766","1185","0","64.64","20.51"
"10","020","00","002","0248","0131","755","242","513","32","787","1278","0","61.58","18.94"
"10","020","00","002","0248","0132","606","210","396","25","631","1394","0","45.27","15.06"
"10","020","00","002","0248","0133","841","270","571","41","882","1540","0","57.27","17.53"
"10","020","00","002","0249","0000","2301","714","1587","131","2432","4343","0","56.0","16.44"
"10","020","00","002","0249","0120","703","217","486","45","748","1362","0","54.92","15.93"
"10","020","00","002","0249","0121","706","231","475","32","738","1279","0","57.7","18.06"
"10","020","00","002","0249","0122","892","266","626","54","946","1702","0","55.58","15.63"
"10","020","00","002","0250","0000","2079","621","1458","131","2210","3715","0","59.49","16.72"
"10","020","00","002","0250","0117","551","163","388","48","599","944","0","63.45","17.27"
"10","020","00","002","0250","0118","876","251","625","55","931","1627","0","57.22","15.43"
"10","020","00","002","0250","0119","652","207","445","28","680","1144","0","59.44","18.09"
"10","020","00","002","0251","0000","993","301","692","70","1063","1811","0","58.7","16.62"
"10","020","00","002","0251","0142","545","182","363","41","586","983","0","59.61","18.51"
"10","020","00","002","0251","0143","448","119","329","29","477","828","0","57.61","14.37"
"10","020","00","002","0252","0000","935","144","791","42","977","1775","0","55.04","8.11"
"10","020","00","002","0252","0144","935","144","791","42","977","1775","0","55.04","8.11"
"10","020","00","002","0253","0000","2684","843","1841","122","2806","4992","0","56.21","16.89"
"10","020","00","002","0253","0126","730","217","513","35","765","1280","0","59.77","16.95"
"10","020","00","002","0253","0127","583","186","397","26","609","1220","0","49.92","15.25"
"10","020","00","002","0253","0128","667","199","468","23","690","1172","0","58.87","16.98"
"10","020","00","002","0253","0129","704","241","463","38","742","1320","0","56.21","18.26"
"10","020","00","002","0254","0000","735","185","550","31","766","1419","0","53.98","13.04"
"10","020","00","002","0254","0145","735","185","550","31","766","1419","0","53.98","13.04"
"10","020","00","002","0255","0000","768","270","498","56","824","1604","0","51.37","16.83"
"10","020","00","002","0255","0116","768","270","498","56","824","1604","0","51.37","16.83"
"10","020","00","002","0256","0000","1032","304","728","86","1118","1945","0","57.48","15.63"
"10","020","00","002","0256","0084","491","146","345","44","535","1020","0","52.45","14.31"
"10","020","00","002","0256","0085","541","158","383","42","583","925","0","63.03","17.08"
"10","020","00","002","0257","0000","744","266","478","27","771","1671","0","46.14","15.92"
"10","020","00","002","0257","0086","744","266","478","27","771","1671","0","46.14","15.92"
"10","020","00","002","0258","0000","1198","411","787","42","1240","2251","0","55.09","18.26"
"10","020","00","002","0258","0087","657","212","445","22","679","1215","0","55.88","17.45"
"10","020","00","002","0258","0088","541","199","342","20","561","1036","0","54.15","19.21"
"10","020","00","002","0259","0000","1129","370","759","58","1187","2256","0","52.62","16.4"
"10","020","00","002","0259","0089","555","190","365","28","583","1129","0","51.64","16.83"
"10","020","00","002","0259","0090","574","180","394","30","604","1127","0","53.59","15.97"
"10","020","00","002","0260","0000","685","197","488","24","709","1366","0","51.9","14.42"
"10","020","00","002","0260","0092","685","197","488","24","709","1366","0","51.9","14.42"
"10","020","00","002","0261","0000","753","275","478","42","795","1415","0","56.18","19.43"
"10","020","00","002","0261","0091","753","275","478","42","795","1415","0","56.18","19.43"
"10","020","00","002","0262","0000","828","265","563","35","863","1634","0","52.82","16.22"
"10","020","00","002","0262","0146","395","129","266","21","416","779","0","53.4","16.56"
"10","020","00","002","0262","0147","433","136","297","14","447","855","0","52.28","15.91"
"10","020","00","002","0263","0000","854","273","581","57","911","1584","0","57.51","17.23"
"10","020","00","002","0263","0150","458","142","316","38","496","767","0","64.67","18.51"
"10","020","00","002","0263","0151","396","131","265","19","415","817","0","50.8","16.03"
"10","020","00","002","0264","0000","994","286","708","59","1053","2126","0","49.53","13.45"
"10","020","00","002","0264","0155","546","154","392","32","578","1182","0","48.9","13.03"
"10","020","00","002","0264","0156","448","132","316","27","475","944","0","50.32","13.98"
"10","020","00","002","0265","0000","2131","743","1388","111","2242","4164","0","53.84","17.84"
"10","020","00","002","0265","0100","738","247","491","55","793","1393","0","56.93","17.73"
"10","020","00","002","0265","0101","609","200","409","39","648","1077","0","60.17","18.57"
"10","020","00","002","0265","0102","784","296","488","17","801","1694","0","47.28","17.47"
"10","020","00","002","0266","0000","1523","489","1034","113","1636","2718","0","60.19","17.99"
"10","020","00","002","0266","0123","763","255","508","41","804","1358","0","59.2","18.78"
"10","020","00","002","0266","0124","760","234","526","72","832","1360","0","61.18","17.21"
"10","020","00","002","0267","0000","854","248","606","54","908","1589","0","57.14","15.61"
"10","020","00","002","0267","0125","854","248","606","54","908","1589","0","57.14","15.61"
"10","020","00","002","0268","0000","1957","650","1307","54","2011","3598","0","55.89","18.07"
"10","020","00","002","0268","0171","655","211","444","22","677","1266","0","53.48","16.67"
"10","020","00","002","0268","0172","672","231","441","18","690","1211","0","56.98","19.08"
"10","020","00","002","0268","0173","630","208","422","14","644","1121","0","57.45","18.55"
"10","020","00","002","0269","0000","2184","707","1477","135","2319","4295","0","53.99","16.46"
"10","020","00","002","0269","0162","651","234","417","66","717","1262","0","56.81","18.54"
"10","020","00","002","0269","0163","675","214","461","25","700","1299","0","53.89","16.47"
"10","020","00","002","0269","0164","858","259","599","44","902","1734","0","52.02","14.94"
"10","020","00","002","0270","0000","615","189","426","17","632","1056","0","59.85","17.9"
"10","020","00","002","0270","0167","615","189","426","17","632","1056","0","59.85","17.9"
"09","020","00","000","0000","0000","41853","10414","31439","2076","43929","122695","138845","35.8","8.49"
"09","020","00","001","0000","0000","12586","3216","9370","653","13239","37815","43315","35.01","8.5"
"09","020","00","001","0101","0000","1762","402","1360","85","1847","4977","0","37.11","8.08"
"09","020","00","001","0101","0001","483","110","373","25","508","1396","0","36.39","7.88"
"09","020","00","001","0101","0002","677","158","519","20","697","1831","0","38.07","8.63"
"09","020","00","001","0101","0003","602","134","468","40","642","1750","0","36.69","7.66"
"09","020","00","001","0102","0000","3463","1098","2365","146","3609","9882","0","36.52","11.11"
"09","020","00","001","0102","0007","519","135","384","38","557","1610","0","34.6","8.39"
"09","020","00","001","0102","0008","580","129","451","22","602","1687","0","35.68","7.65"
"09","020","00","001","0102","0009","558","115","443","23","581","1594","0","36.45","7.21"
"09","020","00","001","0102","0010","591","126","465","23","614","1726","0","35.57","7.3"
"09","020","00","001","0102","0011","611","466","145","20","631","1733","0","36.41","26.89"
"09","020","00","001","0102","0012","604","127","477","20","624","1532","0","40.73","8.29"
"09","020","00","001","0103","0000","1926","463","1463","107","2033","5465","0","37.2","8.47"
"09","020","00","001","0103","0004","665","157","508","52","717","1889","0","37.96","8.31"
"09","020","00","001","0103","0005","510","146","364","26","536","1675","0","32.0","8.72"
"09","020","00","001","0103","0006","751","160","591","29","780","1901","0","41.03","8.42"
"09","020","00","001","0104","0000","1298","333","965","76","1374","4112","0","33.41","8.1"
"09","020","00","001","0104","0013","675","171","504","46","721","2079","0","34.68","8.23"
"09","020","00","001","0104","0014","623","162","461","30","653","2033","0","32.12","7.97"
"09","020","00","001","0105","0000","1005","229","776","60","1065","3788","0","28.12","6.05"
"09","020","00","001","0105","0018","678","157","521","42","720","2435","0","29.57","6.45"
"09","020","00","001","0105","0019","327","72","255","18","345","1353","0","25.5","5.32"
"09","020","00","001","0106","0000","698","141","557","33","731","2140","0","34.16","6.59"
"09","020","00","001","0106","0017","698","141","557","33","731","2140","0","34.16","6.59"
"09","020","00","001","0107","0000","905","200","705","64","969","2851","0","33.99","7.02"
"09","020","00","001","0107","0020","475","94","381","16","491","1574","0","31.19","5.97"
"09","020","00","001","0107","0021","430","106","324","48","478","1277","0","37.43","8.3"
"09","020","00","001","0108","0000","1529","350","1179","82","1611","4600","0","35.02","7.61"
"09","020","00","001","0108","0015","844","206","638","38","882","2517","0","35.04","8.18"
"09","020","00","001","0108","0016","685","144","541","44","729","2083","0","35.0","6.91"
"09","020","00","002","0000","0000","6240","1191","5049","336","6576","18560","20751","35.43","6.42"
"09","020","00","002","0201","0000","1724","326","1398","108","1832","5106","0","35.88","6.38"
"09","020","00","002","0201","0066","623","125","498","37","660","1909","0","34.57","6.55"
"09","020","00","002","0201","0067","581","111","470","44","625","1524","0","41.01","7.28"
"09","020","00","002","0201","0068","520","90","430","27","547","1673","0","32.7","5.38"
"09","020","00","002","0202","0000","672","108","564","29","701","1895","0","36.99","5.7"
"09","020","00","002","0202","0075","672","108","564","29","701","1895","0","36.99","5.7"
"09","020","00","002","0203","0000","436","109","327","27","463","1135","0","40.79","9.6"
"09","020","00","002","0203","0076","436","109","327","27","463","1135","0","40.79","9.6"
"09","020","00","002","0204","0000","863","167","696","38","901","2377","0","37.9","7.03"
"09","020","00","002","0204","0077","417","90","327","21","438","1252","0","34.98","7.19"
"09","020","00","002","0204","0078","446","77","369","17","463","1125","0","41.16","6.84"
"09","020","00","002","0205","0000","618","93","525","42","660","2003","0","32.95","4.64"
"09","020","00","002","0205","0069","618","93","525","42","660","2003","0","32.95","4.64"
"09","020","00","002","0206","0000","456","103","353","23","479","1540","0","31.1","6.69"
"09","020","00","002","0206","0072","456","103","353","23","479","1540","0","31.1","6.69"
"09","020","00","002","0207","0000","606","113","493","31","637","2166","0","29.41","5.22"
"09","020","00","002","0207","0073","361","74","287","17","378","1216","0","31.09","6.09"
"09","020","00","002","0207","0074","245","39","206","14","259","950","0","27.26","4.11"
"09","020","00","002","0208","0000","865","172","693","38","903","2338","0","38.62","7.36"
"09","020","00","002","0208","0070","479","98","381","15","494","1212","0","40.76","8.09"
"09","020","00","002","0208","0071","386","74","312","23","409","1126","0","36.32","6.57"
"09","020","00","003","0000","0000","9049","2121","6928","452","9501","25915","29658","36.66","8.18"
"09","020","00","003","0301","0000","1549","391","1158","84","1633","4137","0","39.47","9.45"
"09","020","00","003","0301","0049","510","150","360","30","540","1348","0","40.06","11.13"
"09","020","00","003","0301","0050","461","118","343","27","488","1386","0","35.21","8.51"
"09","020","00","003","0301","0051","578","123","455","27","605","1403","0","43.12","8.77"
"09","020","00","003","0302","0000","1168","299","869","62","1230","3264","0","37.68","9.16"
"09","020","00","003","0302","0052","647","157","490","27","674","1771","0","38.06","8.87"
"09","020","00","003","0302","0053","521","142","379","35","556","1493","0","37.24","9.51"
"09","020","00","003","0303","0000","845","203","642","49","894","2618","0","34.15","7.75"
"09","020","00","003","0303","0062","395","95","300","19","414","1236","0","33.5","7.69"
"09","020","00","003","0303","0063","450","108","342","30","480","1382","0","34.73","7.81"
"09","020","00","003","0304","0000","638","131","507","36","674","2006","0","33.6","6.53"
"09","020","00","003","0304","0056","638","131","507","36","674","2006","0","33.6","6.53"
"09","020","00","003","0305","0000","1001","180","821","52","1053","3145","0","33.48","5.72"
"09","020","00","003","0305","0064","546","96","450","14","560","1631","0","34.33","5.89"
"09","020","00","003","0305","0065","455","84","371","38","493","1514","0","32.56","5.55"
"09","020","00","003","0306","0000","2779","707","2072","93","2872","7628","0","37.65","9.27"
"09","020","00","003","0306","0057","625","189","436","18","643","1780","0","36.12","10.62"
"09","020","00","003","0306","0058","619","153","466","16","635","1739","0","36.52","8.8"
"09","020","00","003","0306","0059","459","106","353","20","479","1384","0","34.61","7.66"
"09","020","00","003","0306","0060","507","127","380","21","528","1400","0","37.71","9.07"
"09","020","00","003","0306","0061","569","132","437","18","587","1325","0","44.3","9.96"
"09","020","00","003","0307","0000","497","103","394","39","536","1510","0","35.5","6.82"
"09","020","00","003","0307","0054","497","103","394","39","536","1510","0","35.5","6.82"
"09","020","00","003","0308","0000","572","107","465","37","609","1607","0","37.9","6.66"
"09","020","00","003","0308","0055","572","107","465","37","609","1607","0","37.9","6.66"
"09","020","00","004","0000","0000","9751","3026","6725","438","10189","28162","31588","36.18","10.74"
"09","020","00","004","0401","0000","937","187","750","90","1027","3272","0","31.39","5.72"
"09","020","00","004","0401","0022","481","87","394","60","541","1735","0","31.18","5.01"
"09","020","00","004","0401","0023","456","100","356","30","486","1537","0","31.62","6.51"
"09","020","00","004","0402","0000","1503","386","1117","79","1582","4507","0","35.1","8.56"
"09","020","00","004","0402","0024","559","179","380","33","592","1766","0","33.52","10.14"
"09","020","00","004","0402","0025","358","88","270","17","375","1015","0","36.95","8.67"
"09","020","00","004","0402","0026","586","119","467","29","615","1726","0","35.63","6.89"
"09","020","00","004","0403","0000","486","105","381","20","506","1537","0","32.92","6.83"
"09","020","00","004","0403","0038","486","105","381","20","506","1537","0","32.92","6.83"
"09","020","00","004","0404","0000","2702","955","1747","80","2782","7318","0","38.02","13.05"
"09","020","00","004","0404","0027","514","107","407","24","538","1691","0","31.82","6.33"
"09","020","00","004","0404","0028","847","531","316","19","866","2044","0","42.37","25.98"
"09","020","00","004","0404","0029","742","174","568","22","764","1848","0","41.34","9.42"
"09","020","00","004","0404","0030","599","143","456","15","614","1735","0","35.39","8.24"
"09","020","00","004","0405","0000","1627","374","1253","94","1721","5157","0","33.37","7.25"
"09","020","00","004","0405","0031","599","152","447","28","627","1795","0","34.93","8.47"
"09","020","00","004","0405","0032","542","97","445","38","580","1834","0","31.62","5.29"
"09","020","00","004","0405","0033","486","125","361","28","514","1528","0","33.64","8.18"
"09","020","00","004","0406","0000","2496","1019","1477","75","2571","6371","0","40.35","15.99"
"09","020","00","004","0406","0034","549","108","441","19","568","1473","0","38.56","7.33"
"09","020","00","004","0406","0035","573","127","446","29","602","1679","0","35.85","7.56"
"09","020","00","004","0406","0036","919","663","256","14","933","1921","0","48.57","34.51"
"09","020","00","004","0406","0037","455","121","334","13","468","1298","0","36.06","9.32"
"09","020","00","005","0000","0000","4066","823","3243","193","4259","11676","12847","36.48","7.05"
"09","020","00","005","0501","0000","988","192","796","44","1032","2841","0","36.33","6.76"
"09","020","00","005","0501","0045","509","91","418","16","525","1412","0","37.18","6.44"
"09","020","00","005","0501","0046","479","101","378","28","507","1429","0","35.48","7.07"
"09","020","00","005","0502","0000","457","104","353","28","485","1425","0","34.04","7.3"
"09","020","00","005","0502","0044","457","104","353","28","485","1425","0","34.04","7.3"
"09","020","00","005","0503","0000","750","140","610","46","796","2395","0","33.24","5.85"
"09","020","00","005","0503","0042","419","91","328","21","440","1296","0","33.95","7.02"
"09","020","00","005","0503","0043","331","49","282","25","356","1099","0","32.39","4.46"
"09","020","00","005","0504","0000","1288","255","1033","51","1339","3380","0","39.62","7.54"
"09","020","00","005","0504","0039","697","137","560","25","722","1647","0","43.84","8.32"
"09","020","00","005","0504","0040","591","118","473","26","617","1733","0","35.6","6.81"
"09","020","00","005","0505","0000","583","132","451","24","607","1635","0","37.13","8.07"
"09","020","00","005","0505","0041","583","132","451","24","607","1635","0","37.13","8.07"
"09","020","00","006","0000","0000","161","37","124","4","165","567","686","29.1","6.53"
"09","020","00","006","0601","0000","76","20","56","2","78","275","0","28.36","7.27"
"09","020","00","006","0601","0047","76","20","56","2","78","275","0","28.36","7.27"
"09","020","00","006","0602","0000","85","17","68","2","87","292","0","29.79","5.82"
"09","020","00","006","0602","0048","85","17","68","2","87","292","0","29.79","5.82"
"09","007","00","000","0000","0000","5576","1493","4083","183","5759","11205","13062","51.4","13.32"
"09","007","00","001","0000","0000","3187","790","2397","101","3288","6461","7657","50.89","12.23"
"09","007","00","001","0101","0000","986","274","712","28","1014","1967","0","51.55","13.93"
"09","007","00","001","0101","0001","986","274","712","28","1014","1967","0","51.55","13.93"
"09","007","00","001","01x2","0000","845","208","637","38","883","1837","0","48.07","11.32"
"09","007","00","001","01x2","0002","845","208","637","38","883","1837","0","48.07","11.32"
"09","007","00","001","01x4","0000","569","151","418","18","587","1114","0","52.69","13.55"
"09","007","00","001","01x4","0003","569","151","418","18","587","1114","0","52.69","13.55"
"09","007","00","001","01x5","0000","787","157","630","17","804","1543","0","52.11","10.17"
"09","007","00","001","01x5","0004","787","157","630","17","804","1543","0","52.11","10.17"
"09","007","00","002","0000","0000","1076","247","829","34","1110","2125","2430","52.24","11.62"
"09","007","00","002","02x1","0000","784","178","606","29","813","1515","0","53.66","11.75"
"09","007","00","002","02x1","0005","784","178","606","29","813","1515","0","53.66","11.75"
"09","007","00","002","02x4","0000","292","69","223","5","297","610","0","48.69","11.31"
"09","007","00","002","02x4","0006","292","69","223","5","297","610","0","48.69","11.31"
"09","007","00","003","0000","0000","757","185","572","27","784","1481","1627","52.94","12.49"
"09","007","00","003","03x1","0000","331","84","247","11","342","698","0","49.0","12.03"
"09","007","00","003","03x1","0007","331","84","247","11","342","698","0","49.0","12.03"
"09","007","00","003","03x4","0000","426","101","325","16","442","783","0","56.45","12.9"
"09","007","00","003","03x4","0008","426","101","325","16","442","783","0","56.45","12.9"
"09","007","00","004","0000","0000","556","271","285","21","577","1138","1348","50.7","23.81"
"09","007","00","004","04x1","0000","556","271","285","21","577","1138","0","50.7","23.81"
"09","007","00","004","04x1","0009","556","271","285","21","577","1138","0","50.7","23.81"
