"prv_code","city_code","area_code","dept_code","li_code","tbox_no","valid_ticket","agree_ticket","disagree_ticket","invalid_ticket","vote_ticket","votable_population","population","vote_to_votable","agree_to_votable"
"00","000","00","000","0000","0000","10474219","6401748","4072471","540757","11014976","19757067","23580833","55.75","32.4"
"63","000","00","000","0000","0000","1238672","732239","506433","55460","1294132","2228430","2669874","58.07","32.86"
"63","000","00","001","0000","0000","96389","57656","38733","4247","100636","169278","205826","59.45","34.06"
"63","000","00","001","0102","0000","2617","1561","1056","105","2722","4660","0","58.41","33.5"
"63","000","00","001","0102","0527","920","552","368","28","948","1583","0","59.89","34.87"
"63","000","00","001","0102","0528","936","561","375","45","981","1691","0","58.01","33.18"
"63","000","00","001","0102","0529","761","448","313","32","793","1386","0","57.22","32.32"
"63","000","00","001","0103","0000","3962","2400","1562","207","4169","6767","0","61.61","35.47"
"63","000","00","001","0103","0530","774","460","314","51","825","1362","0","60.57","33.77"
"63","000","00","001","0103","0531","805","485","320","41","846","1399","0","60.47","34.67"
"63","000","00","001","0103","0532","759","455","304","56","815","1324","0","61.56","34.37"
"63","000","00","001","0103","0533","802","482","320","28","830","1296","0","64.04","37.19"
"63","000","00","001","0103","0534","822","518","304","31","853","1386","0","61.54","37.37"
"63","000","00","001","0104","0000","3392","2036","1356","174","3566","5950","0","59.93","34.22"
"63","000","00","001","0104","0535","910","527","383","57","967","1529","0","63.24","34.47"
"63","000","00","001","0104","0536","793","487","306","35","828","1416","0","58.47","34.39"
"63","000","00","001","0104","0537","856","521","335","51","907","1619","0","56.02","32.18"
"63","000","00","001","0104","0538","833","501","332","31","864","1386","0","62.34","36.15"
"63","000","00","001","0105","0000","2454","1388","1066","78","2532","4033","0","62.78","34.42"
"63","000","00","001","0105","0539","856","469","387","29","885","1380","0","64.13","33.99"
"63","000","00","001","0105","0540","806","477","329","28","834","1357","0","61.46","35.15"
"63","000","00","001","0105","0541","792","442","350","21","813","1296","0","62.73","34.1"
"63","000","00","001","0106","0000","2538","1524","1014","131","2669","4450","0","59.98","34.25"
"63","000","00","001","0106","0542","917","550","367","68","985","1632","0","60.36","33.7"
"63","000","00","001","0106","0543","797","490","307","31","828","1414","0","58.56","34.65"
"63","000","00","001","0106","0544","824","484","340","32","856","1404","0","60.97","34.47"
"63","000","00","001","0107","0000","2497","1462","1035","133","2630","4279","0","61.46","34.17"
"63","000","00","001","0107","0545","802","501","301","51","853","1365","0","62.49","36.7"
"63","000","00","001","0107","0546","827","467","360","38","865","1431","0","60.45","32.63"
"63","000","00","001","0107","0547","868","494","374","44","912","1483","0","61.5","33.31"
"63","000","00","001","0108","0000","2301","1456","845","115","2416","4010","0","60.25","36.31"
"63","000","00","001","0108","0548","782","468","314","36","818","1293","0","63.26","36.19"
"63","000","00","001","0108","0549","769","536","233","37","806","1410","0","57.16","38.01"
"63","000","00","001","0108","0550","750","452","298","42","792","1307","0","60.6","34.58"
"63","000","00","001","0109","0000","2231","1362","869","106","2337","3710","0","62.99","36.71"
"63","000","00","001","0109","0551","758","457","301","36","794","1242","0","63.93","36.8"
"63","000","00","001","0109","0552","709","438","271","31","740","1192","0","62.08","36.74"
"63","000","00","001","0109","0553","764","467","297","39","803","1276","0","62.93","36.6"
"63","000","00","001","0110","0000","2156","1298","858","72","2228","3676","0","60.61","35.31"
"63","000","00","001","0110","0554","696","411","285","18","714","1201","0","59.45","34.22"
"63","000","00","001","0110","0555","766","451","315","30","796","1318","0","60.39","34.22"
"63","000","00","001","0110","0556","694","436","258","24","718","1157","0","62.06","37.68"
"63","000","00","001","0111","0000","3592","2140","1452","145","3737","6311","0","59.21","33.91"
"63","000","00","001","0111","0557","670","389","281","15","685","1157","0","59.2","33.62"
"63","000","00","001","0111","0558","807","484","323","36","843","1357","0","62.12","35.67"
"63","000","00","001","0111","0559","652","401","251","22","674","1215","0","55.47","33.0"
"63","000","00","001","0111","0560","755","452","303","31","786","1345","0","58.44","33.61"
"63","000","00","001","0111","0561","708","414","294","41","749","1237","0","60.55","33.47"
"63","000","00","001","0112","0000","5036","3122","1914","204","5240","8478","0","61.81","36.82"
"63","000","00","001","0112","0562","833","537","296","41","874","1393","0","62.74","38.55"
"63","000","00","001","0112","0563","842","507","335","26","868","1331","0","65.21","38.09"
"63","000","00","001","0112","0564","937","537","400","43","980","1550","0","63.23","34.65"
"63","000","00","001","0112","0565","724","480","244","18","742","1308","0","56.73","36.7"
"63","000","00","001","0112","0566","840","509","331","38","878","1490","0","58.93","34.16"
"63","000","00","001","0112","0567","860","552","308","38","898","1406","0","63.87","39.26"
"63","000","00","001","0113","0000","1380","781","599","72","1452","2286","0","63.52","34.16"
"63","000","00","001","0113","0568","744","408","336","30","774","1191","0","64.99","34.26"
"63","000","00","001","0113","0569","636","373","263","42","678","1095","0","61.92","34.06"
"63","000","00","001","0114","0000","2078","1278","800","108","2186","3688","0","59.27","34.65"
"63","000","00","001","0114","0570","667","405","262","46","713","1198","0","59.52","33.81"
"63","000","00","001","0114","0571","714","461","253","35","749","1265","0","59.21","36.44"
"63","000","00","001","0114","0572","697","412","285","27","724","1225","0","59.1","33.63"
"63","000","00","001","0115","0000","3020","1852","1168","138","3158","5271","0","59.91","35.14"
"63","000","00","001","0115","0573","1001","618","383","51","1052","1698","0","61.96","36.4"
"63","000","00","001","0115","0574","1011","646","365","39","1050","1819","0","57.72","35.51"
"63","000","00","001","0115","0575","1008","588","420","48","1056","1754","0","60.21","33.52"
"63","000","00","001","0116","0000","4514","2638","1876","192","4706","7675","0","61.32","34.37"
"63","000","00","001","0116","0576","817","436","381","40","857","1361","0","62.97","32.04"
"63","000","00","001","0116","0577","722","456","266","22","744","1189","0","62.57","38.35"
"63","000","00","001","0116","0578","715","432","283","32","747","1214","0","61.53","35.58"
"63","000","00","001","0116","0579","744","451","293","26","770","1284","0","59.97","35.12"
"63","000","00","001","0116","0580","766","452","314","41","807","1297","0","62.22","34.85"
"63","000","00","001","0116","0581","750","411","339","31","781","1330","0","58.72","30.9"
"63","000","00","001","0117","0000","3327","2094","1233","112","3439","5685","0","60.49","36.83"
"63","000","00","001","0117","0582","835","534","301","36","871","1396","0","62.39","38.25"
"63","000","00","001","0117","0583","834","534","300","20","854","1480","0","57.7","36.08"
"63","000","00","001","0117","0584","838","528","310","26","864","1419","0","60.89","37.21"
"63","000","00","001","0117","0585","820","498","322","30","850","1390","0","61.15","35.83"
"63","000","00","001","0118","0000","3202","1799","1403","165","3367","7127","0","47.24","25.24"
"63","000","00","001","0118","0588","880","484","396","24","904","2677","0","33.77","18.08"
"63","000","00","001","0118","0589","729","406","323","42","771","1281","0","60.19","31.69"
"63","000","00","001","0118","0590","691","393","298","32","723","1469","0","49.22","26.75"
"63","000","00","001","0118","0591","902","516","386","67","969","1700","0","57.0","30.35"
"63","000","00","001","0119","0000","4133","2384","1749","208","4341","7443","0","58.32","32.03"
"63","000","00","001","0119","0592","791","447","344","39","830","1503","0","55.22","29.74"
"63","000","00","001","0119","0593","751","421","330","28","779","1309","0","59.51","32.16"
"63","000","00","001","0119","0594","782","458","324","56","838","1376","0","60.9","33.28"
"63","000","00","001","0119","0595","949","588","361","33","982","1654","0","59.37","35.55"
"63","000","00","001","0119","0596","860","470","390","52","912","1601","0","56.96","29.36"
"63","000","00","001","0120","0000","2825","1678","1147","137","2962","4845","0","61.14","34.63"
"63","000","00","001","0120","0597","850","497","353","34","884","1496","0","59.09","33.22"
"63","000","00","001","0120","0598","954","546","408","62","1016","1598","0","63.58","34.17"
"63","000","00","001","0120","0599","1021","635","386","41","1062","1751","0","60.65","36.26"
"63","000","00","001","0121","0000","5087","3240","1847","205","5292","8544","0","61.94","37.92"
"63","000","00","001","0121","0600","938","588","350","36","974","1557","0","62.56","37.76"
"63","000","00","001","0121","0601","1056","705","351","40","1096","1686","0","65.01","41.81"
"63","000","00","001","0121","0602","998","664","334","49","1047","1707","0","61.34","38.9"
"63","000","00","001","0121","0603","1150","737","413","45","1195","1854","0","64.46","39.75"
"63","000","00","001","0121","0604","945","546","399","35","980","1740","0","56.32","31.38"
"63","000","00","001","0122","0000","4246","2476","1770","187","4433","7404","0","59.87","33.44"
"63","000","00","001","0122","0605","839","477","362","51","890","1494","0","59.57","31.93"
"63","000","00","001","0122","0606","838","506","332","42","880","1453","0","60.56","34.82"
"63","000","00","001","0122","0607","840","499","341","39","879","1458","0","60.29","34.22"
"63","000","00","001","0122","0608","872","474","398","29","901","1536","0","58.66","30.86"
"63","000","00","001","0122","0609","857","520","337","26","883","1463","0","60.36","35.54"
"63","000","00","001","0124","0000","3755","2074","1681","158","3913","7047","0","55.53","29.43"
"63","000","00","001","0124","0610","918","477","441","31","949","1790","0","53.02","26.65"
"63","000","00","001","0124","0611","978","552","426","42","1020","1679","0","60.75","32.88"
"63","000","00","001","0124","0612","895","508","387","44","939","1785","0","52.61","28.46"
"63","000","00","001","0124","0613","964","537","427","41","1005","1793","0","56.05","29.95"
"63","000","00","001","0125","0000","3219","1973","1246","165","3384","5573","0","60.72","35.4"
"63","000","00","001","0125","0614","772","560","212","46","818","1381","0","59.23","40.55"
"63","000","00","001","0125","0615","743","424","319","34","777","1279","0","60.75","33.15"
"63","000","00","001","0125","0616","964","558","406","46","1010","1681","0","60.08","33.19"
"63","000","00","001","0125","0617","740","431","309","39","779","1232","0","63.23","34.98"
"63","000","00","001","0126","0000","4385","2548","1837","156","4541","7803","0","58.2","32.65"
"63","000","00","001","0126","0618","859","510","349","30","889","1533","0","57.99","33.27"
"63","000","00","001","0126","0619","921","536","385","32","953","1540","0","61.88","34.81"
"63","000","00","001","0126","0620","967","564","403","26","993","1716","0","57.87","32.87"
"63","000","00","001","0126","0621","891","504","387","40","931","1664","0","55.95","30.29"
"63","000","00","001","0126","0622","747","434","313","28","775","1350","0","57.41","32.15"
"63","000","00","001","0127","0000","1820","1074","746","85","1905","3395","0","56.11","31.63"
"63","000","00","001","0127","0623","1013","610","403","36","1049","1837","0","57.1","33.21"
"63","000","00","001","0127","0624","807","464","343","49","856","1558","0","54.94","29.78"
"63","000","00","001","0128","0000","1648","1002","646","76","1724","2894","0","59.57","34.62"
"63","000","00","001","0128","0625","835","509","326","42","877","1420","0","61.76","35.85"
"63","000","00","001","0128","0626","813","493","320","34","847","1474","0","57.46","33.45"
"63","000","00","001","0129","0000","1830","1020","810","90","1920","3317","0","57.88","30.75"
"63","000","00","001","0129","0627","875","541","334","42","917","1591","0","57.64","34.0"
"63","000","00","001","0129","0628","955","479","476","48","1003","1726","0","58.11","27.75"
"63","000","00","001","0130","0000","3257","2202","1055","120","3377","5792","0","58.3","38.02"
"63","000","00","001","0130","0629","820","761","59","28","848","1452","0","58.4","52.41"
"63","000","00","001","0130","0630","816","493","323","25","841","1482","0","56.75","33.27"
"63","000","00","001","0130","0631","841","496","345","39","880","1460","0","60.27","33.97"
"63","000","00","001","0130","0632","780","452","328","28","808","1398","0","57.8","32.33"
"63","000","00","001","0131","0000","1559","945","614","62","1621","2649","0","61.19","35.67"
"63","000","00","001","0131","0633","838","509","329","40","878","1423","0","61.7","35.77"
"63","000","00","001","0131","0634","721","436","285","22","743","1226","0","60.6","35.56"
"63","000","00","001","0132","0000","2159","1274","885","81","2240","3761","0","59.56","33.87"
"63","000","00","001","0132","0635","664","415","249","39","703","1158","0","60.71","35.84"
"63","000","00","001","0132","0636","798","439","359","26","824","1426","0","57.78","30.79"
"63","000","00","001","0132","0637","697","420","277","16","713","1177","0","60.58","35.68"
"63","000","00","001","0133","0000","3120","1820","1300","137","3257","5355","0","60.82","33.99"
"63","000","00","001","0133","0638","770","449","321","29","799","1363","0","58.62","32.94"
"63","000","00","001","0133","0639","737","464","273","35","772","1240","0","62.26","37.42"
"63","000","00","001","0133","0640","822","475","347","38","860","1375","0","62.55","34.55"
"63","000","00","001","0133","0641","791","432","359","35","826","1377","0","59.99","31.37"
"63","000","00","001","0134","0000","1286","721","565","49","1335","2242","0","59.55","32.16"
"63","000","00","001","0134","0642","656","379","277","24","680","1225","0","55.51","30.94"
"63","000","00","001","0134","0643","630","342","288","25","655","1017","0","64.41","33.63"
"63","000","00","001","0135","0000","1763","1034","729","74","1837","3158","0","58.17","32.74"
"63","000","00","001","0135","0586","881","502","379","39","920","1525","0","60.33","32.92"
"63","000","00","001","0135","0587","882","532","350","35","917","1633","0","56.15","32.58"
"63","000","00","002","0000","0000","106177","62853","43324","4836","111013","190444","223594","58.29","33.0"
"63","000","00","002","0201","0000","2415","1525","890","100","2515","5151","0","48.83","29.61"
"63","000","00","002","0201","0644","789","483","306","26","815","2476","0","32.92","19.51"
"63","000","00","002","0201","0645","856","542","314","27","883","1381","0","63.94","39.25"
"63","000","00","002","0201","0646","770","500","270","47","817","1294","0","63.14","38.64"
"63","000","00","002","0202","0000","2323","1393","930","88","2411","3949","0","61.05","35.27"
"63","000","00","002","0202","0647","774","452","322","33","807","1351","0","59.73","33.46"
"63","000","00","002","0202","0648","757","462","295","24","781","1296","0","60.26","35.65"
"63","000","00","002","0202","0649","792","479","313","31","823","1302","0","63.21","36.79"
"63","000","00","002","0203","0000","1297","804","493","77","1374","2446","0","56.17","32.87"
"63","000","00","002","0203","0650","544","343","201","44","588","1025","0","57.37","33.46"
"63","000","00","002","0203","0651","753","461","292","33","786","1421","0","55.31","32.44"
"63","000","00","002","0204","0000","1632","957","675","51","1683","3076","0","54.71","31.11"
"63","000","00","002","0204","0652","830","507","323","28","858","1501","0","57.16","33.78"
"63","000","00","002","0204","0653","802","450","352","23","825","1575","0","52.38","28.57"
"63","000","00","002","0205","0000","1667","1040","627","49","1716","2898","0","59.21","35.89"
"63","000","00","002","0205","0654","847","534","313","28","875","1516","0","57.72","35.22"
"63","000","00","002","0205","0655","820","506","314","21","841","1382","0","60.85","36.61"
"63","000","00","002","0206","0000","2842","1710","1132","152","2994","5054","0","59.24","33.83"
"63","000","00","002","0206","0656","627","396","231","35","662","1128","0","58.69","35.11"
"63","000","00","002","0206","0657","763","492","271","34","797","1397","0","57.05","35.22"
"63","000","00","002","0206","0658","688","386","302","43","731","1161","0","62.96","33.25"
"63","000","00","002","0206","0659","764","436","328","40","804","1368","0","58.77","31.87"
"63","000","00","002","0207","0000","2712","1563","1149","112","2824","4589","0","61.54","34.06"
"63","000","00","002","0207","0660","616","391","225","20","636","1049","0","60.63","37.27"
"63","000","00","002","0207","0661","758","454","304","35","793","1308","0","60.63","34.71"
"63","000","00","002","0207","0662","696","387","309","36","732","1154","0","63.43","33.54"
"63","000","00","002","0207","0663","642","331","311","21","663","1078","0","61.5","30.71"
"63","000","00","002","0208","0000","3854","2284","1570","168","4022","6667","0","60.33","34.26"
"63","000","00","002","0208","0664","775","478","297","38","813","1375","0","59.13","34.76"
"63","000","00","002","0208","0665","827","513","314","41","868","1448","0","59.94","35.43"
"63","000","00","002","0208","0666","734","431","303","28","762","1250","0","60.96","34.48"
"63","000","00","002","0208","0667","805","439","366","24","829","1381","0","60.03","31.79"
"63","000","00","002","0208","0668","713","423","290","37","750","1213","0","61.83","34.87"
"63","000","00","002","0209","0000","4980","2975","2005","206","5186","8706","0","59.57","34.17"
"63","000","00","002","0209","0669","824","475","349","35","859","1373","0","62.56","34.6"
"63","000","00","002","0209","0670","730","435","295","27","757","1226","0","61.75","35.48"
"63","000","00","002","0209","0671","669","388","281","17","686","1117","0","61.41","34.74"
"63","000","00","002","0209","0672","676","401","275","28","704","1123","0","62.69","35.71"
"63","000","00","002","0209","0673","689","412","277","43","732","1200","0","61.0","34.33"
"63","000","00","002","0209","0674","687","418","269","25","712","1335","0","53.33","31.31"
"63","000","00","002","0209","0675","705","446","259","31","736","1332","0","55.26","33.48"
"63","000","00","002","0210","0000","1767","1040","727","111","1878","3190","0","58.87","32.6"
"63","000","00","002","0210","0676","931","551","380","57","988","1648","0","59.95","33.43"
"63","000","00","002","0210","0677","836","489","347","54","890","1542","0","57.72","31.71"
"63","000","00","002","0211","0000","2471","1392","1079","112","2583","4362","0","59.22","31.91"
"63","000","00","002","0211","0678","688","353","335","46","734","1228","0","59.77","28.75"
"63","000","00","002","0211","0679","963","556","407","43","1006","1731","0","58.12","32.12"
"63","000","00","002","0211","0680","820","483","337","23","843","1403","0","60.09","34.43"
"63","000","00","002","0212","0000","1758","1065","693","112","1870","3229","0","57.91","32.98"
"63","000","00","002","0212","0681","994","629","365","74","1068","1929","0","55.37","32.61"
"63","000","00","002","0212","0682","764","436","328","38","802","1300","0","61.69","33.54"
"63","000","00","002","0213","0000","2364","1404","960","92","2456","4405","0","55.75","31.87"
"63","000","00","002","0213","0683","772","454","318","26","798","1486","0","53.7","30.55"
"63","000","00","002","0213","0684","755","434","321","33","788","1532","0","51.44","28.33"
"63","000","00","002","0213","0685","837","516","321","33","870","1387","0","62.73","37.2"
"63","000","00","002","0214","0000","1872","1102","770","103","1975","3536","0","55.85","31.17"
"63","000","00","002","0214","0686","614","368","246","42","656","1195","0","54.9","30.79"
"63","000","00","002","0214","0687","585","335","250","29","614","1068","0","57.49","31.37"
"63","000","00","002","0214","0688","673","399","274","32","705","1273","0","55.38","31.34"
"63","000","00","002","0215","0000","2184","1278","906","111","2295","3898","0","58.88","32.79"
"63","000","00","002","0215","0689","798","466","332","44","842","1329","0","63.36","35.06"
"63","000","00","002","0215","0690","716","415","301","30","746","1311","0","56.9","31.66"
"63","000","00","002","0215","0691","670","397","273","37","707","1258","0","56.2","31.56"
"63","000","00","002","0216","0000","2933","1687","1246","169","3102","5022","0","61.77","33.59"
"63","000","00","002","0216","0692","726","432","294","48","774","1277","0","60.61","33.83"
"63","000","00","002","0216","0693","774","442","332","44","818","1285","0","63.66","34.4"
"63","000","00","002","0216","0694","700","410","290","43","743","1161","0","64.0","35.31"
"63","000","00","002","0216","0695","733","403","330","34","767","1299","0","59.05","31.02"
"63","000","00","002","0217","0000","2717","1617","1100","134","2851","4811","0","59.26","33.61"
"63","000","00","002","0217","0696","690","409","281","33","723","1243","0","58.17","32.9"
"63","000","00","002","0217","0697","653","378","275","43","696","1197","0","58.15","31.58"
"63","000","00","002","0217","0698","751","462","289","23","774","1224","0","63.24","37.75"
"63","000","00","002","0217","0699","623","368","255","35","658","1147","0","57.37","32.08"
"63","000","00","002","0218","0000","2632","1600","1032","109","2741","4373","0","62.68","36.59"
"63","000","00","002","0218","0700","718","448","270","21","739","1045","0","70.72","42.87"
"63","000","00","002","0218","0701","689","418","271","26","715","1096","0","65.24","38.14"
"63","000","00","002","0218","0702","620","363","257","20","640","1115","0","57.4","32.56"
"63","000","00","002","0218","0703","605","371","234","42","647","1117","0","57.92","33.21"
"63","000","00","002","0219","0000","2045","1227","818","93","2138","3770","0","56.71","32.55"
"63","000","00","002","0219","0704","514","294","220","25","539","1019","0","52.89","28.85"
"63","000","00","002","0219","0705","760","457","303","37","797","1346","0","59.21","33.95"
"63","000","00","002","0219","0706","771","476","295","31","802","1405","0","57.08","33.88"
"63","000","00","002","0220","0000","3782","2241","1541","177","3959","6448","0","61.4","34.75"
"63","000","00","002","0220","0707","746","440","306","42","788","1356","0","58.11","32.45"
"63","000","00","002","0220","0708","775","451","324","32","807","1250","0","64.56","36.08"
"63","000","00","002","0220","0709","747","448","299","32","779","1254","0","62.12","35.73"
"63","000","00","002","0220","0710","751","434","317","30","781","1317","0","59.3","32.95"
"63","000","00","002","0220","0711","763","468","295","41","804","1271","0","63.26","36.82"
"63","000","00","002","0221","0000","1075","621","454","63","1138","2004","0","56.79","30.99"
"63","000","00","002","0221","0712","530","301","229","33","563","979","0","57.51","30.75"
"63","000","00","002","0221","0713","545","320","225","30","575","1025","0","56.1","31.22"
"63","000","00","002","0222","0000","3224","1813","1411","117","3341","5741","0","58.2","31.58"
"63","000","00","002","0222","0714","735","445","290","37","772","1512","0","51.06","29.43"
"63","000","00","002","0222","0715","861","404","457","33","894","1483","0","60.28","27.24"
"63","000","00","002","0222","0716","804","457","347","28","832","1359","0","61.22","33.63"
"63","000","00","002","0222","0717","824","507","317","19","843","1387","0","60.78","36.55"
"63","000","00","002","0223","0000","2475","1405","1070","109","2584","4448","0","58.09","31.59"
"63","000","00","002","0223","0718","770","439","331","36","806","1455","0","55.4","30.17"
"63","000","00","002","0223","0719","830","472","358","30","860","1461","0","58.86","32.31"
"63","000","00","002","0223","0720","875","494","381","43","918","1532","0","59.92","32.25"
"63","000","00","002","0224","0000","2324","1374","950","137","2461","3964","0","62.08","34.66"
"63","000","00","002","0224","0721","639","356","283","32","671","1043","0","64.33","34.13"
"63","000","00","002","0224","0722","528","325","203","30","558","875","0","63.77","37.14"
"63","000","00","002","0224","0723","522","305","217","23","545","927","0","58.79","32.9"
"63","000","00","002","0224","0724","635","388","247","52","687","1119","0","61.39","34.67"
"63","000","00","002","0225","0000","3937","2303","1634","160","4097","7061","0","58.02","32.62"
"63","000","00","002","0225","0725","723","483","240","42","765","1463","0","52.29","33.01"
"63","000","00","002","0225","0726","799","449","350","30","829","1293","0","64.11","34.73"
"63","000","00","002","0225","0727","846","493","353","35","881","1553","0","56.73","31.75"
"63","000","00","002","0225","0728","773","422","351","20","793","1360","0","58.31","31.03"
"63","000","00","002","0225","0729","796","456","340","33","829","1392","0","59.55","32.76"
"63","000","00","002","0226","0000","3029","1781","1248","133","3162","5430","0","58.23","32.8"
"63","000","00","002","0226","0730","793","454","339","18","811","1377","0","58.9","32.97"
"63","000","00","002","0226","0731","796","464","332","19","815","1377","0","59.19","33.7"
"63","000","00","002","0226","0732","657","399","258","32","689","1269","0","54.29","31.44"
"63","000","00","002","0226","0733","783","464","319","64","847","1407","0","60.2","32.98"
"63","000","00","002","0227","0000","2041","1194","847","105","2146","3609","0","59.46","33.08"
"63","000","00","002","0227","0734","663","389","274","27","690","1172","0","58.87","33.19"
"63","000","00","002","0227","0735","663","372","291","32","695","1182","0","58.8","31.47"
"63","000","00","002","0227","0736","715","433","282","46","761","1255","0","60.64","34.5"
"63","000","00","002","0228","0000","2352","1441","911","91","2443","4437","0","55.06","32.48"
"63","000","00","002","0228","0737","883","552","331","20","903","1689","0","53.46","32.68"
"63","000","00","002","0228","0738","846","510","336","40","886","1605","0","55.2","31.78"
"63","000","00","002","0228","0739","623","379","244","31","654","1143","0","57.22","33.16"
"63","000","00","002","0229","0000","3250","1935","1315","147","3397","5898","0","57.6","32.81"
"63","000","00","002","0229","0740","756","453","303","36","792","1440","0","55.0","31.46"
"63","000","00","002","0229","0741","828","501","327","31","859","1495","0","57.46","33.51"
"63","000","00","002","0229","0742","876","491","385","46","922","1514","0","60.9","32.43"
"63","000","00","002","0229","0743","790","490","300","34","824","1449","0","56.87","33.82"
"63","000","00","002","0230","0000","4536","2705","1831","176","4712","7867","0","59.9","34.38"
"63","000","00","002","0230","0744","826","469","357","35","861","1401","0","61.46","33.48"
"63","000","00","002","0230","0745","636","366","270","20","656","1181","0","55.55","30.99"
"63","000","00","002","0230","0746","862","528","334","23","885","1376","0","64.32","38.37"
"63","000","00","002","0230","0747","832","514","318","44","876","1422","0","61.6","36.15"
"63","000","00","002","0230","0748","727","453","274","25","752","1267","0","59.35","35.75"
"63","000","00","002","0230","0749","653","375","278","29","682","1220","0","55.9","30.74"
"63","000","00","002","0231","0000","2462","1489","973","86","2548","4622","0","55.13","32.22"
"63","000","00","002","0231","0750","791","496","295","33","824","1562","0","52.75","31.75"
"63","000","00","002","0231","0751","812","472","340","18","830","1455","0","57.04","32.44"
"63","000","00","002","0231","0752","859","521","338","35","894","1605","0","55.7","32.46"
"63","000","00","002","0232","0000","3288","1892","1396","105","3393","6070","0","55.9","31.17"
"63","000","00","002","0232","0753","877","515","362","24","901","1626","0","55.41","31.67"
"63","000","00","002","0232","0754","905","531","374","36","941","1561","0","60.28","34.02"
"63","000","00","002","0232","0755","762","412","350","23","785","1547","0","50.74","26.63"
"63","000","00","002","0232","0756","744","434","310","22","766","1336","0","57.34","32.49"
"63","000","00","002","0233","0000","3701","2220","1481","177","3878","6899","0","56.21","32.18"
"63","000","00","002","0233","0757","679","411","268","24","703","1314","0","53.5","31.28"
"63","000","00","002","0233","0758","701","432","269","29","730","1297","0","56.28","33.31"
"63","000","00","002","0233","0759","722","432","290","40","762","1366","0","55.78","31.63"
"63","000","00","002","0233","0760","799","468","331","45","844","1472","0","57.34","31.79"
"63","000","00","002","0233","0761","800","477","323","39","839","1450","0","57.86","32.9"
"63","000","00","002","0234","0000","2353","1390","963","120","2473","4100","0","60.32","33.9"
"63","000","00","002","0234","0762","741","441","300","33","774","1328","0","58.28","33.21"
"63","000","00","002","0234","0763","815","469","346","38","853","1399","0","60.97","33.52"
"63","000","00","002","0234","0764","797","480","317","49","846","1373","0","61.62","34.96"
"63","000","00","002","0235","0000","1972","1171","801","85","2057","3592","0","57.27","32.6"
"63","000","00","002","0235","0765","607","388","219","17","624","1099","0","56.78","35.3"
"63","000","00","002","0235","0766","682","379","303","56","738","1226","0","60.2","30.91"
"63","000","00","002","0235","0767","683","404","279","12","695","1267","0","54.85","31.89"
"63","000","00","002","0236","0000","3512","2082","1430","151","3663","6247","0","58.64","33.33"
"63","000","00","002","0236","0768","867","548","319","44","911","1531","0","59.5","35.79"
"63","000","00","002","0236","0769","840","496","344","33","873","1438","0","60.71","34.49"
"63","000","00","002","0236","0770","882","494","388","30","912","1657","0","55.04","29.81"
"63","000","00","002","0236","0771","923","544","379","44","967","1621","0","59.65","33.56"
"63","000","00","002","0237","0000","1660","992","668","68","1728","2842","0","60.8","34.9"
"63","000","00","002","0237","0772","883","523","360","30","913","1508","0","60.54","34.68"
"63","000","00","002","0237","0773","777","469","308","38","815","1334","0","61.09","35.16"
"63","000","00","002","0238","0000","2003","1141","862","95","2098","3662","0","57.29","31.16"
"63","000","00","002","0238","0774","567","321","246","32","599","1246","0","48.07","25.76"
"63","000","00","002","0238","0775","725","401","324","33","758","1196","0","63.38","33.53"
"63","000","00","002","0238","0776","711","419","292","30","741","1220","0","60.74","34.34"
"63","000","00","002","0239","0000","3330","1974","1356","199","3529","6210","0","56.83","31.79"
"63","000","00","002","0239","0777","837","480","357","32","869","1538","0","56.5","31.21"
"63","000","00","002","0239","0778","889","537","352","54","943","1565","0","60.26","34.31"
"63","000","00","002","0239","0779","807","473","334","67","874","1621","0","53.92","29.18"
"63","000","00","002","0239","0780","797","484","313","46","843","1486","0","56.73","32.57"
"63","000","00","002","0240","0000","2407","1410","997","121","2528","4310","0","58.65","32.71"
"63","000","00","002","0240","0781","796","471","325","31","827","1507","0","54.88","31.25"
"63","000","00","002","0240","0782","866","503","363","37","903","1516","0","59.56","33.18"
"63","000","00","002","0240","0783","745","436","309","53","798","1287","0","62.0","33.88"
"63","000","00","002","0241","0000","999","616","383","65","1064","1851","0","57.48","33.28"
"63","000","00","002","0241","0784","533","325","208","35","568","1050","0","54.1","30.95"
"63","000","00","002","0241","0785","466","291","175","30","496","801","0","61.92","36.33"
"63","000","00","003","0000","0000","140694","83730","56964","5604","146298","252645","308835","57.91","33.14"
"63","000","00","003","0301","0000","2668","1618","1050","104","2772","4848","0","57.18","33.37"
"63","000","00","003","0301","1214","630","380","250","25","655","1184","0","55.32","32.09"
"63","000","00","003","0301","1215","629","385","244","32","661","1197","0","55.22","32.16"
"63","000","00","003","0301","1216","694","386","308","18","712","1221","0","58.31","31.61"
"63","000","00","003","0301","1217","715","467","248","29","744","1246","0","59.71","37.48"
"63","000","00","003","0302","0000","2517","1496","1021","106","2623","4386","0","59.8","34.11"
"63","000","00","003","0302","1218","877","547","330","25","902","1478","0","61.03","37.01"
"63","000","00","003","0302","1219","715","403","312","40","755","1314","0","57.46","30.67"
"63","000","00","003","0302","1220","925","546","379","41","966","1594","0","60.6","34.25"
"63","000","00","003","0303","0000","3336","1960","1376","131","3467","5767","0","60.12","33.99"
"63","000","00","003","0303","1221","820","475","345","37","857","1429","0","59.97","33.24"
"63","000","00","003","0303","1222","864","533","331","28","892","1452","0","61.43","36.71"
"63","000","00","003","0303","1223","885","496","389","23","908","1551","0","58.54","31.98"
"63","000","00","003","0303","1224","767","456","311","43","810","1335","0","60.67","34.16"
"63","000","00","003","0304","0000","3730","2171","1559","154","3884","6795","0","57.16","31.95"
"63","000","00","003","0304","1225","644","366","278","23","667","1196","0","55.77","30.6"
"63","000","00","003","0304","1226","719","410","309","22","741","1339","0","55.34","30.62"
"63","000","00","003","0304","1227","813","458","355","24","837","1448","0","57.8","31.63"
"63","000","00","003","0304","1228","760","461","299","38","798","1373","0","58.12","33.58"
"63","000","00","003","0304","1229","794","476","318","47","841","1439","0","58.44","33.08"
"63","000","00","003","0305","0000","2294","1394","900","65","2359","4461","0","52.88","31.25"
"63","000","00","003","0305","1230","629","346","283","9","638","1174","0","54.34","29.47"
"63","000","00","003","0305","1231","602","360","242","17","619","1144","0","54.11","31.47"
"63","000","00","003","0305","1232","578","384","194","23","601","1119","0","53.71","34.32"
"63","000","00","003","0305","1233","485","304","181","16","501","1024","0","48.93","29.69"
"63","000","00","003","0306","0000","2944","1806","1138","112","3056","5067","0","60.31","35.64"
"63","000","00","003","0306","1234","612","393","219","17","629","1032","0","60.95","38.08"
"63","000","00","003","0306","1235","758","503","255","29","787","1319","0","59.67","38.13"
"63","000","00","003","0306","1236","814","472","342","32","846","1369","0","61.8","34.48"
"63","000","00","003","0306","1237","760","438","322","34","794","1347","0","58.95","32.52"
"63","000","00","003","0307","0000","3088","1826","1262","92","3180","5988","0","53.11","30.49"
"63","000","00","003","0307","1238","844","502","342","22","866","1655","0","52.33","30.33"
"63","000","00","003","0307","1239","792","484","308","25","817","1595","0","51.22","30.34"
"63","000","00","003","0307","1240","758","442","316","30","788","1429","0","55.14","30.93"
"63","000","00","003","0307","1241","694","398","296","15","709","1309","0","54.16","30.4"
"63","000","00","003","0308","0000","1489","852","637","69","1558","2818","0","55.29","30.23"
"63","000","00","003","0308","1242","799","482","317","25","824","1508","0","54.64","31.96"
"63","000","00","003","0308","1243","690","370","320","44","734","1310","0","56.03","28.24"
"63","000","00","003","0309","0000","1888","1110","778","90","1978","3667","0","53.94","30.27"
"63","000","00","003","0309","1244","639","392","247","30","669","1233","0","54.26","31.79"
"63","000","00","003","0309","1245","661","370","291","34","695","1287","0","54.0","28.75"
"63","000","00","003","0309","1246","588","348","240","26","614","1147","0","53.53","30.34"
"63","000","00","003","0310","0000","3378","1970","1408","156","3534","6508","0","54.3","30.27"
"63","000","00","003","0310","1247","647","370","277","30","677","1260","0","53.73","29.37"
"63","000","00","003","0310","1248","733","432","301","31","764","1377","0","55.48","31.37"
"63","000","00","003","0310","1249","672","385","287","48","720","1284","0","56.07","29.98"
"63","000","00","003","0310","1250","672","393","279","18","690","1314","0","52.51","29.91"
"63","000","00","003","0310","1251","654","390","264","29","683","1273","0","53.65","30.64"
"63","000","00","003","0311","0000","2824","1675","1149","97","2921","4829","0","60.49","34.69"
"63","000","00","003","0311","1252","652","358","294","25","677","1146","0","59.08","31.24"
"63","000","00","003","0311","1253","741","454","287","25","766","1285","0","59.61","35.33"
"63","000","00","003","0311","1254","774","459","315","17","791","1297","0","60.99","35.39"
"63","000","00","003","0311","1255","657","404","253","30","687","1101","0","62.4","36.69"
"63","000","00","003","0312","0000","2292","1325","967","113","2405","4047","0","59.43","32.74"
"63","000","00","003","0312","1256","719","398","321","44","763","1310","0","58.24","30.38"
"63","000","00","003","0312","1257","800","460","340","44","844","1365","0","61.83","33.7"
"63","000","00","003","0312","1258","773","467","306","25","798","1372","0","58.16","34.04"
"63","000","00","003","0313","0000","2119","1261","858","77","2196","3596","0","61.07","35.07"
"63","000","00","003","0313","1259","713","429","284","19","732","1189","0","61.56","36.08"
"63","000","00","003","0313","1260","742","430","312","30","772","1256","0","61.46","34.24"
"63","000","00","003","0313","1261","664","402","262","28","692","1151","0","60.12","34.93"
"63","000","00","003","0314","0000","3638","2151","1487","134","3772","6129","0","61.54","35.1"
"63","000","00","003","0314","1262","890","510","380","36","926","1501","0","61.69","33.98"
"63","000","00","003","0314","1263","905","558","347","22","927","1520","0","60.99","36.71"
"63","000","00","003","0314","1264","913","538","375","45","958","1529","0","62.66","35.19"
"63","000","00","003","0314","1265","930","545","385","31","961","1579","0","60.86","34.52"
"63","000","00","003","0315","0000","3053","1774","1279","115","3168","6705","0","47.25","26.46"
"63","000","00","003","0315","1266","655","373","282","24","679","2619","0","25.93","14.24"
"63","000","00","003","0315","1267","735","445","290","23","758","1290","0","58.76","34.5"
"63","000","00","003","0315","1268","783","465","318","37","820","1307","0","62.74","35.58"
"63","000","00","003","0315","1269","880","491","389","31","911","1489","0","61.18","32.98"
"63","000","00","003","0316","0000","2794","1640","1154","104","2898","4884","0","59.34","33.58"
"63","000","00","003","0316","1270","657","385","272","30","687","1097","0","62.63","35.1"
"63","000","00","003","0316","1271","753","433","320","28","781","1328","0","58.81","32.61"
"63","000","00","003","0316","1272","661","377","284","20","681","1189","0","57.28","31.71"
"63","000","00","003","0316","1273","723","445","278","26","749","1270","0","58.98","35.04"
"63","000","00","003","0317","0000","2951","1717","1234","89","3040","5155","0","58.97","33.31"
"63","000","00","003","0317","1274","761","417","344","13","774","1349","0","57.38","30.91"
"63","000","00","003","0317","1275","711","409","302","19","730","1292","0","56.5","31.66"
"63","000","00","003","0317","1276","775","480","295","30","805","1314","0","61.26","36.53"
"63","000","00","003","0317","1277","704","411","293","27","731","1200","0","60.92","34.25"
"63","000","00","003","0318","0000","1750","1030","720","40","1790","3119","0","57.39","33.02"
"63","000","00","003","0318","1278","875","505","370","12","887","1558","0","56.93","32.41"
"63","000","00","003","0318","1279","875","525","350","28","903","1561","0","57.85","33.63"
"63","000","00","003","0319","0000","1699","996","703","48","1747","2945","0","59.32","33.82"
"63","000","00","003","0319","1280","835","494","341","25","860","1446","0","59.47","34.16"
"63","000","00","003","0319","1281","864","502","362","23","887","1499","0","59.17","33.49"
"63","000","00","003","0320","0000","1674","1029","645","48","1722","2978","0","57.82","34.55"
"63","000","00","003","0320","1282","857","528","329","19","876","1467","0","59.71","35.99"
"63","000","00","003","0320","1283","817","501","316","29","846","1511","0","55.99","33.16"
"63","000","00","003","0321","0000","2697","1627","1070","128","2825","4640","0","60.88","35.06"
"63","000","00","003","0321","1284","914","550","364","55","969","1600","0","60.56","34.38"
"63","000","00","003","0321","1285","900","534","366","38","938","1573","0","59.63","33.95"
"63","000","00","003","0321","1286","883","543","340","35","918","1467","0","62.58","37.01"
"63","000","00","003","0322","0000","3301","1977","1324","125","3426","5891","0","58.16","33.56"
"63","000","00","003","0322","1287","767","455","312","36","803","1358","0","59.13","33.51"
"63","000","00","003","0322","1288","870","527","343","36","906","1568","0","57.78","33.61"
"63","000","00","003","0322","1289","811","456","355","32","843","1411","0","59.74","32.32"
"63","000","00","003","0322","1290","853","539","314","21","874","1554","0","56.24","34.68"
"63","000","00","003","0323","0000","3459","1986","1473","90","3549","5712","0","62.13","34.77"
"63","000","00","003","0323","1291","796","484","312","29","825","1345","0","61.34","35.99"
"63","000","00","003","0323","1292","836","512","324","13","849","1435","0","59.16","35.68"
"63","000","00","003","0323","1293","911","577","334","20","931","1481","0","62.86","38.96"
"63","000","00","003","0323","1294","916","413","503","28","944","1451","0","65.06","28.46"
"63","000","00","003","0326","0000","1749","1018","731","79","1828","3091","0","59.14","32.93"
"63","000","00","003","0326","1295","881","517","364","50","931","1566","0","59.45","33.01"
"63","000","00","003","0326","1296","868","501","367","29","897","1525","0","58.82","32.85"
"63","000","00","003","0327","0000","2321","1400","921","90","2411","4215","0","57.2","33.21"
"63","000","00","003","0327","1297","738","447","291","31","769","1336","0","57.56","33.46"
"63","000","00","003","0327","1298","862","516","346","38","900","1483","0","60.69","34.79"
"63","000","00","003","0327","1299","721","437","284","21","742","1396","0","53.15","31.3"
"63","000","00","003","0328","0000","3185","1906","1279","140","3325","5535","0","60.07","34.44"
"63","000","00","003","0328","1300","829","481","348","40","869","1406","0","61.81","34.21"
"63","000","00","003","0328","1301","835","505","330","31","866","1434","0","60.39","35.22"
"63","000","00","003","0328","1302","723","432","291","33","756","1288","0","58.7","33.54"
"63","000","00","003","0328","1303","798","488","310","36","834","1407","0","59.28","34.68"
"63","000","00","003","0329","0000","2398","1438","960","97","2495","4554","0","54.79","31.58"
"63","000","00","003","0329","1304","817","477","340","28","845","1514","0","55.81","31.51"
"63","000","00","003","0329","1305","747","476","271","35","782","1550","0","50.45","30.71"
"63","000","00","003","0329","1306","834","485","349","34","868","1490","0","58.26","32.55"
"63","000","00","003","0330","0000","2627","1515","1112","92","2719","4663","0","58.31","32.49"
"63","000","00","003","0330","1307","703","382","321","25","728","1284","0","56.7","29.75"
"63","000","00","003","0330","1308","661","389","272","25","686","1129","0","60.76","34.46"
"63","000","00","003","0330","1309","688","400","288","17","705","1193","0","59.09","33.53"
"63","000","00","003","0330","1310","575","344","231","25","600","1057","0","56.76","32.54"
"63","000","00","003","0331","0000","2851","1648","1203","177","3028","5453","0","55.53","30.22"
"63","000","00","003","0331","1311","766","432","334","30","796","1361","0","58.49","31.74"
"63","000","00","003","0331","1312","762","459","303","39","801","1412","0","56.73","32.51"
"63","000","00","003","0331","1313","666","370","296","28","694","1423","0","48.77","26.0"
"63","000","00","003","0331","1314","657","387","270","80","737","1257","0","58.63","30.79"
"63","000","00","003","0332","0000","2830","1665","1165","141","2971","4829","0","61.52","34.48"
"63","000","00","003","0332","1315","671","398","273","33","704","1133","0","62.14","35.13"
"63","000","00","003","0332","1316","606","350","256","23","629","1077","0","58.4","32.5"
"63","000","00","003","0332","1317","755","468","287","33","788","1300","0","60.62","36.0"
"63","000","00","003","0332","1318","798","449","349","52","850","1319","0","64.44","34.04"
"63","000","00","003","0333","0000","2019","1213","806","108","2127","3633","0","58.55","33.39"
"63","000","00","003","0333","1319","704","420","284","52","756","1265","0","59.76","33.2"
"63","000","00","003","0333","1320","672","408","264","30","702","1265","0","55.49","32.25"
"63","000","00","003","0333","1321","643","385","258","26","669","1103","0","60.65","34.9"
"63","000","00","003","0334","0000","2288","1493","795","92","2380","3958","0","60.13","37.72"
"63","000","00","003","0334","1322","772","581","191","32","804","1341","0","59.96","43.33"
"63","000","00","003","0334","1323","790","480","310","35","825","1357","0","60.8","35.37"
"63","000","00","003","0334","1324","726","432","294","25","751","1260","0","59.6","34.29"
"63","000","00","003","0335","0000","2088","1233","855","95","2183","3844","0","56.79","32.08"
"63","000","00","003","0335","1325","725","421","304","37","762","1295","0","58.84","32.51"
"63","000","00","003","0335","1326","739","437","302","25","764","1399","0","54.61","31.24"
"63","000","00","003","0335","1327","624","375","249","33","657","1150","0","57.13","32.61"
"63","000","00","003","0336","0000","2786","1657","1129","105","2891","5149","0","56.15","32.18"
"63","000","00","003","0336","1328","686","400","286","20","706","1351","0","52.26","29.61"
"63","000","00","003","0336","1329","754","425","329","39","793","1341","0","59.13","31.69"
"63","000","00","003","0336","1330","609","375","234","21","630","1129","0","55.8","33.22"
"63","000","00","003","0336","1331","737","457","280","25","762","1328","0","57.38","34.41"
"63","000","00","003","0337","0000","3422","2222","1200","145","3567","6080","0","58.67","36.55"
"63","000","00","003","0337","1332","955","644","311","34","989","1557","0","63.52","41.36"
"63","000","00","003","0337","1333","881","555","326","44","925","1461","0","63.31","37.99"
"63","000","00","003","0337","1334","789","493","296","31","820","1589","0","51.6","31.03"
"63","000","00","003","0337","1335","797","530","267","36","833","1473","0","56.55","35.98"
"63","000","00","003","0338","0000","1844","1090","754","90","1934","3311","0","58.41","32.92"
"63","000","00","003","0338","1336","801","446","355","37","838","1479","0","56.66","30.16"
"63","000","00","003","0338","1337","492","311","181","28","520","833","0","62.42","37.33"
"63","000","00","003","0338","1338","551","333","218","25","576","999","0","57.66","33.33"
"63","000","00","003","0339","0000","1016","597","419","33","1049","1757","0","59.7","33.98"
"63","000","00","003","0339","1339","1016","597","419","33","1049","1757","0","59.7","33.98"
"63","000","00","003","0340","0000","4493","2645","1848","173","4666","7674","0","60.8","34.47"
"63","000","00","003","0340","1340","905","552","353","34","939","1573","0","59.69","35.09"
"63","000","00","003","0340","1341","951","560","391","29","980","1587","0","61.75","35.29"
"63","000","00","003","0340","1342","876","497","379","38","914","1496","0","61.1","33.22"
"63","000","00","003","0340","1343","837","480","357","33","870","1440","0","60.42","33.33"
"63","000","00","003","0340","1344","924","556","368","39","963","1578","0","61.03","35.23"
"63","000","00","003","0341","0000","2118","1224","894","57","2175","3594","0","60.52","34.06"
"63","000","00","003","0341","1345","718","411","307","18","736","1223","0","60.18","33.61"
"63","000","00","003","0341","1346","649","376","273","21","670","1119","0","59.87","33.6"
"63","000","00","003","0341","1347","751","437","314","18","769","1252","0","61.42","34.9"
"63","000","00","003","0343","0000","4110","2588","1522","156","4266","7232","0","58.99","35.79"
"63","000","00","003","0343","1348","925","543","382","33","958","1576","0","60.79","34.45"
"63","000","00","003","0343","1349","798","484","314","35","833","1425","0","58.46","33.96"
"63","000","00","003","0343","1350","776","478","298","24","800","1450","0","55.17","32.97"
"63","000","00","003","0343","1351","791","591","200","31","822","1444","0","56.93","40.93"
"63","000","00","003","0343","1352","820","492","328","33","853","1337","0","63.8","36.8"
"63","000","00","003","0344","0000","2866","1730","1136","134","3000","5100","0","58.82","33.92"
"63","000","00","003","0344","1353","764","462","302","31","795","1417","0","56.1","32.6"
"63","000","00","003","0344","1354","703","425","278","31","734","1250","0","58.72","34.0"
"63","000","00","003","0344","1355","648","388","260","37","685","1176","0","58.25","32.99"
"63","000","00","003","0344","1356","751","455","296","35","786","1257","0","62.53","36.2"
"63","000","00","003","0346","0000","2770","1594","1176","106","2876","4851","0","59.29","32.86"
"63","000","00","003","0346","1357","723","426","297","34","757","1257","0","60.22","33.89"
"63","000","00","003","0346","1358","668","387","281","26","694","1148","0","60.45","33.71"
"63","000","00","003","0346","1359","801","456","345","26","827","1418","0","58.32","32.16"
"63","000","00","003","0346","1360","578","325","253","20","598","1028","0","58.17","31.61"
"63","000","00","003","0347","0000","3870","2327","1543","162","4032","6796","0","59.33","34.24"
"63","000","00","003","0347","1361","846","479","367","25","871","1445","0","60.28","33.15"
"63","000","00","003","0347","1362","778","497","281","39","817","1361","0","60.03","36.52"
"63","000","00","003","0347","1363","788","506","282","38","826","1343","0","61.5","37.68"
"63","000","00","003","0347","1364","725","424","301","35","760","1267","0","59.98","33.46"
"63","000","00","003","0347","1365","733","421","312","25","758","1380","0","54.93","30.51"
"63","000","00","003","0348","0000","2336","1414","922","103","2439","4312","0","56.56","32.79"
"63","000","00","003","0348","1366","818","476","342","41","859","1524","0","56.36","31.23"
"63","000","00","003","0348","1367","855","521","334","23","878","1470","0","59.73","35.44"
"63","000","00","003","0348","1368","663","417","246","39","702","1318","0","53.26","31.64"
"63","000","00","003","0349","0000","2278","1390","888","86","2364","4254","0","55.57","32.68"
"63","000","00","003","0349","1369","760","445","315","26","786","1430","0","54.97","31.12"
"63","000","00","003","0349","1370","772","463","309","28","800","1386","0","57.72","33.41"
"63","000","00","003","0349","1371","746","482","264","32","778","1438","0","54.1","33.52"
"63","000","00","003","0350","0000","2804","1662","1142","123","2927","5267","0","55.57","31.55"
"63","000","00","003","0350","1372","649","387","262","18","667","1270","0","52.52","30.47"
"63","000","00","003","0350","1373","736","425","311","44","780","1395","0","55.91","30.47"
"63","000","00","003","0350","1374","716","452","264","29","745","1292","0","57.66","34.98"
"63","000","00","003","0350","1375","703","398","305","32","735","1310","0","56.11","30.38"
"63","000","00","003","0351","0000","2920","1717","1203","108","3028","5321","0","56.91","32.27"
"63","000","00","003","0351","1376","726","424","302","32","758","1319","0","57.47","32.15"
"63","000","00","003","0351","1377","777","467","310","24","801","1355","0","59.11","34.46"
"63","000","00","003","0351","1378","682","381","301","24","706","1312","0","53.81","29.04"
"63","000","00","003","0351","1379","735","445","290","28","763","1335","0","57.15","33.33"
"63","000","00","003","0352","0000","2234","1330","904","69","2303","4124","0","55.84","32.25"
"63","000","00","003","0352","1380","801","492","309","21","822","1489","0","55.2","33.04"
"63","000","00","003","0352","1381","749","450","299","27","776","1307","0","59.37","34.43"
"63","000","00","003","0352","1382","684","388","296","21","705","1328","0","53.09","29.22"
"63","000","00","003","0353","0000","2888","1673","1215","114","3002","5169","0","58.08","32.37"
"63","000","00","003","0353","1383","695","409","286","10","705","1277","0","55.21","32.03"
"63","000","00","003","0353","1384","732","424","308","31","763","1314","0","58.07","32.27"
"63","000","00","003","0353","1385","742","434","308","31","773","1270","0","60.87","34.17"
"63","000","00","003","0353","1386","719","406","313","42","761","1308","0","58.18","31.04"
"63","000","00","003","0354","0000","2032","1216","816","88","2120","3647","0","58.13","33.34"
"63","000","00","003","0354","1387","657","393","264","25","682","1138","0","59.93","34.53"
"63","000","00","003","0354","1388","721","432","289","23","744","1333","0","55.81","32.41"
"63","000","00","003","0354","1389","654","391","263","40","694","1176","0","59.01","33.25"
"63","000","00","003","0355","0000","2957","1763","1194","136","3093","5436","0","56.9","32.43"
"63","000","00","003","0355","1390","709","401","308","43","752","1311","0","57.36","30.59"
"63","000","00","003","0355","1391","701","425","276","22","723","1295","0","55.83","32.82"
"63","000","00","003","0355","1392","797","506","291","41","838","1421","0","58.97","35.61"
"63","000","00","003","0355","1393","750","431","319","30","780","1409","0","55.36","30.59"
"63","000","00","003","0356","0000","3717","2188","1529","127","3844","6534","0","58.83","33.49"
"63","000","00","003","0356","1394","815","481","334","26","841","1434","0","58.65","33.54"
"63","000","00","003","0356","1395","746","416","330","39","785","1449","0","54.18","28.71"
"63","000","00","003","0356","1396","733","422","311","27","760","1284","0","59.19","32.87"
"63","000","00","003","0356","1397","705","430","275","15","720","1248","0","57.69","34.46"
"63","000","00","003","0356","1398","718","439","279","20","738","1119","0","65.95","39.23"
"63","000","00","003","0357","0000","1294","783","511","91","1385","2327","0","59.52","33.65"
"63","000","00","003","0357","1399","513","320","193","25","538","883","0","60.93","36.24"
"63","000","00","003","0357","1400","324","189","135","37","361","630","0","57.3","30.0"
"63","000","00","003","0357","1401","457","274","183","29","486","814","0","59.71","33.66"
"63","000","00","004","0000","0000","107111","62130","44981","4939","112050","195148","229680","57.42","31.84"
"63","000","00","004","0401","0000","1577","887","690","66","1643","2854","0","57.57","31.08"
"63","000","00","004","0401","0786","845","461","384","35","880","1522","0","57.82","30.29"
"63","000","00","004","0401","0787","732","426","306","31","763","1332","0","57.28","31.98"
"63","000","00","004","0402","0000","2334","1298","1036","104","2438","4755","0","51.27","27.3"
"63","000","00","004","0402","0788","799","442","357","38","837","1656","0","50.54","26.69"
"63","000","00","004","0402","0789","680","383","297","27","707","1367","0","51.72","28.02"
"63","000","00","004","0402","0790","855","473","382","39","894","1732","0","51.62","27.31"
"63","000","00","004","0403","0000","1771","1028","743","70","1841","3284","0","56.06","31.3"
"63","000","00","004","0403","0791","896","523","373","44","940","1634","0","57.53","32.01"
"63","000","00","004","0403","0792","875","505","370","26","901","1650","0","54.61","30.61"
"63","000","00","004","0404","0000","2341","1321","1020","102","2443","4046","0","60.38","32.65"
"63","000","00","004","0404","0793","790","463","327","36","826","1392","0","59.34","33.26"
"63","000","00","004","0404","0794","699","384","315","27","726","1177","0","61.68","32.63"
"63","000","00","004","0404","0795","852","474","378","39","891","1477","0","60.32","32.09"
"63","000","00","004","0405","0000","1230","727","503","73","1303","2359","0","55.24","30.82"
"63","000","00","004","0405","0796","540","315","225","41","581","1063","0","54.66","29.63"
"63","000","00","004","0405","0797","690","412","278","32","722","1296","0","55.71","31.79"
"63","000","00","004","0406","0000","3103","1827","1276","130","3233","6065","0","53.31","30.12"
"63","000","00","004","0406","0798","681","380","301","30","711","1330","0","53.46","28.57"
"63","000","00","004","0406","0799","766","424","342","37","803","1483","0","54.15","28.59"
"63","000","00","004","0406","0800","807","456","351","22","829","1542","0","53.76","29.57"
"63","000","00","004","0406","0801","849","567","282","41","890","1710","0","52.05","33.16"
"63","000","00","004","0407","0000","1978","1169","809","97","2075","3822","0","54.29","30.59"
"63","000","00","004","0407","0802","658","385","273","22","680","1315","0","51.71","29.28"
"63","000","00","004","0407","0803","667","398","269","40","707","1245","0","56.79","31.97"
"63","000","00","004","0407","0804","653","386","267","35","688","1262","0","54.52","30.59"
"63","000","00","004","0408","0000","3300","1843","1457","141","3441","6149","0","55.96","29.97"
"63","000","00","004","0408","0805","821","438","383","45","866","1518","0","57.05","28.85"
"63","000","00","004","0408","0806","846","479","367","38","884","1522","0","58.08","31.47"
"63","000","00","004","0408","0807","800","452","348","33","833","1580","0","52.72","28.61"
"63","000","00","004","0408","0808","833","474","359","25","858","1529","0","56.12","31.0"
"63","000","00","004","0409","0000","1906","1083","823","95","2001","3581","0","55.88","30.24"
"63","000","00","004","0409","0809","656","380","276","33","689","1221","0","56.43","31.12"
"63","000","00","004","0409","0810","700","384","316","31","731","1221","0","59.87","31.45"
"63","000","00","004","0409","0811","550","319","231","31","581","1139","0","51.01","28.01"
"63","000","00","004","0410","0000","2244","1277","967","116","2360","4306","0","54.81","29.66"
"63","000","00","004","0410","0812","749","423","326","59","808","1407","0","57.43","30.06"
"63","000","00","004","0410","0813","729","401","328","29","758","1321","0","57.38","30.36"
"63","000","00","004","0410","0814","766","453","313","28","794","1578","0","50.32","28.71"
"63","000","00","004","0411","0000","2479","1462","1017","116","2595","4917","0","52.78","29.73"
"63","000","00","004","0411","0815","854","523","331","42","896","1739","0","51.52","30.07"
"63","000","00","004","0411","0816","825","478","347","33","858","1637","0","52.41","29.2"
"63","000","00","004","0411","0817","800","461","339","41","841","1541","0","54.57","29.92"
"63","000","00","004","0412","0000","2034","1129","905","98","2132","3765","0","56.63","29.99"
"63","000","00","004","0412","0818","695","394","301","25","720","1210","0","59.5","32.56"
"63","000","00","004","0412","0819","721","400","321","36","757","1331","0","56.87","30.05"
"63","000","00","004","0412","0820","618","335","283","37","655","1224","0","53.51","27.37"
"63","000","00","004","0413","0000","1804","1250","554","62","1866","3209","0","58.15","38.95"
"63","000","00","004","0413","0824","992","685","307","41","1033","1805","0","57.23","37.95"
"63","000","00","004","0413","0825","812","565","247","21","833","1404","0","59.33","40.24"
"63","000","00","004","0414","0000","4600","2697","1903","197","4797","7819","0","61.35","34.49"
"63","000","00","004","0414","0826","1033","594","439","35","1068","1708","0","62.53","34.78"
"63","000","00","004","0414","0827","887","501","386","37","924","1451","0","63.68","34.53"
"63","000","00","004","0414","0828","998","572","426","44","1042","1684","0","61.88","33.97"
"63","000","00","004","0414","0829","896","564","332","21","917","1585","0","57.85","35.58"
"63","000","00","004","0414","0830","786","466","320","60","846","1391","0","60.82","33.5"
"63","000","00","004","0415","0000","3252","1950","1302","124","3376","5575","0","60.56","34.98"
"63","000","00","004","0415","0831","851","505","346","60","911","1375","0","66.25","36.73"
"63","000","00","004","0415","0832","879","553","326","18","897","1472","0","60.94","37.57"
"63","000","00","004","0415","0833","714","402","312","27","741","1327","0","55.84","30.29"
"63","000","00","004","0415","0834","808","490","318","19","827","1401","0","59.03","34.98"
"63","000","00","004","0416","0000","4567","2626","1941","152","4719","7980","0","59.14","32.91"
"63","000","00","004","0416","0835","815","476","339","34","849","1423","0","59.66","33.45"
"63","000","00","004","0416","0836","912","513","399","25","937","1569","0","59.72","32.7"
"63","000","00","004","0416","0837","936","535","401","29","965","1651","0","58.45","32.4"
"63","000","00","004","0416","0838","887","518","369","28","915","1624","0","56.34","31.9"
"63","000","00","004","0416","0839","1017","584","433","36","1053","1713","0","61.47","34.09"
"63","000","00","004","0417","0000","545","317","228","26","571","944","0","60.49","33.58"
"63","000","00","004","0417","0862","545","317","228","26","571","944","0","60.49","33.58"
"63","000","00","004","0418","0000","2574","1434","1140","124","2698","4693","0","57.49","30.56"
"63","000","00","004","0418","0846","805","445","360","30","835","1472","0","56.73","30.23"
"63","000","00","004","0418","0847","787","427","360","47","834","1517","0","54.98","28.15"
"63","000","00","004","0418","0848","982","562","420","47","1029","1704","0","60.39","32.98"
"63","000","00","004","0419","0000","2583","1523","1060","122","2705","4476","0","60.43","34.03"
"63","000","00","004","0419","0821","879","512","367","34","913","1585","0","57.6","32.3"
"63","000","00","004","0419","0822","894","518","376","51","945","1523","0","62.05","34.01"
"63","000","00","004","0419","0823","810","493","317","37","847","1368","0","61.92","36.04"
"63","000","00","004","0420","0000","2481","1450","1031","149","2630","4535","0","57.99","31.97"
"63","000","00","004","0420","0849","898","528","370","42","940","1603","0","58.64","32.94"
"63","000","00","004","0420","0850","751","460","291","48","799","1432","0","55.8","32.12"
"63","000","00","004","0420","0851","832","462","370","59","891","1500","0","59.4","30.8"
"63","000","00","004","0421","0000","3238","1883","1355","150","3388","5635","0","60.12","33.42"
"63","000","00","004","0421","0852","786","469","317","34","820","1332","0","61.56","35.21"
"63","000","00","004","0421","0853","841","485","356","46","887","1450","0","61.17","33.45"
"63","000","00","004","0421","0854","847","474","373","34","881","1434","0","61.44","33.05"
"63","000","00","004","0421","0855","764","455","309","36","800","1419","0","56.38","32.06"
"63","000","00","004","0422","0000","2290","1262","1028","97","2387","4400","0","54.25","28.68"
"63","000","00","004","0422","0856","706","393","313","30","736","1292","0","56.97","30.42"
"63","000","00","004","0422","0857","823","434","389","31","854","1526","0","55.96","28.44"
"63","000","00","004","0422","0858","761","435","326","36","797","1582","0","50.38","27.5"
"63","000","00","004","0423","0000","2413","1334","1079","137","2550","4584","0","55.63","29.1"
"63","000","00","004","0423","0859","788","436","352","45","833","1588","0","52.46","27.46"
"63","000","00","004","0423","0860","804","465","339","44","848","1463","0","57.96","31.78"
"63","000","00","004","0423","0861","821","433","388","48","869","1533","0","56.69","28.25"
"63","000","00","004","0424","0000","2647","1522","1125","104","2751","6843","0","40.2","22.24"
"63","000","00","004","0424","0863","1049","604","445","37","1086","1745","0","62.23","34.61"
"63","000","00","004","0424","0864","815","469","346","30","845","1679","0","50.33","27.93"
"63","000","00","004","0424","0865","783","449","334","37","820","3419","0","23.98","13.13"
"63","000","00","004","0425","0000","4016","2344","1672","197","4213","7203","0","58.49","32.54"
"63","000","00","004","0425","0866","792","463","329","43","835","1387","0","60.2","33.38"
"63","000","00","004","0425","0867","971","584","387","41","1012","1672","0","60.53","34.93"
"63","000","00","004","0425","0868","744","442","302","36","780","1319","0","59.14","33.51"
"63","000","00","004","0425","0869","733","414","319","33","766","1364","0","56.16","30.35"
"63","000","00","004","0425","0870","776","441","335","44","820","1461","0","56.13","30.18"
"63","000","00","004","0426","0000","2031","1172","859","96","2127","3654","0","58.21","32.07"
"63","000","00","004","0426","0871","673","388","285","39","712","1173","0","60.7","33.08"
"63","000","00","004","0426","0872","621","366","255","36","657","1171","0","56.11","31.26"
"63","000","00","004","0426","0873","737","418","319","21","758","1310","0","57.86","31.91"
"63","000","00","004","0427","0000","3906","2283","1623","164","4070","6655","0","61.16","34.31"
"63","000","00","004","0427","0874","804","483","321","36","840","1373","0","61.18","35.18"
"63","000","00","004","0427","0875","771","468","303","34","805","1290","0","62.4","36.28"
"63","000","00","004","0427","0876","786","452","334","36","822","1346","0","61.07","33.58"
"63","000","00","004","0427","0877","857","471","386","35","892","1468","0","60.76","32.08"
"63","000","00","004","0427","0878","688","409","279","23","711","1178","0","60.36","34.72"
"63","000","00","004","0428","0000","3422","2008","1414","163","3585","6102","0","58.75","32.91"
"63","000","00","004","0428","0879","951","575","376","40","991","1654","0","59.92","34.76"
"63","000","00","004","0428","0880","819","483","336","42","861","1464","0","58.81","32.99"
"63","000","00","004","0428","0881","822","487","335","31","853","1450","0","58.83","33.59"
"63","000","00","004","0428","0882","830","463","367","50","880","1534","0","57.37","30.18"
"63","000","00","004","0429","0000","3746","2069","1677","203","3949","6660","0","59.29","31.07"
"63","000","00","004","0429","0883","932","530","402","43","975","1703","0","57.25","31.12"
"63","000","00","004","0429","0884","960","494","466","50","1010","1610","0","62.73","30.68"
"63","000","00","004","0429","0885","866","470","396","62","928","1653","0","56.14","28.43"
"63","000","00","004","0429","0886","988","575","413","48","1036","1694","0","61.16","33.94"
"63","000","00","004","0430","0000","2631","1495","1136","134","2765","4824","0","57.32","30.99"
"63","000","00","004","0430","0887","871","500","371","41","912","1623","0","56.19","30.81"
"63","000","00","004","0430","0888","895","504","391","51","946","1618","0","58.47","31.15"
"63","000","00","004","0430","0889","865","491","374","42","907","1583","0","57.3","31.02"
"63","000","00","004","0431","0000","2701","1487","1214","165","2866","4529","0","63.28","32.83"
"63","000","00","004","0431","0890","921","486","435","62","983","1605","0","61.25","30.28"
"63","000","00","004","0431","0891","843","478","365","51","894","1398","0","63.95","34.19"
"63","000","00","004","0431","0892","937","523","414","52","989","1526","0","64.81","34.27"
"63","000","00","004","0432","0000","2631","1464","1167","129","2760","4739","0","58.24","30.89"
"63","000","00","004","0432","0893","882","463","419","46","928","1555","0","59.68","29.77"
"63","000","00","004","0432","0894","864","508","356","29","893","1597","0","55.92","31.81"
"63","000","00","004","0432","0895","885","493","392","54","939","1587","0","59.17","31.06"
"63","000","00","004","0433","0000","1822","1022","800","95","1917","3133","0","61.19","32.62"
"63","000","00","004","0433","0896","919","507","412","34","953","1587","0","60.05","31.95"
"63","000","00","004","0433","0897","903","515","388","61","964","1546","0","62.35","33.31"
"63","000","00","004","0434","0000","2744","1677","1067","143","2887","5094","0","56.67","32.92"
"63","000","00","004","0434","0898","710","435","275","43","753","1322","0","56.96","32.9"
"63","000","00","004","0434","0899","710","416","294","34","744","1267","0","58.72","32.83"
"63","000","00","004","0434","0900","622","384","238","19","641","1210","0","52.98","31.74"
"63","000","00","004","0434","0901","702","442","260","47","749","1295","0","57.84","34.13"
"63","000","00","004","0435","0000","2697","1690","1007","111","2808","4474","0","62.76","37.77"
"63","000","00","004","0435","0902","847","497","350","43","890","1467","0","60.67","33.88"
"63","000","00","004","0435","0903","906","600","306","26","932","1491","0","62.51","40.24"
"63","000","00","004","0435","0904","944","593","351","42","986","1516","0","65.04","39.12"
"63","000","00","004","0436","0000","2195","1244","951","99","2294","4035","0","56.85","30.83"
"63","000","00","004","0436","0905","719","404","315","32","751","1384","0","54.26","29.19"
"63","000","00","004","0436","0906","689","388","301","39","728","1138","0","63.97","34.09"
"63","000","00","004","0436","0907","787","452","335","28","815","1513","0","53.87","29.87"
"63","000","00","004","0437","0000","1730","1033","697","97","1827","2988","0","61.14","34.57"
"63","000","00","004","0437","0908","878","535","343","50","928","1559","0","59.53","34.32"
"63","000","00","004","0437","0909","852","498","354","47","899","1429","0","62.91","34.85"
"63","000","00","004","0438","0000","1494","873","621","61","1555","2459","0","63.24","35.5"
"63","000","00","004","0438","0910","768","459","309","21","789","1245","0","63.37","36.87"
"63","000","00","004","0438","0911","726","414","312","40","766","1214","0","63.1","34.1"
"63","000","00","004","0439","0000","2904","1706","1198","118","3022","5339","0","56.6","31.95"
"63","000","00","004","0439","0912","799","441","358","33","832","1394","0","59.68","31.64"
"63","000","00","004","0439","0913","653","401","252","17","670","1336","0","50.15","30.01"
"63","000","00","004","0439","0914","665","393","272","35","700","1227","0","57.05","32.03"
"63","000","00","004","0439","0915","787","471","316","33","820","1382","0","59.33","34.08"
"63","000","00","004","0440","0000","2185","1247","938","110","2295","4100","0","55.98","30.41"
"63","000","00","004","0440","0916","782","456","326","43","825","1436","0","57.45","31.75"
"63","000","00","004","0440","0917","702","377","325","39","741","1405","0","52.74","26.83"
"63","000","00","004","0440","0918","701","414","287","28","729","1259","0","57.9","32.88"
"63","000","00","004","0441","0000","3592","2185","1407","149","3741","6297","0","59.41","34.7"
"63","000","00","004","0441","0840","954","588","366","41","995","1647","0","60.41","35.7"
"63","000","00","004","0441","0841","920","543","377","42","962","1762","0","54.6","30.82"
"63","000","00","004","0441","0842","827","519","308","34","861","1399","0","61.54","37.1"
"63","000","00","004","0441","0843","891","535","356","32","923","1489","0","61.99","35.93"
"63","000","00","004","0442","0000","1373","832","541","53","1426","2267","0","62.9","36.7"
"63","000","00","004","0442","0844","766","456","310","27","793","1269","0","62.49","35.93"
"63","000","00","004","0442","0845","607","376","231","26","633","998","0","63.43","37.68"
"63","000","00","005","0000","0000","72202","42868","29334","3032","75234","128292","159026","58.64","33.41"
"63","000","00","005","0501","0000","1459","859","600","67","1526","2625","0","58.13","32.72"
"63","000","00","005","0501","1001","759","459","300","28","787","1308","0","60.17","35.09"
"63","000","00","005","0501","1002","700","400","300","39","739","1317","0","56.11","30.37"
"63","000","00","005","0502","0000","1244","758","486","56","1300","2197","0","59.17","34.5"
"63","000","00","005","0502","1003","639","392","247","23","662","1069","0","61.93","36.67"
"63","000","00","005","0502","1004","605","366","239","33","638","1128","0","56.56","32.45"
"63","000","00","005","0503","0000","1240","736","504","43","1283","2101","0","61.07","35.03"
"63","000","00","005","0503","1005","623","368","255","26","649","1053","0","61.63","34.95"
"63","000","00","005","0503","1006","617","368","249","17","634","1048","0","60.5","35.11"
"63","000","00","005","0504","0000","2347","1452","895","90","2437","3990","0","61.08","36.39"
"63","000","00","005","0504","1007","709","449","260","35","744","1297","0","57.36","34.62"
"63","000","00","005","0504","1008","696","445","251","21","717","1193","0","60.1","37.3"
"63","000","00","005","0504","1009","942","558","384","34","976","1500","0","65.07","37.2"
"63","000","00","005","0505","0000","2234","1287","947","90","2324","4079","0","56.97","31.55"
"63","000","00","005","0505","1010","735","424","311","27","762","1346","0","56.61","31.5"
"63","000","00","005","0505","1011","711","408","303","21","732","1283","0","57.05","31.8"
"63","000","00","005","0505","1012","788","455","333","42","830","1450","0","57.24","31.38"
"63","000","00","005","0506","0000","3142","1850","1292","129","3271","5329","0","61.38","34.72"
"63","000","00","005","0506","1013","805","481","324","47","852","1433","0","59.46","33.57"
"63","000","00","005","0506","1014","822","460","362","39","861","1309","0","65.78","35.14"
"63","000","00","005","0506","1015","817","494","323","12","829","1386","0","59.81","35.64"
"63","000","00","005","0506","1016","698","415","283","31","729","1201","0","60.7","34.55"
"63","000","00","005","0507","0000","3037","1780","1257","122","3159","5107","0","61.86","34.85"
"63","000","00","005","0507","1017","791","467","324","33","824","1336","0","61.68","34.96"
"63","000","00","005","0507","1018","803","446","357","34","837","1358","0","61.63","32.84"
"63","000","00","005","0507","1019","689","403","286","30","719","1177","0","61.09","34.24"
"63","000","00","005","0507","1020","754","464","290","25","779","1236","0","63.03","37.54"
"63","000","00","005","0508","0000","1688","987","701","63","1751","2952","0","59.32","33.43"
"63","000","00","005","0508","1021","836","499","337","34","870","1478","0","58.86","33.76"
"63","000","00","005","0508","1022","852","488","364","29","881","1474","0","59.77","33.11"
"63","000","00","005","0509","0000","2783","1618","1165","141","2924","4914","0","59.5","32.93"
"63","000","00","005","0509","1023","657","369","288","35","692","1172","0","59.04","31.48"
"63","000","00","005","0509","1024","734","413","321","40","774","1310","0","59.08","31.53"
"63","000","00","005","0509","1025","721","434","287","36","757","1263","0","59.94","34.36"
"63","000","00","005","0509","1026","671","402","269","30","701","1169","0","59.97","34.39"
"63","000","00","005","0510","0000","2214","1305","909","79","2293","3916","0","58.55","33.32"
"63","000","00","005","0510","1027","795","470","325","21","816","1391","0","58.66","33.79"
"63","000","00","005","0510","1028","663","409","254","22","685","1201","0","57.04","34.05"
"63","000","00","005","0510","1029","756","426","330","36","792","1324","0","59.82","32.18"
"63","000","00","005","0511","0000","2952","1621","1331","178","3130","5279","0","59.29","30.71"
"63","000","00","005","0511","1030","648","379","269","44","692","1216","0","56.91","31.17"
"63","000","00","005","0511","1031","650","278","372","40","690","1183","0","58.33","23.5"
"63","000","00","005","0511","1032","866","524","342","60","926","1469","0","63.04","35.67"
"63","000","00","005","0511","1033","788","440","348","34","822","1411","0","58.26","31.18"
"63","000","00","005","0512","0000","2471","1453","1018","140","2611","4497","0","58.06","32.31"
"63","000","00","005","0512","1034","790","456","334","58","848","1398","0","60.66","32.62"
"63","000","00","005","0512","1035","798","455","343","49","847","1479","0","57.27","30.76"
"63","000","00","005","0512","1036","883","542","341","33","916","1620","0","56.54","33.46"
"63","000","00","005","0513","0000","1877","1107","770","66","1943","3160","0","61.49","35.03"
"63","000","00","005","0513","1037","607","359","248","17","624","1041","0","59.94","34.49"
"63","000","00","005","0513","1038","605","348","257","20","625","1056","0","59.19","32.95"
"63","000","00","005","0513","1039","665","400","265","29","694","1063","0","65.29","37.63"
"63","000","00","005","0514","0000","2827","1720","1107","165","2992","5865","0","51.01","29.33"
"63","000","00","005","0514","1040","714","422","292","33","747","1591","0","46.95","26.52"
"63","000","00","005","0514","1041","667","411","256","49","716","1502","0","47.67","27.36"
"63","000","00","005","0514","1042","681","405","276","33","714","1331","0","53.64","30.43"
"63","000","00","005","0514","1043","765","482","283","50","815","1441","0","56.56","33.45"
"63","000","00","005","0515","0000","2100","1240","860","91","2191","3562","0","61.51","34.81"
"63","000","00","005","0515","1044","761","447","314","35","796","1273","0","62.53","35.11"
"63","000","00","005","0515","1045","667","405","262","29","696","1133","0","61.43","35.75"
"63","000","00","005","0515","1046","672","388","284","27","699","1156","0","60.47","33.56"
"63","000","00","005","0516","0000","1495","882","613","88","1583","2643","0","59.89","33.37"
"63","000","00","005","0516","1047","758","431","327","44","802","1377","0","58.24","31.3"
"63","000","00","005","0516","1048","737","451","286","44","781","1266","0","61.69","35.62"
"63","000","00","005","0517","0000","1336","791","545","55","1391","2235","0","62.24","35.39"
"63","000","00","005","0517","1049","684","415","269","29","713","1111","0","64.18","37.35"
"63","000","00","005","0517","1050","652","376","276","26","678","1124","0","60.32","33.45"
"63","000","00","005","0518","0000","1617","963","654","64","1681","2724","0","61.71","35.35"
"63","000","00","005","0518","1051","805","469","336","37","842","1373","0","61.33","34.16"
"63","000","00","005","0518","1052","812","494","318","27","839","1351","0","62.1","36.57"
"63","000","00","005","0519","0000","5000","3007","1993","159","5159","8679","0","59.44","34.65"
"63","000","00","005","0519","1053","876","515","361","23","899","1495","0","60.13","34.45"
"63","000","00","005","0519","1054","899","541","358","24","923","1436","0","64.28","37.67"
"63","000","00","005","0519","1055","855","508","347","23","878","1516","0","57.92","33.51"
"63","000","00","005","0519","1056","779","450","329","29","808","1374","0","58.81","32.75"
"63","000","00","005","0519","1057","813","497","316","30","843","1522","0","55.39","32.65"
"63","000","00","005","0519","1058","778","496","282","30","808","1336","0","60.48","37.13"
"63","000","00","005","0520","0000","2627","1538","1089","119","2746","4648","0","59.08","33.09"
"63","000","00","005","0520","1059","887","507","380","30","917","1551","0","59.12","32.69"
"63","000","00","005","0520","1060","903","539","364","52","955","1594","0","59.91","33.81"
"63","000","00","005","0520","1061","837","492","345","37","874","1503","0","58.15","32.73"
"63","000","00","005","0521","0000","4213","2687","1526","148","4361","7237","0","60.26","37.13"
"63","000","00","005","0521","1062","846","563","283","19","865","1455","0","59.45","38.69"
"63","000","00","005","0521","1063","837","525","312","19","856","1439","0","59.49","36.48"
"63","000","00","005","0521","1064","838","511","327","37","875","1469","0","59.56","34.79"
"63","000","00","005","0521","1065","837","564","273","35","872","1430","0","60.98","39.44"
"63","000","00","005","0521","1066","855","524","331","38","893","1444","0","61.84","36.29"
"63","000","00","005","0522","0000","708","433","275","24","732","1254","0","58.37","34.53"
"63","000","00","005","0522","1067","708","433","275","24","732","1254","0","58.37","34.53"
"63","000","00","005","0523","0000","1848","1068","780","95","1943","3213","0","60.47","33.24"
"63","000","00","005","0523","1068","543","323","220","33","576","932","0","61.8","34.66"
"63","000","00","005","0523","1069","607","334","273","36","643","1055","0","60.95","31.66"
"63","000","00","005","0523","1070","698","411","287","26","724","1226","0","59.05","33.52"
"63","000","00","005","0524","0000","1473","882","591","59","1532","2726","0","56.2","32.36"
"63","000","00","005","0524","1071","721","425","296","29","750","1390","0","53.96","30.58"
"63","000","00","005","0524","1072","752","457","295","30","782","1336","0","58.53","34.21"
"63","000","00","005","0525","0000","1533","896","637","77","1610","2780","0","57.91","32.23"
"63","000","00","005","0525","1073","726","440","286","34","760","1419","0","53.56","31.01"
"63","000","00","005","0525","1074","807","456","351","43","850","1361","0","62.45","33.5"
"63","000","00","005","0526","0000","2243","1339","904","62","2305","5016","0","45.95","26.69"
"63","000","00","005","0526","1075","867","508","359","42","909","2520","0","36.07","20.16"
"63","000","00","005","0526","1076","711","454","257","16","727","1224","0","59.4","37.09"
"63","000","00","005","0526","1077","665","377","288","4","669","1272","0","52.59","29.64"
"63","000","00","005","0527","0000","2256","1334","922","75","2331","3951","0","59.0","33.76"
"63","000","00","005","0527","1078","799","446","353","23","822","1400","0","58.71","31.86"
"63","000","00","005","0527","1079","717","423","294","27","744","1319","0","56.41","32.07"
"63","000","00","005","0527","1080","740","465","275","25","765","1232","0","62.09","37.74"
"63","000","00","005","0528","0000","1960","1171","789","81","2041","3274","0","62.34","35.77"
"63","000","00","005","0528","1081","775","456","319","32","807","1265","0","63.79","36.05"
"63","000","00","005","0528","1082","647","385","262","19","666","1055","0","63.13","36.49"
"63","000","00","005","0528","1083","538","330","208","30","568","954","0","59.54","34.59"
"63","000","00","005","0529","0000","2601","1529","1072","123","2724","4703","0","57.92","32.51"
"63","000","00","005","0529","1084","583","377","206","34","617","1018","0","60.61","37.03"
"63","000","00","005","0529","1085","787","475","312","27","814","1431","0","56.88","33.19"
"63","000","00","005","0529","1086","642","351","291","36","678","1271","0","53.34","27.62"
"63","000","00","005","0529","1087","589","326","263","26","615","983","0","62.56","33.16"
"63","000","00","005","0530","0000","3571","2127","1444","142","3713","6409","0","57.93","33.19"
"63","000","00","005","0530","1088","887","531","356","32","919","1594","0","57.65","33.31"
"63","000","00","005","0530","1089","911","552","359","40","951","1565","0","60.77","35.27"
"63","000","00","005","0530","1090","921","560","361","36","957","1650","0","58.0","33.94"
"63","000","00","005","0530","1091","852","484","368","34","886","1600","0","55.38","30.25"
"63","000","00","005","0531","0000","4106","2448","1658","141","4247","7227","0","58.77","33.87"
"63","000","00","005","0531","1092","771","451","320","26","797","1391","0","57.3","32.42"
"63","000","00","005","0531","1093","972","581","391","35","1007","1769","0","56.92","32.84"
"63","000","00","005","0531","1094","855","476","379","26","881","1487","0","59.25","32.01"
"63","000","00","005","0531","1095","755","475","280","29","784","1291","0","60.73","36.79"
"63","000","00","005","0531","1096","753","465","288","25","778","1289","0","60.36","36.07"
"63","000","00","006","0000","0000","59545","34138","25407","3208","62753","107557","127833","58.34","31.74"
"63","000","00","006","0601","0000","1505","865","640","88","1593","2613","0","60.96","33.1"
"63","000","00","006","0601","0919","709","405","304","48","757","1261","0","60.03","32.12"
"63","000","00","006","0601","0920","796","460","336","40","836","1352","0","61.83","34.02"
"63","000","00","006","0602","0000","1603","934","669","109","1712","2972","0","57.6","31.43"
"63","000","00","006","0602","0921","801","473","328","43","844","1462","0","57.73","32.35"
"63","000","00","006","0602","0922","802","461","341","66","868","1510","0","57.48","30.53"
"63","000","00","006","0603","0000","2204","1221","983","125","2329","4132","0","56.36","29.55"
"63","000","00","006","0603","0923","781","438","343","24","805","1496","0","53.81","29.28"
"63","000","00","006","0603","0924","710","384","326","45","755","1329","0","56.81","28.89"
"63","000","00","006","0603","0925","713","399","314","56","769","1307","0","58.84","30.53"
"63","000","00","006","0604","0000","1843","999","844","106","1949","3197","0","60.96","31.25"
"63","000","00","006","0604","0926","598","322","276","36","634","1065","0","59.53","30.23"
"63","000","00","006","0604","0927","621","345","276","19","640","1085","0","58.99","31.8"
"63","000","00","006","0604","0928","624","332","292","51","675","1047","0","64.47","31.71"
"63","000","00","006","0605","0000","2697","1480","1217","125","2822","4703","0","60.0","31.47"
"63","000","00","006","0605","0929","632","319","313","29","661","1215","0","54.4","26.26"
"63","000","00","006","0605","0930","674","379","295","24","698","1117","0","62.49","33.93"
"63","000","00","006","0605","0931","705","383","322","31","736","1186","0","62.06","32.29"
"63","000","00","006","0605","0932","686","399","287","41","727","1185","0","61.35","33.67"
"63","000","00","006","0606","0000","2225","1264","961","105","2330","3923","0","59.39","32.22"
"63","000","00","006","0606","0933","752","438","314","35","787","1359","0","57.91","32.23"
"63","000","00","006","0606","0934","721","423","298","24","745","1273","0","58.52","33.23"
"63","000","00","006","0606","0935","752","403","349","46","798","1291","0","61.81","31.22"
"63","000","00","006","0607","0000","2920","1644","1276","131","3051","5142","0","59.33","31.97"
"63","000","00","006","0607","0936","683","387","296","36","719","1288","0","55.82","30.05"
"63","000","00","006","0607","0937","758","421","337","28","786","1245","0","63.13","33.82"
"63","000","00","006","0607","0938","752","423","329","38","790","1261","0","62.65","33.54"
"63","000","00","006","0607","0939","727","413","314","29","756","1348","0","56.08","30.64"
"63","000","00","006","0608","0000","2451","1442","1009","153","2604","4303","0","60.52","33.51"
"63","000","00","006","0608","0940","915","509","406","73","988","1676","0","58.95","30.37"
"63","000","00","006","0608","0941","776","493","283","39","815","1311","0","62.17","37.6"
"63","000","00","006","0608","0942","760","440","320","41","801","1316","0","60.87","33.43"
"63","000","00","006","0609","0000","2386","1331","1055","145","2531","4253","0","59.51","31.3"
"63","000","00","006","0609","0943","765","449","316","57","822","1409","0","58.34","31.87"
"63","000","00","006","0609","0944","826","462","364","43","869","1436","0","60.52","32.17"
"63","000","00","006","0609","0945","795","420","375","45","840","1408","0","59.66","29.83"
"63","000","00","006","0610","0000","2064","1148","916","78","2142","3710","0","57.74","30.94"
"63","000","00","006","0610","0946","702","397","305","33","735","1276","0","57.6","31.11"
"63","000","00","006","0610","0947","610","349","261","22","632","1110","0","56.94","31.44"
"63","000","00","006","0610","0948","752","402","350","23","775","1324","0","58.53","30.36"
"63","000","00","006","0611","0000","4630","2784","1846","230","4860","7949","0","61.14","35.02"
"63","000","00","006","0611","0949","576","350","226","22","598","1016","0","58.86","34.45"
"63","000","00","006","0611","0950","615","376","239","31","646","1028","0","62.84","36.58"
"63","000","00","006","0611","0951","667","416","251","40","707","1158","0","61.05","35.92"
"63","000","00","006","0611","0952","671","399","272","31","702","1138","0","61.69","35.06"
"63","000","00","006","0611","0953","695","408","287","41","736","1214","0","60.63","33.61"
"63","000","00","006","0611","0954","612","351","261","28","640","1090","0","58.72","32.2"
"63","000","00","006","0611","0955","794","484","310","37","831","1305","0","63.68","37.09"
"63","000","00","006","0612","0000","2003","1158","845","85","2088","3518","0","59.35","32.92"
"63","000","00","006","0612","0956","636","377","259","26","662","1167","0","56.73","32.31"
"63","000","00","006","0612","0957","646","359","287","28","674","1148","0","58.71","31.27"
"63","000","00","006","0612","0958","721","422","299","31","752","1203","0","62.51","35.08"
"63","000","00","006","0613","0000","3047","1770","1277","158","3205","5427","0","59.06","32.61"
"63","000","00","006","0613","0959","781","452","329","31","812","1441","0","56.35","31.37"
"63","000","00","006","0613","0960","769","446","323","51","820","1315","0","62.36","33.92"
"63","000","00","006","0613","0961","759","438","321","44","803","1393","0","57.65","31.44"
"63","000","00","006","0613","0962","738","434","304","32","770","1278","0","60.25","33.96"
"63","000","00","006","0614","0000","1257","722","535","91","1348","2388","0","56.45","30.23"
"63","000","00","006","0614","0963","635","347","288","44","679","1246","0","54.49","27.85"
"63","000","00","006","0614","0964","622","375","247","47","669","1142","0","58.58","32.84"
"63","000","00","006","0615","0000","1589","890","699","87","1676","2699","0","62.1","32.98"
"63","000","00","006","0615","0965","802","479","323","39","841","1336","0","62.95","35.85"
"63","000","00","006","0615","0966","787","411","376","48","835","1363","0","61.26","30.15"
"63","000","00","006","0616","0000","2439","1441","998","99","2538","4354","0","58.29","33.1"
"63","000","00","006","0616","0967","857","528","329","21","878","1476","0","59.49","35.77"
"63","000","00","006","0616","0968","800","444","356","41","841","1418","0","59.31","31.31"
"63","000","00","006","0616","0969","782","469","313","37","819","1460","0","56.1","32.12"
"63","000","00","006","0617","0000","1198","684","514","107","1305","2468","0","52.88","27.71"
"63","000","00","006","0617","0970","607","340","267","41","648","1222","0","53.03","27.82"
"63","000","00","006","0617","0971","591","344","247","66","657","1246","0","52.73","27.61"
"63","000","00","006","0618","0000","2204","1262","942","89","2293","3885","0","59.02","32.48"
"63","000","00","006","0618","0972","745","430","315","39","784","1256","0","62.42","34.24"
"63","000","00","006","0618","0973","740","435","305","22","762","1289","0","59.12","33.75"
"63","000","00","006","0618","0974","719","397","322","28","747","1340","0","55.75","29.63"
"63","000","00","006","0619","0000","1581","947","634","97","1678","4014","0","41.8","23.59"
"63","000","00","006","0619","0975","796","462","334","44","840","1555","0","54.02","29.71"
"63","000","00","006","0619","0976","785","485","300","53","838","2459","0","34.08","19.72"
"63","000","00","006","0620","0000","2411","1354","1057","133","2544","4466","0","56.96","30.32"
"63","000","00","006","0620","0977","499","286","213","38","537","1108","0","48.47","25.81"
"63","000","00","006","0620","0978","451","276","175","35","486","867","0","56.06","31.83"
"63","000","00","006","0620","0979","801","424","377","39","840","1329","0","63.21","31.9"
"63","000","00","006","0620","0980","660","368","292","21","681","1162","0","58.61","31.67"
"63","000","00","006","0621","0000","2972","1711","1261","216","3188","5823","0","54.75","29.38"
"63","000","00","006","0621","0981","733","439","294","62","795","1434","0","55.44","30.61"
"63","000","00","006","0621","0982","742","402","340","53","795","1351","0","58.85","29.76"
"63","000","00","006","0621","0983","757","439","318","76","833","1531","0","54.41","28.67"
"63","000","00","006","0621","0984","740","431","309","25","765","1507","0","50.76","28.6"
"63","000","00","006","0622","0000","4029","2394","1635","172","4201","7142","0","58.82","33.52"
"63","000","00","006","0622","0985","800","458","342","39","839","1488","0","56.38","30.78"
"63","000","00","006","0622","0986","811","481","330","44","855","1384","0","61.78","34.75"
"63","000","00","006","0622","0987","812","525","287","42","854","1460","0","58.49","35.96"
"63","000","00","006","0622","0988","819","487","332","30","849","1371","0","61.93","35.52"
"63","000","00","006","0622","0989","787","443","344","17","804","1439","0","55.87","30.79"
"63","000","00","006","0624","0000","2968","1682","1286","168","3136","5195","0","60.37","32.38"
"63","000","00","006","0624","0990","791","419","372","45","836","1376","0","60.76","30.45"
"63","000","00","006","0624","0991","727","410","317","49","776","1366","0","56.81","30.01"
"63","000","00","006","0624","0992","750","436","314","38","788","1218","0","64.7","35.8"
"63","000","00","006","0624","0993","700","417","283","36","736","1235","0","59.6","33.77"
"63","000","00","006","0625","0000","3226","1861","1365","157","3383","5651","0","59.87","32.93"
"63","000","00","006","0625","0994","732","461","271","18","750","1364","0","54.99","33.8"
"63","000","00","006","0625","0995","841","463","378","48","889","1408","0","63.14","32.88"
"63","000","00","006","0625","0996","819","467","352","37","856","1450","0","59.03","32.21"
"63","000","00","006","0625","0997","834","470","364","54","888","1429","0","62.14","32.89"
"63","000","00","006","0626","0000","2093","1150","943","154","2247","3630","0","61.9","31.68"
"63","000","00","006","0626","0998","668","372","296","52","720","1170","0","61.54","31.79"
"63","000","00","006","0626","0999","694","355","339","44","738","1245","0","59.28","28.51"
"63","000","00","006","0626","1000","731","423","308","58","789","1215","0","64.94","34.81"
"63","000","00","007","0000","0000","87155","50898","36257","4721","91876","164020","189875","56.02","31.03"
"63","000","00","007","0701","0000","2525","1413","1112","140","2665","4833","0","55.14","29.24"
"63","000","00","007","0701","1097","736","397","339","40","776","1305","0","59.46","30.42"
"63","000","00","007","0701","1098","550","320","230","53","603","1183","0","50.97","27.05"
"63","000","00","007","0701","1099","647","367","280","24","671","1176","0","57.06","31.21"
"63","000","00","007","0701","1100","592","329","263","23","615","1169","0","52.61","28.14"
"63","000","00","007","0702","0000","1433","851","582","69","1502","3020","0","49.74","28.18"
"63","000","00","007","0702","1101","715","463","252","28","743","1457","0","51.0","31.78"
"63","000","00","007","0702","1102","718","388","330","41","759","1563","0","48.56","24.82"
"63","000","00","007","0703","0000","1650","900","750","60","1710","3386","0","50.5","26.58"
"63","000","00","007","0703","1103","845","450","395","24","869","1771","0","49.07","25.41"
"63","000","00","007","0703","1104","805","450","355","36","841","1615","0","52.07","27.86"
"63","000","00","007","0704","0000","3000","1759","1241","174","3174","5794","0","54.78","30.36"
"63","000","00","007","0704","1105","769","449","320","60","829","1478","0","56.09","30.38"
"63","000","00","007","0704","1106","786","444","342","28","814","1462","0","55.68","30.37"
"63","000","00","007","0704","1107","695","429","266","43","738","1507","0","48.97","28.47"
"63","000","00","007","0704","1108","750","437","313","43","793","1347","0","58.87","32.44"
"63","000","00","007","0705","0000","2998","1668","1330","167","3165","5489","0","57.66","30.39"
"63","000","00","007","0705","1109","698","390","308","34","732","1367","0","53.55","28.53"
"63","000","00","007","0705","1110","746","423","323","40","786","1277","0","61.55","33.12"
"63","000","00","007","0705","1111","805","439","366","49","854","1395","0","61.22","31.47"
"63","000","00","007","0705","1112","749","416","333","44","793","1450","0","54.69","28.69"
"63","000","00","007","0706","0000","2643","1485","1158","163","2806","5192","0","54.04","28.6"
"63","000","00","007","0706","1113","666","376","290","32","698","1340","0","52.09","28.06"
"63","000","00","007","0706","1114","634","359","275","36","670","1242","0","53.95","28.9"
"63","000","00","007","0706","1115","665","372","293","54","719","1286","0","55.91","28.93"
"63","000","00","007","0706","1116","678","378","300","41","719","1324","0","54.31","28.55"
"63","000","00","007","0707","0000","2207","1328","879","123","2330","4411","0","52.82","30.11"
"63","000","00","007","0707","1117","814","507","307","48","862","1619","0","53.24","31.32"
"63","000","00","007","0707","1118","639","382","257","38","677","1352","0","50.07","28.25"
"63","000","00","007","0707","1119","754","439","315","37","791","1440","0","54.93","30.49"
"63","000","00","007","0708","0000","1956","1143","813","145","2101","3514","0","59.79","32.53"
"63","000","00","007","0708","1120","678","368","310","45","723","1194","0","60.55","30.82"
"63","000","00","007","0708","1121","642","391","251","50","692","1083","0","63.9","36.1"
"63","000","00","007","0708","1122","636","384","252","50","686","1237","0","55.46","31.04"
"63","000","00","007","0709","0000","2367","1303","1064","115","2482","4301","0","57.71","30.3"
"63","000","00","007","0709","1123","850","454","396","33","883","1625","0","54.34","27.94"
"63","000","00","007","0709","1124","749","425","324","44","793","1324","0","59.89","32.1"
"63","000","00","007","0709","1125","768","424","344","38","806","1352","0","59.62","31.36"
"63","000","00","007","0710","0000","2350","1347","1003","114","2464","5559","0","44.32","24.23"
"63","000","00","007","0710","1126","720","411","309","38","758","2630","0","28.82","15.63"
"63","000","00","007","0710","1127","868","507","361","44","912","1504","0","60.64","33.71"
"63","000","00","007","0710","1128","762","429","333","32","794","1425","0","55.72","30.11"
"63","000","00","007","0711","0000","3358","1886","1472","179","3537","6398","0","55.28","29.48"
"63","000","00","007","0711","1144","552","314","238","28","580","1052","0","55.13","29.85"
"63","000","00","007","0711","1145","613","355","258","30","643","1135","0","56.65","31.28"
"63","000","00","007","0711","1146","642","348","294","51","693","1225","0","56.57","28.41"
"63","000","00","007","0711","1147","814","478","336","21","835","1583","0","52.75","30.2"
"63","000","00","007","0711","1148","737","391","346","49","786","1403","0","56.02","27.87"
"63","000","00","007","0712","0000","2238","1323","915","141","2379","3995","0","59.55","33.12"
"63","000","00","007","0712","1149","764","465","299","53","817","1406","0","58.11","33.07"
"63","000","00","007","0712","1150","799","472","327","39","838","1401","0","59.81","33.69"
"63","000","00","007","0712","1151","675","386","289","49","724","1188","0","60.94","32.49"
"63","000","00","007","0713","0000","1717","1176","541","78","1795","3076","0","58.36","38.23"
"63","000","00","007","0713","1198","774","512","262","38","812","1485","0","54.68","34.48"
"63","000","00","007","0713","1199","943","664","279","40","983","1591","0","61.79","41.73"
"63","000","00","007","0714","0000","4505","2876","1629","162","4667","7544","0","61.86","38.12"
"63","000","00","007","0714","1200","871","561","310","38","909","1394","0","65.21","40.24"
"63","000","00","007","0714","1201","859","525","334","25","884","1522","0","58.08","34.49"
"63","000","00","007","0714","1202","973","645","328","29","1002","1661","0","60.33","38.83"
"63","000","00","007","0714","1203","933","575","358","33","966","1561","0","61.88","36.84"
"63","000","00","007","0714","1204","869","570","299","37","906","1406","0","64.44","40.54"
"63","000","00","007","0715","0000","2711","1525","1186","153","2864","4891","0","58.56","31.18"
"63","000","00","007","0715","1137","665","358","307","24","689","1228","0","56.11","29.15"
"63","000","00","007","0715","1138","681","390","291","42","723","1268","0","57.02","30.76"
"63","000","00","007","0715","1139","688","409","279","47","735","1207","0","60.89","33.89"
"63","000","00","007","0715","1140","677","368","309","40","717","1188","0","60.35","30.98"
"63","000","00","007","0716","0000","3149","1808","1341","176","3325","6228","0","53.39","29.03"
"63","000","00","007","0716","1152","800","453","347","69","869","1597","0","54.41","28.37"
"63","000","00","007","0716","1153","753","456","297","48","801","1290","0","62.09","35.35"
"63","000","00","007","0716","1154","861","487","374","22","883","1746","0","50.57","27.89"
"63","000","00","007","0716","1155","735","412","323","37","772","1595","0","48.4","25.83"
"63","000","00","007","0717","0000","1821","1049","772","97","1918","3860","0","49.69","27.18"
"63","000","00","007","0717","1141","767","436","331","34","801","1474","0","54.34","29.58"
"63","000","00","007","0717","1142","614","346","268","24","638","1304","0","48.93","26.53"
"63","000","00","007","0717","1143","440","267","173","39","479","1082","0","44.27","24.68"
"63","000","00","007","0718","0000","4108","2309","1799","222","4330","7643","0","56.65","30.21"
"63","000","00","007","0718","1132","756","429","327","52","808","1447","0","55.84","29.65"
"63","000","00","007","0718","1133","821","473","348","48","869","1491","0","58.28","31.72"
"63","000","00","007","0718","1134","865","501","364","35","900","1500","0","60.0","33.4"
"63","000","00","007","0718","1135","858","453","405","48","906","1582","0","57.27","28.63"
"63","000","00","007","0718","1136","808","453","355","39","847","1623","0","52.19","27.91"
"63","000","00","007","0719","0000","2332","1293","1039","153","2485","4677","0","53.13","27.65"
"63","000","00","007","0719","1129","763","410","353","55","818","1591","0","51.41","25.77"
"63","000","00","007","0719","1130","768","434","334","42","810","1474","0","54.95","29.44"
"63","000","00","007","0719","1131","801","449","352","56","857","1612","0","53.16","27.85"
"63","000","00","007","0720","0000","1915","1070","845","97","2012","3212","0","62.64","33.31"
"63","000","00","007","0720","1163","592","319","273","38","630","1036","0","60.81","30.79"
"63","000","00","007","0720","1164","640","347","293","31","671","1035","0","64.83","33.53"
"63","000","00","007","0720","1165","683","404","279","28","711","1141","0","62.31","35.41"
"63","000","00","007","0721","0000","2761","1678","1083","156","2917","5522","0","52.83","30.39"
"63","000","00","007","0721","1205","687","420","267","35","722","1498","0","48.2","28.04"
"63","000","00","007","0721","1206","670","400","270","44","714","1478","0","48.31","27.06"
"63","000","00","007","0721","1207","622","378","244","46","668","1170","0","57.09","32.31"
"63","000","00","007","0721","1208","782","480","302","31","813","1376","0","59.08","34.88"
"63","000","00","007","0722","0000","2205","1229","976","112","2317","3885","0","59.64","31.63"
"63","000","00","007","0722","1166","736","408","328","23","759","1271","0","59.72","32.1"
"63","000","00","007","0722","1167","735","402","333","58","793","1328","0","59.71","30.27"
"63","000","00","007","0722","1168","734","419","315","31","765","1286","0","59.49","32.58"
"63","000","00","007","0723","0000","1594","942","652","89","1683","2903","0","57.97","32.45"
"63","000","00","007","0723","1172","920","545","375","41","961","1623","0","59.21","33.58"
"63","000","00","007","0723","1173","674","397","277","48","722","1280","0","56.41","31.02"
"63","000","00","007","0724","0000","3015","1698","1317","243","3258","6128","0","53.17","27.71"
"63","000","00","007","0724","1156","864","490","374","75","939","1701","0","55.2","28.81"
"63","000","00","007","0724","1157","608","331","277","59","667","1339","0","49.81","24.72"
"63","000","00","007","0724","1158","682","389","293","55","737","1484","0","49.66","26.21"
"63","000","00","007","0724","1159","861","488","373","54","915","1604","0","57.04","30.42"
"63","000","00","007","0725","0000","2579","1476","1103","138","2717","4923","0","55.19","29.98"
"63","000","00","007","0725","1169","924","526","398","54","978","1679","0","58.25","31.33"
"63","000","00","007","0725","1170","862","487","375","51","913","1619","0","56.39","30.08"
"63","000","00","007","0725","1171","793","463","330","33","826","1625","0","50.83","28.49"
"63","000","00","007","0726","0000","2109","1203","906","122","2231","3767","0","59.22","31.94"
"63","000","00","007","0726","1160","673","394","279","35","708","1197","0","59.15","32.92"
"63","000","00","007","0726","1161","680","376","304","59","739","1347","0","54.86","27.91"
"63","000","00","007","0726","1162","756","433","323","28","784","1223","0","64.1","35.4"
"63","000","00","007","0727","0000","1677","970","707","97","1774","2911","0","60.94","33.32"
"63","000","00","007","0727","1180","795","443","352","36","831","1342","0","61.92","33.01"
"63","000","00","007","0727","1181","882","527","355","61","943","1569","0","60.1","33.59"
"63","000","00","007","0728","0000","2259","1305","954","99","2358","4194","0","56.22","31.12"
"63","000","00","007","0728","1177","768","429","339","31","799","1373","0","58.19","31.25"
"63","000","00","007","0728","1178","735","432","303","43","778","1394","0","55.81","30.99"
"63","000","00","007","0728","1179","756","444","312","25","781","1427","0","54.73","31.11"
"63","000","00","007","0729","0000","1546","904","642","79","1625","3234","0","50.25","27.95"
"63","000","00","007","0729","1182","728","442","286","40","768","1514","0","50.73","29.19"
"63","000","00","007","0729","1183","818","462","356","39","857","1720","0","49.83","26.86"
"63","000","00","007","0730","0000","2518","1500","1018","143","2661","4533","0","58.7","33.09"
"63","000","00","007","0730","1174","847","490","357","49","896","1608","0","55.72","30.47"
"63","000","00","007","0730","1175","794","482","312","57","851","1453","0","58.57","33.17"
"63","000","00","007","0730","1176","877","528","349","37","914","1472","0","62.09","35.87"
"63","000","00","007","0731","0000","2189","1303","886","105","2294","4154","0","55.22","31.37"
"63","000","00","007","0731","1188","656","399","257","36","692","1307","0","52.95","30.53"
"63","000","00","007","0731","1189","795","489","306","41","836","1420","0","58.87","34.44"
"63","000","00","007","0731","1190","738","415","323","28","766","1427","0","53.68","29.08"
"63","000","00","007","0732","0000","3147","1795","1352","175","3322","5505","0","60.35","32.61"
"63","000","00","007","0732","1184","858","508","350","58","916","1461","0","62.7","34.77"
"63","000","00","007","0732","1185","683","379","304","29","712","1264","0","56.33","29.98"
"63","000","00","007","0732","1186","780","446","334","49","829","1334","0","62.14","33.43"
"63","000","00","007","0732","1187","826","462","364","39","865","1446","0","59.82","31.95"
"63","000","00","007","0733","0000","2693","1721","972","164","2857","4900","0","58.31","35.12"
"63","000","00","007","0733","1191","520","323","197","27","547","956","0","57.22","33.79"
"63","000","00","007","0733","1192","743","468","275","51","794","1352","0","58.73","34.62"
"63","000","00","007","0733","1193","738","486","252","42","780","1370","0","56.93","35.47"
"63","000","00","007","0733","1194","692","444","248","44","736","1222","0","60.23","36.33"
"63","000","00","007","0734","0000","2405","1506","899","126","2531","4365","0","57.98","34.5"
"63","000","00","007","0734","1195","792","541","251","44","836","1375","0","60.8","39.35"
"63","000","00","007","0734","1196","825","499","326","41","866","1463","0","59.19","34.11"
"63","000","00","007","0734","1197","788","466","322","41","829","1527","0","54.29","30.52"
"63","000","00","007","0735","0000","1823","1114","709","88","1911","3296","0","57.98","33.8"
"63","000","00","007","0735","1209","514","290","224","21","535","1093","0","48.95","26.53"
"63","000","00","007","0735","1210","652","415","237","34","686","1084","0","63.28","38.28"
"63","000","00","007","0735","1211","657","409","248","33","690","1119","0","61.66","36.55"
"63","000","00","007","0736","0000","1652","1042","610","57","1709","2777","0","61.54","37.52"
"63","000","00","007","0736","1212","833","539","294","27","860","1381","0","62.27","39.03"
"63","000","00","007","0736","1213","819","503","316","30","849","1396","0","60.82","36.03"
"63","000","00","008","0000","0000","130419","78865","51554","5657","136076","227211","273883","59.89","34.71"
"63","000","00","008","0801","0000","3483","2089","1394","151","3634","6228","0","58.35","33.54"
"63","000","00","008","0801","1402","840","500","340","40","880","1539","0","57.18","32.49"
"63","000","00","008","0801","1403","819","503","316","30","849","1548","0","54.84","32.49"
"63","000","00","008","0801","1404","863","509","354","43","906","1493","0","60.68","34.09"
"63","000","00","008","0801","1405","961","577","384","38","999","1648","0","60.62","35.01"
"63","000","00","008","0802","0000","3508","2149","1359","144","3652","6155","0","59.33","34.91"
"63","000","00","008","0802","1406","871","524","347","29","900","1544","0","58.29","33.94"
"63","000","00","008","0802","1407","869","562","307","40","909","1557","0","58.38","36.1"
"63","000","00","008","0802","1408","817","490","327","40","857","1514","0","56.61","32.36"
"63","000","00","008","0802","1409","951","573","378","35","986","1540","0","64.03","37.21"
"63","000","00","008","0803","0000","2556","1583","973","129","2685","4365","0","61.51","36.27"
"63","000","00","008","0803","1410","877","517","360","29","906","1466","0","61.8","35.27"
"63","000","00","008","0803","1411","842","546","296","53","895","1444","0","61.98","37.81"
"63","000","00","008","0803","1412","837","520","317","47","884","1455","0","60.76","35.74"
"63","000","00","008","0804","0000","3232","1948","1284","110","3342","5676","0","58.88","34.32"
"63","000","00","008","0804","1413","789","495","294","27","816","1440","0","56.67","34.38"
"63","000","00","008","0804","1414","848","505","343","35","883","1398","0","63.16","36.12"
"63","000","00","008","0804","1415","790","461","329","18","808","1412","0","57.22","32.65"
"63","000","00","008","0804","1416","805","487","318","30","835","1426","0","58.56","34.15"
"63","000","00","008","0805","0000","2482","1496","986","99","2581","4345","0","59.4","34.43"
"63","000","00","008","0805","1417","822","492","330","34","856","1437","0","59.57","34.24"
"63","000","00","008","0805","1418","771","462","309","39","810","1340","0","60.45","34.48"
"63","000","00","008","0805","1419","889","542","347","26","915","1568","0","58.35","34.57"
"63","000","00","008","0806","0000","2874","1773","1101","121","2995","5016","0","59.71","35.35"
"63","000","00","008","0806","1420","797","516","281","23","820","1372","0","59.77","37.61"
"63","000","00","008","0806","1421","588","354","234","29","617","1046","0","58.99","33.84"
"63","000","00","008","0806","1422","729","433","296","43","772","1274","0","60.6","33.99"
"63","000","00","008","0806","1423","760","470","290","26","786","1324","0","59.37","35.5"
"63","000","00","008","0807","0000","2782","1685","1097","100","2882","4829","0","59.68","34.89"
"63","000","00","008","0807","1424","956","574","382","35","991","1722","0","57.55","33.33"
"63","000","00","008","0807","1425","979","606","373","47","1026","1737","0","59.07","34.89"
"63","000","00","008","0807","1426","847","505","342","18","865","1370","0","63.14","36.86"
"63","000","00","008","0808","0000","2187","1380","807","111","2298","3961","0","58.02","34.84"
"63","000","00","008","0808","1427","750","509","241","37","787","1495","0","52.64","34.05"
"63","000","00","008","0808","1428","762","453","309","45","807","1328","0","60.77","34.11"
"63","000","00","008","0808","1429","675","418","257","29","704","1138","0","61.86","36.73"
"63","000","00","008","0809","0000","3822","2382","1440","137","3959","6217","0","63.68","38.31"
"63","000","00","008","0809","1430","876","533","343","30","906","1471","0","61.59","36.23"
"63","000","00","008","0809","1431","698","426","272","22","720","1144","0","62.94","37.24"
"63","000","00","008","0809","1432","726","449","277","32","758","1176","0","64.46","38.18"
"63","000","00","008","0809","1433","748","473","275","31","779","1212","0","64.27","39.03"
"63","000","00","008","0809","1434","774","501","273","22","796","1214","0","65.57","41.27"
"63","000","00","008","0810","0000","2759","1677","1082","140","2899","4778","0","60.67","35.1"
"63","000","00","008","0810","1435","641","372","269","33","674","1170","0","57.61","31.79"
"63","000","00","008","0810","1436","764","458","306","41","805","1308","0","61.54","35.02"
"63","000","00","008","0810","1437","708","434","274","34","742","1190","0","62.35","36.47"
"63","000","00","008","0810","1438","646","413","233","32","678","1110","0","61.08","37.21"
"63","000","00","008","0811","0000","1676","1026","650","87","1763","2899","0","60.81","35.39"
"63","000","00","008","0811","1439","853","508","345","45","898","1512","0","59.39","33.6"
"63","000","00","008","0811","1440","823","518","305","42","865","1387","0","62.36","37.35"
"63","000","00","008","0812","0000","2391","1406","985","138","2529","4209","0","60.09","33.4"
"63","000","00","008","0812","1441","774","462","312","37","811","1355","0","59.85","34.1"
"63","000","00","008","0812","1442","775","452","323","55","830","1370","0","60.58","32.99"
"63","000","00","008","0812","1443","842","492","350","46","888","1484","0","59.84","33.15"
"63","000","00","008","0813","0000","2475","1519","956","121","2596","4240","0","61.23","35.83"
"63","000","00","008","0813","1444","988","584","404","55","1043","1786","0","58.4","32.7"
"63","000","00","008","0813","1445","732","473","259","38","770","1260","0","61.11","37.54"
"63","000","00","008","0813","1446","755","462","293","28","783","1194","0","65.58","38.69"
"63","000","00","008","0814","0000","1682","1009","673","91","1773","2936","0","60.39","34.37"
"63","000","00","008","0814","1450","805","491","314","52","857","1450","0","59.1","33.86"
"63","000","00","008","0814","1451","877","518","359","39","916","1486","0","61.64","34.86"
"63","000","00","008","0815","0000","3884","2358","1526","136","4020","6643","0","60.51","35.5"
"63","000","00","008","0815","1452","747","449","298","26","773","1259","0","61.4","35.66"
"63","000","00","008","0815","1453","799","508","291","18","817","1317","0","62.03","38.57"
"63","000","00","008","0815","1454","801","461","340","27","828","1321","0","62.68","34.9"
"63","000","00","008","0815","1455","829","511","318","37","866","1475","0","58.71","34.64"
"63","000","00","008","0815","1456","708","429","279","28","736","1271","0","57.91","33.75"
"63","000","00","008","0816","0000","2943","1746","1197","116","3059","5159","0","59.29","33.84"
"63","000","00","008","0816","1457","937","556","381","35","972","1609","0","60.41","34.56"
"63","000","00","008","0816","1458","820","516","304","27","847","1501","0","56.43","34.38"
"63","000","00","008","0816","1459","531","294","237","23","554","997","0","55.57","29.49"
"63","000","00","008","0816","1460","655","380","275","31","686","1052","0","65.21","36.12"
"63","000","00","008","0817","0000","2871","1747","1124","113","2984","4847","0","61.56","36.04"
"63","000","00","008","0817","1461","735","452","283","28","763","1247","0","61.19","36.25"
"63","000","00","008","0817","1462","687","392","295","36","723","1167","0","61.95","33.59"
"63","000","00","008","0817","1463","767","468","299","22","789","1280","0","61.64","36.56"
"63","000","00","008","0817","1464","682","435","247","27","709","1153","0","61.49","37.73"
"63","000","00","008","0818","0000","3495","2226","1269","141","3636","5817","0","62.51","38.27"
"63","000","00","008","0818","1465","921","576","345","39","960","1557","0","61.66","36.99"
"63","000","00","008","0818","1466","815","529","286","46","861","1444","0","59.63","36.63"
"63","000","00","008","0818","1467","914","566","348","28","942","1459","0","64.56","38.79"
"63","000","00","008","0818","1468","845","555","290","28","873","1357","0","64.33","40.9"
"63","000","00","008","0819","0000","2901","1726","1175","142","3043","4847","0","62.78","35.61"
"63","000","00","008","0819","1469","674","400","274","24","698","1194","0","58.46","33.5"
"63","000","00","008","0819","1470","715","413","302","50","765","1184","0","64.61","34.88"
"63","000","00","008","0819","1471","690","412","278","28","718","1119","0","64.16","36.82"
"63","000","00","008","0819","1472","822","501","321","40","862","1350","0","63.85","37.11"
"63","000","00","008","0820","0000","4301","2720","1581","136","4437","7265","0","61.07","37.44"
"63","000","00","008","0820","1473","821","536","285","27","848","1502","0","56.46","35.69"
"63","000","00","008","0820","1474","888","569","319","34","922","1511","0","61.02","37.66"
"63","000","00","008","0820","1475","912","541","371","20","932","1481","0","62.93","36.53"
"63","000","00","008","0820","1476","904","580","324","26","930","1477","0","62.97","39.27"
"63","000","00","008","0820","1477","776","494","282","29","805","1294","0","62.21","38.18"
"63","000","00","008","0821","0000","2170","1341","829","90","2260","3516","0","64.28","38.14"
"63","000","00","008","0821","1478","684","422","262","27","711","1040","0","68.37","40.58"
"63","000","00","008","0821","1479","807","515","292","28","835","1323","0","63.11","38.93"
"63","000","00","008","0821","1480","679","404","275","35","714","1153","0","61.93","35.04"
"63","000","00","008","0822","0000","3362","1988","1374","135","3497","5896","0","59.31","33.72"
"63","000","00","008","0822","1481","858","516","342","30","888","1525","0","58.23","33.84"
"63","000","00","008","0822","1482","758","493","265","31","789","1412","0","55.88","34.92"
"63","000","00","008","0822","1483","875","487","388","39","914","1473","0","62.05","33.06"
"63","000","00","008","0822","1484","871","492","379","35","906","1486","0","60.97","33.11"
"63","000","00","008","0823","0000","3608","2232","1376","163","3771","6013","0","62.71","37.12"
"63","000","00","008","0823","1485","978","624","354","40","1018","1616","0","63.0","38.61"
"63","000","00","008","0823","1486","894","562","332","50","944","1489","0","63.4","37.74"
"63","000","00","008","0823","1487","803","489","314","40","843","1414","0","59.62","34.58"
"63","000","00","008","0823","1488","933","557","376","33","966","1494","0","64.66","37.28"
"63","000","00","008","0824","0000","4673","2812","1861","175","4848","7764","0","62.44","36.22"
"63","000","00","008","0824","1489","926","557","369","36","962","1547","0","62.18","36.01"
"63","000","00","008","0824","1490","929","549","380","39","968","1587","0","61.0","34.59"
"63","000","00","008","0824","1491","930","566","364","27","957","1515","0","63.17","37.36"
"63","000","00","008","0824","1492","956","578","378","36","992","1573","0","63.06","36.75"
"63","000","00","008","0824","1493","932","562","370","37","969","1542","0","62.84","36.45"
"63","000","00","008","0825","0000","1756","1039","717","112","1868","3536","0","52.83","29.38"
"63","000","00","008","0825","1494","759","455","304","49","808","1465","0","55.15","31.06"
"63","000","00","008","0825","1495","320","186","134","26","346","699","0","49.5","26.61"
"63","000","00","008","0825","1496","677","398","279","37","714","1372","0","52.04","29.01"
"63","000","00","008","0826","0000","3387","2029","1358","162","3549","6057","0","58.59","33.5"
"63","000","00","008","0826","1497","736","457","279","39","775","1448","0","53.52","31.56"
"63","000","00","008","0826","1498","861","525","336","47","908","1548","0","58.66","33.91"
"63","000","00","008","0826","1499","868","498","370","34","902","1501","0","60.09","33.18"
"63","000","00","008","0826","1500","922","549","373","42","964","1560","0","61.79","35.19"
"63","000","00","008","0827","0000","4504","2754","1750","165","4669","7736","0","60.35","35.6"
"63","000","00","008","0827","1501","879","540","339","33","912","1567","0","58.2","34.46"
"63","000","00","008","0827","1502","896","532","364","27","923","1554","0","59.4","34.23"
"63","000","00","008","0827","1503","881","549","332","37","918","1544","0","59.46","35.56"
"63","000","00","008","0827","1504","910","540","370","40","950","1528","0","62.17","35.34"
"63","000","00","008","0827","1505","938","593","345","28","966","1543","0","62.61","38.43"
"63","000","00","008","0828","0000","4272","2461","1811","228","4500","9127","0","49.3","26.96"
"63","000","00","008","0828","1506","912","501","411","51","963","2754","0","34.97","18.19"
"63","000","00","008","0828","1507","849","488","361","42","891","1709","0","52.14","28.55"
"63","000","00","008","0828","1508","815","489","326","56","871","1515","0","57.49","32.28"
"63","000","00","008","0828","1509","826","500","326","37","863","1571","0","54.93","31.83"
"63","000","00","008","0828","1510","870","483","387","42","912","1578","0","57.79","30.61"
"63","000","00","008","0829","0000","3743","2376","1367","157","3900","6503","0","59.97","36.54"
"63","000","00","008","0829","1511","792","478","314","32","824","1454","0","56.67","32.87"
"63","000","00","008","0829","1512","822","505","317","42","864","1436","0","60.17","35.17"
"63","000","00","008","0829","1513","843","632","211","40","883","1402","0","62.98","45.08"
"63","000","00","008","0829","1514","672","405","267","0","672","1117","0","60.16","36.26"
"63","000","00","008","0829","1515","614","356","258","43","657","1094","0","60.05","32.54"
"63","000","00","008","0830","0000","4278","2592","1686","204","4482","7402","0","60.55","35.02"
"63","000","00","008","0830","1519","752","473","279","37","789","1385","0","56.97","34.15"
"63","000","00","008","0830","1520","820","464","356","37","857","1416","0","60.52","32.77"
"63","000","00","008","0830","1521","880","534","346","27","907","1412","0","64.24","37.82"
"63","000","00","008","0830","1522","838","506","332","47","885","1535","0","57.65","32.96"
"63","000","00","008","0830","1523","988","615","373","56","1044","1654","0","63.12","37.18"
"63","000","00","008","0831","0000","2886","1762","1124","120","3006","4781","0","62.87","36.85"
"63","000","00","008","0831","1524","701","434","267","29","730","1156","0","63.15","37.54"
"63","000","00","008","0831","1525","755","449","306","28","783","1231","0","63.61","36.47"
"63","000","00","008","0831","1526","697","444","253","35","732","1218","0","60.1","36.45"
"63","000","00","008","0831","1527","733","435","298","28","761","1176","0","64.71","36.99"
"63","000","00","008","0832","0000","2781","1622","1159","140","2921","4889","0","59.75","33.18"
"63","000","00","008","0832","1532","895","516","379","47","942","1613","0","58.4","31.99"
"63","000","00","008","0832","1533","986","567","419","47","1033","1697","0","60.87","33.41"
"63","000","00","008","0832","1534","900","539","361","46","946","1579","0","59.91","34.14"
"63","000","00","008","0833","0000","3895","2242","1653","190","4085","6932","0","58.93","32.34"
"63","000","00","008","0833","1538","932","524","408","55","987","1646","0","59.96","31.83"
"63","000","00","008","0833","1539","755","452","303","39","794","1286","0","61.74","35.15"
"63","000","00","008","0833","1540","720","428","292","26","746","1219","0","61.2","35.11"
"63","000","00","008","0833","1541","671","354","317","30","701","1292","0","54.26","27.4"
"63","000","00","008","0833","1542","817","484","333","40","857","1489","0","57.56","32.51"
"63","000","00","008","0834","0000","2868","1739","1129","99","2967","5133","0","57.8","33.88"
"63","000","00","008","0834","1547","898","543","355","22","920","1816","0","50.66","29.9"
"63","000","00","008","0834","1548","542","315","227","24","566","985","0","57.46","31.98"
"63","000","00","008","0834","1549","790","484","306","23","813","1314","0","61.87","36.83"
"63","000","00","008","0834","1550","638","397","241","30","668","1018","0","65.62","39.0"
"63","000","00","008","0835","0000","4112","2413","1699","153","4265","7131","0","59.81","33.84"
"63","000","00","008","0835","1551","914","546","368","29","943","1578","0","59.76","34.6"
"63","000","00","008","0835","1552","819","483","336","27","846","1457","0","58.06","33.15"
"63","000","00","008","0835","1553","794","453","341","29","823","1326","0","62.07","34.16"
"63","000","00","008","0835","1554","830","501","329","29","859","1393","0","61.67","35.97"
"63","000","00","008","0835","1555","755","430","325","39","794","1377","0","57.66","31.23"
"63","000","00","008","0836","0000","1872","1047","825","120","1992","3454","0","57.67","30.31"
"63","000","00","008","0836","1560","756","427","329","41","797","1288","0","61.88","33.15"
"63","000","00","008","0836","1561","678","390","288","38","716","1301","0","55.03","29.98"
"63","000","00","008","0836","1562","438","230","208","41","479","865","0","55.38","26.59"
"63","000","00","008","0837","0000","410","221","189","32","442","789","0","56.02","28.01"
"63","000","00","008","0837","1563","410","221","189","32","442","789","0","56.02","28.01"
"63","000","00","008","0838","0000","2225","1403","822","100","2325","3615","0","64.32","38.81"
"63","000","00","008","0838","1516","650","405","245","38","688","1070","0","64.3","37.85"
"63","000","00","008","0838","1517","819","540","279","31","850","1319","0","64.44","40.94"
"63","000","00","008","0838","1518","756","458","298","31","787","1226","0","64.19","37.36"
"63","000","00","008","0839","0000","3534","2114","1420","179","3713","6498","0","57.14","32.53"
"63","000","00","008","0839","1543","946","537","409","40","986","1611","0","61.2","33.33"
"63","000","00","008","0839","1544","771","477","294","43","814","1549","0","52.55","30.79"
"63","000","00","008","0839","1545","914","555","359","52","966","1678","0","57.57","33.08"
"63","000","00","008","0839","1546","903","545","358","44","947","1660","0","57.05","32.83"
"63","000","00","008","0840","0000","3663","2091","1572","153","3816","6091","0","62.65","34.33"
"63","000","00","008","0840","1556","842","470","372","31","873","1448","0","60.29","32.46"
"63","000","00","008","0840","1557","883","532","351","46","929","1447","0","64.2","36.77"
"63","000","00","008","0840","1558","1087","626","461","48","1135","1739","0","65.27","36.0"
"63","000","00","008","0840","1559","851","463","388","28","879","1457","0","60.33","31.78"
"63","000","00","008","0841","0000","3096","1845","1251","136","3232","5308","0","60.89","34.76"
"63","000","00","008","0841","1528","844","518","326","8","852","1392","0","61.21","37.21"
"63","000","00","008","0841","1529","735","443","292","59","794","1323","0","60.02","33.48"
"63","000","00","008","0841","1530","734","422","312","35","769","1297","0","59.29","32.54"
"63","000","00","008","0841","1531","783","462","321","34","817","1296","0","63.04","35.65"
"63","000","00","008","0842","0000","2570","1635","935","97","2667","4385","0","60.82","37.29"
"63","000","00","008","0842","1447","842","543","299","28","870","1444","0","60.25","37.6"
"63","000","00","008","0842","1448","864","548","316","40","904","1495","0","60.47","36.66"
"63","000","00","008","0842","1449","864","544","320","29","893","1446","0","61.76","37.62"
"63","000","00","008","0843","0000","2450","1462","988","84","2534","4223","0","60.0","34.62"
"63","000","00","008","0843","1535","802","481","321","45","847","1320","0","64.17","36.44"
"63","000","00","008","0843","1536","852","523","329","25","877","1438","0","60.99","36.37"
"63","000","00","008","0843","1537","796","458","338","14","810","1465","0","55.29","31.26"
"63","000","00","009","0000","0000","57134","33203","23931","2300","59434","101907","121769","58.32","32.58"
"63","000","00","009","0901","0000","2956","1735","1221","106","3062","5655","0","54.15","30.68"
"63","000","00","009","0901","0455","685","404","281","24","709","1280","0","55.39","31.56"
"63","000","00","009","0901","0456","755","450","305","24","779","1351","0","57.66","33.31"
"63","000","00","009","0901","0457","774","435","339","26","800","1345","0","59.48","32.34"
"63","000","00","009","0901","0458","742","446","296","32","774","1679","0","46.1","26.56"
"63","000","00","009","0902","0000","1629","902","727","86","1715","3315","0","51.73","27.21"
"63","000","00","009","0902","0459","816","427","389","42","858","1680","0","51.07","25.42"
"63","000","00","009","0902","0460","813","475","338","44","857","1635","0","52.42","29.05"
"63","000","00","009","0903","0000","2101","1188","913","111","2212","3486","0","63.45","34.08"
"63","000","00","009","0903","0465","677","378","299","25","702","1086","0","64.64","34.81"
"63","000","00","009","0903","0466","730","407","323","49","779","1202","0","64.81","33.86"
"63","000","00","009","0903","0467","694","403","291","37","731","1198","0","61.02","33.64"
"63","000","00","009","0904","0000","3408","2066","1342","111","3519","6330","0","55.59","32.64"
"63","000","00","009","0904","0461","779","480","299","25","804","1459","0","55.11","32.9"
"63","000","00","009","0904","0462","943","573","370","29","972","1706","0","56.98","33.59"
"63","000","00","009","0904","0463","862","504","358","39","901","1674","0","53.82","30.11"
"63","000","00","009","0904","0464","824","509","315","18","842","1491","0","56.47","34.14"
"63","000","00","009","0905","0000","3434","2004","1430","156","3590","6336","0","56.66","31.63"
"63","000","00","009","0905","0483","756","427","329","39","795","1518","0","52.37","28.13"
"63","000","00","009","0905","0484","922","547","375","39","961","1552","0","61.92","35.24"
"63","000","00","009","0905","0485","865","507","358","24","889","1658","0","53.62","30.58"
"63","000","00","009","0905","0486","891","523","368","54","945","1608","0","58.77","32.52"
"63","000","00","009","0906","0000","1763","1043","720","68","1831","3337","0","54.87","31.26"
"63","000","00","009","0906","0504","807","470","337","30","837","1649","0","50.76","28.5"
"63","000","00","009","0906","0505","956","573","383","38","994","1688","0","58.89","33.95"
"63","000","00","009","0907","0000","2369","1506","863","95","2464","4093","0","60.2","36.79"
"63","000","00","009","0907","0490","792","465","327","37","829","1397","0","59.34","33.29"
"63","000","00","009","0907","0491","793","468","325","32","825","1352","0","61.02","34.62"
"63","000","00","009","0907","0492","784","573","211","26","810","1344","0","60.27","42.63"
"63","000","00","009","0908","0000","2262","1297","965","86","2348","4165","0","56.37","31.14"
"63","000","00","009","0908","0493","743","422","321","25","768","1385","0","55.45","30.47"
"63","000","00","009","0908","0494","780","466","314","32","812","1399","0","58.04","33.31"
"63","000","00","009","0908","0495","739","409","330","29","768","1381","0","55.61","29.62"
"63","000","00","009","0909","0000","2351","1327","1024","94","2445","4228","0","57.83","31.39"
"63","000","00","009","0909","0496","834","489","345","36","870","1548","0","56.2","31.59"
"63","000","00","009","0909","0497","659","376","283","24","683","1190","0","57.39","31.6"
"63","000","00","009","0909","0498","858","462","396","34","892","1490","0","59.87","31.01"
"63","000","00","009","0910","0000","3524","2052","1472","127","3651","5983","0","61.02","34.3"
"63","000","00","009","0910","0499","665","389","276","17","682","1096","0","62.23","35.49"
"63","000","00","009","0910","0500","759","425","334","22","781","1238","0","63.09","34.33"
"63","000","00","009","0910","0501","775","465","310","21","796","1271","0","62.63","36.59"
"63","000","00","009","0910","0502","636","373","263","37","673","1146","0","58.73","32.55"
"63","000","00","009","0910","0503","689","400","289","30","719","1232","0","58.36","32.47"
"63","000","00","009","0911","0000","3968","2193","1775","179","4147","6741","0","61.52","32.53"
"63","000","00","009","0911","0518","744","432","312","35","779","1225","0","63.59","35.27"
"63","000","00","009","0911","0519","766","324","442","37","803","1264","0","63.53","25.63"
"63","000","00","009","0911","0520","947","564","383","54","1001","1649","0","60.7","34.2"
"63","000","00","009","0911","0521","735","413","322","30","765","1267","0","60.38","32.6"
"63","000","00","009","0911","0522","776","460","316","23","799","1336","0","59.81","34.43"
"63","000","00","009","0912","0000","2233","1340","893","92","2325","3805","0","61.1","35.22"
"63","000","00","009","0912","0509","721","501","220","43","764","1195","0","63.93","41.92"
"63","000","00","009","0912","0510","737","392","345","13","750","1254","0","59.81","31.26"
"63","000","00","009","0912","0511","775","447","328","36","811","1356","0","59.81","32.96"
"63","000","00","009","0913","0000","2356","1360","996","113","2469","4011","0","61.56","33.91"
"63","000","00","009","0913","0512","772","448","324","61","833","1363","0","61.12","32.87"
"63","000","00","009","0913","0513","802","472","330","30","832","1317","0","63.17","35.84"
"63","000","00","009","0913","0514","782","440","342","22","804","1331","0","60.41","33.06"
"63","000","00","009","0914","0000","2643","1547","1096","114","2757","4733","0","58.25","32.69"
"63","000","00","009","0914","0515","911","513","398","34","945","1610","0","58.7","31.86"
"63","000","00","009","0914","0516","836","499","337","32","868","1542","0","56.29","32.36"
"63","000","00","009","0914","0517","896","535","361","48","944","1581","0","59.71","33.84"
"63","000","00","009","0915","0000","2584","1522","1062","89","2673","4508","0","59.29","33.76"
"63","000","00","009","0915","0506","876","506","370","32","908","1503","0","60.41","33.67"
"63","000","00","009","0915","0507","876","516","360","19","895","1542","0","58.04","33.46"
"63","000","00","009","0915","0508","832","500","332","38","870","1463","0","59.47","34.18"
"63","000","00","009","0916","0000","4035","2326","1709","193","4228","7922","0","53.37","29.36"
"63","000","00","009","0916","0478","794","477","317","44","838","1529","0","54.81","31.2"
"63","000","00","009","0916","0479","834","436","398","37","871","1618","0","53.83","26.95"
"63","000","00","009","0916","0480","722","419","303","42","764","1545","0","49.45","27.12"
"63","000","00","009","0916","0481","870","518","352","34","904","1569","0","57.62","33.01"
"63","000","00","009","0916","0482","815","476","339","36","851","1661","0","51.23","28.66"
"63","000","00","009","0917","0000","4660","2565","2095","170","4830","8171","0","59.11","31.39"
"63","000","00","009","0917","0468","761","428","333","31","792","1430","0","55.38","29.93"
"63","000","00","009","0917","0469","755","428","327","30","785","1275","0","61.57","33.57"
"63","000","00","009","0917","0470","833","426","407","38","871","1344","0","64.81","31.7"
"63","000","00","009","0917","0471","775","437","338","24","799","1391","0","57.44","31.42"
"63","000","00","009","0917","0472","801","446","355","20","821","1342","0","61.18","33.23"
"63","000","00","009","0917","0473","735","400","335","27","762","1389","0","54.86","28.8"
"63","000","00","009","0918","0000","3225","1894","1331","100","3325","5592","0","59.46","33.87"
"63","000","00","009","0918","0474","849","480","369","25","874","1426","0","61.29","33.66"
"63","000","00","009","0918","0475","793","488","305","22","815","1359","0","59.97","35.91"
"63","000","00","009","0918","0476","755","441","314","28","783","1366","0","57.32","32.28"
"63","000","00","009","0918","0477","828","485","343","25","853","1441","0","59.2","33.66"
"63","000","00","009","0919","0000","2937","1747","1190","115","3052","4916","0","62.08","35.54"
"63","000","00","009","0919","0523","688","409","279","26","714","1162","0","61.45","35.2"
"63","000","00","009","0919","0524","603","338","265","26","629","1045","0","60.19","32.34"
"63","000","00","009","0919","0525","861","518","343","39","900","1351","0","66.62","38.34"
"63","000","00","009","0919","0526","785","482","303","24","809","1358","0","59.57","35.49"
"63","000","00","009","0920","0000","2696","1589","1107","95","2791","4580","0","60.94","34.69"
"63","000","00","009","0920","0487","781","443","338","31","812","1475","0","55.05","30.03"
"63","000","00","009","0920","0488","1039","613","426","33","1072","1722","0","62.25","35.6"
"63","000","00","009","0920","0489","876","533","343","31","907","1383","0","65.58","38.54"
"63","000","00","010","0000","0000","133771","79459","54312","4990","138761","236824","287227","58.59","33.55"
"63","000","00","010","1001","0000","3594","2098","1496","156","3750","6500","0","57.69","32.28"
"63","000","00","010","1001","0305","859","498","361","22","881","1661","0","53.04","29.98"
"63","000","00","010","1001","0306","846","491","355","46","892","1602","0","55.68","30.65"
"63","000","00","010","1001","0307","955","583","372","58","1013","1655","0","61.21","35.23"
"63","000","00","010","1001","0308","934","526","408","30","964","1582","0","60.94","33.25"
"63","000","00","010","1002","0000","4615","2748","1867","210","4825","8357","0","57.74","32.88"
"63","000","00","010","1002","0309","906","535","371","28","934","1688","0","55.33","31.69"
"63","000","00","010","1002","0310","951","548","403","48","999","1737","0","57.51","31.55"
"63","000","00","010","1002","0311","998","598","400","41","1039","1809","0","57.44","33.06"
"63","000","00","010","1002","0312","765","452","313","21","786","1376","0","57.12","32.85"
"63","000","00","010","1002","0313","995","615","380","72","1067","1747","0","61.08","35.2"
"63","000","00","010","1003","0000","3595","2116","1479","118","3713","5914","0","62.78","35.78"
"63","000","00","010","1003","0314","829","483","346","24","853","1389","0","61.41","34.77"
"63","000","00","010","1003","0315","882","514","368","31","913","1454","0","62.79","35.35"
"63","000","00","010","1003","0316","903","521","382","32","935","1468","0","63.69","35.49"
"63","000","00","010","1003","0317","981","598","383","31","1012","1603","0","63.13","37.31"
"63","000","00","010","1005","0000","3051","1809","1242","107","3158","5276","0","59.86","34.29"
"63","000","00","010","1005","0318","981","584","397","33","1014","1795","0","56.49","32.53"
"63","000","00","010","1005","0319","1053","612","441","38","1091","1737","0","62.81","35.23"
"63","000","00","010","1005","0320","1017","613","404","36","1053","1744","0","60.38","35.15"
"63","000","00","010","1006","0000","2716","1550","1166","105","2821","4732","0","59.62","32.76"
"63","000","00","010","1006","0321","941","556","385","38","979","1661","0","58.94","33.47"
"63","000","00","010","1006","0322","878","468","410","40","918","1577","0","58.21","29.68"
"63","000","00","010","1006","0323","897","526","371","27","924","1494","0","61.85","35.21"
"63","000","00","010","1007","0000","4724","2839","1885","180","4904","8285","0","59.19","34.27"
"63","000","00","010","1007","0324","933","573","360","30","963","1626","0","59.23","35.24"
"63","000","00","010","1007","0325","942","578","364","35","977","1641","0","59.54","35.22"
"63","000","00","010","1007","0326","894","525","369","27","921","1554","0","59.27","33.78"
"63","000","00","010","1007","0327","1001","576","425","48","1049","1728","0","60.71","33.33"
"63","000","00","010","1007","0328","954","587","367","40","994","1736","0","57.26","33.81"
"63","000","00","010","1008","0000","4455","2700","1755","151","4606","7740","0","59.51","34.88"
"63","000","00","010","1008","0329","909","539","370","33","942","1461","0","64.48","36.89"
"63","000","00","010","1008","0330","881","541","340","30","911","1509","0","60.37","35.85"
"63","000","00","010","1008","0331","766","446","320","26","792","1358","0","58.32","32.84"
"63","000","00","010","1008","0332","966","620","346","36","1002","1761","0","56.9","35.21"
"63","000","00","010","1008","0333","933","554","379","26","959","1651","0","58.09","33.56"
"63","000","00","010","1009","0000","3038","1837","1201","160","3198","5472","0","58.44","33.57"
"63","000","00","010","1009","0334","1015","591","424","77","1092","1809","0","60.36","32.67"
"63","000","00","010","1009","0335","1001","617","384","43","1044","1773","0","58.88","34.8"
"63","000","00","010","1009","0336","1022","629","393","40","1062","1890","0","56.19","33.28"
"63","000","00","010","1010","0000","4306","2588","1718","151","4457","7310","0","60.97","35.4"
"63","000","00","010","1010","0337","1073","627","446","46","1119","1760","0","63.58","35.63"
"63","000","00","010","1010","0338","950","581","369","25","975","1645","0","59.27","35.32"
"63","000","00","010","1010","0339","815","456","359","20","835","1324","0","63.07","34.44"
"63","000","00","010","1010","0340","637","407","230","26","663","1072","0","61.85","37.97"
"63","000","00","010","1010","0341","831","517","314","34","865","1509","0","57.32","34.26"
"63","000","00","010","1011","0000","4102","2530","1572","132","4234","7069","0","59.9","35.79"
"63","000","00","010","1011","0342","975","584","391","35","1010","1715","0","58.89","34.05"
"63","000","00","010","1011","0343","1017","607","410","31","1048","1774","0","59.08","34.22"
"63","000","00","010","1011","0344","1109","713","396","32","1141","1796","0","63.53","39.7"
"63","000","00","010","1011","0345","1001","626","375","34","1035","1784","0","58.02","35.09"
"63","000","00","010","1012","0000","2844","1596","1248","102","2946","4835","0","60.93","33.01"
"63","000","00","010","1012","0346","835","468","367","50","885","1417","0","62.46","33.03"
"63","000","00","010","1012","0347","952","511","441","26","978","1699","0","57.56","30.08"
"63","000","00","010","1012","0348","1057","617","440","26","1083","1719","0","63.0","35.89"
"63","000","00","010","1013","0000","2603","1482","1121","101","2704","4784","0","56.52","30.98"
"63","000","00","010","1013","0349","982","551","431","29","1011","1715","0","58.95","32.13"
"63","000","00","010","1013","0350","844","475","369","28","872","1634","0","53.37","29.07"
"63","000","00","010","1013","0351","777","456","321","44","821","1435","0","57.21","31.78"
"63","000","00","010","1014","0000","3293","1962","1331","135","3428","5804","0","59.06","33.8"
"63","000","00","010","1014","0352","823","513","310","21","844","1440","0","58.61","35.63"
"63","000","00","010","1014","0353","874","500","374","28","902","1446","0","62.38","34.58"
"63","000","00","010","1014","0354","862","521","341","39","901","1657","0","54.38","31.44"
"63","000","00","010","1014","0355","734","428","306","47","781","1261","0","61.93","33.94"
"63","000","00","010","1015","0000","3662","2164","1498","141","3803","6183","0","61.51","35.0"
"63","000","00","010","1015","0356","213","124","89","26","239","456","0","52.41","27.19"
"63","000","00","010","1015","0357","908","529","379","31","939","1433","0","65.53","36.92"
"63","000","00","010","1015","0358","877","520","357","22","899","1485","0","60.54","35.02"
"63","000","00","010","1015","0359","900","529","371","22","922","1590","0","57.99","33.27"
"63","000","00","010","1015","0360","764","462","302","40","804","1219","0","65.96","37.9"
"63","000","00","010","1016","0000","2906","1909","997","104","3010","5096","0","59.07","37.46"
"63","000","00","010","1016","0361","952","700","252","30","982","1732","0","56.7","40.42"
"63","000","00","010","1016","0362","1026","643","383","31","1057","1727","0","61.2","37.23"
"63","000","00","010","1016","0363","928","566","362","43","971","1637","0","59.32","34.58"
"63","000","00","010","1017","0000","4267","2570","1697","131","4398","7433","0","59.17","34.58"
"63","000","00","010","1017","0364","808","484","324","31","839","1453","0","57.74","33.31"
"63","000","00","010","1017","0365","899","551","348","25","924","1617","0","57.14","34.08"
"63","000","00","010","1017","0366","881","541","340","28","909","1604","0","56.67","33.73"
"63","000","00","010","1017","0367","879","526","353","21","900","1406","0","64.01","37.41"
"63","000","00","010","1017","0368","800","468","332","26","826","1353","0","61.05","34.59"
"63","000","00","010","1018","0000","3544","2109","1435","95","3639","6052","0","60.13","34.85"
"63","000","00","010","1018","0369","1015","615","400","30","1045","1724","0","60.61","35.67"
"63","000","00","010","1018","0370","820","486","334","24","844","1378","0","61.25","35.27"
"63","000","00","010","1018","0371","844","509","335","21","865","1403","0","61.65","36.28"
"63","000","00","010","1018","0372","865","499","366","20","885","1547","0","57.21","32.26"
"63","000","00","010","1019","0000","4197","2477","1720","139","4336","7177","0","60.42","34.51"
"63","000","00","010","1019","0373","1017","600","417","30","1047","1718","0","60.94","34.92"
"63","000","00","010","1019","0374","1006","576","430","37","1043","1813","0","57.53","31.77"
"63","000","00","010","1019","0375","1077","639","438","37","1114","1791","0","62.2","35.68"
"63","000","00","010","1019","0376","1097","662","435","35","1132","1855","0","61.02","35.69"
"63","000","00","010","1020","0000","3890","2351","1539","155","4045","6880","0","58.79","34.17"
"63","000","00","010","1020","0377","983","610","373","31","1014","1731","0","58.58","35.24"
"63","000","00","010","1020","0378","981","561","420","42","1023","1593","0","64.22","35.22"
"63","000","00","010","1020","0379","938","587","351","46","984","1869","0","52.65","31.41"
"63","000","00","010","1020","0380","988","593","395","36","1024","1687","0","60.7","35.15"
"63","000","00","010","1021","0000","2499","1515","984","76","2575","4144","0","62.14","36.56"
"63","000","00","010","1021","0381","916","538","378","12","928","1530","0","60.65","35.16"
"63","000","00","010","1021","0382","762","463","299","39","801","1300","0","61.62","35.62"
"63","000","00","010","1021","0383","821","514","307","25","846","1314","0","64.38","39.12"
"63","000","00","010","1022","0000","4880","2814","2066","178","5058","8925","0","56.67","31.53"
"63","000","00","010","1022","0384","753","439","314","18","771","1433","0","53.8","30.64"
"63","000","00","010","1022","0385","764","431","333","35","799","1450","0","55.1","29.72"
"63","000","00","010","1022","0386","885","495","390","39","924","1608","0","57.46","30.78"
"63","000","00","010","1022","0387","802","450","352","38","840","1414","0","59.41","31.82"
"63","000","00","010","1022","0388","857","498","359","33","890","1492","0","59.65","33.38"
"63","000","00","010","1022","0389","819","501","318","15","834","1528","0","54.58","32.79"
"63","000","00","010","1023","0000","3670","2157","1513","131","3801","6634","0","57.3","32.51"
"63","000","00","010","1023","0390","951","575","376","33","984","1692","0","58.16","33.98"
"63","000","00","010","1023","0391","880","511","369","41","921","1556","0","59.19","32.84"
"63","000","00","010","1023","0392","902","550","352","22","924","1637","0","56.44","33.6"
"63","000","00","010","1023","0393","937","521","416","35","972","1749","0","55.57","29.79"
"63","000","00","010","1024","0000","4054","2314","1740","170","4224","7348","0","57.49","31.49"
"63","000","00","010","1024","0394","660","397","263","24","684","1220","0","56.07","32.54"
"63","000","00","010","1024","0395","891","500","391","37","928","1600","0","58.0","31.25"
"63","000","00","010","1024","0396","822","469","353","33","855","1473","0","58.04","31.84"
"63","000","00","010","1024","0397","814","462","352","44","858","1498","0","57.28","30.84"
"63","000","00","010","1024","0398","867","486","381","32","899","1557","0","57.74","31.21"
"63","000","00","010","1025","0000","2235","1427","808","97","2332","4190","0","55.66","34.06"
"63","000","00","010","1025","0399","852","518","334","35","887","1674","0","52.99","30.94"
"63","000","00","010","1025","0400","1006","596","410","36","1042","1728","0","60.3","34.49"
"63","000","00","010","1025","0401","377","313","64","26","403","788","0","51.14","39.72"
"63","000","00","010","1026","0000","3862","2369","1493","121","3983","7138","0","55.8","33.19"
"63","000","00","010","1026","0402","835","473","362","34","869","1542","0","56.36","30.67"
"63","000","00","010","1026","0403","815","549","266","40","855","1676","0","51.01","32.76"
"63","000","00","010","1026","0404","711","407","304","18","729","1360","0","53.6","29.93"
"63","000","00","010","1026","0405","780","480","300","20","800","1259","0","63.54","38.13"
"63","000","00","010","1026","0406","721","460","261","9","730","1301","0","56.11","35.36"
"63","000","00","010","1027","0000","3225","1839","1386","130","3355","5998","0","55.94","30.66"
"63","000","00","010","1027","0407","617","340","277","30","647","1251","0","51.72","27.18"
"63","000","00","010","1027","0408","812","489","323","50","862","1502","0","57.39","32.56"
"63","000","00","010","1027","0409","868","506","362","32","900","1596","0","56.39","31.7"
"63","000","00","010","1027","0410","928","504","424","18","946","1649","0","57.37","30.56"
"63","000","00","010","1028","0000","1883","1151","732","60","1943","3520","0","55.2","32.7"
"63","000","00","010","1028","0411","938","588","350","41","979","1774","0","55.19","33.15"
"63","000","00","010","1028","0412","945","563","382","19","964","1746","0","55.21","32.25"
"63","000","00","010","1029","0000","3497","2032","1465","144","3641","7676","0","47.43","26.47"
"63","000","00","010","1029","0413","803","487","316","30","833","1473","0","56.55","33.06"
"63","000","00","010","1029","0414","930","545","385","40","970","2824","0","34.35","19.3"
"63","000","00","010","1029","0415","942","514","428","34","976","1849","0","52.79","27.8"
"63","000","00","010","1029","0416","822","486","336","40","862","1530","0","56.34","31.76"
"63","000","00","010","1030","0000","2726","1563","1163","114","2840","4808","0","59.07","32.51"
"63","000","00","010","1030","0417","912","515","397","43","955","1656","0","57.67","31.1"
"63","000","00","010","1030","0418","835","472","363","31","866","1457","0","59.44","32.4"
"63","000","00","010","1030","0419","979","576","403","40","1019","1695","0","60.12","33.98"
"63","000","00","010","1031","0000","3804","2226","1578","109","3913","6644","0","58.9","33.5"
"63","000","00","010","1031","0420","960","569","391","25","985","1663","0","59.23","34.22"
"63","000","00","010","1031","0421","918","544","374","35","953","1654","0","57.62","32.89"
"63","000","00","010","1031","0422","958","560","398","30","988","1642","0","60.17","34.1"
"63","000","00","010","1031","0423","968","553","415","19","987","1685","0","58.58","32.82"
"63","000","00","010","1032","0000","3196","2037","1159","143","3339","5552","0","60.14","36.69"
"63","000","00","010","1032","0424","1014","610","404","41","1055","1862","0","56.66","32.76"
"63","000","00","010","1032","0425","1091","643","448","54","1145","1900","0","60.26","33.84"
"63","000","00","010","1032","0426","1091","784","307","48","1139","1790","0","63.63","43.8"
"63","000","00","010","1033","0000","2589","1520","1069","122","2711","4787","0","56.63","31.75"
"63","000","00","010","1033","0427","785","450","335","33","818","1417","0","57.73","31.76"
"63","000","00","010","1033","0428","937","553","384","34","971","1694","0","57.32","32.64"
"63","000","00","010","1033","0429","867","517","350","55","922","1676","0","55.01","30.85"
"63","000","00","010","1034","0000","4621","2760","1861","186","4807","8109","0","59.28","34.04"
"63","000","00","010","1034","0430","904","537","367","28","932","1643","0","56.73","32.68"
"63","000","00","010","1034","0431","901","542","359","35","936","1588","0","58.94","34.13"
"63","000","00","010","1034","0432","906","563","343","58","964","1603","0","60.14","35.12"
"63","000","00","010","1034","0433","930","531","399","27","957","1629","0","58.75","32.6"
"63","000","00","010","1034","0434","980","587","393","38","1018","1646","0","61.85","35.66"
"63","000","00","010","1035","0000","4202","2523","1679","152","4354","7457","0","58.39","33.83"
"63","000","00","010","1035","0435","1019","611","408","28","1047","1883","0","55.6","32.45"
"63","000","00","010","1035","0436","815","488","327","26","841","1434","0","58.65","34.03"
"63","000","00","010","1035","0437","801","471","330","26","827","1418","0","58.32","33.22"
"63","000","00","010","1035","0438","784","492","292","36","820","1373","0","59.72","35.83"
"63","000","00","010","1035","0439","783","461","322","36","819","1349","0","60.71","34.17"
"63","000","00","010","1036","0000","2726","1574","1152","87","2813","4624","0","60.83","34.04"
"63","000","00","010","1036","0440","897","515","382","34","931","1511","0","61.61","34.08"
"63","000","00","010","1036","0441","947","555","392","27","974","1563","0","62.32","35.51"
"63","000","00","010","1036","0442","882","504","378","26","908","1550","0","58.58","32.52"
"63","000","00","010","1037","0000","612","356","256","43","655","1157","0","56.61","30.77"
"63","000","00","010","1037","0443","612","356","256","43","655","1157","0","56.61","30.77"
"63","000","00","010","1038","0000","2940","1689","1251","111","3051","5175","0","58.96","32.64"
"63","000","00","010","1038","0444","1014","560","454","35","1049","1768","0","59.33","31.67"
"63","000","00","010","1038","0445","938","559","379","35","973","1664","0","58.47","33.59"
"63","000","00","010","1038","0446","988","570","418","41","1029","1743","0","59.04","32.7"
"63","000","00","010","1039","0000","4294","2495","1799","151","4445","7392","0","60.13","33.75"
"63","000","00","010","1039","0447","862","517","345","20","882","1480","0","59.59","34.93"
"63","000","00","010","1039","0448","936","515","421","49","985","1589","0","61.99","32.41"
"63","000","00","010","1039","0449","757","443","314","29","786","1371","0","57.33","32.31"
"63","000","00","010","1039","0450","953","545","408","30","983","1575","0","62.41","34.6"
"63","000","00","010","1039","0451","786","475","311","23","809","1377","0","58.75","34.5"
"63","000","00","010","1040","0000","2854","1663","1191","92","2946","4647","0","63.4","35.79"
"63","000","00","010","1040","0452","937","542","395","36","973","1469","0","66.24","36.9"
"63","000","00","010","1040","0453","948","555","393","20","968","1529","0","63.31","36.3"
"63","000","00","010","1040","0454","969","566","403","36","1005","1649","0","60.95","34.32"
"63","000","00","011","0000","0000","132572","78172","54400","6590","139162","241854","286695","57.54","32.32"
"63","000","00","011","1101","0000","1872","1130","742","119","1991","3415","0","58.3","33.09"
"63","000","00","011","1101","0142","910","533","377","52","962","1695","0","56.76","31.45"
"63","000","00","011","1101","0143","962","597","365","67","1029","1720","0","59.83","34.71"
"63","000","00","011","1102","0000","1541","951","590","81","1622","2834","0","57.23","33.56"
"63","000","00","011","1102","0144","698","420","278","47","745","1288","0","57.84","32.61"
"63","000","00","011","1102","0145","843","531","312","34","877","1546","0","56.73","34.35"
"63","000","00","011","1103","0000","1523","902","621","77","1600","2659","0","60.17","33.92"
"63","000","00","011","1103","0146","396","238","158","19","415","652","0","63.65","36.5"
"63","000","00","011","1103","0147","459","265","194","22","481","870","0","55.29","30.46"
"63","000","00","011","1103","0148","668","399","269","36","704","1137","0","61.92","35.09"
"63","000","00","011","1104","0000","2350","1413","937","128","2478","5331","0","46.48","26.51"
"63","000","00","011","1104","0149","630","392","238","35","665","1050","0","63.33","37.33"
"63","000","00","011","1104","0150","601","357","244","43","644","1031","0","62.46","34.63"
"63","000","00","011","1104","0151","624","380","244","20","644","1075","0","59.91","35.35"
"63","000","00","011","1104","0152","495","284","211","30","525","2175","0","24.14","13.06"
"63","000","00","011","1105","0000","3797","2247","1550","173","3970","6757","0","58.75","33.25"
"63","000","00","011","1105","0153","903","528","375","47","950","1775","0","53.52","29.75"
"63","000","00","011","1105","0154","949","591","358","33","982","1669","0","58.84","35.41"
"63","000","00","011","1105","0155","969","549","420","44","1013","1665","0","60.84","32.97"
"63","000","00","011","1105","0156","976","579","397","49","1025","1648","0","62.2","35.13"
"63","000","00","011","1106","0000","3151","1931","1220","176","3327","5565","0","59.78","34.7"
"63","000","00","011","1106","0157","716","470","246","22","738","1246","0","59.23","37.72"
"63","000","00","011","1106","0158","785","487","298","51","836","1419","0","58.91","34.32"
"63","000","00","011","1106","0159","719","432","287","56","775","1327","0","58.4","32.55"
"63","000","00","011","1106","0160","931","542","389","47","978","1573","0","62.17","34.46"
"63","000","00","011","1107","0000","3834","2322","1512","176","4010","6779","0","59.15","34.25"
"63","000","00","011","1107","0161","819","507","312","55","874","1470","0","59.46","34.49"
"63","000","00","011","1107","0162","1006","615","391","39","1045","1775","0","58.87","34.65"
"63","000","00","011","1107","0163","957","579","378","31","988","1692","0","58.39","34.22"
"63","000","00","011","1107","0164","1052","621","431","51","1103","1842","0","59.88","33.71"
"63","000","00","011","1108","0000","4088","2564","1524","182","4270","7204","0","59.27","35.59"
"63","000","00","011","1108","0165","688","429","259","30","718","1166","0","61.58","36.79"
"63","000","00","011","1108","0166","907","660","247","0","907","1687","0","53.76","39.12"
"63","000","00","011","1108","0167","895","530","365","43","938","1624","0","57.76","32.64"
"63","000","00","011","1108","0168","862","510","352","70","932","1477","0","63.1","34.53"
"63","000","00","011","1108","0169","736","435","301","39","775","1250","0","62.0","34.8"
"63","000","00","011","1109","0000","3466","2054","1412","185","3651","5934","0","61.53","34.61"
"63","000","00","011","1109","0170","813","463","350","49","862","1434","0","60.11","32.29"
"63","000","00","011","1109","0171","844","507","337","46","890","1452","0","61.29","34.92"
"63","000","00","011","1109","0172","920","549","371","45","965","1533","0","62.95","35.81"
"63","000","00","011","1109","0173","889","535","354","45","934","1515","0","61.65","35.31"
"63","000","00","011","1110","0000","2318","1382","936","94","2412","3942","0","61.19","35.06"
"63","000","00","011","1110","0174","705","403","302","27","732","1203","0","60.85","33.5"
"63","000","00","011","1110","0175","879","518","361","49","928","1487","0","62.41","34.84"
"63","000","00","011","1110","0176","734","461","273","18","752","1252","0","60.06","36.82"
"63","000","00","011","1111","0000","3568","2121","1447","147","3715","6175","0","60.16","34.35"
"63","000","00","011","1111","0177","850","514","336","47","897","1536","0","58.4","33.46"
"63","000","00","011","1111","0178","913","543","370","37","950","1556","0","61.05","34.9"
"63","000","00","011","1111","0179","875","508","367","27","902","1511","0","59.7","33.62"
"63","000","00","011","1111","0180","930","556","374","36","966","1572","0","61.45","35.37"
"63","000","00","011","1112","0000","2685","1593","1092","162","2847","4921","0","57.85","32.37"
"63","000","00","011","1112","0181","918","537","381","50","968","1668","0","58.03","32.19"
"63","000","00","011","1112","0182","901","549","352","67","968","1685","0","57.45","32.58"
"63","000","00","011","1112","0183","866","507","359","45","911","1568","0","58.1","32.33"
"63","000","00","011","1113","0000","2999","1774","1225","164","3163","5632","0","56.16","31.5"
"63","000","00","011","1113","0184","706","446","260","28","734","1327","0","55.31","33.61"
"63","000","00","011","1113","0185","722","421","301","35","757","1338","0","56.58","31.46"
"63","000","00","011","1113","0186","750","417","333","49","799","1515","0","52.74","27.52"
"63","000","00","011","1113","0187","821","490","331","52","873","1452","0","60.12","33.75"
"63","000","00","011","1114","0000","2527","1517","1010","92","2619","4430","0","59.12","34.24"
"63","000","00","011","1114","0188","816","494","322","30","846","1448","0","58.43","34.12"
"63","000","00","011","1114","0189","877","519","358","41","918","1521","0","60.36","34.12"
"63","000","00","011","1114","0190","834","504","330","21","855","1461","0","58.52","34.5"
"63","000","00","011","1115","0000","2318","1343","975","160","2478","4747","0","52.2","28.29"
"63","000","00","011","1115","0191","769","434","335","69","838","1541","0","54.38","28.16"
"63","000","00","011","1115","0192","726","394","332","38","764","1611","0","47.42","24.46"
"63","000","00","011","1115","0193","823","515","308","53","876","1595","0","54.92","32.29"
"63","000","00","011","1116","0000","2685","1588","1097","150","2835","5188","0","54.65","30.61"
"63","000","00","011","1116","0194","855","508","347","33","888","1685","0","52.7","30.15"
"63","000","00","011","1116","0195","932","541","391","52","984","1816","0","54.19","29.79"
"63","000","00","011","1116","0196","898","539","359","65","963","1687","0","57.08","31.95"
"63","000","00","011","1117","0000","3606","2123","1483","155","3761","6631","0","56.72","32.02"
"63","000","00","011","1117","0197","888","520","368","49","937","1646","0","56.93","31.59"
"63","000","00","011","1117","0198","852","485","367","35","887","1643","0","53.99","29.52"
"63","000","00","011","1117","0199","927","578","349","33","960","1687","0","56.91","34.26"
"63","000","00","011","1117","0200","939","540","399","38","977","1655","0","59.03","32.63"
"63","000","00","011","1118","0000","1971","1107","864","77","2048","3634","0","56.36","30.46"
"63","000","00","011","1118","0201","930","511","419","29","959","1779","0","53.91","28.72"
"63","000","00","011","1118","0202","1041","596","445","48","1089","1855","0","58.71","32.13"
"63","000","00","011","1119","0000","2804","1626","1178","140","2944","5700","0","51.65","28.53"
"63","000","00","011","1119","0203","744","404","340","46","790","1350","0","58.52","29.93"
"63","000","00","011","1119","0204","725","462","263","27","752","1455","0","51.68","31.75"
"63","000","00","011","1119","0205","685","382","303","46","731","1497","0","48.83","25.52"
"63","000","00","011","1119","0206","650","378","272","21","671","1398","0","48.0","27.04"
"63","000","00","011","1120","0000","4306","2550","1756","240","4546","8041","0","56.54","31.71"
"63","000","00","011","1120","0207","965","547","418","61","1026","1747","0","58.73","31.31"
"63","000","00","011","1120","0208","789","554","235","46","835","1465","0","57.0","37.82"
"63","000","00","011","1120","0209","824","478","346","44","868","1530","0","56.73","31.24"
"63","000","00","011","1120","0210","930","529","401","48","978","1855","0","52.72","28.52"
"63","000","00","011","1120","0211","798","442","356","41","839","1444","0","58.1","30.61"
"63","000","00","011","1121","0000","3376","1983","1393","207","3583","6387","0","56.1","31.05"
"63","000","00","011","1121","0212","793","473","320","45","838","1563","0","53.61","30.26"
"63","000","00","011","1121","0213","807","486","321","49","856","1482","0","57.76","32.79"
"63","000","00","011","1121","0214","810","445","365","63","873","1552","0","56.25","28.67"
"63","000","00","011","1121","0215","966","579","387","50","1016","1790","0","56.76","32.35"
"63","000","00","011","1122","0000","3346","1996","1350","222","3568","6383","0","55.9","31.27"
"63","000","00","011","1122","0216","801","480","321","59","860","1628","0","52.83","29.48"
"63","000","00","011","1122","0217","745","469","276","53","798","1337","0","59.69","35.08"
"63","000","00","011","1122","0218","973","555","418","39","1012","1750","0","57.83","31.71"
"63","000","00","011","1122","0219","827","492","335","71","898","1668","0","53.84","29.5"
"63","000","00","011","1123","0000","1985","1133","852","122","2107","4342","0","48.53","26.09"
"63","000","00","011","1123","0220","625","388","237","50","675","1403","0","48.11","27.66"
"63","000","00","011","1123","0221","659","351","308","41","700","1468","0","47.68","23.91"
"63","000","00","011","1123","0222","701","394","307","31","732","1471","0","49.76","26.78"
"63","000","00","011","1124","0000","2492","1468","1024","164","2656","5240","0","50.69","28.02"
"63","000","00","011","1124","0223","818","506","312","55","873","1666","0","52.4","30.37"
"63","000","00","011","1124","0224","784","445","339","51","835","1587","0","52.61","28.04"
"63","000","00","011","1124","0225","890","517","373","58","948","1987","0","47.71","26.02"
"63","000","00","011","1125","0000","1638","957","681","66","1704","2999","0","56.82","31.91"
"63","000","00","011","1125","0226","642","408","234","23","665","1271","0","52.32","32.1"
"63","000","00","011","1125","0227","996","549","447","43","1039","1728","0","60.13","31.77"
"63","000","00","011","1126","0000","3628","2182","1446","170","3798","6297","0","60.31","34.65"
"63","000","00","011","1126","0228","932","577","355","49","981","1630","0","60.18","35.4"
"63","000","00","011","1126","0229","932","537","395","35","967","1619","0","59.73","33.17"
"63","000","00","011","1126","0230","797","503","294","45","842","1425","0","59.09","35.3"
"63","000","00","011","1126","0231","967","565","402","41","1008","1623","0","62.11","34.81"
"63","000","00","011","1127","0000","2259","1291","968","119","2378","3862","0","61.57","33.43"
"63","000","00","011","1127","0242","782","440","342","48","830","1273","0","65.2","34.56"
"63","000","00","011","1127","0243","734","414","320","33","767","1273","0","60.25","32.52"
"63","000","00","011","1127","0244","743","437","306","38","781","1316","0","59.35","33.21"
"63","000","00","011","1128","0000","2712","1565","1147","133","2845","4960","0","57.36","31.55"
"63","000","00","011","1128","0245","916","542","374","50","966","1659","0","58.23","32.67"
"63","000","00","011","1128","0246","952","509","443","40","992","1749","0","56.72","29.1"
"63","000","00","011","1128","0247","844","514","330","43","887","1552","0","57.15","33.12"
"63","000","00","011","1129","0000","2680","1625","1055","100","2780","4457","0","62.37","36.46"
"63","000","00","011","1129","0232","901","544","357","37","938","1564","0","59.97","34.78"
"63","000","00","011","1129","0233","868","521","347","34","902","1376","0","65.55","37.86"
"63","000","00","011","1129","0234","911","560","351","29","940","1517","0","61.96","36.91"
"63","000","00","011","1130","0000","2715","1699","1016","127","2842","4952","0","57.39","34.31"
"63","000","00","011","1130","0248","860","539","321","49","909","1529","0","59.45","35.25"
"63","000","00","011","1130","0249","887","560","327","32","919","1644","0","55.9","34.06"
"63","000","00","011","1130","0250","968","600","368","46","1014","1779","0","57.0","33.73"
"63","000","00","011","1131","0000","3712","2256","1456","135","3847","6584","0","58.43","34.26"
"63","000","00","011","1131","0235","895","523","372","32","927","1729","0","53.61","30.25"
"63","000","00","011","1131","0236","889","589","300","41","930","1511","0","61.55","38.98"
"63","000","00","011","1131","0237","1045","643","402","35","1080","1811","0","59.64","35.51"
"63","000","00","011","1131","0238","883","501","382","27","910","1533","0","59.36","32.68"
"63","000","00","011","1132","0000","2611","1595","1016","129","2740","4558","0","60.11","34.99"
"63","000","00","011","1132","0239","1037","630","407","37","1074","1657","0","64.82","38.02"
"63","000","00","011","1132","0240","824","491","333","31","855","1499","0","57.04","32.76"
"63","000","00","011","1132","0241","750","474","276","61","811","1402","0","57.85","33.81"
"63","000","00","011","1133","0000","2791","1625","1166","126","2917","5127","0","56.89","31.69"
"63","000","00","011","1133","0260","996","585","411","41","1037","1826","0","56.79","32.04"
"63","000","00","011","1133","0261","902","503","399","36","938","1647","0","56.95","30.54"
"63","000","00","011","1133","0262","893","537","356","49","942","1654","0","56.95","32.47"
"63","000","00","011","1134","0000","4258","2392","1866","194","4452","7652","0","58.18","31.26"
"63","000","00","011","1134","0251","884","503","381","35","919","1597","0","57.55","31.5"
"63","000","00","011","1134","0252","803","453","350","37","840","1454","0","57.77","31.16"
"63","000","00","011","1134","0253","918","489","429","53","971","1582","0","61.38","30.91"
"63","000","00","011","1134","0254","868","519","349","40","908","1518","0","59.82","34.19"
"63","000","00","011","1134","0255","785","428","357","29","814","1501","0","54.23","28.51"
"63","000","00","011","1135","0000","3356","1859","1497","170","3526","5690","0","61.97","32.67"
"63","000","00","011","1135","0256","813","447","366","47","860","1420","0","60.56","31.48"
"63","000","00","011","1135","0257","835","474","361","50","885","1494","0","59.24","31.73"
"63","000","00","011","1135","0258","984","560","424","31","1015","1568","0","64.73","35.71"
"63","000","00","011","1135","0259","724","378","346","42","766","1208","0","63.41","31.29"
"63","000","00","011","1136","0000","3210","1826","1384","149","3359","5497","0","61.11","33.22"
"63","000","00","011","1136","0263","892","509","383","40","932","1550","0","60.13","32.84"
"63","000","00","011","1136","0264","797","435","362","28","825","1298","0","63.56","33.51"
"63","000","00","011","1136","0265","788","468","320","34","822","1297","0","63.38","36.08"
"63","000","00","011","1136","0266","733","414","319","47","780","1352","0","57.69","30.62"
"63","000","00","011","1137","0000","2499","1427","1072","142","2641","4565","0","57.85","31.26"
"63","000","00","011","1137","0267","837","491","346","44","881","1522","0","57.88","32.26"
"63","000","00","011","1137","0268","862","475","387","54","916","1602","0","57.18","29.65"
"63","000","00","011","1137","0269","800","461","339","44","844","1441","0","58.57","31.99"
"63","000","00","011","1138","0000","2393","1378","1015","85","2478","4410","0","56.19","31.25"
"63","000","00","011","1138","0270","703","395","308","21","724","1325","0","54.64","29.81"
"63","000","00","011","1138","0271","863","500","363","39","902","1567","0","57.56","31.91"
"63","000","00","011","1138","0272","827","483","344","25","852","1518","0","56.13","31.82"
"63","000","00","011","1139","0000","3746","2160","1586","151","3897","6605","0","59.0","32.7"
"63","000","00","011","1139","0273","910","517","393","39","949","1549","0","61.27","33.38"
"63","000","00","011","1139","0274","935","534","401","33","968","1652","0","58.6","32.32"
"63","000","00","011","1139","0275","1011","582","429","49","1060","1766","0","60.02","32.96"
"63","000","00","011","1139","0276","890","527","363","30","920","1638","0","56.17","32.17"
"63","000","00","011","1140","0000","3451","2052","1399","140","3591","6105","0","58.82","33.61"
"63","000","00","011","1140","0277","867","535","332","39","906","1491","0","60.76","35.88"
"63","000","00","011","1140","0278","869","500","369","29","898","1521","0","59.04","32.87"
"63","000","00","011","1140","0279","797","481","316","47","844","1351","0","62.47","35.6"
"63","000","00","011","1140","0280","918","536","382","25","943","1742","0","54.13","30.77"
"63","000","00","011","1141","0000","4165","2275","1890","146","4311","7594","0","56.77","29.96"
"63","000","00","011","1141","0281","891","379","512","35","926","1585","0","58.42","23.91"
"63","000","00","011","1141","0282","860","534","326","31","891","1521","0","58.58","35.11"
"63","000","00","011","1141","0283","741","389","352","24","765","1543","0","49.58","25.21"
"63","000","00","011","1141","0284","815","499","316","21","836","1404","0","59.54","35.54"
"63","000","00","011","1141","0285","858","474","384","35","893","1541","0","57.95","30.76"
"63","000","00","011","1142","0000","3149","1886","1263","138","3287","5828","0","56.4","32.36"
"63","000","00","011","1142","0286","845","521","324","35","880","1584","0","55.56","32.89"
"63","000","00","011","1142","0287","869","518","351","42","911","1519","0","59.97","34.1"
"63","000","00","011","1142","0288","763","458","305","21","784","1482","0","52.9","30.9"
"63","000","00","011","1142","0289","672","389","283","40","712","1243","0","57.28","31.3"
"63","000","00","011","1143","0000","627","366","261","39","666","1156","0","57.61","31.66"
"63","000","00","011","1143","0290","627","366","261","39","666","1156","0","57.61","31.66"
"63","000","00","011","1144","0000","633","358","275","51","684","1262","0","54.2","28.37"
"63","000","00","011","1144","0291","633","358","275","51","684","1262","0","54.2","28.37"
"63","000","00","011","1145","0000","994","537","457","68","1062","1747","0","60.79","30.74"
"63","000","00","011","1145","0292","501","284","217","32","533","889","0","59.96","31.95"
"63","000","00","011","1145","0293","493","253","240","36","529","858","0","61.66","29.49"
"63","000","00","011","1146","0000","1432","803","629","138","1570","2781","0","56.45","28.87"
"63","000","00","011","1146","0294","489","256","233","50","539","945","0","57.04","27.09"
"63","000","00","011","1146","0295","484","268","216","50","534","960","0","55.63","27.92"
"63","000","00","011","1146","0296","459","279","180","38","497","876","0","56.74","31.85"
"63","000","00","011","1147","0000","908","506","402","56","964","1475","0","65.36","34.31"
"63","000","00","011","1147","0297","344","187","157","23","367","556","0","66.01","33.63"
"63","000","00","011","1147","0298","564","319","245","33","597","919","0","64.96","34.71"
"63","000","00","011","1148","0000","846","499","347","58","904","1360","0","66.47","36.69"
"63","000","00","011","1148","0299","846","499","347","58","904","1360","0","66.47","36.69"
"63","000","00","011","1149","0000","789","464","325","51","840","1355","0","61.99","34.24"
"63","000","00","011","1149","0300","789","464","325","51","840","1355","0","61.99","34.24"
"63","000","00","011","1150","0000","1431","968","463","55","1486","2434","0","61.05","39.77"
"63","000","00","011","1150","0301","717","530","187","26","743","1252","0","59.35","42.33"
"63","000","00","011","1150","0302","714","438","276","29","743","1182","0","62.86","37.06"
"63","000","00","011","1151","0000","1331","803","528","61","1392","2671","0","52.12","30.06"
"63","000","00","011","1151","0303","683","408","275","26","709","1431","0","49.55","28.51"
"63","000","00","011","1151","0304","648","395","253","35","683","1240","0","55.08","31.85"
"63","000","00","012","0000","0000","115503","68267","47236","5336","120839","213250","255631","56.67","32.01"
"63","000","00","012","1201","0000","2216","1280","936","123","2339","3797","0","61.6","33.71"
"63","000","00","012","1201","0001","745","463","282","55","800","1313","0","60.93","35.26"
"63","000","00","012","1201","0002","840","480","360","33","873","1403","0","62.22","34.21"
"63","000","00","012","1201","0003","631","337","294","35","666","1081","0","61.61","31.17"
"63","000","00","012","1202","0000","2171","1257","914","115","2286","3798","0","60.19","33.1"
"63","000","00","012","1202","0004","690","393","297","39","729","1209","0","60.3","32.51"
"63","000","00","012","1202","0005","753","433","320","35","788","1326","0","59.43","32.65"
"63","000","00","012","1202","0006","728","431","297","41","769","1263","0","60.89","34.13"
"63","000","00","012","1203","0000","2658","1544","1114","124","2782","4640","0","59.96","33.28"
"63","000","00","012","1203","0007","900","521","379","49","949","1580","0","60.06","32.97"
"63","000","00","012","1203","0008","902","546","356","33","935","1577","0","59.29","34.62"
"63","000","00","012","1203","0009","856","477","379","42","898","1483","0","60.55","32.16"
"63","000","00","012","1204","0000","3331","2003","1328","148","3479","6090","0","57.13","32.89"
"63","000","00","012","1204","0010","796","469","327","34","830","1461","0","56.81","32.1"
"63","000","00","012","1204","0011","800","465","335","39","839","1466","0","57.23","31.72"
"63","000","00","012","1204","0012","931","575","356","43","974","1620","0","60.12","35.49"
"63","000","00","012","1204","0013","804","494","310","32","836","1543","0","54.18","32.02"
"63","000","00","012","1205","0000","3468","2162","1306","149","3617","6230","0","58.06","34.7"
"63","000","00","012","1205","0014","797","508","289","36","833","1513","0","55.06","33.58"
"63","000","00","012","1205","0015","871","532","339","28","899","1534","0","58.6","34.68"
"63","000","00","012","1205","0016","931","594","337","53","984","1650","0","59.64","36.0"
"63","000","00","012","1205","0017","869","528","341","32","901","1533","0","58.77","34.44"
"63","000","00","012","1206","0000","3621","2041","1580","177","3798","6528","0","58.18","31.27"
"63","000","00","012","1206","0018","919","554","365","35","954","1702","0","56.05","32.55"
"63","000","00","012","1206","0019","937","522","415","38","975","1721","0","56.65","30.33"
"63","000","00","012","1206","0020","923","495","428","44","967","1575","0","61.4","31.43"
"63","000","00","012","1206","0021","842","470","372","60","902","1530","0","58.95","30.72"
"63","000","00","012","1207","0000","3576","2138","1438","175","3751","6810","0","55.08","31.4"
"63","000","00","012","1207","0022","957","568","389","49","1006","1728","0","58.22","32.87"
"63","000","00","012","1207","0023","933","573","360","47","980","1702","0","57.58","33.67"
"63","000","00","012","1207","0024","911","526","385","51","962","1696","0","56.72","31.01"
"63","000","00","012","1207","0025","775","471","304","28","803","1684","0","47.68","27.97"
"63","000","00","012","1208","0000","3801","2325","1476","161","3962","6642","0","59.65","35.0"
"63","000","00","012","1208","0026","982","590","392","54","1036","1717","0","60.34","34.36"
"63","000","00","012","1208","0027","920","574","346","28","948","1605","0","59.07","35.76"
"63","000","00","012","1208","0028","946","589","357","47","993","1723","0","57.63","34.18"
"63","000","00","012","1208","0029","953","572","381","32","985","1597","0","61.68","35.82"
"63","000","00","012","1209","0000","4337","2522","1815","164","4501","7993","0","56.31","31.55"
"63","000","00","012","1209","0030","944","556","388","31","975","1700","0","57.35","32.71"
"63","000","00","012","1209","0031","787","427","360","30","817","1544","0","52.91","27.66"
"63","000","00","012","1209","0032","847","500","347","31","878","1635","0","53.7","30.58"
"63","000","00","012","1209","0033","847","498","349","28","875","1495","0","58.53","33.31"
"63","000","00","012","1209","0034","912","541","371","44","956","1619","0","59.05","33.42"
"63","000","00","012","1210","0000","3525","2026","1499","138","3663","6869","0","53.33","29.49"
"63","000","00","012","1210","0035","916","522","394","43","959","1683","0","56.98","31.02"
"63","000","00","012","1210","0036","853","499","354","46","899","1662","0","54.09","30.02"
"63","000","00","012","1210","0037","901","541","360","26","927","1850","0","50.11","29.24"
"63","000","00","012","1210","0038","855","464","391","23","878","1674","0","52.45","27.72"
"63","000","00","012","1211","0000","2437","1487","950","93","2530","4183","0","60.48","35.55"
"63","000","00","012","1211","0039","880","544","336","40","920","1511","0","60.89","36.0"
"63","000","00","012","1211","0040","784","471","313","14","798","1393","0","57.29","33.81"
"63","000","00","012","1211","0041","773","472","301","39","812","1279","0","63.49","36.9"
"63","000","00","012","1212","0000","2280","1375","905","134","2414","3837","0","62.91","35.84"
"63","000","00","012","1212","0042","615","372","243","26","641","1122","0","57.13","33.16"
"63","000","00","012","1212","0043","807","492","315","44","851","1238","0","68.74","39.74"
"63","000","00","012","1212","0044","858","511","347","64","922","1477","0","62.42","34.6"
"63","000","00","012","1213","0000","3415","2098","1317","149","3564","5857","0","60.85","35.82"
"63","000","00","012","1213","0045","873","530","343","44","917","1495","0","61.34","35.45"
"63","000","00","012","1213","0046","897","552","345","34","931","1469","0","63.38","37.58"
"63","000","00","012","1213","0047","824","518","306","34","858","1462","0","58.69","35.43"
"63","000","00","012","1213","0048","821","498","323","37","858","1431","0","59.96","34.8"
"63","000","00","012","1214","0000","2520","1495","1025","100","2620","4391","0","59.67","34.05"
"63","000","00","012","1214","0049","847","501","346","28","875","1486","0","58.88","33.71"
"63","000","00","012","1214","0050","847","514","333","39","886","1449","0","61.15","35.47"
"63","000","00","012","1214","0051","826","480","346","33","859","1456","0","59.0","32.97"
"63","000","00","012","1215","0000","2171","1358","813","90","2261","4005","0","56.45","33.91"
"63","000","00","012","1215","0052","718","411","307","25","743","1311","0","56.67","31.35"
"63","000","00","012","1215","0053","689","481","208","38","727","1356","0","53.61","35.47"
"63","000","00","012","1215","0054","764","466","298","27","791","1338","0","59.12","34.83"
"63","000","00","012","1216","0000","2516","1501","1015","80","2596","4644","0","55.9","32.32"
"63","000","00","012","1216","0055","859","527","332","30","889","1525","0","58.3","34.56"
"63","000","00","012","1216","0056","864","486","378","31","895","1620","0","55.25","30.0"
"63","000","00","012","1216","0057","793","488","305","19","812","1499","0","54.17","32.56"
"63","000","00","012","1217","0000","4277","2587","1690","207","4484","7724","0","58.05","33.49"
"63","000","00","012","1217","0058","883","546","337","31","914","1497","0","61.06","36.47"
"63","000","00","012","1217","0059","896","544","352","34","930","1624","0","57.27","33.5"
"63","000","00","012","1217","0060","791","475","316","52","843","1536","0","54.88","30.92"
"63","000","00","012","1217","0061","853","526","327","53","906","1469","0","61.67","35.81"
"63","000","00","012","1217","0062","854","496","358","37","891","1598","0","55.76","31.04"
"63","000","00","012","1218","0000","2638","1469","1169","138","2776","4923","0","56.39","29.84"
"63","000","00","012","1218","0063","904","487","417","31","935","1690","0","55.33","28.82"
"63","000","00","012","1218","0064","845","472","373","67","912","1599","0","57.04","29.52"
"63","000","00","012","1218","0065","889","510","379","40","929","1634","0","56.85","31.21"
"63","000","00","012","1219","0000","839","453","386","50","889","1660","0","53.55","27.29"
"63","000","00","012","1219","0066","839","453","386","50","889","1660","0","53.55","27.29"
"63","000","00","012","1220","0000","4916","2825","2091","236","5152","9045","0","56.96","31.23"
"63","000","00","012","1220","0067","950","528","422","49","999","1900","0","52.58","27.79"
"63","000","00","012","1220","0068","985","580","405","42","1027","1797","0","57.15","32.28"
"63","000","00","012","1220","0069","1016","554","462","50","1066","1832","0","58.19","30.24"
"63","000","00","012","1220","0070","990","579","411","57","1047","1784","0","58.69","32.46"
"63","000","00","012","1220","0071","975","584","391","38","1013","1732","0","58.49","33.72"
"63","000","00","012","1221","0000","3981","2395","1586","244","4225","8470","0","49.88","28.28"
"63","000","00","012","1221","0072","522","312","210","38","560","2035","0","27.52","15.33"
"63","000","00","012","1221","0073","808","479","329","44","852","1504","0","56.65","31.85"
"63","000","00","012","1221","0074","945","596","349","52","997","1683","0","59.24","35.41"
"63","000","00","012","1221","0075","855","488","367","54","909","1635","0","55.6","29.85"
"63","000","00","012","1221","0076","851","520","331","56","907","1613","0","56.23","32.24"
"63","000","00","012","1222","0000","4015","2302","1713","188","4203","7542","0","55.73","30.52"
"63","000","00","012","1222","0077","802","406","396","26","828","1483","0","55.83","27.38"
"63","000","00","012","1222","0078","812","501","311","36","848","1500","0","56.53","33.4"
"63","000","00","012","1222","0079","833","479","354","42","875","1483","0","59.0","32.3"
"63","000","00","012","1222","0080","823","490","333","51","874","1544","0","56.61","31.74"
"63","000","00","012","1222","0081","745","426","319","33","778","1532","0","50.78","27.81"
"63","000","00","012","1223","0000","2820","1665","1155","116","2936","5554","0","52.86","29.98"
"63","000","00","012","1223","0082","979","657","322","47","1026","1819","0","56.4","36.12"
"63","000","00","012","1223","0083","925","515","410","51","976","1863","0","52.39","27.64"
"63","000","00","012","1223","0084","916","493","423","18","934","1872","0","49.89","26.34"
"63","000","00","012","1224","0000","2732","1626","1106","112","2844","5164","0","55.07","31.49"
"63","000","00","012","1224","0085","857","518","339","50","907","1627","0","55.75","31.84"
"63","000","00","012","1224","0086","894","523","371","12","906","1696","0","53.42","30.84"
"63","000","00","012","1224","0087","981","585","396","50","1031","1841","0","56.0","31.78"
"63","000","00","012","1225","0000","3270","1929","1341","137","3407","5954","0","57.22","32.4"
"63","000","00","012","1225","0088","724","445","279","35","759","1324","0","57.33","33.61"
"63","000","00","012","1225","0089","800","466","334","28","828","1504","0","55.05","30.98"
"63","000","00","012","1225","0090","821","482","339","43","864","1511","0","57.18","31.9"
"63","000","00","012","1225","0091","925","536","389","31","956","1615","0","59.2","33.19"
"63","000","00","012","1226","0000","1365","760","605","61","1426","2762","0","51.63","27.52"
"63","000","00","012","1226","0092","643","367","276","32","675","1270","0","53.15","28.9"
"63","000","00","012","1226","0093","722","393","329","29","751","1492","0","50.34","26.34"
"63","000","00","012","1227","0000","3109","1816","1293","92","3201","5832","0","54.89","31.14"
"63","000","00","012","1227","0094","797","465","332","20","817","1429","0","57.17","32.54"
"63","000","00","012","1227","0095","807","471","336","26","833","1567","0","53.16","30.06"
"63","000","00","012","1227","0096","763","449","314","25","788","1388","0","56.77","32.35"
"63","000","00","012","1227","0097","742","431","311","21","763","1448","0","52.69","29.77"
"63","000","00","012","1228","0000","2083","1258","825","94","2177","3829","0","56.86","32.85"
"63","000","00","012","1228","0098","699","427","272","37","736","1356","0","54.28","31.49"
"63","000","00","012","1228","0099","713","439","274","22","735","1308","0","56.19","33.56"
"63","000","00","012","1228","0100","671","392","279","35","706","1165","0","60.6","33.65"
"63","000","00","012","1229","0000","3293","1985","1308","161","3454","5889","0","58.65","33.71"
"63","000","00","012","1229","0101","794","483","311","44","838","1429","0","58.64","33.8"
"63","000","00","012","1229","0102","795","497","298","26","821","1472","0","55.77","33.76"
"63","000","00","012","1229","0103","899","521","378","46","945","1508","0","62.67","34.55"
"63","000","00","012","1229","0104","805","484","321","45","850","1480","0","57.43","32.7"
"63","000","00","012","1230","0000","2346","1403","943","112","2458","4365","0","56.31","32.14"
"63","000","00","012","1230","0105","604","344","260","30","634","1142","0","55.52","30.12"
"63","000","00","012","1230","0106","811","498","313","23","834","1554","0","53.67","32.05"
"63","000","00","012","1230","0107","931","561","370","59","990","1669","0","59.32","33.61"
"63","000","00","012","1231","0000","2796","1677","1119","136","2932","5333","0","54.98","31.45"
"63","000","00","012","1231","0108","980","606","374","43","1023","1823","0","56.12","33.24"
"63","000","00","012","1231","0109","905","520","385","54","959","1739","0","55.15","29.9"
"63","000","00","012","1231","0110","911","551","360","39","950","1771","0","53.64","31.11"
"63","000","00","012","1232","0000","1543","943","600","66","1609","2937","0","54.78","32.11"
"63","000","00","012","1232","0111","735","455","280","44","779","1468","0","53.07","30.99"
"63","000","00","012","1232","0112","808","488","320","22","830","1469","0","56.5","33.22"
"63","000","00","012","1233","0000","2186","1374","812","109","2295","3617","0","63.45","37.99"
"63","000","00","012","1233","0113","683","445","238","38","721","1094","0","65.9","40.68"
"63","000","00","012","1233","0114","679","429","250","30","709","1101","0","64.4","38.96"
"63","000","00","012","1233","0115","824","500","324","41","865","1422","0","60.83","35.16"
"63","000","00","012","1234","0000","2223","1382","841","113","2336","3912","0","59.71","35.33"
"63","000","00","012","1234","0116","750","502","248","32","782","1390","0","56.26","36.12"
"63","000","00","012","1234","0117","745","476","269","36","781","1307","0","59.76","36.42"
"63","000","00","012","1234","0118","728","404","324","45","773","1215","0","63.62","33.25"
"63","000","00","012","1235","0000","2554","1544","1010","105","2659","4886","0","54.42","31.6"
"63","000","00","012","1235","0119","860","505","355","35","895","1642","0","54.51","30.76"
"63","000","00","012","1235","0120","835","502","333","30","865","1623","0","53.3","30.93"
"63","000","00","012","1235","0121","859","537","322","40","899","1621","0","55.46","33.13"
"63","000","00","012","1236","0000","2935","1638","1297","126","3061","5397","0","56.72","30.35"
"63","000","00","012","1236","0122","748","415","333","19","767","1367","0","56.11","30.36"
"63","000","00","012","1236","0123","682","378","304","39","721","1309","0","55.08","28.88"
"63","000","00","012","1236","0124","764","418","346","33","797","1356","0","58.78","30.83"
"63","000","00","012","1236","0125","741","427","314","35","776","1365","0","56.85","31.28"
"63","000","00","012","1237","0000","3456","1965","1491","141","3597","6487","0","55.45","30.29"
"63","000","00","012","1237","0126","846","459","387","36","882","1613","0","54.68","28.46"
"63","000","00","012","1237","0127","791","435","356","19","810","1590","0","50.94","27.36"
"63","000","00","012","1237","0128","922","553","369","47","969","1662","0","58.3","33.27"
"63","000","00","012","1237","0129","897","518","379","39","936","1622","0","57.71","31.94"
"63","000","00","012","1238","0000","5265","3084","2181","231","5496","10006","0","54.93","30.82"
"63","000","00","012","1238","0130","978","539","439","31","1009","1820","0","55.44","29.62"
"63","000","00","012","1238","0131","901","537","364","48","949","1615","0","58.76","33.25"
"63","000","00","012","1238","0132","715","450","265","43","758","1612","0","47.02","27.92"
"63","000","00","012","1238","0133","879","511","368","48","927","1652","0","56.11","30.93"
"63","000","00","012","1238","0134","925","545","380","22","947","1666","0","56.84","32.71"
"63","000","00","012","1238","0135","867","502","365","39","906","1641","0","55.21","30.59"
"63","000","00","012","1239","0000","1031","549","482","80","1111","2170","0","51.2","25.3"
"63","000","00","012","1239","0136","303","161","142","21","324","528","0","61.36","30.49"
"63","000","00","012","1239","0137","728","388","340","59","787","1642","0","47.93","23.63"
"63","000","00","012","1240","0000","792","468","324","61","853","1519","0","56.16","30.81"
"63","000","00","012","1240","0138","438","258","180","33","471","829","0","56.82","31.12"
"63","000","00","012","1240","0139","354","210","144","28","382","690","0","55.36","30.43"
"63","000","00","012","1241","0000","551","325","226","37","588","1067","0","55.11","30.46"
"63","000","00","012","1241","0140","551","325","226","37","588","1067","0","55.11","30.46"
"63","000","00","012","1242","0000","444","233","211","63","507","892","0","56.84","26.12"
"63","000","00","012","1242","0141","444","233","211","63","507","892","0","56.84","26.12"
"65","000","00","000","0000","0000","1782848","1070300","712548","92282","1875130","3375513","3992291","55.55","31.71"
"65","000","00","001","0000","0000","252090","153500","98590","12520","264610","463411","554357","57.1","33.12"
"65","000","00","001","0101","0000","733","419","314","47","780","1388","0","56.2","30.19"
"65","000","00","001","0101","0894","733","419","314","47","780","1388","0","56.2","30.19"
"65","000","00","001","0102","0000","719","420","299","42","761","1294","0","58.81","32.46"
"65","000","00","001","0102","0895","719","420","299","42","761","1294","0","58.81","32.46"
"65","000","00","001","0103","0000","404","234","170","15","419","667","0","62.82","35.08"
"65","000","00","001","0103","0896","404","234","170","15","419","667","0","62.82","35.08"
"65","000","00","001","0104","0000","469","290","179","30","499","898","0","55.57","32.29"
"65","000","00","001","0104","0897","469","290","179","30","499","898","0","55.57","32.29"
"65","000","00","001","0105","0000","908","575","333","61","969","1568","0","61.8","36.67"
"65","000","00","001","0105","0898","479","293","186","27","506","829","0","61.04","35.34"
"65","000","00","001","0105","0899","429","282","147","34","463","739","0","62.65","38.16"
"65","000","00","001","0106","0000","2396","1438","958","136","2532","4718","0","53.67","30.48"
"65","000","00","001","0106","0900","601","351","250","36","637","1035","0","61.55","33.91"
"65","000","00","001","0106","0901","783","465","318","24","807","1713","0","47.11","27.15"
"65","000","00","001","0106","0902","340","211","129","11","351","658","0","53.34","32.07"
"65","000","00","001","0106","0903","672","411","261","65","737","1312","0","56.17","31.33"
"65","000","00","001","0107","0000","1433","844","589","75","1508","2885","0","52.27","29.25"
"65","000","00","001","0107","0904","749","439","310","35","784","1492","0","52.55","29.42"
"65","000","00","001","0107","0905","684","405","279","40","724","1393","0","51.97","29.07"
"65","000","00","001","0108","0000","2915","1767","1148","142","3057","8490","0","36.01","20.81"
"65","000","00","001","0108","0906","851","513","338","33","884","4742","0","18.64","10.82"
"65","000","00","001","0108","0907","781","484","297","26","807","1439","0","56.08","33.63"
"65","000","00","001","0108","0908","674","401","273","53","727","1187","0","61.25","33.78"
"65","000","00","001","0108","0909","609","369","240","30","639","1122","0","56.95","32.89"
"65","000","00","001","0109","0000","2139","1308","831","112","2251","3787","0","59.44","34.54"
"65","000","00","001","0109","0910","760","479","281","45","805","1363","0","59.06","35.14"
"65","000","00","001","0109","0911","614","370","244","36","650","1093","0","59.47","33.85"
"65","000","00","001","0109","0912","765","459","306","31","796","1331","0","59.8","34.49"
"65","000","00","001","0110","0000","2030","1206","824","115","2145","3777","0","56.79","31.93"
"65","000","00","001","0110","0915","641","392","249","54","695","1268","0","54.81","30.91"
"65","000","00","001","0110","0916","694","426","268","22","716","1313","0","54.53","32.44"
"65","000","00","001","0110","0917","695","388","307","39","734","1196","0","61.37","32.44"
"65","000","00","001","0111","0000","2818","1669","1149","133","2951","4565","0","64.64","36.56"
"65","000","00","001","0111","0918","747","438","309","36","783","1137","0","68.87","38.52"
"65","000","00","001","0111","0919","780","458","322","31","811","1269","0","63.91","36.09"
"65","000","00","001","0111","0920","659","378","281","36","695","1117","0","62.22","33.84"
"65","000","00","001","0111","0921","632","395","237","30","662","1042","0","63.53","37.91"
"65","000","00","001","0112","0000","1416","899","517","79","1495","2473","0","60.45","36.35"
"65","000","00","001","0112","0922","721","460","261","45","766","1257","0","60.94","36.6"
"65","000","00","001","0112","0923","695","439","256","34","729","1216","0","59.95","36.1"
"65","000","00","001","0113","0000","1428","873","555","85","1513","2416","0","62.62","36.13"
"65","000","00","001","0113","0924","615","357","258","43","658","1126","0","58.44","31.71"
"65","000","00","001","0113","0925","813","516","297","42","855","1290","0","66.28","40.0"
"65","000","00","001","0114","0000","2012","1289","723","78","2090","3372","0","61.98","38.23"
"65","000","00","001","0114","0928","819","534","285","31","850","1329","0","63.96","40.18"
"65","000","00","001","0114","0929","583","394","189","23","606","996","0","60.84","39.56"
"65","000","00","001","0114","0930","610","361","249","24","634","1047","0","60.55","34.48"
"65","000","00","001","0115","0000","1457","878","579","73","1530","2524","0","60.62","34.79"
"65","000","00","001","0115","0931","736","454","282","37","773","1272","0","60.77","35.69"
"65","000","00","001","0115","0932","721","424","297","36","757","1252","0","60.46","33.87"
"65","000","00","001","0116","0000","1938","1200","738","116","2054","3509","0","58.54","34.2"
"65","000","00","001","0116","0936","571","351","220","38","609","1093","0","55.72","32.11"
"65","000","00","001","0116","0937","623","405","218","46","669","1148","0","58.28","35.28"
"65","000","00","001","0116","0938","744","444","300","32","776","1268","0","61.2","35.02"
"65","000","00","001","0117","0000","2406","1491","915","144","2550","4250","0","60.0","35.08"
"65","000","00","001","0117","0939","673","416","257","45","718","1230","0","58.37","33.82"
"65","000","00","001","0117","0940","545","342","203","32","577","1012","0","57.02","33.79"
"65","000","00","001","0117","0941","466","296","170","26","492","811","0","60.67","36.5"
"65","000","00","001","0117","0942","722","437","285","41","763","1197","0","63.74","36.51"
"65","000","00","001","0118","0000","1320","851","469","56","1376","2364","0","58.21","36.0"
"65","000","00","001","0118","0943","628","422","206","26","654","1142","0","57.27","36.95"
"65","000","00","001","0118","0944","692","429","263","30","722","1222","0","59.08","35.11"
"65","000","00","001","0119","0000","1839","1129","710","114","1953","3208","0","60.88","35.19"
"65","000","00","001","0119","0947","597","350","247","31","628","1011","0","62.12","34.62"
"65","000","00","001","0119","0948","658","407","251","46","704","1157","0","60.85","35.18"
"65","000","00","001","0119","0949","584","372","212","37","621","1040","0","59.71","35.77"
"65","000","00","001","0120","0000","2052","1259","793","84","2136","3621","0","58.99","34.77"
"65","000","00","001","0120","0950","690","420","270","23","713","1173","0","60.78","35.81"
"65","000","00","001","0120","0951","634","379","255","31","665","1193","0","55.74","31.77"
"65","000","00","001","0120","0952","728","460","268","30","758","1255","0","60.4","36.65"
"65","000","00","001","0121","0000","1910","1146","764","61","1971","3298","0","59.76","34.75"
"65","000","00","001","0121","0953","741","435","306","31","772","1306","0","59.11","33.31"
"65","000","00","001","0121","0954","616","376","240","15","631","1050","0","60.1","35.81"
"65","000","00","001","0121","0955","553","335","218","15","568","942","0","60.3","35.56"
"65","000","00","001","0122","0000","2143","1323","820","105","2248","3677","0","61.14","35.98"
"65","000","00","001","0122","0956","681","432","249","34","715","1133","0","63.11","38.13"
"65","000","00","001","0122","0957","704","408","296","40","744","1251","0","59.47","32.61"
"65","000","00","001","0122","0958","758","483","275","31","789","1293","0","61.02","37.35"
"65","000","00","001","0123","0000","1852","1105","747","128","1980","3492","0","56.7","31.64"
"65","000","00","001","0123","0959","629","374","255","31","660","1208","0","54.64","30.96"
"65","000","00","001","0123","0960","670","398","272","46","716","1223","0","58.54","32.54"
"65","000","00","001","0123","0961","553","333","220","51","604","1061","0","56.93","31.39"
"65","000","00","001","0124","0000","2186","1423","763","82","2268","3596","0","63.07","39.57"
"65","000","00","001","0124","0964","700","437","263","23","723","1120","0","64.55","39.02"
"65","000","00","001","0124","0965","664","421","243","30","694","1091","0","63.61","38.59"
"65","000","00","001","0124","0966","822","565","257","29","851","1385","0","61.44","40.79"
"65","000","00","001","0125","0000","1392","878","514","62","1454","2269","0","64.08","38.7"
"65","000","00","001","0125","0969","739","465","274","25","764","1191","0","64.15","39.04"
"65","000","00","001","0125","0970","653","413","240","37","690","1078","0","64.01","38.31"
"65","000","00","001","0126","0000","1507","940","567","82","1589","2673","0","59.45","35.17"
"65","000","00","001","0126","0971","762","487","275","44","806","1351","0","59.66","36.05"
"65","000","00","001","0126","0972","745","453","292","38","783","1322","0","59.23","34.27"
"65","000","00","001","0127","0000","1154","740","414","65","1219","1897","0","64.26","39.01"
"65","000","00","001","0127","0973","498","312","186","30","528","868","0","60.83","35.94"
"65","000","00","001","0127","0974","656","428","228","35","691","1029","0","67.15","41.59"
"65","000","00","001","0128","0000","3417","2114","1303","156","3573","6157","0","58.03","34.33"
"65","000","00","001","0128","0975","904","604","300","33","937","1602","0","58.49","37.7"
"65","000","00","001","0128","0976","785","477","308","40","825","1362","0","60.57","35.02"
"65","000","00","001","0128","0977","903","536","367","58","961","1698","0","56.6","31.57"
"65","000","00","001","0128","0978","825","497","328","25","850","1495","0","56.86","33.24"
"65","000","00","001","0129","0000","2258","1372","886","122","2380","4360","0","54.59","31.47"
"65","000","00","001","0129","0979","808","484","324","42","850","1522","0","55.85","31.8"
"65","000","00","001","0129","0980","705","427","278","51","756","1279","0","59.11","33.39"
"65","000","00","001","0129","0981","745","461","284","29","774","1559","0","49.65","29.57"
"65","000","00","001","0130","0000","2416","1411","1005","133","2549","4788","0","53.24","29.47"
"65","000","00","001","0130","0982","777","459","318","53","830","1537","0","54.0","29.86"
"65","000","00","001","0130","0983","743","432","311","50","793","1531","0","51.8","28.22"
"65","000","00","001","0130","0984","896","520","376","30","926","1720","0","53.84","30.23"
"65","000","00","001","0131","0000","2964","1836","1128","128","3092","5277","0","58.59","34.79"
"65","000","00","001","0131","0985","619","358","261","31","650","1165","0","55.79","30.73"
"65","000","00","001","0131","0986","1120","725","395","41","1161","1857","0","62.52","39.04"
"65","000","00","001","0131","0987","587","376","211","39","626","1078","0","58.07","34.88"
"65","000","00","001","0131","0988","638","377","261","17","655","1177","0","55.65","32.03"
"65","000","00","001","0132","0000","1821","1108","713","108","1929","3253","0","59.3","34.06"
"65","000","00","001","0132","0989","996","600","396","55","1051","1798","0","58.45","33.37"
"65","000","00","001","0132","0990","825","508","317","53","878","1455","0","60.34","34.91"
"65","000","00","001","0133","0000","2352","1443","909","88","2440","4295","0","56.81","33.6"
"65","000","00","001","0133","0993","902","532","370","25","927","1600","0","57.94","33.25"
"65","000","00","001","0133","0994","746","488","258","24","770","1409","0","54.65","34.63"
"65","000","00","001","0133","0995","704","423","281","39","743","1286","0","57.78","32.89"
"65","000","00","001","0134","0000","1217","726","491","90","1307","2547","0","51.32","28.5"
"65","000","00","001","0134","0996","607","372","235","67","674","1359","0","49.6","27.37"
"65","000","00","001","0134","0997","610","354","256","23","633","1188","0","53.28","29.8"
"65","000","00","001","0135","0000","3735","2254","1481","160","3895","6884","0","56.58","32.74"
"65","000","00","001","0135","0998","858","546","312","41","899","1627","0","55.26","33.56"
"65","000","00","001","0135","0999","833","498","335","26","859","1633","0","52.6","30.5"
"65","000","00","001","0135","1000","1042","612","430","43","1085","1814","0","59.81","33.74"
"65","000","00","001","0135","1001","1002","598","404","50","1052","1810","0","58.12","33.04"
"65","000","00","001","0136","0000","1816","1073","743","119","1935","3315","0","58.37","32.37"
"65","000","00","001","0136","1005","598","363","235","43","641","1130","0","56.73","32.12"
"65","000","00","001","0136","1006","620","351","269","40","660","1056","0","62.5","33.24"
"65","000","00","001","0136","1007","598","359","239","36","634","1129","0","56.16","31.8"
"65","000","00","001","0137","0000","3595","2183","1412","155","3750","6233","0","60.16","35.02"
"65","000","00","001","0137","1008","935","581","354","49","984","1713","0","57.44","33.92"
"65","000","00","001","0137","1009","900","538","362","48","948","1622","0","58.45","33.17"
"65","000","00","001","0137","1010","860","510","350","37","897","1427","0","62.86","35.74"
"65","000","00","001","0137","1011","900","554","346","21","921","1471","0","62.61","37.66"
"65","000","00","001","0138","0000","1524","945","579","101","1625","2637","0","61.62","35.84"
"65","000","00","001","0138","1015","453","279","174","23","476","828","0","57.49","33.7"
"65","000","00","001","0138","1016","475","288","187","46","521","820","0","63.54","35.12"
"65","000","00","001","0138","1017","596","378","218","32","628","989","0","63.5","38.22"
"65","000","00","001","0139","0000","2382","1453","929","127","2509","4257","0","58.94","34.13"
"65","000","00","001","0139","1018","566","336","230","37","603","1023","0","58.94","32.84"
"65","000","00","001","0139","1019","575","359","216","32","607","1044","0","58.14","34.39"
"65","000","00","001","0139","1020","540","335","205","36","576","968","0","59.5","34.61"
"65","000","00","001","0139","1021","701","423","278","22","723","1222","0","59.17","34.62"
"65","000","00","001","0140","0000","1582","996","586","91","1673","2970","0","56.33","33.54"
"65","000","00","001","0140","1022","738","470","268","43","781","1385","0","56.39","33.94"
"65","000","00","001","0140","1023","844","526","318","48","892","1585","0","56.28","33.19"
"65","000","00","001","0141","0000","2027","1257","770","102","2129","3646","0","58.39","34.48"
"65","000","00","001","0141","1024","949","576","373","47","996","1840","0","54.13","31.3"
"65","000","00","001","0141","1025","1078","681","397","55","1133","1806","0","62.74","37.71"
"65","000","00","001","0142","0000","2414","1468","946","154","2568","4482","0","57.3","32.75"
"65","000","00","001","0142","1026","798","487","311","60","858","1506","0","56.97","32.34"
"65","000","00","001","0142","1027","786","474","312","43","829","1476","0","56.17","32.11"
"65","000","00","001","0142","1028","830","507","323","51","881","1500","0","58.73","33.8"
"65","000","00","001","0143","0000","1745","1003","742","85","1830","3108","0","58.88","32.27"
"65","000","00","001","0143","1031","876","479","397","33","909","1601","0","56.78","29.92"
"65","000","00","001","0143","1032","869","524","345","52","921","1507","0","61.11","34.77"
"65","000","00","001","0144","0000","5002","3023","1979","190","5192","8859","0","58.61","34.12"
"65","000","00","001","0144","1035","1050","654","396","53","1103","1822","0","60.54","35.89"
"65","000","00","001","0144","1036","950","576","374","52","1002","1605","0","62.43","35.89"
"65","000","00","001","0144","1037","886","548","338","26","912","1549","0","58.88","35.38"
"65","000","00","001","0144","1038","1052","596","456","29","1081","1948","0","55.49","30.6"
"65","000","00","001","0144","1039","1064","649","415","30","1094","1935","0","56.54","33.54"
"65","000","00","001","0145","0000","1166","738","428","56","1222","2192","0","55.75","33.67"
"65","000","00","001","0145","1040","580","357","223","31","611","1097","0","55.7","32.54"
"65","000","00","001","0145","1041","586","381","205","25","611","1095","0","55.8","34.79"
"65","000","00","001","0146","0000","2046","1227","819","88","2134","3603","0","59.23","34.05"
"65","000","00","001","0146","1044","633","383","250","33","666","1187","0","56.11","32.27"
"65","000","00","001","0146","1045","665","389","276","27","692","1154","0","59.97","33.71"
"65","000","00","001","0146","1046","748","455","293","28","776","1262","0","61.49","36.05"
"65","000","00","001","0147","0000","1448","875","573","88","1536","2681","0","57.29","32.64"
"65","000","00","001","0147","1047","686","408","278","41","727","1271","0","57.2","32.1"
"65","000","00","001","0147","1048","762","467","295","47","809","1410","0","57.38","33.12"
"65","000","00","001","0148","0000","2844","1755","1089","187","3031","5365","0","56.5","32.71"
"65","000","00","001","0148","1049","869","526","343","48","917","1745","0","52.55","30.14"
"65","000","00","001","0148","1050","983","606","377","77","1060","1867","0","56.78","32.46"
"65","000","00","001","0148","1051","992","623","369","62","1054","1753","0","60.13","35.54"
"65","000","00","001","0149","0000","677","382","295","49","726","1204","0","60.3","31.73"
"65","000","00","001","0149","1052","677","382","295","49","726","1204","0","60.3","31.73"
"65","000","00","001","0150","0000","3014","1741","1273","160","3174","5455","0","58.19","31.92"
"65","000","00","001","0150","1053","845","505","340","42","887","1614","0","54.96","31.29"
"65","000","00","001","0150","1054","703","396","307","39","742","1237","0","59.98","32.01"
"65","000","00","001","0150","1055","766","448","318","52","818","1361","0","60.1","32.92"
"65","000","00","001","0150","1056","700","392","308","27","727","1243","0","58.49","31.54"
"65","000","00","001","0151","0000","2185","1256","929","114","2299","3979","0","57.78","31.57"
"65","000","00","001","0151","1057","770","450","320","30","800","1515","0","52.81","29.7"
"65","000","00","001","0151","1058","860","495","365","51","911","1515","0","60.13","32.67"
"65","000","00","001","0151","1059","555","311","244","33","588","949","0","61.96","32.77"
"65","000","00","001","0152","0000","1942","1285","657","86","2028","3768","0","53.82","34.1"
"65","000","00","001","0152","1060","869","630","239","38","907","1629","0","55.68","38.67"
"65","000","00","001","0152","1061","690","409","281","33","723","1238","0","58.4","33.04"
"65","000","00","001","0152","1062","383","246","137","15","398","901","0","44.17","27.3"
"65","000","00","001","0153","0000","1604","943","661","92","1696","2956","0","57.37","31.9"
"65","000","00","001","0153","1063","819","466","353","43","862","1475","0","58.44","31.59"
"65","000","00","001","0153","1064","785","477","308","49","834","1481","0","56.31","32.21"
"65","000","00","001","0154","0000","3037","1834","1203","151","3188","5602","0","56.91","32.74"
"65","000","00","001","0154","1065","923","557","366","41","964","1800","0","53.56","30.94"
"65","000","00","001","0154","1066","862","532","330","52","914","1630","0","56.07","32.64"
"65","000","00","001","0154","1067","757","453","304","26","783","1298","0","60.32","34.9"
"65","000","00","001","0154","1068","495","292","203","32","527","874","0","60.3","33.41"
"65","000","00","001","0155","0000","1487","885","602","76","1563","2581","0","60.56","34.29"
"65","000","00","001","0155","1071","819","496","323","48","867","1451","0","59.75","34.18"
"65","000","00","001","0155","1072","668","389","279","28","696","1130","0","61.59","34.42"
"65","000","00","001","0156","0000","1659","988","671","98","1757","2971","0","59.14","33.25"
"65","000","00","001","0156","1073","816","481","335","33","849","1440","0","58.96","33.4"
"65","000","00","001","0156","1074","843","507","336","65","908","1531","0","59.31","33.12"
"65","000","00","001","0157","0000","3745","2319","1426","153","3898","6492","0","60.04","35.72"
"65","000","00","001","0157","1077","662","415","247","23","685","1174","0","58.35","35.35"
"65","000","00","001","0157","1078","691","441","250","35","726","1228","0","59.12","35.91"
"65","000","00","001","0157","1079","692","422","270","28","720","1187","0","60.66","35.55"
"65","000","00","001","0157","1080","503","299","204","35","538","870","0","61.84","34.37"
"65","000","00","001","0157","1081","1197","742","455","32","1229","2033","0","60.45","36.5"
"65","000","00","001","0158","0000","1327","801","526","69","1396","2493","0","56.0","32.13"
"65","000","00","001","0158","1082","732","442","290","40","772","1418","0","54.44","31.17"
"65","000","00","001","0158","1083","595","359","236","29","624","1075","0","58.05","33.4"
"65","000","00","001","0159","0000","2380","1426","954","133","2513","4561","0","55.1","31.27"
"65","000","00","001","0159","1086","1001","594","407","54","1055","1893","0","55.73","31.38"
"65","000","00","001","0159","1087","681","416","265","41","722","1302","0","55.45","31.95"
"65","000","00","001","0159","1088","698","416","282","38","736","1366","0","53.88","30.45"
"65","000","00","001","0160","0000","1419","827","592","101","1520","2518","0","60.37","32.84"
"65","000","00","001","0160","1089","772","446","326","56","828","1318","0","62.82","33.84"
"65","000","00","001","0160","1090","647","381","266","45","692","1200","0","57.67","31.75"
"65","000","00","001","0161","0000","2063","1224","839","105","2168","3774","0","57.45","32.43"
"65","000","00","001","0161","1091","1105","625","480","37","1142","2028","0","56.31","30.82"
"65","000","00","001","0161","1092","958","599","359","68","1026","1746","0","58.76","34.31"
"65","000","00","001","0162","0000","1722","1045","677","83","1805","2981","0","60.55","35.06"
"65","000","00","001","0162","1095","784","483","301","37","821","1418","0","57.9","34.06"
"65","000","00","001","0162","1096","938","562","376","46","984","1563","0","62.96","35.96"
"65","000","00","001","0163","0000","1849","1120","729","104","1953","3487","0","56.01","32.12"
"65","000","00","001","0163","1097","923","579","344","64","987","1780","0","55.45","32.53"
"65","000","00","001","0163","1098","926","541","385","40","966","1707","0","56.59","31.69"
"65","000","00","001","0164","0000","1554","934","620","88","1642","3051","0","53.82","30.61"
"65","000","00","001","0164","1099","377","241","136","10","387","906","0","42.72","26.6"
"65","000","00","001","0164","1100","554","327","227","43","597","1030","0","57.96","31.75"
"65","000","00","001","0164","1101","623","366","257","35","658","1115","0","59.01","32.83"
"65","000","00","001","0165","0000","3896","2359","1537","144","4040","7165","0","56.39","32.92"
"65","000","00","001","0165","1102","988","615","373","20","1008","1836","0","54.9","33.5"
"65","000","00","001","0165","1103","992","581","411","61","1053","1881","0","55.98","30.89"
"65","000","00","001","0165","1104","914","544","370","28","942","1688","0","55.81","32.23"
"65","000","00","001","0165","1105","1002","619","383","35","1037","1760","0","58.92","35.17"
"65","000","00","001","0166","0000","1912","1152","760","96","2008","3186","0","63.03","36.16"
"65","000","00","001","0166","1106","624","384","240","32","656","1044","0","62.84","36.78"
"65","000","00","001","0166","1107","631","381","250","28","659","1043","0","63.18","36.53"
"65","000","00","001","0166","1108","657","387","270","36","693","1099","0","63.06","35.21"
"65","000","00","001","0167","0000","1309","771","538","78","1387","2391","0","58.01","32.25"
"65","000","00","001","0167","1109","675","389","286","53","728","1260","0","57.78","30.87"
"65","000","00","001","0167","1110","634","382","252","25","659","1131","0","58.27","33.78"
"65","000","00","001","0168","0000","2267","1372","895","94","2361","3947","0","59.82","34.76"
"65","000","00","001","0168","1111","693","421","272","28","721","1225","0","58.86","34.37"
"65","000","00","001","0168","1112","876","524","352","34","910","1455","0","62.54","36.01"
"65","000","00","001","0168","1113","698","427","271","32","730","1267","0","57.62","33.7"
"65","000","00","001","0169","0000","2179","1341","838","111","2290","3832","0","59.76","34.99"
"65","000","00","001","0169","1116","630","396","234","18","648","1111","0","58.33","35.64"
"65","000","00","001","0169","1117","735","474","261","45","780","1177","0","66.27","40.27"
"65","000","00","001","0169","1118","814","471","343","48","862","1544","0","55.83","30.51"
"65","000","00","001","0170","0000","2224","1305","919","76","2300","4087","0","56.28","31.93"
"65","000","00","001","0170","1121","808","470","338","25","833","1504","0","55.39","31.25"
"65","000","00","001","0170","1122","713","430","283","32","745","1373","0","54.26","31.32"
"65","000","00","001","0170","1123","703","405","298","19","722","1210","0","59.67","33.47"
"65","000","00","001","0171","0000","1800","1137","663","94","1894","3360","0","56.37","33.84"
"65","000","00","001","0171","1124","919","578","341","43","962","1809","0","53.18","31.95"
"65","000","00","001","0171","1125","881","559","322","51","932","1551","0","60.09","36.04"
"65","000","00","001","0172","0000","2243","1380","863","81","2324","3795","0","61.24","36.36"
"65","000","00","001","0172","1126","789","481","308","31","820","1408","0","58.24","34.16"
"65","000","00","001","0172","1127","757","468","289","26","783","1285","0","60.93","36.42"
"65","000","00","001","0172","1128","697","431","266","24","721","1102","0","65.43","39.11"
"65","000","00","001","0173","0000","1637","1034","603","83","1720","3091","0","55.65","33.45"
"65","000","00","001","0173","1129","721","452","269","29","750","1399","0","53.61","32.31"
"65","000","00","001","0173","1130","916","582","334","54","970","1692","0","57.33","34.4"
"65","000","00","001","0174","0000","2529","1565","964","117","2646","4478","0","59.09","34.95"
"65","000","00","001","0174","1133","696","426","270","35","731","1246","0","58.67","34.19"
"65","000","00","001","0174","1134","844","520","324","34","878","1471","0","59.69","35.35"
"65","000","00","001","0174","1135","989","619","370","48","1037","1761","0","58.89","35.15"
"65","000","00","001","0175","0000","1585","938","647","90","1675","3027","0","55.34","30.99"
"65","000","00","001","0175","1136","817","489","328","45","862","1499","0","57.51","32.62"
"65","000","00","001","0175","1137","768","449","319","45","813","1528","0","53.21","29.38"
"65","000","00","001","0176","0000","1749","1065","684","81","1830","3086","0","59.3","34.51"
"65","000","00","001","0176","1138","876","523","353","46","922","1536","0","60.03","34.05"
"65","000","00","001","0176","1139","873","542","331","35","908","1550","0","58.58","34.97"
"65","000","00","001","0177","0000","1857","1107","750","106","1963","3350","0","58.6","33.04"
"65","000","00","001","0177","1140","1120","662","458","66","1186","2050","0","57.85","32.29"
"65","000","00","001","0177","1141","737","445","292","40","777","1300","0","59.77","34.23"
"65","000","00","001","0178","0000","3182","1973","1209","135","3317","5917","0","56.06","33.34"
"65","000","00","001","0178","1142","851","544","307","37","888","1537","0","57.77","35.39"
"65","000","00","001","0178","1143","705","438","267","29","734","1341","0","54.74","32.66"
"65","000","00","001","0178","1144","891","525","366","29","920","1606","0","57.29","32.69"
"65","000","00","001","0178","1145","735","466","269","40","775","1433","0","54.08","32.52"
"65","000","00","001","0179","0000","2228","1396","832","118","2346","4105","0","57.15","34.01"
"65","000","00","001","0179","1146","870","532","338","38","908","1685","0","53.89","31.57"
"65","000","00","001","0179","1147","728","457","271","46","774","1248","0","62.02","36.62"
"65","000","00","001","0179","1148","630","407","223","34","664","1172","0","56.66","34.73"
"65","000","00","001","0180","0000","4045","2457","1588","191","4236","7527","0","56.28","32.64"
"65","000","00","001","0180","1149","798","485","313","36","834","1640","0","50.85","29.57"
"65","000","00","001","0180","1150","794","509","285","31","825","1428","0","57.77","35.64"
"65","000","00","001","0180","1151","837","466","371","48","885","1527","0","57.96","30.52"
"65","000","00","001","0180","1152","770","474","296","24","794","1350","0","58.81","35.11"
"65","000","00","001","0180","1153","846","523","323","52","898","1582","0","56.76","33.06"
"65","000","00","001","0181","0000","1727","1131","596","64","1791","2823","0","63.44","40.06"
"65","000","00","001","0181","1154","573","367","206","30","603","919","0","65.61","39.93"
"65","000","00","001","0181","1155","549","367","182","15","564","930","0","60.65","39.46"
"65","000","00","001","0181","1156","605","397","208","19","624","974","0","64.07","40.76"
"65","000","00","001","0182","0000","1724","1072","652","97","1821","3170","0","57.44","33.82"
"65","000","00","001","0182","1157","969","612","357","43","1012","1732","0","58.43","35.33"
"65","000","00","001","0182","1158","755","460","295","54","809","1438","0","56.26","31.99"
"65","000","00","001","0183","0000","1785","1102","683","75","1860","3541","0","52.53","31.12"
"65","000","00","001","0183","1159","931","567","364","45","976","1777","0","54.92","31.91"
"65","000","00","001","0183","1160","854","535","319","30","884","1764","0","50.11","30.33"
"65","000","00","001","0184","0000","1990","1197","793","102","2092","3712","0","56.36","32.25"
"65","000","00","001","0184","1164","952","590","362","59","1011","1870","0","54.06","31.55"
"65","000","00","001","0184","1165","1038","607","431","43","1081","1842","0","58.69","32.95"
"65","000","00","001","0185","0000","1256","776","480","71","1327","2322","0","57.15","33.42"
"65","000","00","001","0185","1166","613","377","236","35","648","1094","0","59.23","34.46"
"65","000","00","001","0185","1167","643","399","244","36","679","1228","0","55.29","32.49"
"65","000","00","001","0186","0000","3272","1955","1317","144","3416","6224","0","54.88","31.41"
"65","000","00","001","0186","1170","819","494","325","40","859","1622","0","52.96","30.46"
"65","000","00","001","0186","1171","695","448","247","32","727","1205","0","60.33","37.18"
"65","000","00","001","0186","1172","881","490","391","40","921","1787","0","51.54","27.42"
"65","000","00","001","0186","1173","877","523","354","32","909","1610","0","56.46","32.48"
"65","000","00","001","0187","0000","3605","2140","1465","129","3734","6600","0","56.58","32.42"
"65","000","00","001","0187","1174","1287","743","544","30","1317","2216","0","59.43","33.53"
"65","000","00","001","0187","1175","1225","740","485","45","1270","2294","0","55.36","32.26"
"65","000","00","001","0187","1176","1093","657","436","54","1147","2090","0","54.88","31.44"
"65","000","00","001","0188","0000","1997","1241","756","88","2085","3742","0","55.72","33.16"
"65","000","00","001","0188","1177","655","421","234","27","682","1356","0","50.29","31.05"
"65","000","00","001","0188","1178","610","388","222","34","644","1067","0","60.36","36.36"
"65","000","00","001","0188","1179","732","432","300","27","759","1319","0","57.54","32.75"
"65","000","00","001","0189","0000","1811","1106","705","87","1898","3368","0","56.35","32.84"
"65","000","00","001","0189","1180","718","444","274","26","744","1316","0","56.53","33.74"
"65","000","00","001","0189","1181","614","397","217","39","653","1195","0","54.64","33.22"
"65","000","00","001","0189","1182","479","265","214","22","501","857","0","58.46","30.92"
"65","000","00","001","0190","0000","2517","1476","1041","183","2700","4724","0","57.15","31.24"
"65","000","00","001","0190","1183","723","428","295","53","776","1417","0","54.76","30.2"
"65","000","00","001","0190","1184","848","490","358","65","913","1560","0","58.53","31.41"
"65","000","00","001","0190","1185","946","558","388","65","1011","1747","0","57.87","31.94"
"65","000","00","001","0191","0000","2181","1275","906","92","2273","3735","0","60.86","34.14"
"65","000","00","001","0191","1186","711","431","280","37","748","1176","0","63.61","36.65"
"65","000","00","001","0191","1187","631","346","285","27","658","1101","0","59.76","31.43"
"65","000","00","001","0191","1188","839","498","341","28","867","1458","0","59.47","34.16"
"65","000","00","001","0192","0000","3135","1876","1259","184","3319","5591","0","59.36","33.55"
"65","000","00","001","0192","1192","615","358","257","18","633","1120","0","56.52","31.96"
"65","000","00","001","0192","1193","595","344","251","60","655","1022","0","64.09","33.66"
"65","000","00","001","0192","1194","593","362","231","51","644","1049","0","61.39","34.51"
"65","000","00","001","0192","1195","568","345","223","27","595","1007","0","59.09","34.26"
"65","000","00","001","0192","1196","764","467","297","28","792","1393","0","56.86","33.52"
"65","000","00","001","0193","0000","447","256","191","55","502","974","0","51.54","26.28"
"65","000","00","001","0193","1197","168","91","77","34","202","474","0","42.62","19.2"
"65","000","00","001","0193","1198","279","165","114","21","300","500","0","60.0","33.0"
"65","000","00","001","0194","0000","1945","1186","759","95","2040","3502","0","58.25","33.87"
"65","000","00","001","0194","1199","616","371","245","32","648","1177","0","55.06","31.52"
"65","000","00","001","0194","1200","660","424","236","26","686","1186","0","57.84","35.75"
"65","000","00","001","0194","1201","669","391","278","37","706","1139","0","61.98","34.33"
"65","000","00","001","0195","0000","2101","1275","826","102","2203","5201","0","42.36","24.51"
"65","000","00","001","0195","1202","927","559","368","44","971","1750","0","55.49","31.94"
"65","000","00","001","0195","1203","1174","716","458","58","1232","3451","0","35.7","20.75"
"65","000","00","001","0196","0000","2443","1467","976","125","2568","4730","0","54.29","31.01"
"65","000","00","001","0196","1204","805","488","317","56","861","1620","0","53.15","30.12"
"65","000","00","001","0196","1205","452","278","174","24","476","903","0","52.71","30.79"
"65","000","00","001","0196","1206","695","408","287","27","722","1232","0","58.6","33.12"
"65","000","00","001","0196","1207","491","293","198","18","509","975","0","52.21","30.05"
"65","000","00","001","0197","0000","1374","868","506","57","1431","2515","0","56.9","34.51"
"65","000","00","001","0197","1208","664","414","250","29","693","1224","0","56.62","33.82"
"65","000","00","001","0197","1209","710","454","256","28","738","1291","0","57.16","35.17"
"65","000","00","001","0198","0000","4260","2479","1781","193","4453","8555","0","52.05","28.98"
"65","000","00","001","0198","1210","898","507","391","38","936","1828","0","51.2","27.74"
"65","000","00","001","0198","1211","837","504","333","52","889","1725","0","51.54","29.22"
"65","000","00","001","0198","1212","530","309","221","27","557","1085","0","51.34","28.48"
"65","000","00","001","0198","1213","1168","694","474","54","1222","2357","0","51.85","29.44"
"65","000","00","001","0198","1214","827","465","362","22","849","1560","0","54.42","29.81"
"65","000","00","001","0199","0000","2649","1579","1070","110","2759","5152","0","53.55","30.65"
"65","000","00","001","0199","1218","931","557","374","30","961","1763","0","54.51","31.59"
"65","000","00","001","0199","1219","881","533","348","22","903","1744","0","51.78","30.56"
"65","000","00","001","0199","1220","837","489","348","58","895","1645","0","54.41","29.73"
"65","000","00","001","01A0","0000","1760","1057","703","83","1843","3118","0","59.11","33.9"
"65","000","00","001","01A0","1228","844","513","331","45","889","1566","0","56.77","32.76"
"65","000","00","001","01A0","1229","916","544","372","38","954","1552","0","61.47","35.05"
"65","000","00","001","01A1","0000","1289","791","498","85","1374","2270","0","60.53","34.85"
"65","000","00","001","01A1","0913","612","360","252","31","643","1026","0","62.67","35.09"
"65","000","00","001","01A1","0914","677","431","246","54","731","1244","0","58.76","34.65"
"65","000","00","001","01A2","0000","2255","1371","884","124","2379","3821","0","62.26","35.88"
"65","000","00","001","01A2","0933","694","426","268","38","732","1238","0","59.13","34.41"
"65","000","00","001","01A2","0934","837","506","331","51","888","1389","0","63.93","36.43"
"65","000","00","001","01A2","0935","724","439","285","35","759","1194","0","63.57","36.77"
"65","000","00","001","01A3","0000","1573","977","596","75","1648","2740","0","60.15","35.66"
"65","000","00","001","01A3","0962","855","509","346","38","893","1515","0","58.94","33.6"
"65","000","00","001","01A3","0963","718","468","250","37","755","1225","0","61.63","38.2"
"65","000","00","001","01A4","0000","1611","959","652","100","1711","2949","0","58.02","32.52"
"65","000","00","001","01A4","0991","718","433","285","53","771","1245","0","61.93","34.78"
"65","000","00","001","01A4","0992","893","526","367","47","940","1704","0","55.16","30.87"
"65","000","00","001","01A5","0000","1835","1130","705","45","1880","3134","0","59.99","36.06"
"65","000","00","001","01A5","1012","642","399","243","15","657","1076","0","61.06","37.08"
"65","000","00","001","01A5","1013","523","324","199","10","533","979","0","54.44","33.09"
"65","000","00","001","01A5","1014","670","407","263","20","690","1079","0","63.95","37.72"
"65","000","00","001","01A6","0000","1436","870","566","74","1510","2493","0","60.57","34.9"
"65","000","00","001","01A6","1033","768","461","307","52","820","1315","0","62.36","35.06"
"65","000","00","001","01A6","1034","668","409","259","22","690","1178","0","58.57","34.72"
"65","000","00","001","01A7","0000","1239","752","487","38","1277","2026","0","63.03","37.12"
"65","000","00","001","01A7","1069","584","338","246","13","597","992","0","60.18","34.07"
"65","000","00","001","01A7","1070","655","414","241","25","680","1034","0","65.76","40.04"
"65","000","00","001","01A8","0000","1561","993","568","59","1620","2697","0","60.07","36.82"
"65","000","00","001","01A8","1084","810","512","298","33","843","1515","0","55.64","33.8"
"65","000","00","001","01A8","1085","751","481","270","26","777","1182","0","65.74","40.69"
"65","000","00","001","01A9","0000","1141","691","450","64","1205","1966","0","61.29","35.15"
"65","000","00","001","01A9","1114","566","335","231","32","598","972","0","61.52","34.47"
"65","000","00","001","01A9","1115","575","356","219","32","607","994","0","61.07","35.81"
"65","000","00","001","01B0","0000","1886","1110","776","83","1969","3337","0","59.01","33.26"
"65","000","00","001","01B0","1131","974","587","387","26","1000","1625","0","61.54","36.12"
"65","000","00","001","01B0","1132","912","523","389","57","969","1712","0","56.6","30.55"
"65","000","00","001","01B1","0000","1194","752","442","57","1251","1860","0","67.26","40.43"
"65","000","00","001","01B1","1168","643","411","232","33","676","998","0","67.74","41.18"
"65","000","00","001","01B1","1169","551","341","210","24","575","862","0","66.71","39.56"
"65","000","00","001","01B2","0000","1900","1132","768","83","1983","3778","0","52.49","29.96"
"65","000","00","001","01B2","1230","961","568","393","34","995","1885","0","52.79","30.13"
"65","000","00","001","01B2","1231","939","564","375","49","988","1893","0","52.19","29.79"
"65","000","00","001","01B3","0000","2650","1804","846","72","2722","5613","0","48.49","32.14"
"65","000","00","001","01B3","1215","990","604","386","21","1011","2201","0","45.93","27.44"
"65","000","00","001","01B3","1216","844","507","337","30","874","1626","0","53.75","31.18"
"65","000","00","001","01B3","1217","816","693","123","21","837","1786","0","46.86","38.8"
"65","000","00","001","01B4","0000","1239","784","455","38","1277","2314","0","55.19","33.88"
"65","000","00","001","01B4","0926","630","385","245","17","647","1215","0","53.25","31.69"
"65","000","00","001","01B4","0927","609","399","210","21","630","1099","0","57.32","36.31"
"65","000","00","001","01B5","0000","1070","686","384","89","1159","1793","0","64.64","38.26"
"65","000","00","001","01B5","0945","475","315","160","35","510","796","0","64.07","39.57"
"65","000","00","001","01B5","0946","595","371","224","54","649","997","0","65.1","37.21"
"65","000","00","001","01B6","0000","1416","865","551","104","1520","2487","0","61.12","34.78"
"65","000","00","001","01B6","0967","750","465","285","46","796","1283","0","62.04","36.24"
"65","000","00","001","01B6","0968","666","400","266","58","724","1204","0","60.13","33.22"
"65","000","00","001","01B7","0000","1748","1086","662","97","1845","3024","0","61.01","35.91"
"65","000","00","001","01B7","1002","623","405","218","44","667","1133","0","58.87","35.75"
"65","000","00","001","01B7","1003","495","292","203","18","513","841","0","61.0","34.72"
"65","000","00","001","01B7","1004","630","389","241","35","665","1050","0","63.33","37.05"
"65","000","00","001","01B8","0000","1222","763","459","86","1308","2059","0","63.53","37.06"
"65","000","00","001","01B8","1029","653","387","266","52","705","1096","0","64.32","35.31"
"65","000","00","001","01B8","1030","569","376","193","34","603","963","0","62.62","39.04"
"65","000","00","001","01B9","0000","1776","1108","668","114","1890","3428","0","55.13","32.32"
"65","000","00","001","01B9","1042","858","538","320","67","925","1678","0","55.13","32.06"
"65","000","00","001","01B9","1043","918","570","348","47","965","1750","0","55.14","32.57"
"65","000","00","001","01C0","0000","1673","983","690","66","1739","2942","0","59.11","33.41"
"65","000","00","001","01C0","1075","827","477","350","39","866","1349","0","64.2","35.36"
"65","000","00","001","01C0","1076","846","506","340","27","873","1593","0","54.8","31.76"
"65","000","00","001","01C1","0000","1772","1067","705","61","1833","3428","0","53.47","31.13"
"65","000","00","001","01C1","1093","978","573","405","23","1001","1954","0","51.23","29.32"
"65","000","00","001","01C1","1094","794","494","300","38","832","1474","0","56.45","33.51"
"65","000","00","001","01C2","0000","1108","675","433","85","1193","2061","0","57.88","32.75"
"65","000","00","001","01C2","1119","544","316","228","54","598","1021","0","58.57","30.95"
"65","000","00","001","01C2","1120","564","359","205","31","595","1040","0","57.21","34.52"
"65","000","00","001","01C3","0000","2054","1286","768","95","2149","3645","0","58.96","35.28"
"65","000","00","001","01C3","1161","727","440","287","21","748","1289","0","58.03","34.13"
"65","000","00","001","01C3","1162","654","422","232","42","696","1182","0","58.88","35.7"
"65","000","00","001","01C3","1163","673","424","249","32","705","1174","0","60.05","36.12"
"65","000","00","001","01C4","0000","6201","3778","2423","243","6444","12065","0","53.41","31.31"
"65","000","00","001","01C4","1221","914","547","367","25","939","1861","0","50.46","29.39"
"65","000","00","001","01C4","1222","781","480","301","29","810","1596","0","50.75","30.08"
"65","000","00","001","01C4","1223","968","579","389","46","1014","1871","0","54.2","30.95"
"65","000","00","001","01C4","1224","1005","621","384","45","1050","1938","0","54.18","32.04"
"65","000","00","001","01C4","1225","978","608","370","36","1014","1827","0","55.5","33.28"
"65","000","00","001","01C4","1226","702","433","269","21","723","1359","0","53.2","31.86"
"65","000","00","001","01C4","1227","853","510","343","41","894","1613","0","55.42","31.62"
"65","000","00","001","01C5","0000","1619","1010","609","102","1721","3241","0","53.1","31.16"
"65","000","00","001","01C5","1189","781","498","283","40","821","1630","0","50.37","30.55"
"65","000","00","001","01C5","1190","838","512","326","62","900","1611","0","55.87","31.78"
"65","000","00","001","01C6","0000","590","347","243","38","628","1139","0","55.14","30.47"
"65","000","00","001","01C6","1191","590","347","243","38","628","1139","0","55.14","30.47"
"65","000","00","002","0000","0000","174057","101972","72085","10832","184889","329846","386077","56.05","30.92"
"65","000","00","002","0201","0000","2547","1441","1106","147","2694","4753","0","56.68","30.32"
"65","000","00","002","0201","0659","770","420","350","40","810","1509","0","53.68","27.83"
"65","000","00","002","0201","0660","876","509","367","46","922","1591","0","57.95","31.99"
"65","000","00","002","0201","0661","901","512","389","61","962","1653","0","58.2","30.97"
"65","000","00","002","0202","0000","820","468","352","23","843","1459","0","57.78","32.08"
"65","000","00","002","0202","0665","820","468","352","23","843","1459","0","57.78","32.08"
"65","000","00","002","0203","0000","1178","664","514","88","1266","2090","0","60.57","31.77"
"65","000","00","002","0203","0666","572","311","261","47","619","1024","0","60.45","30.37"
"65","000","00","002","0203","0667","606","353","253","41","647","1066","0","60.69","33.11"
"65","000","00","002","0204","0000","532","312","220","37","569","856","0","66.47","36.45"
"65","000","00","002","0204","0668","532","312","220","37","569","856","0","66.47","36.45"
"65","000","00","002","0205","0000","1729","1033","696","98","1827","3533","0","51.71","29.24"
"65","000","00","002","0205","0671","941","545","396","57","998","1887","0","52.89","28.88"
"65","000","00","002","0205","0672","788","488","300","41","829","1646","0","50.36","29.65"
"65","000","00","002","0206","0000","212","116","96","11","223","358","0","62.29","32.4"
"65","000","00","002","0206","0673","212","116","96","11","223","358","0","62.29","32.4"
"65","000","00","002","0207","0000","3028","1759","1269","135","3163","5443","0","58.11","32.32"
"65","000","00","002","0207","0674","586","338","248","39","625","1039","0","60.15","32.53"
"65","000","00","002","0207","0675","649","372","277","30","679","1114","0","60.95","33.39"
"65","000","00","002","0207","0676","913","513","400","35","948","1588","0","59.7","32.3"
"65","000","00","002","0207","0677","880","536","344","31","911","1702","0","53.53","31.49"
"65","000","00","002","0208","0000","2680","1591","1089","138","2818","4778","0","58.98","33.3"
"65","000","00","002","0208","0678","745","431","314","42","787","1288","0","61.1","33.46"
"65","000","00","002","0208","0679","942","552","390","40","982","1629","0","60.28","33.89"
"65","000","00","002","0208","0680","993","608","385","56","1049","1861","0","56.37","32.67"
"65","000","00","002","0209","0000","1684","1039","645","105","1789","3108","0","57.56","33.43"
"65","000","00","002","0209","0683","851","542","309","55","906","1595","0","56.8","33.98"
"65","000","00","002","0209","0684","833","497","336","50","883","1513","0","58.36","32.85"
"65","000","00","002","0210","0000","3131","1838","1293","132","3263","8503","0","38.37","21.62"
"65","000","00","002","0210","0685","788","419","369","37","825","4433","0","18.61","9.45"
"65","000","00","002","0210","0686","715","443","272","34","749","1283","0","58.38","34.53"
"65","000","00","002","0210","0687","835","511","324","40","875","1430","0","61.19","35.73"
"65","000","00","002","0210","0688","793","465","328","21","814","1357","0","59.99","34.27"
"65","000","00","002","0211","0000","1035","607","428","58","1093","1846","0","59.21","32.88"
"65","000","00","002","0211","0689","548","331","217","25","573","963","0","59.5","34.37"
"65","000","00","002","0211","0690","487","276","211","33","520","883","0","58.89","31.26"
"65","000","00","002","0212","0000","1584","1026","558","129","1713","3110","0","55.08","32.99"
"65","000","00","002","0212","0691","790","493","297","65","855","1494","0","57.23","33.0"
"65","000","00","002","0212","0692","794","533","261","64","858","1616","0","53.09","32.98"
"65","000","00","002","0213","0000","2244","1329","915","129","2373","3998","0","59.35","33.24"
"65","000","00","002","0213","0693","722","416","306","40","762","1329","0","57.34","31.3"
"65","000","00","002","0213","0694","766","471","295","40","806","1289","0","62.53","36.54"
"65","000","00","002","0213","0695","756","442","314","49","805","1380","0","58.33","32.03"
"65","000","00","002","0214","0000","3258","1930","1328","150","3408","5679","0","60.01","33.98"
"65","000","00","002","0214","0696","929","544","385","33","962","1668","0","57.67","32.61"
"65","000","00","002","0214","0697","729","430","299","47","776","1226","0","63.3","35.07"
"65","000","00","002","0214","0698","828","495","333","29","857","1421","0","60.31","34.83"
"65","000","00","002","0214","0699","772","461","311","41","813","1364","0","59.6","33.8"
"65","000","00","002","0215","0000","2134","1235","899","136","2270","3736","0","60.76","33.06"
"65","000","00","002","0215","0700","692","406","286","42","734","1232","0","59.58","32.95"
"65","000","00","002","0215","0701","737","418","319","44","781","1248","0","62.58","33.49"
"65","000","00","002","0215","0702","705","411","294","50","755","1256","0","60.11","32.72"
"65","000","00","002","0216","0000","1739","1035","704","79","1818","3175","0","57.26","32.6"
"65","000","00","002","0216","0703","892","492","400","39","931","1506","0","61.82","32.67"
"65","000","00","002","0216","0704","847","543","304","40","887","1669","0","53.15","32.53"
"65","000","00","002","0217","0000","3095","1867","1228","214","3309","5489","0","60.28","34.01"
"65","000","00","002","0217","0705","711","427","284","49","760","1308","0","58.1","32.65"
"65","000","00","002","0217","0706","791","491","300","41","832","1263","0","65.87","38.88"
"65","000","00","002","0217","0707","775","461","314","65","840","1471","0","57.1","31.34"
"65","000","00","002","0217","0708","818","488","330","59","877","1447","0","60.61","33.72"
"65","000","00","002","0218","0000","2715","1596","1119","169","2884","5520","0","52.25","28.91"
"65","000","00","002","0218","0709","781","435","346","54","835","1693","0","49.32","25.69"
"65","000","00","002","0218","0710","1045","607","438","50","1095","2015","0","54.34","30.12"
"65","000","00","002","0218","0711","889","554","335","65","954","1812","0","52.65","30.57"
"65","000","00","002","0219","0000","1598","927","671","67","1665","2948","0","56.48","31.45"
"65","000","00","002","0219","0712","790","463","327","29","819","1509","0","54.27","30.68"
"65","000","00","002","0219","0713","808","464","344","38","846","1439","0","58.79","32.24"
"65","000","00","002","0220","0000","3486","2043","1443","160","3646","6530","0","55.83","31.29"
"65","000","00","002","0220","0714","790","473","317","36","826","1437","0","57.48","32.92"
"65","000","00","002","0220","0715","869","463","406","53","922","1697","0","54.33","27.28"
"65","000","00","002","0220","0716","900","544","356","37","937","1793","0","52.26","30.34"
"65","000","00","002","0220","0717","927","563","364","34","961","1603","0","59.95","35.12"
"65","000","00","002","0221","0000","1248","737","511","55","1303","2292","0","56.85","32.16"
"65","000","00","002","0221","0718","620","360","260","16","636","1166","0","54.55","30.87"
"65","000","00","002","0221","0719","628","377","251","39","667","1126","0","59.24","33.48"
"65","000","00","002","0222","0000","618","362","256","36","654","1291","0","50.66","28.04"
"65","000","00","002","0222","0720","618","362","256","36","654","1291","0","50.66","28.04"
"65","000","00","002","0223","0000","870","499","371","56","926","1597","0","57.98","31.25"
"65","000","00","002","0223","0721","870","499","371","56","926","1597","0","57.98","31.25"
"65","000","00","002","0224","0000","1166","670","496","89","1255","1992","0","63.0","33.63"
"65","000","00","002","0224","0722","610","356","254","55","665","1081","0","61.52","32.93"
"65","000","00","002","0224","0723","556","314","242","34","590","911","0","64.76","34.47"
"65","000","00","002","0225","0000","824","489","335","33","857","1719","0","49.85","28.45"
"65","000","00","002","0225","0724","824","489","335","33","857","1719","0","49.85","28.45"
"65","000","00","002","0226","0000","676","408","268","51","727","1289","0","56.4","31.65"
"65","000","00","002","0226","0725","676","408","268","51","727","1289","0","56.4","31.65"
"65","000","00","002","0227","0000","747","451","296","57","804","1318","0","61.0","34.22"
"65","000","00","002","0227","0726","747","451","296","57","804","1318","0","61.0","34.22"
"65","000","00","002","0228","0000","902","527","375","62","964","1822","0","52.91","28.92"
"65","000","00","002","0228","0727","902","527","375","62","964","1822","0","52.91","28.92"
"65","000","00","002","0229","0000","638","396","242","61","699","1185","0","58.99","33.42"
"65","000","00","002","0229","0728","638","396","242","61","699","1185","0","58.99","33.42"
"65","000","00","002","0230","0000","666","381","285","56","722","1369","0","52.74","27.83"
"65","000","00","002","0230","0729","666","381","285","56","722","1369","0","52.74","27.83"
"65","000","00","002","0231","0000","806","487","319","58","864","1507","0","57.33","32.32"
"65","000","00","002","0231","0730","806","487","319","58","864","1507","0","57.33","32.32"
"65","000","00","002","0232","0000","1004","586","418","66","1070","1876","0","57.04","31.24"
"65","000","00","002","0232","0731","508","307","201","47","555","926","0","59.94","33.15"
"65","000","00","002","0232","0732","496","279","217","19","515","950","0","54.21","29.37"
"65","000","00","002","0233","0000","849","349","500","49","898","1678","0","53.52","20.8"
"65","000","00","002","0233","0733","849","349","500","49","898","1678","0","53.52","20.8"
"65","000","00","002","0234","0000","576","332","244","62","638","1117","0","57.12","29.72"
"65","000","00","002","0234","0734","576","332","244","62","638","1117","0","57.12","29.72"
"65","000","00","002","0235","0000","668","401","267","44","712","1318","0","54.02","30.42"
"65","000","00","002","0235","0735","668","401","267","44","712","1318","0","54.02","30.42"
"65","000","00","002","0236","0000","767","416","351","34","801","1388","0","57.71","29.97"
"65","000","00","002","0236","0736","767","416","351","34","801","1388","0","57.71","29.97"
"65","000","00","002","0237","0000","554","310","244","46","600","1026","0","58.48","30.21"
"65","000","00","002","0237","0737","554","310","244","46","600","1026","0","58.48","30.21"
"65","000","00","002","0238","0000","1178","661","517","78","1256","2063","0","60.88","32.04"
"65","000","00","002","0238","0738","641","346","295","42","683","1096","0","62.32","31.57"
"65","000","00","002","0238","0739","537","315","222","36","573","967","0","59.26","32.57"
"65","000","00","002","0239","0000","1821","1080","741","105","1926","3534","0","54.5","30.56"
"65","000","00","002","0239","0740","945","563","382","41","986","1871","0","52.7","30.09"
"65","000","00","002","0239","0741","876","517","359","64","940","1663","0","56.52","31.09"
"65","000","00","002","0240","0000","656","412","244","27","683","1208","0","56.54","34.11"
"65","000","00","002","0240","0742","656","412","244","27","683","1208","0","56.54","34.11"
"65","000","00","002","0241","0000","1261","757","504","73","1334","2476","0","53.88","30.57"
"65","000","00","002","0241","0743","691","405","286","53","744","1398","0","53.22","28.97"
"65","000","00","002","0241","0744","570","352","218","20","590","1078","0","54.73","32.65"
"65","000","00","002","0242","0000","1270","739","531","110","1380","2495","0","55.31","29.62"
"65","000","00","002","0242","0745","563","345","218","50","613","1102","0","55.63","31.31"
"65","000","00","002","0242","0746","707","394","313","60","767","1393","0","55.06","28.28"
"65","000","00","002","0243","0000","1431","851","580","99","1530","2485","0","61.57","34.25"
"65","000","00","002","0243","0747","685","406","279","56","741","1251","0","59.23","32.45"
"65","000","00","002","0243","0748","746","445","301","43","789","1234","0","63.94","36.06"
"65","000","00","002","0244","0000","1773","1022","751","95","1868","3251","0","57.46","31.44"
"65","000","00","002","0244","0749","917","492","425","43","960","1661","0","57.8","29.62"
"65","000","00","002","0244","0750","856","530","326","52","908","1590","0","57.11","33.33"
"65","000","00","002","0245","0000","2140","1223","917","142","2282","3773","0","60.48","32.41"
"65","000","00","002","0245","0751","656","369","287","50","706","1182","0","59.73","31.22"
"65","000","00","002","0245","0752","767","420","347","51","818","1369","0","59.75","30.68"
"65","000","00","002","0245","0753","717","434","283","41","758","1222","0","62.03","35.52"
"65","000","00","002","0246","0000","682","421","261","61","743","1304","0","56.98","32.29"
"65","000","00","002","0246","0754","682","421","261","61","743","1304","0","56.98","32.29"
"65","000","00","002","0247","0000","534","314","220","32","566","1054","0","53.7","29.79"
"65","000","00","002","0247","0755","534","314","220","32","566","1054","0","53.7","29.79"
"65","000","00","002","0248","0000","861","504","357","58","919","1635","0","56.21","30.83"
"65","000","00","002","0248","0756","861","504","357","58","919","1635","0","56.21","30.83"
"65","000","00","002","0249","0000","887","524","363","50","937","1779","0","52.67","29.45"
"65","000","00","002","0249","0757","887","524","363","50","937","1779","0","52.67","29.45"
"65","000","00","002","0250","0000","882","503","379","53","935","1633","0","57.26","30.8"
"65","000","00","002","0250","0758","882","503","379","53","935","1633","0","57.26","30.8"
"65","000","00","002","0251","0000","1226","712","514","65","1291","2128","0","60.67","33.46"
"65","000","00","002","0251","0759","609","354","255","36","645","1107","0","58.27","31.98"
"65","000","00","002","0251","0760","617","358","259","29","646","1021","0","63.27","35.06"
"65","000","00","002","0252","0000","784","438","346","71","855","1649","0","51.85","26.56"
"65","000","00","002","0252","0761","784","438","346","71","855","1649","0","51.85","26.56"
"65","000","00","002","0253","0000","463","266","197","34","497","874","0","56.86","30.43"
"65","000","00","002","0253","0762","463","266","197","34","497","874","0","56.86","30.43"
"65","000","00","002","0254","0000","766","465","301","68","834","1402","0","59.49","33.17"
"65","000","00","002","0254","0763","766","465","301","68","834","1402","0","59.49","33.17"
"65","000","00","002","0255","0000","818","488","330","55","873","1713","0","50.96","28.49"
"65","000","00","002","0255","0764","818","488","330","55","873","1713","0","50.96","28.49"
"65","000","00","002","0256","0000","1018","571","447","90","1108","2011","0","55.1","28.39"
"65","000","00","002","0256","0765","439","240","199","52","491","973","0","50.46","24.67"
"65","000","00","002","0256","0766","579","331","248","38","617","1038","0","59.44","31.89"
"65","000","00","002","0257","0000","839","480","359","102","941","1833","0","51.34","26.19"
"65","000","00","002","0257","0767","839","480","359","102","941","1833","0","51.34","26.19"
"65","000","00","002","0258","0000","437","235","202","28","465","817","0","56.92","28.76"
"65","000","00","002","0258","0768","437","235","202","28","465","817","0","56.92","28.76"
"65","000","00","002","0259","0000","813","505","308","50","863","1387","0","62.22","36.41"
"65","000","00","002","0259","0769","813","505","308","50","863","1387","0","62.22","36.41"
"65","000","00","002","0260","0000","456","253","203","26","482","784","0","61.48","32.27"
"65","000","00","002","0260","0770","456","253","203","26","482","784","0","61.48","32.27"
"65","000","00","002","0261","0000","1200","701","499","86","1286","2259","0","56.93","31.03"
"65","000","00","002","0261","0771","573","329","244","23","596","1096","0","54.38","30.02"
"65","000","00","002","0261","0772","627","372","255","63","690","1163","0","59.33","31.99"
"65","000","00","002","0262","0000","932","537","395","50","982","1868","0","52.57","28.75"
"65","000","00","002","0262","0773","932","537","395","50","982","1868","0","52.57","28.75"
"65","000","00","002","0263","0000","1029","625","404","85","1114","2051","0","54.31","30.47"
"65","000","00","002","0263","0774","563","344","219","51","614","1117","0","54.97","30.8"
"65","000","00","002","0263","0775","466","281","185","34","500","934","0","53.53","30.09"
"65","000","00","002","0264","0000","701","407","294","47","748","1412","0","52.97","28.82"
"65","000","00","002","0264","0776","701","407","294","47","748","1412","0","52.97","28.82"
"65","000","00","002","0265","0000","644","378","266","32","676","1062","0","63.65","35.59"
"65","000","00","002","0265","0777","644","378","266","32","676","1062","0","63.65","35.59"
"65","000","00","002","0266","0000","1030","608","422","126","1156","1827","0","63.27","33.28"
"65","000","00","002","0266","0778","449","259","190","62","511","891","0","57.35","29.07"
"65","000","00","002","0266","0779","581","349","232","64","645","936","0","68.91","37.29"
"65","000","00","002","0267","0000","1073","601","472","69","1142","2150","0","53.12","27.95"
"65","000","00","002","0267","0780","547","309","238","52","599","1085","0","55.21","28.48"
"65","000","00","002","0267","0781","526","292","234","17","543","1065","0","50.99","27.42"
"65","000","00","002","0268","0000","1604","946","658","87","1691","2948","0","57.36","32.09"
"65","000","00","002","0268","0782","753","415","338","51","804","1398","0","57.51","29.69"
"65","000","00","002","0268","0783","851","531","320","36","887","1550","0","57.23","34.26"
"65","000","00","002","0269","0000","847","490","357","64","911","1674","0","54.42","29.27"
"65","000","00","002","0269","0784","847","490","357","64","911","1674","0","54.42","29.27"
"65","000","00","002","0270","0000","672","410","262","46","718","1215","0","59.09","33.74"
"65","000","00","002","0270","0785","672","410","262","46","718","1215","0","59.09","33.74"
"65","000","00","002","0271","0000","830","486","344","56","886","1606","0","55.17","30.26"
"65","000","00","002","0271","0786","830","486","344","56","886","1606","0","55.17","30.26"
"65","000","00","002","0272","0000","1312","728","584","92","1404","2420","0","58.02","30.08"
"65","000","00","002","0272","0787","635","355","280","35","670","1182","0","56.68","30.03"
"65","000","00","002","0272","0788","677","373","304","57","734","1238","0","59.29","30.13"
"65","000","00","002","0273","0000","1528","861","667","98","1626","2750","0","59.13","31.31"
"65","000","00","002","0273","0789","752","404","348","51","803","1342","0","59.84","30.1"
"65","000","00","002","0273","0790","776","457","319","47","823","1408","0","58.45","32.46"
"65","000","00","002","0274","0000","936","540","396","60","996","1770","0","56.27","30.51"
"65","000","00","002","0274","0791","936","540","396","60","996","1770","0","56.27","30.51"
"65","000","00","002","0275","0000","1027","593","434","71","1098","1915","0","57.34","30.97"
"65","000","00","002","0275","0792","505","297","208","47","552","940","0","58.72","31.6"
"65","000","00","002","0275","0793","522","296","226","24","546","975","0","56.0","30.36"
"65","000","00","002","0276","0000","2198","1283","915","141","2339","4183","0","55.92","30.67"
"65","000","00","002","0276","0794","775","440","335","34","809","1507","0","53.68","29.2"
"65","000","00","002","0276","0795","755","443","312","58","813","1419","0","57.29","31.22"
"65","000","00","002","0276","0796","668","400","268","49","717","1257","0","57.04","31.82"
"65","000","00","002","0277","0000","1779","1088","691","89","1868","3364","0","55.53","32.34"
"65","000","00","002","0277","0797","875","522","353","40","915","1619","0","56.52","32.24"
"65","000","00","002","0277","0798","904","566","338","49","953","1745","0","54.61","32.44"
"65","000","00","002","0278","0000","2577","1497","1080","165","2742","4898","0","55.98","30.56"
"65","000","00","002","0278","0799","787","452","335","69","856","1519","0","56.35","29.76"
"65","000","00","002","0278","0800","847","509","338","42","889","1682","0","52.85","30.26"
"65","000","00","002","0278","0801","943","536","407","54","997","1697","0","58.75","31.59"
"65","000","00","002","0279","0000","1032","617","415","71","1103","1997","0","55.23","30.9"
"65","000","00","002","0279","0802","547","332","215","43","590","1073","0","54.99","30.94"
"65","000","00","002","0279","0803","485","285","200","28","513","924","0","55.52","30.84"
"65","000","00","002","0280","0000","769","434","335","42","811","1613","0","50.28","26.91"
"65","000","00","002","0280","0804","769","434","335","42","811","1613","0","50.28","26.91"
"65","000","00","002","0281","0000","1122","667","455","76","1198","2152","0","55.67","30.99"
"65","000","00","002","0281","0805","519","307","212","29","548","1034","0","53.0","29.69"
"65","000","00","002","0281","0806","603","360","243","47","650","1118","0","58.14","32.2"
"65","000","00","002","0282","0000","1912","1140","772","141","2053","3595","0","57.11","31.71"
"65","000","00","002","0282","0807","685","406","279","47","732","1269","0","57.68","31.99"
"65","000","00","002","0282","0808","508","306","202","49","557","990","0","56.26","30.91"
"65","000","00","002","0282","0809","719","428","291","45","764","1336","0","57.19","32.04"
"65","000","00","002","0283","0000","1751","1036","715","100","1851","3182","0","58.17","32.56"
"65","000","00","002","0283","0810","848","500","348","47","895","1601","0","55.9","31.23"
"65","000","00","002","0283","0811","903","536","367","53","956","1581","0","60.47","33.9"
"65","000","00","002","0284","0000","1444","835","609","89","1533","2571","0","59.63","32.48"
"65","000","00","002","0284","0812","733","424","309","45","778","1345","0","57.84","31.52"
"65","000","00","002","0284","0813","711","411","300","44","755","1226","0","61.58","33.52"
"65","000","00","002","0285","0000","1412","827","585","112","1524","2790","0","54.62","29.64"
"65","000","00","002","0285","0814","793","462","331","75","868","1650","0","52.61","28.0"
"65","000","00","002","0285","0815","619","365","254","37","656","1140","0","57.54","32.02"
"65","000","00","002","0286","0000","1703","1015","688","93","1796","3338","0","53.8","30.41"
"65","000","00","002","0286","0816","805","471","334","41","846","1639","0","51.62","28.74"
"65","000","00","002","0286","0817","898","544","354","52","950","1699","0","55.92","32.02"
"65","000","00","002","0287","0000","2228","1290","938","157","2385","4355","0","54.76","29.62"
"65","000","00","002","0287","0820","788","453","335","60","848","1540","0","55.06","29.42"
"65","000","00","002","0287","0821","670","387","283","47","717","1276","0","56.19","30.33"
"65","000","00","002","0287","0822","770","450","320","50","820","1539","0","53.28","29.24"
"65","000","00","002","0288","0000","1525","842","683","100","1625","2898","0","56.07","29.05"
"65","000","00","002","0288","0828","734","392","342","55","789","1407","0","56.08","27.86"
"65","000","00","002","0288","0829","791","450","341","45","836","1491","0","56.07","30.18"
"65","000","00","002","0289","0000","2508","1415","1093","168","2676","4718","0","56.72","29.99"
"65","000","00","002","0289","0837","765","429","336","54","819","1398","0","58.58","30.69"
"65","000","00","002","0289","0838","867","480","387","66","933","1706","0","54.69","28.14"
"65","000","00","002","0289","0839","876","506","370","48","924","1614","0","57.25","31.35"
"65","000","00","002","0290","0000","2586","1527","1059","160","2746","4723","0","58.14","32.33"
"65","000","00","002","0290","0840","880","535","345","66","946","1591","0","59.46","33.63"
"65","000","00","002","0290","0841","890","519","371","34","924","1627","0","56.79","31.9"
"65","000","00","002","0290","0842","816","473","343","60","876","1505","0","58.21","31.43"
"65","000","00","002","0291","0000","1864","1086","778","75","1939","3577","0","54.21","30.36"
"65","000","00","002","0291","0832","995","569","426","45","1040","1938","0","53.66","29.36"
"65","000","00","002","0291","0833","869","517","352","30","899","1639","0","54.85","31.54"
"65","000","00","002","0292","0000","1271","800","471","71","1342","2290","0","58.6","34.93"
"65","000","00","002","0292","0823","674","370","304","30","704","1170","0","60.17","31.62"
"65","000","00","002","0292","0824","597","430","167","41","638","1120","0","56.96","38.39"
"65","000","00","002","0293","0000","3668","2203","1465","189","3857","7372","0","52.32","29.88"
"65","000","00","002","0293","0846","999","558","441","58","1057","1800","0","58.72","31.0"
"65","000","00","002","0293","0847","791","451","340","44","835","1703","0","49.03","26.48"
"65","000","00","002","0293","0848","937","649","288","47","984","1975","0","49.82","32.86"
"65","000","00","002","0293","0849","941","545","396","40","981","1894","0","51.8","28.78"
"65","000","00","002","0294","0000","2189","1184","1005","114","2303","3957","0","58.2","29.92"
"65","000","00","002","0294","0850","786","421","365","37","823","1405","0","58.58","29.96"
"65","000","00","002","0294","0851","715","402","313","37","752","1293","0","58.16","31.09"
"65","000","00","002","0294","0852","688","361","327","40","728","1259","0","57.82","28.67"
"65","000","00","002","0295","0000","2088","1191","897","146","2234","3711","0","60.2","32.09"
"65","000","00","002","0295","0853","660","388","272","52","712","1144","0","62.24","33.92"
"65","000","00","002","0295","0854","716","396","320","51","767","1254","0","61.16","31.58"
"65","000","00","002","0295","0855","712","407","305","43","755","1313","0","57.5","31.0"
"65","000","00","002","0296","0000","1741","1028","713","113","1854","3369","0","55.03","30.51"
"65","000","00","002","0296","0856","818","468","350","60","878","1594","0","55.08","29.36"
"65","000","00","002","0296","0857","923","560","363","53","976","1775","0","54.99","31.55"
"65","000","00","002","0297","0000","1565","947","618","114","1679","2831","0","59.31","33.45"
"65","000","00","002","0297","0858","793","493","300","56","849","1516","0","56.0","32.52"
"65","000","00","002","0297","0859","772","454","318","58","830","1315","0","63.12","34.52"
"65","000","00","002","0298","0000","1031","597","434","101","1132","2003","0","56.52","29.81"
"65","000","00","002","0298","0860","466","274","192","55","521","843","0","61.8","32.5"
"65","000","00","002","0298","0861","565","323","242","46","611","1160","0","52.67","27.84"
"65","000","00","002","0299","0000","1195","722","473","93","1288","2106","0","61.16","34.28"
"65","000","00","002","0299","0862","580","376","204","41","621","1052","0","59.03","35.74"
"65","000","00","002","0299","0863","615","346","269","52","667","1054","0","63.28","32.83"
"65","000","00","002","02A0","0000","1033","568","465","68","1101","1933","0","56.96","29.38"
"65","000","00","002","02A0","0864","546","293","253","42","588","997","0","58.98","29.39"
"65","000","00","002","02A0","0865","487","275","212","26","513","936","0","54.81","29.38"
"65","000","00","002","02A1","0000","1621","1070","551","112","1733","3154","0","54.95","33.93"
"65","000","00","002","02A1","0866","861","625","236","55","916","1658","0","55.25","37.7"
"65","000","00","002","02A1","0867","760","445","315","57","817","1496","0","54.61","29.75"
"65","000","00","002","02A2","0000","1292","781","511","75","1367","2216","0","61.69","35.24"
"65","000","00","002","02A2","0868","633","380","253","30","663","1064","0","62.31","35.71"
"65","000","00","002","02A2","0869","659","401","258","45","704","1152","0","61.11","34.81"
"65","000","00","002","02A3","0000","2132","1255","877","118","2250","4173","0","53.92","30.07"
"65","000","00","002","02A3","0870","783","453","330","42","825","1532","0","53.85","29.57"
"65","000","00","002","02A3","0871","642","371","271","30","672","1338","0","50.22","27.73"
"65","000","00","002","02A3","0872","707","431","276","46","753","1303","0","57.79","33.08"
"65","000","00","002","02A4","0000","2220","1263","957","113","2333","4610","0","50.61","27.4"
"65","000","00","002","02A4","0880","648","383","265","25","673","1381","0","48.73","27.73"
"65","000","00","002","02A4","0881","793","428","365","54","847","1681","0","50.39","25.46"
"65","000","00","002","02A4","0882","779","452","327","34","813","1548","0","52.52","29.2"
"65","000","00","002","02A5","0000","2821","1650","1171","144","2965","5569","0","53.24","29.63"
"65","000","00","002","02A5","0875","883","491","392","65","948","1821","0","52.06","26.96"
"65","000","00","002","02A5","0876","938","566","372","33","971","1906","0","50.94","29.7"
"65","000","00","002","02A5","0877","1000","593","407","46","1046","1842","0","56.79","32.19"
"65","000","00","002","02A6","0000","1559","942","617","99","1658","2860","0","57.97","32.94"
"65","000","00","002","02A6","0873","762","444","318","58","820","1369","0","59.9","32.43"
"65","000","00","002","02A6","0874","797","498","299","41","838","1491","0","56.2","33.4"
"65","000","00","002","02A7","0000","1014","566","448","80","1094","1841","0","59.42","30.74"
"65","000","00","002","02A7","0878","443","251","192","34","477","878","0","54.33","28.59"
"65","000","00","002","02A7","0879","571","315","256","46","617","963","0","64.07","32.71"
"65","000","00","002","02A8","0000","3575","2109","1466","160","3735","6784","0","55.06","31.09"
"65","000","00","002","02A8","0883","852","481","371","42","894","1542","0","57.98","31.19"
"65","000","00","002","02A8","0884","800","476","324","50","850","1557","0","54.59","30.57"
"65","000","00","002","02A8","0885","861","518","343","40","901","1661","0","54.24","31.19"
"65","000","00","002","02A8","0886","1062","634","428","28","1090","2024","0","53.85","31.32"
"65","000","00","002","02A9","0000","879","502","377","76","955","1585","0","60.25","31.67"
"65","000","00","002","02A9","0669","402","225","177","34","436","764","0","57.07","29.45"
"65","000","00","002","02A9","0670","477","277","200","42","519","821","0","63.22","33.74"
"65","000","00","002","02B0","0000","2333","1437","896","161","2494","4172","0","59.78","34.44"
"65","000","00","002","02B0","0662","772","482","290","57","829","1392","0","59.55","34.63"
"65","000","00","002","02B0","0663","825","508","317","57","882","1451","0","60.79","35.01"
"65","000","00","002","02B0","0664","736","447","289","47","783","1329","0","58.92","33.63"
"65","000","00","002","02B1","0000","1822","1061","761","88","1910","3540","0","53.95","29.97"
"65","000","00","002","02B1","0681","869","521","348","41","910","1727","0","52.69","30.17"
"65","000","00","002","02B1","0682","953","540","413","47","1000","1813","0","55.16","29.78"
"65","000","00","002","02B2","0000","1449","851","598","96","1545","2603","0","59.35","32.69"
"65","000","00","002","02B2","0830","785","460","325","45","830","1381","0","60.1","33.31"
"65","000","00","002","02B2","0831","664","391","273","51","715","1222","0","58.51","32.0"
"65","000","00","002","02B3","0000","2642","1524","1118","190","2832","5130","0","55.2","29.71"
"65","000","00","002","02B3","0825","949","575","374","63","1012","1789","0","56.57","32.14"
"65","000","00","002","02B3","0826","751","395","356","60","811","1520","0","53.36","25.99"
"65","000","00","002","02B3","0827","942","554","388","67","1009","1821","0","55.41","30.42"
"65","000","00","002","02B4","0000","2316","1339","977","129","2445","4507","0","54.25","29.71"
"65","000","00","002","02B4","0843","715","414","301","44","759","1331","0","57.02","31.1"
"65","000","00","002","02B4","0844","793","489","304","46","839","1678","0","50.0","29.14"
"65","000","00","002","02B4","0845","808","436","372","39","847","1498","0","56.54","29.11"
"65","000","00","002","02B5","0000","2595","1557","1038","181","2776","5076","0","54.69","30.67"
"65","000","00","002","02B5","0834","838","487","351","68","906","1614","0","56.13","30.17"
"65","000","00","002","02B5","0835","886","514","372","53","939","1709","0","54.94","30.08"
"65","000","00","002","02B5","0836","871","556","315","60","931","1753","0","53.11","31.72"
"65","000","00","002","02B6","0000","1776","1038","738","87","1863","3039","0","61.3","34.16"
"65","000","00","002","02B6","0818","939","552","387","55","994","1501","0","66.22","36.78"
"65","000","00","002","02B6","0819","837","486","351","32","869","1538","0","56.5","31.6"
"65","000","00","002","02B7","0000","1622","962","660","118","1740","3294","0","52.82","29.2"
"65","000","00","002","02B7","0887","753","427","326","49","802","1588","0","50.5","26.89"
"65","000","00","002","02B7","0888","869","535","334","69","938","1706","0","54.98","31.36"
"65","000","00","002","02B8","0000","2000","1150","850","124","2124","3705","0","57.33","31.04"
"65","000","00","002","02B8","0889","743","419","324","43","786","1341","0","58.61","31.25"
"65","000","00","002","02B8","0890","538","317","221","34","572","1025","0","55.8","30.93"
"65","000","00","002","02B8","0891","719","414","305","47","766","1339","0","57.21","30.92"
"65","000","00","002","02B9","0000","1829","1084","745","132","1961","3551","0","55.22","30.53"
"65","000","00","002","02B9","0892","883","545","338","79","962","1725","0","55.77","31.59"
"65","000","00","002","02B9","0893","946","539","407","53","999","1826","0","54.71","29.52"
"65","000","00","003","0000","0000","190266","117533","72733","8702","198968","355978","412545","55.89","33.02"
"65","000","00","003","0301","0000","2630","1605","1025","142","2772","5249","0","52.81","30.58"
"65","000","00","003","0301","1232","794","472","322","50","844","1630","0","51.78","28.96"
"65","000","00","003","0301","1233","934","568","366","57","991","1775","0","55.83","32.0"
"65","000","00","003","0301","1234","902","565","337","35","937","1844","0","50.81","30.64"
"65","000","00","003","0302","0000","4404","2605","1799","207","4611","8034","0","57.39","32.42"
"65","000","00","003","0302","1282","903","531","372","57","960","1788","0","53.69","29.7"
"65","000","00","003","0302","1283","985","556","429","35","1020","1793","0","56.89","31.01"
"65","000","00","003","0302","1284","746","451","295","39","785","1352","0","58.06","33.36"
"65","000","00","003","0302","1285","978","587","391","47","1025","1813","0","56.54","32.38"
"65","000","00","003","0302","1286","792","480","312","29","821","1288","0","63.74","37.27"
"65","000","00","003","0303","0000","2079","1326","753","87","2166","3829","0","56.57","34.63"
"65","000","00","003","0303","1287","655","402","253","34","689","1186","0","58.09","33.9"
"65","000","00","003","0303","1288","665","416","249","15","680","1237","0","54.97","33.63"
"65","000","00","003","0303","1289","759","508","251","38","797","1406","0","56.69","36.13"
"65","000","00","003","0304","0000","2138","1290","848","127","2265","3774","0","60.02","34.18"
"65","000","00","003","0304","1290","759","443","316","53","812","1442","0","56.31","30.72"
"65","000","00","003","0304","1291","614","369","245","35","649","1040","0","62.4","35.48"
"65","000","00","003","0304","1292","765","478","287","39","804","1292","0","62.23","37.0"
"65","000","00","003","0305","0000","1922","1240","682","101","2023","3600","0","56.19","34.44"
"65","000","00","003","0305","1293","943","594","349","50","993","1811","0","54.83","32.8"
"65","000","00","003","0305","1294","979","646","333","51","1030","1789","0","57.57","36.11"
"65","000","00","003","0306","0000","1880","1180","700","90","1970","3177","0","62.01","37.14"
"65","000","00","003","0306","1295","536","338","198","30","566","859","0","65.89","39.35"
"65","000","00","003","0306","1296","605","392","213","22","627","972","0","64.51","40.33"
"65","000","00","003","0306","1297","739","450","289","38","777","1346","0","57.73","33.43"
"65","000","00","003","0307","0000","1289","765","524","45","1334","2157","0","61.85","35.47"
"65","000","00","003","0307","1235","618","343","275","20","638","1019","0","62.61","33.66"
"65","000","00","003","0307","1236","671","422","249","25","696","1138","0","61.16","37.08"
"65","000","00","003","0308","0000","3018","2016","1002","124","3142","5702","0","55.1","35.36"
"65","000","00","003","0308","1237","937","633","304","34","971","1878","0","51.7","33.71"
"65","000","00","003","0308","1238","1089","758","331","44","1133","1980","0","57.22","38.28"
"65","000","00","003","0308","1239","992","625","367","46","1038","1844","0","56.29","33.89"
"65","000","00","003","0309","0000","2879","1849","1030","89","2968","5344","0","55.54","34.6"
"65","000","00","003","0309","1240","1099","758","341","27","1126","2085","0","54.0","36.35"
"65","000","00","003","0309","1241","795","506","289","38","833","1498","0","55.61","33.78"
"65","000","00","003","0309","1242","985","585","400","24","1009","1761","0","57.3","33.22"
"65","000","00","003","0310","0000","1777","1104","673","99","1876","3294","0","56.95","33.52"
"65","000","00","003","0310","1248","908","541","367","53","961","1712","0","56.13","31.6"
"65","000","00","003","0310","1249","869","563","306","46","915","1582","0","57.84","35.59"
"65","000","00","003","0311","0000","1786","1105","681","98","1884","3235","0","58.24","34.16"
"65","000","00","003","0311","1250","908","571","337","52","960","1742","0","55.11","32.78"
"65","000","00","003","0311","1251","878","534","344","46","924","1493","0","61.89","35.77"
"65","000","00","003","0312","0000","2175","1358","817","114","2289","3990","0","57.37","34.04"
"65","000","00","003","0312","1252","704","439","265","34","738","1352","0","54.59","32.47"
"65","000","00","003","0312","1253","708","460","248","30","738","1244","0","59.32","36.98"
"65","000","00","003","0312","1254","763","459","304","50","813","1394","0","58.32","32.93"
"65","000","00","003","0313","0000","1770","996","774","65","1835","3747","0","48.97","26.58"
"65","000","00","003","0313","1255","850","496","354","27","877","1917","0","45.75","25.87"
"65","000","00","003","0313","1256","920","500","420","38","958","1830","0","52.35","27.32"
"65","000","00","003","0314","0000","2032","1180","852","110","2142","3892","0","55.04","30.32"
"65","000","00","003","0314","1257","633","378","255","29","662","1124","0","58.9","33.63"
"65","000","00","003","0314","1258","687","393","294","42","729","1412","0","51.63","27.83"
"65","000","00","003","0314","1259","712","409","303","39","751","1356","0","55.38","30.16"
"65","000","00","003","0315","0000","2155","1326","829","100","2255","3940","0","57.23","33.65"
"65","000","00","003","0315","1260","735","454","281","23","758","1425","0","53.19","31.86"
"65","000","00","003","0315","1261","724","450","274","35","759","1259","0","60.29","35.74"
"65","000","00","003","0315","1262","696","422","274","42","738","1256","0","58.76","33.6"
"65","000","00","003","0316","0000","2371","1434","937","93","2464","4502","0","54.73","31.85"
"65","000","00","003","0316","1263","771","488","283","32","803","1423","0","56.43","34.29"
"65","000","00","003","0316","1264","694","424","270","23","717","1221","0","58.72","34.73"
"65","000","00","003","0316","1265","906","522","384","38","944","1858","0","50.81","28.09"
"65","000","00","003","0317","0000","2648","1617","1031","103","2751","4958","0","55.49","32.61"
"65","000","00","003","0317","1266","914","554","360","36","950","1804","0","52.66","30.71"
"65","000","00","003","0317","1267","934","545","389","31","965","1669","0","57.82","32.65"
"65","000","00","003","0317","1268","800","518","282","36","836","1485","0","56.3","34.88"
"65","000","00","003","0318","0000","1947","1205","742","107","2054","3351","0","61.3","35.96"
"65","000","00","003","0318","1269","588","386","202","24","612","1005","0","60.9","38.41"
"65","000","00","003","0318","1270","702","418","284","50","752","1175","0","64.0","35.57"
"65","000","00","003","0318","1271","657","401","256","33","690","1171","0","58.92","34.24"
"65","000","00","003","0319","0000","2212","1340","872","86","2298","4413","0","52.07","30.36"
"65","000","00","003","0319","1272","854","532","322","32","886","1746","0","50.74","30.47"
"65","000","00","003","0319","1273","747","463","284","31","778","1555","0","50.03","29.77"
"65","000","00","003","0319","1274","611","345","266","23","634","1112","0","57.01","31.03"
"65","000","00","003","0320","0000","1693","1029","664","69","1762","3286","0","53.62","31.31"
"65","000","00","003","0320","1434","752","450","302","45","797","1462","0","54.51","30.78"
"65","000","00","003","0320","1435","941","579","362","24","965","1824","0","52.91","31.74"
"65","000","00","003","0321","0000","1536","934","602","86","1622","2823","0","57.46","33.09"
"65","000","00","003","0321","1436","730","428","302","47","777","1389","0","55.94","30.81"
"65","000","00","003","0321","1437","806","506","300","39","845","1434","0","58.93","35.29"
"65","000","00","003","0322","0000","2765","1780","985","107","2872","5350","0","53.68","33.27"
"65","000","00","003","0322","1440","984","672","312","30","1014","1858","0","54.57","36.17"
"65","000","00","003","0322","1441","848","506","342","30","878","1801","0","48.75","28.1"
"65","000","00","003","0322","1442","933","602","331","47","980","1691","0","57.95","35.6"
"65","000","00","003","0323","0000","2361","1496","865","96","2457","3948","0","62.23","37.89"
"65","000","00","003","0323","1443","777","485","292","36","813","1363","0","59.65","35.58"
"65","000","00","003","0323","1444","746","470","276","28","774","1220","0","63.44","38.52"
"65","000","00","003","0323","1445","838","541","297","32","870","1365","0","63.74","39.63"
"65","000","00","003","0324","0000","1757","1078","679","85","1842","3205","0","57.47","33.63"
"65","000","00","003","0324","1446","669","418","251","23","692","1178","0","58.74","35.48"
"65","000","00","003","0324","1447","482","310","172","28","510","830","0","61.45","37.35"
"65","000","00","003","0324","1448","606","350","256","34","640","1197","0","53.47","29.24"
"65","000","00","003","0325","0000","3766","2309","1457","135","3901","7168","0","54.42","32.21"
"65","000","00","003","0325","1275","1011","607","404","46","1057","1780","0","59.38","34.1"
"65","000","00","003","0325","1276","1024","619","405","33","1057","1918","0","55.11","32.27"
"65","000","00","003","0325","1277","745","458","287","25","770","1689","0","45.59","27.12"
"65","000","00","003","0325","1278","986","625","361","31","1017","1781","0","57.1","35.09"
"65","000","00","003","0326","0000","2545","1563","982","122","2667","4567","0","58.4","34.22"
"65","000","00","003","0326","1279","776","473","303","38","814","1419","0","57.36","33.33"
"65","000","00","003","0326","1280","709","436","273","26","735","1344","0","54.69","32.44"
"65","000","00","003","0326","1281","1060","654","406","58","1118","1804","0","61.97","36.25"
"65","000","00","003","0327","0000","2356","1500","856","116","2472","4082","0","60.56","36.75"
"65","000","00","003","0327","1449","760","486","274","43","803","1369","0","58.66","35.5"
"65","000","00","003","0327","1450","771","476","295","33","804","1336","0","60.18","35.63"
"65","000","00","003","0327","1451","825","538","287","40","865","1377","0","62.82","39.07"
"65","000","00","003","0328","0000","1818","1141","677","77","1895","3188","0","59.44","35.79"
"65","000","00","003","0328","1452","846","535","311","38","884","1499","0","58.97","35.69"
"65","000","00","003","0328","1453","972","606","366","39","1011","1689","0","59.86","35.88"
"65","000","00","003","0329","0000","2332","1409","923","115","2447","4314","0","56.72","32.66"
"65","000","00","003","0329","1456","866","514","352","43","909","1545","0","58.83","33.27"
"65","000","00","003","0329","1457","705","426","279","37","742","1326","0","55.96","32.13"
"65","000","00","003","0329","1458","761","469","292","35","796","1443","0","55.16","32.5"
"65","000","00","003","0330","0000","3172","2006","1166","114","3286","5694","0","57.71","35.23"
"65","000","00","003","0330","1459","925","595","330","36","961","1712","0","56.13","34.75"
"65","000","00","003","0330","1460","1009","625","384","40","1049","1916","0","54.75","32.62"
"65","000","00","003","0330","1461","509","324","185","32","541","863","0","62.69","37.54"
"65","000","00","003","0330","1462","729","462","267","6","735","1203","0","61.1","38.4"
"65","000","00","003","0331","0000","2298","1485","813","75","2373","4490","0","52.85","33.07"
"65","000","00","003","0331","1463","778","494","284","25","803","1483","0","54.15","33.31"
"65","000","00","003","0331","1464","824","539","285","25","849","1575","0","53.9","34.22"
"65","000","00","003","0331","1465","696","452","244","25","721","1432","0","50.35","31.56"
"65","000","00","003","0332","0000","2260","1371","889","124","2384","4073","0","58.53","33.66"
"65","000","00","003","0332","1466","765","447","318","50","815","1441","0","56.56","31.02"
"65","000","00","003","0332","1467","712","433","279","45","757","1269","0","59.65","34.12"
"65","000","00","003","0332","1468","783","491","292","29","812","1363","0","59.57","36.02"
"65","000","00","003","0333","0000","1611","1003","608","63","1674","2973","0","56.31","33.74"
"65","000","00","003","0333","1474","789","492","297","36","825","1526","0","54.06","32.24"
"65","000","00","003","0333","1475","822","511","311","27","849","1447","0","58.67","35.31"
"65","000","00","003","0334","0000","1553","994","559","80","1633","2757","0","59.23","36.05"
"65","000","00","003","0334","1305","717","461","256","32","749","1319","0","56.79","34.95"
"65","000","00","003","0334","1306","836","533","303","48","884","1438","0","61.47","37.07"
"65","000","00","003","0335","0000","3274","2035","1239","127","3401","6396","0","53.17","31.82"
"65","000","00","003","0335","1307","919","583","336","28","947","1808","0","52.38","32.25"
"65","000","00","003","0335","1308","621","401","220","18","639","1191","0","53.65","33.67"
"65","000","00","003","0335","1309","863","521","342","48","911","1632","0","55.82","31.92"
"65","000","00","003","0335","1310","871","530","341","33","904","1765","0","51.22","30.03"
"65","000","00","003","0336","0000","2245","1497","748","108","2353","3909","0","60.19","38.3"
"65","000","00","003","0336","1311","671","449","222","32","703","1168","0","60.19","38.44"
"65","000","00","003","0336","1312","630","426","204","29","659","1176","0","56.04","36.22"
"65","000","00","003","0336","1313","944","622","322","47","991","1565","0","63.32","39.74"
"65","000","00","003","0337","0000","2331","1434","897","108","2439","4512","0","54.06","31.78"
"65","000","00","003","0337","1314","774","480","294","37","811","1578","0","51.39","30.42"
"65","000","00","003","0337","1315","1068","664","404","36","1104","2029","0","54.41","32.73"
"65","000","00","003","0337","1316","489","290","199","35","524","905","0","57.9","32.04"
"65","000","00","003","0338","0000","2266","1391","875","134","2400","4293","0","55.9","32.4"
"65","000","00","003","0338","1317","415","263","152","26","441","839","0","52.56","31.35"
"65","000","00","003","0338","1318","435","255","180","18","453","762","0","59.45","33.46"
"65","000","00","003","0338","1319","763","462","301","43","806","1420","0","56.76","32.54"
"65","000","00","003","0338","1320","653","411","242","47","700","1272","0","55.03","32.31"
"65","000","00","003","0339","0000","1919","1208","711","95","2014","3755","0","53.64","32.17"
"65","000","00","003","0339","1321","987","604","383","59","1046","1976","0","52.94","30.57"
"65","000","00","003","0339","1322","932","604","328","36","968","1779","0","54.41","33.95"
"65","000","00","003","0340","0000","1456","900","556","72","1528","2870","0","53.24","31.36"
"65","000","00","003","0340","1325","671","413","258","26","697","1369","0","50.91","30.17"
"65","000","00","003","0340","1326","785","487","298","46","831","1501","0","55.36","32.45"
"65","000","00","003","0341","0000","177","100","77","20","197","321","0","61.37","31.15"
"65","000","00","003","0341","1329","177","100","77","20","197","321","0","61.37","31.15"
"65","000","00","003","0342","0000","2363","1475","888","146","2509","4556","0","55.07","32.37"
"65","000","00","003","0342","1330","740","462","278","49","789","1474","0","53.53","31.34"
"65","000","00","003","0342","1331","784","497","287","57","841","1461","0","57.56","34.02"
"65","000","00","003","0342","1332","839","516","323","40","879","1621","0","54.23","31.83"
"65","000","00","003","0343","0000","1208","751","457","68","1276","2102","0","60.7","35.73"
"65","000","00","003","0343","1333","774","487","287","48","822","1327","0","61.94","36.7"
"65","000","00","003","0343","1334","434","264","170","20","454","775","0","58.58","34.06"
"65","000","00","003","0344","0000","2044","1265","779","88","2132","6749","0","31.59","18.74"
"65","000","00","003","0344","1337","758","481","277","41","799","4411","0","18.11","10.9"
"65","000","00","003","0344","1338","653","381","272","27","680","1212","0","56.11","31.44"
"65","000","00","003","0344","1339","633","403","230","20","653","1126","0","57.99","35.79"
"65","000","00","003","0345","0000","2260","1431","829","87","2347","4522","0","51.9","31.65"
"65","000","00","003","0345","1346","721","464","257","27","748","1627","0","45.97","28.52"
"65","000","00","003","0345","1347","803","497","306","30","833","1503","0","55.42","33.07"
"65","000","00","003","0345","1348","736","470","266","30","766","1392","0","55.03","33.76"
"65","000","00","003","0346","0000","2103","1272","831","96","2199","3898","0","56.41","32.63"
"65","000","00","003","0346","1349","604","370","234","34","638","1067","0","59.79","34.68"
"65","000","00","003","0346","1350","824","500","324","34","858","1623","0","52.87","30.81"
"65","000","00","003","0346","1351","675","402","273","28","703","1208","0","58.2","33.28"
"65","000","00","003","0347","0000","2358","1497","861","75","2433","4870","0","49.96","30.74"
"65","000","00","003","0347","1352","860","570","290","32","892","1991","0","44.8","28.63"
"65","000","00","003","0347","1353","877","555","322","25","902","1932","0","46.69","28.73"
"65","000","00","003","0347","1354","621","372","249","18","639","947","0","67.48","39.28"
"65","000","00","003","0348","0000","1659","1053","606","83","1742","3234","0","53.87","32.56"
"65","000","00","003","0348","1355","907","573","334","49","956","1660","0","57.59","34.52"
"65","000","00","003","0348","1356","752","480","272","34","786","1574","0","49.94","30.5"
"65","000","00","003","0349","0000","2526","1540","986","134","2660","5146","0","51.69","29.93"
"65","000","00","003","0349","1357","1035","632","403","32","1067","2136","0","49.95","29.59"
"65","000","00","003","0349","1358","725","423","302","57","782","1462","0","53.49","28.93"
"65","000","00","003","0349","1359","766","485","281","45","811","1548","0","52.39","31.33"
"65","000","00","003","0350","0000","2507","1555","952","138","2645","4228","0","62.56","36.78"
"65","000","00","003","0350","1360","439","266","173","18","457","692","0","66.04","38.44"
"65","000","00","003","0350","1361","723","451","272","48","771","1221","0","63.14","36.94"
"65","000","00","003","0350","1362","751","464","287","41","792","1331","0","59.5","34.86"
"65","000","00","003","0350","1363","594","374","220","31","625","984","0","63.52","38.01"
"65","000","00","003","0351","0000","1583","995","588","69","1652","3150","0","52.44","31.59"
"65","000","00","003","0351","1364","919","576","343","27","946","1871","0","50.56","30.79"
"65","000","00","003","0351","1365","664","419","245","42","706","1279","0","55.2","32.76"
"65","000","00","003","0352","0000","2663","1634","1029","108","2771","4826","0","57.42","33.86"
"65","000","00","003","0352","1366","891","539","352","33","924","1629","0","56.72","33.09"
"65","000","00","003","0352","1367","819","479","340","28","847","1482","0","57.15","32.32"
"65","000","00","003","0352","1368","953","616","337","47","1000","1715","0","58.31","35.92"
"65","000","00","003","0353","0000","1049","679","370","47","1096","1952","0","56.15","34.78"
"65","000","00","003","0353","1369","1049","679","370","47","1096","1952","0","56.15","34.78"
"65","000","00","003","0354","0000","382","223","159","22","404","686","0","58.89","32.51"
"65","000","00","003","0354","1370","382","223","159","22","404","686","0","58.89","32.51"
"65","000","00","003","0355","0000","4124","2441","1683","144","4268","7264","0","58.76","33.6"
"65","000","00","003","0355","1371","760","420","340","26","786","1577","0","49.84","26.63"
"65","000","00","003","0355","1372","659","402","257","24","683","1158","0","58.98","34.72"
"65","000","00","003","0355","1373","736","439","297","21","757","1195","0","63.35","36.74"
"65","000","00","003","0355","1374","649","399","250","27","676","1054","0","64.14","37.86"
"65","000","00","003","0355","1375","378","223","155","20","398","612","0","65.03","36.44"
"65","000","00","003","0355","1376","942","558","384","26","968","1668","0","58.03","33.45"
"65","000","00","003","0356","0000","1413","868","545","77","1490","2240","0","66.52","38.75"
"65","000","00","003","0356","1377","646","392","254","38","684","1071","0","63.87","36.6"
"65","000","00","003","0356","1378","767","476","291","39","806","1169","0","68.95","40.72"
"65","000","00","003","0357","0000","2793","1701","1092","112","2905","5558","0","52.27","30.6"
"65","000","00","003","0357","1379","727","445","282","32","759","1370","0","55.4","32.48"
"65","000","00","003","0357","1380","899","557","342","54","953","1574","0","60.55","35.39"
"65","000","00","003","0357","1381","1167","699","468","26","1193","2614","0","45.64","26.74"
"65","000","00","003","0358","0000","1423","825","598","73","1496","2518","0","59.41","32.76"
"65","000","00","003","0358","1382","858","486","372","27","885","1477","0","59.92","32.9"
"65","000","00","003","0358","1383","565","339","226","46","611","1041","0","58.69","32.56"
"65","000","00","003","0359","0000","2532","1570","962","137","2669","4723","0","56.51","33.24"
"65","000","00","003","0359","1384","788","465","323","39","827","1538","0","53.77","30.23"
"65","000","00","003","0359","1385","855","528","327","44","899","1599","0","56.22","33.02"
"65","000","00","003","0359","1386","889","577","312","54","943","1586","0","59.46","36.38"
"65","000","00","003","0360","0000","2077","1223","854","110","2187","3580","0","61.09","34.16"
"65","000","00","003","0360","1387","1021","626","395","50","1071","1726","0","62.05","36.27"
"65","000","00","003","0360","1388","1056","597","459","60","1116","1854","0","60.19","32.2"
"65","000","00","003","0361","0000","2544","1563","981","115","2659","4390","0","60.57","35.6"
"65","000","00","003","0361","1389","857","545","312","43","900","1472","0","61.14","37.02"
"65","000","00","003","0361","1390","837","517","320","37","874","1430","0","61.12","36.15"
"65","000","00","003","0361","1391","850","501","349","35","885","1488","0","59.48","33.67"
"65","000","00","003","0362","0000","2196","1325","871","117","2313","4066","0","56.89","32.59"
"65","000","00","003","0362","1392","679","406","273","28","707","1251","0","56.51","32.45"
"65","000","00","003","0362","1393","820","517","303","43","863","1487","0","58.04","34.77"
"65","000","00","003","0362","1394","697","402","295","46","743","1328","0","55.95","30.27"
"65","000","00","003","0363","0000","1296","811","485","69","1365","2136","0","63.9","37.97"
"65","000","00","003","0363","1395","663","405","258","34","697","1128","0","61.79","35.9"
"65","000","00","003","0363","1396","633","406","227","35","668","1008","0","66.27","40.28"
"65","000","00","003","0364","0000","2102","1261","841","96","2198","4005","0","54.88","31.49"
"65","000","00","003","0364","1397","990","608","382","39","1029","1786","0","57.61","34.04"
"65","000","00","003","0364","1398","1112","653","459","57","1169","2219","0","52.68","29.43"
"65","000","00","003","0365","0000","1519","959","560","52","1571","2817","0","55.77","34.04"
"65","000","00","003","0365","1399","690","427","263","33","723","1322","0","54.69","32.3"
"65","000","00","003","0365","1400","829","532","297","19","848","1495","0","56.72","35.59"
"65","000","00","003","0366","0000","2412","1528","884","142","2554","4456","0","57.32","34.29"
"65","000","00","003","0366","1401","750","489","261","42","792","1414","0","56.01","34.58"
"65","000","00","003","0366","1402","925","592","333","55","980","1681","0","58.3","35.22"
"65","000","00","003","0366","1403","737","447","290","45","782","1361","0","57.46","32.84"
"65","000","00","003","0367","0000","2198","1371","827","95","2293","4089","0","56.08","33.53"
"65","000","00","003","0367","1404","771","482","289","37","808","1442","0","56.03","33.43"
"65","000","00","003","0367","1405","724","437","287","28","752","1383","0","54.37","31.6"
"65","000","00","003","0367","1406","703","452","251","30","733","1264","0","57.99","35.76"
"65","000","00","003","0368","0000","1971","1192","779","101","2072","3761","0","55.09","31.69"
"65","000","00","003","0368","1407","1032","634","398","64","1096","1810","0","60.55","35.03"
"65","000","00","003","0368","1408","939","558","381","37","976","1951","0","50.03","28.6"
"65","000","00","003","0369","0000","1878","1215","663","93","1971","3527","0","55.88","34.45"
"65","000","00","003","0369","1409","784","520","264","35","819","1582","0","51.77","32.87"
"65","000","00","003","0369","1410","1094","695","399","58","1152","1945","0","59.23","35.73"
"65","000","00","003","0370","0000","2173","1362","811","92","2265","3950","0","57.34","34.48"
"65","000","00","003","0370","1411","770","454","316","44","814","1390","0","58.56","32.66"
"65","000","00","003","0370","1412","660","398","262","15","675","1161","0","58.14","34.28"
"65","000","00","003","0370","1413","743","510","233","33","776","1399","0","55.47","36.45"
"65","000","00","003","0371","0000","1956","1227","729","100","2056","3453","0","59.54","35.53"
"65","000","00","003","0371","1414","585","368","217","32","617","1070","0","57.66","34.39"
"65","000","00","003","0371","1415","640","406","234","29","669","1169","0","57.23","34.73"
"65","000","00","003","0371","1416","731","453","278","39","770","1214","0","63.43","37.31"
"65","000","00","003","0372","0000","1992","1283","709","84","2076","3371","0","61.58","38.06"
"65","000","00","003","0372","1471","651","408","243","37","688","1150","0","59.83","35.48"
"65","000","00","003","0372","1472","693","438","255","31","724","1154","0","62.74","37.95"
"65","000","00","003","0372","1473","648","437","211","16","664","1067","0","62.23","40.96"
"65","000","00","003","0373","0000","2992","1749","1243","103","3095","5742","0","53.9","30.46"
"65","000","00","003","0373","1245","967","580","387","32","999","1789","0","55.84","32.42"
"65","000","00","003","0373","1246","1085","621","464","33","1118","2000","0","55.9","31.05"
"65","000","00","003","0373","1247","940","548","392","38","978","1953","0","50.08","28.06"
"65","000","00","003","0374","0000","912","589","323","46","958","1712","0","55.96","34.4"
"65","000","00","003","0374","1433","912","589","323","46","958","1712","0","55.96","34.4"
"65","000","00","003","0375","0000","2064","1259","805","113","2177","3955","0","55.04","31.83"
"65","000","00","003","0375","1438","1002","629","373","55","1057","1953","0","54.12","32.21"
"65","000","00","003","0375","1439","1062","630","432","58","1120","2002","0","55.94","31.47"
"65","000","00","003","0376","0000","1425","842","583","54","1479","2402","0","61.57","35.05"
"65","000","00","003","0376","1454","763","446","317","35","798","1323","0","60.32","33.71"
"65","000","00","003","0376","1455","662","396","266","19","681","1079","0","63.11","36.7"
"65","000","00","003","0377","0000","1222","774","448","47","1269","2260","0","56.15","34.25"
"65","000","00","003","0377","1469","624","411","213","19","643","1089","0","59.04","37.74"
"65","000","00","003","0377","1470","598","363","235","28","626","1171","0","53.46","31.0"
"65","000","00","003","0378","0000","1377","862","515","67","1444","2828","0","51.06","30.48"
"65","000","00","003","0378","1323","686","432","254","32","718","1454","0","49.38","29.71"
"65","000","00","003","0378","1324","691","430","261","35","726","1374","0","52.84","31.3"
"65","000","00","003","0379","0000","1195","767","428","62","1257","1970","0","63.81","38.93"
"65","000","00","003","0379","1327","572","377","195","31","603","920","0","65.54","40.98"
"65","000","00","003","0379","1328","623","390","233","31","654","1050","0","62.29","37.14"
"65","000","00","003","0380","0000","1858","1115","743","93","1951","3817","0","51.11","29.21"
"65","000","00","003","0380","1335","925","549","376","40","965","1916","0","50.37","28.65"
"65","000","00","003","0380","1336","933","566","367","53","986","1901","0","51.87","29.77"
"65","000","00","003","0381","0000","3275","2058","1217","130","3405","5946","0","57.27","34.61"
"65","000","00","003","0381","1340","799","506","293","25","824","1507","0","54.68","33.58"
"65","000","00","003","0381","1341","822","515","307","23","845","1519","0","55.63","33.9"
"65","000","00","003","0381","1342","815","494","321","34","849","1467","0","57.87","33.67"
"65","000","00","003","0381","1343","839","543","296","48","887","1453","0","61.05","37.37"
"65","000","00","003","0382","0000","1495","923","572","69","1564","2666","0","58.66","34.62"
"65","000","00","003","0382","1344","793","493","300","33","826","1364","0","60.56","36.14"
"65","000","00","003","0382","1345","702","430","272","36","738","1302","0","56.68","33.03"
"65","000","00","003","0383","0000","1361","813","548","62","1423","2421","0","58.78","33.58"
"65","000","00","003","0383","1298","593","355","238","26","619","1034","0","59.86","34.33"
"65","000","00","003","0383","1299","768","458","310","36","804","1387","0","57.97","33.02"
"65","000","00","003","0384","0000","1894","1120","774","95","1989","3737","0","53.22","29.97"
"65","000","00","003","0384","1300","1114","674","440","67","1181","2067","0","57.14","32.61"
"65","000","00","003","0384","1301","780","446","334","28","808","1670","0","48.38","26.71"
"65","000","00","003","0385","0000","2162","1353","809","107","2269","3771","0","60.17","35.88"
"65","000","00","003","0385","1417","782","467","315","41","823","1398","0","58.87","33.4"
"65","000","00","003","0385","1418","590","354","236","26","616","1049","0","58.72","33.75"
"65","000","00","003","0385","1419","790","532","258","40","830","1324","0","62.69","40.18"
"65","000","00","003","0386","0000","1704","1034","670","65","1769","3474","0","50.92","29.76"
"65","000","00","003","0386","1420","851","521","330","19","870","1765","0","49.29","29.52"
"65","000","00","003","0386","1421","853","513","340","46","899","1709","0","52.6","30.02"
"65","000","00","003","0387","0000","1410","891","519","73","1483","2504","0","59.23","35.58"
"65","000","00","003","0387","1422","649","399","250","47","696","1186","0","58.68","33.64"
"65","000","00","003","0387","1423","761","492","269","26","787","1318","0","59.71","37.33"
"65","000","00","003","0388","0000","1497","863","634","61","1558","3067","0","50.8","28.14"
"65","000","00","003","0388","1424","795","446","349","34","829","1430","0","57.97","31.19"
"65","000","00","003","0388","1425","702","417","285","27","729","1637","0","44.53","25.47"
"65","000","00","003","0389","0000","2173","1349","824","114","2287","3894","0","58.73","34.64"
"65","000","00","003","0389","1426","715","443","272","41","756","1283","0","58.92","34.53"
"65","000","00","003","0389","1427","724","438","286","39","763","1310","0","58.24","33.44"
"65","000","00","003","0389","1428","734","468","266","34","768","1301","0","59.03","35.97"
"65","000","00","003","0390","0000","1739","1054","685","69","1808","3065","0","58.99","34.39"
"65","000","00","003","0390","1429","947","566","381","42","989","1681","0","58.83","33.67"
"65","000","00","003","0390","1430","792","488","304","27","819","1384","0","59.18","35.26"
"65","000","00","003","0391","0000","1458","864","594","37","1495","2966","0","50.4","29.13"
"65","000","00","003","0391","1431","660","380","280","26","686","1187","0","57.79","32.01"
"65","000","00","003","0391","1432","798","484","314","11","809","1779","0","45.47","27.21"
"65","000","00","003","0392","0000","1709","1075","634","94","1803","3199","0","56.36","33.6"
"65","000","00","003","0392","1302","624","390","234","38","662","1166","0","56.78","33.45"
"65","000","00","003","0392","1303","544","349","195","30","574","963","0","59.61","36.24"
"65","000","00","003","0392","1304","541","336","205","26","567","1070","0","52.99","31.4"
"65","000","00","003","0393","0000","1437","880","557","56","1493","2597","0","57.49","33.89"
"65","000","00","003","0393","1243","673","410","263","30","703","1254","0","56.06","32.7"
"65","000","00","003","0393","1244","764","470","294","26","790","1343","0","58.82","35.0"
"65","000","00","004","0000","0000","106600","65391","41209","4783","111383","187798","221123","59.31","34.82"
"65","000","00","004","0401","0000","1554","943","611","70","1624","3012","0","53.92","31.31"
"65","000","00","004","0401","1486","797","470","327","40","837","1568","0","53.38","29.97"
"65","000","00","004","0401","1487","757","473","284","30","787","1444","0","54.5","32.76"
"65","000","00","004","0402","0000","1435","871","564","68","1503","2535","0","59.29","34.36"
"65","000","00","004","0402","1601","714","444","270","24","738","1189","0","62.07","37.34"
"65","000","00","004","0402","1602","721","427","294","44","765","1346","0","56.84","31.72"
"65","000","00","004","0403","0000","1685","1039","646","61","1746","4440","0","39.32","23.4"
"65","000","00","004","0403","1495","852","534","318","27","879","1598","0","55.01","33.42"
"65","000","00","004","0403","1496","833","505","328","34","867","2842","0","30.51","17.77"
"65","000","00","004","0404","0000","1645","1001","644","73","1718","2710","0","63.39","36.94"
"65","000","00","004","0404","1497","753","450","303","37","790","1261","0","62.65","35.69"
"65","000","00","004","0404","1498","892","551","341","36","928","1449","0","64.04","38.03"
"65","000","00","004","0405","0000","1433","863","570","78","1511","2418","0","62.49","35.69"
"65","000","00","004","0405","1599","682","409","273","38","720","1155","0","62.34","35.41"
"65","000","00","004","0405","1600","751","454","297","40","791","1263","0","62.63","35.95"
"65","000","00","004","0406","0000","1752","1062","690","45","1797","3034","0","59.23","35.0"
"65","000","00","004","0406","1505","912","551","361","16","928","1566","0","59.26","35.19"
"65","000","00","004","0406","1506","840","511","329","29","869","1468","0","59.2","34.81"
"65","000","00","004","0407","0000","1523","921","602","66","1589","2486","0","63.92","37.05"
"65","000","00","004","0407","1507","824","511","313","34","858","1305","0","65.75","39.16"
"65","000","00","004","0407","1508","699","410","289","32","731","1181","0","61.9","34.72"
"65","000","00","004","0408","0000","1412","903","509","78","1490","2537","0","58.73","35.59"
"65","000","00","004","0408","1543","683","445","238","41","724","1234","0","58.67","36.06"
"65","000","00","004","0408","1544","729","458","271","37","766","1303","0","58.79","35.15"
"65","000","00","004","0409","0000","436","287","149","24","460","893","0","51.51","32.14"
"65","000","00","004","0409","1597","436","287","149","24","460","893","0","51.51","32.14"
"65","000","00","004","0410","0000","408","268","140","29","437","743","0","58.82","36.07"
"65","000","00","004","0410","1598","408","268","140","29","437","743","0","58.82","36.07"
"65","000","00","004","0411","0000","2331","1380","951","119","2450","4189","0","58.49","32.94"
"65","000","00","004","0411","1514","850","534","316","38","888","1488","0","59.68","35.89"
"65","000","00","004","0411","1515","755","445","310","51","806","1288","0","62.58","34.55"
"65","000","00","004","0411","1516","726","401","325","30","756","1413","0","53.5","28.38"
"65","000","00","004","0412","0000","1834","1039","795","89","1923","3289","0","58.47","31.59"
"65","000","00","004","0412","1527","967","538","429","47","1014","1798","0","56.4","29.92"
"65","000","00","004","0412","1528","867","501","366","42","909","1491","0","60.97","33.6"
"65","000","00","004","0413","0000","3623","2148","1475","166","3789","6230","0","60.82","34.48"
"65","000","00","004","0413","1582","879","526","353","50","929","1598","0","58.14","32.92"
"65","000","00","004","0413","1583","934","551","383","37","971","1609","0","60.35","34.24"
"65","000","00","004","0413","1584","807","485","322","44","851","1375","0","61.89","35.27"
"65","000","00","004","0413","1585","1003","586","417","35","1038","1648","0","62.99","35.56"
"65","000","00","004","0414","0000","2502","1525","977","80","2582","4535","0","56.93","33.63"
"65","000","00","004","0414","1579","879","542","337","32","911","1586","0","57.44","34.17"
"65","000","00","004","0414","1580","719","459","260","13","732","1313","0","55.75","34.96"
"65","000","00","004","0414","1581","904","524","380","35","939","1636","0","57.4","32.03"
"65","000","00","004","0415","0000","2190","1329","861","85","2275","3628","0","62.71","36.63"
"65","000","00","004","0415","1558","726","435","291","28","754","1209","0","62.37","35.98"
"65","000","00","004","0415","1559","685","420","265","25","710","1132","0","62.72","37.1"
"65","000","00","004","0415","1560","779","474","305","32","811","1287","0","63.01","36.83"
"65","000","00","004","0416","0000","2448","1482","966","98","2546","4081","0","62.39","36.31"
"65","000","00","004","0416","1520","712","463","249","34","746","1100","0","67.82","42.09"
"65","000","00","004","0416","1521","921","510","411","39","960","1545","0","62.14","33.01"
"65","000","00","004","0416","1522","815","509","306","25","840","1436","0","58.5","35.45"
"65","000","00","004","0417","0000","2224","1403","821","107","2331","3877","0","60.12","36.19"
"65","000","00","004","0417","1517","735","461","274","41","776","1329","0","58.39","34.69"
"65","000","00","004","0417","1518","860","555","305","30","890","1436","0","61.98","38.65"
"65","000","00","004","0417","1519","629","387","242","36","665","1112","0","59.8","34.8"
"65","000","00","004","0418","0000","1512","956","556","79","1591","2704","0","58.84","35.36"
"65","000","00","004","0418","1489","705","460","245","32","737","1188","0","62.04","38.72"
"65","000","00","004","0418","1490","807","496","311","47","854","1516","0","56.33","32.72"
"65","000","00","004","0419","0000","600","341","259","47","647","1140","0","56.75","29.91"
"65","000","00","004","0419","1488","600","341","259","47","647","1140","0","56.75","29.91"
"65","000","00","004","0420","0000","2045","1270","775","123","2168","3493","0","62.07","36.36"
"65","000","00","004","0420","1523","1030","642","388","55","1085","1731","0","62.68","37.09"
"65","000","00","004","0420","1524","1015","628","387","68","1083","1762","0","61.46","35.64"
"65","000","00","004","0421","0000","1349","821","528","51","1400","2617","0","53.5","31.37"
"65","000","00","004","0421","1525","714","421","293","35","749","1320","0","56.74","31.89"
"65","000","00","004","0421","1526","635","400","235","16","651","1297","0","50.19","30.84"
"65","000","00","004","0422","0000","986","570","416","40","1026","1783","0","57.54","31.97"
"65","000","00","004","0422","1606","469","277","192","16","485","879","0","55.18","31.51"
"65","000","00","004","0422","1607","517","293","224","24","541","904","0","59.85","32.41"
"65","000","00","004","0423","0000","1816","1086","730","74","1890","3314","0","57.03","32.77"
"65","000","00","004","0423","1480","958","556","402","35","993","1733","0","57.3","32.08"
"65","000","00","004","0423","1481","858","530","328","39","897","1581","0","56.74","33.52"
"65","000","00","004","0424","0000","2034","1269","765","104","2138","3452","0","61.94","36.76"
"65","000","00","004","0424","1568","1089","671","418","45","1134","1876","0","60.45","35.77"
"65","000","00","004","0424","1569","945","598","347","59","1004","1576","0","63.71","37.94"
"65","000","00","004","0425","0000","1968","1206","762","66","2034","3469","0","58.63","34.77"
"65","000","00","004","0425","1570","961","600","361","38","999","1661","0","60.14","36.12"
"65","000","00","004","0425","1571","1007","606","401","28","1035","1808","0","57.25","33.52"
"65","000","00","004","0426","0000","2132","1312","820","122","2254","3547","0","63.55","36.99"
"65","000","00","004","0426","1563","724","462","262","45","769","1222","0","62.93","37.81"
"65","000","00","004","0426","1564","684","446","238","36","720","1157","0","62.23","38.55"
"65","000","00","004","0426","1565","724","404","320","41","765","1168","0","65.5","34.59"
"65","000","00","004","0427","0000","1457","858","599","70","1527","2655","0","57.51","32.32"
"65","000","00","004","0427","1566","713","417","296","41","754","1283","0","58.77","32.5"
"65","000","00","004","0427","1567","744","441","303","29","773","1372","0","56.34","32.14"
"65","000","00","004","0428","0000","1678","992","686","70","1748","2979","0","58.68","33.3"
"65","000","00","004","0428","1610","856","499","357","28","884","1551","0","57.0","32.17"
"65","000","00","004","0428","1611","822","493","329","42","864","1428","0","60.5","34.52"
"65","000","00","004","0429","0000","1344","839","505","77","1421","2239","0","63.47","37.47"
"65","000","00","004","0429","1608","735","478","257","44","779","1221","0","63.8","39.15"
"65","000","00","004","0429","1609","609","361","248","33","642","1018","0","63.06","35.46"
"65","000","00","004","0430","0000","2298","1377","921","75","2373","3932","0","60.35","35.02"
"65","000","00","004","0430","1551","723","442","281","26","749","1210","0","61.9","36.53"
"65","000","00","004","0430","1552","931","586","345","26","957","1630","0","58.71","35.95"
"65","000","00","004","0430","1553","644","349","295","23","667","1092","0","61.08","31.96"
"65","000","00","004","0431","0000","2492","1601","891","82","2574","4196","0","61.34","38.16"
"65","000","00","004","0431","1547","580","369","211","22","602","991","0","60.75","37.24"
"65","000","00","004","0431","1548","620","383","237","19","639","1016","0","62.89","37.7"
"65","000","00","004","0431","1549","670","432","238","23","693","1146","0","60.47","37.7"
"65","000","00","004","0431","1550","622","417","205","18","640","1043","0","61.36","39.98"
"65","000","00","004","0432","0000","1415","867","548","58","1473","2334","0","63.11","37.15"
"65","000","00","004","0432","1556","627","387","240","26","653","1049","0","62.25","36.89"
"65","000","00","004","0432","1557","788","480","308","32","820","1285","0","63.81","37.35"
"65","000","00","004","0433","0000","2335","1412","923","111","2446","4225","0","57.89","33.42"
"65","000","00","004","0433","1576","664","404","260","29","693","1177","0","58.88","34.32"
"65","000","00","004","0433","1577","877","534","343","48","925","1557","0","59.41","34.3"
"65","000","00","004","0433","1578","794","474","320","34","828","1491","0","55.53","31.79"
"65","000","00","004","0434","0000","1825","1076","749","90","1915","3434","0","55.77","31.33"
"65","000","00","004","0434","1536","922","534","388","44","966","1713","0","56.39","31.17"
"65","000","00","004","0434","1537","903","542","361","46","949","1721","0","55.14","31.49"
"65","000","00","004","0435","0000","2481","1533","948","122","2603","4177","0","62.32","36.7"
"65","000","00","004","0435","1540","811","482","329","43","854","1348","0","63.35","35.76"
"65","000","00","004","0435","1541","893","577","316","37","930","1461","0","63.66","39.49"
"65","000","00","004","0435","1542","777","474","303","42","819","1368","0","59.87","34.65"
"65","000","00","004","0436","0000","865","514","351","57","922","1554","0","59.33","33.08"
"65","000","00","004","0436","1476","865","514","351","57","922","1554","0","59.33","33.08"
"65","000","00","004","0437","0000","1240","800","440","62","1302","2107","0","61.79","37.97"
"65","000","00","004","0437","1478","516","332","184","27","543","854","0","63.58","38.88"
"65","000","00","004","0437","1479","724","468","256","35","759","1253","0","60.57","37.35"
"65","000","00","004","0438","0000","2631","1713","918","98","2729","4561","0","59.83","37.56"
"65","000","00","004","0438","1499","855","575","280","33","888","1511","0","58.77","38.05"
"65","000","00","004","0438","1500","889","574","315","36","925","1470","0","62.93","39.05"
"65","000","00","004","0438","1501","887","564","323","29","916","1580","0","57.97","35.7"
"65","000","00","004","0439","0000","2316","1457","859","82","2398","3789","0","63.29","38.45"
"65","000","00","004","0439","1502","878","532","346","31","909","1438","0","63.21","37.0"
"65","000","00","004","0439","1503","802","519","283","28","830","1305","0","63.6","39.77"
"65","000","00","004","0439","1504","636","406","230","23","659","1046","0","63.0","38.81"
"65","000","00","004","0440","0000","1663","1078","585","73","1736","2938","0","59.09","36.69"
"65","000","00","004","0440","1545","837","528","309","23","860","1516","0","56.73","34.83"
"65","000","00","004","0440","1546","826","550","276","50","876","1422","0","61.6","38.68"
"65","000","00","004","0441","0000","395","255","140","34","429","768","0","55.86","33.2"
"65","000","00","004","0441","1596","395","255","140","34","429","768","0","55.86","33.2"
"65","000","00","004","0442","0000","507","322","185","21","528","853","0","61.9","37.75"
"65","000","00","004","0442","1595","507","322","185","21","528","853","0","61.9","37.75"
"65","000","00","004","0443","0000","1031","640","391","59","1090","1898","0","57.43","33.72"
"65","000","00","004","0443","1572","1031","640","391","59","1090","1898","0","57.43","33.72"
"65","000","00","004","0444","0000","2485","1534","951","125","2610","4271","0","61.11","35.92"
"65","000","00","004","0444","1573","896","547","349","38","934","1508","0","61.94","36.27"
"65","000","00","004","0444","1574","796","487","309","41","837","1341","0","62.42","36.32"
"65","000","00","004","0444","1575","793","500","293","46","839","1422","0","59.0","35.16"
"65","000","00","004","0445","0000","1177","707","470","80","1257","2011","0","62.51","35.16"
"65","000","00","004","0445","1612","602","363","239","46","648","1044","0","62.07","34.77"
"65","000","00","004","0445","1613","575","344","231","34","609","967","0","62.98","35.57"
"65","000","00","004","0446","0000","1972","1216","756","107","2079","3545","0","58.65","34.3"
"65","000","00","004","0446","1593","1051","654","397","66","1117","1938","0","57.64","33.75"
"65","000","00","004","0446","1594","921","562","359","41","962","1607","0","59.86","34.97"
"65","000","00","004","0447","0000","2519","1491","1028","124","2643","4361","0","60.61","34.19"
"65","000","00","004","0447","1511","901","553","348","68","969","1649","0","58.76","33.54"
"65","000","00","004","0447","1512","726","424","302","28","754","1206","0","62.52","35.16"
"65","000","00","004","0447","1513","892","514","378","28","920","1506","0","61.09","34.13"
"65","000","00","004","0448","0000","1599","968","631","71","1670","2823","0","59.16","34.29"
"65","000","00","004","0448","1509","912","555","357","43","955","1720","0","55.52","32.27"
"65","000","00","004","0448","1510","687","413","274","28","715","1103","0","64.82","37.44"
"65","000","00","004","0449","0000","1999","1266","733","103","2102","3465","0","60.66","36.54"
"65","000","00","004","0449","1533","614","382","232","20","634","1115","0","56.86","34.26"
"65","000","00","004","0449","1534","692","447","245","36","728","1133","0","64.25","39.45"
"65","000","00","004","0449","1535","693","437","256","47","740","1217","0","60.81","35.91"
"65","000","00","004","0450","0000","1325","810","515","36","1361","2331","0","58.39","34.75"
"65","000","00","004","0450","1529","679","419","260","24","703","1223","0","57.48","34.26"
"65","000","00","004","0450","1530","646","391","255","12","658","1108","0","59.39","35.29"
"65","000","00","004","0451","0000","1679","1027","652","94","1773","3104","0","57.12","33.09"
"65","000","00","004","0451","1484","882","520","362","61","943","1650","0","57.15","31.52"
"65","000","00","004","0451","1485","797","507","290","33","830","1454","0","57.08","34.87"
"65","000","00","004","0452","0000","621","406","215","18","639","1065","0","60.0","38.12"
"65","000","00","004","0452","1477","621","406","215","18","639","1065","0","60.0","38.12"
"65","000","00","004","0453","0000","1163","723","440","47","1210","2025","0","59.75","35.7"
"65","000","00","004","0453","1493","625","381","244","29","654","1084","0","60.33","35.15"
"65","000","00","004","0453","1494","538","342","196","18","556","941","0","59.09","36.34"
"65","000","00","004","0454","0000","1521","944","577","76","1597","2835","0","56.33","33.3"
"65","000","00","004","0454","1491","737","467","270","40","777","1397","0","55.62","33.43"
"65","000","00","004","0454","1492","784","477","307","36","820","1438","0","57.02","33.17"
"65","000","00","004","0455","0000","1735","1114","621","70","1805","3298","0","54.73","33.78"
"65","000","00","004","0455","1482","914","589","325","45","959","1735","0","55.27","33.95"
"65","000","00","004","0455","1483","821","525","296","25","846","1563","0","54.13","33.59"
"65","000","00","004","0456","0000","2053","1292","761","77","2130","3653","0","58.31","35.37"
"65","000","00","004","0456","1554","1061","660","401","48","1109","1872","0","59.24","35.26"
"65","000","00","004","0456","1555","992","632","360","29","1021","1781","0","57.33","35.49"
"65","000","00","004","0457","0000","1358","811","547","50","1408","2411","0","58.4","33.64"
"65","000","00","004","0457","1603","747","434","313","37","784","1368","0","57.31","31.73"
"65","000","00","004","0457","1604","611","377","234","13","624","1043","0","59.83","36.15"
"65","000","00","004","0458","0000","995","597","398","41","1036","1709","0","60.62","34.93"
"65","000","00","004","0458","1605","995","597","398","41","1036","1709","0","60.62","34.93"
"65","000","00","004","0459","0000","1485","916","569","59","1544","2584","0","59.75","35.45"
"65","000","00","004","0459","1538","713","439","274","41","754","1327","0","56.82","33.08"
"65","000","00","004","0459","1539","772","477","295","18","790","1257","0","62.85","37.95"
"65","000","00","004","0460","0000","1560","962","598","76","1636","2673","0","61.2","35.99"
"65","000","00","004","0460","1531","833","511","322","30","863","1408","0","61.29","36.29"
"65","000","00","004","0460","1532","727","451","276","46","773","1265","0","61.11","35.65"
"65","000","00","004","0461","0000","1281","755","526","89","1370","2166","0","63.25","34.86"
"65","000","00","004","0461","1561","628","375","253","44","672","1068","0","62.92","35.11"
"65","000","00","004","0461","1562","653","380","273","45","698","1098","0","63.57","34.61"
"65","000","00","004","0462","0000","5223","3223","2000","157","5380","8673","0","62.03","37.16"
"65","000","00","004","0462","1586","629","371","258","29","658","1077","0","61.1","34.45"
"65","000","00","004","0462","1587","680","417","263","24","704","1157","0","60.85","36.04"
"65","000","00","004","0462","1588","828","513","315","26","854","1339","0","63.78","38.31"
"65","000","00","004","0462","1589","796","483","313","13","809","1306","0","61.94","36.98"
"65","000","00","004","0462","1590","772","490","282","13","785","1236","0","63.51","39.64"
"65","000","00","004","0462","1591","681","425","256","23","704","1133","0","62.14","37.51"
"65","000","00","004","0462","1592","837","524","313","29","866","1425","0","60.77","36.77"
"65","000","00","005","0000","0000","187928","111089","76839","9684","197612","344981","417405","57.28","32.2"
"65","000","00","005","0501","0000","2790","1629","1161","158","2948","4792","0","61.52","33.99"
"65","000","00","005","0501","0302","627","359","268","37","664","1123","0","59.13","31.97"
"65","000","00","005","0501","0303","745","416","329","42","787","1278","0","61.58","32.55"
"65","000","00","005","0501","0304","694","432","262","46","740","1163","0","63.63","37.15"
"65","000","00","005","0501","0305","724","422","302","33","757","1228","0","61.64","34.36"
"65","000","00","005","0502","0000","3815","2171","1644","166","3981","7166","0","55.55","30.3"
"65","000","00","005","0502","0328","683","400","283","40","723","1382","0","52.32","28.94"
"65","000","00","005","0502","0329","791","445","346","36","827","1475","0","56.07","30.17"
"65","000","00","005","0502","0330","821","465","356","25","846","1462","0","57.87","31.81"
"65","000","00","005","0502","0331","766","429","337","28","794","1426","0","55.68","30.08"
"65","000","00","005","0502","0332","754","432","322","37","791","1421","0","55.67","30.4"
"65","000","00","005","0503","0000","698","405","293","59","757","1341","0","56.45","30.2"
"65","000","00","005","0503","0449","698","405","293","59","757","1341","0","56.45","30.2"
"65","000","00","005","0504","0000","2233","1352","881","123","2356","3923","0","60.06","34.46"
"65","000","00","005","0504","0306","670","409","261","45","715","1211","0","59.04","33.77"
"65","000","00","005","0504","0307","670","406","264","39","709","1176","0","60.29","34.52"
"65","000","00","005","0504","0308","893","537","356","39","932","1536","0","60.68","34.96"
"65","000","00","005","0505","0000","2101","1163","938","93","2194","3872","0","56.66","30.04"
"65","000","00","005","0505","0333","821","438","383","45","866","1536","0","56.38","28.52"
"65","000","00","005","0505","0334","884","500","384","36","920","1587","0","57.97","31.51"
"65","000","00","005","0505","0335","396","225","171","12","408","749","0","54.47","30.04"
"65","000","00","005","0506","0000","1720","982","738","115","1835","3313","0","55.39","29.64"
"65","000","00","005","0506","0446","622","367","255","37","659","1107","0","59.53","33.15"
"65","000","00","005","0506","0447","436","203","233","44","480","1063","0","45.16","19.1"
"65","000","00","005","0506","0448","662","412","250","34","696","1143","0","60.89","36.05"
"65","000","00","005","0507","0000","2351","1403","948","120","2471","4240","0","58.28","33.09"
"65","000","00","005","0507","0312","726","423","303","42","768","1353","0","56.76","31.26"
"65","000","00","005","0507","0313","825","496","329","53","878","1409","0","62.31","35.2"
"65","000","00","005","0507","0314","800","484","316","25","825","1478","0","55.82","32.75"
"65","000","00","005","0508","0000","2530","1640","890","152","2682","3930","0","68.24","41.73"
"65","000","00","005","0508","0383","733","441","292","53","786","1342","0","58.57","32.86"
"65","000","00","005","0508","0384","1133","822","311","48","1181","1341","0","88.07","61.3"
"65","000","00","005","0508","0385","664","377","287","51","715","1247","0","57.34","30.23"
"65","000","00","005","0509","0000","3395","1956","1439","140","3535","6296","0","56.15","31.07"
"65","000","00","005","0509","0501","802","456","346","35","837","1539","0","54.39","29.63"
"65","000","00","005","0509","0502","861","503","358","29","890","1586","0","56.12","31.72"
"65","000","00","005","0509","0503","895","519","376","38","933","1631","0","57.2","31.82"
"65","000","00","005","0509","0504","837","478","359","38","875","1540","0","56.82","31.04"
"65","000","00","005","0510","0000","1120","663","457","66","1186","1892","0","62.68","35.04"
"65","000","00","005","0510","0315","545","333","212","33","578","921","0","62.76","36.16"
"65","000","00","005","0510","0316","575","330","245","33","608","971","0","62.62","33.99"
"65","000","00","005","0511","0000","2865","1919","946","156","3021","5088","0","59.38","37.72"
"65","000","00","005","0511","0379","687","378","309","46","733","1167","0","62.81","32.39"
"65","000","00","005","0511","0380","707","420","287","44","751","1299","0","57.81","32.33"
"65","000","00","005","0511","0381","673","399","274","33","706","1207","0","58.49","33.06"
"65","000","00","005","0511","0382","798","722","76","33","831","1415","0","58.73","51.02"
"65","000","00","005","0512","0000","1406","811","595","89","1495","2771","0","53.95","29.27"
"65","000","00","005","0512","0518","675","405","270","47","722","1371","0","52.66","29.54"
"65","000","00","005","0512","0519","731","406","325","42","773","1400","0","55.21","29.0"
"65","000","00","005","0513","0000","1704","995","709","88","1792","3070","0","58.37","32.41"
"65","000","00","005","0513","0319","380","214","166","30","410","697","0","58.82","30.7"
"65","000","00","005","0513","0320","696","406","290","27","723","1235","0","58.54","32.87"
"65","000","00","005","0513","0321","628","375","253","31","659","1138","0","57.91","32.95"
"65","000","00","005","0514","0000","2301","1402","899","144","2445","4068","0","60.1","34.46"
"65","000","00","005","0514","0390","757","455","302","35","792","1346","0","58.84","33.8"
"65","000","00","005","0514","0391","761","466","295","57","818","1372","0","59.62","33.97"
"65","000","00","005","0514","0392","783","481","302","52","835","1350","0","61.85","35.63"
"65","000","00","005","0515","0000","5205","2996","2209","215","5420","9838","0","55.09","30.45"
"65","000","00","005","0515","0547","652","377","275","25","677","1126","0","60.12","33.48"
"65","000","00","005","0515","0548","685","398","287","36","721","1240","0","58.15","32.1"
"65","000","00","005","0515","0549","798","465","333","33","831","1460","0","56.92","31.85"
"65","000","00","005","0515","0550","570","313","257","27","597","1072","0","55.69","29.2"
"65","000","00","005","0515","0551","566","316","250","29","595","1127","0","52.8","28.04"
"65","000","00","005","0515","0552","753","448","305","28","781","1332","0","58.63","33.63"
"65","000","00","005","0515","0553","694","388","306","17","711","1341","0","53.02","28.93"
"65","000","00","005","0515","0554","487","291","196","20","507","1140","0","44.47","25.53"
"65","000","00","005","0516","0000","1349","786","563","57","1406","4462","0","31.51","17.62"
"65","000","00","005","0516","0322","540","342","198","20","560","1063","0","52.68","32.17"
"65","000","00","005","0516","0323","809","444","365","37","846","3399","0","24.89","13.06"
"65","000","00","005","0517","0000","2150","1314","836","135","2285","3947","0","57.89","33.29"
"65","000","00","005","0517","0393","686","400","286","46","732","1307","0","56.01","30.6"
"65","000","00","005","0517","0394","741","487","254","45","786","1353","0","58.09","35.99"
"65","000","00","005","0517","0395","723","427","296","44","767","1287","0","59.6","33.18"
"65","000","00","005","0518","0000","2816","1732","1084","148","2964","5155","0","57.5","33.6"
"65","000","00","005","0518","0452","718","417","301","33","751","1309","0","57.37","31.86"
"65","000","00","005","0518","0453","697","521","176","40","737","1216","0","60.61","42.85"
"65","000","00","005","0518","0454","666","379","287","26","692","1278","0","54.15","29.66"
"65","000","00","005","0518","0455","735","415","320","49","784","1352","0","57.99","30.7"
"65","000","00","005","0519","0000","878","531","347","58","936","1575","0","59.43","33.71"
"65","000","00","005","0519","0324","878","531","347","58","936","1575","0","59.43","33.71"
"65","000","00","005","0520","0000","1035","636","399","67","1102","1907","0","57.79","33.35"
"65","000","00","005","0520","0413","538","334","204","23","561","955","0","58.74","34.97"
"65","000","00","005","0520","0414","497","302","195","44","541","952","0","56.83","31.72"
"65","000","00","005","0521","0000","3072","1831","1241","191","3263","6100","0","53.49","30.02"
"65","000","00","005","0521","0485","781","489","292","46","827","1505","0","54.95","32.49"
"65","000","00","005","0521","0486","781","473","308","47","828","1527","0","54.22","30.98"
"65","000","00","005","0521","0487","742","426","316","38","780","1482","0","52.63","28.74"
"65","000","00","005","0521","0488","768","443","325","60","828","1586","0","52.21","27.93"
"65","000","00","005","0522","0000","951","525","426","56","1007","1615","0","62.35","32.51"
"65","000","00","005","0522","0325","951","525","426","56","1007","1615","0","62.35","32.51"
"65","000","00","005","0523","0000","3168","1942","1226","143","3311","5541","0","59.75","35.05"
"65","000","00","005","0523","0415","798","478","320","21","819","1412","0","58.0","33.85"
"65","000","00","005","0523","0416","788","477","311","39","827","1415","0","58.45","33.71"
"65","000","00","005","0523","0417","808","508","300","47","855","1421","0","60.17","35.75"
"65","000","00","005","0523","0418","774","479","295","36","810","1293","0","62.65","37.05"
"65","000","00","005","0524","0000","1155","662","493","79","1234","2161","0","57.1","30.63"
"65","000","00","005","0524","0491","569","323","246","41","610","1090","0","55.96","29.63"
"65","000","00","005","0524","0492","586","339","247","38","624","1071","0","58.26","31.65"
"65","000","00","005","0525","0000","2471","1440","1031","146","2617","4748","0","55.12","30.33"
"65","000","00","005","0525","0371","835","501","334","48","883","1571","0","56.21","31.89"
"65","000","00","005","0525","0372","817","468","349","44","861","1594","0","54.02","29.36"
"65","000","00","005","0525","0373","819","471","348","54","873","1583","0","55.15","29.75"
"65","000","00","005","0526","0000","1237","772","465","59","1296","2027","0","63.94","38.09"
"65","000","00","005","0526","0386","639","433","206","16","655","984","0","66.57","44.0"
"65","000","00","005","0526","0387","598","339","259","43","641","1043","0","61.46","32.5"
"65","000","00","005","0527","0000","2544","1405","1139","137","2681","4704","0","56.99","29.87"
"65","000","00","005","0527","0508","607","364","243","33","640","1181","0","54.19","30.82"
"65","000","00","005","0527","0509","622","341","281","42","664","1135","0","58.5","30.04"
"65","000","00","005","0527","0510","644","338","306","29","673","1173","0","57.37","28.82"
"65","000","00","005","0527","0511","671","362","309","33","704","1215","0","57.94","29.79"
"65","000","00","005","0528","0000","1244","700","544","112","1356","2406","0","56.36","29.09"
"65","000","00","005","0528","0362","582","301","281","53","635","1170","0","54.27","25.73"
"65","000","00","005","0528","0363","662","399","263","59","721","1236","0","58.33","32.28"
"65","000","00","005","0529","0000","1399","841","558","64","1463","2320","0","63.06","36.25"
"65","000","00","005","0529","0388","725","451","274","31","756","1135","0","66.61","39.74"
"65","000","00","005","0529","0389","674","390","284","33","707","1185","0","59.66","32.91"
"65","000","00","005","0530","0000","2557","1555","1002","152","2709","4728","0","57.3","32.89"
"65","000","00","005","0530","0353","833","484","349","60","893","1558","0","57.32","31.07"
"65","000","00","005","0530","0354","823","512","311","44","867","1567","0","55.33","32.67"
"65","000","00","005","0530","0355","901","559","342","48","949","1603","0","59.2","34.87"
"65","000","00","005","0531","0000","2628","1563","1065","151","2779","4477","0","62.07","34.91"
"65","000","00","005","0531","0443","866","522","344","54","920","1535","0","59.93","34.01"
"65","000","00","005","0531","0444","895","528","367","48","943","1492","0","63.2","35.39"
"65","000","00","005","0531","0445","867","513","354","49","916","1450","0","63.17","35.38"
"65","000","00","005","0532","0000","2954","1686","1268","126","3080","5219","0","59.02","32.31"
"65","000","00","005","0532","0523","694","393","301","45","739","1318","0","56.07","29.82"
"65","000","00","005","0532","0524","827","462","365","33","860","1411","0","60.95","32.74"
"65","000","00","005","0532","0525","716","424","292","20","736","1262","0","58.32","33.6"
"65","000","00","005","0532","0526","717","407","310","28","745","1228","0","60.67","33.14"
"65","000","00","005","0533","0000","2217","1310","907","138","2355","4251","0","55.4","30.82"
"65","000","00","005","0533","0344","673","398","275","44","717","1351","0","53.07","29.46"
"65","000","00","005","0533","0345","747","451","296","53","800","1403","0","57.02","32.15"
"65","000","00","005","0533","0346","797","461","336","41","838","1497","0","55.98","30.79"
"65","000","00","005","0534","0000","1652","988","664","71","1723","3285","0","52.45","30.08"
"65","000","00","005","0534","0438","788","482","306","34","822","1633","0","50.34","29.52"
"65","000","00","005","0534","0439","864","506","358","37","901","1652","0","54.54","30.63"
"65","000","00","005","0535","0000","1314","794","520","62","1376","2670","0","51.54","29.74"
"65","000","00","005","0535","0529","666","397","269","37","703","1326","0","53.02","29.94"
"65","000","00","005","0535","0530","648","397","251","25","673","1344","0","50.07","29.54"
"65","000","00","005","0536","0000","1599","962","637","101","1700","3126","0","54.38","30.77"
"65","000","00","005","0536","0326","798","466","332","53","851","1612","0","52.79","28.91"
"65","000","00","005","0536","0327","801","496","305","48","849","1514","0","56.08","32.76"
"65","000","00","005","0537","0000","2054","1255","799","87","2141","3484","0","61.45","36.02"
"65","000","00","005","0537","0400","665","406","259","44","709","1148","0","61.76","35.37"
"65","000","00","005","0537","0401","691","431","260","7","698","1201","0","58.12","35.89"
"65","000","00","005","0537","0402","698","418","280","36","734","1135","0","64.67","36.83"
"65","000","00","005","0538","0000","3234","1892","1342","190","3424","6209","0","55.15","30.47"
"65","000","00","005","0538","0542","616","337","279","45","661","1245","0","53.09","27.07"
"65","000","00","005","0538","0543","619","386","233","44","663","1212","0","54.7","31.85"
"65","000","00","005","0538","0544","652","368","284","36","688","1253","0","54.91","29.37"
"65","000","00","005","0538","0545","637","362","275","43","680","1272","0","53.46","28.46"
"65","000","00","005","0538","0546","710","439","271","22","732","1227","0","59.66","35.78"
"65","000","00","005","0539","0000","2105","1242","863","107","2212","3713","0","59.57","33.45"
"65","000","00","005","0539","0374","640","348","292","43","683","1245","0","54.86","27.95"
"65","000","00","005","0539","0375","701","432","269","29","730","1203","0","60.68","35.91"
"65","000","00","005","0539","0376","764","462","302","35","799","1265","0","63.16","36.52"
"65","000","00","005","0540","0000","1117","612","505","70","1187","1990","0","59.65","30.75"
"65","000","00","005","0540","0458","442","249","193","27","469","881","0","53.23","28.26"
"65","000","00","005","0540","0459","675","363","312","43","718","1109","0","64.74","32.73"
"65","000","00","005","0541","0000","2056","1196","860","116","2172","3833","0","56.67","31.2"
"65","000","00","005","0541","0537","701","413","288","20","721","1301","0","55.42","31.74"
"65","000","00","005","0541","0538","673","394","279","54","727","1262","0","57.61","31.22"
"65","000","00","005","0541","0539","682","389","293","42","724","1270","0","57.01","30.63"
"65","000","00","005","0542","0000","1302","851","451","57","1359","2442","0","55.65","34.85"
"65","000","00","005","0542","0369","680","443","237","29","709","1225","0","57.88","36.16"
"65","000","00","005","0542","0370","622","408","214","28","650","1217","0","53.41","33.53"
"65","000","00","005","0543","0000","3919","2271","1648","203","4122","7475","0","55.14","30.38"
"65","000","00","005","0543","0460","670","375","295","51","721","1291","0","55.85","29.05"
"65","000","00","005","0543","0461","682","413","269","23","705","1293","0","54.52","31.94"
"65","000","00","005","0543","0462","748","429","319","40","788","1336","0","58.98","32.11"
"65","000","00","005","0543","0463","712","425","287","34","746","1384","0","53.9","30.71"
"65","000","00","005","0543","0464","613","358","255","25","638","1231","0","51.83","29.08"
"65","000","00","005","0543","0465","494","271","223","30","524","940","0","55.74","28.83"
"65","000","00","005","0544","0000","2209","1326","883","116","2325","4010","0","57.98","33.07"
"65","000","00","005","0544","0531","728","437","291","38","766","1355","0","56.53","32.25"
"65","000","00","005","0544","0532","706","419","287","52","758","1306","0","58.04","32.08"
"65","000","00","005","0544","0533","775","470","305","26","801","1349","0","59.38","34.84"
"65","000","00","005","0545","0000","2511","1545","966","139","2650","4756","0","55.72","32.49"
"65","000","00","005","0545","0366","963","599","364","26","989","1586","0","62.36","37.77"
"65","000","00","005","0545","0367","800","497","303","33","833","1597","0","52.16","31.12"
"65","000","00","005","0545","0368","748","449","299","80","828","1573","0","52.64","28.54"
"65","000","00","005","0546","0000","2136","1270","866","171","2307","4025","0","57.32","31.55"
"65","000","00","005","0546","0466","699","407","292","69","768","1369","0","56.1","29.73"
"65","000","00","005","0546","0467","730","449","281","53","783","1384","0","56.58","32.44"
"65","000","00","005","0546","0468","707","414","293","49","756","1272","0","59.43","32.55"
"65","000","00","005","0547","0000","2102","1289","813","129","2231","3876","0","57.56","33.26"
"65","000","00","005","0547","0347","726","449","277","48","774","1272","0","60.85","35.3"
"65","000","00","005","0547","0348","630","400","230","30","660","1269","0","52.01","31.52"
"65","000","00","005","0547","0349","746","440","306","51","797","1335","0","59.7","32.96"
"65","000","00","005","0548","0000","4960","2988","1972","211","5171","9217","0","56.1","32.42"
"65","000","00","005","0548","0471","832","477","355","18","850","1528","0","55.63","31.22"
"65","000","00","005","0548","0472","639","389","250","42","681","1244","0","54.74","31.27"
"65","000","00","005","0548","0473","690","452","238","35","725","1356","0","53.47","33.33"
"65","000","00","005","0548","0474","589","370","219","19","608","1164","0","52.23","31.79"
"65","000","00","005","0548","0475","799","475","324","40","839","1423","0","58.96","33.38"
"65","000","00","005","0548","0476","746","440","306","31","777","1250","0","62.16","35.2"
"65","000","00","005","0548","0477","665","385","280","26","691","1252","0","55.19","30.75"
"65","000","00","005","0549","0000","1179","694","485","72","1251","2200","0","56.86","31.55"
"65","000","00","005","0549","0364","560","344","216","43","603","1071","0","56.3","32.12"
"65","000","00","005","0549","0365","619","350","269","29","648","1129","0","57.4","31.0"
"65","000","00","005","0550","0000","4309","2442","1867","183","4492","7788","0","57.68","31.36"
"65","000","00","005","0550","0480","926","526","400","33","959","1646","0","58.26","31.96"
"65","000","00","005","0550","0481","802","454","348","56","858","1551","0","55.32","29.27"
"65","000","00","005","0550","0482","873","505","368","36","909","1526","0","59.57","33.09"
"65","000","00","005","0550","0483","849","475","374","22","871","1518","0","57.38","31.29"
"65","000","00","005","0550","0484","859","482","377","36","895","1547","0","57.85","31.16"
"65","000","00","005","0551","0000","1439","865","574","76","1515","2542","0","59.6","34.03"
"65","000","00","005","0551","0377","716","411","305","43","759","1255","0","60.48","32.75"
"65","000","00","005","0551","0378","723","454","269","33","756","1287","0","58.74","35.28"
"65","000","00","005","0552","0000","2166","1263","903","87","2253","4004","0","56.27","31.54"
"65","000","00","005","0552","0435","856","485","371","39","895","1584","0","56.5","30.62"
"65","000","00","005","0552","0436","855","509","346","18","873","1602","0","54.49","31.77"
"65","000","00","005","0552","0437","455","269","186","30","485","818","0","59.29","32.89"
"65","000","00","005","0553","0000","5018","2993","2025","197","5215","9369","0","55.66","31.95"
"65","000","00","005","0553","0429","791","467","324","38","829","1641","0","50.52","28.46"
"65","000","00","005","0553","0430","843","503","340","34","877","1633","0","53.7","30.8"
"65","000","00","005","0553","0431","865","513","352","18","883","1531","0","57.67","33.51"
"65","000","00","005","0553","0432","872","517","355","35","907","1517","0","59.79","34.08"
"65","000","00","005","0553","0433","789","470","319","40","829","1487","0","55.75","31.61"
"65","000","00","005","0553","0434","858","523","335","32","890","1560","0","57.05","33.53"
"65","000","00","005","0554","0000","4041","2334","1707","194","4235","7331","0","57.77","31.84"
"65","000","00","005","0554","0419","772","444","328","33","805","1475","0","54.58","30.1"
"65","000","00","005","0554","0420","785","453","332","38","823","1429","0","57.59","31.7"
"65","000","00","005","0554","0421","801","465","336","45","846","1481","0","57.12","31.4"
"65","000","00","005","0554","0422","840","501","339","50","890","1472","0","60.46","34.04"
"65","000","00","005","0554","0423","843","471","372","28","871","1474","0","59.09","31.95"
"65","000","00","005","0555","0000","1983","1141","842","149","2132","4163","0","51.21","27.41"
"65","000","00","005","0555","0505","673","377","296","40","713","1388","0","51.37","27.16"
"65","000","00","005","0555","0506","654","379","275","62","716","1388","0","51.59","27.31"
"65","000","00","005","0555","0507","656","385","271","47","703","1387","0","50.68","27.76"
"65","000","00","005","0556","0000","1312","886","426","78","1390","2241","0","62.03","39.54"
"65","000","00","005","0556","0499","649","401","248","38","687","1130","0","60.8","35.49"
"65","000","00","005","0556","0500","663","485","178","40","703","1111","0","63.28","43.65"
"65","000","00","005","0557","0000","1716","1054","662","73","1789","3276","0","54.61","32.17"
"65","000","00","005","0557","0396","742","476","266","25","767","1567","0","48.95","30.38"
"65","000","00","005","0557","0397","974","578","396","48","1022","1709","0","59.8","33.82"
"65","000","00","005","0558","0000","1646","955","691","76","1722","3244","0","53.08","29.44"
"65","000","00","005","0558","0398","831","487","344","30","861","1616","0","53.28","30.14"
"65","000","00","005","0558","0399","815","468","347","46","861","1628","0","52.89","28.75"
"65","000","00","005","0559","0000","2303","1355","948","118","2421","4258","0","56.86","31.82"
"65","000","00","005","0559","0440","791","480","311","35","826","1498","0","55.14","32.04"
"65","000","00","005","0559","0441","731","411","320","41","772","1379","0","55.98","29.8"
"65","000","00","005","0559","0442","781","464","317","42","823","1381","0","59.59","33.6"
"65","000","00","005","0560","0000","2644","1568","1076","151","2795","4394","0","63.61","35.69"
"65","000","00","005","0560","0309","887","536","351","45","932","1486","0","62.72","36.07"
"65","000","00","005","0560","0310","915","535","380","58","973","1513","0","64.31","35.36"
"65","000","00","005","0560","0311","842","497","345","48","890","1395","0","63.8","35.63"
"65","000","00","005","0561","0000","1803","1077","726","123","1926","3322","0","57.98","32.42"
"65","000","00","005","0561","0360","979","558","421","57","1036","1696","0","61.08","32.9"
"65","000","00","005","0561","0361","824","519","305","66","890","1626","0","54.74","31.92"
"65","000","00","005","0562","0000","3182","1839","1343","144","3326","5442","0","61.12","33.79"
"65","000","00","005","0562","0409","827","487","340","45","872","1389","0","62.78","35.06"
"65","000","00","005","0562","0410","717","418","299","33","750","1272","0","58.96","32.86"
"65","000","00","005","0562","0411","818","449","369","32","850","1409","0","60.33","31.87"
"65","000","00","005","0562","0412","820","485","335","34","854","1372","0","62.24","35.35"
"65","000","00","005","0563","0000","1793","1042","751","67","1860","3243","0","57.35","32.13"
"65","000","00","005","0563","0358","889","521","368","30","919","1698","0","54.12","30.68"
"65","000","00","005","0563","0359","904","521","383","37","941","1545","0","60.91","33.72"
"65","000","00","005","0564","0000","3287","1914","1373","95","3382","5852","0","57.79","32.71"
"65","000","00","005","0564","0340","844","494","350","20","864","1493","0","57.87","33.09"
"65","000","00","005","0564","0341","836","478","358","42","878","1507","0","58.26","31.72"
"65","000","00","005","0564","0342","825","474","351","12","837","1456","0","57.49","32.55"
"65","000","00","005","0564","0343","782","468","314","21","803","1396","0","57.52","33.52"
"65","000","00","005","0565","0000","1727","1050","677","82","1809","3050","0","59.31","34.43"
"65","000","00","005","0565","0317","920","546","374","44","964","1534","0","62.84","35.59"
"65","000","00","005","0565","0318","807","504","303","38","845","1516","0","55.74","33.25"
"65","000","00","005","0566","0000","1773","1027","746","132","1905","3301","0","57.71","31.11"
"65","000","00","005","0566","0497","904","541","363","65","969","1689","0","57.37","32.03"
"65","000","00","005","0566","0498","869","486","383","67","936","1612","0","58.06","30.15"
"65","000","00","005","0567","0000","1197","711","486","98","1295","2105","0","61.52","33.78"
"65","000","00","005","0567","0489","558","330","228","63","621","1065","0","58.31","30.99"
"65","000","00","005","0567","0490","639","381","258","35","674","1040","0","64.81","36.63"
"65","000","00","005","0568","0000","1209","720","489","83","1292","2340","0","55.21","30.77"
"65","000","00","005","0568","0456","633","377","256","46","679","1298","0","52.31","29.04"
"65","000","00","005","0568","0457","576","343","233","37","613","1042","0","58.83","32.92"
"65","000","00","005","0569","0000","1584","904","680","81","1665","2712","0","61.39","33.33"
"65","000","00","005","0569","0495","803","455","348","48","851","1362","0","62.48","33.41"
"65","000","00","005","0569","0496","781","449","332","33","814","1350","0","60.3","33.26"
"65","000","00","005","0570","0000","3180","1837","1343","153","3333","5880","0","56.68","31.24"
"65","000","00","005","0570","0512","827","493","334","52","879","1488","0","59.07","33.13"
"65","000","00","005","0570","0513","782","437","345","43","825","1444","0","57.13","30.26"
"65","000","00","005","0570","0514","806","488","318","32","838","1499","0","55.9","32.56"
"65","000","00","005","0570","0515","765","419","346","26","791","1449","0","54.59","28.92"
"65","000","00","005","0571","0000","2245","1281","964","181","2426","4371","0","55.5","29.31"
"65","000","00","005","0571","0520","749","429","320","66","815","1457","0","55.94","29.44"
"65","000","00","005","0571","0521","773","433","340","52","825","1502","0","54.93","28.83"
"65","000","00","005","0571","0522","723","419","304","63","786","1412","0","55.67","29.67"
"65","000","00","005","0572","0000","2906","1718","1188","152","3058","5129","0","59.62","33.5"
"65","000","00","005","0572","0336","729","428","301","38","767","1276","0","60.11","33.54"
"65","000","00","005","0572","0337","706","431","275","29","735","1303","0","56.41","33.08"
"65","000","00","005","0572","0338","726","422","304","48","774","1259","0","61.48","33.52"
"65","000","00","005","0572","0339","745","437","308","37","782","1291","0","60.57","33.85"
"65","000","00","005","0573","0000","1795","1038","757","45","1840","3209","0","57.34","32.35"
"65","000","00","005","0573","0356","859","507","352","15","874","1538","0","56.83","32.96"
"65","000","00","005","0573","0357","936","531","405","30","966","1671","0","57.81","31.78"
"65","000","00","005","0574","0000","2297","1336","961","75","2372","3841","0","61.75","34.78"
"65","000","00","005","0574","0350","771","426","345","24","795","1300","0","61.15","32.77"
"65","000","00","005","0574","0351","736","440","296","13","749","1286","0","58.24","34.21"
"65","000","00","005","0574","0352","790","470","320","38","828","1255","0","65.98","37.45"
"65","000","00","005","0575","0000","4183","2500","1683","140","4323","7288","0","59.32","34.3"
"65","000","00","005","0575","0424","850","492","358","25","875","1462","0","59.85","33.65"
"65","000","00","005","0575","0425","866","513","353","21","887","1484","0","59.77","34.57"
"65","000","00","005","0575","0426","809","503","306","36","845","1461","0","57.84","34.43"
"65","000","00","005","0575","0427","827","488","339","31","858","1444","0","59.42","33.8"
"65","000","00","005","0575","0428","831","504","327","27","858","1437","0","59.71","35.07"
"65","000","00","005","0576","0000","5343","3133","2210","211","5554","9313","0","59.64","33.64"
"65","000","00","005","0576","0403","887","512","375","39","926","1495","0","61.94","34.25"
"65","000","00","005","0576","0404","858","484","374","51","909","1486","0","61.17","32.57"
"65","000","00","005","0576","0405","871","519","352","31","902","1483","0","60.82","35.0"
"65","000","00","005","0576","0406","820","493","327","37","857","1553","0","55.18","31.75"
"65","000","00","005","0576","0407","982","573","409","21","1003","1625","0","61.72","35.26"
"65","000","00","005","0576","0408","925","552","373","32","957","1671","0","57.27","33.03"
"65","000","00","005","0577","0000","1213","737","476","63","1276","2159","0","59.1","34.14"
"65","000","00","005","0577","0450","595","368","227","29","624","1063","0","58.7","34.62"
"65","000","00","005","0577","0451","618","369","249","34","652","1096","0","59.49","33.67"
"65","000","00","005","0578","0000","1679","977","702","63","1742","3402","0","51.21","28.72"
"65","000","00","005","0578","0493","846","489","357","37","883","1704","0","51.82","28.7"
"65","000","00","005","0578","0494","833","488","345","26","859","1698","0","50.59","28.74"
"65","000","00","005","0579","0000","1078","621","457","50","1128","1981","0","56.94","31.35"
"65","000","00","005","0579","0478","542","320","222","17","559","1022","0","54.7","31.31"
"65","000","00","005","0579","0479","536","301","235","33","569","959","0","59.33","31.39"
"65","000","00","005","0580","0000","1180","705","475","62","1242","2131","0","58.28","33.08"
"65","000","00","005","0580","0469","607","370","237","32","639","1073","0","59.55","34.48"
"65","000","00","005","0580","0470","573","335","238","30","603","1058","0","56.99","31.66"
"65","000","00","005","0581","0000","1739","981","758","104","1843","3288","0","56.05","29.84"
"65","000","00","005","0581","0516","878","491","387","55","933","1640","0","56.89","29.94"
"65","000","00","005","0581","0517","861","490","371","49","910","1648","0","55.22","29.73"
"65","000","00","005","0582","0000","1949","1129","820","102","2051","3509","0","58.45","32.17"
"65","000","00","005","0582","0527","982","548","434","42","1024","1748","0","58.58","31.35"
"65","000","00","005","0582","0528","967","581","386","60","1027","1761","0","58.32","32.99"
"65","000","00","005","0583","0000","2165","1300","865","105","2270","3784","0","59.99","34.36"
"65","000","00","005","0583","0534","708","432","276","30","738","1265","0","58.34","34.15"
"65","000","00","005","0583","0535","737","437","300","43","780","1282","0","60.84","34.09"
"65","000","00","005","0583","0536","720","431","289","32","752","1237","0","60.79","34.84"
"65","000","00","005","0584","0000","1336","763","573","86","1422","2465","0","57.69","30.95"
"65","000","00","005","0584","0540","691","389","302","42","733","1245","0","58.88","31.24"
"65","000","00","005","0584","0541","645","374","271","44","689","1220","0","56.48","30.66"
"65","000","00","006","0000","0000","143607","88798","54809","6412","150019","264053","302055","56.81","33.63"
"65","000","00","006","0601","0000","1654","1051","603","113","1767","3019","0","58.53","34.81"
"65","000","00","006","0601","2049","866","555","311","51","917","1552","0","59.09","35.76"
"65","000","00","006","0601","2050","788","496","292","62","850","1467","0","57.94","33.81"
"65","000","00","006","0602","0000","2060","1258","802","103","2163","3593","0","60.2","35.01"
"65","000","00","006","0602","2051","756","463","293","44","800","1371","0","58.35","33.77"
"65","000","00","006","0602","2052","583","359","224","23","606","991","0","61.15","36.23"
"65","000","00","006","0602","2053","721","436","285","36","757","1231","0","61.49","35.42"
"65","000","00","006","0603","0000","1920","1194","726","89","2009","3408","0","58.95","35.04"
"65","000","00","006","0603","2054","958","591","367","41","999","1701","0","58.73","34.74"
"65","000","00","006","0603","2055","962","603","359","48","1010","1707","0","59.17","35.33"
"65","000","00","006","0604","0000","1942","1233","709","71","2013","3639","0","55.32","33.88"
"65","000","00","006","0604","2056","991","631","360","30","1021","1773","0","57.59","35.59"
"65","000","00","006","0604","2057","951","602","349","41","992","1866","0","53.16","32.26"
"65","000","00","006","0605","0000","2917","1766","1151","120","3037","4958","0","61.25","35.62"
"65","000","00","006","0605","2058","1000","612","388","35","1035","1735","0","59.65","35.27"
"65","000","00","006","0605","2059","1013","612","401","37","1050","1632","0","64.34","37.5"
"65","000","00","006","0605","2060","904","542","362","48","952","1591","0","59.84","34.07"
"65","000","00","006","0606","0000","2763","1710","1053","121","2884","4790","0","60.21","35.7"
"65","000","00","006","0606","2063","705","437","268","34","739","1260","0","58.65","34.68"
"65","000","00","006","0606","2064","1111","705","406","48","1159","1948","0","59.5","36.19"
"65","000","00","006","0606","2065","947","568","379","39","986","1582","0","62.33","35.9"
"65","000","00","006","0607","0000","2790","1772","1018","114","2904","5031","0","57.72","35.22"
"65","000","00","006","0607","2070","968","599","369","26","994","1735","0","57.29","34.52"
"65","000","00","006","0607","2071","924","623","301","46","970","1716","0","56.53","36.31"
"65","000","00","006","0607","2072","898","550","348","42","940","1580","0","59.49","34.81"
"65","000","00","006","0608","0000","3439","2115","1324","134","3573","5947","0","60.08","35.56"
"65","000","00","006","0608","2073","825","513","312","26","851","1358","0","62.67","37.78"
"65","000","00","006","0608","2074","948","571","377","54","1002","1610","0","62.24","35.47"
"65","000","00","006","0608","2075","749","443","306","28","777","1383","0","56.18","32.03"
"65","000","00","006","0608","2076","917","588","329","26","943","1596","0","59.09","36.84"
"65","000","00","006","0609","0000","1285","815","470","59","1344","2520","0","53.33","32.34"
"65","000","00","006","0609","2077","686","429","257","40","726","1360","0","53.38","31.54"
"65","000","00","006","0609","2078","599","386","213","19","618","1160","0","53.28","33.28"
"65","000","00","006","0610","0000","1571","1098","473","45","1616","2470","0","65.43","44.45"
"65","000","00","006","0610","2079","796","577","219","23","819","1236","0","66.26","46.68"
"65","000","00","006","0610","2080","775","521","254","22","797","1234","0","64.59","42.22"
"65","000","00","006","0611","0000","1545","960","585","82","1627","2820","0","57.7","34.04"
"65","000","00","006","0611","2081","873","509","364","44","917","1579","0","58.07","32.24"
"65","000","00","006","0611","2082","672","451","221","38","710","1241","0","57.21","36.34"
"65","000","00","006","0612","0000","739","426","313","51","790","1578","0","50.06","27.0"
"65","000","00","006","0612","2085","739","426","313","51","790","1578","0","50.06","27.0"
"65","000","00","006","0613","0000","1408","883","525","105","1513","2917","0","51.87","30.27"
"65","000","00","006","0613","2086","751","457","294","48","799","1442","0","55.41","31.69"
"65","000","00","006","0613","2087","657","426","231","57","714","1475","0","48.41","28.88"
"65","000","00","006","0614","0000","4291","2626","1665","181","4472","7921","0","56.46","33.15"
"65","000","00","006","0614","2088","879","516","363","34","913","1580","0","57.78","32.66"
"65","000","00","006","0614","2089","862","524","338","27","889","1585","0","56.09","33.06"
"65","000","00","006","0614","2090","854","515","339","45","899","1586","0","56.68","32.47"
"65","000","00","006","0614","2091","1033","652","381","53","1086","1931","0","56.24","33.76"
"65","000","00","006","0614","2092","663","419","244","22","685","1239","0","55.29","33.82"
"65","000","00","006","0615","0000","2439","1536","903","127","2566","4617","0","55.58","33.27"
"65","000","00","006","0615","2097","975","599","376","44","1019","1885","0","54.06","31.78"
"65","000","00","006","0615","2098","698","459","239","41","739","1345","0","54.94","34.13"
"65","000","00","006","0615","2099","766","478","288","42","808","1387","0","58.26","34.46"
"65","000","00","006","0616","0000","5531","3341","2190","270","5801","10556","0","54.95","31.65"
"65","000","00","006","0616","2105","941","568","373","51","992","1835","0","54.06","30.95"
"65","000","00","006","0616","2106","1029","639","390","60","1089","2009","0","54.21","31.81"
"65","000","00","006","0616","2107","765","473","292","47","812","1450","0","56.0","32.62"
"65","000","00","006","0616","2108","923","549","374","40","963","1726","0","55.79","31.81"
"65","000","00","006","0616","2109","937","551","386","40","977","1797","0","54.37","30.66"
"65","000","00","006","0616","2110","936","561","375","32","968","1739","0","55.66","32.26"
"65","000","00","006","0617","0000","2821","1653","1168","107","2928","5599","0","52.3","29.52"
"65","000","00","006","0617","2114","829","492","337","29","858","1662","0","51.62","29.6"
"65","000","00","006","0617","2115","1147","679","468","38","1185","2067","0","57.33","32.85"
"65","000","00","006","0617","2116","845","482","363","40","885","1870","0","47.33","25.78"
"65","000","00","006","0618","0000","2758","1679","1079","150","2908","5222","0","55.69","32.15"
"65","000","00","006","0618","2123","521","313","208","26","547","1079","0","50.7","29.01"
"65","000","00","006","0618","2124","617","358","259","24","641","1140","0","56.23","31.4"
"65","000","00","006","0618","2125","954","596","358","51","1005","1825","0","55.07","32.66"
"65","000","00","006","0618","2126","666","412","254","49","715","1178","0","60.7","34.97"
"65","000","00","006","0619","0000","2453","1472","981","125","2578","5277","0","48.85","27.89"
"65","000","00","006","0619","2133","928","559","369","50","978","1992","0","49.1","28.06"
"65","000","00","006","0619","2134","766","445","321","38","804","1668","0","48.2","26.68"
"65","000","00","006","0619","2135","759","468","291","37","796","1617","0","49.23","28.94"
"65","000","00","006","0620","0000","2897","1759","1138","157","3054","5428","0","56.26","32.41"
"65","000","00","006","0620","2136","990","619","371","88","1078","2013","0","53.55","30.75"
"65","000","00","006","0620","2137","1011","611","400","35","1046","1791","0","58.4","34.12"
"65","000","00","006","0620","2138","896","529","367","34","930","1624","0","57.27","32.57"
"65","000","00","006","0621","0000","440","276","164","29","469","939","0","49.95","29.39"
"65","000","00","006","0621","2142","440","276","164","29","469","939","0","49.95","29.39"
"65","000","00","006","0622","0000","2643","1672","971","103","2746","4725","0","58.12","35.39"
"65","000","00","006","0622","2148","1053","655","398","33","1086","1860","0","58.39","35.22"
"65","000","00","006","0622","2149","885","574","311","37","922","1743","0","52.9","32.93"
"65","000","00","006","0622","2150","705","443","262","33","738","1122","0","65.78","39.48"
"65","000","00","006","0623","0000","2406","1283","1123","101","2507","4575","0","54.8","28.04"
"65","000","00","006","0623","2151","785","512","273","33","818","1468","0","55.72","34.88"
"65","000","00","006","0623","2152","933","350","583","40","973","1763","0","55.19","19.85"
"65","000","00","006","0623","2153","688","421","267","28","716","1344","0","53.27","31.32"
"65","000","00","006","0624","0000","384","245","139","24","408","753","0","54.18","32.54"
"65","000","00","006","0624","2154","384","245","139","24","408","753","0","54.18","32.54"
"65","000","00","006","0625","0000","1455","815","640","62","1517","2839","0","53.43","28.71"
"65","000","00","006","0625","2155","331","176","155","10","341","602","0","56.64","29.24"
"65","000","00","006","0625","2156","1124","639","485","52","1176","2237","0","52.57","28.57"
"65","000","00","006","0626","0000","1089","674","415","63","1152","2239","0","51.45","30.1"
"65","000","00","006","0626","2157","589","364","225","26","615","1096","0","56.11","33.21"
"65","000","00","006","0626","2158","500","310","190","37","537","1143","0","46.98","27.12"
"65","000","00","006","0627","0000","791","489","302","51","842","1569","0","53.66","31.17"
"65","000","00","006","0627","2159","791","489","302","51","842","1569","0","53.66","31.17"
"65","000","00","006","0628","0000","653","378","275","65","718","1284","0","55.92","29.44"
"65","000","00","006","0628","2160","653","378","275","65","718","1284","0","55.92","29.44"
"65","000","00","006","0629","0000","562","307","255","38","600","1189","0","50.46","25.82"
"65","000","00","006","0629","2161","151","76","75","10","161","439","0","36.67","17.31"
"65","000","00","006","0629","2162","411","231","180","28","439","750","0","58.53","30.8"
"65","000","00","006","0630","0000","2493","1353","1140","118","2611","4840","0","53.95","27.95"
"65","000","00","006","0630","2145","919","564","355","40","959","1838","0","52.18","30.69"
"65","000","00","006","0630","2146","781","463","318","35","816","1453","0","56.16","31.87"
"65","000","00","006","0630","2147","793","326","467","43","836","1549","0","53.97","21.05"
"65","000","00","006","0631","0000","856","516","340","42","898","1603","0","56.02","32.19"
"65","000","00","006","0631","1987","856","516","340","42","898","1603","0","56.02","32.19"
"65","000","00","006","0632","0000","1035","617","418","45","1080","1921","0","56.22","32.12"
"65","000","00","006","0632","1988","1035","617","418","45","1080","1921","0","56.22","32.12"
"65","000","00","006","0633","0000","1260","754","506","62","1322","2317","0","57.06","32.54"
"65","000","00","006","0633","1989","579","340","239","21","600","1082","0","55.45","31.42"
"65","000","00","006","0633","1990","681","414","267","41","722","1235","0","58.46","33.52"
"65","000","00","006","0634","0000","899","604","295","21","920","1568","0","58.67","38.52"
"65","000","00","006","0634","1991","899","604","295","21","920","1568","0","58.67","38.52"
"65","000","00","006","0635","0000","341","160","181","27","368","771","0","47.73","20.75"
"65","000","00","006","0635","1992","341","160","181","27","368","771","0","47.73","20.75"
"65","000","00","006","0636","0000","1262","836","426","65","1327","2264","0","58.61","36.93"
"65","000","00","006","0636","1993","695","396","299","28","723","1256","0","57.56","31.53"
"65","000","00","006","0636","1994","567","440","127","37","604","1008","0","59.92","43.65"
"65","000","00","006","0637","0000","2703","1758","945","116","2819","4701","0","59.97","37.4"
"65","000","00","006","0637","1995","852","556","296","42","894","1515","0","59.01","36.7"
"65","000","00","006","0637","1996","980","652","328","41","1021","1637","0","62.37","39.83"
"65","000","00","006","0637","1997","871","550","321","33","904","1549","0","58.36","35.51"
"65","000","00","006","0638","0000","3014","1864","1150","144","3158","5335","0","59.19","34.94"
"65","000","00","006","0638","1998","1213","783","430","45","1258","2011","0","62.56","38.94"
"65","000","00","006","0638","1999","855","522","333","53","908","1554","0","58.43","33.59"
"65","000","00","006","0638","2000","946","559","387","46","992","1770","0","56.05","31.58"
"65","000","00","006","0639","0000","1361","884","477","70","1431","2442","0","58.6","36.2"
"65","000","00","006","0639","2001","747","474","273","36","783","1316","0","59.5","36.02"
"65","000","00","006","0639","2002","614","410","204","34","648","1126","0","57.55","36.41"
"65","000","00","006","0640","0000","4444","2764","1680","181","4625","7834","0","59.04","35.28"
"65","000","00","006","0640","2003","768","462","306","35","803","1460","0","55.0","31.64"
"65","000","00","006","0640","2004","899","561","338","51","950","1584","0","59.97","35.42"
"65","000","00","006","0640","2005","803","484","319","32","835","1449","0","57.63","33.4"
"65","000","00","006","0640","2006","933","595","338","33","966","1520","0","63.55","39.14"
"65","000","00","006","0640","2007","1041","662","379","30","1071","1821","0","58.81","36.35"
"65","000","00","006","0641","0000","3793","2331","1462","136","3929","6728","0","58.4","34.65"
"65","000","00","006","0641","2008","1092","671","421","31","1123","1956","0","57.41","34.3"
"65","000","00","006","0641","2009","941","590","351","40","981","1665","0","58.92","35.44"
"65","000","00","006","0641","2010","932","572","360","38","970","1588","0","61.08","36.02"
"65","000","00","006","0641","2011","828","498","330","27","855","1519","0","56.29","32.78"
"65","000","00","006","0642","0000","2291","1463","828","116","2407","5969","0","40.33","24.51"
"65","000","00","006","0642","2014","660","426","234","34","694","1106","0","62.75","38.52"
"65","000","00","006","0642","2015","390","213","177","23","413","2700","0","15.3","7.89"
"65","000","00","006","0642","2016","590","392","198","20","610","995","0","61.31","39.4"
"65","000","00","006","0642","2017","651","432","219","39","690","1168","0","59.08","36.99"
"65","000","00","006","0643","0000","1401","894","507","70","1471","2208","0","66.62","40.49"
"65","000","00","006","0643","2018","724","485","239","40","764","1123","0","68.03","43.19"
"65","000","00","006","0643","2019","677","409","268","30","707","1085","0","65.16","37.7"
"65","000","00","006","0644","0000","3220","2009","1211","159","3379","5645","0","59.86","35.59"
"65","000","00","006","0644","2020","839","531","308","45","884","1412","0","62.61","37.61"
"65","000","00","006","0644","2021","952","576","376","29","981","1659","0","59.13","34.72"
"65","000","00","006","0644","2022","718","454","264","47","765","1198","0","63.86","37.9"
"65","000","00","006","0644","2023","711","448","263","38","749","1376","0","54.43","32.56"
"65","000","00","006","0645","0000","2133","1359","774","85","2218","3926","0","56.5","34.62"
"65","000","00","006","0645","2024","702","459","243","26","728","1300","0","56.0","35.31"
"65","000","00","006","0645","2025","699","431","268","29","728","1238","0","58.8","34.81"
"65","000","00","006","0645","2026","732","469","263","30","762","1388","0","54.9","33.79"
"65","000","00","006","0646","0000","1122","692","430","51","1173","1841","0","63.72","37.59"
"65","000","00","006","0646","2027","564","339","225","27","591","933","0","63.34","36.33"
"65","000","00","006","0646","2028","558","353","205","24","582","908","0","64.1","38.88"
"65","000","00","006","0647","0000","2043","1279","764","108","2151","3508","0","61.32","36.46"
"65","000","00","006","0647","2031","566","339","227","39","605","971","0","62.31","34.91"
"65","000","00","006","0647","2032","673","435","238","36","709","1145","0","61.92","37.99"
"65","000","00","006","0647","2033","804","505","299","33","837","1392","0","60.13","36.28"
"65","000","00","006","0648","0000","1675","1045","630","80","1755","2892","0","60.68","36.13"
"65","000","00","006","0648","2034","871","557","314","47","918","1452","0","63.22","38.36"
"65","000","00","006","0648","2035","804","488","316","33","837","1440","0","58.13","33.89"
"65","000","00","006","0649","0000","1979","1215","764","106","2085","3611","0","57.74","33.65"
"65","000","00","006","0649","2036","956","575","381","64","1020","1786","0","57.11","32.19"
"65","000","00","006","0649","2037","1023","640","383","42","1065","1825","0","58.36","35.07"
"65","000","00","006","0650","0000","1874","1172","702","66","1940","3227","0","60.12","36.32"
"65","000","00","006","0650","2038","881","553","328","28","909","1477","0","61.54","37.44"
"65","000","00","006","0650","2039","993","619","374","38","1031","1750","0","58.91","35.37"
"65","000","00","006","0651","0000","2072","1360","712","78","2150","3771","0","57.01","36.06"
"65","000","00","006","0651","2040","987","656","331","35","1022","1792","0","57.03","36.61"
"65","000","00","006","0651","2041","1085","704","381","43","1128","1979","0","57.0","35.57"
"65","000","00","006","0652","0000","2454","1608","846","72","2526","4133","0","61.12","38.91"
"65","000","00","006","0652","2042","488","303","185","18","506","826","0","61.26","36.68"
"65","000","00","006","0652","2043","1110","756","354","34","1144","1924","0","59.46","39.29"
"65","000","00","006","0652","2044","856","549","307","20","876","1383","0","63.34","39.7"
"65","000","00","006","0653","0000","409","261","148","23","432","830","0","52.05","31.45"
"65","000","00","006","0653","2045","409","261","148","23","432","830","0","52.05","31.45"
"65","000","00","006","0654","0000","3049","1912","1137","110","3159","5197","0","60.79","36.79"
"65","000","00","006","0654","2046","1033","664","369","42","1075","1759","0","61.11","37.75"
"65","000","00","006","0654","2047","1135","720","415","46","1181","1957","0","60.35","36.79"
"65","000","00","006","0654","2048","881","528","353","22","903","1481","0","60.97","35.65"
"65","000","00","006","0655","0000","1849","1180","669","69","1918","3135","0","61.18","37.64"
"65","000","00","006","0655","2119","996","642","354","39","1035","1712","0","60.46","37.5"
"65","000","00","006","0655","2120","853","538","315","30","883","1423","0","62.05","37.81"
"65","000","00","006","0656","0000","3523","2220","1303","135","3658","6684","0","54.73","33.21"
"65","000","00","006","0656","2093","1008","652","356","43","1051","1892","0","55.55","34.46"
"65","000","00","006","0656","2094","781","490","291","35","816","1529","0","53.37","32.05"
"65","000","00","006","0656","2095","767","503","264","28","795","1358","0","58.54","37.04"
"65","000","00","006","0656","2096","967","575","392","29","996","1905","0","52.28","30.18"
"65","000","00","006","0657","0000","2446","1502","944","94","2540","4334","0","58.61","34.66"
"65","000","00","006","0657","2139","684","442","242","33","717","1178","0","60.87","37.52"
"65","000","00","006","0657","2140","732","447","285","23","755","1277","0","59.12","35.0"
"65","000","00","006","0657","2141","1030","613","417","38","1068","1879","0","56.84","32.62"
"65","000","00","006","0658","0000","3599","2225","1374","145","3744","6377","0","58.71","34.89"
"65","000","00","006","0658","2066","730","449","281","37","767","1315","0","58.33","34.14"
"65","000","00","006","0658","2067","838","498","340","42","880","1562","0","56.34","31.88"
"65","000","00","006","0658","2068","1165","765","400","23","1188","1982","0","59.94","38.6"
"65","000","00","006","0658","2069","866","513","353","43","909","1518","0","59.88","33.79"
"65","000","00","006","0659","0000","2013","1235","778","98","2111","3435","0","61.46","35.95"
"65","000","00","006","0659","2121","957","570","387","48","1005","1666","0","60.32","34.21"
"65","000","00","006","0659","2122","1056","665","391","50","1106","1769","0","62.52","37.59"
"65","000","00","006","0660","0000","4747","2957","1790","167","4914","9469","0","51.9","31.23"
"65","000","00","006","0660","2127","767","479","288","32","799","1463","0","54.61","32.74"
"65","000","00","006","0660","2128","635","389","246","27","662","1152","0","57.47","33.77"
"65","000","00","006","0660","2129","920","548","372","30","950","2008","0","47.31","27.29"
"65","000","00","006","0660","2130","947","587","360","29","976","2120","0","46.04","27.69"
"65","000","00","006","0660","2131","677","441","236","19","696","1153","0","60.36","38.25"
"65","000","00","006","0660","2132","801","513","288","30","831","1573","0","52.83","32.61"
"65","000","00","006","0661","0000","1611","1023","588","85","1696","2829","0","59.95","36.16"
"65","000","00","006","0661","2029","866","550","316","49","915","1582","0","57.84","34.77"
"65","000","00","006","0661","2030","745","473","272","36","781","1247","0","62.63","37.93"
"65","000","00","006","0662","0000","1536","983","553","76","1612","3006","0","53.63","32.7"
"65","000","00","006","0662","2061","771","497","274","47","818","1495","0","54.72","33.24"
"65","000","00","006","0662","2062","765","486","279","29","794","1511","0","52.55","32.16"
"65","000","00","006","0663","0000","1325","812","513","51","1376","2489","0","55.28","32.62"
"65","000","00","006","0663","2083","710","434","276","21","731","1275","0","57.33","34.04"
"65","000","00","006","0663","2084","615","378","237","30","645","1214","0","53.13","31.14"
"65","000","00","006","0664","0000","2646","1677","969","68","2714","4809","0","56.44","34.87"
"65","000","00","006","0664","2111","832","512","320","26","858","1523","0","56.34","33.62"
"65","000","00","006","0664","2112","897","589","308","19","916","1642","0","55.79","35.87"
"65","000","00","006","0664","2113","917","576","341","23","940","1644","0","57.18","35.04"
"65","000","00","006","0665","0000","1401","845","556","54","1455","2280","0","63.82","37.06"
"65","000","00","006","0665","2012","720","438","282","32","752","1185","0","63.46","36.96"
"65","000","00","006","0665","2013","681","407","274","22","703","1095","0","64.2","37.17"
"65","000","00","006","0666","0000","2007","1208","799","103","2110","3797","0","55.57","31.81"
"65","000","00","006","0666","2100","1045","617","428","36","1081","1960","0","55.15","31.48"
"65","000","00","006","0666","2101","962","591","371","67","1029","1837","0","56.02","32.17"
"65","000","00","006","0667","0000","2826","1705","1121","110","2936","4983","0","58.92","34.22"
"65","000","00","006","0667","2102","916","558","358","33","949","1662","0","57.1","33.57"
"65","000","00","006","0667","2103","950","579","371","45","995","1617","0","61.53","35.81"
"65","000","00","006","0667","2104","960","568","392","32","992","1704","0","58.22","33.33"
"65","000","00","006","0668","0000","1892","1205","687","74","1966","3528","0","55.73","34.16"
"65","000","00","006","0668","2117","1044","650","394","44","1088","1982","0","54.89","32.8"
"65","000","00","006","0668","2118","848","555","293","30","878","1546","0","56.79","35.9"
"65","000","00","006","0669","0000","1357","825","532","72","1429","2394","0","59.69","34.46"
"65","000","00","006","0669","2143","523","293","230","24","547","960","0","56.98","30.52"
"65","000","00","006","0669","2144","834","532","302","48","882","1434","0","61.51","37.1"
"65","000","00","007","0000","0000","80135","47189","32946","4367","84502","152102","183780","55.56","31.02"
"65","000","00","007","0701","0000","1692","939","753","117","1809","3613","0","50.07","25.99"
"65","000","00","007","0701","1620","826","456","370","68","894","1897","0","47.13","24.04"
"65","000","00","007","0701","1621","866","483","383","49","915","1716","0","53.32","28.15"
"65","000","00","007","0702","0000","1907","1183","724","119","2026","3470","0","58.39","34.09"
"65","000","00","007","0702","1617","623","386","237","54","677","1211","0","55.9","31.87"
"65","000","00","007","0702","1618","624","366","258","39","663","1125","0","58.93","32.53"
"65","000","00","007","0702","1619","660","431","229","26","686","1134","0","60.49","38.01"
"65","000","00","007","0703","0000","2081","1225","856","124","2205","4252","0","51.86","28.81"
"65","000","00","007","0703","1614","697","399","298","47","744","1408","0","52.84","28.34"
"65","000","00","007","0703","1615","676","407","269","26","702","1310","0","53.59","31.07"
"65","000","00","007","0703","1616","708","419","289","51","759","1534","0","49.48","27.31"
"65","000","00","007","0704","0000","1701","927","774","90","1791","3296","0","54.34","28.13"
"65","000","00","007","0704","1643","607","343","264","45","652","1116","0","58.42","30.73"
"65","000","00","007","0704","1644","539","289","250","26","565","1077","0","52.46","26.83"
"65","000","00","007","0704","1645","555","295","260","19","574","1103","0","52.04","26.75"
"65","000","00","007","0705","0000","2960","1766","1194","126","3086","5619","0","54.92","31.43"
"65","000","00","007","0705","1639","760","420","340","27","787","1483","0","53.07","28.32"
"65","000","00","007","0705","1640","808","511","297","27","835","1524","0","54.79","33.53"
"65","000","00","007","0705","1641","770","462","308","38","808","1431","0","56.46","32.29"
"65","000","00","007","0705","1642","622","373","249","34","656","1181","0","55.55","31.58"
"65","000","00","007","0706","0000","1930","1151","779","143","2073","4297","0","48.24","26.79"
"65","000","00","007","0706","1633","646","381","265","62","708","1927","0","36.74","19.77"
"65","000","00","007","0706","1634","486","288","198","37","523","914","0","57.22","31.51"
"65","000","00","007","0706","1635","798","482","316","44","842","1456","0","57.83","33.1"
"65","000","00","007","0707","0000","2233","1289","944","112","2345","4468","0","52.48","28.85"
"65","000","00","007","0707","1624","771","431","340","34","805","1542","0","52.2","27.95"
"65","000","00","007","0707","1625","768","443","325","52","820","1470","0","55.78","30.14"
"65","000","00","007","0707","1626","694","415","279","26","720","1456","0","49.45","28.5"
"65","000","00","007","0708","0000","1771","1048","723","114","1885","3218","0","58.58","32.57"
"65","000","00","007","0708","1652","477","292","185","25","502","870","0","57.7","33.56"
"65","000","00","007","0708","1653","765","440","325","54","819","1338","0","61.21","32.88"
"65","000","00","007","0708","1654","529","316","213","35","564","1010","0","55.84","31.29"
"65","000","00","007","0709","0000","2540","1471","1069","130","2670","4558","0","58.58","32.27"
"65","000","00","007","0709","1657","841","489","352","48","889","1405","0","63.27","34.8"
"65","000","00","007","0709","1658","839","489","350","51","890","1587","0","56.08","30.81"
"65","000","00","007","0709","1659","860","493","367","31","891","1566","0","56.9","31.48"
"65","000","00","007","0710","0000","2135","1231","904","116","2251","3749","0","60.04","32.84"
"65","000","00","007","0710","1667","729","443","286","52","781","1268","0","61.59","34.94"
"65","000","00","007","0710","1668","729","414","315","24","753","1281","0","58.78","32.32"
"65","000","00","007","0710","1669","677","374","303","40","717","1200","0","59.75","31.17"
"65","000","00","007","0711","0000","1628","993","635","80","1708","2979","0","57.33","33.33"
"65","000","00","007","0711","1663","946","578","368","37","983","1701","0","57.79","33.98"
"65","000","00","007","0711","1664","682","415","267","43","725","1278","0","56.73","32.47"
"65","000","00","007","0712","0000","770","450","320","33","803","1491","0","53.86","30.18"
"65","000","00","007","0712","1670","770","450","320","33","803","1491","0","53.86","30.18"
"65","000","00","007","0713","0000","549","331","218","30","579","1066","0","54.32","31.05"
"65","000","00","007","0713","1671","549","331","218","30","579","1066","0","54.32","31.05"
"65","000","00","007","0714","0000","1673","997","676","75","1748","3132","0","55.81","31.83"
"65","000","00","007","0714","1686","854","506","348","34","888","1566","0","56.7","32.31"
"65","000","00","007","0714","1687","819","491","328","41","860","1566","0","54.92","31.35"
"65","000","00","007","0715","0000","1820","1100","720","116","1936","3427","0","56.49","32.1"
"65","000","00","007","0715","1676","660","396","264","28","688","1144","0","60.14","34.62"
"65","000","00","007","0715","1677","539","332","207","31","570","1059","0","53.82","31.35"
"65","000","00","007","0715","1678","621","372","249","57","678","1224","0","55.39","30.39"
"65","000","00","007","0716","0000","2267","1300","967","133","2400","4452","0","53.91","29.2"
"65","000","00","007","0716","1683","777","433","344","58","835","1514","0","55.15","28.6"
"65","000","00","007","0716","1684","752","442","310","32","784","1546","0","50.71","28.59"
"65","000","00","007","0716","1685","738","425","313","43","781","1392","0","56.11","30.53"
"65","000","00","007","0717","0000","2289","1375","914","131","2420","4572","0","52.93","30.07"
"65","000","00","007","0717","1673","824","516","308","53","877","1616","0","54.27","31.93"
"65","000","00","007","0717","1674","703","393","310","45","748","1589","0","47.07","24.73"
"65","000","00","007","0717","1675","762","466","296","33","795","1367","0","58.16","34.09"
"65","000","00","007","0718","0000","1461","808","653","104","1565","2883","0","54.28","28.03"
"65","000","00","007","0718","1699","815","430","385","42","857","1606","0","53.36","26.77"
"65","000","00","007","0718","1700","646","378","268","62","708","1277","0","55.44","29.6"
"65","000","00","007","0719","0000","2712","1579","1133","179","2891","5231","0","55.27","30.19"
"65","000","00","007","0719","1695","642","367","275","56","698","1247","0","55.97","29.43"
"65","000","00","007","0719","1696","699","428","271","56","755","1390","0","54.32","30.79"
"65","000","00","007","0719","1697","711","405","306","35","746","1293","0","57.7","31.32"
"65","000","00","007","0719","1698","660","379","281","32","692","1301","0","53.19","29.13"
"65","000","00","007","0720","0000","2383","1374","1009","133","2516","4264","0","59.01","32.22"
"65","000","00","007","0720","1692","934","547","387","64","998","1661","0","60.08","32.93"
"65","000","00","007","0720","1693","863","435","428","37","900","1585","0","56.78","27.44"
"65","000","00","007","0720","1694","586","392","194","32","618","1018","0","60.71","38.51"
"65","000","00","007","0721","0000","758","464","294","21","779","1683","0","46.29","27.57"
"65","000","00","007","0721","1708","758","464","294","21","779","1683","0","46.29","27.57"
"65","000","00","007","0722","0000","715","414","301","38","753","1565","0","48.12","26.45"
"65","000","00","007","0722","1722","715","414","301","38","753","1565","0","48.12","26.45"
"65","000","00","007","0723","0000","872","500","372","71","943","1638","0","57.57","30.53"
"65","000","00","007","0723","1714","872","500","372","71","943","1638","0","57.57","30.53"
"65","000","00","007","0724","0000","6416","3997","2419","284","6700","11772","0","56.91","33.95"
"65","000","00","007","0724","1715","842","461","381","33","875","1592","0","54.96","28.96"
"65","000","00","007","0724","1716","855","566","289","33","888","1521","0","58.38","37.21"
"65","000","00","007","0724","1717","991","618","373","42","1033","1707","0","60.52","36.2"
"65","000","00","007","0724","1718","953","587","366","59","1012","1741","0","58.13","33.72"
"65","000","00","007","0724","1719","897","570","327","32","929","1655","0","56.13","34.44"
"65","000","00","007","0724","1720","866","521","345","46","912","1775","0","51.38","29.35"
"65","000","00","007","0724","1721","1012","674","338","39","1051","1781","0","59.01","37.84"
"65","000","00","007","0725","0000","1047","581","466","53","1100","1966","0","55.95","29.55"
"65","000","00","007","0725","1723","470","247","223","32","502","936","0","53.63","26.39"
"65","000","00","007","0725","1724","577","334","243","21","598","1030","0","58.06","32.43"
"65","000","00","007","0726","0000","4311","2626","1685","160","4471","7662","0","58.35","34.27"
"65","000","00","007","0726","1709","793","460","333","51","844","1452","0","58.13","31.68"
"65","000","00","007","0726","1710","895","526","369","25","920","1592","0","57.79","33.04"
"65","000","00","007","0726","1711","910","539","371","30","940","1619","0","58.06","33.29"
"65","000","00","007","0726","1712","967","631","336","38","1005","1642","0","61.21","38.43"
"65","000","00","007","0726","1713","746","470","276","16","762","1357","0","56.15","34.64"
"65","000","00","007","0727","0000","507","302","205","52","559","877","0","63.74","34.44"
"65","000","00","007","0727","1672","507","302","205","52","559","877","0","63.74","34.44"
"65","000","00","007","0728","0000","1993","1106","887","113","2106","3846","0","54.76","28.76"
"65","000","00","007","0728","1646","731","401","330","45","776","1385","0","56.03","28.95"
"65","000","00","007","0728","1647","646","370","276","30","676","1266","0","53.4","29.23"
"65","000","00","007","0728","1648","616","335","281","38","654","1195","0","54.73","28.03"
"65","000","00","007","0729","0000","1700","1001","699","105","1805","3245","0","55.62","30.85"
"65","000","00","007","0729","1660","522","306","216","15","537","997","0","53.86","30.69"
"65","000","00","007","0729","1661","636","380","256","51","687","1187","0","57.88","32.01"
"65","000","00","007","0729","1662","542","315","227","39","581","1061","0","54.76","29.69"
"65","000","00","007","0730","0000","1849","1060","789","95","1944","3196","0","60.83","33.17"
"65","000","00","007","0730","1655","933","525","408","41","974","1658","0","58.75","31.66"
"65","000","00","007","0730","1656","916","535","381","54","970","1538","0","63.07","34.79"
"65","000","00","007","0731","0000","1910","1060","850","80","1990","3571","0","55.73","29.68"
"65","000","00","007","0731","1627","621","363","258","26","647","1124","0","57.56","32.3"
"65","000","00","007","0731","1628","635","359","276","23","658","1235","0","53.28","29.07"
"65","000","00","007","0731","1629","654","338","316","31","685","1212","0","56.52","27.89"
"65","000","00","007","0732","0000","1909","1116","793","130","2039","3764","0","54.17","29.65"
"65","000","00","007","0732","1630","590","357","233","46","636","1223","0","52.0","29.19"
"65","000","00","007","0732","1631","685","406","279","51","736","1335","0","55.13","30.41"
"65","000","00","007","0732","1632","634","353","281","33","667","1206","0","55.31","29.27"
"65","000","00","007","0733","0000","2501","1459","1042","155","2656","5192","0","51.16","28.1"
"65","000","00","007","0733","1679","548","334","214","34","582","1141","0","51.01","29.27"
"65","000","00","007","0733","1680","638","389","249","22","660","1396","0","47.28","27.87"
"65","000","00","007","0733","1681","602","333","269","35","637","1157","0","55.06","28.78"
"65","000","00","007","0733","1682","713","403","310","64","777","1498","0","51.87","26.9"
"65","000","00","007","0734","0000","2404","1483","921","132","2536","4454","0","56.94","33.3"
"65","000","00","007","0734","1636","723","461","262","45","768","1409","0","54.51","32.72"
"65","000","00","007","0734","1637","852","532","320","49","901","1500","0","60.07","35.47"
"65","000","00","007","0734","1638","829","490","339","38","867","1545","0","56.12","31.72"
"65","000","00","007","0735","0000","2684","1642","1042","126","2810","4995","0","56.26","32.87"
"65","000","00","007","0735","1701","653","393","260","43","696","1219","0","57.1","32.24"
"65","000","00","007","0735","1702","736","442","294","34","770","1454","0","52.96","30.4"
"65","000","00","007","0735","1703","673","429","244","31","704","1314","0","53.58","32.65"
"65","000","00","007","0735","1704","622","378","244","18","640","1008","0","63.49","37.5"
"65","000","00","007","0736","0000","2361","1427","934","143","2504","4615","0","54.26","30.92"
"65","000","00","007","0736","1705","789","467","322","60","849","1574","0","53.94","29.67"
"65","000","00","007","0736","1706","761","463","298","33","794","1364","0","58.21","33.94"
"65","000","00","007","0736","1707","811","497","314","50","861","1677","0","51.34","29.64"
"65","000","00","007","0737","0000","1580","977","603","93","1673","2739","0","61.08","35.67"
"65","000","00","007","0737","1665","828","523","305","41","869","1433","0","60.64","36.5"
"65","000","00","007","0737","1666","752","454","298","52","804","1306","0","61.56","34.76"
"65","000","00","007","0738","0000","1595","910","685","61","1656","2998","0","55.24","30.35"
"65","000","00","007","0738","1688","792","454","338","42","834","1517","0","54.98","29.93"
"65","000","00","007","0738","1689","803","456","347","19","822","1481","0","55.5","30.79"
"65","000","00","007","0739","0000","1238","726","512","59","1297","2424","0","53.51","29.95"
"65","000","00","007","0739","1690","652","374","278","28","680","1261","0","53.93","29.66"
"65","000","00","007","0739","1691","586","352","234","31","617","1163","0","53.05","30.27"
"65","000","00","007","0740","0000","1348","735","613","71","1419","2517","0","56.38","29.2"
"65","000","00","007","0740","1649","641","347","294","45","686","1254","0","54.7","27.67"
"65","000","00","007","0740","1650","707","388","319","26","733","1263","0","58.04","30.72"
"65","000","00","007","0741","0000","836","456","380","65","901","1473","0","61.17","30.96"
"65","000","00","007","0741","1651","836","456","380","65","901","1473","0","61.17","30.96"
"65","000","00","007","0742","0000","1099","610","489","55","1154","1873","0","61.61","32.57"
"65","000","00","007","0742","1622","421","234","187","38","459","736","0","62.36","31.79"
"65","000","00","007","0742","1623","678","376","302","17","695","1137","0","61.13","33.07"
"65","000","00","008","0000","0000","36311","21315","14996","1824","38135","71645","86223","53.23","29.75"
"65","000","00","008","0801","0000","554","331","223","31","585","965","0","60.62","34.3"
"65","000","00","008","0801","1726","554","331","223","31","585","965","0","60.62","34.3"
"65","000","00","008","0802","0000","1051","628","423","54","1105","2019","0","54.73","31.1"
"65","000","00","008","0802","1729","566","345","221","34","600","1057","0","56.76","32.64"
"65","000","00","008","0802","1730","485","283","202","20","505","962","0","52.49","29.42"
"65","000","00","008","0803","0000","2693","1628","1065","113","2806","5052","0","55.54","32.22"
"65","000","00","008","0803","1732","1014","609","405","49","1063","1742","0","61.02","34.96"
"65","000","00","008","0803","1733","842","502","340","33","875","1634","0","53.55","30.72"
"65","000","00","008","0803","1734","837","517","320","31","868","1676","0","51.79","30.85"
"65","000","00","008","0804","0000","1860","1079","781","98","1958","3728","0","52.52","28.94"
"65","000","00","008","0804","1727","1007","582","425","57","1064","1931","0","55.1","30.14"
"65","000","00","008","0804","1728","853","497","356","41","894","1797","0","49.75","27.66"
"65","000","00","008","0805","0000","568","347","221","18","586","934","0","62.74","37.15"
"65","000","00","008","0805","1731","568","347","221","18","586","934","0","62.74","37.15"
"65","000","00","008","0806","0000","286","162","124","14","300","515","0","58.25","31.46"
"65","000","00","008","0806","1725","286","162","124","14","300","515","0","58.25","31.46"
"65","000","00","008","0807","0000","798","471","327","44","842","1440","0","58.47","32.71"
"65","000","00","008","0807","1750","798","471","327","44","842","1440","0","58.47","32.71"
"65","000","00","008","0808","0000","3928","2281","1647","205","4133","7315","0","56.5","31.18"
"65","000","00","008","0808","1751","943","556","387","49","992","1809","0","54.84","30.74"
"65","000","00","008","0808","1752","944","538","406","45","989","1758","0","56.26","30.6"
"65","000","00","008","0808","1753","826","487","339","41","867","1589","0","54.56","30.65"
"65","000","00","008","0808","1754","599","359","240","39","638","1067","0","59.79","33.65"
"65","000","00","008","0808","1755","616","341","275","31","647","1092","0","59.25","31.23"
"65","000","00","008","0809","0000","1606","916","690","91","1697","3208","0","52.9","28.55"
"65","000","00","008","0809","1747","482","265","217","27","509","942","0","54.03","28.13"
"65","000","00","008","0809","1748","658","362","296","47","705","1317","0","53.53","27.49"
"65","000","00","008","0809","1749","466","289","177","17","483","949","0","50.9","30.45"
"65","000","00","008","0810","0000","3211","1891","1320","141","3352","6702","0","50.01","28.22"
"65","000","00","008","0810","1743","870","530","340","32","902","1737","0","51.93","30.51"
"65","000","00","008","0810","1744","799","469","330","47","846","1669","0","50.69","28.1"
"65","000","00","008","0810","1745","827","481","346","28","855","1842","0","46.42","26.11"
"65","000","00","008","0810","1746","715","411","304","34","749","1454","0","51.51","28.27"
"65","000","00","008","0811","0000","3397","1964","1433","140","3537","7102","0","49.8","27.65"
"65","000","00","008","0811","1739","879","510","369","34","913","1782","0","51.23","28.62"
"65","000","00","008","0811","1740","765","441","324","37","802","1496","0","53.61","29.48"
"65","000","00","008","0811","1741","997","586","411","35","1032","2071","0","49.83","28.3"
"65","000","00","008","0811","1742","756","427","329","34","790","1753","0","45.07","24.36"
"65","000","00","008","0812","0000","426","266","160","16","442","850","0","52.0","31.29"
"65","000","00","008","0812","1738","426","266","160","16","442","850","0","52.0","31.29"
"65","000","00","008","0813","0000","126","88","38","7","133","227","0","58.59","38.77"
"65","000","00","008","0813","1774","126","88","38","7","133","227","0","58.59","38.77"
"65","000","00","008","0814","0000","2162","1284","878","174","2336","4604","0","50.74","27.89"
"65","000","00","008","0814","1768","656","376","280","60","716","1479","0","48.41","25.42"
"65","000","00","008","0814","1769","848","450","398","58","906","1736","0","52.19","25.92"
"65","000","00","008","0814","1770","658","458","200","56","714","1389","0","51.4","32.97"
"65","000","00","008","0815","0000","1964","1147","817","109","2073","4064","0","51.01","28.22"
"65","000","00","008","0815","1762","496","299","197","24","520","1026","0","50.68","29.14"
"65","000","00","008","0815","1763","828","481","347","35","863","1721","0","50.15","27.95"
"65","000","00","008","0815","1764","640","367","273","50","690","1317","0","52.39","27.87"
"65","000","00","008","0816","0000","1887","1081","806","128","2015","3526","0","57.15","30.66"
"65","000","00","008","0816","1765","589","337","252","39","628","1046","0","60.04","32.22"
"65","000","00","008","0816","1766","650","364","286","39","689","1144","0","60.23","31.82"
"65","000","00","008","0816","1767","648","380","268","50","698","1336","0","52.25","28.44"
"65","000","00","008","0817","0000","2368","1438","930","96","2464","4249","0","57.99","33.84"
"65","000","00","008","0817","1756","941","571","370","35","976","1730","0","56.42","33.01"
"65","000","00","008","0817","1757","687","436","251","27","714","1281","0","55.74","34.04"
"65","000","00","008","0817","1758","740","431","309","34","774","1238","0","62.52","34.81"
"65","000","00","008","0818","0000","2395","1352","1043","140","2535","5137","0","49.35","26.32"
"65","000","00","008","0818","1771","969","574","395","66","1035","1956","0","52.91","29.35"
"65","000","00","008","0818","1772","720","359","361","44","764","1371","0","55.73","26.19"
"65","000","00","008","0818","1773","706","419","287","30","736","1810","0","40.66","23.15"
"65","000","00","008","0819","0000","1986","1193","793","101","2087","4022","0","51.89","29.66"
"65","000","00","008","0819","1759","819","476","343","50","869","1568","0","55.42","30.36"
"65","000","00","008","0819","1760","651","400","251","32","683","1271","0","53.74","31.47"
"65","000","00","008","0819","1761","516","317","199","19","535","1183","0","45.22","26.8"
"65","000","00","008","0820","0000","3045","1768","1277","104","3149","5986","0","52.61","29.54"
"65","000","00","008","0820","1735","1088","632","456","53","1141","2052","0","55.6","30.8"
"65","000","00","008","0820","1736","920","524","396","27","947","1977","0","47.9","26.5"
"65","000","00","008","0820","1737","1037","612","425","24","1061","1957","0","54.22","31.27"
"65","000","00","009","0000","0000","47482","28622","18860","2425","49907","94291","115712","52.93","30.35"
"65","000","00","009","0901","0000","174","95","79","13","187","274","0","68.25","34.67"
"65","000","00","009","0901","1917","174","95","79","13","187","274","0","68.25","34.67"
"65","000","00","009","0902","0000","297","186","111","26","323","583","0","55.4","31.9"
"65","000","00","009","0902","1918","297","186","111","26","323","583","0","55.4","31.9"
"65","000","00","009","0903","0000","1674","970","704","51","1725","3479","0","49.58","27.88"
"65","000","00","009","0903","1919","799","449","350","20","819","1765","0","46.4","25.44"
"65","000","00","009","0903","1920","875","521","354","31","906","1714","0","52.86","30.4"
"65","000","00","009","0904","0000","1399","822","577","67","1466","2684","0","54.62","30.63"
"65","000","00","009","0904","1921","683","413","270","28","711","1355","0","52.47","30.48"
"65","000","00","009","0904","1922","716","409","307","39","755","1329","0","56.81","30.78"
"65","000","00","009","0905","0000","529","332","197","36","565","1059","0","53.35","31.35"
"65","000","00","009","0905","1923","529","332","197","36","565","1059","0","53.35","31.35"
"65","000","00","009","0906","0000","3433","1979","1454","197","3630","6529","0","55.6","30.31"
"65","000","00","009","0906","1924","743","434","309","43","786","1364","0","57.62","31.82"
"65","000","00","009","0906","1925","609","369","240","37","646","1098","0","58.83","33.61"
"65","000","00","009","0906","1926","674","387","287","45","719","1296","0","55.48","29.86"
"65","000","00","009","0906","1927","632","351","281","33","665","1240","0","53.63","28.31"
"65","000","00","009","0906","1928","775","438","337","39","814","1531","0","53.17","28.61"
"65","000","00","009","0907","0000","2328","1293","1035","106","2434","5025","0","48.44","25.73"
"65","000","00","009","0907","1952","791","463","328","41","832","1634","0","50.92","28.34"
"65","000","00","009","0907","1953","897","533","364","35","932","1716","0","54.31","31.06"
"65","000","00","009","0907","1954","640","297","343","30","670","1675","0","40.0","17.73"
"65","000","00","009","0908","0000","4190","2452","1738","231","4421","8724","0","50.68","28.11"
"65","000","00","009","0908","1929","692","415","277","30","722","1444","0","50.0","28.74"
"65","000","00","009","0908","1930","663","375","288","63","726","1347","0","53.9","27.84"
"65","000","00","009","0908","1931","751","440","311","40","791","1455","0","54.36","30.24"
"65","000","00","009","0908","1932","712","411","301","29","741","1556","0","47.62","26.41"
"65","000","00","009","0908","1933","588","334","254","34","622","1390","0","44.75","24.03"
"65","000","00","009","0908","1934","784","477","307","35","819","1532","0","53.46","31.14"
"65","000","00","009","0909","0000","4092","2397","1695","177","4269","8053","0","53.01","29.77"
"65","000","00","009","0909","1935","630","380","250","43","673","1377","0","48.87","27.6"
"65","000","00","009","0909","1936","862","501","361","37","899","1731","0","51.94","28.94"
"65","000","00","009","0909","1937","836","508","328","30","866","1705","0","50.79","29.79"
"65","000","00","009","0909","1938","845","480","365","38","883","1590","0","55.53","30.19"
"65","000","00","009","0909","1939","919","528","391","29","948","1650","0","57.45","32.0"
"65","000","00","009","0910","0000","1745","1111","634","127","1872","3638","0","51.46","30.54"
"65","000","00","009","0910","1966","594","374","220","41","635","1389","0","45.72","26.93"
"65","000","00","009","0910","1967","604","367","237","62","666","1315","0","50.65","27.91"
"65","000","00","009","0910","1968","547","370","177","24","571","934","0","61.13","39.61"
"65","000","00","009","0911","0000","1027","583","444","64","1091","2199","0","49.61","26.51"
"65","000","00","009","0911","1969","600","353","247","33","633","1270","0","49.84","27.8"
"65","000","00","009","0911","1970","427","230","197","31","458","929","0","49.3","24.76"
"65","000","00","009","0912","0000","522","330","192","23","545","1035","0","52.66","31.88"
"65","000","00","009","0912","1971","522","330","192","23","545","1035","0","52.66","31.88"
"65","000","00","009","0913","0000","234","137","97","15","249","502","0","49.6","27.29"
"65","000","00","009","0913","1972","234","137","97","15","249","502","0","49.6","27.29"
"65","000","00","009","0914","0000","385","251","134","30","415","836","0","49.64","30.02"
"65","000","00","009","0914","1973","385","251","134","30","415","836","0","49.64","30.02"
"65","000","00","009","0915","0000","282","167","115","48","330","669","0","49.33","24.96"
"65","000","00","009","0915","1974","282","167","115","48","330","669","0","49.33","24.96"
"65","000","00","009","0916","0000","380","212","168","58","438","733","0","59.75","28.92"
"65","000","00","009","0916","1975","380","212","168","58","438","733","0","59.75","28.92"
"65","000","00","009","0917","0000","1086","564","522","61","1147","2138","0","53.65","26.38"
"65","000","00","009","0917","1979","415","204","211","30","445","771","0","57.72","26.46"
"65","000","00","009","0917","1980","671","360","311","31","702","1367","0","51.35","26.34"
"65","000","00","009","0918","0000","694","427","267","33","727","1394","0","52.15","30.63"
"65","000","00","009","0918","1978","694","427","267","33","727","1394","0","52.15","30.63"
"65","000","00","009","0919","0000","1315","773","542","81","1396","2761","0","50.56","28.0"
"65","000","00","009","0919","1981","588","334","254","59","647","1241","0","52.14","26.91"
"65","000","00","009","0919","1982","727","439","288","22","749","1520","0","49.28","28.88"
"65","000","00","009","0920","0000","533","326","207","26","559","873","0","64.03","37.34"
"65","000","00","009","0920","1983","533","326","207","26","559","873","0","64.03","37.34"
"65","000","00","009","0921","0000","566","338","228","45","611","1322","0","46.22","25.57"
"65","000","00","009","0921","1986","566","338","228","45","611","1322","0","46.22","25.57"
"65","000","00","009","0922","0000","805","480","325","94","899","1865","0","48.2","25.74"
"65","000","00","009","0922","1984","303","179","124","70","373","768","0","48.57","23.31"
"65","000","00","009","0922","1985","502","301","201","24","526","1097","0","47.95","27.44"
"65","000","00","009","0923","0000","2955","1778","1177","115","3070","5947","0","51.62","29.9"
"65","000","00","009","0923","1959","695","421","274","34","729","1363","0","53.48","30.89"
"65","000","00","009","0923","1960","861","525","336","33","894","1624","0","55.05","32.33"
"65","000","00","009","0923","1961","731","439","292","34","765","1352","0","56.58","32.47"
"65","000","00","009","0923","1962","668","393","275","14","682","1608","0","42.41","24.44"
"65","000","00","009","0924","0000","3217","1889","1328","142","3359","6635","0","50.63","28.47"
"65","000","00","009","0924","1955","725","433","292","28","753","1649","0","45.66","26.26"
"65","000","00","009","0924","1956","748","440","308","41","789","1489","0","52.99","29.55"
"65","000","00","009","0924","1957","831","508","323","39","870","1771","0","49.12","28.68"
"65","000","00","009","0924","1958","913","508","405","34","947","1726","0","54.87","29.43"
"65","000","00","009","0925","0000","2248","1304","944","158","2406","4629","0","51.98","28.17"
"65","000","00","009","0925","1963","744","440","304","40","784","1458","0","53.77","30.18"
"65","000","00","009","0925","1964","768","418","350","39","807","1641","0","49.18","25.47"
"65","000","00","009","0925","1965","736","446","290","79","815","1530","0","53.27","29.15"
"65","000","00","009","0926","0000","1694","1338","356","88","1782","3198","0","55.72","41.84"
"65","000","00","009","0926","1976","885","857","28","49","934","1560","0","59.87","54.94"
"65","000","00","009","0926","1977","809","481","328","39","848","1638","0","51.77","29.37"
"65","000","00","009","0927","0000","6729","4297","2432","210","6939","12019","0","57.73","35.75"
"65","000","00","009","0927","1944","858","528","330","17","875","1579","0","55.41","33.44"
"65","000","00","009","0927","1945","745","466","279","25","770","1435","0","53.66","32.47"
"65","000","00","009","0927","1946","936","624","312","33","969","1659","0","58.41","37.61"
"65","000","00","009","0927","1947","889","566","323","30","919","1512","0","60.78","37.43"
"65","000","00","009","0927","1948","818","527","291","29","847","1463","0","57.89","36.02"
"65","000","00","009","0927","1949","830","518","312","26","856","1465","0","58.43","35.36"
"65","000","00","009","0927","1950","843","535","308","21","864","1463","0","59.06","36.57"
"65","000","00","009","0927","1951","810","533","277","29","839","1443","0","58.14","36.94"
"65","000","00","009","0928","0000","2949","1791","1158","103","3052","5488","0","55.61","32.63"
"65","000","00","009","0928","1940","777","467","310","21","798","1441","0","55.38","32.41"
"65","000","00","009","0928","1941","784","469","315","26","810","1404","0","57.69","33.4"
"65","000","00","009","0928","1942","748","453","295","24","772","1295","0","59.61","34.98"
"65","000","00","009","0928","1943","640","402","238","32","672","1348","0","49.85","29.82"
"65","000","00","010","0000","0000","74701","44720","29981","3366","78067","147272","172677","53.01","30.37"
"65","000","00","010","1001","0000","260","143","117","32","292","544","0","53.68","26.29"
"65","000","00","010","1001","0029","260","143","117","32","292","544","0","53.68","26.29"
"65","000","00","010","1002","0000","540","297","243","43","583","1044","0","55.84","28.45"
"65","000","00","010","1002","0030","540","297","243","43","583","1044","0","55.84","28.45"
"65","000","00","010","1003","0000","711","395","316","43","754","1462","0","51.57","27.02"
"65","000","00","010","1003","0031","711","395","316","43","754","1462","0","51.57","27.02"
"65","000","00","010","1004","0000","736","419","317","62","798","1525","0","52.33","27.48"
"65","000","00","010","1004","0032","736","419","317","62","798","1525","0","52.33","27.48"
"65","000","00","010","1005","0000","442","276","166","32","474","986","0","48.07","27.99"
"65","000","00","010","1005","0033","442","276","166","32","474","986","0","48.07","27.99"
"65","000","00","010","1006","0000","1219","729","490","85","1304","2516","0","51.83","28.97"
"65","000","00","010","1006","0035","599","349","250","58","657","1173","0","56.01","29.75"
"65","000","00","010","1006","0036","620","380","240","27","647","1343","0","48.18","28.29"
"65","000","00","010","1007","0000","440","250","190","21","461","806","0","57.2","31.02"
"65","000","00","010","1007","0034","440","250","190","21","461","806","0","57.2","31.02"
"65","000","00","010","1008","0000","5544","3345","2199","207","5751","12236","0","47.0","27.34"
"65","000","00","010","1008","0065","938","603","335","42","980","1837","0","53.35","32.83"
"65","000","00","010","1008","0066","634","400","234","17","651","1924","0","33.84","20.79"
"65","000","00","010","1008","0067","1142","678","464","36","1178","2340","0","50.34","28.97"
"65","000","00","010","1008","0068","768","485","283","35","803","1704","0","47.12","28.46"
"65","000","00","010","1008","0069","678","395","283","40","718","1363","0","52.68","28.98"
"65","000","00","010","1008","0070","1384","784","600","37","1421","3068","0","46.32","25.55"
"65","000","00","010","1009","0000","736","447","289","33","769","1528","0","50.33","29.25"
"65","000","00","010","1009","0071","736","447","289","33","769","1528","0","50.33","29.25"
"65","000","00","010","1010","0000","3216","1920","1296","119","3335","6351","0","52.51","30.23"
"65","000","00","010","1010","0079","750","466","284","31","781","1373","0","56.88","33.94"
"65","000","00","010","1010","0080","905","534","371","34","939","1732","0","54.21","30.83"
"65","000","00","010","1010","0081","734","413","321","33","767","1519","0","50.49","27.19"
"65","000","00","010","1010","0082","827","507","320","21","848","1727","0","49.1","29.36"
"65","000","00","010","1011","0000","2576","1530","1046","145","2721","5041","0","53.98","30.35"
"65","000","00","010","1011","0072","784","448","336","45","829","1600","0","51.81","28.0"
"65","000","00","010","1011","0073","1007","616","391","50","1057","1874","0","56.4","32.87"
"65","000","00","010","1011","0074","785","466","319","50","835","1567","0","53.29","29.74"
"65","000","00","010","1012","0000","4479","2719","1760","177","4656","8417","0","55.32","32.3"
"65","000","00","010","1012","0093","921","551","370","40","961","1804","0","53.27","30.54"
"65","000","00","010","1012","0094","692","422","270","40","732","1322","0","55.37","31.92"
"65","000","00","010","1012","0095","1053","633","420","26","1079","2019","0","53.44","31.35"
"65","000","00","010","1012","0096","959","594","365","42","1001","1696","0","59.02","35.02"
"65","000","00","010","1012","0097","854","519","335","29","883","1576","0","56.03","32.93"
"65","000","00","010","1013","0000","929","522","407","50","979","2027","0","48.3","25.75"
"65","000","00","010","1013","0037","509","292","217","20","529","1153","0","45.88","25.33"
"65","000","00","010","1013","0038","420","230","190","30","450","874","0","51.49","26.32"
"65","000","00","010","1014","0000","526","304","222","64","590","1063","0","55.5","28.6"
"65","000","00","010","1014","0039","526","304","222","64","590","1063","0","55.5","28.6"
"65","000","00","010","1015","0000","626","404","222","36","662","1309","0","50.57","30.86"
"65","000","00","010","1015","0040","626","404","222","36","662","1309","0","50.57","30.86"
"65","000","00","010","1016","0000","651","387","264","41","692","1290","0","53.64","30.0"
"65","000","00","010","1016","0041","651","387","264","41","692","1290","0","53.64","30.0"
"65","000","00","010","1017","0000","3305","1938","1367","135","3440","6129","0","56.13","31.62"
"65","000","00","010","1017","0042","928","552","376","27","955","1675","0","57.01","32.96"
"65","000","00","010","1017","0043","834","502","332","42","876","1589","0","55.13","31.59"
"65","000","00","010","1017","0044","913","519","394","32","945","1624","0","58.19","31.96"
"65","000","00","010","1017","0045","630","365","265","34","664","1241","0","53.51","29.41"
"65","000","00","010","1018","0000","3043","1917","1126","125","3168","5578","0","56.79","34.37"
"65","000","00","010","1018","0046","690","427","263","36","726","1317","0","55.13","32.42"
"65","000","00","010","1018","0047","687","471","216","28","715","1225","0","58.37","38.45"
"65","000","00","010","1018","0048","761","467","294","30","791","1426","0","55.47","32.75"
"65","000","00","010","1018","0049","905","552","353","31","936","1610","0","58.14","34.29"
"65","000","00","010","1019","0000","3310","1838","1472","159","3469","6426","0","53.98","28.6"
"65","000","00","010","1019","0052","892","512","380","28","920","1822","0","50.49","28.1"
"65","000","00","010","1019","0053","691","290","401","46","737","1232","0","59.82","23.54"
"65","000","00","010","1019","0054","859","518","341","51","910","1588","0","57.3","32.62"
"65","000","00","010","1019","0055","868","518","350","34","902","1784","0","50.56","29.04"
"65","000","00","010","1020","0000","2631","1542","1089","137","2768","5205","0","53.18","29.63"
"65","000","00","010","1020","0056","866","502","364","62","928","1762","0","52.67","28.49"
"65","000","00","010","1020","0057","788","465","323","36","824","1546","0","53.3","30.08"
"65","000","00","010","1020","0058","977","575","402","39","1016","1897","0","53.56","30.31"
"65","000","00","010","1021","0000","4702","2878","1824","151","4853","9332","0","52.0","30.84"
"65","000","00","010","1021","0059","767","465","302","33","800","1489","0","53.73","31.23"
"65","000","00","010","1021","0060","839","527","312","26","865","1679","0","51.52","31.39"
"65","000","00","010","1021","0061","813","478","335","34","847","1693","0","50.03","28.23"
"65","000","00","010","1021","0062","827","521","306","17","844","1674","0","50.42","31.12"
"65","000","00","010","1021","0063","709","432","277","19","728","1330","0","54.74","32.48"
"65","000","00","010","1021","0064","747","455","292","22","769","1467","0","52.42","31.02"
"65","000","00","010","1022","0000","2792","1605","1187","151","2943","5459","0","53.91","29.4"
"65","000","00","010","1022","0098","943","552","391","54","997","1781","0","55.98","30.99"
"65","000","00","010","1022","0099","913","531","382","54","967","1665","0","58.08","31.89"
"65","000","00","010","1022","0100","936","522","414","43","979","2013","0","48.63","25.93"
"65","000","00","010","1023","0000","1929","1129","800","91","2020","3659","0","55.21","30.86"
"65","000","00","010","1023","0106","589","358","231","26","615","1289","0","47.71","27.77"
"65","000","00","010","1023","0107","748","402","346","39","787","1319","0","59.67","30.48"
"65","000","00","010","1023","0108","592","369","223","26","618","1051","0","58.8","35.11"
"65","000","00","010","1024","0000","711","435","276","31","742","1348","0","55.04","32.27"
"65","000","00","010","1024","0109","711","435","276","31","742","1348","0","55.04","32.27"
"65","000","00","010","1025","0000","572","333","239","34","606","1106","0","54.79","30.11"
"65","000","00","010","1025","0110","572","333","239","34","606","1106","0","54.79","30.11"
"65","000","00","010","1026","0000","391","242","149","29","420","717","0","58.58","33.75"
"65","000","00","010","1026","0111","391","242","149","29","420","717","0","58.58","33.75"
"65","000","00","010","1027","0000","728","412","316","23","751","1385","0","54.22","29.75"
"65","000","00","010","1027","0112","728","412","316","23","751","1385","0","54.22","29.75"
"65","000","00","010","1028","0000","473","274","199","33","506","841","0","60.17","32.58"
"65","000","00","010","1028","0113","473","274","199","33","506","841","0","60.17","32.58"
"65","000","00","010","1029","0000","365","214","151","23","388","665","0","58.35","32.18"
"65","000","00","010","1029","0114","365","214","151","23","388","665","0","58.35","32.18"
"65","000","00","010","1030","0000","242","135","107","10","252","419","0","60.14","32.22"
"65","000","00","010","1030","0115","242","135","107","10","252","419","0","60.14","32.22"
"65","000","00","010","1031","0000","873","542","331","27","900","1599","0","56.29","33.9"
"65","000","00","010","1031","0116","873","542","331","27","900","1599","0","56.29","33.9"
"65","000","00","010","1032","0000","2506","1537","969","142","2648","4930","0","53.71","31.18"
"65","000","00","010","1032","0117","823","487","336","57","880","1670","0","52.69","29.16"
"65","000","00","010","1032","0118","914","595","319","44","958","1683","0","56.92","35.35"
"65","000","00","010","1032","0119","769","455","314","41","810","1577","0","51.36","28.85"
"65","000","00","010","1033","0000","1798","1104","694","71","1869","3832","0","48.77","28.81"
"65","000","00","010","1033","0120","783","454","329","35","818","1618","0","50.56","28.06"
"65","000","00","010","1033","0121","1015","650","365","36","1051","2214","0","47.47","29.36"
"65","000","00","010","1034","0000","1990","1223","767","105","2095","3750","0","55.87","32.61"
"65","000","00","010","1034","0083","713","464","249","25","738","1297","0","56.9","35.77"
"65","000","00","010","1034","0084","533","298","235","41","574","1066","0","53.85","27.95"
"65","000","00","010","1034","0085","744","461","283","39","783","1387","0","56.45","33.24"
"65","000","00","010","1035","0000","3814","2346","1468","147","3961","7408","0","53.47","31.67"
"65","000","00","010","1035","0086","1001","620","381","45","1046","1909","0","54.79","32.48"
"65","000","00","010","1035","0087","923","550","373","33","956","1770","0","54.01","31.07"
"65","000","00","010","1035","0088","1016","628","388","34","1050","2049","0","51.24","30.65"
"65","000","00","010","1035","0089","874","548","326","35","909","1680","0","54.11","32.62"
"65","000","00","010","1036","0000","2287","1341","946","107","2394","4250","0","56.33","31.55"
"65","000","00","010","1036","0090","806","469","337","42","848","1433","0","59.18","32.73"
"65","000","00","010","1036","0091","707","415","292","25","732","1365","0","53.63","30.4"
"65","000","00","010","1036","0092","774","457","317","40","814","1452","0","56.06","31.47"
"65","000","00","010","1037","0000","2159","1320","839","73","2232","4020","0","55.52","32.84"
"65","000","00","010","1037","0077","1065","641","424","45","1110","1992","0","55.72","32.18"
"65","000","00","010","1037","0078","1094","679","415","28","1122","2028","0","55.33","33.48"
"65","000","00","010","1038","0000","1293","743","550","43","1336","2456","0","54.4","30.25"
"65","000","00","010","1038","0075","678","395","283","25","703","1245","0","56.47","31.73"
"65","000","00","010","1038","0076","615","348","267","18","633","1211","0","52.27","28.74"
"65","000","00","010","1039","0000","1942","1231","711","67","2009","3906","0","51.43","31.52"
"65","000","00","010","1039","0050","1066","702","364","36","1102","1982","0","55.6","35.42"
"65","000","00","010","1039","0051","876","529","347","31","907","1924","0","47.14","27.49"
"65","000","00","010","1040","0000","1907","1131","776","79","1986","3612","0","54.98","31.31"
"65","000","00","010","1040","0101","574","329","245","23","597","1108","0","53.88","29.69"
"65","000","00","010","1040","0102","692","411","281","36","728","1305","0","55.79","31.49"
"65","000","00","010","1040","0103","641","391","250","20","661","1199","0","55.13","32.61"
"65","000","00","010","1041","0000","2044","1189","855","72","2116","4142","0","51.09","28.71"
"65","000","00","010","1041","0104","1033","619","414","38","1071","2017","0","53.1","30.69"
"65","000","00","010","1041","0105","1011","570","441","34","1045","2125","0","49.18","26.82"
"65","000","00","010","1042","0000","3263","2034","1229","111","3374","6953","0","48.53","29.25"
"65","000","00","010","1042","0122","918","553","365","38","956","1832","0","52.18","30.19"
"65","000","00","010","1042","0123","1077","659","418","46","1123","2123","0","52.9","31.04"
"65","000","00","010","1042","0124","1268","822","446","27","1295","2998","0","43.2","27.42"
"65","000","00","011","0000","0000","87811","52092","35719","4490","92301","173831","200217","53.1","29.97"
"65","000","00","011","1101","0000","667","390","277","41","708","1262","0","56.1","30.9"
"65","000","00","011","1101","2337","667","390","277","41","708","1262","0","56.1","30.9"
"65","000","00","011","1102","0000","493","279","214","48","541","917","0","59.0","30.43"
"65","000","00","011","1102","2338","493","279","214","48","541","917","0","59.0","30.43"
"65","000","00","011","1103","0000","2162","1288","874","102","2264","4156","0","54.48","30.99"
"65","000","00","011","1103","2339","1032","628","404","42","1074","1929","0","55.68","32.56"
"65","000","00","011","1103","2340","1130","660","470","60","1190","2227","0","53.44","29.64"
"65","000","00","011","1104","0000","162","85","77","15","177","322","0","54.97","26.4"
"65","000","00","011","1104","2343","162","85","77","15","177","322","0","54.97","26.4"
"65","000","00","011","1105","0000","1267","747","520","73","1340","2564","0","52.26","29.13"
"65","000","00","011","1105","2373","621","351","270","47","668","1244","0","53.7","28.22"
"65","000","00","011","1105","2374","646","396","250","26","672","1320","0","50.91","30.0"
"65","000","00","011","1106","0000","1769","1042","727","96","1865","4797","0","38.88","21.72"
"65","000","00","011","1106","2350","338","197","141","18","356","1809","0","19.68","10.89"
"65","000","00","011","1106","2351","745","424","321","26","771","1601","0","48.16","26.48"
"65","000","00","011","1106","2352","686","421","265","52","738","1387","0","53.21","30.35"
"65","000","00","011","1107","0000","2469","1465","1004","106","2575","4840","0","53.2","30.27"
"65","000","00","011","1107","2344","794","464","330","12","806","1460","0","55.21","31.78"
"65","000","00","011","1107","2345","849","477","372","33","882","1719","0","51.31","27.75"
"65","000","00","011","1107","2346","826","524","302","61","887","1661","0","53.4","31.55"
"65","000","00","011","1108","0000","3301","1951","1350","136","3437","6144","0","55.94","31.75"
"65","000","00","011","1108","2355","1083","632","451","35","1118","2072","0","53.96","30.5"
"65","000","00","011","1108","2356","1172","707","465","67","1239","2120","0","58.44","33.35"
"65","000","00","011","1108","2357","1046","612","434","34","1080","1952","0","55.33","31.35"
"65","000","00","011","1109","0000","1908","1141","767","126","2034","3964","0","51.31","28.78"
"65","000","00","011","1109","2365","666","412","254","52","718","1363","0","52.68","30.23"
"65","000","00","011","1109","2366","669","399","270","38","707","1368","0","51.68","29.17"
"65","000","00","011","1109","2367","573","330","243","36","609","1233","0","49.39","26.76"
"65","000","00","011","1110","0000","688","400","288","58","746","1481","0","50.37","27.01"
"65","000","00","011","1110","2378","688","400","288","58","746","1481","0","50.37","27.01"
"65","000","00","011","1111","0000","713","367","346","64","777","1497","0","51.9","24.52"
"65","000","00","011","1111","2379","713","367","346","64","777","1497","0","51.9","24.52"
"65","000","00","011","1112","0000","1896","1064","832","83","1979","3940","0","50.23","27.01"
"65","000","00","011","1112","2381","917","516","401","45","962","1913","0","50.29","26.97"
"65","000","00","011","1112","2382","979","548","431","38","1017","2027","0","50.17","27.04"
"65","000","00","011","1113","0000","1005","582","423","51","1056","2127","0","49.65","27.36"
"65","000","00","011","1113","2385","1005","582","423","51","1056","2127","0","49.65","27.36"
"65","000","00","011","1114","0000","2499","1532","967","160","2659","5447","0","48.82","28.13"
"65","000","00","011","1114","2386","736","435","301","41","777","1642","0","47.32","26.49"
"65","000","00","011","1114","2387","931","629","302","67","998","1912","0","52.2","32.9"
"65","000","00","011","1114","2388","832","468","364","52","884","1893","0","46.7","24.72"
"65","000","00","011","1115","0000","2182","1293","889","112","2294","4554","0","50.37","28.39"
"65","000","00","011","1115","2389","684","410","274","32","716","1466","0","48.84","27.97"
"65","000","00","011","1115","2390","747","456","291","45","792","1538","0","51.5","29.65"
"65","000","00","011","1115","2391","751","427","324","35","786","1550","0","50.71","27.55"
"65","000","00","011","1116","0000","703","411","292","44","747","1456","0","51.3","28.23"
"65","000","00","011","1116","2392","703","411","292","44","747","1456","0","51.3","28.23"
"65","000","00","011","1117","0000","537","309","228","38","575","947","0","60.72","32.63"
"65","000","00","011","1117","2393","537","309","228","38","575","947","0","60.72","32.63"
"65","000","00","011","1118","0000","857","532","325","31","888","1988","0","44.67","26.76"
"65","000","00","011","1118","2400","857","532","325","31","888","1988","0","44.67","26.76"
"65","000","00","011","1119","0000","1858","1141","717","161","2019","4055","0","49.79","28.14"
"65","000","00","011","1119","2395","951","592","359","83","1034","2043","0","50.61","28.98"
"65","000","00","011","1119","2396","907","549","358","78","985","2012","0","48.96","27.29"
"65","000","00","011","1120","0000","2829","1709","1120","169","2998","5100","0","58.78","33.51"
"65","000","00","011","1120","2431","727","426","301","39","766","1335","0","57.38","31.91"
"65","000","00","011","1120","2432","768","489","279","42","810","1324","0","61.18","36.93"
"65","000","00","011","1120","2433","739","442","297","46","785","1286","0","61.04","34.37"
"65","000","00","011","1120","2434","595","352","243","42","637","1155","0","55.15","30.48"
"65","000","00","011","1121","0000","1715","960","755","75","1790","3847","0","46.53","24.95"
"65","000","00","011","1121","2363","835","483","352","43","878","1941","0","45.23","24.88"
"65","000","00","011","1121","2364","880","477","403","32","912","1906","0","47.85","25.03"
"65","000","00","011","1122","0000","2178","1285","893","159","2337","4215","0","55.44","30.49"
"65","000","00","011","1122","2438","1116","649","467","92","1208","2184","0","55.31","29.72"
"65","000","00","011","1122","2439","1062","636","426","67","1129","2031","0","55.59","31.31"
"65","000","00","011","1123","0000","301","176","125","18","319","556","0","57.37","31.65"
"65","000","00","011","1123","2380","301","176","125","18","319","556","0","57.37","31.65"
"65","000","00","011","1124","0000","1778","1057","721","103","1881","3336","0","56.38","31.68"
"65","000","00","011","1124","2440","920","561","359","59","979","1759","0","55.66","31.89"
"65","000","00","011","1124","2441","858","496","362","44","902","1577","0","57.2","31.45"
"65","000","00","011","1125","0000","1494","904","590","78","1572","2765","0","56.85","32.69"
"65","000","00","011","1125","2442","722","444","278","28","750","1364","0","54.99","32.55"
"65","000","00","011","1125","2443","772","460","312","50","822","1401","0","58.67","32.83"
"65","000","00","011","1126","0000","3318","1880","1438","164","3482","6938","0","50.19","27.1"
"65","000","00","011","1126","2411","856","497","359","40","896","1765","0","50.76","28.16"
"65","000","00","011","1126","2412","786","489","297","31","817","1815","0","45.01","26.94"
"65","000","00","011","1126","2413","847","488","359","46","893","1778","0","50.22","27.45"
"65","000","00","011","1126","2414","829","406","423","47","876","1580","0","55.44","25.7"
"65","000","00","011","1127","0000","2664","1588","1076","102","2766","5304","0","52.15","29.94"
"65","000","00","011","1127","2422","962","566","396","35","997","2035","0","48.99","27.81"
"65","000","00","011","1127","2423","945","552","393","37","982","1895","0","51.82","29.13"
"65","000","00","011","1127","2424","757","470","287","30","787","1374","0","57.28","34.21"
"65","000","00","011","1128","0000","804","490","314","61","865","1595","0","54.23","30.72"
"65","000","00","011","1128","2336","804","490","314","61","865","1595","0","54.23","30.72"
"65","000","00","011","1129","0000","3258","1986","1272","116","3374","6514","0","51.8","30.49"
"65","000","00","011","1129","2405","769","461","308","28","797","1511","0","52.75","30.51"
"65","000","00","011","1129","2406","806","481","325","24","830","1691","0","49.08","28.44"
"65","000","00","011","1129","2407","843","526","317","32","875","1636","0","53.48","32.15"
"65","000","00","011","1129","2408","840","518","322","32","872","1676","0","52.03","30.91"
"65","000","00","011","1130","0000","3637","2159","1478","177","3814","7292","0","52.3","29.61"
"65","000","00","011","1130","2401","1056","610","446","38","1094","2198","0","49.77","27.75"
"65","000","00","011","1130","2402","832","470","362","38","870","1712","0","50.82","27.45"
"65","000","00","011","1130","2403","960","595","365","48","1008","1806","0","55.81","32.95"
"65","000","00","011","1130","2404","789","484","305","53","842","1576","0","53.43","30.71"
"65","000","00","011","1131","0000","2492","1485","1007","124","2616","4725","0","55.37","31.43"
"65","000","00","011","1131","2358","834","492","342","47","881","1654","0","53.26","29.75"
"65","000","00","011","1131","2359","725","433","292","42","767","1444","0","53.12","29.99"
"65","000","00","011","1131","2360","933","560","373","35","968","1627","0","59.5","34.42"
"65","000","00","011","1132","0000","1898","1121","777","92","1990","3817","0","52.14","29.37"
"65","000","00","011","1132","2361","856","536","320","51","907","1751","0","51.8","30.61"
"65","000","00","011","1132","2362","1042","585","457","41","1083","2066","0","52.42","28.32"
"65","000","00","011","1133","0000","2213","1291","922","122","2335","4604","0","50.72","28.04"
"65","000","00","011","1133","2397","670","422","248","26","696","1471","0","47.31","28.69"
"65","000","00","011","1133","2398","773","448","325","42","815","1603","0","50.84","27.95"
"65","000","00","011","1133","2399","770","421","349","54","824","1530","0","53.86","27.52"
"65","000","00","011","1134","0000","1458","876","582","79","1537","2941","0","52.26","29.79"
"65","000","00","011","1134","2415","770","444","326","39","809","1516","0","53.36","29.29"
"65","000","00","011","1134","2416","688","432","256","40","728","1425","0","51.09","30.32"
"65","000","00","011","1135","0000","1471","898","573","83","1554","2824","0","55.03","31.8"
"65","000","00","011","1135","2417","726","454","272","39","765","1388","0","55.12","32.71"
"65","000","00","011","1135","2418","745","444","301","44","789","1436","0","54.94","30.92"
"65","000","00","011","1136","0000","2277","1260","1017","81","2358","4624","0","50.99","27.25"
"65","000","00","011","1136","2419","807","464","343","32","839","1591","0","52.73","29.16"
"65","000","00","011","1136","2420","785","436","349","29","814","1639","0","49.66","26.6"
"65","000","00","011","1136","2421","685","360","325","20","705","1394","0","50.57","25.82"
"65","000","00","011","1137","0000","1896","1158","738","83","1979","3176","0","62.31","36.46"
"65","000","00","011","1137","2435","1020","618","402","37","1057","1682","0","62.84","36.74"
"65","000","00","011","1137","2436","876","540","336","46","922","1494","0","61.71","36.14"
"65","000","00","011","1138","0000","656","344","312","49","705","1166","0","60.46","29.5"
"65","000","00","011","1138","2437","656","344","312","49","705","1166","0","60.46","29.5"
"65","000","00","011","1139","0000","2048","1255","793","77","2125","3753","0","56.62","33.44"
"65","000","00","011","1139","2444","665","388","277","34","699","1173","0","59.59","33.08"
"65","000","00","011","1139","2445","566","346","220","15","581","993","0","58.51","34.84"
"65","000","00","011","1139","2446","817","521","296","28","845","1587","0","53.25","32.83"
"65","000","00","011","1140","0000","1232","789","443","49","1281","2429","0","52.74","32.48"
"65","000","00","011","1140","2409","637","413","224","27","664","1264","0","52.53","32.67"
"65","000","00","011","1140","2410","595","376","219","22","617","1165","0","52.96","32.27"
"65","000","00","011","1141","0000","1334","789","545","78","1412","2510","0","56.25","31.43"
"65","000","00","011","1141","2341","594","344","250","53","647","1143","0","56.61","30.1"
"65","000","00","011","1141","2342","740","445","295","25","765","1367","0","55.96","32.55"
"65","000","00","011","1142","0000","2245","1319","926","86","2331","4378","0","53.24","30.13"
"65","000","00","011","1142","2368","799","456","343","22","821","1554","0","52.83","29.34"
"65","000","00","011","1142","2369","839","489","350","39","878","1700","0","51.65","28.76"
"65","000","00","011","1142","2370","607","374","233","25","632","1124","0","56.23","33.27"
"65","000","00","011","1143","0000","3104","1822","1282","133","3237","5763","0","56.17","31.62"
"65","000","00","011","1143","2427","820","499","321","33","853","1548","0","55.1","32.24"
"65","000","00","011","1143","2428","748","424","324","29","777","1350","0","57.56","31.41"
"65","000","00","011","1143","2429","782","462","320","34","816","1499","0","54.44","30.82"
"65","000","00","011","1143","2430","754","437","317","37","791","1366","0","57.91","31.99"
"65","000","00","011","1144","0000","510","302","208","15","525","923","0","56.88","32.72"
"65","000","00","011","1144","2394","510","302","208","15","525","923","0","56.88","32.72"
"65","000","00","011","1145","0000","2628","1555","1073","120","2748","4938","0","55.65","31.49"
"65","000","00","011","1145","2347","850","488","362","51","901","1590","0","56.67","30.69"
"65","000","00","011","1145","2348","844","517","327","35","879","1599","0","54.97","32.33"
"65","000","00","011","1145","2349","934","550","384","34","968","1749","0","55.35","31.45"
"65","000","00","011","1146","0000","2039","1219","820","107","2146","3853","0","55.7","31.64"
"65","000","00","011","1146","2353","943","551","392","57","1000","1779","0","56.21","30.97"
"65","000","00","011","1146","2354","1096","668","428","50","1146","2074","0","55.26","32.21"
"65","000","00","011","1147","0000","2441","1505","936","128","2569","4541","0","56.57","33.14"
"65","000","00","011","1147","2375","784","454","330","49","833","1473","0","56.55","30.82"
"65","000","00","011","1147","2376","946","606","340","48","994","1802","0","55.16","33.63"
"65","000","00","011","1147","2377","711","445","266","31","742","1266","0","58.61","35.15"
"65","000","00","011","1148","0000","2085","1238","847","101","2186","3950","0","55.34","31.34"
"65","000","00","011","1148","2371","1041","611","430","46","1087","1900","0","57.21","32.16"
"65","000","00","011","1148","2372","1044","627","417","55","1099","2050","0","53.61","30.59"
"65","000","00","011","1149","0000","1405","914","491","50","1455","2373","0","61.31","38.52"
"65","000","00","011","1149","2425","606","425","181","20","626","1061","0","59.0","40.06"
"65","000","00","011","1149","2426","799","489","310","30","829","1312","0","63.19","37.27"
"65","000","00","011","1150","0000","1267","739","528","66","1333","2623","0","50.82","28.17"
"65","000","00","011","1150","2383","913","530","383","33","946","1927","0","49.09","27.5"
"65","000","00","011","1150","2384","354","209","145","33","387","696","0","55.6","30.03"
"65","000","00","012","0000","0000","15729","9374","6355","1230","16959","35036","40022","48.4","26.76"
"65","000","00","012","1201","0000","393","234","159","29","422","725","0","58.21","32.28"
"65","000","00","012","1201","2220","393","234","159","29","422","725","0","58.21","32.28"
"65","000","00","012","1202","0000","974","603","371","65","1039","1899","0","54.71","31.75"
"65","000","00","012","1202","2221","569","342","227","42","611","1074","0","56.89","31.84"
"65","000","00","012","1202","2222","405","261","144","23","428","825","0","51.88","31.64"
"65","000","00","012","1203","0000","627","380","247","38","665","1242","0","53.54","30.6"
"65","000","00","012","1203","2223","627","380","247","38","665","1242","0","53.54","30.6"
"65","000","00","012","1204","0000","764","458","306","71","835","1632","0","51.16","28.06"
"65","000","00","012","1204","2225","433","269","164","33","466","872","0","53.44","30.85"
"65","000","00","012","1204","2226","331","189","142","38","369","760","0","48.55","24.87"
"65","000","00","012","1205","0000","584","324","260","45","629","1330","0","47.29","24.36"
"65","000","00","012","1205","2227","584","324","260","45","629","1330","0","47.29","24.36"
"65","000","00","012","1206","0000","297","161","136","31","328","598","0","54.85","26.92"
"65","000","00","012","1206","2224","297","161","136","31","328","598","0","54.85","26.92"
"65","000","00","012","1207","0000","1643","993","650","133","1776","3609","0","49.21","27.51"
"65","000","00","012","1207","2228","737","434","303","47","784","1683","0","46.58","25.79"
"65","000","00","012","1207","2229","442","285","157","47","489","980","0","49.9","29.08"
"65","000","00","012","1207","2230","464","274","190","39","503","946","0","53.17","28.96"
"65","000","00","012","1208","0000","501","306","195","62","563","1089","0","51.7","28.1"
"65","000","00","012","1208","2235","501","306","195","62","563","1089","0","51.7","28.1"
"65","000","00","012","1209","0000","718","431","287","42","760","1623","0","46.83","26.56"
"65","000","00","012","1209","2233","422","264","158","24","446","978","0","45.6","26.99"
"65","000","00","012","1209","2234","296","167","129","18","314","645","0","48.68","25.89"
"65","000","00","012","1210","0000","575","333","242","47","622","1291","0","48.18","25.79"
"65","000","00","012","1210","2245","335","197","138","33","368","673","0","54.68","29.27"
"65","000","00","012","1210","2246","240","136","104","14","254","618","0","41.1","22.01"
"65","000","00","012","1211","0000","825","473","352","91","916","1701","0","53.85","27.81"
"65","000","00","012","1211","2240","417","245","172","32","449","817","0","54.96","29.99"
"65","000","00","012","1211","2241","408","228","180","59","467","884","0","52.83","25.79"
"65","000","00","012","1212","0000","1349","809","540","89","1438","2985","0","48.17","27.1"
"65","000","00","012","1212","2242","576","358","218","44","620","1333","0","46.51","26.86"
"65","000","00","012","1212","2243","255","134","121","7","262","607","0","43.16","22.08"
"65","000","00","012","1212","2244","518","317","201","38","556","1045","0","53.21","30.33"
"65","000","00","012","1213","0000","797","401","396","72","869","1923","0","45.19","20.85"
"65","000","00","012","1213","2247","370","168","202","32","402","1063","0","37.82","15.8"
"65","000","00","012","1213","2248","427","233","194","40","467","860","0","54.3","27.09"
"65","000","00","012","1214","0000","214","110","104","24","238","461","0","51.63","23.86"
"65","000","00","012","1214","2237","214","110","104","24","238","461","0","51.63","23.86"
"65","000","00","012","1215","0000","119","75","44","19","138","274","0","50.36","27.37"
"65","000","00","012","1215","2238","119","75","44","19","138","274","0","50.36","27.37"
"65","000","00","012","1216","0000","110","68","42","13","123","286","0","43.01","23.78"
"65","000","00","012","1216","2236","110","68","42","13","123","286","0","43.01","23.78"
"65","000","00","012","1217","0000","86","51","35","9","95","155","0","61.29","32.9"
"65","000","00","012","1217","2239","86","51","35","9","95","155","0","61.29","32.9"
"65","000","00","012","1218","0000","135","75","60","5","140","432","0","32.41","17.36"
"65","000","00","012","1218","2249","135","75","60","5","140","432","0","32.41","17.36"
"65","000","00","012","1219","0000","167","105","62","12","179","445","0","40.22","23.6"
"65","000","00","012","1219","2250","167","105","62","12","179","445","0","40.22","23.6"
"65","000","00","012","1220","0000","129","81","48","9","138","318","0","43.4","25.47"
"65","000","00","012","1220","2251","129","81","48","9","138","318","0","43.4","25.47"
"65","000","00","012","1221","0000","71","49","22","6","77","159","0","48.43","30.82"
"65","000","00","012","1221","2252","71","49","22","6","77","159","0","48.43","30.82"
"65","000","00","012","1222","0000","133","67","66","14","147","337","0","43.62","19.88"
"65","000","00","012","1222","2253","133","67","66","14","147","337","0","43.62","19.88"
"65","000","00","012","1223","0000","179","118","61","11","190","369","0","51.49","31.98"
"65","000","00","012","1223","2256","179","118","61","11","190","369","0","51.49","31.98"
"65","000","00","012","1224","0000","88","58","30","11","99","180","0","55.0","32.22"
"65","000","00","012","1224","2254","88","58","30","11","99","180","0","55.0","32.22"
"65","000","00","012","1225","0000","70","47","23","11","81","187","0","43.32","25.13"
"65","000","00","012","1225","2255","70","47","23","11","81","187","0","43.32","25.13"
"65","000","00","012","1226","0000","168","100","68","20","188","335","0","56.12","29.85"
"65","000","00","012","1226","2257","168","100","68","20","188","335","0","56.12","29.85"
"65","000","00","012","1227","0000","110","70","40","5","115","297","0","38.72","23.57"
"65","000","00","012","1227","2259","110","70","40","5","115","297","0","38.72","23.57"
"65","000","00","012","1228","0000","193","118","75","14","207","470","0","44.04","25.11"
"65","000","00","012","1228","2258","193","118","75","14","207","470","0","44.04","25.11"
"65","000","00","012","1229","0000","458","284","174","26","484","1241","0","39.0","22.88"
"65","000","00","012","1229","2262","458","284","174","26","484","1241","0","39.0","22.88"
"65","000","00","012","1230","0000","935","533","402","103","1038","1946","0","53.34","27.39"
"65","000","00","012","1230","2263","481","274","207","54","535","998","0","53.61","27.45"
"65","000","00","012","1230","2264","454","259","195","49","503","948","0","53.06","27.32"
"65","000","00","012","1231","0000","496","292","204","27","523","1308","0","39.98","22.32"
"65","000","00","012","1231","2265","496","292","204","27","523","1308","0","39.98","22.32"
"65","000","00","012","1232","0000","174","115","59","7","181","267","0","67.79","43.07"
"65","000","00","012","1232","2260","174","115","59","7","181","267","0","67.79","43.07"
"65","000","00","012","1233","0000","248","158","90","11","259","876","0","29.57","18.04"
"65","000","00","012","1233","2261","248","158","90","11","259","876","0","29.57","18.04"
"65","000","00","012","1234","0000","1399","894","505","58","1457","3046","0","47.83","29.35"
"65","000","00","012","1234","2231","613","420","193","21","634","1375","0","46.11","30.55"
"65","000","00","012","1234","2232","786","474","312","37","823","1671","0","49.25","28.37"
"65","000","00","013","0000","0000","105226","62655","42571","5597","110823","200783","236964","55.2","31.21"
"65","000","00","013","1301","0000","1761","1070","691","100","1861","4869","0","38.22","21.98"
"65","000","00","013","1301","1799","519","298","221","26","545","2518","0","21.64","11.83"
"65","000","00","013","1301","1800","632","389","243","33","665","1218","0","54.6","31.94"
"65","000","00","013","1301","1801","610","383","227","41","651","1133","0","57.46","33.8"
"65","000","00","013","1302","0000","1001","618","383","52","1053","1825","0","57.7","33.86"
"65","000","00","013","1302","1802","484","305","179","20","504","894","0","56.38","34.12"
"65","000","00","013","1302","1803","517","313","204","32","549","931","0","58.97","33.62"
"65","000","00","013","1303","0000","2873","1672","1201","163","3036","5283","0","57.47","31.65"
"65","000","00","013","1303","1808","751","419","332","35","786","1378","0","57.04","30.41"
"65","000","00","013","1303","1809","781","443","338","48","829","1421","0","58.34","31.18"
"65","000","00","013","1303","1810","698","435","263","43","741","1340","0","55.3","32.46"
"65","000","00","013","1303","1811","643","375","268","37","680","1144","0","59.44","32.78"
"65","000","00","013","1304","0000","2562","1516","1046","148","2710","4954","0","54.7","30.6"
"65","000","00","013","1304","1795","696","434","262","27","723","1292","0","55.96","33.59"
"65","000","00","013","1304","1796","681","406","275","31","712","1324","0","53.78","30.66"
"65","000","00","013","1304","1797","575","342","233","42","617","1155","0","53.42","29.61"
"65","000","00","013","1304","1798","610","334","276","48","658","1183","0","55.62","28.23"
"65","000","00","013","1305","0000","1096","709","387","59","1155","1820","0","63.46","38.96"
"65","000","00","013","1305","1804","1096","709","387","59","1155","1820","0","63.46","38.96"
"65","000","00","013","1306","0000","2200","1358","842","167","2367","4161","0","56.89","32.64"
"65","000","00","013","1306","1820","716","449","267","63","779","1356","0","57.45","33.11"
"65","000","00","013","1306","1821","796","473","323","47","843","1496","0","56.35","31.62"
"65","000","00","013","1306","1822","688","436","252","57","745","1309","0","56.91","33.31"
"65","000","00","013","1307","0000","2816","1639","1177","180","2996","5067","0","59.13","32.35"
"65","000","00","013","1307","1816","653","387","266","41","694","1230","0","56.42","31.46"
"65","000","00","013","1307","1817","740","412","328","34","774","1342","0","57.68","30.7"
"65","000","00","013","1307","1818","710","419","291","42","752","1268","0","59.31","33.04"
"65","000","00","013","1307","1819","713","421","292","63","776","1227","0","63.24","34.31"
"65","000","00","013","1308","0000","2104","1243","861","118","2222","3900","0","56.97","31.87"
"65","000","00","013","1308","1827","625","364","261","54","679","1182","0","57.45","30.8"
"65","000","00","013","1308","1828","837","506","331","36","873","1558","0","56.03","32.48"
"65","000","00","013","1308","1829","642","373","269","28","670","1160","0","57.76","32.16"
"65","000","00","013","1309","0000","1590","1001","589","81","1671","2965","0","56.36","33.76"
"65","000","00","013","1309","1858","735","435","300","45","780","1445","0","53.98","30.1"
"65","000","00","013","1309","1859","855","566","289","36","891","1520","0","58.62","37.24"
"65","000","00","013","1310","0000","4121","2477","1644","198","4319","7503","0","57.56","33.01"
"65","000","00","013","1310","1840","817","488","329","51","868","1576","0","55.08","30.96"
"65","000","00","013","1310","1841","793","485","308","36","829","1458","0","56.86","33.26"
"65","000","00","013","1310","1842","821","505","316","51","872","1517","0","57.48","33.29"
"65","000","00","013","1310","1843","848","521","327","32","880","1489","0","59.1","34.99"
"65","000","00","013","1310","1844","842","478","364","28","870","1463","0","59.47","32.67"
"65","000","00","013","1311","0000","1494","879","615","90","1584","2821","0","56.15","31.16"
"65","000","00","013","1311","1830","737","438","299","35","772","1357","0","56.89","32.28"
"65","000","00","013","1311","1831","757","441","316","55","812","1464","0","55.46","30.12"
"65","000","00","013","1312","0000","3733","2199","1534","181","3914","7204","0","54.33","30.52"
"65","000","00","013","1312","1875","748","424","324","41","789","1402","0","56.28","30.24"
"65","000","00","013","1312","1876","720","414","306","42","762","1379","0","55.26","30.02"
"65","000","00","013","1312","1877","753","458","295","30","783","1471","0","53.23","31.14"
"65","000","00","013","1312","1878","718","440","278","28","746","1410","0","52.91","31.21"
"65","000","00","013","1312","1879","794","463","331","40","834","1542","0","54.09","30.03"
"65","000","00","013","1313","0000","2656","1561","1095","133","2789","5586","0","49.93","27.94"
"65","000","00","013","1313","1864","628","359","269","28","656","1337","0","49.07","26.85"
"65","000","00","013","1313","1865","565","349","216","26","591","1325","0","44.6","26.34"
"65","000","00","013","1313","1866","675","397","278","35","710","1390","0","51.08","28.56"
"65","000","00","013","1313","1867","788","456","332","44","832","1534","0","54.24","29.73"
"65","000","00","013","1314","0000","2112","1262","850","118","2230","3850","0","57.92","32.78"
"65","000","00","013","1314","1880","635","361","274","48","683","1238","0","55.17","29.16"
"65","000","00","013","1314","1881","653","408","245","51","704","1301","0","54.11","31.36"
"65","000","00","013","1314","1882","824","493","331","19","843","1311","0","64.3","37.6"
"65","000","00","013","1315","0000","739","438","301","51","790","1484","0","53.23","29.51"
"65","000","00","013","1315","1868","739","438","301","51","790","1484","0","53.23","29.51"
"65","000","00","013","1316","0000","3219","2013","1206","164","3383","6156","0","54.95","32.7"
"65","000","00","013","1316","1869","749","487","262","43","792","1532","0","51.7","31.79"
"65","000","00","013","1316","1870","813","476","337","42","855","1507","0","56.74","31.59"
"65","000","00","013","1316","1871","835","523","312","37","872","1550","0","56.26","33.74"
"65","000","00","013","1316","1872","822","527","295","42","864","1567","0","55.14","33.63"
"65","000","00","013","1317","0000","3313","2022","1291","199","3512","6530","0","53.78","30.96"
"65","000","00","013","1317","1892","655","396","259","55","710","1312","0","54.12","30.18"
"65","000","00","013","1317","1893","635","371","264","46","681","1301","0","52.34","28.52"
"65","000","00","013","1317","1894","619","353","266","46","665","1254","0","53.03","28.15"
"65","000","00","013","1317","1895","632","356","276","25","657","1215","0","54.07","29.3"
"65","000","00","013","1317","1896","772","546","226","27","799","1448","0","55.18","37.71"
"65","000","00","013","1318","0000","3261","1901","1360","169","3430","6194","0","55.38","30.69"
"65","000","00","013","1318","1906","799","461","338","38","837","1550","0","54.0","29.74"
"65","000","00","013","1318","1907","868","509","359","53","921","1606","0","57.35","31.69"
"65","000","00","013","1318","1908","809","465","344","30","839","1509","0","55.6","30.82"
"65","000","00","013","1318","1909","785","466","319","48","833","1529","0","54.48","30.48"
"65","000","00","013","1319","0000","2312","1364","948","93","2405","4283","0","56.15","31.85"
"65","000","00","013","1319","1886","754","446","308","34","788","1335","0","59.03","33.41"
"65","000","00","013","1319","1887","772","470","302","36","808","1459","0","55.38","32.21"
"65","000","00","013","1319","1888","786","448","338","23","809","1489","0","54.33","30.09"
"65","000","00","013","1320","0000","2266","1346","920","137","2403","4330","0","55.5","31.09"
"65","000","00","013","1320","1792","653","398","255","51","704","1206","0","58.37","33.0"
"65","000","00","013","1320","1793","702","421","281","28","730","1255","0","58.17","33.55"
"65","000","00","013","1320","1794","911","527","384","58","969","1869","0","51.85","28.2"
"65","000","00","013","1321","0000","3690","2137","1553","182","3872","7156","0","54.11","29.86"
"65","000","00","013","1321","1787","699","389","310","41","740","1424","0","51.97","27.32"
"65","000","00","013","1321","1788","741","429","312","45","786","1455","0","54.02","29.48"
"65","000","00","013","1321","1789","704","390","314","31","735","1419","0","51.8","27.48"
"65","000","00","013","1321","1790","777","478","299","31","808","1357","0","59.54","35.22"
"65","000","00","013","1321","1791","769","451","318","34","803","1501","0","53.5","30.05"
"65","000","00","013","1322","0000","2060","1203","857","106","2166","4013","0","53.97","29.98"
"65","000","00","013","1322","1784","678","405","273","30","708","1378","0","51.38","29.39"
"65","000","00","013","1322","1785","634","360","274","34","668","1256","0","53.18","28.66"
"65","000","00","013","1322","1786","748","438","310","42","790","1379","0","57.29","31.76"
"65","000","00","013","1323","0000","2241","1357","884","126","2367","4405","0","53.73","30.81"
"65","000","00","013","1323","1781","788","479","309","37","825","1499","0","55.04","31.95"
"65","000","00","013","1323","1782","758","453","305","24","782","1495","0","52.31","30.3"
"65","000","00","013","1323","1783","695","425","270","65","760","1411","0","53.86","30.12"
"65","000","00","013","1324","0000","2306","1354","952","142","2448","4638","0","52.78","29.19"
"65","000","00","013","1324","1778","758","450","308","56","814","1474","0","55.22","30.53"
"65","000","00","013","1324","1779","727","422","305","42","769","1489","0","51.65","28.34"
"65","000","00","013","1324","1780","821","482","339","44","865","1675","0","51.64","28.78"
"65","000","00","013","1325","0000","1421","855","566","45","1466","2448","0","59.89","34.93"
"65","000","00","013","1325","1776","723","427","296","27","750","1242","0","60.39","34.38"
"65","000","00","013","1325","1777","698","428","270","18","716","1206","0","59.37","35.49"
"65","000","00","013","1326","0000","745","431","314","59","804","1505","0","53.42","28.64"
"65","000","00","013","1326","1775","745","431","314","59","804","1505","0","53.42","28.64"
"65","000","00","013","1327","0000","2436","1451","985","115","2551","4640","0","54.98","31.27"
"65","000","00","013","1327","1847","855","513","342","43","898","1598","0","56.2","32.1"
"65","000","00","013","1327","1848","766","437","329","45","811","1500","0","54.07","29.13"
"65","000","00","013","1327","1849","815","501","314","27","842","1542","0","54.6","32.49"
"65","000","00","013","1328","0000","2595","1528","1067","83","2678","5032","0","53.22","30.37"
"65","000","00","013","1328","1835","860","509","351","47","907","1639","0","55.34","31.06"
"65","000","00","013","1328","1836","969","601","368","19","988","1728","0","57.18","34.78"
"65","000","00","013","1328","1837","766","418","348","17","783","1665","0","47.03","25.11"
"65","000","00","013","1329","0000","1679","966","713","77","1756","3140","0","55.92","30.76"
"65","000","00","013","1329","1850","911","518","393","49","960","1619","0","59.3","32.0"
"65","000","00","013","1329","1851","768","448","320","28","796","1521","0","52.33","29.45"
"65","000","00","013","1330","0000","2157","1269","888","133","2290","3975","0","57.61","31.92"
"65","000","00","013","1330","1900","763","459","304","53","816","1366","0","59.74","33.6"
"65","000","00","013","1330","1901","714","419","295","39","753","1292","0","58.28","32.43"
"65","000","00","013","1330","1902","680","391","289","41","721","1317","0","54.75","29.69"
"65","000","00","013","1331","0000","2274","1302","972","135","2409","4421","0","54.49","29.45"
"65","000","00","013","1331","1910","718","418","300","52","770","1458","0","52.81","28.67"
"65","000","00","013","1331","1911","788","435","353","48","836","1468","0","56.95","29.63"
"65","000","00","013","1331","1912","768","449","319","35","803","1495","0","53.71","30.03"
"65","000","00","013","1332","0000","1416","872","544","57","1473","2605","0","56.55","33.47"
"65","000","00","013","1332","1862","671","414","257","27","698","1262","0","55.31","32.81"
"65","000","00","013","1332","1863","745","458","287","30","775","1343","0","57.71","34.1"
"65","000","00","013","1333","0000","2704","1611","1093","169","2873","4947","0","58.08","32.57"
"65","000","00","013","1333","1812","687","406","281","41","728","1268","0","57.41","32.02"
"65","000","00","013","1333","1813","635","386","249","57","692","1196","0","57.86","32.27"
"65","000","00","013","1333","1814","751","432","319","28","779","1308","0","59.56","33.03"
"65","000","00","013","1333","1815","631","387","244","43","674","1175","0","57.36","32.94"
"65","000","00","013","1334","0000","1871","1076","795","155","2026","3896","0","52.0","27.62"
"65","000","00","013","1334","1897","659","393","266","57","716","1321","0","54.2","29.75"
"65","000","00","013","1334","1898","553","325","228","51","604","1150","0","52.52","28.26"
"65","000","00","013","1334","1899","659","358","301","47","706","1425","0","49.54","25.12"
"65","000","00","013","1335","0000","2194","1289","905","101","2295","4116","0","55.76","31.32"
"65","000","00","013","1335","1832","670","397","273","34","704","1335","0","52.73","29.74"
"65","000","00","013","1335","1833","687","403","284","40","727","1346","0","54.01","29.94"
"65","000","00","013","1335","1834","837","489","348","27","864","1435","0","60.21","34.08"
"65","000","00","013","1336","0000","2654","1589","1065","148","2802","4896","0","57.23","32.46"
"65","000","00","013","1336","1823","660","383","277","47","707","1175","0","60.17","32.6"
"65","000","00","013","1336","1824","659","388","271","41","700","1237","0","56.59","31.37"
"65","000","00","013","1336","1825","689","446","243","38","727","1256","0","57.88","35.51"
"65","000","00","013","1336","1826","646","372","274","22","668","1228","0","54.4","30.29"
"65","000","00","013","1337","0000","2077","1222","855","88","2165","3975","0","54.47","30.74"
"65","000","00","013","1337","1805","693","420","273","27","720","1320","0","54.55","31.82"
"65","000","00","013","1337","1806","640","377","263","23","663","1241","0","53.42","30.38"
"65","000","00","013","1337","1807","744","425","319","38","782","1414","0","55.3","30.06"
"65","000","00","013","1338","0000","2322","1320","1002","125","2447","4680","0","52.29","28.21"
"65","000","00","013","1338","1883","728","401","327","36","764","1511","0","50.56","26.54"
"65","000","00","013","1338","1884","776","447","329","42","818","1531","0","53.43","29.2"
"65","000","00","013","1338","1885","818","472","346","47","865","1638","0","52.81","28.82"
"65","000","00","013","1339","0000","1675","981","694","76","1751","2900","0","60.38","33.83"
"65","000","00","013","1339","1838","776","453","323","39","815","1333","0","61.14","33.98"
"65","000","00","013","1339","1839","899","528","371","37","936","1567","0","59.73","33.69"
"65","000","00","013","1340","0000","3004","1782","1222","178","3182","5663","0","56.19","31.47"
"65","000","00","013","1340","1913","702","421","281","48","750","1303","0","57.56","32.31"
"65","000","00","013","1340","1914","723","429","294","47","770","1365","0","56.41","31.43"
"65","000","00","013","1340","1915","766","442","324","54","820","1476","0","55.56","29.95"
"65","000","00","013","1340","1916","813","490","323","29","842","1519","0","55.43","32.26"
"65","000","00","013","1341","0000","1390","813","577","42","1432","2846","0","50.32","28.57"
"65","000","00","013","1341","1860","688","405","283","16","704","1484","0","47.44","27.29"
"65","000","00","013","1341","1861","702","408","294","26","728","1362","0","53.45","29.96"
"65","000","00","013","1342","0000","2386","1543","843","108","2494","4173","0","59.77","36.98"
"65","000","00","013","1342","1855","785","576","209","22","807","1423","0","56.71","40.48"
"65","000","00","013","1342","1856","771","468","303","40","811","1321","0","61.39","35.43"
"65","000","00","013","1342","1857","830","499","331","46","876","1429","0","61.3","34.92"
"65","000","00","013","1343","0000","2735","1554","1181","111","2846","5120","0","55.59","30.35"
"65","000","00","013","1343","1852","888","493","395","37","925","1691","0","54.7","29.15"
"65","000","00","013","1343","1853","851","492","359","39","890","1657","0","53.71","29.69"
"65","000","00","013","1343","1854","996","569","427","35","1031","1772","0","58.18","32.11"
"65","000","00","013","1344","0000","1653","997","656","62","1715","3048","0","56.27","32.71"
"65","000","00","013","1344","1845","880","533","347","29","909","1584","0","57.39","33.65"
"65","000","00","013","1344","1846","773","464","309","33","806","1464","0","55.05","31.69"
"65","000","00","013","1345","0000","1396","821","575","87","1483","2660","0","55.75","30.86"
"65","000","00","013","1345","1873","747","453","294","38","785","1367","0","57.43","33.14"
"65","000","00","013","1345","1874","649","368","281","49","698","1293","0","53.98","28.46"
"65","000","00","013","1346","0000","2938","1859","1079","155","3093","5364","0","57.66","34.66"
"65","000","00","013","1346","1889","1059","720","339","58","1117","1774","0","62.97","40.59"
"65","000","00","013","1346","1890","946","548","398","37","983","1792","0","54.85","30.58"
"65","000","00","013","1346","1891","933","591","342","60","993","1798","0","55.23","32.87"
"65","000","00","013","1347","0000","1978","1185","793","131","2109","3736","0","56.45","31.72"
"65","000","00","013","1347","1903","711","434","277","40","751","1324","0","56.72","32.78"
"65","000","00","013","1347","1904","596","350","246","47","643","1189","0","54.08","29.44"
"65","000","00","013","1347","1905","671","401","270","44","715","1223","0","58.46","32.79"
"65","000","00","014","0000","0000","85259","49602","35657","4595","89854","167457","201173","53.66","29.62"
"65","000","00","014","1401","0000","5861","3420","2441","182","6043","10484","0","57.64","32.62"
"65","000","00","014","1401","0581","1020","592","428","37","1057","1791","0","59.02","33.05"
"65","000","00","014","1401","0582","1014","520","494","27","1041","1714","0","60.74","30.34"
"65","000","00","014","1401","0583","982","604","378","32","1014","1780","0","56.97","33.93"
"65","000","00","014","1401","0584","943","546","397","27","970","1713","0","56.63","31.87"
"65","000","00","014","1401","0585","959","582","377","27","986","1720","0","57.33","33.84"
"65","000","00","014","1401","0586","943","576","367","32","975","1766","0","55.21","32.62"
"65","000","00","014","1402","0000","2643","1504","1139","141","2784","4958","0","56.15","30.33"
"65","000","00","014","1402","0573","907","505","402","42","949","1652","0","57.45","30.57"
"65","000","00","014","1402","0574","859","485","374","59","918","1650","0","55.64","29.39"
"65","000","00","014","1402","0575","877","514","363","40","917","1656","0","55.37","31.04"
"65","000","00","014","1403","0000","1568","951","617","74","1642","3576","0","45.92","26.59"
"65","000","00","014","1403","0561","646","396","250","37","683","1779","0","38.39","22.26"
"65","000","00","014","1403","0562","922","555","367","37","959","1797","0","53.37","30.88"
"65","000","00","014","1404","0000","2498","1452","1046","150","2648","4665","0","56.76","31.13"
"65","000","00","014","1404","0555","833","463","370","54","887","1600","0","55.44","28.94"
"65","000","00","014","1404","0556","820","481","339","46","866","1549","0","55.91","31.05"
"65","000","00","014","1404","0557","845","508","337","50","895","1516","0","59.04","33.51"
"65","000","00","014","1405","0000","1704","1022","682","122","1826","3361","0","54.33","30.41"
"65","000","00","014","1405","0655","819","509","310","57","876","1673","0","52.36","30.42"
"65","000","00","014","1405","0656","885","513","372","65","950","1688","0","56.28","30.39"
"65","000","00","014","1406","0000","4397","2535","1862","248","4645","9051","0","51.32","28.01"
"65","000","00","014","1406","0640","952","580","372","48","1000","1851","0","54.02","31.33"
"65","000","00","014","1406","0641","832","488","344","50","882","1791","0","49.25","27.25"
"65","000","00","014","1406","0642","875","497","378","51","926","1853","0","49.97","26.82"
"65","000","00","014","1406","0643","832","466","366","37","869","1758","0","49.43","26.51"
"65","000","00","014","1406","0644","906","504","402","62","968","1798","0","53.84","28.03"
"65","000","00","014","1407","0000","2667","1556","1111","139","2806","5589","0","50.21","27.84"
"65","000","00","014","1407","0604","920","539","381","45","965","1806","0","53.43","29.84"
"65","000","00","014","1407","0605","933","542","391","60","993","1910","0","51.99","28.38"
"65","000","00","014","1407","0606","814","475","339","34","848","1873","0","45.27","25.36"
"65","000","00","014","1408","0000","2544","1468","1076","130","2674","4826","0","55.41","30.42"
"65","000","00","014","1408","0616","852","492","360","40","892","1634","0","54.59","30.11"
"65","000","00","014","1408","0617","828","497","331","46","874","1573","0","55.56","31.6"
"65","000","00","014","1408","0618","864","479","385","44","908","1619","0","56.08","29.59"
"65","000","00","014","1409","0000","2836","1759","1077","154","2990","5491","0","54.45","32.03"
"65","000","00","014","1409","0619","954","559","395","68","1022","1878","0","54.42","29.77"
"65","000","00","014","1409","0620","915","535","380","50","965","1797","0","53.7","29.77"
"65","000","00","014","1409","0621","967","665","302","36","1003","1816","0","55.23","36.62"
"65","000","00","014","1410","0000","1576","923","653","108","1684","2836","0","59.38","32.55"
"65","000","00","014","1410","0622","731","415","316","66","797","1344","0","59.3","30.88"
"65","000","00","014","1410","0623","845","508","337","42","887","1492","0","59.45","34.05"
"65","000","00","014","1411","0000","1511","836","675","77","1588","2963","0","53.59","28.21"
"65","000","00","014","1411","0636","853","469","384","42","895","1602","0","55.87","29.28"
"65","000","00","014","1411","0637","658","367","291","35","693","1361","0","50.92","26.97"
"65","000","00","014","1412","0000","1217","711","506","119","1336","2287","0","58.42","31.09"
"65","000","00","014","1412","0634","597","350","247","43","640","1111","0","57.61","31.5"
"65","000","00","014","1412","0635","620","361","259","76","696","1176","0","59.18","30.7"
"65","000","00","014","1413","0000","978","605","373","73","1051","1959","0","53.65","30.88"
"65","000","00","014","1413","0624","978","605","373","73","1051","1959","0","53.65","30.88"
"65","000","00","014","1414","0000","1457","851","606","93","1550","2980","0","52.01","28.56"
"65","000","00","014","1414","0630","692","415","277","43","735","1332","0","55.18","31.16"
"65","000","00","014","1414","0631","765","436","329","50","815","1648","0","49.45","26.46"
"65","000","00","014","1415","0000","2739","1611","1128","127","2866","5122","0","55.95","31.45"
"65","000","00","014","1415","0587","853","522","331","35","888","1623","0","54.71","32.16"
"65","000","00","014","1415","0588","910","503","407","48","958","1740","0","55.06","28.91"
"65","000","00","014","1415","0589","976","586","390","44","1020","1759","0","57.99","33.31"
"65","000","00","014","1416","0000","3025","1737","1288","149","3174","5489","0","57.82","31.65"
"65","000","00","014","1416","0590","974","564","410","57","1031","1775","0","58.08","31.77"
"65","000","00","014","1416","0591","1058","609","449","35","1093","1909","0","57.26","31.9"
"65","000","00","014","1416","0592","993","564","429","57","1050","1805","0","58.17","31.25"
"65","000","00","014","1417","0000","3083","1740","1343","121","3204","5952","0","53.83","29.23"
"65","000","00","014","1417","0597","729","404","325","39","768","1434","0","53.56","28.17"
"65","000","00","014","1417","0598","774","438","336","37","811","1450","0","55.93","30.21"
"65","000","00","014","1417","0599","781","457","324","16","797","1543","0","51.65","29.62"
"65","000","00","014","1417","0600","799","441","358","29","828","1525","0","54.3","28.92"
"65","000","00","014","1418","0000","1664","969","695","85","1749","3545","0","49.34","27.33"
"65","000","00","014","1418","0607","822","468","354","36","858","1785","0","48.07","26.22"
"65","000","00","014","1418","0608","842","501","341","49","891","1760","0","50.63","28.47"
"65","000","00","014","1419","0000","2573","1507","1066","149","2722","5146","0","52.9","29.28"
"65","000","00","014","1419","0609","968","569","399","54","1022","1841","0","55.51","30.91"
"65","000","00","014","1419","0610","922","548","374","43","965","1855","0","52.02","29.54"
"65","000","00","014","1419","0611","683","390","293","52","735","1450","0","50.69","26.9"
"65","000","00","014","1420","0000","1490","864","626","135","1625","3126","0","51.98","27.64"
"65","000","00","014","1420","0612","784","448","336","53","837","1585","0","52.81","28.26"
"65","000","00","014","1420","0613","706","416","290","82","788","1541","0","51.14","27.0"
"65","000","00","014","1421","0000","3990","2326","1664","199","4189","8323","0","50.33","27.95"
"65","000","00","014","1421","0645","862","506","356","45","907","1645","0","55.14","30.76"
"65","000","00","014","1421","0646","766","443","323","30","796","1612","0","49.38","27.48"
"65","000","00","014","1421","0647","830","456","374","44","874","1784","0","48.99","25.56"
"65","000","00","014","1421","0648","747","445","302","46","793","1701","0","46.62","26.16"
"65","000","00","014","1421","0649","785","476","309","34","819","1581","0","51.8","30.11"
"65","000","00","014","1422","0000","2530","1451","1079","140","2670","4648","0","57.44","31.22"
"65","000","00","014","1422","0650","804","441","363","41","845","1534","0","55.08","28.75"
"65","000","00","014","1422","0651","883","506","377","52","935","1620","0","57.72","31.23"
"65","000","00","014","1422","0652","843","504","339","47","890","1494","0","59.57","33.73"
"65","000","00","014","1423","0000","1514","859","655","83","1597","2881","0","55.43","29.82"
"65","000","00","014","1423","0579","694","377","317","41","735","1367","0","53.77","27.58"
"65","000","00","014","1423","0580","820","482","338","42","862","1514","0","56.94","31.84"
"65","000","00","014","1424","0000","2408","1464","944","108","2516","4810","0","52.31","30.44"
"65","000","00","014","1424","0566","776","476","300","36","812","1524","0","53.28","31.23"
"65","000","00","014","1424","0567","790","489","301","45","835","1612","0","51.8","30.33"
"65","000","00","014","1424","0568","842","499","343","27","869","1674","0","51.91","29.81"
"65","000","00","014","1425","0000","1554","876","678","79","1633","2938","0","55.58","29.82"
"65","000","00","014","1425","0571","797","435","362","41","838","1473","0","56.89","29.53"
"65","000","00","014","1425","0572","757","441","316","38","795","1465","0","54.27","30.1"
"65","000","00","014","1426","0000","1395","809","586","57","1452","2726","0","53.26","29.68"
"65","000","00","014","1426","0632","687","397","290","28","715","1355","0","52.77","29.3"
"65","000","00","014","1426","0633","708","412","296","29","737","1371","0","53.76","30.05"
"65","000","00","014","1427","0000","2581","1487","1094","142","2723","4838","0","56.28","30.74"
"65","000","00","014","1427","0625","817","472","345","67","884","1611","0","54.87","29.3"
"65","000","00","014","1427","0626","875","500","375","37","912","1574","0","57.94","31.77"
"65","000","00","014","1427","0627","889","515","374","38","927","1653","0","56.08","31.16"
"65","000","00","014","1428","0000","1929","1063","866","103","2032","4897","0","41.49","21.71"
"65","000","00","014","1428","0628","1010","555","455","52","1062","3085","0","34.42","17.99"
"65","000","00","014","1428","0629","919","508","411","51","970","1812","0","53.53","28.04"
"65","000","00","014","1429","0000","2240","1366","874","140","2380","4270","0","55.74","31.99"
"65","000","00","014","1429","0558","734","458","276","42","776","1404","0","55.27","32.62"
"65","000","00","014","1429","0559","699","411","288","63","762","1381","0","55.18","29.76"
"65","000","00","014","1429","0560","807","497","310","35","842","1485","0","56.7","33.47"
"65","000","00","014","1430","0000","1369","778","591","90","1459","2725","0","53.54","28.55"
"65","000","00","014","1430","0657","647","368","279","36","683","1249","0","54.68","29.46"
"65","000","00","014","1430","0658","722","410","312","54","776","1476","0","52.57","27.78"
"65","000","00","014","1431","0000","2331","1328","1003","116","2447","4569","0","53.56","29.07"
"65","000","00","014","1431","0576","789","423","366","35","824","1571","0","52.45","26.93"
"65","000","00","014","1431","0577","783","435","348","39","822","1523","0","53.97","28.56"
"65","000","00","014","1431","0578","759","470","289","42","801","1475","0","54.31","31.86"
"65","000","00","014","1432","0000","1246","746","500","114","1360","2455","0","55.4","30.39"
"65","000","00","014","1432","0638","780","460","320","52","832","1530","0","54.38","30.07"
"65","000","00","014","1432","0639","466","286","180","62","528","925","0","57.08","30.92"
"65","000","00","014","1433","0000","1171","671","500","62","1233","2168","0","56.87","30.95"
"65","000","00","014","1433","0653","634","353","281","26","660","1183","0","55.79","29.84"
"65","000","00","014","1433","0654","537","318","219","36","573","985","0","58.17","32.28"
"65","000","00","014","1434","0000","1491","839","652","89","1580","2867","0","55.11","29.26"
"65","000","00","014","1434","0614","816","487","329","47","863","1626","0","53.08","29.95"
"65","000","00","014","1434","0615","675","352","323","42","717","1241","0","57.78","28.36"
"65","000","00","014","1435","0000","2343","1397","946","126","2469","4566","0","54.07","30.6"
"65","000","00","014","1435","0563","737","440","297","52","789","1364","0","57.84","32.26"
"65","000","00","014","1435","0564","874","529","345","44","918","1635","0","56.15","32.35"
"65","000","00","014","1435","0565","732","428","304","30","762","1567","0","48.63","27.31"
"65","000","00","014","1436","0000","1669","957","712","69","1738","3652","0","47.59","26.2"
"65","000","00","014","1436","0569","867","471","396","41","908","1838","0","49.4","25.63"
"65","000","00","014","1436","0570","802","486","316","28","830","1814","0","45.76","26.79"
"65","000","00","014","1437","0000","3386","1970","1416","176","3562","6697","0","53.19","29.42"
"65","000","00","014","1437","0593","851","499","352","24","875","1642","0","53.29","30.39"
"65","000","00","014","1437","0594","869","492","377","48","917","1713","0","53.53","28.72"
"65","000","00","014","1437","0595","834","482","352","59","893","1746","0","51.15","27.61"
"65","000","00","014","1437","0596","832","497","335","45","877","1596","0","54.95","31.14"
"65","000","00","014","1438","0000","2081","1194","887","126","2207","4021","0","54.89","29.69"
"65","000","00","014","1438","0601","713","403","310","42","755","1419","0","53.21","28.4"
"65","000","00","014","1438","0602","706","390","316","34","740","1298","0","57.01","30.05"
"65","000","00","014","1438","0603","662","401","261","50","712","1304","0","54.6","30.75"
"65","000","00","015","0000","0000","36875","22210","14665","2067","38942","72443","86156","53.76","30.66"
"65","000","00","015","1501","0000","2160","1249","911","154","2314","4225","0","54.77","29.56"
"65","000","00","015","1501","0207","738","417","321","63","801","1456","0","55.01","28.64"
"65","000","00","015","1501","0208","740","438","302","46","786","1482","0","53.04","29.55"
"65","000","00","015","1501","0209","682","394","288","45","727","1287","0","56.49","30.61"
"65","000","00","015","1502","0000","562","311","251","25","587","1106","0","53.07","28.12"
"65","000","00","015","1502","0210","562","311","251","25","587","1106","0","53.07","28.12"
"65","000","00","015","1503","0000","1817","1024","793","106","1923","3437","0","55.95","29.79"
"65","000","00","015","1503","0212","944","545","399","37","981","1833","0","53.52","29.73"
"65","000","00","015","1503","0213","624","339","285","33","657","1141","0","57.58","29.71"
"65","000","00","015","1503","0214","249","140","109","36","285","463","0","61.56","30.24"
"65","000","00","015","1504","0000","624","375","249","55","679","1283","0","52.92","29.23"
"65","000","00","015","1504","0211","624","375","249","55","679","1283","0","52.92","29.23"
"65","000","00","015","1505","0000","2538","1514","1024","161","2699","5271","0","51.2","28.72"
"65","000","00","015","1505","0219","894","551","343","79","973","1832","0","53.11","30.08"
"65","000","00","015","1505","0220","787","460","327","42","829","1542","0","53.76","29.83"
"65","000","00","015","1505","0221","857","503","354","40","897","1897","0","47.29","26.52"
"65","000","00","015","1506","0000","2563","1512","1051","199","2762","5478","0","50.42","27.6"
"65","000","00","015","1506","0222","889","537","352","74","963","1964","0","49.03","27.34"
"65","000","00","015","1506","0223","830","472","358","55","885","1779","0","49.75","26.53"
"65","000","00","015","1506","0224","844","503","341","70","914","1735","0","52.68","28.99"
"65","000","00","015","1507","0000","603","337","266","35","638","1281","0","49.8","26.31"
"65","000","00","015","1507","0229","603","337","266","35","638","1281","0","49.8","26.31"
"65","000","00","015","1508","0000","1953","1193","760","110","2063","3910","0","52.76","30.51"
"65","000","00","015","1508","0236","511","301","210","27","538","1333","0","40.36","22.58"
"65","000","00","015","1508","0237","725","443","282","37","762","1263","0","60.33","35.08"
"65","000","00","015","1508","0238","717","449","268","46","763","1314","0","58.07","34.17"
"65","000","00","015","1509","0000","1575","996","579","66","1641","3126","0","52.5","31.86"
"65","000","00","015","1509","0230","812","503","309","39","851","1566","0","54.34","32.12"
"65","000","00","015","1509","0231","763","493","270","27","790","1560","0","50.64","31.6"
"65","000","00","015","1510","0000","2407","1473","934","121","2528","4643","0","54.45","31.73"
"65","000","00","015","1510","0239","759","455","304","32","791","1513","0","52.28","30.07"
"65","000","00","015","1510","0240","830","526","304","32","862","1517","0","56.82","34.67"
"65","000","00","015","1510","0241","818","492","326","57","875","1613","0","54.25","30.5"
"65","000","00","015","1511","0000","1129","771","358","45","1174","2281","0","51.47","33.8"
"65","000","00","015","1511","0253","549","381","168","23","572","1127","0","50.75","33.81"
"65","000","00","015","1511","0254","580","390","190","22","602","1154","0","52.17","33.8"
"65","000","00","015","1512","0000","1543","994","549","122","1665","2709","0","61.46","36.69"
"65","000","00","015","1512","0251","787","489","298","67","854","1397","0","61.13","35.0"
"65","000","00","015","1512","0252","756","505","251","55","811","1312","0","61.81","38.49"
"65","000","00","015","1513","0000","2159","1302","857","88","2247","3916","0","57.38","33.25"
"65","000","00","015","1513","0248","743","439","304","28","771","1441","0","53.5","30.46"
"65","000","00","015","1513","0249","731","459","272","22","753","1305","0","57.7","35.17"
"65","000","00","015","1513","0250","685","404","281","38","723","1170","0","61.79","34.53"
"65","000","00","015","1514","0000","1489","899","590","101","1590","2819","0","56.4","31.89"
"65","000","00","015","1514","0217","789","462","327","57","846","1534","0","55.15","30.12"
"65","000","00","015","1514","0218","700","437","263","44","744","1285","0","57.9","34.01"
"65","000","00","015","1515","0000","1784","1118","666","66","1850","3401","0","54.4","32.87"
"65","000","00","015","1515","0232","851","542","309","35","886","1622","0","54.62","33.42"
"65","000","00","015","1515","0233","933","576","357","31","964","1779","0","54.19","32.38"
"65","000","00","015","1516","0000","1750","994","756","90","1840","3446","0","53.4","28.85"
"65","000","00","015","1516","0215","930","556","374","49","979","1786","0","54.82","31.13"
"65","000","00","015","1516","0216","820","438","382","41","861","1660","0","51.87","26.39"
"65","000","00","015","1517","0000","1564","970","594","81","1645","3054","0","53.86","31.76"
"65","000","00","015","1517","0234","741","480","261","44","785","1487","0","52.79","32.28"
"65","000","00","015","1517","0235","823","490","333","37","860","1567","0","54.88","31.27"
"65","000","00","015","1518","0000","3657","2230","1427","180","3837","7389","0","51.93","30.18"
"65","000","00","015","1518","0225","1087","620","467","40","1127","2299","0","49.02","26.97"
"65","000","00","015","1518","0226","825","534","291","44","869","1755","0","49.52","30.43"
"65","000","00","015","1518","0227","874","540","334","46","920","1674","0","54.96","32.26"
"65","000","00","015","1518","0228","871","536","335","50","921","1661","0","55.45","32.27"
"65","000","00","015","1519","0000","3451","2014","1437","193","3644","6815","0","53.47","29.55"
"65","000","00","015","1519","0242","825","488","337","49","874","1616","0","54.08","30.2"
"65","000","00","015","1519","0243","809","445","364","58","867","1616","0","53.65","27.54"
"65","000","00","015","1519","0244","865","532","333","54","919","1689","0","54.41","31.5"
"65","000","00","015","1519","0245","952","549","403","32","984","1894","0","51.95","28.99"
"65","000","00","015","1520","0000","1547","934","613","69","1616","2853","0","56.64","32.74"
"65","000","00","015","1520","0246","723","437","286","40","763","1210","0","63.06","36.12"
"65","000","00","015","1520","0247","824","497","327","29","853","1643","0","51.92","30.25"
"65","000","00","016","0000","0000","34036","20423","13613","1602","35638","64252","78683","55.47","31.79"
"65","000","00","016","1601","0000","413","249","164","27","440","829","0","53.08","30.04"
"65","000","00","016","1601","0255","302","179","123","23","325","643","0","50.54","27.84"
"65","000","00","016","1601","0256","111","70","41","4","115","186","0","61.83","37.63"
"65","000","00","016","1602","0000","1554","954","600","78","1632","3051","0","53.49","31.27"
"65","000","00","016","1602","0257","713","425","288","28","741","1457","0","50.86","29.17"
"65","000","00","016","1602","0258","841","529","312","50","891","1594","0","55.9","33.19"
"65","000","00","016","1603","0000","2937","1760","1177","161","3098","5921","0","52.32","29.72"
"65","000","00","016","1603","0259","775","482","293","33","808","1598","0","50.56","30.16"
"65","000","00","016","1603","0260","753","429","324","21","774","1503","0","51.5","28.54"
"65","000","00","016","1603","0261","685","422","263","63","748","1436","0","52.09","29.39"
"65","000","00","016","1603","0262","724","427","297","44","768","1384","0","55.49","30.85"
"65","000","00","016","1604","0000","1317","835","482","69","1386","2526","0","54.87","33.06"
"65","000","00","016","1604","0263","665","425","240","37","702","1231","0","57.03","34.52"
"65","000","00","016","1604","0264","652","410","242","32","684","1295","0","52.82","31.66"
"65","000","00","016","1605","0000","2026","1171","855","107","2133","3901","0","54.68","30.02"
"65","000","00","016","1605","0267","646","375","271","30","676","1253","0","53.95","29.93"
"65","000","00","016","1605","0268","638","388","250","29","667","1294","0","51.55","29.98"
"65","000","00","016","1605","0269","742","408","334","48","790","1354","0","58.35","30.13"
"65","000","00","016","1606","0000","1935","1141","794","77","2012","3605","0","55.81","31.65"
"65","000","00","016","1606","0270","665","389","276","31","696","1259","0","55.28","30.9"
"65","000","00","016","1606","0271","697","399","298","22","719","1252","0","57.43","31.87"
"65","000","00","016","1606","0272","573","353","220","24","597","1094","0","54.57","32.27"
"65","000","00","016","1607","0000","2147","1264","883","139","2286","4048","0","56.47","31.23"
"65","000","00","016","1607","0280","698","415","283","38","736","1201","0","61.28","34.55"
"65","000","00","016","1607","0281","621","358","263","43","664","1182","0","56.18","30.29"
"65","000","00","016","1607","0282","828","491","337","58","886","1665","0","53.21","29.49"
"65","000","00","016","1608","0000","1822","1091","731","82","1904","3306","0","57.59","33.0"
"65","000","00","016","1608","0287","601","362","239","27","628","1152","0","54.51","31.42"
"65","000","00","016","1608","0288","598","341","257","29","627","1114","0","56.28","30.61"
"65","000","00","016","1608","0289","623","388","235","26","649","1040","0","62.4","37.31"
"65","000","00","016","1609","0000","1926","1207","719","79","2005","3517","0","57.01","34.32"
"65","000","00","016","1609","0294","661","409","252","28","689","1211","0","56.9","33.77"
"65","000","00","016","1609","0295","685","439","246","24","709","1237","0","57.32","35.49"
"65","000","00","016","1609","0296","580","359","221","27","607","1069","0","56.78","33.58"
"65","000","00","016","1610","0000","2331","1380","951","97","2428","4348","0","55.84","31.74"
"65","000","00","016","1610","0299","714","432","282","28","742","1420","0","52.25","30.42"
"65","000","00","016","1610","0300","751","427","324","36","787","1337","0","58.86","31.94"
"65","000","00","016","1610","0301","866","521","345","33","899","1591","0","56.51","32.75"
"65","000","00","016","1611","0000","1730","1024","706","79","1809","3224","0","56.11","31.76"
"65","000","00","016","1611","0273","864","527","337","30","894","1590","0","56.23","33.14"
"65","000","00","016","1611","0274","866","497","369","49","915","1634","0","56.0","30.42"
"65","000","00","016","1612","0000","3715","2273","1442","179","3894","7245","0","53.75","31.37"
"65","000","00","016","1612","0283","960","587","373","49","1009","1855","0","54.39","31.64"
"65","000","00","016","1612","0284","972","605","367","59","1031","1866","0","55.25","32.42"
"65","000","00","016","1612","0285","989","591","398","45","1034","1935","0","53.44","30.54"
"65","000","00","016","1612","0286","794","490","304","26","820","1589","0","51.6","30.84"
"65","000","00","016","1613","0000","1147","639","508","51","1198","1978","0","60.57","32.31"
"65","000","00","016","1613","0290","575","338","237","28","603","1003","0","60.12","33.7"
"65","000","00","016","1613","0291","572","301","271","23","595","975","0","61.03","30.87"
"65","000","00","016","1614","0000","1529","930","599","55","1584","2920","0","54.25","31.85"
"65","000","00","016","1614","0292","739","440","299","48","787","1440","0","54.65","30.56"
"65","000","00","016","1614","0293","790","490","300","7","797","1480","0","53.85","33.11"
"65","000","00","016","1615","0000","1855","1071","784","81","1936","3331","0","58.12","32.15"
"65","000","00","016","1615","0297","945","538","407","50","995","1680","0","59.23","32.02"
"65","000","00","016","1615","0298","910","533","377","31","941","1651","0","57.0","32.28"
"65","000","00","016","1616","0000","1743","1035","708","89","1832","3173","0","57.74","32.62"
"65","000","00","016","1616","0265","858","502","356","41","899","1563","0","57.52","32.12"
"65","000","00","016","1616","0266","885","533","352","48","933","1610","0","57.95","33.11"
"65","000","00","016","1617","0000","3909","2399","1510","152","4061","7329","0","55.41","32.73"
"65","000","00","016","1617","0275","702","418","284","27","729","1536","0","47.46","27.21"
"65","000","00","016","1617","0276","859","522","337","24","883","1534","0","57.56","34.03"
"65","000","00","016","1617","0277","909","576","333","43","952","1545","0","61.62","37.28"
"65","000","00","016","1617","0278","747","449","298","36","783","1399","0","55.97","32.09"
"65","000","00","016","1617","0279","692","434","258","22","714","1315","0","54.3","33.0"
"65","000","00","017","0000","0000","46251","27446","18805","2146","48397","86203","108950","56.14","31.84"
"65","000","00","017","1701","0000","1886","1070","816","97","1983","3657","0","54.22","29.26"
"65","000","00","017","1701","0145","672","383","289","13","685","1268","0","54.02","30.21"
"65","000","00","017","1701","0146","568","314","254","39","607","1171","0","51.84","26.81"
"65","000","00","017","1701","0147","646","373","273","45","691","1218","0","56.73","30.62"
"65","000","00","017","1702","0000","2383","1326","1057","158","2541","4861","0","52.27","27.28"
"65","000","00","017","1702","0148","876","494","382","44","920","1788","0","51.45","27.63"
"65","000","00","017","1702","0149","815","449","366","47","862","1625","0","53.05","27.63"
"65","000","00","017","1702","0150","692","383","309","67","759","1448","0","52.42","26.45"
"65","000","00","017","1703","0000","4347","2616","1731","223","4570","8259","0","55.33","31.67"
"65","000","00","017","1703","0151","632","384","248","54","686","1328","0","51.66","28.92"
"65","000","00","017","1703","0152","662","392","270","45","707","1523","0","46.42","25.74"
"65","000","00","017","1703","0153","651","395","256","34","685","1245","0","55.02","31.73"
"65","000","00","017","1703","0154","800","499","301","28","828","1329","0","62.3","37.55"
"65","000","00","017","1703","0155","818","496","322","39","857","1465","0","58.5","33.86"
"65","000","00","017","1703","0156","784","450","334","23","807","1369","0","58.95","32.87"
"65","000","00","017","1704","0000","2112","1237","875","130","2242","3818","0","58.72","32.4"
"65","000","00","017","1704","0157","743","432","311","47","790","1346","0","58.69","32.1"
"65","000","00","017","1704","0158","597","356","241","53","650","1181","0","55.04","30.14"
"65","000","00","017","1704","0159","772","449","323","30","802","1291","0","62.12","34.78"
"65","000","00","017","1705","0000","1956","1142","814","105","2061","3654","0","56.4","31.25"
"65","000","00","017","1705","0160","633","379","254","42","675","1213","0","55.65","31.24"
"65","000","00","017","1705","0161","709","430","279","27","736","1256","0","58.6","34.24"
"65","000","00","017","1705","0162","614","333","281","36","650","1185","0","54.85","28.1"
"65","000","00","017","1706","0000","719","421","298","43","762","1361","0","55.99","30.93"
"65","000","00","017","1706","0163","719","421","298","43","762","1361","0","55.99","30.93"
"65","000","00","017","1707","0000","9324","5662","3662","332","9656","17256","0","55.96","32.81"
"65","000","00","017","1707","0164","871","524","347","31","902","1756","0","51.37","29.84"
"65","000","00","017","1707","0165","837","488","349","30","867","1676","0","51.73","29.12"
"65","000","00","017","1707","0166","853","539","314","23","876","1540","0","56.88","35.0"
"65","000","00","017","1707","0167","813","482","331","38","851","1569","0","54.24","30.72"
"65","000","00","017","1707","0168","804","527","277","33","837","1514","0","55.28","34.81"
"65","000","00","017","1707","0169","670","381","289","22","692","1193","0","58.01","31.94"
"65","000","00","017","1707","0170","928","574","354","18","946","1610","0","58.76","35.65"
"65","000","00","017","1707","0171","748","463","285","29","777","1338","0","58.07","34.6"
"65","000","00","017","1707","0172","635","392","243","27","662","1141","0","58.02","34.36"
"65","000","00","017","1707","0173","706","419","287","34","740","1307","0","56.62","32.06"
"65","000","00","017","1707","0174","742","456","286","22","764","1327","0","57.57","34.36"
"65","000","00","017","1707","0175","717","417","300","25","742","1285","0","57.74","32.45"
"65","000","00","017","1708","0000","8514","5176","3338","278","8792","15777","0","55.73","32.81"
"65","000","00","017","1708","0176","805","456","349","38","843","1481","0","56.92","30.79"
"65","000","00","017","1708","0177","842","483","359","24","866","1510","0","57.35","31.99"
"65","000","00","017","1708","0178","919","558","361","34","953","1785","0","53.39","31.26"
"65","000","00","017","1708","0179","951","593","358","25","976","1792","0","54.46","33.09"
"65","000","00","017","1708","0180","836","518","318","25","861","1517","0","56.76","34.15"
"65","000","00","017","1708","0181","876","544","332","20","896","1564","0","57.29","34.78"
"65","000","00","017","1708","0182","862","549","313","31","893","1560","0","57.24","35.19"
"65","000","00","017","1708","0183","807","482","325","32","839","1544","0","54.34","31.22"
"65","000","00","017","1708","0184","838","502","336","23","861","1593","0","54.05","31.51"
"65","000","00","017","1708","0185","778","491","287","26","804","1431","0","56.18","34.31"
"65","000","00","017","1709","0000","2922","1742","1180","146","3068","5291","0","57.99","32.92"
"65","000","00","017","1709","0195","786","488","298","29","815","1380","0","59.06","35.36"
"65","000","00","017","1709","0196","724","428","296","47","771","1367","0","56.4","31.31"
"65","000","00","017","1709","0197","741","428","313","37","778","1350","0","57.63","31.7"
"65","000","00","017","1709","0198","671","398","273","33","704","1194","0","58.96","33.33"
"65","000","00","017","1710","0000","471","264","207","34","505","1026","0","49.22","25.73"
"65","000","00","017","1710","0202","471","264","207","34","505","1026","0","49.22","25.73"
"65","000","00","017","1711","0000","619","339","280","58","677","1210","0","55.95","28.02"
"65","000","00","017","1711","0203","619","339","280","58","677","1210","0","55.95","28.02"
"65","000","00","017","1712","0000","454","256","198","63","517","912","0","56.69","28.07"
"65","000","00","017","1712","0204","454","256","198","63","517","912","0","56.69","28.07"
"65","000","00","017","1713","0000","451","230","221","32","483","824","0","58.62","27.91"
"65","000","00","017","1713","0205","451","230","221","32","483","824","0","58.62","27.91"
"65","000","00","017","1714","0000","764","440","324","69","833","1411","0","59.04","31.18"
"65","000","00","017","1714","0206","764","440","324","69","833","1411","0","59.04","31.18"
"65","000","00","017","1715","0000","3237","1884","1353","119","3356","5852","0","57.35","32.19"
"65","000","00","017","1715","0186","810","490","320","33","843","1571","0","53.66","31.19"
"65","000","00","017","1715","0187","808","459","349","23","831","1439","0","57.75","31.9"
"65","000","00","017","1715","0188","807","478","329","34","841","1451","0","57.96","32.94"
"65","000","00","017","1715","0189","812","457","355","29","841","1391","0","60.46","32.85"
"65","000","00","017","1716","0000","4109","2491","1618","154","4263","7417","0","57.48","33.59"
"65","000","00","017","1716","0190","778","464","314","37","815","1461","0","55.78","31.76"
"65","000","00","017","1716","0191","897","515","382","22","919","1691","0","54.35","30.46"
"65","000","00","017","1716","0192","811","538","273","38","849","1524","0","55.71","35.3"
"65","000","00","017","1716","0193","813","497","316","27","840","1343","0","62.55","37.01"
"65","000","00","017","1716","0194","810","477","333","30","840","1398","0","60.09","34.12"
"65","000","00","017","1717","0000","1983","1150","833","105","2088","3617","0","57.73","31.79"
"65","000","00","017","1717","0199","688","398","290","49","737","1344","0","54.84","29.61"
"65","000","00","017","1717","0200","623","363","260","31","654","1154","0","56.67","31.46"
"65","000","00","017","1717","0201","672","389","283","25","697","1119","0","62.29","34.76"
"65","000","00","018","0000","0000","10882","6399","4483","607","11489","20624","23617","55.71","31.03"
"65","000","00","018","1801","0000","1497","879","618","68","1565","3004","0","52.1","29.26"
"65","000","00","018","1801","2169","700","411","289","20","720","1496","0","48.13","27.47"
"65","000","00","018","1801","2170","797","468","329","48","845","1508","0","56.03","31.03"
"65","000","00","018","1802","0000","1210","598","612","74","1284","2281","0","56.29","26.22"
"65","000","00","018","1802","2163","573","231","342","34","607","1142","0","53.15","20.23"
"65","000","00","018","1802","2164","637","367","270","40","677","1139","0","59.44","32.22"
"65","000","00","018","1803","0000","1407","853","554","81","1488","2710","0","54.91","31.48"
"65","000","00","018","1803","2167","639","350","289","49","688","1330","0","51.73","26.32"
"65","000","00","018","1803","2168","768","503","265","32","800","1380","0","57.97","36.45"
"65","000","00","018","1804","0000","1037","642","395","57","1094","1946","0","56.22","32.99"
"65","000","00","018","1804","2174","391","235","156","19","410","782","0","52.43","30.05"
"65","000","00","018","1804","2175","646","407","239","38","684","1164","0","58.76","34.97"
"65","000","00","018","1805","0000","314","171","143","27","341","556","0","61.33","30.76"
"65","000","00","018","1805","2178","314","171","143","27","341","556","0","61.33","30.76"
"65","000","00","018","1806","0000","3021","1827","1194","142","3163","5579","0","56.69","32.75"
"65","000","00","018","1806","2171","884","528","356","48","932","1624","0","57.39","32.51"
"65","000","00","018","1806","2172","1122","690","432","51","1173","2165","0","54.18","31.87"
"65","000","00","018","1806","2173","1015","609","406","43","1058","1790","0","59.11","34.02"
"65","000","00","018","1807","0000","1209","693","516","86","1295","2465","0","52.54","28.11"
"65","000","00","018","1807","2165","532","303","229","44","576","1065","0","54.08","28.45"
"65","000","00","018","1807","2166","677","390","287","42","719","1400","0","51.36","27.86"
"65","000","00","018","1808","0000","1187","736","451","72","1259","2083","0","60.44","35.33"
"65","000","00","018","1808","2176","760","489","271","45","805","1344","0","59.9","36.38"
"65","000","00","018","1808","2177","427","247","180","27","454","739","0","61.43","33.42"
"65","000","00","019","0000","0000","3254","1895","1359","273","3527","6861","7727","51.41","27.62"
"65","000","00","019","1901","0000","225","120","105","22","247","391","0","63.17","30.69"
"65","000","00","019","1901","2179","225","120","105","22","247","391","0","63.17","30.69"
"65","000","00","019","1902","0000","363","206","157","42","405","789","0","51.33","26.11"
"65","000","00","019","1902","2180","363","206","157","42","405","789","0","51.33","26.11"
"65","000","00","019","1903","0000","273","145","128","36","309","683","0","45.24","21.23"
"65","000","00","019","1903","2185","273","145","128","36","309","683","0","45.24","21.23"
"65","000","00","019","1904","0000","254","149","105","22","276","662","0","41.69","22.51"
"65","000","00","019","1904","2181","254","149","105","22","276","662","0","41.69","22.51"
"65","000","00","019","1905","0000","147","89","58","14","161","310","0","51.94","28.71"
"65","000","00","019","1905","2182","147","89","58","14","161","310","0","51.94","28.71"
"65","000","00","019","1906","0000","173","102","71","15","188","373","0","50.4","27.35"
"65","000","00","019","1906","2183","140","81","59","10","150","280","0","53.57","28.93"
"65","000","00","019","1906","2184","33","21","12","5","38","93","0","40.86","22.58"
"65","000","00","019","1907","0000","293","160","133","22","315","591","0","53.3","27.07"
"65","000","00","019","1907","2188","293","160","133","22","315","591","0","53.3","27.07"
"65","000","00","019","1908","0000","280","187","93","14","294","726","0","40.5","25.76"
"65","000","00","019","1908","2187","280","187","93","14","294","726","0","40.5","25.76"
"65","000","00","019","1909","0000","165","105","60","26","191","282","0","67.73","37.23"
"65","000","00","019","1909","2189","165","105","60","26","191","282","0","67.73","37.23"
"65","000","00","019","1910","0000","197","117","80","11","208","323","0","64.4","36.22"
"65","000","00","019","1910","2186","197","117","80","11","208","323","0","64.4","36.22"
"65","000","00","019","1911","0000","363","219","144","12","375","788","0","47.59","27.79"
"65","000","00","019","1911","2190","363","219","144","12","375","788","0","47.59","27.79"
"65","000","00","019","1912","0000","521","296","225","37","558","943","0","59.17","31.39"
"65","000","00","019","1912","2191","521","296","225","37","558","943","0","59.17","31.39"
"65","000","00","020","0000","0000","2803","1714","1089","230","3033","5891","6570","51.49","29.1"
"65","000","00","020","2001","0000","429","249","180","57","486","843","0","57.65","29.54"
"65","000","00","020","2001","2196","296","165","131","36","332","595","0","55.8","27.73"
"65","000","00","020","2001","2197","133","84","49","21","154","248","0","62.1","33.87"
"65","000","00","020","2002","0000","638","399","239","34","672","1248","0","53.85","31.97"
"65","000","00","020","2002","2192","638","399","239","34","672","1248","0","53.85","31.97"
"65","000","00","020","2003","0000","599","376","223","54","653","1141","0","57.23","32.95"
"65","000","00","020","2003","2194","599","376","223","54","653","1141","0","57.23","32.95"
"65","000","00","020","2004","0000","173","100","73","9","182","417","0","43.65","23.98"
"65","000","00","020","2004","2195","173","100","73","9","182","417","0","43.65","23.98"
"65","000","00","020","2005","0000","360","220","140","20","380","816","0","46.57","26.96"
"65","000","00","020","2005","2198","158","94","64","9","167","338","0","49.41","27.81"
"65","000","00","020","2005","2199","202","126","76","11","213","478","0","44.56","26.36"
"65","000","00","020","2006","0000","260","154","106","32","292","612","0","47.71","25.16"
"65","000","00","020","2006","2193","260","154","106","32","292","612","0","47.71","25.16"
"65","000","00","020","2007","0000","344","216","128","24","368","814","0","45.21","26.54"
"65","000","00","020","2007","2200","148","93","55","11","159","390","0","40.77","23.85"
"65","000","00","020","2007","2201","196","123","73","13","209","424","0","49.29","29.01"
"65","000","00","021","0000","0000","9171","5384","3787","653","9824","20119","23010","48.83","26.76"
"65","000","00","021","2101","0000","136","88","48","15","151","312","0","48.4","28.21"
"65","000","00","021","2101","0011","136","88","48","15","151","312","0","48.4","28.21"
"65","000","00","021","2102","0000","2320","1376","944","140","2460","4806","0","51.19","28.63"
"65","000","00","021","2102","0012","687","405","282","30","717","1421","0","50.46","28.5"
"65","000","00","021","2102","0013","761","445","316","41","802","1557","0","51.51","28.58"
"65","000","00","021","2102","0014","872","526","346","69","941","1828","0","51.48","28.77"
"65","000","00","021","2103","0000","497","280","217","44","541","1060","0","51.04","26.42"
"65","000","00","021","2103","0015","497","280","217","44","541","1060","0","51.04","26.42"
"65","000","00","021","2104","0000","324","189","135","33","357","819","0","43.59","23.08"
"65","000","00","021","2104","0016","324","189","135","33","357","819","0","43.59","23.08"
"65","000","00","021","2105","0000","2648","1565","1083","177","2825","6140","0","46.01","25.49"
"65","000","00","021","2105","0017","689","410","279","40","729","1701","0","42.86","24.1"
"65","000","00","021","2105","0018","787","442","345","53","840","1740","0","48.28","25.4"
"65","000","00","021","2105","0019","648","385","263","32","680","1451","0","46.86","26.53"
"65","000","00","021","2105","0020","524","328","196","52","576","1248","0","46.15","26.28"
"65","000","00","021","2106","0000","316","174","142","16","332","629","0","52.78","27.66"
"65","000","00","021","2106","0021","316","174","142","16","332","629","0","52.78","27.66"
"65","000","00","021","2107","0000","216","139","77","18","234","504","0","46.43","27.58"
"65","000","00","021","2107","0022","216","139","77","18","234","504","0","46.43","27.58"
"65","000","00","021","2108","0000","312","183","129","15","327","698","0","46.85","26.22"
"65","000","00","021","2108","0023","312","183","129","15","327","698","0","46.85","26.22"
"65","000","00","021","2109","0000","926","571","355","54","980","2069","0","47.37","27.6"
"65","000","00","021","2109","0024","926","571","355","54","980","2069","0","47.37","27.6"
"65","000","00","021","2110","0000","387","218","169","32","419","784","0","53.44","27.81"
"65","000","00","021","2110","0025","387","218","169","32","419","784","0","53.44","27.81"
"65","000","00","021","2111","0000","243","120","123","23","266","522","0","50.96","22.99"
"65","000","00","021","2111","0026","243","120","123","23","266","522","0","50.96","22.99"
"65","000","00","021","2112","0000","261","162","99","47","308","587","0","52.47","27.6"
"65","000","00","021","2112","0027","261","162","99","47","308","587","0","52.47","27.6"
"65","000","00","021","2113","0000","585","319","266","39","624","1189","0","52.48","26.83"
"65","000","00","021","2113","0028","585","319","266","39","624","1189","0","52.48","26.83"
"65","000","00","022","0000","0000","5047","2955","2092","420","5467","10528","12158","51.93","28.07"
"65","000","00","022","2201","0000","556","290","266","32","588","1121","0","52.45","25.87"
"65","000","00","022","2201","0001","556","290","266","32","588","1121","0","52.45","25.87"
"65","000","00","022","2202","0000","637","374","263","37","674","1389","0","48.52","26.93"
"65","000","00","022","2202","0002","637","374","263","37","674","1389","0","48.52","26.93"
"65","000","00","022","2203","0000","985","637","348","122","1107","2177","0","50.85","29.26"
"65","000","00","022","2203","0003","431","282","149","57","488","933","0","52.3","30.23"
"65","000","00","022","2203","0004","554","355","199","65","619","1244","0","49.76","28.54"
"65","000","00","022","2204","0000","432","255","177","55","487","883","0","55.15","28.88"
"65","000","00","022","2204","0005","432","255","177","55","487","883","0","55.15","28.88"
"65","000","00","022","2205","0000","796","441","355","51","847","1564","0","54.16","28.2"
"65","000","00","022","2205","0006","796","441","355","51","847","1564","0","54.16","28.2"
"65","000","00","022","2206","0000","756","446","310","43","799","1500","0","53.27","29.73"
"65","000","00","022","2206","0007","756","446","310","43","799","1500","0","53.27","29.73"
"65","000","00","022","2207","0000","140","73","67","11","151","328","0","46.04","22.26"
"65","000","00","022","2207","0008","140","73","67","11","151","328","0","46.04","22.26"
"65","000","00","022","2208","0000","370","232","138","33","403","651","0","61.9","35.64"
"65","000","00","022","2208","0009","370","232","138","33","403","651","0","61.9","35.64"
"65","000","00","022","2209","0000","375","207","168","36","411","915","0","44.92","22.62"
"65","000","00","022","2209","0010","375","207","168","36","411","915","0","44.92","22.62"
"65","000","00","023","0000","0000","16577","9599","6978","952","17529","32970","38861","53.17","29.11"
"65","000","00","023","2301","0000","3247","1996","1251","153","3400","6595","0","51.55","30.27"
"65","000","00","023","2301","0125","710","408","302","43","753","1498","0","50.27","27.24"
"65","000","00","023","2301","0126","871","546","325","27","898","1939","0","46.31","28.16"
"65","000","00","023","2301","0127","778","490","288","29","807","1516","0","53.23","32.32"
"65","000","00","023","2301","0128","888","552","336","54","942","1642","0","57.37","33.62"
"65","000","00","023","2302","0000","1538","908","630","98","1636","3203","0","51.08","28.35"
"65","000","00","023","2302","0129","886","502","384","58","944","1927","0","48.99","26.05"
"65","000","00","023","2302","0130","652","406","246","40","692","1276","0","54.23","31.82"
"65","000","00","023","2303","0000","1506","893","613","77","1583","2752","0","57.52","32.45"
"65","000","00","023","2303","0131","752","442","310","41","793","1349","0","58.78","32.77"
"65","000","00","023","2303","0132","754","451","303","36","790","1403","0","56.31","32.15"
"65","000","00","023","2304","0000","1800","1052","748","94","1894","3497","0","54.16","30.08"
"65","000","00","023","2304","0133","848","502","346","41","889","1644","0","54.08","30.54"
"65","000","00","023","2304","0134","952","550","402","53","1005","1853","0","54.24","29.68"
"65","000","00","023","2305","0000","996","587","409","53","1049","1793","0","58.51","32.74"
"65","000","00","023","2305","0135","996","587","409","53","1049","1793","0","58.51","32.74"
"65","000","00","023","2306","0000","3281","1884","1397","167","3448","6457","0","53.4","29.18"
"65","000","00","023","2306","0136","845","487","358","40","885","1644","0","53.83","29.62"
"65","000","00","023","2306","0137","923","535","388","43","966","1846","0","52.33","28.98"
"65","000","00","023","2306","0138","678","383","295","44","722","1346","0","53.64","28.45"
"65","000","00","023","2306","0139","835","479","356","40","875","1621","0","53.98","29.55"
"65","000","00","023","2307","0000","1838","953","885","113","1951","4077","0","47.85","23.38"
"65","000","00","023","2307","0140","886","541","345","56","942","2110","0","44.64","25.64"
"65","000","00","023","2307","0141","952","412","540","57","1009","1967","0","51.3","20.95"
"65","000","00","023","2308","0000","842","477","365","55","897","1626","0","55.17","29.34"
"65","000","00","023","2308","0142","842","477","365","55","897","1626","0","55.17","29.34"
"65","000","00","023","2309","0000","767","417","350","67","834","1514","0","55.09","27.54"
"65","000","00","023","2309","0143","767","417","350","67","834","1514","0","55.09","27.54"
"65","000","00","023","2310","0000","762","432","330","75","837","1456","0","57.49","29.67"
"65","000","00","023","2310","0144","762","432","330","75","837","1456","0","57.49","29.67"
"65","000","00","024","0000","0000","1921","1218","703","197","2118","4321","4687","49.02","28.19"
"65","000","00","024","2401","0000","176","121","55","20","196","384","0","51.04","31.51"
"65","000","00","024","2401","2208","176","121","55","20","196","384","0","51.04","31.51"
"65","000","00","024","2402","0000","99","60","39","3","102","232","0","43.97","25.86"
"65","000","00","024","2402","2209","99","60","39","3","102","232","0","43.97","25.86"
"65","000","00","024","2403","0000","132","77","55","10","142","249","0","57.03","30.92"
"65","000","00","024","2403","2210","132","77","55","10","142","249","0","57.03","30.92"
"65","000","00","024","2404","0000","225","131","94","30","255","458","0","55.68","28.6"
"65","000","00","024","2404","2211","225","131","94","30","255","458","0","55.68","28.6"
"65","000","00","024","2405","0000","113","76","37","15","128","232","0","55.17","32.76"
"65","000","00","024","2405","2212","113","76","37","15","128","232","0","55.17","32.76"
"65","000","00","024","2406","0000","251","165","86","16","267","635","0","42.05","25.98"
"65","000","00","024","2406","2213","251","165","86","16","267","635","0","42.05","25.98"
"65","000","00","024","2407","0000","208","131","77","39","247","427","0","57.85","30.68"
"65","000","00","024","2407","2214","208","131","77","39","247","427","0","57.85","30.68"
"65","000","00","024","2408","0000","72","50","22","2","74","147","0","50.34","34.01"
"65","000","00","024","2408","2216","72","50","22","2","74","147","0","50.34","34.01"
"65","000","00","024","2409","0000","133","82","51","11","144","365","0","39.45","22.47"
"65","000","00","024","2409","2217","133","82","51","11","144","365","0","39.45","22.47"
"65","000","00","024","2410","0000","95","66","29","14","109","177","0","61.58","37.29"
"65","000","00","024","2410","2219","95","66","29","14","109","177","0","61.58","37.29"
"65","000","00","024","2411","0000","355","222","133","29","384","862","0","44.55","25.75"
"65","000","00","024","2411","2215","355","222","133","29","384","862","0","44.55","25.75"
"65","000","00","024","2412","0000","62","37","25","8","70","153","0","45.75","24.18"
"65","000","00","024","2412","2218","62","37","25","8","70","153","0","45.75","24.18"
"65","000","00","025","0000","0000","3598","2122","1476","311","3909","7999","8872","48.87","26.53"
"65","000","00","025","2501","0000","202","134","68","15","217","455","0","47.69","29.45"
"65","000","00","025","2501","2266","202","134","68","15","217","455","0","47.69","29.45"
"65","000","00","025","2502","0000","186","97","89","13","199","391","0","50.9","24.81"
"65","000","00","025","2502","2278","61","26","35","4","65","120","0","54.17","21.67"
"65","000","00","025","2502","2279","125","71","54","9","134","271","0","49.45","26.2"
"65","000","00","025","2503","0000","399","241","158","26","425","782","0","54.35","30.82"
"65","000","00","025","2503","2267","144","87","57","5","149","286","0","52.1","30.42"
"65","000","00","025","2503","2268","255","154","101","21","276","496","0","55.65","31.05"
"65","000","00","025","2504","0000","359","198","161","47","406","733","0","55.39","27.01"
"65","000","00","025","2504","2280","192","98","94","21","213","362","0","58.84","27.07"
"65","000","00","025","2504","2281","167","100","67","26","193","371","0","52.02","26.95"
"65","000","00","025","2505","0000","157","99","58","12","169","383","0","44.13","25.85"
"65","000","00","025","2505","2269","157","99","58","12","169","383","0","44.13","25.85"
"65","000","00","025","2506","0000","615","366","249","51","666","1539","0","43.27","23.78"
"65","000","00","025","2506","2270","359","219","140","25","384","887","0","43.29","24.69"
"65","000","00","025","2506","2271","256","147","109","26","282","652","0","43.25","22.55"
"65","000","00","025","2507","0000","153","89","64","16","169","333","0","50.75","26.73"
"65","000","00","025","2507","2272","153","89","64","16","169","333","0","50.75","26.73"
"65","000","00","025","2508","0000","424","214","210","36","460","924","0","49.78","23.16"
"65","000","00","025","2508","2273","297","157","140","25","322","642","0","50.16","24.45"
"65","000","00","025","2508","2274","127","57","70","11","138","282","0","48.94","20.21"
"65","000","00","025","2509","0000","245","142","103","28","273","621","0","43.96","22.87"
"65","000","00","025","2509","2275","245","142","103","28","273","621","0","43.96","22.87"
"65","000","00","025","2510","0000","157","90","67","14","171","422","0","40.52","21.33"
"65","000","00","025","2510","2276","157","90","67","14","171","422","0","40.52","21.33"
"65","000","00","025","2511","0000","118","76","42","18","136","369","0","36.86","20.6"
"65","000","00","025","2511","2277","118","76","42","18","136","369","0","36.86","20.6"
"65","000","00","025","2512","0000","583","376","207","35","618","1047","0","59.03","35.91"
"65","000","00","025","2512","2282","583","376","207","35","618","1047","0","59.03","35.91"
"65","000","00","026","0000","0000","4588","2649","1939","452","5040","11279","12364","44.68","23.49"
"65","000","00","026","2601","0000","398","232","166","41","439","876","0","50.11","26.48"
"65","000","00","026","2601","2283","398","232","166","41","439","876","0","50.11","26.48"
"65","000","00","026","2602","0000","208","126","82","19","227","516","0","43.99","24.42"
"65","000","00","026","2602","2285","208","126","82","19","227","516","0","43.99","24.42"
"65","000","00","026","2603","0000","247","139","108","56","303","686","0","44.17","20.26"
"65","000","00","026","2603","2286","121","67","54","32","153","373","0","41.02","17.96"
"65","000","00","026","2603","2287","126","72","54","24","150","313","0","47.92","23.0"
"65","000","00","026","2604","0000","198","111","87","23","221","433","0","51.04","25.64"
"65","000","00","026","2604","2284","198","111","87","23","221","433","0","51.04","25.64"
"65","000","00","026","2605","0000","241","120","121","31","272","676","0","40.24","17.75"
"65","000","00","026","2605","2292","241","120","121","31","272","676","0","40.24","17.75"
"65","000","00","026","2606","0000","695","404","291","76","771","1673","0","46.08","24.15"
"65","000","00","026","2606","2290","321","197","124","33","354","812","0","43.6","24.26"
"65","000","00","026","2606","2291","374","207","167","43","417","861","0","48.43","24.04"
"65","000","00","026","2607","0000","737","407","330","50","787","1731","0","45.47","23.51"
"65","000","00","026","2607","2295","305","188","117","13","318","769","0","41.35","24.45"
"65","000","00","026","2607","2296","432","219","213","37","469","962","0","48.75","22.77"
"65","000","00","026","2608","0000","746","455","291","70","816","2046","0","39.88","22.24"
"65","000","00","026","2608","2293","404","232","172","21","425","1091","0","38.96","21.26"
"65","000","00","026","2608","2294","342","223","119","49","391","955","0","40.94","23.35"
"65","000","00","026","2609","0000","421","235","186","32","453","900","0","50.33","26.11"
"65","000","00","026","2609","2288","232","137","95","10","242","485","0","49.9","28.25"
"65","000","00","026","2609","2289","189","98","91","22","211","415","0","50.84","23.61"
"65","000","00","026","2610","0000","356","206","150","13","369","739","0","49.93","27.88"
"65","000","00","026","2610","2297","200","111","89","8","208","390","0","53.33","28.46"
"65","000","00","026","2610","2298","156","95","61","5","161","349","0","46.13","27.22"
"65","000","00","026","2611","0000","341","214","127","41","382","1003","0","38.09","21.34"
"65","000","00","026","2611","2299","184","120","64","29","213","508","0","41.93","23.62"
"65","000","00","026","2611","2300","157","94","63","12","169","495","0","34.14","18.99"
"65","000","00","027","0000","0000","8881","5228","3653","753","9634","18978","21821","50.76","27.55"
"65","000","00","027","2701","0000","239","150","89","23","262","481","0","54.47","31.19"
"65","000","00","027","2701","2301","239","150","89","23","262","481","0","54.47","31.19"
"65","000","00","027","2702","0000","347","207","140","33","380","715","0","53.15","28.95"
"65","000","00","027","2702","2302","347","207","140","33","380","715","0","53.15","28.95"
"65","000","00","027","2703","0000","192","122","70","22","214","481","0","44.49","25.36"
"65","000","00","027","2703","2303","192","122","70","22","214","481","0","44.49","25.36"
"65","000","00","027","2704","0000","793","496","297","50","843","1792","0","47.04","27.68"
"65","000","00","027","2704","2304","793","496","297","50","843","1792","0","47.04","27.68"
"65","000","00","027","2705","0000","1859","1061","798","126","1985","3791","0","52.36","27.99"
"65","000","00","027","2705","2305","847","511","336","66","913","1781","0","51.26","28.69"
"65","000","00","027","2705","2306","1012","550","462","60","1072","2010","0","53.33","27.36"
"65","000","00","027","2706","0000","844","497","347","64","908","1716","0","52.91","28.96"
"65","000","00","027","2706","2310","408","239","169","28","436","828","0","52.66","28.86"
"65","000","00","027","2706","2311","436","258","178","36","472","888","0","53.15","29.05"
"65","000","00","027","2707","0000","551","350","201","61","612","1211","0","50.54","28.9"
"65","000","00","027","2707","2312","551","350","201","61","612","1211","0","50.54","28.9"
"65","000","00","027","2708","0000","221","126","95","18","239","416","0","57.45","30.29"
"65","000","00","027","2708","2313","221","126","95","18","239","416","0","57.45","30.29"
"65","000","00","027","2709","0000","361","200","161","37","398","682","0","58.36","29.33"
"65","000","00","027","2709","2314","361","200","161","37","398","682","0","58.36","29.33"
"65","000","00","027","2710","0000","316","186","130","33","349","644","0","54.19","28.88"
"65","000","00","027","2710","2315","316","186","130","33","349","644","0","54.19","28.88"
"65","000","00","027","2711","0000","374","245","129","36","410","830","0","49.4","29.52"
"65","000","00","027","2711","2316","374","245","129","36","410","830","0","49.4","29.52"
"65","000","00","027","2712","0000","241","133","108","21","262","469","0","55.86","28.36"
"65","000","00","027","2712","2318","241","133","108","21","262","469","0","55.86","28.36"
"65","000","00","027","2713","0000","85","43","42","15","100","188","0","53.19","22.87"
"65","000","00","027","2713","2317","85","43","42","15","100","188","0","53.19","22.87"
"65","000","00","027","2714","0000","184","105","79","34","218","582","0","37.46","18.04"
"65","000","00","027","2714","2319","184","105","79","34","218","582","0","37.46","18.04"
"65","000","00","027","2715","0000","2274","1307","967","180","2454","4980","0","49.28","26.24"
"65","000","00","027","2715","2307","713","434","279","58","771","1572","0","49.05","27.61"
"65","000","00","027","2715","2308","847","447","400","63","910","1777","0","51.21","25.15"
"65","000","00","027","2715","2309","714","426","288","59","773","1631","0","47.39","26.12"
"65","000","00","028","0000","0000","8971","5433","3538","694","9665","19297","22102","50.09","28.15"
"65","000","00","028","2801","0000","2140","1309","831","126","2266","4309","0","52.59","30.38"
"65","000","00","028","2801","2320","650","408","242","49","699","1286","0","54.35","31.73"
"65","000","00","028","2801","2321","824","498","326","37","861","1576","0","54.63","31.6"
"65","000","00","028","2801","2322","666","403","263","40","706","1447","0","48.79","27.85"
"65","000","00","028","2802","0000","1080","676","404","88","1168","2532","0","46.13","26.7"
"65","000","00","028","2802","2325","432","269","163","45","477","1215","0","39.26","22.14"
"65","000","00","028","2802","2326","648","407","241","43","691","1317","0","52.47","30.9"
"65","000","00","028","2803","0000","1369","833","536","124","1493","3226","0","46.28","25.82"
"65","000","00","028","2803","2327","708","445","263","46","754","1676","0","44.99","26.55"
"65","000","00","028","2803","2328","661","388","273","78","739","1550","0","47.68","25.03"
"65","000","00","028","2804","0000","1430","836","594","122","1552","2705","0","57.38","30.91"
"65","000","00","028","2804","2329","542","303","239","50","592","945","0","62.65","32.06"
"65","000","00","028","2804","2330","888","533","355","72","960","1760","0","54.55","30.28"
"65","000","00","028","2805","0000","264","166","98","26","290","570","0","50.88","29.12"
"65","000","00","028","2805","2331","264","166","98","26","290","570","0","50.88","29.12"
"65","000","00","028","2806","0000","447","251","196","29","476","952","0","50.0","26.37"
"65","000","00","028","2806","2332","447","251","196","29","476","952","0","50.0","26.37"
"65","000","00","028","2807","0000","349","205","144","47","396","674","0","58.75","30.42"
"65","000","00","028","2807","2333","349","205","144","47","396","674","0","58.75","30.42"
"65","000","00","028","2808","0000","198","122","76","16","214","405","0","52.84","30.12"
"65","000","00","028","2808","2334","198","122","76","16","214","405","0","52.84","30.12"
"65","000","00","028","2809","0000","518","299","219","32","550","1089","0","50.51","27.46"
"65","000","00","028","2809","2335","518","299","219","32","550","1089","0","50.51","27.46"
"65","000","00","028","2810","0000","1176","736","440","84","1260","2835","0","44.44","25.96"
"65","000","00","028","2810","2323","623","385","238","48","671","1466","0","45.77","26.26"
"65","000","00","028","2810","2324","553","351","202","36","589","1369","0","43.02","25.64"
"65","000","00","029","0000","0000","2791","1773","1018","98","2889","5264","6383","54.88","33.68"
"65","000","00","029","2901","0000","1176","749","427","35","1211","2367","0","51.16","31.64"
"65","000","00","029","2901","2203","592","363","229","15","607","1198","0","50.67","30.3"
"65","000","00","029","2901","2204","584","386","198","20","604","1169","0","51.67","33.02"
"65","000","00","029","2902","0000","912","581","331","34","946","1568","0","60.33","37.05"
"65","000","00","029","2902","2202","912","581","331","34","946","1568","0","60.33","37.05"
"65","000","00","029","2903","0000","305","208","97","18","323","615","0","52.52","33.82"
"65","000","00","029","2903","2207","305","208","97","18","323","615","0","52.52","33.82"
"65","000","00","029","2904","0000","274","164","110","8","282","486","0","58.02","33.74"
"65","000","00","029","2904","2206","274","164","110","8","282","486","0","58.02","33.74"
"65","000","00","029","2905","0000","124","71","53","3","127","228","0","55.7","31.14"
"65","000","00","029","2905","2205","124","71","53","3","127","228","0","55.7","31.14"
"68","000","00","000","0000","0000","893031","540236","352795","40531","933562","1801823","2215615","51.81","29.98"
"68","000","00","001","0000","0000","175769","104081","71688","7425","183194","359790","446246","50.92","28.93"
"68","000","00","001","0101","0000","347","204","143","19","366","690","0","53.04","29.57"
"68","000","00","001","0101","0032","347","204","143","19","366","690","0","53.04","29.57"
"68","000","00","001","0102","0000","744","425","319","47","791","1353","0","58.46","31.41"
"68","000","00","001","0102","0034","744","425","319","47","791","1353","0","58.46","31.41"
"68","000","00","001","0103","0000","696","382","314","40","736","1582","0","46.52","24.15"
"68","000","00","001","0103","0043","696","382","314","40","736","1582","0","46.52","24.15"
"68","000","00","001","0104","0000","3089","1808","1281","143","3232","6636","0","48.7","27.25"
"68","000","00","001","0104","0001","768","457","311","37","805","1593","0","50.53","28.69"
"68","000","00","001","0104","0002","795","445","350","32","827","1934","0","42.76","23.01"
"68","000","00","001","0104","0003","861","516","345","54","915","1661","0","55.09","31.07"
"68","000","00","001","0104","0004","665","390","275","20","685","1448","0","47.31","26.93"
"68","000","00","001","0105","0000","1636","955","681","45","1681","3483","0","48.26","27.42"
"68","000","00","001","0105","0190","835","484","351","23","858","1790","0","47.93","27.04"
"68","000","00","001","0105","0191","801","471","330","22","823","1693","0","48.61","27.82"
"68","000","00","001","0106","0000","4164","2447","1717","140","4304","9063","0","47.49","27.0"
"68","000","00","001","0106","0204","870","506","364","35","905","1796","0","50.39","28.17"
"68","000","00","001","0106","0205","887","494","393","23","910","1878","0","48.46","26.3"
"68","000","00","001","0106","0206","829","504","325","28","857","1729","0","49.57","29.15"
"68","000","00","001","0106","0207","820","494","326","28","848","1843","0","46.01","26.8"
"68","000","00","001","0106","0208","758","449","309","26","784","1817","0","43.15","24.71"
"68","000","00","001","0107","0000","555","326","229","33","588","1028","0","57.2","31.71"
"68","000","00","001","0107","0044","555","326","229","33","588","1028","0","57.2","31.71"
"68","000","00","001","0108","0000","700","397","303","40","740","1452","0","50.96","27.34"
"68","000","00","001","0108","0036","700","397","303","40","740","1452","0","50.96","27.34"
"68","000","00","001","0109","0000","832","494","338","51","883","1681","0","52.53","29.39"
"68","000","00","001","0109","0037","832","494","338","51","883","1681","0","52.53","29.39"
"68","000","00","001","0110","0000","2470","1459","1011","124","2594","5078","0","51.08","28.73"
"68","000","00","001","0110","0187","790","437","353","43","833","1764","0","47.22","24.77"
"68","000","00","001","0110","0188","983","597","386","53","1036","1899","0","54.56","31.44"
"68","000","00","001","0110","0189","697","425","272","28","725","1415","0","51.24","30.04"
"68","000","00","001","0111","0000","2247","1305","942","135","2382","4509","0","52.83","28.94"
"68","000","00","001","0111","0113","629","351","278","51","680","1308","0","51.99","26.83"
"68","000","00","001","0111","0114","777","460","317","44","821","1583","0","51.86","29.06"
"68","000","00","001","0111","0115","841","494","347","40","881","1618","0","54.45","30.53"
"68","000","00","001","0112","0000","2123","1268","855","101","2224","4668","0","47.64","27.16"
"68","000","00","001","0112","0131","765","436","329","39","804","1689","0","47.6","25.81"
"68","000","00","001","0112","0132","672","412","260","24","696","1542","0","45.14","26.72"
"68","000","00","001","0112","0133","686","420","266","38","724","1437","0","50.38","29.23"
"68","000","00","001","0113","0000","1468","852","616","64","1532","2928","0","52.32","29.1"
"68","000","00","001","0113","0193","660","393","267","25","685","1434","0","47.77","27.41"
"68","000","00","001","0113","0194","808","459","349","39","847","1494","0","56.69","30.72"
"68","000","00","001","0114","0000","912","546","366","34","946","1916","0","49.37","28.5"
"68","000","00","001","0114","0192","912","546","366","34","946","1916","0","49.37","28.5"
"68","000","00","001","0115","0000","533","415","118","22","555","979","0","56.69","42.39"
"68","000","00","001","0115","0209","533","415","118","22","555","979","0","56.69","42.39"
"68","000","00","001","0116","0000","1682","977","705","69","1751","3565","0","49.12","27.41"
"68","000","00","001","0116","0134","850","490","360","23","873","1679","0","52.0","29.18"
"68","000","00","001","0116","0135","832","487","345","46","878","1886","0","46.55","25.82"
"68","000","00","001","0117","0000","1258","755","503","67","1325","2210","0","59.95","34.16"
"68","000","00","001","0117","0105","669","420","249","27","696","1149","0","60.57","36.55"
"68","000","00","001","0117","0106","589","335","254","40","629","1061","0","59.28","31.57"
"68","000","00","001","0118","0000","1524","898","626","62","1586","3058","0","51.86","29.37"
"68","000","00","001","0118","0127","954","557","397","41","995","1995","0","49.87","27.92"
"68","000","00","001","0118","0128","570","341","229","21","591","1063","0","55.6","32.08"
"68","000","00","001","0119","0000","732","436","296","33","765","1587","0","48.2","27.47"
"68","000","00","001","0119","0041","732","436","296","33","765","1587","0","48.2","27.47"
"68","000","00","001","0120","0000","755","453","302","47","802","1375","0","58.33","32.95"
"68","000","00","001","0120","0028","755","453","302","47","802","1375","0","58.33","32.95"
"68","000","00","001","0121","0000","492","296","196","24","516","852","0","60.56","34.74"
"68","000","00","001","0121","0033","492","296","196","24","516","852","0","60.56","34.74"
"68","000","00","001","0122","0000","4600","2722","1878","180","4780","9234","0","51.77","29.48"
"68","000","00","001","0122","0155","879","499","380","34","913","1807","0","50.53","27.61"
"68","000","00","001","0122","0156","920","560","360","37","957","1857","0","51.53","30.16"
"68","000","00","001","0122","0157","852","516","336","45","897","1589","0","56.45","32.47"
"68","000","00","001","0122","0158","1028","588","440","32","1060","2088","0","50.77","28.16"
"68","000","00","001","0122","0159","921","559","362","32","953","1893","0","50.34","29.53"
"68","000","00","001","0123","0000","3403","1967","1436","100","3503","6570","0","53.32","29.94"
"68","000","00","001","0123","0050","772","438","334","28","800","1489","0","53.73","29.42"
"68","000","00","001","0123","0051","993","548","445","25","1018","1821","0","55.9","30.09"
"68","000","00","001","0123","0052","751","460","291","18","769","1563","0","49.2","29.43"
"68","000","00","001","0123","0053","887","521","366","29","916","1697","0","53.98","30.7"
"68","000","00","001","0124","0000","2904","1728","1176","143","3047","6075","0","50.16","28.44"
"68","000","00","001","0124","0151","685","414","271","50","735","1569","0","46.85","26.39"
"68","000","00","001","0124","0152","720","464","256","26","746","1505","0","49.57","30.83"
"68","000","00","001","0124","0153","729","408","321","34","763","1496","0","51.0","27.27"
"68","000","00","001","0124","0154","770","442","328","33","803","1505","0","53.36","29.37"
"68","000","00","001","0125","0000","749","440","309","48","797","1451","0","54.93","30.32"
"68","000","00","001","0125","0042","749","440","309","48","797","1451","0","54.93","30.32"
"68","000","00","001","0126","0000","2875","1712","1163","139","3014","5866","0","51.38","29.19"
"68","000","00","001","0126","0045","916","551","365","51","967","1934","0","50.0","28.49"
"68","000","00","001","0126","0046","521","316","205","40","561","1016","0","55.22","31.1"
"68","000","00","001","0126","0047","561","319","242","23","584","1079","0","54.12","29.56"
"68","000","00","001","0126","0048","877","526","351","25","902","1837","0","49.1","28.63"
"68","000","00","001","0127","0000","721","423","298","49","770","1390","0","55.4","30.43"
"68","000","00","001","0127","0049","721","423","298","49","770","1390","0","55.4","30.43"
"68","000","00","001","0128","0000","2490","1438","1052","147","2637","4944","0","53.34","29.09"
"68","000","00","001","0128","0081","779","436","343","58","837","1449","0","57.76","30.09"
"68","000","00","001","0128","0082","835","480","355","56","891","1803","0","49.42","26.62"
"68","000","00","001","0128","0083","876","522","354","33","909","1692","0","53.72","30.85"
"68","000","00","001","0129","0000","2332","1399","933","95","2427","4421","0","54.9","31.64"
"68","000","00","001","0129","0060","642","374","268","28","670","1115","0","60.09","33.54"
"68","000","00","001","0129","0061","829","486","343","35","864","1562","0","55.31","31.11"
"68","000","00","001","0129","0062","861","539","322","32","893","1744","0","51.2","30.91"
"68","000","00","001","0130","0000","2640","1540","1100","111","2751","5152","0","53.4","29.89"
"68","000","00","001","0130","0057","907","513","394","34","941","1766","0","53.28","29.05"
"68","000","00","001","0130","0058","797","460","337","41","838","1555","0","53.89","29.58"
"68","000","00","001","0130","0059","936","567","369","36","972","1831","0","53.09","30.97"
"68","000","00","001","0131","0000","665","389","276","17","682","1698","0","40.16","22.91"
"68","000","00","001","0131","0035","665","389","276","17","682","1698","0","40.16","22.91"
"68","000","00","001","0132","0000","3100","1801","1299","147","3247","5981","0","54.29","30.11"
"68","000","00","001","0132","0013","744","413","331","36","780","1482","0","52.63","27.87"
"68","000","00","001","0132","0014","740","446","294","44","784","1423","0","55.09","31.34"
"68","000","00","001","0132","0015","797","451","346","35","832","1509","0","55.14","29.89"
"68","000","00","001","0132","0016","819","491","328","32","851","1567","0","54.31","31.33"
"68","000","00","001","0133","0000","2984","1779","1205","135","3119","5805","0","53.73","30.65"
"68","000","00","001","0133","0020","745","445","300","40","785","1399","0","56.11","31.81"
"68","000","00","001","0133","0021","822","487","335","40","862","1540","0","55.97","31.62"
"68","000","00","001","0133","0022","778","470","308","29","807","1638","0","49.27","28.69"
"68","000","00","001","0133","0023","639","377","262","26","665","1228","0","54.15","30.7"
"68","000","00","001","0134","0000","2509","1481","1028","108","2617","4781","0","54.74","30.98"
"68","000","00","001","0134","0038","824","499","325","42","866","1669","0","51.89","29.9"
"68","000","00","001","0134","0039","853","500","353","33","886","1530","0","57.91","32.68"
"68","000","00","001","0134","0040","832","482","350","33","865","1582","0","54.68","30.47"
"68","000","00","001","0135","0000","1632","931","701","110","1742","3529","0","49.36","26.38"
"68","000","00","001","0135","0086","551","307","244","42","593","1173","0","50.55","26.17"
"68","000","00","001","0135","0087","571","349","222","24","595","1162","0","51.2","30.03"
"68","000","00","001","0135","0088","510","275","235","44","554","1194","0","46.4","23.03"
"68","000","00","001","0136","0000","2677","1597","1080","101","2778","5705","0","48.69","27.99"
"68","000","00","001","0136","0092","853","522","331","49","902","1780","0","50.67","29.33"
"68","000","00","001","0136","0093","848","508","340","27","875","1904","0","45.96","26.68"
"68","000","00","001","0136","0094","976","567","409","25","1001","2021","0","49.53","28.06"
"68","000","00","001","0137","0000","1888","1134","754","60","1948","3870","0","50.34","29.3"
"68","000","00","001","0137","0185","942","570","372","25","967","1925","0","50.23","29.61"
"68","000","00","001","0137","0186","946","564","382","35","981","1945","0","50.44","29.0"
"68","000","00","001","0138","0000","2222","1277","945","121","2343","4271","0","54.86","29.9"
"68","000","00","001","0138","0195","676","383","293","47","723","1311","0","55.15","29.21"
"68","000","00","001","0138","0196","753","436","317","35","788","1476","0","53.39","29.54"
"68","000","00","001","0138","0197","793","458","335","39","832","1484","0","56.06","30.86"
"68","000","00","001","0139","0000","1009","581","428","57","1066","1970","0","54.11","29.49"
"68","000","00","001","0139","0202","544","329","215","31","575","1015","0","56.65","32.41"
"68","000","00","001","0139","0203","465","252","213","26","491","955","0","51.41","26.39"
"68","000","00","001","0140","0000","2650","1596","1054","118","2768","5333","0","51.9","29.93"
"68","000","00","001","0140","0029","910","547","363","37","947","1743","0","54.33","31.38"
"68","000","00","001","0140","0030","866","529","337","50","916","1862","0","49.19","28.41"
"68","000","00","001","0140","0031","874","520","354","31","905","1728","0","52.37","30.09"
"68","000","00","001","0141","0000","3073","1873","1200","166","3239","6230","0","51.99","30.06"
"68","000","00","001","0141","0024","783","497","286","46","829","1649","0","50.27","30.14"
"68","000","00","001","0141","0025","802","497","305","30","832","1601","0","51.97","31.04"
"68","000","00","001","0141","0026","693","393","300","63","756","1477","0","51.18","26.61"
"68","000","00","001","0141","0027","795","486","309","27","822","1503","0","54.69","32.34"
"68","000","00","001","0142","0000","2430","1407","1023","142","2572","5170","0","49.75","27.21"
"68","000","00","001","0142","0010","732","432","300","48","780","1590","0","49.06","27.17"
"68","000","00","001","0142","0011","802","448","354","39","841","1637","0","51.37","27.37"
"68","000","00","001","0142","0012","896","527","369","55","951","1943","0","48.94","27.12"
"68","000","00","001","0143","0000","2398","1352","1046","151","2549","5024","0","50.74","26.91"
"68","000","00","001","0143","0007","853","472","381","31","884","1800","0","49.11","26.22"
"68","000","00","001","0143","0008","835","477","358","56","891","1598","0","55.76","29.85"
"68","000","00","001","0143","0009","710","403","307","64","774","1626","0","47.6","24.78"
"68","000","00","001","0144","0000","2122","1279","843","96","2218","4160","0","53.32","30.75"
"68","000","00","001","0144","0017","677","411","266","37","714","1305","0","54.71","31.49"
"68","000","00","001","0144","0018","667","409","258","31","698","1416","0","49.29","28.88"
"68","000","00","001","0144","0019","778","459","319","28","806","1439","0","56.01","31.9"
"68","000","00","001","0145","0000","2352","1390","962","73","2425","4197","0","57.78","33.12"
"68","000","00","001","0145","0173","838","530","308","19","857","1432","0","59.85","37.01"
"68","000","00","001","0145","0174","831","465","366","34","865","1421","0","60.87","32.72"
"68","000","00","001","0145","0175","683","395","288","20","703","1344","0","52.31","29.39"
"68","000","00","001","0146","0000","2446","1403","1043","115","2561","5384","0","47.57","26.06"
"68","000","00","001","0146","0182","790","452","338","32","822","1860","0","44.19","24.3"
"68","000","00","001","0146","0183","816","473","343","53","869","1726","0","50.35","27.4"
"68","000","00","001","0146","0184","840","478","362","30","870","1798","0","48.39","26.59"
"68","000","00","001","0147","0000","2898","1733","1165","130","3028","6097","0","49.66","28.42"
"68","000","00","001","0147","0198","761","457","304","31","792","1514","0","52.31","30.18"
"68","000","00","001","0147","0199","714","454","260","45","759","1446","0","52.49","31.4"
"68","000","00","001","0147","0200","723","412","311","26","749","1573","0","47.62","26.19"
"68","000","00","001","0147","0201","700","410","290","28","728","1564","0","46.55","26.21"
"68","000","00","001","0148","0000","3243","1906","1337","166","3409","6901","0","49.4","27.62"
"68","000","00","001","0148","0139","889","504","385","53","942","1846","0","51.03","27.3"
"68","000","00","001","0148","0140","734","441","293","44","778","1644","0","47.32","26.82"
"68","000","00","001","0148","0141","767","441","326","38","805","1674","0","48.09","26.34"
"68","000","00","001","0148","0142","853","520","333","31","884","1737","0","50.89","29.94"
"68","000","00","001","0149","0000","2788","1646","1142","83","2871","5873","0","48.88","28.03"
"68","000","00","001","0149","0107","827","469","358","36","863","1831","0","47.13","25.61"
"68","000","00","001","0149","0108","1049","614","435","39","1088","2168","0","50.18","28.32"
"68","000","00","001","0149","0109","912","563","349","8","920","1874","0","49.09","30.04"
"68","000","00","001","0150","0000","4096","2456","1640","157","4253","8384","0","50.73","29.29"
"68","000","00","001","0150","0116","999","566","433","54","1053","2127","0","49.51","26.61"
"68","000","00","001","0150","0117","963","571","392","26","989","2033","0","48.65","28.09"
"68","000","00","001","0150","0118","1037","640","397","27","1064","2098","0","50.71","30.51"
"68","000","00","001","0150","0119","1097","679","418","50","1147","2126","0","53.95","31.94"
"68","000","00","001","0151","0000","4150","2463","1687","140","4290","8396","0","51.1","29.34"
"68","000","00","001","0151","0146","875","539","336","32","907","1774","0","51.13","30.38"
"68","000","00","001","0151","0147","839","495","344","31","870","1666","0","52.22","29.71"
"68","000","00","001","0151","0148","783","483","300","16","799","1528","0","52.29","31.61"
"68","000","00","001","0151","0149","826","472","354","46","872","1709","0","51.02","27.62"
"68","000","00","001","0151","0150","827","474","353","15","842","1719","0","48.98","27.57"
"68","000","00","001","0152","0000","1456","865","591","66","1522","2598","0","58.58","33.29"
"68","000","00","001","0152","0079","761","449","312","36","797","1404","0","56.77","31.98"
"68","000","00","001","0152","0080","695","416","279","30","725","1194","0","60.72","34.84"
"68","000","00","001","0153","0000","1874","1099","775","74","1948","3728","0","52.25","29.48"
"68","000","00","001","0153","0084","974","595","379","34","1008","1913","0","52.69","31.1"
"68","000","00","001","0153","0085","900","504","396","40","940","1815","0","51.79","27.77"
"68","000","00","001","0154","0000","1840","1029","811","78","1918","3914","0","49.0","26.29"
"68","000","00","001","0154","0074","907","507","400","41","948","1949","0","48.64","26.01"
"68","000","00","001","0154","0075","933","522","411","37","970","1965","0","49.36","26.56"
"68","000","00","001","0155","0000","3039","1787","1252","140","3179","6512","0","48.82","27.44"
"68","000","00","001","0155","0076","1037","614","423","42","1079","2414","0","44.7","25.43"
"68","000","00","001","0155","0077","934","545","389","59","993","1942","0","51.13","28.06"
"68","000","00","001","0155","0078","1068","628","440","39","1107","2156","0","51.35","29.13"
"68","000","00","001","0156","0000","2357","1472","885","84","2441","4845","0","50.38","30.38"
"68","000","00","001","0156","0095","766","486","280","36","802","1545","0","51.91","31.46"
"68","000","00","001","0156","0096","764","484","280","22","786","1617","0","48.61","29.93"
"68","000","00","001","0156","0097","827","502","325","26","853","1683","0","50.68","29.83"
"68","000","00","001","0157","0000","2730","1664","1066","73","2803","5884","0","47.64","28.28"
"68","000","00","001","0157","0176","884","543","341","21","905","1942","0","46.6","27.96"
"68","000","00","001","0157","0177","978","597","381","30","1008","2001","0","50.37","29.84"
"68","000","00","001","0157","0178","868","524","344","22","890","1941","0","45.85","27.0"
"68","000","00","001","0158","0000","3666","2185","1481","146","3812","8196","0","46.51","26.66"
"68","000","00","001","0158","0213","1029","613","416","43","1072","2164","0","49.54","28.33"
"68","000","00","001","0158","0214","928","540","388","41","969","2020","0","47.97","26.73"
"68","000","00","001","0158","0215","830","485","345","29","859","1924","0","44.65","25.21"
"68","000","00","001","0158","0216","879","547","332","33","912","2088","0","43.68","26.2"
"68","000","00","001","0159","0000","3426","2080","1346","142","3568","9237","0","38.63","22.52"
"68","000","00","001","0159","0101","884","551","333","33","917","1873","0","48.96","29.42"
"68","000","00","001","0159","0102","724","451","273","39","763","3687","0","20.69","12.23"
"68","000","00","001","0159","0103","923","549","374","42","965","1850","0","52.16","29.68"
"68","000","00","001","0159","0104","895","529","366","28","923","1827","0","50.52","28.95"
"68","000","00","001","0160","0000","2550","1530","1020","82","2632","5084","0","51.77","30.09"
"68","000","00","001","0160","0089","867","512","355","34","901","1695","0","53.16","30.21"
"68","000","00","001","0160","0090","885","499","386","22","907","1797","0","50.47","27.77"
"68","000","00","001","0160","0091","798","519","279","26","824","1592","0","51.76","32.6"
"68","000","00","001","0161","0000","3598","2125","1473","125","3723","7274","0","51.18","29.21"
"68","000","00","001","0161","0123","823","483","340","36","859","1691","0","50.8","28.56"
"68","000","00","001","0161","0124","945","570","375","25","970","1900","0","51.05","30.0"
"68","000","00","001","0161","0125","892","539","353","44","936","1761","0","53.15","30.61"
"68","000","00","001","0161","0126","938","533","405","20","958","1922","0","49.84","27.73"
"68","000","00","001","0162","0000","2718","1604","1114","130","2848","5712","0","49.86","28.08"
"68","000","00","001","0162","0063","836","467","369","30","866","1838","0","47.12","25.41"
"68","000","00","001","0162","0064","992","612","380","44","1036","1889","0","54.84","32.4"
"68","000","00","001","0162","0065","890","525","365","56","946","1985","0","47.66","26.45"
"68","000","00","001","0163","0000","2456","1436","1020","102","2558","4811","0","53.17","29.85"
"68","000","00","001","0163","0136","836","487","349","55","891","1657","0","53.77","29.39"
"68","000","00","001","0163","0137","702","398","304","24","726","1349","0","53.82","29.5"
"68","000","00","001","0163","0138","918","551","367","23","941","1805","0","52.13","30.53"
"68","000","00","001","0164","0000","2426","1455","971","90","2516","4605","0","54.64","31.6"
"68","000","00","001","0164","0054","905","534","371","35","940","1740","0","54.02","30.69"
"68","000","00","001","0164","0055","824","500","324","37","861","1626","0","52.95","30.75"
"68","000","00","001","0164","0056","697","421","276","18","715","1239","0","57.71","33.98"
"68","000","00","001","0165","0000","2573","1530","1043","112","2685","4555","0","58.95","33.59"
"68","000","00","001","0165","0066","830","471","359","49","879","1524","0","57.68","30.91"
"68","000","00","001","0165","0067","847","512","335","33","880","1425","0","61.75","35.93"
"68","000","00","001","0165","0068","896","547","349","30","926","1606","0","57.66","34.06"
"68","000","00","001","0166","0000","2193","1349","844","61","2254","4066","0","55.44","33.18"
"68","000","00","001","0166","0069","1123","694","429","24","1147","2056","0","55.79","33.75"
"68","000","00","001","0166","0070","1070","655","415","37","1107","2010","0","55.07","32.59"
"68","000","00","001","0167","0000","2303","1485","818","104","2407","4702","0","51.19","31.58"
"68","000","00","001","0167","0143","804","503","301","40","844","1566","0","53.9","32.12"
"68","000","00","001","0167","0144","774","458","316","38","812","1517","0","53.53","30.19"
"68","000","00","001","0167","0145","725","524","201","26","751","1619","0","46.39","32.37"
"68","000","00","001","0168","0000","2934","1772","1162","83","3017","5893","0","51.2","30.07"
"68","000","00","001","0168","0168","1206","703","503","33","1239","2204","0","56.22","31.9"
"68","000","00","001","0168","0169","908","530","378","26","934","2033","0","45.94","26.07"
"68","000","00","001","0168","0170","820","539","281","24","844","1656","0","50.97","32.55"
"68","000","00","001","0169","0000","2261","1308","953","62","2323","4541","0","51.16","28.8"
"68","000","00","001","0169","0110","689","394","295","18","707","1524","0","46.39","25.85"
"68","000","00","001","0169","0111","792","460","332","18","810","1528","0","53.01","30.1"
"68","000","00","001","0169","0112","780","454","326","26","806","1489","0","54.13","30.49"
"68","000","00","001","0170","0000","2764","1618","1146","103","2867","5371","0","53.38","30.12"
"68","000","00","001","0170","0071","1058","630","428","50","1108","2245","0","49.35","28.06"
"68","000","00","001","0170","0072","820","461","359","29","849","1590","0","53.4","28.99"
"68","000","00","001","0170","0073","886","527","359","24","910","1536","0","59.24","34.31"
"68","000","00","001","0171","0000","2732","1600","1132","113","2845","5717","0","49.76","27.99"
"68","000","00","001","0171","0098","939","556","383","60","999","1834","0","54.47","30.32"
"68","000","00","001","0171","0099","945","536","409","35","980","2055","0","47.69","26.08"
"68","000","00","001","0171","0100","848","508","340","18","866","1828","0","47.37","27.79"
"68","000","00","001","0172","0000","2826","1716","1110","106","2932","5843","0","50.18","29.37"
"68","000","00","001","0172","0120","911","580","331","35","946","1917","0","49.35","30.26"
"68","000","00","001","0172","0121","946","547","399","34","980","1997","0","49.07","27.39"
"68","000","00","001","0172","0122","969","589","380","37","1006","1929","0","52.15","30.53"
"68","000","00","001","0173","0000","1631","953","678","50","1681","3158","0","53.23","30.18"
"68","000","00","001","0173","0129","702","419","283","30","732","1412","0","51.84","29.67"
"68","000","00","001","0173","0130","929","534","395","20","949","1746","0","54.35","30.58"
"68","000","00","001","0174","0000","3719","2237","1482","135","3854","7902","0","48.77","28.31"
"68","000","00","001","0174","0164","987","634","353","31","1018","2103","0","48.41","30.15"
"68","000","00","001","0174","0165","935","553","382","27","962","1943","0","49.51","28.46"
"68","000","00","001","0174","0166","949","556","393","31","980","1927","0","50.86","28.85"
"68","000","00","001","0174","0167","848","494","354","46","894","1929","0","46.35","25.61"
"68","000","00","001","0175","0000","2724","1617","1107","106","2830","5729","0","49.4","28.22"
"68","000","00","001","0175","0160","564","340","224","25","589","1303","0","45.2","26.09"
"68","000","00","001","0175","0161","724","429","295","33","757","1416","0","53.46","30.3"
"68","000","00","001","0175","0162","644","388","256","22","666","1351","0","49.3","28.72"
"68","000","00","001","0175","0163","792","460","332","26","818","1659","0","49.31","27.73"
"68","000","00","001","0176","0000","1672","944","728","79","1751","3450","0","50.75","27.36"
"68","000","00","001","0176","0171","822","481","341","49","871","1712","0","50.88","28.1"
"68","000","00","001","0176","0172","850","463","387","30","880","1738","0","50.63","26.64"
"68","000","00","001","0177","0000","1738","1008","730","79","1817","3856","0","47.12","26.14"
"68","000","00","001","0177","0005","910","501","409","38","948","1974","0","48.02","25.38"
"68","000","00","001","0177","0006","828","507","321","41","869","1882","0","46.17","26.94"
"68","000","00","001","0178","0000","2434","1451","983","93","2527","4835","0","52.26","30.01"
"68","000","00","001","0178","0179","876","511","365","37","913","1702","0","53.64","30.02"
"68","000","00","001","0178","0180","793","451","342","30","823","1589","0","51.79","28.38"
"68","000","00","001","0178","0181","765","489","276","26","791","1544","0","51.23","31.67"
"68","000","00","001","0179","0000","2124","1221","903","62","2186","4217","0","51.84","28.95"
"68","000","00","001","0179","0210","709","413","296","19","728","1363","0","53.41","30.3"
"68","000","00","001","0179","0211","778","445","333","19","797","1546","0","51.55","28.78"
"68","000","00","001","0179","0212","637","363","274","24","661","1308","0","50.54","27.75"
"68","000","00","002","0000","0000","169820","104348","65472","7067","176887","334402","411135","52.9","31.2"
"68","000","00","002","0201","0000","1363","883","480","90","1453","2916","0","49.83","30.28"
"68","000","00","002","0201","0617","626","410","216","32","658","1329","0","49.51","30.85"
"68","000","00","002","0201","0618","737","473","264","58","795","1587","0","50.09","29.8"
"68","000","00","002","0202","0000","2792","1762","1030","106","2898","5418","0","53.49","32.52"
"68","000","00","002","0202","0614","990","617","373","43","1033","1818","0","56.82","33.94"
"68","000","00","002","0202","0615","965","607","358","35","1000","1991","0","50.23","30.49"
"68","000","00","002","0202","0616","837","538","299","28","865","1609","0","53.76","33.44"
"68","000","00","002","0203","0000","1586","1016","570","67","1653","3033","0","54.5","33.5"
"68","000","00","002","0203","0654","821","508","313","39","860","1588","0","54.16","31.99"
"68","000","00","002","0203","0655","765","508","257","28","793","1445","0","54.88","35.16"
"68","000","00","002","0204","0000","470","295","175","32","502","943","0","53.23","31.28"
"68","000","00","002","0204","0763","470","295","175","32","502","943","0","53.23","31.28"
"68","000","00","002","0205","0000","1059","686","373","69","1128","2152","0","52.42","31.88"
"68","000","00","002","0205","0689","525","344","181","22","547","1087","0","50.32","31.65"
"68","000","00","002","0205","0690","534","342","192","47","581","1065","0","54.55","32.11"
"68","000","00","002","0206","0000","2146","1303","843","104","2250","4283","0","52.53","30.42"
"68","000","00","002","0206","0691","951","609","342","51","1002","1844","0","54.34","33.03"
"68","000","00","002","0206","0692","560","335","225","31","591","1220","0","48.44","27.46"
"68","000","00","002","0206","0693","635","359","276","22","657","1219","0","53.9","29.45"
"68","000","00","002","0207","0000","2586","1574","1012","97","2683","5415","0","49.55","29.07"
"68","000","00","002","0207","0771","980","585","395","48","1028","2156","0","47.68","27.13"
"68","000","00","002","0207","0772","690","423","267","19","709","1479","0","47.94","28.6"
"68","000","00","002","0207","0773","916","566","350","30","946","1780","0","53.15","31.8"
"68","000","00","002","0208","0000","2493","1714","779","98","2591","5136","0","50.45","33.37"
"68","000","00","002","0208","0679","798","550","248","25","823","1659","0","49.61","33.15"
"68","000","00","002","0208","0680","916","614","302","47","963","1874","0","51.39","32.76"
"68","000","00","002","0208","0681","779","550","229","26","805","1603","0","50.22","34.31"
"68","000","00","002","0209","0000","1785","1094","691","70","1855","3474","0","53.4","31.49"
"68","000","00","002","0209","0675","817","489","328","47","864","1659","0","52.08","29.48"
"68","000","00","002","0209","0676","968","605","363","23","991","1815","0","54.6","33.33"
"68","000","00","002","0210","0000","1872","1174","698","91","1963","3758","0","52.24","31.24"
"68","000","00","002","0210","0662","754","488","266","26","780","1489","0","52.38","32.77"
"68","000","00","002","0210","0663","437","263","174","25","462","827","0","55.86","31.8"
"68","000","00","002","0210","0664","681","423","258","40","721","1442","0","50.0","29.33"
"68","000","00","002","0211","0000","2244","1450","794","107","2351","4303","0","54.64","33.7"
"68","000","00","002","0211","0602","710","480","230","43","753","1281","0","58.78","37.47"
"68","000","00","002","0211","0603","808","499","309","24","832","1462","0","56.91","34.13"
"68","000","00","002","0211","0604","726","471","255","40","766","1560","0","49.1","30.19"
"68","000","00","002","0212","0000","2667","1605","1062","110","2777","5378","0","51.64","29.84"
"68","000","00","002","0212","0619","987","596","391","27","1014","1955","0","51.87","30.49"
"68","000","00","002","0212","0620","840","476","364","46","886","1711","0","51.78","27.82"
"68","000","00","002","0212","0621","840","533","307","37","877","1712","0","51.23","31.13"
"68","000","00","002","0213","0000","1749","1046","703","66","1815","3009","0","60.32","34.76"
"68","000","00","002","0213","0652","928","559","369","26","954","1625","0","58.71","34.4"
"68","000","00","002","0213","0653","821","487","334","40","861","1384","0","62.21","35.19"
"68","000","00","002","0214","0000","1078","615","463","59","1137","2061","0","55.17","29.84"
"68","000","00","002","0214","0754","440","261","179","28","468","852","0","54.93","30.63"
"68","000","00","002","0214","0755","638","354","284","31","669","1209","0","55.33","29.28"
"68","000","00","002","0215","0000","2125","1298","827","68","2193","3498","0","62.69","37.11"
"68","000","00","002","0215","0721","931","596","335","22","953","1384","0","68.86","43.06"
"68","000","00","002","0215","0722","621","356","265","13","634","1122","0","56.51","31.73"
"68","000","00","002","0215","0723","573","346","227","33","606","992","0","61.09","34.88"
"68","000","00","002","0216","0000","2112","1291","821","85","2197","4141","0","53.05","31.18"
"68","000","00","002","0216","0627","650","392","258","23","673","1201","0","56.04","32.64"
"68","000","00","002","0216","0628","693","437","256","34","727","1353","0","53.73","32.3"
"68","000","00","002","0216","0629","769","462","307","28","797","1587","0","50.22","29.11"
"68","000","00","002","0217","0000","1774","1058","716","80","1854","5573","0","33.27","18.98"
"68","000","00","002","0217","0642","685","404","281","34","719","3474","0","20.7","11.63"
"68","000","00","002","0217","0643","1089","654","435","46","1135","2099","0","54.07","31.16"
"68","000","00","002","0218","0000","1650","968","682","53","1703","3540","0","48.11","27.34"
"68","000","00","002","0218","0648","950","536","414","34","984","1900","0","51.79","28.21"
"68","000","00","002","0218","0649","700","432","268","19","719","1640","0","43.84","26.34"
"68","000","00","002","0219","0000","2419","1488","931","77","2496","4845","0","51.52","30.71"
"68","000","00","002","0219","0667","787","470","317","34","821","1764","0","46.54","26.64"
"68","000","00","002","0219","0668","814","517","297","11","825","1488","0","55.44","34.74"
"68","000","00","002","0219","0669","818","501","317","32","850","1593","0","53.36","31.45"
"68","000","00","002","0220","0000","1564","990","574","60","1624","3362","0","48.3","29.45"
"68","000","00","002","0220","0665","856","544","312","25","881","1842","0","47.83","29.53"
"68","000","00","002","0220","0666","708","446","262","35","743","1520","0","48.88","29.34"
"68","000","00","002","0221","0000","1724","1070","654","71","1795","3334","0","53.84","32.09"
"68","000","00","002","0221","0732","943","592","351","38","981","1951","0","50.28","30.34"
"68","000","00","002","0221","0733","781","478","303","33","814","1383","0","58.86","34.56"
"68","000","00","002","0222","0000","2333","1324","1009","118","2451","4872","0","50.31","27.18"
"68","000","00","002","0222","0787","514","320","194","48","562","1097","0","51.23","29.17"
"68","000","00","002","0222","0788","902","508","394","30","932","1917","0","48.62","26.5"
"68","000","00","002","0222","0789","917","496","421","40","957","1858","0","51.51","26.7"
"68","000","00","002","0223","0000","1268","747","521","54","1322","2506","0","52.75","29.81"
"68","000","00","002","0223","0673","587","330","257","32","619","1249","0","49.56","26.42"
"68","000","00","002","0223","0674","681","417","264","22","703","1257","0","55.93","33.17"
"68","000","00","002","0224","0000","1978","1181","797","106","2084","3776","0","55.19","31.28"
"68","000","00","002","0224","0768","532","325","207","29","561","1028","0","54.57","31.61"
"68","000","00","002","0224","0769","653","405","248","24","677","1157","0","58.51","35.0"
"68","000","00","002","0224","0770","793","451","342","53","846","1591","0","53.17","28.35"
"68","000","00","002","0225","0000","1915","1101","814","67","1982","3667","0","54.05","30.02"
"68","000","00","002","0225","0724","1023","531","492","32","1055","1820","0","57.97","29.18"
"68","000","00","002","0225","0725","892","570","322","35","927","1847","0","50.19","30.86"
"68","000","00","002","0226","0000","1882","1111","771","101","1983","3712","0","53.42","29.93"
"68","000","00","002","0226","0696","874","497","377","61","935","1733","0","53.95","28.68"
"68","000","00","002","0226","0697","1008","614","394","40","1048","1979","0","52.96","31.03"
"68","000","00","002","0227","0000","3429","2043","1386","129","3558","6638","0","53.6","30.78"
"68","000","00","002","0227","0716","863","575","288","26","889","1798","0","49.44","31.98"
"68","000","00","002","0227","0717","988","570","418","54","1042","1822","0","57.19","31.28"
"68","000","00","002","0227","0718","846","494","352","23","869","1613","0","53.87","30.63"
"68","000","00","002","0227","0719","732","404","328","26","758","1405","0","53.95","28.75"
"68","000","00","002","0228","0000","423","252","171","21","444","731","0","60.74","34.47"
"68","000","00","002","0228","0764","423","252","171","21","444","731","0","60.74","34.47"
"68","000","00","002","0229","0000","2456","1526","930","132","2588","4672","0","55.39","32.66"
"68","000","00","002","0229","0608","829","530","299","56","885","1627","0","54.39","32.58"
"68","000","00","002","0229","0609","827","512","315","32","859","1519","0","56.55","33.71"
"68","000","00","002","0229","0610","800","484","316","44","844","1526","0","55.31","31.72"
"68","000","00","002","0230","0000","1406","889","517","70","1476","2836","0","52.05","31.35"
"68","000","00","002","0230","0658","753","437","316","37","790","1546","0","51.1","28.27"
"68","000","00","002","0230","0659","653","452","201","33","686","1290","0","53.18","35.04"
"68","000","00","002","0231","0000","1864","1159","705","103","1967","3544","0","55.5","32.7"
"68","000","00","002","0231","0737","943","583","360","54","997","1703","0","58.54","34.23"
"68","000","00","002","0231","0738","921","576","345","49","970","1841","0","52.69","31.29"
"68","000","00","002","0232","0000","1788","1071","717","37","1825","3507","0","52.04","30.54"
"68","000","00","002","0232","0752","982","582","400","16","998","1987","0","50.23","29.29"
"68","000","00","002","0232","0753","806","489","317","21","827","1520","0","54.41","32.17"
"68","000","00","002","0233","0000","4199","2674","1525","154","4353","8947","0","48.65","29.89"
"68","000","00","002","0233","0701","904","574","330","38","942","1943","0","48.48","29.54"
"68","000","00","002","0233","0702","695","421","274","24","719","1363","0","52.75","30.89"
"68","000","00","002","0233","0703","935","602","333","47","982","2172","0","45.21","27.72"
"68","000","00","002","0233","0704","848","565","283","31","879","1798","0","48.89","31.42"
"68","000","00","002","0233","0705","817","512","305","14","831","1671","0","49.73","30.64"
"68","000","00","002","0234","0000","4280","2573","1707","186","4466","8663","0","51.55","29.7"
"68","000","00","002","0234","0709","792","481","311","36","828","1923","0","43.06","25.01"
"68","000","00","002","0234","0710","863","520","343","37","900","1572","0","57.25","33.08"
"68","000","00","002","0234","0711","982","597","385","32","1014","1850","0","54.81","32.27"
"68","000","00","002","0234","0712","777","463","314","43","820","1583","0","51.8","29.25"
"68","000","00","002","0234","0713","866","512","354","38","904","1735","0","52.1","29.51"
"68","000","00","002","0235","0000","1033","641","392","45","1078","1957","0","55.08","32.75"
"68","000","00","002","0235","0758","1033","641","392","45","1078","1957","0","55.08","32.75"
"68","000","00","002","0236","0000","3758","2251","1507","134","3892","7473","0","52.08","30.12"
"68","000","00","002","0236","0741","930","588","342","21","951","1636","0","58.13","35.94"
"68","000","00","002","0236","0742","840","504","336","33","873","1528","0","57.13","32.98"
"68","000","00","002","0236","0743","1048","612","436","52","1100","2289","0","48.06","26.74"
"68","000","00","002","0236","0744","940","547","393","28","968","2020","0","47.92","27.08"
"68","000","00","002","0237","0000","2399","1521","878","73","2472","4365","0","56.63","34.85"
"68","000","00","002","0237","0636","702","441","261","24","726","1368","0","53.07","32.24"
"68","000","00","002","0237","0637","838","548","290","28","866","1424","0","60.81","38.48"
"68","000","00","002","0237","0638","859","532","327","21","880","1573","0","55.94","33.82"
"68","000","00","002","0238","0000","922","542","380","62","984","1730","0","56.88","31.33"
"68","000","00","002","0238","0720","922","542","380","62","984","1730","0","56.88","31.33"
"68","000","00","002","0239","0000","2572","1690","882","130","2702","4878","0","55.39","34.65"
"68","000","00","002","0239","0611","827","529","298","46","873","1618","0","53.96","32.69"
"68","000","00","002","0239","0612","872","584","288","34","906","1554","0","58.3","37.58"
"68","000","00","002","0239","0613","873","577","296","50","923","1706","0","54.1","33.82"
"68","000","00","002","0240","0000","535","304","231","26","561","1011","0","55.49","30.07"
"68","000","00","002","0240","0766","535","304","231","26","561","1011","0","55.49","30.07"
"68","000","00","002","0241","0000","1483","894","589","70","1553","3045","0","51.0","29.36"
"68","000","00","002","0241","0756","754","457","297","53","807","1481","0","54.49","30.86"
"68","000","00","002","0241","0757","729","437","292","17","746","1564","0","47.7","27.94"
"68","000","00","002","0242","0000","2326","1401","925","97","2423","4841","0","50.05","28.94"
"68","000","00","002","0242","0591","720","443","277","24","744","1401","0","53.1","31.62"
"68","000","00","002","0242","0592","857","508","349","43","900","1798","0","50.06","28.25"
"68","000","00","002","0242","0593","749","450","299","30","779","1642","0","47.44","27.41"
"68","000","00","002","0243","0000","2770","1598","1172","117","2887","6378","0","45.26","25.05"
"68","000","00","002","0243","0798","955","554","401","49","1004","2068","0","48.55","26.79"
"68","000","00","002","0243","0799","853","481","372","41","894","2152","0","41.54","22.35"
"68","000","00","002","0243","0800","962","563","399","27","989","2158","0","45.83","26.09"
"68","000","00","002","0244","0000","3070","1831","1239","112","3182","6013","0","52.92","30.45"
"68","000","00","002","0244","0779","735","435","300","28","763","1426","0","53.51","30.5"
"68","000","00","002","0244","0780","763","462","301","27","790","1618","0","48.83","28.55"
"68","000","00","002","0244","0781","758","448","310","29","787","1441","0","54.61","31.09"
"68","000","00","002","0244","0782","814","486","328","28","842","1528","0","55.1","31.81"
"68","000","00","002","0245","0000","849","486","363","38","887","1532","0","57.9","31.72"
"68","000","00","002","0245","0767","849","486","363","38","887","1532","0","57.9","31.72"
"68","000","00","002","0246","0000","1629","944","685","88","1717","3344","0","51.35","28.23"
"68","000","00","002","0246","0785","769","436","333","44","813","1534","0","53.0","28.42"
"68","000","00","002","0246","0786","860","508","352","44","904","1810","0","49.94","28.07"
"68","000","00","002","0247","0000","2746","1649","1097","133","2879","5162","0","55.77","31.94"
"68","000","00","002","0247","0793","1056","633","423","62","1118","2037","0","54.88","31.08"
"68","000","00","002","0247","0794","674","409","265","29","703","1158","0","60.71","35.32"
"68","000","00","002","0247","0795","1016","607","409","42","1058","1967","0","53.79","30.86"
"68","000","00","002","0248","0000","1480","911","569","61","1541","3148","0","48.95","28.94"
"68","000","00","002","0248","0777","732","464","268","36","768","1609","0","47.73","28.84"
"68","000","00","002","0248","0778","748","447","301","25","773","1539","0","50.23","29.04"
"68","000","00","002","0249","0000","1861","1135","726","84","1945","3686","0","52.77","30.79"
"68","000","00","002","0249","0796","885","536","349","43","928","1830","0","50.71","29.29"
"68","000","00","002","0249","0797","976","599","377","41","1017","1856","0","54.8","32.27"
"68","000","00","002","0250","0000","463","273","190","33","496","851","0","58.28","32.08"
"68","000","00","002","0250","0765","463","273","190","33","496","851","0","58.28","32.08"
"68","000","00","002","0251","0000","2450","1474","976","99","2549","4643","0","54.9","31.75"
"68","000","00","002","0251","0790","836","526","310","46","882","1576","0","55.96","33.38"
"68","000","00","002","0251","0791","791","474","317","36","827","1478","0","55.95","32.07"
"68","000","00","002","0251","0792","823","474","349","17","840","1589","0","52.86","29.83"
"68","000","00","002","0252","0000","2330","1338","992","105","2435","4812","0","50.6","27.81"
"68","000","00","002","0252","0729","698","414","284","37","735","1234","0","59.56","33.55"
"68","000","00","002","0252","0730","913","526","387","41","954","2023","0","47.16","26.0"
"68","000","00","002","0252","0731","719","398","321","27","746","1555","0","47.97","25.59"
"68","000","00","002","0253","0000","1459","927","532","66","1525","2587","0","58.95","35.83"
"68","000","00","002","0253","0634","663","433","230","21","684","1177","0","58.11","36.79"
"68","000","00","002","0253","0635","796","494","302","45","841","1410","0","59.65","35.04"
"68","000","00","002","0254","0000","1538","927","611","70","1608","2767","0","58.11","33.5"
"68","000","00","002","0254","0761","602","351","251","29","631","1066","0","59.19","32.93"
"68","000","00","002","0254","0762","936","576","360","41","977","1701","0","57.44","33.86"
"68","000","00","002","0255","0000","2684","1787","897","103","2787","5434","0","51.29","32.89"
"68","000","00","002","0255","0774","852","492","360","44","896","1651","0","54.27","29.8"
"68","000","00","002","0255","0775","979","785","194","34","1013","1870","0","54.17","41.98"
"68","000","00","002","0255","0776","853","510","343","25","878","1913","0","45.9","26.66"
"68","000","00","002","0256","0000","2841","1772","1069","102","2943","5294","0","55.59","33.47"
"68","000","00","002","0256","0706","943","589","354","36","979","1969","0","49.72","29.91"
"68","000","00","002","0256","0707","946","592","354","38","984","1563","0","62.96","37.88"
"68","000","00","002","0256","0708","952","591","361","28","980","1762","0","55.62","33.54"
"68","000","00","002","0257","0000","2460","1501","959","68","2528","4543","0","55.65","33.04"
"68","000","00","002","0257","0698","867","504","363","25","892","1621","0","55.03","31.09"
"68","000","00","002","0257","0699","758","476","282","28","786","1391","0","56.51","34.22"
"68","000","00","002","0257","0700","835","521","314","15","850","1531","0","55.52","34.03"
"68","000","00","002","0258","0000","1550","954","596","77","1627","2854","0","57.01","33.43"
"68","000","00","002","0258","0694","659","392","267","40","699","1260","0","55.48","31.11"
"68","000","00","002","0258","0695","891","562","329","37","928","1594","0","58.22","35.26"
"68","000","00","002","0259","0000","1326","777","549","52","1378","2557","0","53.89","30.39"
"68","000","00","002","0259","0714","656","354","302","31","687","1292","0","53.17","27.4"
"68","000","00","002","0259","0715","670","423","247","21","691","1265","0","54.62","33.44"
"68","000","00","002","0260","0000","1690","1188","502","54","1744","3331","0","52.36","35.66"
"68","000","00","002","0260","0630","963","703","260","34","997","1883","0","52.95","37.33"
"68","000","00","002","0260","0631","727","485","242","20","747","1448","0","51.59","33.49"
"68","000","00","002","0261","0000","1856","1134","722","79","1935","3726","0","51.93","30.43"
"68","000","00","002","0261","0632","922","535","387","30","952","1810","0","52.6","29.56"
"68","000","00","002","0261","0633","934","599","335","49","983","1916","0","51.3","31.26"
"68","000","00","002","0262","0000","2504","1581","923","115","2619","4657","0","56.24","33.95"
"68","000","00","002","0262","0594","852","531","321","39","891","1670","0","53.35","31.8"
"68","000","00","002","0262","0595","770","466","304","37","807","1456","0","55.43","32.01"
"68","000","00","002","0262","0596","882","584","298","39","921","1531","0","60.16","38.15"
"68","000","00","002","0263","0000","1775","1135","640","52","1827","3576","0","51.09","31.74"
"68","000","00","002","0263","0597","903","574","329","27","930","1623","0","57.3","35.37"
"68","000","00","002","0263","0598","872","561","311","25","897","1953","0","45.93","28.73"
"68","000","00","002","0264","0000","1870","1125","745","103","1973","3628","0","54.38","31.01"
"68","000","00","002","0264","0783","852","493","359","47","899","1683","0","53.42","29.29"
"68","000","00","002","0264","0784","1018","632","386","56","1074","1945","0","55.22","32.49"
"68","000","00","002","0265","0000","2354","1517","837","73","2427","4082","0","59.46","37.16"
"68","000","00","002","0265","0605","922","589","333","19","941","1602","0","58.74","36.77"
"68","000","00","002","0265","0606","623","406","217","24","647","1006","0","64.31","40.36"
"68","000","00","002","0265","0607","809","522","287","30","839","1474","0","56.92","35.41"
"68","000","00","002","0266","0000","2174","1404","770","88","2262","4296","0","52.65","32.68"
"68","000","00","002","0266","0639","536","394","142","24","560","1152","0","48.61","34.2"
"68","000","00","002","0266","0640","648","379","269","21","669","1178","0","56.79","32.17"
"68","000","00","002","0266","0641","990","631","359","43","1033","1966","0","52.54","32.1"
"68","000","00","002","0267","0000","1260","805","455","63","1323","2125","0","62.26","37.88"
"68","000","00","002","0267","0650","568","359","209","27","595","994","0","59.86","36.12"
"68","000","00","002","0267","0651","692","446","246","36","728","1131","0","64.37","39.43"
"68","000","00","002","0268","0000","2421","1447","974","84","2505","4658","0","53.78","31.06"
"68","000","00","002","0268","0670","775","446","329","28","803","1505","0","53.36","29.63"
"68","000","00","002","0268","0671","840","515","325","28","868","1661","0","52.26","31.01"
"68","000","00","002","0268","0672","806","486","320","28","834","1492","0","55.9","32.57"
"68","000","00","002","0269","0000","1447","855","592","69","1516","2575","0","58.87","33.2"
"68","000","00","002","0269","0644","634","379","255","27","661","1178","0","56.11","32.17"
"68","000","00","002","0269","0645","813","476","337","42","855","1397","0","61.2","34.07"
"68","000","00","002","0270","0000","1867","1055","812","80","1947","3756","0","51.84","28.09"
"68","000","00","002","0270","0646","888","477","411","37","925","1669","0","55.42","28.58"
"68","000","00","002","0270","0647","979","578","401","43","1022","2087","0","48.97","27.7"
"68","000","00","002","0271","0000","1679","1012","667","87","1766","3596","0","49.11","28.14"
"68","000","00","002","0271","0660","988","608","380","60","1048","2145","0","48.86","28.34"
"68","000","00","002","0271","0661","691","404","287","27","718","1451","0","49.48","27.84"
"68","000","00","002","0272","0000","2364","1420","944","77","2441","4686","0","52.09","30.3"
"68","000","00","002","0272","0622","805","492","313","32","837","1448","0","57.8","33.98"
"68","000","00","002","0272","0623","792","470","322","30","822","1605","0","51.21","29.28"
"68","000","00","002","0272","0624","767","458","309","15","782","1633","0","47.89","28.05"
"68","000","00","002","0273","0000","2856","1687","1169","91","2947","5990","0","49.2","28.16"
"68","000","00","002","0273","0745","1045","626","419","35","1080","2027","0","53.28","30.88"
"68","000","00","002","0273","0746","820","480","340","18","838","1883","0","44.5","25.49"
"68","000","00","002","0273","0747","991","581","410","38","1029","2080","0","49.47","27.93"
"68","000","00","002","0274","0000","3135","2062","1073","97","3232","5466","0","59.13","37.72"
"68","000","00","002","0274","0748","332","192","140","15","347","646","0","53.72","29.72"
"68","000","00","002","0274","0749","1093","811","282","35","1128","1780","0","63.37","45.56"
"68","000","00","002","0274","0750","767","488","279","24","791","1372","0","57.65","35.57"
"68","000","00","002","0274","0751","943","571","372","23","966","1668","0","57.91","34.23"
"68","000","00","002","0275","0000","1599","988","611","72","1671","3555","0","47.0","27.79"
"68","000","00","002","0275","0656","763","464","299","47","810","1743","0","46.47","26.62"
"68","000","00","002","0275","0657","836","524","312","25","861","1812","0","47.52","28.92"
"68","000","00","002","0276","0000","1889","1160","729","86","1975","3484","0","56.69","33.3"
"68","000","00","002","0276","0625","1009","642","367","51","1060","1795","0","59.05","35.77"
"68","000","00","002","0276","0626","880","518","362","35","915","1689","0","54.17","30.67"
"68","000","00","002","0277","0000","1736","1109","627","85","1821","3448","0","52.81","32.16"
"68","000","00","002","0277","0685","923","590","333","46","969","1739","0","55.72","33.93"
"68","000","00","002","0277","0686","813","519","294","39","852","1709","0","49.85","30.37"
"68","000","00","002","0278","0000","1730","1095","635","71","1801","3319","0","54.26","32.99"
"68","000","00","002","0278","0687","875","540","335","36","911","1655","0","55.05","32.63"
"68","000","00","002","0278","0688","855","555","300","35","890","1664","0","53.49","33.35"
"68","000","00","002","0279","0000","2377","1543","834","96","2473","4416","0","56.0","34.94"
"68","000","00","002","0279","0734","671","445","226","34","705","1164","0","60.57","38.23"
"68","000","00","002","0279","0735","791","523","268","31","822","1482","0","55.47","35.29"
"68","000","00","002","0279","0736","915","575","340","31","946","1770","0","53.45","32.49"
"68","000","00","002","0280","0000","1400","847","553","62","1462","2405","0","60.79","35.22"
"68","000","00","002","0280","0759","708","419","289","34","742","1223","0","60.67","34.26"
"68","000","00","002","0280","0760","692","428","264","28","720","1182","0","60.91","36.21"
"68","000","00","002","0281","0000","1627","963","664","56","1683","3243","0","51.9","29.69"
"68","000","00","002","0281","0677","836","487","349","33","869","1702","0","51.06","28.61"
"68","000","00","002","0281","0678","791","476","315","23","814","1541","0","52.82","30.89"
"68","000","00","002","0282","0000","2278","1460","818","74","2352","4712","0","49.92","30.98"
"68","000","00","002","0282","0599","639","409","230","25","664","1155","0","57.49","35.41"
"68","000","00","002","0282","0600","811","528","283","27","838","1800","0","46.56","29.33"
"68","000","00","002","0282","0601","828","523","305","22","850","1757","0","48.38","29.77"
"68","000","00","002","0283","0000","2659","1520","1139","93","2752","5423","0","50.75","28.03"
"68","000","00","002","0283","0682","842","512","330","38","880","1735","0","50.72","29.51"
"68","000","00","002","0283","0683","895","555","340","26","921","1815","0","50.74","30.58"
"68","000","00","002","0283","0684","922","453","469","29","951","1873","0","50.77","24.19"
"68","000","00","002","0284","0000","2146","1380","766","104","2250","3731","0","60.31","36.99"
"68","000","00","002","0284","0726","722","475","247","40","762","1302","0","58.53","36.48"
"68","000","00","002","0284","0727","667","429","238","33","700","1203","0","58.19","35.66"
"68","000","00","002","0284","0728","757","476","281","31","788","1226","0","64.27","38.83"
"68","000","00","002","0285","0000","2114","1297","817","73","2187","3970","0","55.09","32.67"
"68","000","00","002","0285","0739","1036","627","409","32","1068","1941","0","55.02","32.3"
"68","000","00","002","0285","0740","1078","670","408","41","1119","2029","0","55.15","33.02"
"68","000","00","003","0000","0000","39137","23559","15578","2367","41504","78285","94862","53.02","30.09"
"68","000","00","003","0301","0000","801","455","346","36","837","1477","0","56.67","30.81"
"68","000","00","003","0301","0522","801","455","346","36","837","1477","0","56.67","30.81"
"68","000","00","003","0302","0000","533","325","208","29","562","1006","0","55.86","32.31"
"68","000","00","003","0302","0523","533","325","208","29","562","1006","0","55.86","32.31"
"68","000","00","003","0303","0000","2227","1327","900","101","2328","4752","0","48.99","27.93"
"68","000","00","003","0303","0527","725","452","273","37","762","1585","0","48.08","28.52"
"68","000","00","003","0303","0528","797","459","338","39","836","1612","0","51.86","28.47"
"68","000","00","003","0303","0529","705","416","289","25","730","1555","0","46.95","26.75"
"68","000","00","003","0304","0000","2830","1654","1176","189","3019","5544","0","54.46","29.83"
"68","000","00","003","0304","0530","738","419","319","36","774","1282","0","60.37","32.68"
"68","000","00","003","0304","0531","678","419","259","54","732","1392","0","52.59","30.1"
"68","000","00","003","0304","0532","677","393","284","44","721","1422","0","50.7","27.64"
"68","000","00","003","0304","0533","737","423","314","55","792","1448","0","54.7","29.21"
"68","000","00","003","0305","0000","729","411","318","49","778","1269","0","61.31","32.39"
"68","000","00","003","0305","0534","729","411","318","49","778","1269","0","61.31","32.39"
"68","000","00","003","0306","0000","541","330","211","51","592","977","0","60.59","33.78"
"68","000","00","003","0306","0535","541","330","211","51","592","977","0","60.59","33.78"
"68","000","00","003","0307","0000","1463","842","621","121","1584","3036","0","52.17","27.73"
"68","000","00","003","0307","0539","484","262","222","48","532","1056","0","50.38","24.81"
"68","000","00","003","0307","0540","610","381","229","42","652","1263","0","51.62","30.17"
"68","000","00","003","0307","0541","369","199","170","31","400","717","0","55.79","27.75"
"68","000","00","003","0308","0000","1032","589","443","73","1105","2275","0","48.57","25.89"
"68","000","00","003","0308","0542","541","291","250","23","564","1299","0","43.42","22.4"
"68","000","00","003","0308","0543","491","298","193","50","541","976","0","55.43","30.53"
"68","000","00","003","0309","0000","472","274","198","36","508","938","0","54.16","29.21"
"68","000","00","003","0309","0544","472","274","198","36","508","938","0","54.16","29.21"
"68","000","00","003","0310","0000","412","259","153","20","432","832","0","51.92","31.13"
"68","000","00","003","0310","0545","412","259","153","20","432","832","0","51.92","31.13"
"68","000","00","003","0311","0000","726","400","326","45","771","1359","0","56.73","29.43"
"68","000","00","003","0311","0536","726","400","326","45","771","1359","0","56.73","29.43"
"68","000","00","003","0312","0000","944","516","428","98","1042","1795","0","58.05","28.75"
"68","000","00","003","0312","0537","630","339","291","60","690","1135","0","60.79","29.87"
"68","000","00","003","0312","0538","314","177","137","38","352","660","0","53.33","26.82"
"68","000","00","003","0313","0000","1263","755","508","99","1362","2713","0","50.2","27.83"
"68","000","00","003","0313","0548","659","395","264","51","710","1410","0","50.35","28.01"
"68","000","00","003","0313","0549","604","360","244","48","652","1303","0","50.04","27.63"
"68","000","00","003","0314","0000","698","388","310","53","751","1560","0","48.14","24.87"
"68","000","00","003","0314","0546","381","206","175","23","404","866","0","46.65","23.79"
"68","000","00","003","0314","0547","317","182","135","30","347","694","0","50.0","26.22"
"68","000","00","003","0315","0000","1294","843","451","81","1375","2852","0","48.21","29.56"
"68","000","00","003","0315","0557","701","443","258","43","744","1446","0","51.45","30.64"
"68","000","00","003","0315","0558","593","400","193","38","631","1406","0","44.88","28.45"
"68","000","00","003","0316","0000","1331","889","442","59","1390","2542","0","54.68","34.97"
"68","000","00","003","0316","0555","650","459","191","38","688","1173","0","58.65","39.13"
"68","000","00","003","0316","0556","681","430","251","21","702","1369","0","51.28","31.41"
"68","000","00","003","0317","0000","1906","1095","811","92","1998","3603","0","55.45","30.39"
"68","000","00","003","0317","0550","557","316","241","33","590","1125","0","52.44","28.09"
"68","000","00","003","0317","0551","617","343","274","27","644","1170","0","55.04","29.32"
"68","000","00","003","0317","0552","732","436","296","32","764","1308","0","58.41","33.33"
"68","000","00","003","0318","0000","2605","1637","968","116","2721","5012","0","54.29","32.66"
"68","000","00","003","0318","0562","836","508","328","29","865","1684","0","51.37","30.17"
"68","000","00","003","0318","0563","1023","648","375","53","1076","1959","0","54.93","33.08"
"68","000","00","003","0318","0564","746","481","265","34","780","1369","0","56.98","35.14"
"68","000","00","003","0319","0000","1414","841","573","78","1492","3088","0","48.32","27.23"
"68","000","00","003","0319","0565","751","424","327","53","804","1431","0","56.18","29.63"
"68","000","00","003","0319","0566","663","417","246","25","688","1657","0","41.52","25.17"
"68","000","00","003","0320","0000","733","450","283","21","754","1514","0","49.8","29.72"
"68","000","00","003","0320","0575","733","450","283","21","754","1514","0","49.8","29.72"
"68","000","00","003","0321","0000","2176","1255","921","203","2379","4947","0","48.09","25.37"
"68","000","00","003","0321","0570","714","422","292","70","784","1511","0","51.89","27.93"
"68","000","00","003","0321","0571","733","410","323","69","802","1719","0","46.66","23.85"
"68","000","00","003","0321","0572","729","423","306","64","793","1717","0","46.19","24.64"
"68","000","00","003","0322","0000","1927","1181","746","100","2027","3732","0","54.31","31.65"
"68","000","00","003","0322","0578","473","302","171","14","487","831","0","58.6","36.34"
"68","000","00","003","0322","0579","736","445","291","44","780","1407","0","55.44","31.63"
"68","000","00","003","0322","0580","718","434","284","42","760","1494","0","50.87","29.05"
"68","000","00","003","0323","0000","1207","770","437","118","1325","2395","0","55.32","32.15"
"68","000","00","003","0323","0573","580","353","227","70","650","1207","0","53.85","29.25"
"68","000","00","003","0323","0574","627","417","210","48","675","1188","0","56.82","35.1"
"68","000","00","003","0324","0000","1525","1008","517","79","1604","2789","0","57.51","36.14"
"68","000","00","003","0324","0576","811","539","272","49","860","1529","0","56.25","35.25"
"68","000","00","003","0324","0577","714","469","245","30","744","1260","0","59.05","37.22"
"68","000","00","003","0325","0000","2263","1328","935","150","2413","4508","0","53.53","29.46"
"68","000","00","003","0325","0524","759","456","303","54","813","1553","0","52.35","29.36"
"68","000","00","003","0325","0525","810","448","362","61","871","1597","0","54.54","28.05"
"68","000","00","003","0325","0526","694","424","270","35","729","1358","0","53.68","31.22"
"68","000","00","003","0326","0000","1921","1228","693","71","1992","3875","0","51.41","31.69"
"68","000","00","003","0326","0567","604","387","217","22","626","1387","0","45.13","27.9"
"68","000","00","003","0326","0568","556","340","216","21","577","1085","0","53.18","31.34"
"68","000","00","003","0326","0569","761","501","260","28","789","1403","0","56.24","35.71"
"68","000","00","003","0327","0000","2485","1502","983","120","2605","4648","0","56.05","32.31"
"68","000","00","003","0327","0559","843","531","312","20","863","1592","0","54.21","33.35"
"68","000","00","003","0327","0560","817","487","330","40","857","1497","0","57.25","32.53"
"68","000","00","003","0327","0561","825","484","341","60","885","1559","0","56.77","31.05"
"68","000","00","003","0328","0000","1679","1007","672","79","1758","3247","0","54.14","31.01"
"68","000","00","003","0328","0553","573","317","256","36","609","1094","0","55.67","28.98"
"68","000","00","003","0328","0554","1106","690","416","43","1149","2153","0","53.37","32.05"
"68","000","00","004","0000","0000","67307","41994","25313","2989","70296","137917","169991","50.97","30.45"
"68","000","00","004","0401","0000","1914","1204","710","59","1973","3705","0","53.25","32.5"
"68","000","00","004","0401","0960","1000","600","400","31","1031","1943","0","53.06","30.88"
"68","000","00","004","0401","0961","914","604","310","28","942","1762","0","53.46","34.28"
"68","000","00","004","0402","0000","574","373","201","17","591","1083","0","54.57","34.44"
"68","000","00","004","0402","0962","574","373","201","17","591","1083","0","54.57","34.44"
"68","000","00","004","0403","0000","1451","924","527","74","1525","2633","0","57.92","35.09"
"68","000","00","004","0403","0964","697","438","259","38","735","1274","0","57.69","34.38"
"68","000","00","004","0403","0965","754","486","268","36","790","1359","0","58.13","35.76"
"68","000","00","004","0404","0000","2907","1752","1155","89","2996","6964","0","43.02","25.16"
"68","000","00","004","0404","0966","831","503","328","37","868","2444","0","35.52","20.58"
"68","000","00","004","0404","0967","1004","609","395","28","1032","2298","0","44.91","26.5"
"68","000","00","004","0404","0968","1072","640","432","24","1096","2222","0","49.32","28.8"
"68","000","00","004","0405","0000","1634","1060","574","103","1737","3237","0","53.66","32.75"
"68","000","00","004","0405","0969","809","519","290","57","866","1610","0","53.79","32.24"
"68","000","00","004","0405","0970","825","541","284","46","871","1627","0","53.53","33.25"
"68","000","00","004","0406","0000","1202","648","554","57","1259","2776","0","45.35","23.34"
"68","000","00","004","0406","0973","733","412","321","40","773","1776","0","43.52","23.2"
"68","000","00","004","0406","0974","469","236","233","17","486","1000","0","48.6","23.6"
"68","000","00","004","0407","0000","2216","1359","857","125","2341","4112","0","56.93","33.05"
"68","000","00","004","0407","1003","768","470","298","42","810","1448","0","55.94","32.46"
"68","000","00","004","0407","1004","722","432","290","41","763","1351","0","56.48","31.98"
"68","000","00","004","0407","1005","726","457","269","42","768","1313","0","58.49","34.81"
"68","000","00","004","0408","0000","1369","821","548","47","1416","2602","0","54.42","31.55"
"68","000","00","004","0408","0989","622","366","256","30","652","1194","0","54.61","30.65"
"68","000","00","004","0408","0990","747","455","292","17","764","1408","0","54.26","32.32"
"68","000","00","004","0409","0000","1005","645","360","43","1048","2027","0","51.7","31.82"
"68","000","00","004","0409","0963","1005","645","360","43","1048","2027","0","51.7","31.82"
"68","000","00","004","0410","0000","1781","1200","581","65","1846","3300","0","55.94","36.36"
"68","000","00","004","0410","0956","880","570","310","25","905","1713","0","52.83","33.27"
"68","000","00","004","0410","0957","901","630","271","40","941","1587","0","59.29","39.7"
"68","000","00","004","0411","0000","768","500","268","43","811","1434","0","56.56","34.87"
"68","000","00","004","0411","0929","768","500","268","43","811","1434","0","56.56","34.87"
"68","000","00","004","0412","0000","616","416","200","25","641","1137","0","56.38","36.59"
"68","000","00","004","0412","0932","616","416","200","25","641","1137","0","56.38","36.59"
"68","000","00","004","0413","0000","2538","1620","918","100","2638","5314","0","49.64","30.49"
"68","000","00","004","0413","0936","776","489","287","38","814","1449","0","56.18","33.75"
"68","000","00","004","0413","0937","826","508","318","41","867","1877","0","46.19","27.06"
"68","000","00","004","0413","0938","936","623","313","21","957","1988","0","48.14","31.34"
"68","000","00","004","0414","0000","2045","1303","742","76","2121","4219","0","50.27","30.88"
"68","000","00","004","0414","0933","1079","694","385","32","1111","2211","0","50.25","31.39"
"68","000","00","004","0414","0934","966","609","357","44","1010","2008","0","50.3","30.33"
"68","000","00","004","0415","0000","1857","1150","707","45","1902","3730","0","50.99","30.83"
"68","000","00","004","0415","0942","901","549","352","22","923","1848","0","49.95","29.71"
"68","000","00","004","0415","0943","956","601","355","23","979","1882","0","52.02","31.93"
"68","000","00","004","0416","0000","1679","1146","533","60","1739","3657","0","47.55","31.34"
"68","000","00","004","0416","0991","755","555","200","29","784","1737","0","45.14","31.95"
"68","000","00","004","0416","0992","924","591","333","31","955","1920","0","49.74","30.78"
"68","000","00","004","0417","0000","1720","1009","711","69","1789","3378","0","52.96","29.87"
"68","000","00","004","0417","0997","868","508","360","48","916","1692","0","54.14","30.02"
"68","000","00","004","0417","0998","852","501","351","21","873","1686","0","51.78","29.72"
"68","000","00","004","0418","0000","2190","1413","777","119","2309","3923","0","58.86","36.02"
"68","000","00","004","0418","0926","667","401","266","41","708","1269","0","55.79","31.6"
"68","000","00","004","0418","0927","743","504","239","33","776","1246","0","62.28","40.45"
"68","000","00","004","0418","0928","780","508","272","45","825","1408","0","58.59","36.08"
"68","000","00","004","0419","0000","1519","990","529","89","1608","3172","0","50.69","31.21"
"68","000","00","004","0419","0930","745","488","257","45","790","1515","0","52.15","32.21"
"68","000","00","004","0419","0931","774","502","272","44","818","1657","0","49.37","30.3"
"68","000","00","004","0420","0000","891","513","378","46","937","1861","0","50.35","27.57"
"68","000","00","004","0420","0977","891","513","378","46","937","1861","0","50.35","27.57"
"68","000","00","004","0421","0000","1714","1054","660","158","1872","3841","0","48.74","27.44"
"68","000","00","004","0421","0975","943","621","322","112","1055","2290","0","46.07","27.12"
"68","000","00","004","0421","0976","771","433","338","46","817","1551","0","52.68","27.92"
"68","000","00","004","0422","0000","1314","759","555","106","1420","2685","0","52.89","28.27"
"68","000","00","004","0422","0980","745","448","297","55","800","1498","0","53.4","29.91"
"68","000","00","004","0422","0981","569","311","258","51","620","1187","0","52.23","26.2"
"68","000","00","004","0423","0000","1783","1067","716","73","1856","3752","0","49.47","28.44"
"68","000","00","004","0423","1006","831","496","335","49","880","1689","0","52.1","29.37"
"68","000","00","004","0423","1007","952","571","381","24","976","2063","0","47.31","27.68"
"68","000","00","004","0424","0000","1369","853","516","91","1460","2694","0","54.19","31.66"
"68","000","00","004","0424","0982","665","419","246","46","711","1270","0","55.98","32.99"
"68","000","00","004","0424","0983","704","434","270","45","749","1424","0","52.6","30.48"
"68","000","00","004","0425","0000","2146","1450","696","125","2271","5412","0","41.96","26.79"
"68","000","00","004","0425","0986","764","425","339","52","816","1783","0","45.77","23.84"
"68","000","00","004","0425","0987","536","509","27","31","567","1709","0","33.18","29.78"
"68","000","00","004","0425","0988","846","516","330","42","888","1920","0","46.25","26.88"
"68","000","00","004","0426","0000","1639","1055","584","56","1695","3007","0","56.37","35.08"
"68","000","00","004","0426","0958","793","517","276","29","822","1416","0","58.05","36.51"
"68","000","00","004","0426","0959","846","538","308","27","873","1591","0","54.87","33.82"
"68","000","00","004","0427","0000","2987","1856","1131","107","3094","6381","0","48.49","29.09"
"68","000","00","004","0427","0950","967","614","353","36","1003","2101","0","47.74","29.22"
"68","000","00","004","0427","0951","1021","610","411","42","1063","2054","0","51.75","29.7"
"68","000","00","004","0427","0952","999","632","367","29","1028","2226","0","46.18","28.39"
"68","000","00","004","0428","0000","1806","1084","722","55","1861","3687","0","50.47","29.4"
"68","000","00","004","0428","0946","709","451","258","18","727","1562","0","46.54","28.87"
"68","000","00","004","0428","0947","1097","633","464","37","1134","2125","0","53.36","29.79"
"68","000","00","004","0429","0000","1604","1013","591","40","1644","3248","0","50.62","31.19"
"68","000","00","004","0429","0953","757","488","269","14","771","1405","0","54.88","34.73"
"68","000","00","004","0429","0954","847","525","322","26","873","1843","0","47.37","28.49"
"68","000","00","004","0430","0000","1721","1056","665","87","1808","3347","0","54.02","31.55"
"68","000","00","004","0430","0971","828","507","321","46","874","1589","0","55.0","31.91"
"68","000","00","004","0430","0972","893","549","344","41","934","1758","0","53.13","31.23"
"68","000","00","004","0431","0000","1743","1047","696","58","1801","3883","0","46.38","26.96"
"68","000","00","004","0431","0995","915","552","363","30","945","2020","0","46.78","27.33"
"68","000","00","004","0431","0996","828","495","333","28","856","1863","0","45.95","26.57"
"68","000","00","004","0432","0000","1758","1086","672","107","1865","3492","0","53.41","31.1"
"68","000","00","004","0432","1001","888","571","317","41","929","1603","0","57.95","35.62"
"68","000","00","004","0432","1002","870","515","355","66","936","1889","0","49.55","27.26"
"68","000","00","004","0433","0000","1661","1017","644","73","1734","3183","0","54.48","31.95"
"68","000","00","004","0433","0999","840","497","343","48","888","1626","0","54.61","30.57"
"68","000","00","004","0433","1000","821","520","301","25","846","1557","0","54.34","33.4"
"68","000","00","004","0434","0000","2759","1757","1002","86","2845","5546","0","51.3","31.68"
"68","000","00","004","0434","0939","974","592","382","28","1002","1931","0","51.89","30.66"
"68","000","00","004","0434","0940","927","600","327","37","964","1938","0","49.74","30.96"
"68","000","00","004","0434","0941","858","565","293","21","879","1677","0","52.42","33.69"
"68","000","00","004","0435","0000","977","623","354","28","1005","1911","0","52.59","32.6"
"68","000","00","004","0435","0935","977","623","354","28","1005","1911","0","52.59","32.6"
"68","000","00","004","0436","0000","1553","969","584","43","1596","3479","0","45.88","27.85"
"68","000","00","004","0436","0944","625","394","231","11","636","1541","0","41.27","25.57"
"68","000","00","004","0436","0945","928","575","353","32","960","1938","0","49.54","29.67"
"68","000","00","004","0437","0000","1395","824","571","88","1483","2725","0","54.42","30.24"
"68","000","00","004","0437","0993","618","366","252","35","653","1234","0","52.92","29.66"
"68","000","00","004","0437","0994","777","458","319","53","830","1491","0","55.67","30.72"
"68","000","00","004","0438","0000","1312","795","517","96","1408","2926","0","48.12","27.17"
"68","000","00","004","0438","0978","488","280","208","53","541","1141","0","47.41","24.54"
"68","000","00","004","0438","0979","824","515","309","43","867","1785","0","48.57","28.85"
"68","000","00","004","0439","0000","983","593","390","53","1036","2324","0","44.58","25.52"
"68","000","00","004","0439","0955","983","593","390","53","1036","2324","0","44.58","25.52"
"68","000","00","004","0440","0000","1752","1108","644","55","1807","3323","0","54.38","33.34"
"68","000","00","004","0440","0948","853","533","320","37","890","1516","0","58.71","35.16"
"68","000","00","004","0440","0949","899","575","324","18","917","1807","0","50.75","31.82"
"68","000","00","004","0441","0000","1455","882","573","53","1508","2807","0","53.72","31.42"
"68","000","00","004","0441","0984","763","488","275","17","780","1273","0","61.27","38.33"
"68","000","00","004","0441","0985","692","394","298","36","728","1534","0","47.46","25.68"
"68","000","00","005","0000","0000","63717","38396","25321","2654","66371","129252","164057","51.35","29.71"
"68","000","00","005","0501","0000","1367","833","534","125","1492","2896","0","51.52","28.76"
"68","000","00","005","0501","0396","642","393","249","74","716","1358","0","52.72","28.94"
"68","000","00","005","0501","0397","725","440","285","51","776","1538","0","50.46","28.61"
"68","000","00","005","0502","0000","1733","1068","665","111","1844","3791","0","48.64","28.17"
"68","000","00","005","0502","0398","854","532","322","49","903","2118","0","42.63","25.12"
"68","000","00","005","0502","0399","879","536","343","62","941","1673","0","56.25","32.04"
"68","000","00","005","0503","0000","2268","1345","923","93","2361","4816","0","49.02","27.93"
"68","000","00","005","0503","0404","693","391","302","26","719","1446","0","49.72","27.04"
"68","000","00","005","0503","0405","738","445","293","39","777","1623","0","47.87","27.42"
"68","000","00","005","0503","0406","837","509","328","28","865","1747","0","49.51","29.14"
"68","000","00","005","0504","0000","2225","1374","851","79","2304","4687","0","49.16","29.32"
"68","000","00","005","0504","0411","1088","665","423","39","1127","2189","0","51.48","30.38"
"68","000","00","005","0504","0412","1137","709","428","40","1177","2498","0","47.12","28.38"
"68","000","00","005","0506","0000","1703","994","709","142","1845","4088","0","45.13","24.32"
"68","000","00","005","0506","0414","785","455","330","72","857","1991","0","43.04","22.85"
"68","000","00","005","0506","0415","918","539","379","70","988","2097","0","47.11","25.7"
"68","000","00","005","0507","0000","1756","1049","707","61","1817","3567","0","50.94","29.41"
"68","000","00","005","0507","0430","946","577","369","32","978","1864","0","52.47","30.95"
"68","000","00","005","0507","0431","810","472","338","29","839","1703","0","49.27","27.72"
"68","000","00","005","0508","0000","1997","1212","785","48","2045","3815","0","53.6","31.77"
"68","000","00","005","0508","0432","962","564","398","21","983","1893","0","51.93","29.79"
"68","000","00","005","0508","0433","1035","648","387","27","1062","1922","0","55.25","33.71"
"68","000","00","005","0509","0000","1271","761","510","58","1329","2380","0","55.84","31.97"
"68","000","00","005","0509","0440","681","418","263","37","718","1181","0","60.8","35.39"
"68","000","00","005","0509","0441","590","343","247","21","611","1199","0","50.96","28.61"
"68","000","00","005","0510","0000","1214","789","425","121","1335","2521","0","52.96","31.3"
"68","000","00","005","0510","0459","535","354","181","33","568","1318","0","43.1","26.86"
"68","000","00","005","0510","0460","679","435","244","88","767","1203","0","63.76","36.16"
"68","000","00","005","0511","0000","816","509","307","28","844","1771","0","47.66","28.74"
"68","000","00","005","0511","0461","816","509","307","28","844","1771","0","47.66","28.74"
"68","000","00","005","0512","0000","1665","987","678","101","1766","3595","0","49.12","27.45"
"68","000","00","005","0512","0462","829","482","347","47","876","1832","0","47.82","26.31"
"68","000","00","005","0512","0463","836","505","331","54","890","1763","0","50.48","28.64"
"68","000","00","005","0513","0000","660","379","281","19","679","1497","0","45.36","25.32"
"68","000","00","005","0513","0464","660","379","281","19","679","1497","0","45.36","25.32"
"68","000","00","005","0514","0000","895","494","401","98","993","1671","0","59.43","29.56"
"68","000","00","005","0514","0465","895","494","401","98","993","1671","0","59.43","29.56"
"68","000","00","005","0515","0000","1322","784","538","95","1417","2488","0","56.95","31.51"
"68","000","00","005","0515","0466","496","283","213","41","537","929","0","57.8","30.46"
"68","000","00","005","0515","0467","826","501","325","54","880","1559","0","56.45","32.14"
"68","000","00","005","0516","0000","1659","1078","581","66","1725","2938","0","58.71","36.69"
"68","000","00","005","0516","0468","792","527","265","21","813","1497","0","54.31","35.2"
"68","000","00","005","0516","0469","867","551","316","45","912","1441","0","63.29","38.24"
"68","000","00","005","0517","0000","1575","978","597","40","1615","3161","0","51.09","30.94"
"68","000","00","005","0517","0428","784","501","283","19","803","1668","0","48.14","30.04"
"68","000","00","005","0517","0429","791","477","314","21","812","1493","0","54.39","31.95"
"68","000","00","005","0518","0000","2535","1372","1163","85","2620","5039","0","51.99","27.23"
"68","000","00","005","0518","0416","822","500","322","31","853","1558","0","54.75","32.09"
"68","000","00","005","0518","0417","963","400","563","31","994","1891","0","52.56","21.15"
"68","000","00","005","0518","0418","750","472","278","23","773","1590","0","48.62","29.69"
"68","000","00","005","0519","0000","1249","719","530","47","1296","2588","0","50.08","27.78"
"68","000","00","005","0519","0438","629","354","275","22","651","1232","0","52.84","28.73"
"68","000","00","005","0519","0439","620","365","255","25","645","1356","0","47.57","26.92"
"68","000","00","005","0520","0000","1534","970","564","73","1607","3150","0","51.02","30.79"
"68","000","00","005","0520","0436","828","530","298","27","855","1688","0","50.65","31.4"
"68","000","00","005","0520","0437","706","440","266","46","752","1462","0","51.44","30.1"
"68","000","00","005","0521","0000","695","406","289","30","725","1322","0","54.84","30.71"
"68","000","00","005","0521","0413","695","406","289","30","725","1322","0","54.84","30.71"
"68","000","00","005","0522","0000","1712","1070","642","75","1787","3425","0","52.18","31.24"
"68","000","00","005","0522","0407","984","600","384","42","1026","1988","0","51.61","30.18"
"68","000","00","005","0522","0408","728","470","258","33","761","1437","0","52.96","32.71"
"68","000","00","005","0523","0000","1533","884","649","76","1609","2979","0","54.01","29.67"
"68","000","00","005","0523","0409","824","487","337","39","863","1532","0","56.33","31.79"
"68","000","00","005","0523","0410","709","397","312","37","746","1447","0","51.55","27.44"
"68","000","00","005","0524","0000","1641","1001","640","65","1706","3172","0","53.78","31.56"
"68","000","00","005","0524","0457","832","509","323","27","859","1483","0","57.92","34.32"
"68","000","00","005","0524","0458","809","492","317","38","847","1689","0","50.15","29.13"
"68","000","00","005","0525","0000","2159","1320","839","53","2212","4595","0","48.14","28.73"
"68","000","00","005","0525","0453","1295","813","482","29","1324","2727","0","48.55","29.81"
"68","000","00","005","0525","0454","864","507","357","24","888","1868","0","47.54","27.14"
"68","000","00","005","0526","0000","2061","1217","844","58","2119","4233","0","50.06","28.75"
"68","000","00","005","0526","0446","993","606","387","36","1029","2055","0","50.07","29.49"
"68","000","00","005","0526","0447","1068","611","457","22","1090","2178","0","50.05","28.05"
"68","000","00","005","0527","0000","1681","1023","658","57","1738","3551","0","48.94","28.81"
"68","000","00","005","0527","0425","789","472","317","25","814","1731","0","47.02","27.27"
"68","000","00","005","0527","0426","892","551","341","32","924","1820","0","50.77","30.27"
"68","000","00","005","0528","0000","2262","1361","901","71","2333","4926","0","47.36","27.63"
"68","000","00","005","0528","0419","1045","625","420","39","1084","2404","0","45.09","26.0"
"68","000","00","005","0528","0420","1217","736","481","32","1249","2522","0","49.52","29.18"
"68","000","00","005","0529","0000","1664","1004","660","66","1730","3348","0","51.67","29.99"
"68","000","00","005","0529","0421","813","484","329","29","842","1633","0","51.56","29.64"
"68","000","00","005","0529","0422","851","520","331","37","888","1715","0","51.78","30.32"
"68","000","00","005","0530","0000","845","500","345","37","882","1633","0","54.01","30.62"
"68","000","00","005","0530","0427","845","500","345","37","882","1633","0","54.01","30.62"
"68","000","00","005","0531","0000","2848","1769","1079","91","2939","5379","0","54.64","32.89"
"68","000","00","005","0531","0449","876","547","329","42","918","1667","0","55.07","32.81"
"68","000","00","005","0531","0450","929","590","339","16","945","1745","0","54.15","33.81"
"68","000","00","005","0531","0451","1043","632","411","33","1076","1967","0","54.7","32.13"
"68","000","00","005","0532","0000","1876","1161","715","52","1928","3511","0","54.91","33.07"
"68","000","00","005","0532","0448","895","521","374","23","918","1709","0","53.72","30.49"
"68","000","00","005","0532","0452","981","640","341","29","1010","1802","0","56.05","35.52"
"68","000","00","005","0533","0000","1574","939","635","43","1617","3133","0","51.61","29.97"
"68","000","00","005","0533","0442","885","545","340","19","904","1710","0","52.87","31.87"
"68","000","00","005","0533","0443","689","394","295","24","713","1423","0","50.11","27.69"
"68","000","00","005","0534","0000","1666","1004","662","50","1716","3161","0","54.29","31.76"
"68","000","00","005","0534","0444","794","457","337","24","818","1522","0","53.75","30.03"
"68","000","00","005","0534","0445","872","547","325","26","898","1639","0","54.79","33.37"
"68","000","00","005","0535","0000","1464","924","540","35","1499","2731","0","54.89","33.83"
"68","000","00","005","0535","0434","744","484","260","16","760","1393","0","54.56","34.75"
"68","000","00","005","0535","0435","720","440","280","19","739","1338","0","55.23","32.88"
"68","000","00","005","0536","0000","2160","1310","850","42","2202","4604","0","47.83","28.45"
"68","000","00","005","0536","0402","1122","696","426","27","1149","2250","0","51.07","30.93"
"68","000","00","005","0536","0403","1038","614","424","15","1053","2354","0","44.73","26.08"
"68","000","00","005","0537","0000","1722","1028","694","68","1790","3199","0","55.95","32.14"
"68","000","00","005","0537","0400","851","482","369","30","881","1500","0","58.73","32.13"
"68","000","00","005","0537","0401","871","546","325","38","909","1699","0","53.5","32.14"
"68","000","00","005","0538","0000","1571","919","652","61","1632","3153","0","51.76","29.15"
"68","000","00","005","0538","0455","749","449","300","34","783","1537","0","50.94","29.21"
"68","000","00","005","0538","0456","822","470","352","27","849","1616","0","52.54","29.08"
"68","000","00","005","0539","0000","1927","1164","763","60","1987","4244","0","46.82","27.43"
"68","000","00","005","0539","0423","1014","616","398","20","1034","2215","0","46.68","27.81"
"68","000","00","005","0539","0424","913","548","365","40","953","2029","0","46.97","27.01"
"68","000","00","005","0540","0000","1212","697","515","74","1286","2494","0","51.56","27.95"
"68","000","00","005","0540","0470","706","406","300","45","751","1465","0","51.26","27.71"
"68","000","00","005","0540","0471","506","291","215","29","535","1029","0","51.99","28.28"
"68","000","00","006","0000","0000","35658","20740","14918","1561","37219","73900","90407","50.36","28.06"
"68","000","00","006","0601","0000","2932","1723","1209","118","3050","6145","0","49.63","28.04"
"68","000","00","006","0601","0472","680","393","287","30","710","1538","0","46.16","25.55"
"68","000","00","006","0601","0473","646","362","284","19","665","1616","0","41.15","22.4"
"68","000","00","006","0601","0474","776","450","326","38","814","1437","0","56.65","31.32"
"68","000","00","006","0601","0475","830","518","312","31","861","1554","0","55.41","33.33"
"68","000","00","006","0602","0000","3130","1780","1350","152","3282","6471","0","50.72","27.51"
"68","000","00","006","0602","0476","616","346","270","27","643","1237","0","51.98","27.97"
"68","000","00","006","0602","0477","647","382","265","48","695","1347","0","51.6","28.36"
"68","000","00","006","0602","0478","633","359","274","24","657","1261","0","52.1","28.47"
"68","000","00","006","0602","0479","612","354","258","26","638","1256","0","50.8","28.18"
"68","000","00","006","0602","0480","622","339","283","27","649","1370","0","47.37","24.74"
"68","000","00","006","0603","0000","2012","1182","830","108","2120","4617","0","45.92","25.6"
"68","000","00","006","0603","0481","709","382","327","37","746","1610","0","46.34","23.73"
"68","000","00","006","0603","0482","674","407","267","39","713","1419","0","50.25","28.68"
"68","000","00","006","0603","0483","629","393","236","32","661","1588","0","41.62","24.75"
"68","000","00","006","0604","0000","770","432","338","45","815","1612","0","50.56","26.8"
"68","000","00","006","0604","0484","770","432","338","45","815","1612","0","50.56","26.8"
"68","000","00","006","0605","0000","4984","2862","2122","227","5211","10011","0","52.05","28.59"
"68","000","00","006","0605","0485","679","382","297","40","719","1440","0","49.93","26.53"
"68","000","00","006","0605","0486","614","339","275","36","650","1326","0","49.02","25.57"
"68","000","00","006","0605","0487","773","474","299","48","821","1455","0","56.43","32.58"
"68","000","00","006","0605","0488","801","452","349","40","841","1562","0","53.84","28.94"
"68","000","00","006","0605","0489","703","412","291","28","731","1284","0","56.93","32.09"
"68","000","00","006","0605","0490","676","371","305","14","690","1454","0","47.46","25.52"
"68","000","00","006","0605","0491","738","432","306","21","759","1490","0","50.94","28.99"
"68","000","00","006","0606","0000","2337","1385","952","113","2450","4861","0","50.4","28.49"
"68","000","00","006","0606","0492","743","459","284","32","775","1617","0","47.93","28.39"
"68","000","00","006","0606","0493","802","465","337","32","834","1594","0","52.32","29.17"
"68","000","00","006","0606","0494","792","461","331","49","841","1650","0","50.97","27.94"
"68","000","00","006","0607","0000","2895","1650","1245","102","2997","5896","0","50.83","27.99"
"68","000","00","006","0607","0495","704","397","307","15","719","1467","0","49.01","27.06"
"68","000","00","006","0607","0496","740","428","312","29","769","1494","0","51.47","28.65"
"68","000","00","006","0607","0497","750","431","319","34","784","1538","0","50.98","28.02"
"68","000","00","006","0607","0498","701","394","307","24","725","1397","0","51.9","28.2"
"68","000","00","006","0608","0000","764","455","309","23","787","1637","0","48.08","27.79"
"68","000","00","006","0608","0499","764","455","309","23","787","1637","0","48.08","27.79"
"68","000","00","006","0610","0000","1497","911","586","81","1578","2866","0","55.06","31.79"
"68","000","00","006","0610","0500","669","396","273","33","702","1452","0","48.35","27.27"
"68","000","00","006","0610","0501","828","515","313","48","876","1414","0","61.95","36.42"
"68","000","00","006","0611","0000","3216","1981","1235","93","3309","6871","0","48.16","28.83"
"68","000","00","006","0611","0502","834","530","304","32","866","1670","0","51.86","31.74"
"68","000","00","006","0611","0503","804","503","301","16","820","1701","0","48.21","29.57"
"68","000","00","006","0611","0504","783","491","292","21","804","1813","0","44.35","27.08"
"68","000","00","006","0611","0505","795","457","338","24","819","1687","0","48.55","27.09"
"68","000","00","006","0612","0000","1680","990","690","49","1729","3206","0","53.93","30.88"
"68","000","00","006","0612","0506","840","509","331","5","845","1650","0","51.21","30.85"
"68","000","00","006","0612","0507","840","481","359","44","884","1556","0","56.81","30.91"
"68","000","00","006","0613","0000","800","440","360","27","827","1844","0","44.85","23.86"
"68","000","00","006","0613","0508","800","440","360","27","827","1844","0","44.85","23.86"
"68","000","00","006","0614","0000","1354","774","580","87","1441","2750","0","52.4","28.15"
"68","000","00","006","0614","0509","604","353","251","49","653","1336","0","48.88","26.42"
"68","000","00","006","0614","0510","750","421","329","38","788","1414","0","55.73","29.77"
"68","000","00","006","0615","0000","1428","845","583","70","1498","2465","0","60.77","34.28"
"68","000","00","006","0615","0511","723","421","302","35","758","1238","0","61.23","34.01"
"68","000","00","006","0615","0512","705","424","281","35","740","1227","0","60.31","34.56"
"68","000","00","006","0616","0000","1206","666","540","48","1254","2548","0","49.22","26.14"
"68","000","00","006","0616","0513","597","319","278","24","621","1199","0","51.79","26.61"
"68","000","00","006","0616","0514","609","347","262","24","633","1349","0","46.92","25.72"
"68","000","00","006","0617","0000","1103","610","493","53","1156","2200","0","52.55","27.73"
"68","000","00","006","0617","0515","548","308","240","31","579","1120","0","51.7","27.5"
"68","000","00","006","0617","0516","555","302","253","22","577","1080","0","53.43","27.96"
"68","000","00","006","0618","0000","1316","762","554","57","1373","2686","0","51.12","28.37"
"68","000","00","006","0618","0517","626","379","247","34","660","1341","0","49.22","28.26"
"68","000","00","006","0618","0518","690","383","307","23","713","1345","0","53.01","28.48"
"68","000","00","006","0619","0000","2234","1292","942","108","2342","5214","0","44.92","24.78"
"68","000","00","006","0619","0519","672","391","281","34","706","1565","0","45.11","24.98"
"68","000","00","006","0619","0520","628","354","274","32","660","1519","0","43.45","23.3"
"68","000","00","006","0619","0521","934","547","387","42","976","2130","0","45.82","25.68"
"68","000","00","007","0000","0000","62294","36552","25742","2890","65184","131702","160182","49.49","27.75"
"68","000","00","007","0701","0000","1884","1057","827","85","1969","3735","0","52.72","28.3"
"68","000","00","007","0701","0270","724","388","336","26","750","1455","0","51.55","26.67"
"68","000","00","007","0701","0271","1160","669","491","59","1219","2280","0","53.46","29.34"
"68","000","00","007","0702","0000","3298","1972","1326","181","3479","6706","0","51.88","29.41"
"68","000","00","007","0702","0231","1084","684","400","54","1138","2178","0","52.25","31.4"
"68","000","00","007","0702","0232","839","506","333","62","901","1672","0","53.89","30.26"
"68","000","00","007","0702","0233","652","379","273","33","685","1376","0","49.78","27.54"
"68","000","00","007","0702","0234","723","403","320","32","755","1480","0","51.01","27.23"
"68","000","00","007","0703","0000","2025","1160","865","120","2145","4353","0","49.28","26.65"
"68","000","00","007","0703","0261","422","235","187","25","447","841","0","53.15","27.94"
"68","000","00","007","0703","0262","993","586","407","53","1046","2284","0","45.8","25.66"
"68","000","00","007","0703","0263","610","339","271","42","652","1228","0","53.09","27.61"
"68","000","00","007","0704","0000","2861","1623","1238","152","3013","5735","0","52.54","28.3"
"68","000","00","007","0704","0235","657","387","270","34","691","1258","0","54.93","30.76"
"68","000","00","007","0704","0236","732","427","305","32","764","1464","0","52.19","29.17"
"68","000","00","007","0704","0237","881","487","394","64","945","1844","0","51.25","26.41"
"68","000","00","007","0704","0238","591","322","269","22","613","1169","0","52.44","27.54"
"68","000","00","007","0705","0000","1568","897","671","71","1639","3253","0","50.38","27.57"
"68","000","00","007","0705","0245","900","525","375","35","935","1788","0","52.29","29.36"
"68","000","00","007","0705","0246","668","372","296","36","704","1465","0","48.05","25.39"
"68","000","00","007","0706","0000","2427","1500","927","128","2555","5386","0","47.44","27.85"
"68","000","00","007","0706","0239","722","424","298","41","763","1921","0","39.72","22.07"
"68","000","00","007","0706","0240","778","429","349","32","810","1694","0","47.82","25.32"
"68","000","00","007","0706","0241","927","647","280","55","982","1771","0","55.45","36.53"
"68","000","00","007","0707","0000","1861","1317","544","95","1956","3629","0","53.9","36.29"
"68","000","00","007","0707","0220","897","644","253","47","944","1744","0","54.13","36.93"
"68","000","00","007","0707","0221","964","673","291","48","1012","1885","0","53.69","35.7"
"68","000","00","007","0708","0000","2519","1623","896","105","2624","5033","0","52.14","32.25"
"68","000","00","007","0708","0217","463","318","145","24","487","874","0","55.72","36.38"
"68","000","00","007","0708","0218","1023","711","312","58","1081","2014","0","53.67","35.3"
"68","000","00","007","0708","0219","1033","594","439","23","1056","2145","0","49.23","27.69"
"68","000","00","007","0709","0000","587","327","260","30","617","1156","0","53.37","28.29"
"68","000","00","007","0709","0276","587","327","260","30","617","1156","0","53.37","28.29"
"68","000","00","007","0710","0000","1704","995","709","80","1784","3553","0","50.21","28.0"
"68","000","00","007","0710","0272","826","486","340","36","862","1668","0","51.68","29.14"
"68","000","00","007","0710","0273","878","509","369","44","922","1885","0","48.91","27.0"
"68","000","00","007","0711","0000","925","578","347","54","979","1840","0","53.21","31.41"
"68","000","00","007","0711","0289","925","578","347","54","979","1840","0","53.21","31.41"
"68","000","00","007","0712","0000","887","541","346","37","924","1917","0","48.2","28.22"
"68","000","00","007","0712","0267","887","541","346","37","924","1917","0","48.2","28.22"
"68","000","00","007","0713","0000","2154","1312","842","135","2289","4707","0","48.63","27.87"
"68","000","00","007","0713","0222","708","459","249","49","757","1546","0","48.97","29.69"
"68","000","00","007","0713","0223","790","472","318","49","839","1684","0","49.82","28.03"
"68","000","00","007","0713","0224","656","381","275","37","693","1477","0","46.92","25.8"
"68","000","00","007","0714","0000","2164","1283","881","150","2314","4832","0","47.89","26.55"
"68","000","00","007","0714","0242","739","437","302","45","784","1665","0","47.09","26.25"
"68","000","00","007","0714","0243","688","385","303","51","739","1439","0","51.36","26.75"
"68","000","00","007","0714","0244","737","461","276","54","791","1728","0","45.78","26.68"
"68","000","00","007","0715","0000","2832","1701","1131","148","2980","5448","0","54.7","31.22"
"68","000","00","007","0715","0227","792","480","312","43","835","1525","0","54.75","31.48"
"68","000","00","007","0715","0228","576","339","237","33","609","1041","0","58.5","32.56"
"68","000","00","007","0715","0229","688","385","303","31","719","1404","0","51.21","27.42"
"68","000","00","007","0715","0230","776","497","279","41","817","1478","0","55.28","33.63"
"68","000","00","007","0716","0000","1902","1039","863","133","2035","3952","0","51.49","26.29"
"68","000","00","007","0716","0256","493","268","225","50","543","1005","0","54.03","26.67"
"68","000","00","007","0716","0257","733","407","326","32","765","1449","0","52.8","28.09"
"68","000","00","007","0716","0258","676","364","312","51","727","1498","0","48.53","24.3"
"68","000","00","007","0717","0000","852","468","384","43","895","1752","0","51.08","26.71"
"68","000","00","007","0717","0250","852","468","384","43","895","1752","0","51.08","26.71"
"68","000","00","007","0718","0000","1103","665","438","85","1188","2439","0","48.71","27.27"
"68","000","00","007","0718","0265","608","370","238","44","652","1378","0","47.31","26.85"
"68","000","00","007","0718","0266","495","295","200","41","536","1061","0","50.52","27.8"
"68","000","00","007","0719","0000","1661","933","728","82","1743","4057","0","42.96","23.0"
"68","000","00","007","0719","0277","852","487","365","45","897","2114","0","42.43","23.04"
"68","000","00","007","0719","0278","809","446","363","37","846","1943","0","43.54","22.95"
"68","000","00","007","0720","0000","2849","1579","1270","100","2949","6056","0","48.7","26.07"
"68","000","00","007","0720","0286","1064","608","456","41","1105","2187","0","50.53","27.8"
"68","000","00","007","0720","0287","912","501","411","40","952","1959","0","48.6","25.57"
"68","000","00","007","0720","0288","873","470","403","19","892","1910","0","46.7","24.61"
"68","000","00","007","0721","0000","1097","651","446","36","1133","2266","0","50.0","28.73"
"68","000","00","007","0721","0290","1097","651","446","36","1133","2266","0","50.0","28.73"
"68","000","00","007","0722","0000","2053","1149","904","96","2149","5170","0","41.57","22.22"
"68","000","00","007","0722","0247","650","367","283","46","696","1659","0","41.95","22.12"
"68","000","00","007","0722","0248","711","396","315","35","746","1693","0","44.06","23.39"
"68","000","00","007","0722","0249","692","386","306","15","707","1818","0","38.89","21.23"
"68","000","00","007","0723","0000","862","506","356","35","897","1979","0","45.33","25.57"
"68","000","00","007","0723","0264","862","506","356","35","897","1979","0","45.33","25.57"
"68","000","00","007","0724","0000","1676","961","715","37","1713","3317","0","51.64","28.97"
"68","000","00","007","0724","0251","927","523","404","19","946","1818","0","52.04","28.77"
"68","000","00","007","0724","0252","749","438","311","18","767","1499","0","51.17","29.22"
"68","000","00","007","0725","0000","2826","1651","1175","102","2928","5847","0","50.08","28.24"
"68","000","00","007","0725","0253","939","545","394","40","979","1916","0","51.1","28.44"
"68","000","00","007","0725","0254","901","512","389","25","926","1804","0","51.33","28.38"
"68","000","00","007","0725","0255","986","594","392","37","1023","2127","0","48.1","27.93"
"68","000","00","007","0726","0000","1580","924","656","91","1671","3920","0","42.63","23.57"
"68","000","00","007","0726","0259","903","523","380","53","956","2149","0","44.49","24.34"
"68","000","00","007","0726","0260","677","401","276","38","715","1771","0","40.37","22.64"
"68","000","00","007","0727","0000","2457","1401","1056","98","2555","5139","0","49.72","27.26"
"68","000","00","007","0727","0279","817","462","355","25","842","1800","0","46.78","25.67"
"68","000","00","007","0727","0280","936","528","408","46","982","2020","0","48.61","26.14"
"68","000","00","007","0727","0281","704","411","293","27","731","1319","0","55.42","31.16"
"68","000","00","007","0728","0000","4070","2298","1772","149","4219","8591","0","49.11","26.75"
"68","000","00","007","0728","0282","1149","640","509","35","1184","2229","0","53.12","28.71"
"68","000","00","007","0728","0283","924","526","398","29","953","1992","0","47.84","26.41"
"68","000","00","007","0728","0284","1006","562","444","50","1056","2237","0","47.21","25.12"
"68","000","00","007","0728","0285","991","570","421","35","1026","2133","0","48.1","26.72"
"68","000","00","007","0729","0000","1825","971","854","29","1854","3553","0","52.18","27.33"
"68","000","00","007","0729","0274","896","489","407","12","908","1849","0","49.11","26.45"
"68","000","00","007","0729","0275","929","482","447","17","946","1704","0","55.52","28.29"
"68","000","00","007","0730","0000","1112","724","388","56","1168","2956","0","39.51","24.49"
"68","000","00","007","0730","0225","830","568","262","45","875","1528","0","57.26","37.17"
"68","000","00","007","0730","0226","282","156","126","11","293","1428","0","20.52","10.92"
"68","000","00","007","0731","0000","3052","1810","1242","88","3140","6452","0","48.67","28.05"
"68","000","00","007","0731","0291","1054","643","411","23","1077","2387","0","45.12","26.94"
"68","000","00","007","0731","0292","794","482","312","19","813","1692","0","48.05","28.49"
"68","000","00","007","0731","0293","450","245","205","16","466","904","0","51.55","27.1"
"68","000","00","007","0731","0294","754","440","314","30","784","1469","0","53.37","29.95"
"68","000","00","007","0732","0000","1621","936","685","59","1680","2973","0","56.51","31.48"
"68","000","00","007","0732","0268","867","496","371","35","902","1540","0","58.57","32.21"
"68","000","00","007","0732","0269","754","440","314","24","778","1433","0","54.29","30.7"
"68","000","00","008","0000","0000","79278","47532","31746","4186","83464","165065","201493","50.56","28.8"
"68","000","00","008","0801","0000","2788","1616","1172","112","2900","7162","0","40.49","22.56"
"68","000","00","008","0801","0295","775","462","313","57","832","1761","0","47.25","26.24"
"68","000","00","008","0801","0296","717","425","292","19","736","1804","0","40.8","23.56"
"68","000","00","008","0801","0297","492","272","220","14","506","1813","0","27.91","15.0"
"68","000","00","008","0801","0298","804","457","347","22","826","1784","0","46.3","25.62"
"68","000","00","008","0802","0000","3587","2174","1413","130","3717","8278","0","44.9","26.26"
"68","000","00","008","0802","0299","922","576","346","24","946","2257","0","41.91","25.52"
"68","000","00","008","0802","0300","770","479","291","28","798","1857","0","42.97","25.79"
"68","000","00","008","0802","0301","967","574","393","31","998","2261","0","44.14","25.39"
"68","000","00","008","0802","0302","928","545","383","47","975","1903","0","51.23","28.64"
"68","000","00","008","0803","0000","1628","993","635","93","1721","3620","0","47.54","27.43"
"68","000","00","008","0803","0303","910","578","332","72","982","1955","0","50.23","29.57"
"68","000","00","008","0803","0304","718","415","303","21","739","1665","0","44.38","24.92"
"68","000","00","008","0804","0000","1617","1017","600","100","1717","3216","0","53.39","31.62"
"68","000","00","008","0804","0310","835","518","317","67","902","1630","0","55.34","31.78"
"68","000","00","008","0804","0311","782","499","283","33","815","1586","0","51.39","31.46"
"68","000","00","008","0805","0000","1635","949","686","132","1767","3559","0","49.65","26.66"
"68","000","00","008","0805","0312","809","472","337","61","870","1649","0","52.76","28.62"
"68","000","00","008","0805","0313","826","477","349","71","897","1910","0","46.96","24.97"
"68","000","00","008","0806","0000","1646","1014","632","113","1759","3252","0","54.09","31.18"
"68","000","00","008","0806","0314","829","487","342","72","901","1612","0","55.89","30.21"
"68","000","00","008","0806","0315","817","527","290","41","858","1640","0","52.32","32.13"
"68","000","00","008","0807","0000","1618","938","680","98","1716","3273","0","52.43","28.66"
"68","000","00","008","0807","0318","839","470","369","36","875","1711","0","51.14","27.47"
"68","000","00","008","0807","0319","779","468","311","62","841","1562","0","53.84","29.96"
"68","000","00","008","0808","0000","2111","1373","738","112","2223","4415","0","50.35","31.1"
"68","000","00","008","0808","0320","836","536","300","47","883","1735","0","50.89","30.89"
"68","000","00","008","0808","0321","820","485","335","28","848","1658","0","51.15","29.25"
"68","000","00","008","0808","0322","455","352","103","37","492","1022","0","48.14","34.44"
"68","000","00","008","0809","0000","1568","957","611","72","1640","3414","0","48.04","28.03"
"68","000","00","008","0809","0323","729","431","298","40","769","1673","0","45.97","25.76"
"68","000","00","008","0809","0324","839","526","313","32","871","1741","0","50.03","30.21"
"68","000","00","008","0810","0000","1012","613","399","59","1071","2110","0","50.76","29.05"
"68","000","00","008","0810","0325","1012","613","399","59","1071","2110","0","50.76","29.05"
"68","000","00","008","0811","0000","1387","799","588","73","1460","2519","0","57.96","31.72"
"68","000","00","008","0811","0331","730","399","331","41","771","1341","0","57.49","29.75"
"68","000","00","008","0811","0332","657","400","257","32","689","1178","0","58.49","33.96"
"68","000","00","008","0812","0000","1469","893","576","143","1612","3871","0","41.64","23.07"
"68","000","00","008","0812","0335","794","494","300","73","867","1943","0","44.62","25.42"
"68","000","00","008","0812","0336","675","399","276","70","745","1928","0","38.64","20.7"
"68","000","00","008","0813","0000","1487","817","670","81","1568","3147","0","49.83","25.96"
"68","000","00","008","0813","0339","869","469","400","40","909","1947","0","46.69","24.09"
"68","000","00","008","0813","0340","618","348","270","41","659","1200","0","54.92","29.0"
"68","000","00","008","0814","0000","1713","981","732","104","1817","3883","0","46.79","25.26"
"68","000","00","008","0814","0341","854","497","357","48","902","1895","0","47.6","26.23"
"68","000","00","008","0814","0342","859","484","375","56","915","1988","0","46.03","24.35"
"68","000","00","008","0815","0000","1781","967","814","98","1879","3410","0","55.1","28.36"
"68","000","00","008","0815","0348","663","376","287","50","713","1317","0","54.14","28.55"
"68","000","00","008","0815","0349","1118","591","527","48","1166","2093","0","55.71","28.24"
"68","000","00","008","0816","0000","1745","1051","694","65","1810","3545","0","51.06","29.65"
"68","000","00","008","0816","0351","860","518","342","47","907","1782","0","50.9","29.07"
"68","000","00","008","0816","0352","885","533","352","18","903","1763","0","51.22","30.23"
"68","000","00","008","0817","0000","3314","2002","1312","143","3457","6933","0","49.86","28.88"
"68","000","00","008","0817","0359","970","550","420","57","1027","1998","0","51.4","27.53"
"68","000","00","008","0817","0360","490","302","188","26","516","916","0","56.33","32.97"
"68","000","00","008","0817","0361","897","559","338","30","927","1943","0","47.71","28.77"
"68","000","00","008","0817","0362","957","591","366","30","987","2076","0","47.54","28.47"
"68","000","00","008","0818","0000","799","548","251","46","845","1505","0","56.15","36.41"
"68","000","00","008","0818","0371","799","548","251","46","845","1505","0","56.15","36.41"
"68","000","00","008","0819","0000","1636","969","667","106","1742","3303","0","52.74","29.34"
"68","000","00","008","0819","0373","829","441","388","54","883","1618","0","54.57","27.26"
"68","000","00","008","0819","0374","807","528","279","52","859","1685","0","50.98","31.34"
"68","000","00","008","0820","0000","1715","1084","631","89","1804","3716","0","48.55","29.17"
"68","000","00","008","0820","0375","807","558","249","46","853","1835","0","46.49","30.41"
"68","000","00","008","0820","0376","908","526","382","43","951","1881","0","50.56","27.96"
"68","000","00","008","0821","0000","825","502","323","45","870","1766","0","49.26","28.43"
"68","000","00","008","0821","0377","825","502","323","45","870","1766","0","49.26","28.43"
"68","000","00","008","0822","0000","2907","1874","1033","144","3051","5083","0","60.02","36.87"
"68","000","00","008","0822","0385","922","575","347","53","975","1685","0","57.86","34.12"
"68","000","00","008","0822","0386","906","556","350","40","946","1748","0","54.12","31.81"
"68","000","00","008","0822","0387","1079","743","336","51","1130","1650","0","68.48","45.03"
"68","000","00","008","0823","0000","1997","1179","818","94","2091","3923","0","53.3","30.05"
"68","000","00","008","0823","0390","970","583","387","53","1023","1841","0","55.57","31.67"
"68","000","00","008","0823","0391","1027","596","431","41","1068","2082","0","51.3","28.63"
"68","000","00","008","0824","0000","1562","904","658","107","1669","3578","0","46.65","25.27"
"68","000","00","008","0824","0365","715","426","289","49","764","1474","0","51.83","28.9"
"68","000","00","008","0824","0366","160","93","67","14","174","718","0","24.23","12.95"
"68","000","00","008","0824","0367","687","385","302","44","731","1386","0","52.74","27.78"
"68","000","00","008","0825","0000","1332","769","563","65","1397","2483","0","56.26","30.97"
"68","000","00","008","0825","0355","630","334","296","37","667","1170","0","57.01","28.55"
"68","000","00","008","0825","0356","702","435","267","28","730","1313","0","55.6","33.13"
"68","000","00","008","0826","0000","1829","1038","791","74","1903","4169","0","45.65","24.9"
"68","000","00","008","0826","0344","919","526","393","13","932","2061","0","45.22","25.52"
"68","000","00","008","0826","0345","910","512","398","61","971","2108","0","46.06","24.29"
"68","000","00","008","0827","0000","1957","1203","754","106","2063","4015","0","51.38","29.96"
"68","000","00","008","0827","0378","850","522","328","79","929","1817","0","51.13","28.73"
"68","000","00","008","0827","0379","1107","681","426","27","1134","2198","0","51.59","30.98"
"68","000","00","008","0828","0000","2192","1348","844","110","2302","4185","0","55.01","32.21"
"68","000","00","008","0828","0307","843","530","313","45","888","1583","0","56.1","33.48"
"68","000","00","008","0828","0308","651","397","254","33","684","1246","0","54.9","31.86"
"68","000","00","008","0828","0309","698","421","277","32","730","1356","0","53.83","31.05"
"68","000","00","008","0829","0000","1424","889","535","100","1524","2854","0","53.4","31.15"
"68","000","00","008","0829","0363","683","427","256","53","736","1363","0","54.0","31.33"
"68","000","00","008","0829","0364","741","462","279","47","788","1491","0","52.85","30.99"
"68","000","00","008","0830","0000","2072","1244","828","89","2161","3951","0","54.7","31.49"
"68","000","00","008","0830","0382","692","420","272","33","725","1257","0","57.68","33.41"
"68","000","00","008","0830","0383","623","357","266","34","657","1267","0","51.85","28.18"
"68","000","00","008","0830","0384","757","467","290","22","779","1427","0","54.59","32.73"
"68","000","00","008","0831","0000","1587","938","649","86","1673","3085","0","54.23","30.41"
"68","000","00","008","0831","0388","766","426","340","41","807","1478","0","54.6","28.82"
"68","000","00","008","0831","0389","821","512","309","45","866","1607","0","53.89","31.86"
"68","000","00","008","0832","0000","986","574","412","65","1051","2006","0","52.39","28.61"
"68","000","00","008","0832","0343","986","574","412","65","1051","2006","0","52.39","28.61"
"68","000","00","008","0833","0000","1544","979","565","75","1619","3543","0","45.7","27.63"
"68","000","00","008","0833","0346","848","514","334","48","896","1862","0","48.12","27.6"
"68","000","00","008","0833","0347","696","465","231","27","723","1681","0","43.01","27.66"
"68","000","00","008","0834","0000","808","461","347","46","854","1499","0","56.97","30.75"
"68","000","00","008","0834","0350","808","461","347","46","854","1499","0","56.97","30.75"
"68","000","00","008","0835","0000","663","401","262","39","702","1436","0","48.89","27.92"
"68","000","00","008","0835","0372","663","401","262","39","702","1436","0","48.89","27.92"
"68","000","00","008","0836","0000","1088","605","483","49","1137","2209","0","51.47","27.39"
"68","000","00","008","0836","0393","1088","605","483","49","1137","2209","0","51.47","27.39"
"68","000","00","008","0837","0000","867","530","337","51","918","1959","0","46.86","27.05"
"68","000","00","008","0837","0392","867","530","337","51","918","1959","0","46.86","27.05"
"68","000","00","008","0838","0000","2068","1238","830","73","2141","4531","0","47.25","27.32"
"68","000","00","008","0838","0328","795","449","346","22","817","1848","0","44.21","24.3"
"68","000","00","008","0838","0329","698","433","265","29","727","1334","0","54.5","32.46"
"68","000","00","008","0838","0330","575","356","219","22","597","1349","0","44.26","26.39"
"68","000","00","008","0839","0000","1440","846","594","66","1506","3075","0","48.98","27.51"
"68","000","00","008","0839","0337","685","399","286","17","702","1403","0","50.04","28.44"
"68","000","00","008","0839","0338","755","447","308","49","804","1672","0","48.09","26.73"
"68","000","00","008","0840","0000","1402","815","587","78","1480","2694","0","54.94","30.25"
"68","000","00","008","0840","0305","726","409","317","53","779","1431","0","54.44","28.58"
"68","000","00","008","0840","0306","676","406","270","25","701","1263","0","55.5","32.15"
"68","000","00","008","0841","0000","1332","791","541","66","1398","2537","0","55.1","31.18"
"68","000","00","008","0841","0353","630","381","249","41","671","1226","0","54.73","31.08"
"68","000","00","008","0841","0354","702","410","292","25","727","1311","0","55.45","31.27"
"68","000","00","008","0842","0000","1934","1107","827","49","1983","3821","0","51.9","28.97"
"68","000","00","008","0842","0380","871","488","383","32","903","1732","0","52.14","28.18"
"68","000","00","008","0842","0381","1063","619","444","17","1080","2089","0","51.7","29.63"
"68","000","00","008","0843","0000","1865","1110","755","81","1946","3864","0","50.36","28.73"
"68","000","00","008","0843","0394","932","582","350","43","975","1864","0","52.31","31.22"
"68","000","00","008","0843","0395","933","528","405","38","971","2000","0","48.55","26.4"
"68","000","00","008","0844","0000","1407","796","611","79","1486","2716","0","54.71","29.31"
"68","000","00","008","0844","0316","639","367","272","36","675","1303","0","51.8","28.17"
"68","000","00","008","0844","0317","768","429","339","43","811","1413","0","57.4","30.36"
"68","000","00","008","0845","0000","1185","773","412","51","1236","2155","0","57.35","35.87"
"68","000","00","008","0845","0326","595","387","208","23","618","1145","0","53.97","33.8"
"68","000","00","008","0845","0327","590","386","204","28","618","1010","0","61.19","38.22"
"68","000","00","008","0846","0000","2029","1339","690","177","2206","4294","0","51.37","31.18"
"68","000","00","008","0846","0368","717","470","247","57","774","1487","0","52.05","31.61"
"68","000","00","008","0846","0369","740","502","238","74","814","1552","0","52.45","32.35"
"68","000","00","008","0846","0370","572","367","205","46","618","1255","0","49.24","29.24"
"68","000","00","008","0847","0000","1399","768","631","91","1490","2836","0","52.54","27.08"
"68","000","00","008","0847","0333","709","397","312","41","750","1374","0","54.59","28.89"
"68","000","00","008","0847","0334","690","371","319","50","740","1462","0","50.62","25.38"
"68","000","00","008","0848","0000","1321","756","565","61","1382","2667","0","51.82","28.35"
"68","000","00","008","0848","0357","635","352","283","23","658","1186","0","55.48","29.68"
"68","000","00","008","0848","0358","686","404","282","38","724","1481","0","48.89","27.28"
"68","000","00","009","0000","0000","52526","33953","18573","2211","54737","101574","122981","53.89","33.43"
"68","000","00","009","0901","0000","2271","1406","865","93","2364","4513","0","52.38","31.15"
"68","000","00","009","0901","1008","755","482","273","26","781","1482","0","52.7","32.52"
"68","000","00","009","0901","1009","738","453","285","36","774","1528","0","50.65","29.65"
"68","000","00","009","0901","1010","778","471","307","31","809","1503","0","53.83","31.34"
"68","000","00","009","0902","0000","2781","1844","937","186","2967","5661","0","52.41","32.57"
"68","000","00","009","0902","1013","901","593","308","48","949","2088","0","45.45","28.4"
"68","000","00","009","0902","1014","1046","656","390","66","1112","1987","0","55.96","33.01"
"68","000","00","009","0902","1015","834","595","239","72","906","1586","0","57.12","37.52"
"68","000","00","009","0903","0000","1872","1196","676","66","1938","4006","0","48.38","29.86"
"68","000","00","009","0903","1018","972","602","370","35","1007","2081","0","48.39","28.93"
"68","000","00","009","0903","1019","900","594","306","31","931","1925","0","48.36","30.86"
"68","000","00","009","0904","0000","1496","940","556","77","1573","3188","0","49.34","29.49"
"68","000","00","009","0904","1064","785","481","304","35","820","1649","0","49.73","29.17"
"68","000","00","009","0904","1065","711","459","252","42","753","1539","0","48.93","29.82"
"68","000","00","009","0906","0000","1790","1073","717","115","1905","3662","0","52.02","29.3"
"68","000","00","009","0906","1022","838","508","330","52","890","1790","0","49.72","28.38"
"68","000","00","009","0906","1023","952","565","387","63","1015","1872","0","54.22","30.18"
"68","000","00","009","0907","0000","2147","1337","810","82","2229","4152","0","53.68","32.2"
"68","000","00","009","0907","1026","756","490","266","25","781","1398","0","55.87","35.05"
"68","000","00","009","0907","1027","666","400","266","24","690","1345","0","51.3","29.74"
"68","000","00","009","0907","1028","725","447","278","33","758","1409","0","53.8","31.72"
"68","000","00","009","0908","0000","430","210","220","14","444","678","0","65.49","30.97"
"68","000","00","009","0908","1071","430","210","220","14","444","678","0","65.49","30.97"
"68","000","00","009","0909","0000","2193","1369","824","96","2289","4282","0","53.46","31.97"
"68","000","00","009","0909","1031","785","512","273","46","831","1597","0","52.04","32.06"
"68","000","00","009","0909","1032","728","433","295","22","750","1410","0","53.19","30.71"
"68","000","00","009","0909","1033","680","424","256","28","708","1275","0","55.53","33.25"
"68","000","00","009","0910","0000","2872","1893","979","81","2953","5372","0","54.97","35.24"
"68","000","00","009","0910","1037","976","642","334","35","1011","1786","0","56.61","35.95"
"68","000","00","009","0910","1038","918","594","324","29","947","1756","0","53.93","33.83"
"68","000","00","009","0910","1039","978","657","321","17","995","1830","0","54.37","35.9"
"68","000","00","009","0911","0000","1075","678","397","39","1114","1909","0","58.36","35.52"
"68","000","00","009","0911","1034","1075","678","397","39","1114","1909","0","58.36","35.52"
"68","000","00","009","0912","0000","2325","1421","904","103","2428","4369","0","55.57","32.52"
"68","000","00","009","0912","1066","849","575","274","35","884","1541","0","57.37","37.31"
"68","000","00","009","0912","1067","713","406","307","40","753","1375","0","54.76","29.53"
"68","000","00","009","0912","1068","763","440","323","28","791","1453","0","54.44","30.28"
"68","000","00","009","0913","0000","1668","1089","579","62","1730","3597","0","48.1","30.28"
"68","000","00","009","0913","1042","880","569","311","39","919","1805","0","50.91","31.52"
"68","000","00","009","0913","1043","788","520","268","23","811","1792","0","45.26","29.02"
"68","000","00","009","0914","0000","2080","1351","729","98","2178","4268","0","51.03","31.65"
"68","000","00","009","0914","1049","644","425","219","49","693","1297","0","53.43","32.77"
"68","000","00","009","0914","1050","690","457","233","17","707","1407","0","50.25","32.48"
"68","000","00","009","0914","1051","746","469","277","32","778","1564","0","49.74","29.99"
"68","000","00","009","0915","0000","1864","1279","585","71","1935","3485","0","55.52","36.7"
"68","000","00","009","0915","1054","927","619","308","36","963","1721","0","55.96","35.97"
"68","000","00","009","0915","1055","937","660","277","35","972","1764","0","55.1","37.41"
"68","000","00","009","0916","0000","1310","821","489","64","1374","2373","0","57.9","34.6"
"68","000","00","009","0916","1069","575","355","220","39","614","1074","0","57.17","33.05"
"68","000","00","009","0916","1070","735","466","269","25","760","1299","0","58.51","35.87"
"68","000","00","009","0917","0000","780","491","289","44","824","1499","0","54.97","32.76"
"68","000","00","009","0917","1056","780","491","289","44","824","1499","0","54.97","32.76"
"68","000","00","009","0918","0000","992","622","370","40","1032","2151","0","47.98","28.92"
"68","000","00","009","0918","1057","992","622","370","40","1032","2151","0","47.98","28.92"
"68","000","00","009","0919","0000","1689","1107","582","49","1738","2980","0","58.32","37.15"
"68","000","00","009","0919","1058","838","555","283","24","862","1524","0","56.56","36.42"
"68","000","00","009","0919","1059","851","552","299","25","876","1456","0","60.16","37.91"
"68","000","00","009","0920","0000","1343","873","470","82","1425","2784","0","51.19","31.36"
"68","000","00","009","0920","1011","756","490","266","38","794","1568","0","50.64","31.25"
"68","000","00","009","0920","1012","587","383","204","44","631","1216","0","51.89","31.5"
"68","000","00","009","0921","0000","1231","772","459","50","1281","2355","0","54.39","32.78"
"68","000","00","009","0921","1016","612","372","240","23","635","1221","0","52.01","30.47"
"68","000","00","009","0921","1017","619","400","219","27","646","1134","0","56.97","35.27"
"68","000","00","009","0922","0000","2247","1527","720","59","2306","4135","0","55.77","36.93"
"68","000","00","009","0922","1020","1108","728","380","28","1136","2095","0","54.22","34.75"
"68","000","00","009","0922","1021","1139","799","340","31","1170","2040","0","57.35","39.17"
"68","000","00","009","0923","0000","1875","1209","666","87","1962","3518","0","55.77","34.37"
"68","000","00","009","0923","1024","948","621","327","43","991","1726","0","57.42","35.98"
"68","000","00","009","0923","1025","927","588","339","44","971","1792","0","54.19","32.81"
"68","000","00","009","0924","0000","1556","937","619","53","1609","3012","0","53.42","31.11"
"68","000","00","009","0924","1029","647","378","269","25","672","1362","0","49.34","27.75"
"68","000","00","009","0924","1030","909","559","350","28","937","1650","0","56.79","33.88"
"68","000","00","009","0925","0000","2136","1410","726","60","2196","4026","0","54.55","35.02"
"68","000","00","009","0925","1035","1096","721","375","23","1119","2024","0","55.29","35.62"
"68","000","00","009","0925","1036","1040","689","351","37","1077","2002","0","53.8","34.42"
"68","000","00","009","0926","0000","1793","1271","522","73","1866","3216","0","58.02","39.52"
"68","000","00","009","0926","1040","975","722","253","29","1004","1697","0","59.16","42.55"
"68","000","00","009","0926","1041","818","549","269","44","862","1519","0","56.75","36.14"
"68","000","00","009","0927","0000","846","549","297","39","885","1500","0","59.0","36.6"
"68","000","00","009","0927","1044","846","549","297","39","885","1500","0","59.0","36.6"
"68","000","00","009","0928","0000","1954","1265","689","96","2050","3980","0","51.51","31.78"
"68","000","00","009","0928","1046","629","392","237","29","658","1444","0","45.57","27.15"
"68","000","00","009","0928","1047","633","423","210","38","671","1321","0","50.79","32.02"
"68","000","00","009","0928","1048","692","450","242","29","721","1215","0","59.34","37.04"
"68","000","00","009","0929","0000","1138","729","409","71","1209","2340","0","51.67","31.15"
"68","000","00","009","0929","1052","662","413","249","39","701","1317","0","53.23","31.36"
"68","000","00","009","0929","1053","476","316","160","32","508","1023","0","49.66","30.89"
"68","000","00","009","0930","0000","2205","1568","637","53","2258","3746","0","60.28","41.86"
"68","000","00","009","0930","1060","1081","770","311","29","1110","1847","0","60.1","41.69"
"68","000","00","009","0930","1061","1124","798","326","24","1148","1899","0","60.45","42.02"
"68","000","00","009","0931","0000","1870","1262","608","87","1957","3390","0","57.73","37.23"
"68","000","00","009","0931","1062","910","613","297","32","942","1725","0","54.61","35.54"
"68","000","00","009","0931","1063","960","649","311","55","1015","1665","0","60.96","38.98"
"68","000","00","009","0932","0000","697","454","243","21","718","1427","0","50.32","31.81"
"68","000","00","009","0932","1045","697","454","243","21","718","1427","0","50.32","31.81"
"68","000","00","010","0000","0000","93803","57526","36277","4065","97868","183560","225897","53.32","31.34"
"68","000","00","010","1001","0000","2341","1391","950","117","2458","4781","0","51.41","29.09"
"68","000","00","010","1001","0864","804","498","306","39","843","1717","0","49.1","29.0"
"68","000","00","010","1001","0865","693","394","299","30","723","1319","0","54.81","29.87"
"68","000","00","010","1001","0866","844","499","345","48","892","1745","0","51.12","28.6"
"68","000","00","010","1002","0000","2303","1453","850","93","2396","4129","0","58.03","35.19"
"68","000","00","010","1002","0867","899","525","374","42","941","1721","0","54.68","30.51"
"68","000","00","010","1002","0868","654","382","272","19","673","1206","0","55.8","31.67"
"68","000","00","010","1002","0869","750","546","204","32","782","1202","0","65.06","45.42"
"68","000","00","010","1003","0000","2885","1765","1120","78","2963","5256","0","56.37","33.58"
"68","000","00","010","1003","0850","646","389","257","24","670","1044","0","64.18","37.26"
"68","000","00","010","1003","0851","616","406","210","16","632","1124","0","56.23","36.12"
"68","000","00","010","1003","0852","809","483","326","22","831","1517","0","54.78","31.84"
"68","000","00","010","1003","0853","814","487","327","16","830","1571","0","52.83","31.0"
"68","000","00","010","1004","0000","2929","1797","1132","127","3056","5442","0","56.16","33.02"
"68","000","00","010","1004","0840","698","458","240","36","734","1307","0","56.16","35.04"
"68","000","00","010","1004","0841","721","426","295","27","748","1337","0","55.95","31.86"
"68","000","00","010","1004","0842","615","363","252","25","640","980","0","65.31","37.04"
"68","000","00","010","1004","0843","895","550","345","39","934","1818","0","51.38","30.25"
"68","000","00","010","1005","0000","2573","1578","995","84","2657","5083","0","52.27","31.04"
"68","000","00","010","1005","0857","837","535","302","36","873","1555","0","56.14","34.41"
"68","000","00","010","1005","0858","969","603","366","25","994","2051","0","48.46","29.4"
"68","000","00","010","1005","0859","767","440","327","23","790","1477","0","53.49","29.79"
"68","000","00","010","1006","0000","1890","1150","740","60","1950","3895","0","50.06","29.53"
"68","000","00","010","1006","0835","983","589","394","33","1016","1901","0","53.45","30.98"
"68","000","00","010","1006","0836","907","561","346","27","934","1994","0","46.84","28.13"
"68","000","00","010","1007","0000","2011","1267","744","79","2090","3585","0","58.3","35.34"
"68","000","00","010","1007","0875","567","364","203","23","590","1010","0","58.42","36.04"
"68","000","00","010","1007","0876","699","430","269","28","727","1261","0","57.65","34.1"
"68","000","00","010","1007","0877","745","473","272","28","773","1314","0","58.83","36.0"
"68","000","00","010","1008","0000","2936","1650","1286","111","3047","6426","0","47.42","25.68"
"68","000","00","010","1008","0883","627","388","239","23","650","2213","0","29.37","17.53"
"68","000","00","010","1008","0884","567","323","244","26","593","949","0","62.49","34.04"
"68","000","00","010","1008","0885","925","546","379","39","964","1621","0","59.47","33.68"
"68","000","00","010","1008","0886","817","393","424","23","840","1643","0","51.13","23.92"
"68","000","00","010","1009","0000","1413","855","558","59","1472","2475","0","59.47","34.55"
"68","000","00","010","1009","0870","676","407","269","29","705","1208","0","58.36","33.69"
"68","000","00","010","1009","0871","737","448","289","30","767","1267","0","60.54","35.36"
"68","000","00","010","1010","0000","2174","1270","904","89","2263","3993","0","56.67","31.81"
"68","000","00","010","1010","0891","582","318","264","32","614","1039","0","59.1","30.61"
"68","000","00","010","1010","0892","746","452","294","31","777","1318","0","58.95","34.29"
"68","000","00","010","1010","0893","846","500","346","26","872","1636","0","53.3","30.56"
"68","000","00","010","1011","0000","1987","1197","790","98","2085","4038","0","51.63","29.64"
"68","000","00","010","1011","0896","665","384","281","44","709","1480","0","47.91","25.95"
"68","000","00","010","1011","0897","677","425","252","18","695","1330","0","52.26","31.95"
"68","000","00","010","1011","0898","645","388","257","36","681","1228","0","55.46","31.6"
"68","000","00","010","1012","0000","2174","1387","787","128","2302","4431","0","51.95","31.3"
"68","000","00","010","1012","0801","693","375","318","39","732","1487","0","49.23","25.22"
"68","000","00","010","1012","0802","723","439","284","42","765","1453","0","52.65","30.21"
"68","000","00","010","1012","0803","758","573","185","47","805","1491","0","53.99","38.43"
"68","000","00","010","1013","0000","2810","1711","1099","131","2941","5762","0","51.04","29.69"
"68","000","00","010","1013","0806","895","550","345","42","937","1921","0","48.78","28.63"
"68","000","00","010","1013","0807","1024","660","364","45","1069","1974","0","54.15","33.43"
"68","000","00","010","1013","0808","891","501","390","44","935","1867","0","50.08","26.83"
"68","000","00","010","1014","0000","2343","1516","827","139","2482","4440","0","55.9","34.14"
"68","000","00","010","1014","0827","513","331","182","51","564","1048","0","53.82","31.58"
"68","000","00","010","1014","0828","671","444","227","36","707","1259","0","56.16","35.27"
"68","000","00","010","1014","0829","540","333","207","28","568","1061","0","53.53","31.39"
"68","000","00","010","1014","0830","619","408","211","24","643","1072","0","59.98","38.06"
"68","000","00","010","1015","0000","1197","777","420","46","1243","2326","0","53.44","33.4"
"68","000","00","010","1015","0820","566","356","210","19","585","1130","0","51.77","31.5"
"68","000","00","010","1015","0821","631","421","210","27","658","1196","0","55.02","35.2"
"68","000","00","010","1016","0000","2528","1577","951","90","2618","5300","0","49.4","29.75"
"68","000","00","010","1016","0824","807","491","316","33","840","1564","0","53.71","31.39"
"68","000","00","010","1016","0825","797","524","273","37","834","1824","0","45.72","28.73"
"68","000","00","010","1016","0826","924","562","362","20","944","1912","0","49.37","29.39"
"68","000","00","010","1017","0000","1415","925","490","83","1498","2780","0","53.88","33.27"
"68","000","00","010","1017","0917","697","442","255","54","751","1385","0","54.22","31.91"
"68","000","00","010","1017","0918","718","483","235","29","747","1395","0","53.55","34.62"
"68","000","00","010","1018","0000","1614","1065","549","89","1703","3342","0","50.96","31.87"
"68","000","00","010","1018","0919","828","544","284","38","866","1711","0","50.61","31.79"
"68","000","00","010","1018","0920","786","521","265","51","837","1631","0","51.32","31.94"
"68","000","00","010","1019","0000","1335","847","488","72","1407","2541","0","55.37","33.33"
"68","000","00","010","1019","0923","595","353","242","28","623","1127","0","55.28","31.32"
"68","000","00","010","1019","0924","740","494","246","44","784","1414","0","55.45","34.94"
"68","000","00","010","1020","0000","1030","684","346","34","1064","1931","0","55.1","35.42"
"68","000","00","010","1020","0922","1030","684","346","34","1064","1931","0","55.1","35.42"
"68","000","00","010","1021","0000","594","358","236","31","625","1110","0","56.31","32.25"
"68","000","00","010","1021","0921","594","358","236","31","625","1110","0","56.31","32.25"
"68","000","00","010","1022","0000","812","533","279","39","851","1609","0","52.89","33.13"
"68","000","00","010","1022","0925","812","533","279","39","851","1609","0","52.89","33.13"
"68","000","00","010","1023","0000","2178","1331","847","116","2294","4199","0","54.63","31.7"
"68","000","00","010","1023","0902","670","404","266","46","716","1243","0","57.6","32.5"
"68","000","00","010","1023","0903","806","514","292","33","839","1590","0","52.77","32.33"
"68","000","00","010","1023","0904","702","413","289","37","739","1366","0","54.1","30.23"
"68","000","00","010","1024","0000","2666","1575","1091","178","2844","5390","0","52.76","29.22"
"68","000","00","010","1024","0913","485","290","195","37","522","1052","0","49.62","27.57"
"68","000","00","010","1024","0914","669","383","286","38","707","1154","0","61.27","33.19"
"68","000","00","010","1024","0915","799","480","319","31","830","1645","0","50.46","29.18"
"68","000","00","010","1024","0916","713","422","291","72","785","1539","0","51.01","27.42"
"68","000","00","010","1025","0000","1361","884","477","63","1424","2811","0","50.66","31.45"
"68","000","00","010","1025","0908","666","423","243","40","706","1351","0","52.26","31.31"
"68","000","00","010","1025","0909","695","461","234","23","718","1460","0","49.18","31.58"
"68","000","00","010","1026","0000","2143","1326","817","68","2211","4327","0","51.1","30.64"
"68","000","00","010","1026","0910","906","573","333","29","935","1841","0","50.79","31.12"
"68","000","00","010","1026","0911","708","420","288","8","716","1475","0","48.54","28.47"
"68","000","00","010","1026","0912","529","333","196","31","560","1011","0","55.39","32.94"
"68","000","00","010","1027","0000","1477","847","630","74","1551","3006","0","51.6","28.18"
"68","000","00","010","1027","0804","664","375","289","40","704","1346","0","52.3","27.86"
"68","000","00","010","1027","0805","813","472","341","34","847","1660","0","51.02","28.43"
"68","000","00","010","1028","0000","3269","1974","1295","126","3395","6483","0","52.37","30.45"
"68","000","00","010","1028","0860","805","494","311","17","822","1501","0","54.76","32.91"
"68","000","00","010","1028","0861","751","451","300","36","787","1405","0","56.01","32.1"
"68","000","00","010","1028","0862","826","500","326","50","876","1656","0","52.9","30.19"
"68","000","00","010","1028","0863","887","529","358","23","910","1921","0","47.37","27.54"
"68","000","00","010","1029","0000","876","543","333","55","931","1788","0","52.07","30.37"
"68","000","00","010","1029","0831","876","543","333","55","931","1788","0","52.07","30.37"
"68","000","00","010","1030","0000","2197","1357","840","105","2302","4320","0","53.29","31.41"
"68","000","00","010","1030","0832","771","468","303","26","797","1510","0","52.78","30.99"
"68","000","00","010","1030","0833","697","444","253","41","738","1403","0","52.6","31.65"
"68","000","00","010","1030","0834","729","445","284","38","767","1407","0","54.51","31.63"
"68","000","00","010","1031","0000","2082","1274","808","94","2176","3761","0","57.86","33.87"
"68","000","00","010","1031","0844","770","462","308","37","807","1463","0","55.16","31.58"
"68","000","00","010","1031","0845","702","439","263","25","727","1213","0","59.93","36.19"
"68","000","00","010","1031","0846","610","373","237","32","642","1085","0","59.17","34.38"
"68","000","00","010","1032","0000","1697","1023","674","54","1751","3217","0","54.43","31.8"
"68","000","00","010","1032","0822","861","523","338","29","890","1685","0","52.82","31.04"
"68","000","00","010","1032","0823","836","500","336","25","861","1532","0","56.2","32.64"
"68","000","00","010","1033","0000","2913","1809","1104","114","3027","6014","0","50.33","30.08"
"68","000","00","010","1033","0809","901","582","319","27","928","1786","0","51.96","32.59"
"68","000","00","010","1033","0810","658","389","269","28","686","1634","0","41.98","23.81"
"68","000","00","010","1033","0811","591","380","211","23","614","1080","0","56.85","35.19"
"68","000","00","010","1033","0812","763","458","305","36","799","1514","0","52.77","30.25"
"68","000","00","010","1034","0000","2156","1355","801","70","2226","4262","0","52.23","31.79"
"68","000","00","010","1034","0847","719","475","244","4","723","1458","0","49.59","32.58"
"68","000","00","010","1034","0848","746","453","293","33","779","1408","0","55.33","32.17"
"68","000","00","010","1034","0849","691","427","264","33","724","1396","0","51.86","30.59"
"68","000","00","010","1035","0000","1548","879","669","78","1626","3094","0","52.55","28.41"
"68","000","00","010","1035","0889","741","433","308","49","790","1577","0","50.1","27.46"
"68","000","00","010","1035","0890","807","446","361","29","836","1517","0","55.11","29.4"
"68","000","00","010","1036","0000","2207","1301","906","96","2303","3806","0","60.51","34.18"
"68","000","00","010","1036","0899","769","438","331","41","810","1377","0","58.82","31.81"
"68","000","00","010","1036","0900","704","437","267","27","731","1198","0","61.02","36.48"
"68","000","00","010","1036","0901","734","426","308","28","762","1231","0","61.9","34.61"
"68","000","00","010","1037","0000","2558","1540","1018","106","2664","5039","0","52.87","30.56"
"68","000","00","010","1037","0880","746","454","292","31","777","1399","0","55.54","32.45"
"68","000","00","010","1037","0881","944","560","384","44","988","1968","0","50.2","28.46"
"68","000","00","010","1037","0882","868","526","342","31","899","1672","0","53.77","31.46"
"68","000","00","010","1038","0000","2002","1239","763","101","2103","4201","0","50.06","29.49"
"68","000","00","010","1038","0905","674","437","237","39","713","1332","0","53.53","32.81"
"68","000","00","010","1038","0906","567","335","232","34","601","1201","0","50.04","27.89"
"68","000","00","010","1038","0907","761","467","294","28","789","1668","0","47.3","28.0"
"68","000","00","010","1039","0000","1522","874","648","50","1572","2790","0","56.34","31.33"
"68","000","00","010","1039","0894","704","421","283","32","736","1316","0","55.93","31.99"
"68","000","00","010","1039","0895","818","453","365","18","836","1474","0","56.72","30.73"
"68","000","00","010","1040","0000","817","521","296","55","872","1561","0","55.86","33.38"
"68","000","00","010","1040","0878","390","248","142","32","422","722","0","58.45","34.35"
"68","000","00","010","1040","0879","427","273","154","23","450","839","0","53.64","32.54"
"68","000","00","010","1041","0000","2070","1273","797","100","2170","3703","0","58.6","34.38"
"68","000","00","010","1041","0872","586","371","215","27","613","1094","0","56.03","33.91"
"68","000","00","010","1041","0873","777","476","301","47","824","1394","0","59.11","34.15"
"68","000","00","010","1041","0874","707","426","281","26","733","1215","0","60.33","35.06"
"68","000","00","010","1042","0000","2766","1713","1053","84","2850","4896","0","58.21","34.99"
"68","000","00","010","1042","0854","972","600","372","32","1004","1752","0","57.31","34.25"
"68","000","00","010","1042","0855","837","535","302","30","867","1434","0","60.46","37.31"
"68","000","00","010","1042","0856","957","578","379","22","979","1710","0","57.25","33.8"
"68","000","00","010","1043","0000","2772","1721","1051","88","2860","5358","0","53.38","32.12"
"68","000","00","010","1043","0837","864","518","346","38","902","1730","0","52.14","29.94"
"68","000","00","010","1043","0838","975","598","377","34","1009","1905","0","52.97","31.39"
"68","000","00","010","1043","0839","933","605","328","16","949","1723","0","55.08","35.11"
"68","000","00","010","1044","0000","1881","1121","760","74","1955","3596","0","54.37","31.17"
"68","000","00","010","1044","0887","977","589","388","36","1013","1844","0","54.93","31.94"
"68","000","00","010","1044","0888","904","532","372","38","942","1752","0","53.77","30.37"
"68","000","00","010","1045","0000","2220","1312","908","133","2353","4767","0","49.36","27.52"
"68","000","00","010","1045","0813","836","508","328","48","884","1918","0","46.09","26.49"
"68","000","00","010","1045","0814","607","347","260","58","665","1182","0","56.26","29.36"
"68","000","00","010","1045","0815","777","457","320","27","804","1667","0","48.23","27.41"
"68","000","00","010","1046","0000","3131","1981","1150","106","3237","6496","0","49.83","30.5"
"68","000","00","010","1046","0816","634","448","186","31","665","1640","0","40.55","27.32"
"68","000","00","010","1046","0817","798","477","321","34","832","1603","0","51.9","29.76"
"68","000","00","010","1046","0818","864","529","335","11","875","1556","0","56.23","34.0"
"68","000","00","010","1046","0819","835","527","308","30","865","1697","0","50.97","31.05"
"68","000","00","011","0000","0000","21893","12741","9152","1322","23215","41461","49159","55.99","30.73"
"68","000","00","011","1101","0000","1571","941","630","70","1641","2862","0","57.34","32.88"
"68","000","00","011","1101","1072","761","465","296","21","782","1306","0","59.88","35.6"
"68","000","00","011","1101","1073","810","476","334","49","859","1556","0","55.21","30.59"
"68","000","00","011","1102","0000","2214","1341","873","115","2329","3945","0","59.04","33.99"
"68","000","00","011","1102","1074","1073","646","427","49","1122","1849","0","60.68","34.94"
"68","000","00","011","1102","1075","1141","695","446","66","1207","2096","0","57.59","33.16"
"68","000","00","011","1103","0000","749","415","334","48","797","1517","0","52.54","27.36"
"68","000","00","011","1103","1076","749","415","334","48","797","1517","0","52.54","27.36"
"68","000","00","011","1104","0000","1968","1124","844","114","2082","3951","0","52.7","28.45"
"68","000","00","011","1104","1077","1125","633","492","60","1185","2095","0","56.56","30.21"
"68","000","00","011","1104","1078","843","491","352","54","897","1856","0","48.33","26.45"
"68","000","00","011","1105","0000","2230","1319","911","98","2328","4024","0","57.85","32.78"
"68","000","00","011","1105","1086","1096","656","440","37","1133","1992","0","56.88","32.93"
"68","000","00","011","1105","1087","1134","663","471","61","1195","2032","0","58.81","32.63"
"68","000","00","011","1106","0000","1392","782","610","72","1464","2542","0","57.59","30.76"
"68","000","00","011","1106","1082","736","413","323","46","782","1271","0","61.53","32.49"
"68","000","00","011","1106","1083","656","369","287","26","682","1271","0","53.66","29.03"
"68","000","00","011","1107","0000","1223","661","562","87","1310","2319","0","56.49","28.5"
"68","000","00","011","1107","1084","658","368","290","45","703","1234","0","56.97","29.82"
"68","000","00","011","1107","1085","565","293","272","42","607","1085","0","55.94","27.0"
"68","000","00","011","1108","0000","655","370","285","45","700","1385","0","50.54","26.71"
"68","000","00","011","1108","1081","655","370","285","45","700","1385","0","50.54","26.71"
"68","000","00","011","1109","0000","657","383","274","50","707","1425","0","49.61","26.88"
"68","000","00","011","1109","1080","657","383","274","50","707","1425","0","49.61","26.88"
"68","000","00","011","1110","0000","1038","612","426","59","1097","1986","0","55.24","30.82"
"68","000","00","011","1110","1079","1038","612","426","59","1097","1986","0","55.24","30.82"
"68","000","00","011","1111","0000","415","248","167","19","434","741","0","58.57","33.47"
"68","000","00","011","1111","1098","415","248","167","19","434","741","0","58.57","33.47"
"68","000","00","011","1112","0000","851","523","328","53","904","1714","0","52.74","30.51"
"68","000","00","011","1112","1100","851","523","328","53","904","1714","0","52.74","30.51"
"68","000","00","011","1113","0000","525","297","228","57","582","943","0","61.72","31.5"
"68","000","00","011","1113","1099","525","297","228","57","582","943","0","61.72","31.5"
"68","000","00","011","1114","0000","701","418","283","26","727","1340","0","54.25","31.19"
"68","000","00","011","1114","1101","701","418","283","26","727","1340","0","54.25","31.19"
"68","000","00","011","1115","0000","464","238","226","35","499","995","0","50.15","23.92"
"68","000","00","011","1115","1097","464","238","226","35","499","995","0","50.15","23.92"
"68","000","00","011","1116","0000","1253","718","535","91","1344","2265","0","59.34","31.7"
"68","000","00","011","1116","1095","508","298","210","18","526","896","0","58.71","33.26"
"68","000","00","011","1116","1096","745","420","325","73","818","1369","0","59.75","30.68"
"68","000","00","011","1117","0000","619","383","236","59","678","1050","0","64.57","36.48"
"68","000","00","011","1117","1094","619","383","236","59","678","1050","0","64.57","36.48"
"68","000","00","011","1118","0000","376","231","145","32","408","663","0","61.54","34.84"
"68","000","00","011","1118","1092","376","231","145","32","408","663","0","61.54","34.84"
"68","000","00","011","1119","0000","506","299","207","12","518","908","0","57.05","32.93"
"68","000","00","011","1119","1091","506","299","207","12","518","908","0","57.05","32.93"
"68","000","00","011","1120","0000","544","294","250","39","583","1088","0","53.58","27.02"
"68","000","00","011","1120","1093","544","294","250","39","583","1088","0","53.58","27.02"
"68","000","00","011","1121","0000","609","369","240","38","647","1106","0","58.5","33.36"
"68","000","00","011","1121","1090","609","369","240","38","647","1106","0","58.5","33.36"
"68","000","00","011","1122","0000","640","366","274","66","706","1291","0","54.69","28.35"
"68","000","00","011","1122","1088","640","366","274","66","706","1291","0","54.69","28.35"
"68","000","00","011","1123","0000","693","409","284","37","730","1401","0","52.11","29.19"
"68","000","00","011","1123","1089","693","409","284","37","730","1401","0","52.11","29.19"
"68","000","00","012","0000","0000","26512","15302","11210","1509","28021","55149","67208","50.81","27.75"
"68","000","00","012","1201","0000","1181","701","480","64","1245","2733","0","45.55","25.65"
"68","000","00","012","1201","1102","624","366","258","34","658","1371","0","47.99","26.7"
"68","000","00","012","1201","1103","557","335","222","30","587","1362","0","43.1","24.6"
"68","000","00","012","1202","0000","476","250","226","57","533","997","0","53.46","25.08"
"68","000","00","012","1202","1104","476","250","226","57","533","997","0","53.46","25.08"
"68","000","00","012","1203","0000","657","382","275","28","685","1407","0","48.69","27.15"
"68","000","00","012","1203","1105","657","382","275","28","685","1407","0","48.69","27.15"
"68","000","00","012","1204","0000","866","448","418","39","905","1692","0","53.49","26.48"
"68","000","00","012","1204","1106","866","448","418","39","905","1692","0","53.49","26.48"
"68","000","00","012","1205","0000","482","303","179","24","506","892","0","56.73","33.97"
"68","000","00","012","1205","1109","482","303","179","24","506","892","0","56.73","33.97"
"68","000","00","012","1206","0000","1049","652","397","46","1095","2070","0","52.9","31.5"
"68","000","00","012","1206","1107","645","411","234","29","674","1279","0","52.7","32.13"
"68","000","00","012","1206","1108","404","241","163","17","421","791","0","53.22","30.47"
"68","000","00","012","1207","0000","509","296","213","22","531","886","0","59.93","33.41"
"68","000","00","012","1207","1110","509","296","213","22","531","886","0","59.93","33.41"
"68","000","00","012","1208","0000","370","221","149","26","396","712","0","55.62","31.04"
"68","000","00","012","1208","1111","370","221","149","26","396","712","0","55.62","31.04"
"68","000","00","012","1209","0000","718","423","295","95","813","1609","0","50.53","26.29"
"68","000","00","012","1209","1112","718","423","295","95","813","1609","0","50.53","26.29"
"68","000","00","012","1210","0000","1254","714","540","57","1311","2625","0","49.94","27.2"
"68","000","00","012","1210","1113","670","385","285","36","706","1274","0","55.42","30.22"
"68","000","00","012","1210","1114","584","329","255","21","605","1351","0","44.78","24.35"
"68","000","00","012","1211","0000","1334","774","560","100","1434","2504","0","57.27","30.91"
"68","000","00","012","1211","1115","673","409","264","54","727","1262","0","57.61","32.41"
"68","000","00","012","1211","1116","661","365","296","46","707","1242","0","56.92","29.39"
"68","000","00","012","1212","0000","1547","891","656","78","1625","3074","0","52.86","28.99"
"68","000","00","012","1212","1117","738","433","305","40","778","1461","0","53.25","29.64"
"68","000","00","012","1212","1118","809","458","351","38","847","1613","0","52.51","28.39"
"68","000","00","012","1213","0000","778","408","370","41","819","1479","0","55.38","27.59"
"68","000","00","012","1213","1119","778","408","370","41","819","1479","0","55.38","27.59"
"68","000","00","012","1214","0000","2245","1295","950","124","2369","4760","0","49.77","27.21"
"68","000","00","012","1214","1120","697","382","315","49","746","1552","0","48.07","24.61"
"68","000","00","012","1214","1121","764","445","319","23","787","1517","0","51.88","29.33"
"68","000","00","012","1214","1122","784","468","316","52","836","1691","0","49.44","27.68"
"68","000","00","012","1215","0000","1927","1220","707","80","2007","3762","0","53.35","32.43"
"68","000","00","012","1215","1123","631","460","171","12","643","1157","0","55.57","39.76"
"68","000","00","012","1215","1124","712","419","293","39","751","1455","0","51.62","28.8"
"68","000","00","012","1215","1125","584","341","243","29","613","1150","0","53.3","29.65"
"68","000","00","012","1216","0000","1172","653","519","69","1241","2363","0","52.52","27.63"
"68","000","00","012","1216","1126","584","317","267","42","626","1112","0","56.29","28.51"
"68","000","00","012","1216","1127","588","336","252","27","615","1251","0","49.16","26.86"
"68","000","00","012","1217","0000","1433","817","616","139","1572","2939","0","53.49","27.8"
"68","000","00","012","1217","1128","721","408","313","62","783","1446","0","54.15","28.22"
"68","000","00","012","1217","1129","712","409","303","77","789","1493","0","52.85","27.39"
"68","000","00","012","1218","0000","1289","790","499","88","1377","2476","0","55.61","31.91"
"68","000","00","012","1218","1130","654","397","257","54","708","1339","0","52.88","29.65"
"68","000","00","012","1218","1131","635","393","242","34","669","1137","0","58.84","34.56"
"68","000","00","012","1219","0000","493","267","226","35","528","1043","0","50.62","25.6"
"68","000","00","012","1219","1132","493","267","226","35","528","1043","0","50.62","25.6"
"68","000","00","012","1220","0000","920","489","431","43","963","1968","0","48.93","24.85"
"68","000","00","012","1220","1133","442","251","191","20","462","993","0","46.53","25.28"
"68","000","00","012","1220","1134","478","238","240","23","501","975","0","51.38","24.41"
"68","000","00","012","1221","0000","863","457","406","43","906","2029","0","44.65","22.52"
"68","000","00","012","1221","1135","863","457","406","43","906","2029","0","44.65","22.52"
"68","000","00","012","1222","0000","1433","778","655","76","1509","3802","0","39.69","20.46"
"68","000","00","012","1222","1139","767","424","343","45","812","1870","0","43.42","22.67"
"68","000","00","012","1222","1140","666","354","312","31","697","1932","0","36.08","18.32"
"68","000","00","012","1223","0000","838","485","353","16","854","1884","0","45.33","25.74"
"68","000","00","012","1223","1141","415","235","180","8","423","899","0","47.05","26.14"
"68","000","00","012","1223","1142","423","250","173","8","431","985","0","43.76","25.38"
"68","000","00","012","1224","0000","2678","1588","1090","119","2797","5443","0","51.39","29.18"
"68","000","00","012","1224","1136","926","531","395","37","963","1765","0","54.56","30.08"
"68","000","00","012","1224","1137","882","522","360","44","926","1809","0","51.19","28.86"
"68","000","00","012","1224","1138","870","535","335","38","908","1869","0","48.58","28.62"
"68","000","00","013","0000","0000","5317","3512","1805","285","5602","9766","11997","57.36","35.96"
"68","000","00","013","1301","0000","1059","691","368","70","1129","1991","0","56.71","34.71"
"68","000","00","013","1301","0581","1059","691","368","70","1129","1991","0","56.71","34.71"
"68","000","00","013","1302","0000","739","495","244","61","800","1392","0","57.47","35.56"
"68","000","00","013","1302","0582","739","495","244","61","800","1392","0","57.47","35.56"
"68","000","00","013","1303","0000","410","258","152","19","429","716","0","59.92","36.03"
"68","000","00","013","1303","0584","410","258","152","19","429","716","0","59.92","36.03"
"68","000","00","013","1304","0000","328","210","118","9","337","564","0","59.75","37.23"
"68","000","00","013","1304","0583","328","210","118","9","337","564","0","59.75","37.23"
"68","000","00","013","1305","0000","305","180","125","9","314","669","0","46.94","26.91"
"68","000","00","013","1305","0586","305","180","125","9","314","669","0","46.94","26.91"
"68","000","00","013","1306","0000","381","250","131","15","396","683","0","57.98","36.6"
"68","000","00","013","1306","0589","381","250","131","15","396","683","0","57.98","36.6"
"68","000","00","013","1307","0000","379","251","128","16","395","760","0","51.97","33.03"
"68","000","00","013","1307","0587","379","251","128","16","395","760","0","51.97","33.03"
"68","000","00","013","1308","0000","690","535","155","24","714","1224","0","58.33","43.71"
"68","000","00","013","1308","0590","690","535","155","24","714","1224","0","58.33","43.71"
"68","000","00","013","1309","0000","604","384","220","45","649","1016","0","63.88","37.8"
"68","000","00","013","1309","0585","604","384","220","45","649","1016","0","63.88","37.8"
"68","000","00","013","1310","0000","422","258","164","17","439","751","0","58.46","34.35"
"68","000","00","013","1310","0588","422","258","164","17","439","751","0","58.46","34.35"
"66","000","00","000","0000","0000","1268232","777273","490959","68562","1336794","2295642","2799254","58.23","33.86"
"66","000","00","001","0000","0000","7849","4828","3021","483","8332","14696","18557","56.7","32.85"
"66","000","00","001","0101","0000","808","494","314","56","864","1531","0","56.43","32.27"
"66","000","00","001","0101","1071","808","494","314","56","864","1531","0","56.43","32.27"
"66","000","00","001","0102","0000","1101","656","445","81","1182","2046","0","57.77","32.06"
"66","000","00","001","0102","1075","647","393","254","41","688","1191","0","57.77","33.0"
"66","000","00","001","0102","1076","454","263","191","40","494","855","0","57.78","30.76"
"66","000","00","001","0103","0000","976","600","376","75","1051","1652","0","63.62","36.32"
"66","000","00","001","0103","1070","976","600","376","75","1051","1652","0","63.62","36.32"
"66","000","00","001","0104","0000","795","515","280","25","820","1431","0","57.3","35.99"
"66","000","00","001","0104","1072","795","515","280","25","820","1431","0","57.3","35.99"
"66","000","00","001","0105","0000","1085","649","436","76","1161","2042","0","56.86","31.78"
"66","000","00","001","0105","1073","578","350","228","34","612","1060","0","57.74","33.02"
"66","000","00","001","0105","1074","507","299","208","42","549","982","0","55.91","30.45"
"66","000","00","001","0106","0000","934","592","342","46","980","1840","0","53.26","32.17"
"66","000","00","001","0106","1077","523","336","187","25","548","1135","0","48.28","29.6"
"66","000","00","001","0106","1078","411","256","155","21","432","705","0","61.28","36.31"
"66","000","00","001","0107","0000","1250","768","482","92","1342","2313","0","58.02","33.2"
"66","000","00","001","0107","1079","574","365","209","40","614","1009","0","60.85","36.17"
"66","000","00","001","0107","1080","676","403","273","52","728","1304","0","55.83","30.9"
"66","000","00","001","0108","0000","900","554","346","32","932","1841","0","50.62","30.09"
"66","000","00","001","0108","1081","900","554","346","32","932","1841","0","50.62","30.09"
"66","000","00","002","0000","0000","36162","22105","14057","1954","38116","64291","76070","59.29","34.38"
"66","000","00","002","0201","0000","1492","910","582","69","1561","2999","0","52.05","30.34"
"66","000","00","002","0201","1148","432","268","164","18","450","1138","0","39.54","23.55"
"66","000","00","002","0201","1149","562","347","215","23","585","984","0","59.45","35.26"
"66","000","00","002","0201","1150","498","295","203","28","526","877","0","59.98","33.64"
"66","000","00","002","0202","0000","1834","1087","747","125","1959","3129","0","62.61","34.74"
"66","000","00","002","0202","1151","645","395","250","41","686","1070","0","64.11","36.92"
"66","000","00","002","0202","1152","649","362","287","40","689","1106","0","62.3","32.73"
"66","000","00","002","0202","1153","540","330","210","44","584","953","0","61.28","34.63"
"66","000","00","002","0203","0000","2086","1314","772","99","2185","3636","0","60.09","36.14"
"66","000","00","002","0203","1154","713","456","257","31","744","1195","0","62.26","38.16"
"66","000","00","002","0203","1155","696","469","227","28","724","1251","0","57.87","37.49"
"66","000","00","002","0203","1156","677","389","288","40","717","1190","0","60.25","32.69"
"66","000","00","002","0204","0000","1598","950","648","96","1694","2837","0","59.71","33.49"
"66","000","00","002","0204","1157","747","429","318","47","794","1394","0","56.96","30.77"
"66","000","00","002","0204","1158","851","521","330","49","900","1443","0","62.37","36.11"
"66","000","00","002","0205","0000","1157","704","453","82","1239","1966","0","63.02","35.81"
"66","000","00","002","0205","1161","702","416","286","54","756","1211","0","62.43","34.35"
"66","000","00","002","0205","1162","455","288","167","28","483","755","0","63.97","38.15"
"66","000","00","002","0206","0000","1151","724","427","66","1217","1902","0","63.99","38.07"
"66","000","00","002","0206","1159","437","273","164","34","471","762","0","61.81","35.83"
"66","000","00","002","0206","1160","714","451","263","32","746","1140","0","65.44","39.56"
"66","000","00","002","0207","0000","1358","844","514","70","1428","2491","0","57.33","33.88"
"66","000","00","002","0207","1163","804","497","307","47","851","1491","0","57.08","33.33"
"66","000","00","002","0207","1164","554","347","207","23","577","1000","0","57.7","34.7"
"66","000","00","002","0208","0000","1256","754","502","78","1334","2215","0","60.23","34.04"
"66","000","00","002","0208","1165","644","377","267","47","691","1114","0","62.03","33.84"
"66","000","00","002","0208","1166","612","377","235","31","643","1101","0","58.4","34.24"
"66","000","00","002","0209","0000","3787","2334","1453","197","3984","6563","0","60.7","35.56"
"66","000","00","002","0209","1167","705","448","257","52","757","1169","0","64.76","38.32"
"66","000","00","002","0209","1168","745","499","246","44","789","1283","0","61.5","38.89"
"66","000","00","002","0209","1169","679","392","287","44","723","1168","0","61.9","33.56"
"66","000","00","002","0209","1170","761","471","290","32","793","1386","0","57.22","33.98"
"66","000","00","002","0209","1171","897","524","373","25","922","1557","0","59.22","33.65"
"66","000","00","002","0210","0000","2675","1637","1038","138","2813","4658","0","60.39","35.14"
"66","000","00","002","0210","1172","765","462","303","50","815","1380","0","59.06","33.48"
"66","000","00","002","0210","1173","966","611","355","43","1009","1674","0","60.27","36.5"
"66","000","00","002","0210","1174","944","564","380","45","989","1604","0","61.66","35.16"
"66","000","00","002","0211","0000","2219","1332","887","95","2314","3743","0","61.82","35.59"
"66","000","00","002","0211","1179","734","450","284","30","764","1252","0","61.02","35.94"
"66","000","00","002","0211","1180","760","439","321","38","798","1250","0","63.84","35.12"
"66","000","00","002","0211","1181","725","443","282","27","752","1241","0","60.6","35.7"
"66","000","00","002","0212","0000","1360","809","551","92","1452","2606","0","55.72","31.04"
"66","000","00","002","0212","1182","661","369","292","50","711","1318","0","53.95","28.0"
"66","000","00","002","0212","1183","699","440","259","42","741","1288","0","57.53","34.16"
"66","000","00","002","0213","0000","2334","1464","870","158","2492","4096","0","60.84","35.74"
"66","000","00","002","0213","1184","856","527","329","55","911","1442","0","63.18","36.55"
"66","000","00","002","0213","1185","675","409","266","49","724","1202","0","60.23","34.03"
"66","000","00","002","0213","1186","803","528","275","54","857","1452","0","59.02","36.36"
"66","000","00","002","0214","0000","863","594","269","44","907","1693","0","53.57","35.09"
"66","000","00","002","0214","1190","863","594","269","44","907","1693","0","53.57","35.09"
"66","000","00","002","0215","0000","2186","1358","828","123","2309","4083","0","56.55","33.26"
"66","000","00","002","0215","1187","783","483","300","44","827","1480","0","55.88","32.64"
"66","000","00","002","0215","1188","947","602","345","45","992","1736","0","57.14","34.68"
"66","000","00","002","0215","1189","456","273","183","34","490","867","0","56.52","31.49"
"66","000","00","002","0216","0000","4993","2998","1995","248","5241","8717","0","60.12","34.39"
"66","000","00","002","0216","1191","903","565","338","47","950","1538","0","61.77","36.74"
"66","000","00","002","0216","1192","937","531","406","62","999","1593","0","62.71","33.33"
"66","000","00","002","0216","1193","783","482","301","28","811","1481","0","54.76","32.55"
"66","000","00","002","0216","1194","846","505","341","38","884","1414","0","62.52","35.71"
"66","000","00","002","0216","1195","727","427","300","35","762","1297","0","58.75","32.92"
"66","000","00","002","0216","1196","797","488","309","38","835","1394","0","59.9","35.01"
"66","000","00","002","0217","0000","3813","2292","1521","174","3987","6957","0","57.31","32.95"
"66","000","00","002","0217","1175","1050","631","419","49","1099","1815","0","60.55","34.77"
"66","000","00","002","0217","1176","934","580","354","37","971","1700","0","57.12","34.12"
"66","000","00","002","0217","1177","881","495","386","35","916","1592","0","57.54","31.09"
"66","000","00","002","0217","1178","948","586","362","53","1001","1850","0","54.11","31.68"
"66","000","00","003","0000","0000","60738","37710","23028","3118","63856","103643","125726","61.61","36.38"
"66","000","00","003","0301","0000","2099","1268","831","139","2238","3607","0","62.05","35.15"
"66","000","00","003","0301","1201","662","400","262","59","721","1130","0","63.81","35.4"
"66","000","00","003","0301","1202","745","451","294","39","784","1239","0","63.28","36.4"
"66","000","00","003","0301","1203","692","417","275","41","733","1238","0","59.21","33.68"
"66","000","00","003","0302","0000","2245","1371","874","142","2387","3862","0","61.81","35.5"
"66","000","00","003","0302","1204","755","454","301","43","798","1272","0","62.74","35.69"
"66","000","00","003","0302","1205","746","443","303","36","782","1273","0","61.43","34.8"
"66","000","00","003","0302","1206","744","474","270","63","807","1317","0","61.28","35.99"
"66","000","00","003","0303","0000","2156","1366","790","131","2287","3476","0","65.79","39.3"
"66","000","00","003","0303","1207","755","497","258","44","799","1160","0","68.88","42.84"
"66","000","00","003","0303","1208","746","443","303","50","796","1205","0","66.06","36.76"
"66","000","00","003","0303","1209","655","426","229","37","692","1111","0","62.29","38.34"
"66","000","00","003","0304","0000","1712","1071","641","80","1792","2826","0","63.41","37.9"
"66","000","00","003","0304","1210","892","530","362","46","938","1407","0","66.67","37.67"
"66","000","00","003","0304","1211","820","541","279","34","854","1419","0","60.18","38.13"
"66","000","00","003","0305","0000","1512","922","590","67","1579","2572","0","61.39","35.85"
"66","000","00","003","0305","1212","703","455","248","35","738","1157","0","63.79","39.33"
"66","000","00","003","0305","1213","809","467","342","32","841","1415","0","59.43","33.0"
"66","000","00","003","0306","0000","1641","1063","578","86","1727","2743","0","62.96","38.75"
"66","000","00","003","0306","1214","811","519","292","37","848","1289","0","65.79","40.26"
"66","000","00","003","0306","1215","830","544","286","49","879","1454","0","60.45","37.41"
"66","000","00","003","0307","0000","2458","1519","939","117","2575","4315","0","59.68","35.2"
"66","000","00","003","0307","1216","830","525","305","46","876","1491","0","58.75","35.21"
"66","000","00","003","0307","1217","807","491","316","29","836","1394","0","59.97","35.22"
"66","000","00","003","0307","1218","821","503","318","42","863","1430","0","60.35","35.17"
"66","000","00","003","0308","0000","2314","1421","893","196","2510","3836","0","65.43","37.04"
"66","000","00","003","0308","1219","761","475","286","91","852","1342","0","63.49","35.39"
"66","000","00","003","0308","1220","813","496","317","71","884","1304","0","67.79","38.04"
"66","000","00","003","0308","1221","740","450","290","34","774","1190","0","65.04","37.82"
"66","000","00","003","0309","0000","3008","1967","1041","205","3213","5320","0","60.39","36.97"
"66","000","00","003","0309","1222","604","464","140","57","661","1273","0","51.92","36.45"
"66","000","00","003","0309","1223","859","537","322","46","905","1387","0","65.25","38.72"
"66","000","00","003","0309","1224","764","468","296","55","819","1356","0","60.4","34.51"
"66","000","00","003","0309","1225","781","498","283","47","828","1304","0","63.5","38.19"
"66","000","00","003","0310","0000","2171","1360","811","115","2286","3842","0","59.5","35.4"
"66","000","00","003","0310","1230","753","476","277","47","800","1308","0","61.16","36.39"
"66","000","00","003","0310","1231","715","435","280","31","746","1250","0","59.68","34.8"
"66","000","00","003","0310","1232","703","449","254","37","740","1284","0","57.63","34.97"
"66","000","00","003","0311","0000","4598","2754","1844","201","4799","7672","0","62.55","35.9"
"66","000","00","003","0311","1240","1013","601","412","36","1049","1643","0","63.85","36.58"
"66","000","00","003","0311","1241","857","502","355","33","890","1423","0","62.54","35.28"
"66","000","00","003","0311","1242","881","522","359","50","931","1542","0","60.38","33.85"
"66","000","00","003","0311","1243","908","534","374","29","937","1533","0","61.12","34.83"
"66","000","00","003","0311","1244","939","595","344","53","992","1531","0","64.79","38.86"
"66","000","00","003","0312","0000","6128","3745","2383","304","6432","10764","0","59.75","34.79"
"66","000","00","003","0312","1248","946","559","387","38","984","1799","0","54.7","31.07"
"66","000","00","003","0312","1249","1041","653","388","49","1090","1708","0","63.82","38.23"
"66","000","00","003","0312","1250","933","571","362","61","994","1700","0","58.47","33.59"
"66","000","00","003","0312","1251","1056","662","394","33","1089","1751","0","62.19","37.81"
"66","000","00","003","0312","1252","1195","712","483","73","1268","2109","0","60.12","33.76"
"66","000","00","003","0312","1253","957","588","369","50","1007","1697","0","59.34","34.65"
"66","000","00","003","0313","0000","4922","3217","1705","222","5144","7918","0","64.97","40.63"
"66","000","00","003","0313","1258","747","466","281","52","799","1274","0","62.72","36.58"
"66","000","00","003","0313","1259","884","574","310","37","921","1390","0","66.26","41.29"
"66","000","00","003","0313","1260","818","502","316","28","846","1295","0","65.33","38.76"
"66","000","00","003","0313","1261","781","621","160","33","814","1312","0","62.04","47.33"
"66","000","00","003","0313","1262","871","561","310","36","907","1417","0","64.01","39.59"
"66","000","00","003","0313","1263","821","493","328","36","857","1230","0","69.67","40.08"
"66","000","00","003","0314","0000","2411","1475","936","128","2539","4174","0","60.83","35.34"
"66","000","00","003","0314","1264","751","473","278","43","794","1308","0","60.7","36.16"
"66","000","00","003","0314","1265","837","502","335","49","886","1467","0","60.4","34.22"
"66","000","00","003","0314","1266","823","500","323","36","859","1399","0","61.4","35.74"
"66","000","00","003","0315","0000","1163","711","452","69","1232","1938","0","63.57","36.69"
"66","000","00","003","0315","1197","548","348","200","29","577","937","0","61.58","37.14"
"66","000","00","003","0315","1198","615","363","252","40","655","1001","0","65.43","36.26"
"66","000","00","003","0316","0000","1559","969","590","89","1648","2451","0","67.24","39.53"
"66","000","00","003","0316","1199","780","501","279","46","826","1249","0","66.13","40.11"
"66","000","00","003","0316","1200","779","468","311","43","822","1202","0","68.39","38.94"
"66","000","00","003","0317","0000","3263","1972","1291","142","3405","5388","0","63.2","36.6"
"66","000","00","003","0317","1226","791","485","306","28","819","1256","0","65.21","38.61"
"66","000","00","003","0317","1227","830","482","348","31","861","1364","0","63.12","35.34"
"66","000","00","003","0317","1228","791","466","325","60","851","1361","0","62.53","34.24"
"66","000","00","003","0317","1229","851","539","312","23","874","1407","0","62.12","38.31"
"66","000","00","003","0318","0000","2144","1346","798","107","2251","3501","0","64.3","38.45"
"66","000","00","003","0318","1233","734","436","298","29","763","1175","0","64.94","37.11"
"66","000","00","003","0318","1234","737","477","260","33","770","1158","0","66.49","41.19"
"66","000","00","003","0318","1235","673","433","240","45","718","1168","0","61.47","37.07"
"66","000","00","003","0319","0000","3750","2335","1415","138","3888","7241","0","53.69","32.25"
"66","000","00","003","0319","1236","993","630","363","49","1042","1626","0","64.08","38.75"
"66","000","00","003","0319","1237","855","526","329","29","884","2115","0","41.8","24.87"
"66","000","00","003","0319","1238","984","622","362","29","1013","1805","0","56.12","34.46"
"66","000","00","003","0319","1239","918","557","361","31","949","1695","0","55.99","32.86"
"66","000","00","003","0320","0000","2503","1574","929","111","2614","4415","0","59.21","35.65"
"66","000","00","003","0320","1245","766","502","264","35","801","1392","0","57.54","36.06"
"66","000","00","003","0320","1246","886","534","352","29","915","1592","0","57.47","33.54"
"66","000","00","003","0320","1247","851","538","313","47","898","1431","0","62.75","37.6"
"66","000","00","003","0321","0000","3910","2415","1495","178","4088","6474","0","63.14","37.3"
"66","000","00","003","0321","1254","821","489","332","47","868","1456","0","59.62","33.59"
"66","000","00","003","0321","1255","1106","697","409","57","1163","1726","0","67.38","40.38"
"66","000","00","003","0321","1256","1042","632","410","39","1081","1723","0","62.74","36.68"
"66","000","00","003","0321","1257","941","597","344","35","976","1569","0","62.21","38.05"
"66","000","00","003","0322","0000","3071","1869","1202","151","3222","5308","0","60.7","35.21"
"66","000","00","003","0322","1267","679","448","231","54","733","1207","0","60.73","37.12"
"66","000","00","003","0322","1268","768","436","332","33","801","1317","0","60.82","33.11"
"66","000","00","003","0322","1269","888","516","372","28","916","1563","0","58.61","33.01"
"66","000","00","003","0322","1270","736","469","267","36","772","1221","0","63.23","38.41"
"66","000","00","004","0000","0000","53461","32508","20953","2515","55976","95040","115551","58.9","34.2"
"66","000","00","004","0401","0000","1082","665","417","77","1159","1798","0","64.46","36.99"
"66","000","00","004","0401","1085","602","367","235","43","645","1020","0","63.24","35.98"
"66","000","00","004","0401","1086","480","298","182","34","514","778","0","66.07","38.3"
"66","000","00","004","0402","0000","812","537","275","46","858","1416","0","60.59","37.92"
"66","000","00","004","0402","1084","812","537","275","46","858","1416","0","60.59","37.92"
"66","000","00","004","0403","0000","1040","648","392","46","1086","2261","0","48.03","28.66"
"66","000","00","004","0403","1082","489","303","186","26","515","1400","0","36.79","21.64"
"66","000","00","004","0403","1083","551","345","206","20","571","861","0","66.32","40.07"
"66","000","00","004","0404","0000","1413","879","534","86","1499","2295","0","65.32","38.3"
"66","000","00","004","0404","1090","766","474","292","42","808","1251","0","64.59","37.89"
"66","000","00","004","0404","1091","647","405","242","44","691","1044","0","66.19","38.79"
"66","000","00","004","0405","0000","804","509","295","45","849","1465","0","57.95","34.74"
"66","000","00","004","0405","1087","804","509","295","45","849","1465","0","57.95","34.74"
"66","000","00","004","0406","0000","1110","681","429","40","1150","1885","0","61.01","36.13"
"66","000","00","004","0406","1088","600","386","214","19","619","1017","0","60.87","37.95"
"66","000","00","004","0406","1089","510","295","215","21","531","868","0","61.18","33.99"
"66","000","00","004","0407","0000","2749","1680","1069","114","2863","4791","0","59.76","35.07"
"66","000","00","004","0407","1092","826","491","335","42","868","1487","0","58.37","33.02"
"66","000","00","004","0407","1093","900","529","371","36","936","1573","0","59.5","33.63"
"66","000","00","004","0407","1094","1023","660","363","36","1059","1731","0","61.18","38.13"
"66","000","00","004","0408","0000","2268","1391","877","107","2375","3948","0","60.16","35.23"
"66","000","00","004","0408","1095","714","444","270","27","741","1209","0","61.29","36.72"
"66","000","00","004","0408","1096","858","530","328","51","909","1564","0","58.12","33.89"
"66","000","00","004","0408","1097","696","417","279","29","725","1175","0","61.7","35.49"
"66","000","00","004","0409","0000","3136","1941","1195","125","3261","5680","0","57.41","34.17"
"66","000","00","004","0409","1098","845","525","320","32","877","1505","0","58.27","34.88"
"66","000","00","004","0409","1099","834","498","336","37","871","1418","0","61.42","35.12"
"66","000","00","004","0409","1100","713","461","252","18","731","1497","0","48.83","30.79"
"66","000","00","004","0409","1101","744","457","287","38","782","1260","0","62.06","36.27"
"66","000","00","004","0410","0000","1252","776","476","88","1340","2330","0","57.51","33.3"
"66","000","00","004","0410","1116","611","411","200","49","660","1129","0","58.46","36.4"
"66","000","00","004","0410","1117","641","365","276","39","680","1201","0","56.62","30.39"
"66","000","00","004","0411","0000","1689","1050","639","90","1779","3196","0","55.66","32.85"
"66","000","00","004","0411","1114","911","558","353","56","967","1822","0","53.07","30.63"
"66","000","00","004","0411","1115","778","492","286","34","812","1374","0","59.1","35.81"
"66","000","00","004","0412","0000","1908","1129","779","106","2014","3502","0","57.51","32.24"
"66","000","00","004","0412","1118","874","537","337","47","921","1639","0","56.19","32.76"
"66","000","00","004","0412","1119","1034","592","442","59","1093","1863","0","58.67","31.78"
"66","000","00","004","0413","0000","1595","940","655","97","1692","2846","0","59.45","33.03"
"66","000","00","004","0413","1102","803","448","355","51","854","1399","0","61.04","32.02"
"66","000","00","004","0413","1103","792","492","300","46","838","1447","0","57.91","34.0"
"66","000","00","004","0414","0000","3674","2223","1451","154","3828","6488","0","59.0","34.26"
"66","000","00","004","0414","1104","943","562","381","43","986","1683","0","58.59","33.39"
"66","000","00","004","0414","1105","929","563","366","34","963","1585","0","60.76","35.52"
"66","000","00","004","0414","1106","949","574","375","21","970","1557","0","62.3","36.87"
"66","000","00","004","0414","1107","853","524","329","56","909","1663","0","54.66","31.51"
"66","000","00","004","0415","0000","3201","1947","1254","161","3362","5656","0","59.44","34.42"
"66","000","00","004","0415","1122","731","447","284","38","769","1308","0","58.79","34.17"
"66","000","00","004","0415","1123","801","492","309","44","845","1433","0","58.97","34.33"
"66","000","00","004","0415","1124","789","495","294","35","824","1450","0","56.83","34.14"
"66","000","00","004","0415","1125","880","513","367","44","924","1465","0","63.07","35.02"
"66","000","00","004","0416","0000","3076","1927","1149","140","3216","5663","0","56.79","34.03"
"66","000","00","004","0416","1140","658","423","235","23","681","1139","0","59.79","37.14"
"66","000","00","004","0416","1141","651","397","254","29","680","1105","0","61.54","35.93"
"66","000","00","004","0416","1142","825","506","319","41","866","1498","0","57.81","33.78"
"66","000","00","004","0416","1143","942","601","341","47","989","1921","0","51.48","31.29"
"66","000","00","004","0417","0000","3548","2091","1457","149","3697","6075","0","60.86","34.42"
"66","000","00","004","0417","1133","922","555","367","40","962","1613","0","59.64","34.41"
"66","000","00","004","0417","1134","824","486","338","33","857","1454","0","58.94","33.43"
"66","000","00","004","0417","1135","948","546","402","32","980","1597","0","61.37","34.19"
"66","000","00","004","0417","1136","854","504","350","44","898","1411","0","63.64","35.72"
"66","000","00","004","0418","0000","3029","1762","1267","116","3145","5581","0","56.35","31.57"
"66","000","00","004","0418","1108","1084","611","473","40","1124","1921","0","58.51","31.81"
"66","000","00","004","0418","1109","1004","577","427","42","1046","1952","0","53.59","29.56"
"66","000","00","004","0418","1110","941","574","367","34","975","1708","0","57.08","33.61"
"66","000","00","004","0419","0000","3322","2016","1306","157","3479","5667","0","61.39","35.57"
"66","000","00","004","0419","1144","746","458","288","41","787","1340","0","58.73","34.18"
"66","000","00","004","0419","1145","930","559","371","41","971","1536","0","63.22","36.39"
"66","000","00","004","0419","1146","768","463","305","46","814","1361","0","59.81","34.02"
"66","000","00","004","0419","1147","878","536","342","29","907","1430","0","63.43","37.48"
"66","000","00","004","0420","0000","1554","926","628","72","1626","2794","0","58.2","33.14"
"66","000","00","004","0420","1128","856","494","362","39","895","1428","0","62.68","34.59"
"66","000","00","004","0420","1129","698","432","266","33","731","1366","0","53.51","31.63"
"66","000","00","004","0421","0000","1941","1179","762","96","2037","3600","0","56.58","32.75"
"66","000","00","004","0421","1126","949","579","370","44","993","1818","0","54.62","31.85"
"66","000","00","004","0421","1127","992","600","392","52","1044","1782","0","58.59","33.67"
"66","000","00","004","0422","0000","2716","1636","1080","143","2859","4803","0","59.53","34.06"
"66","000","00","004","0422","1137","847","498","349","51","898","1493","0","60.15","33.36"
"66","000","00","004","0422","1138","940","590","350","43","983","1600","0","61.44","36.88"
"66","000","00","004","0422","1139","929","548","381","49","978","1710","0","57.19","32.05"
"66","000","00","004","0423","0000","2386","1438","948","91","2477","4187","0","59.16","34.34"
"66","000","00","004","0423","1130","833","495","338","31","864","1498","0","57.68","33.04"
"66","000","00","004","0423","1131","801","495","306","33","834","1350","0","61.78","36.67"
"66","000","00","004","0423","1132","752","448","304","27","779","1339","0","58.18","33.46"
"66","000","00","004","0424","0000","1665","1042","623","84","1749","2791","0","62.67","37.33"
"66","000","00","004","0424","1120","786","506","280","39","825","1287","0","64.1","39.32"
"66","000","00","004","0424","1121","879","536","343","45","924","1504","0","61.44","35.64"
"66","000","00","004","0425","0000","2491","1495","996","85","2576","4322","0","59.6","34.59"
"66","000","00","004","0425","1111","691","423","268","30","721","1131","0","63.75","37.4"
"66","000","00","004","0425","1112","1024","609","415","40","1064","1916","0","55.53","31.78"
"66","000","00","004","0425","1113","776","463","313","15","791","1275","0","62.04","36.31"
"66","000","00","005","0000","0000","67748","41580","26168","3069","70817","124621","147528","56.83","33.37"
"66","000","00","005","0501","0000","1074","639","435","65","1139","2047","0","55.64","31.22"
"66","000","00","005","0501","0985","527","302","225","30","557","1051","0","53.0","28.73"
"66","000","00","005","0501","0986","547","337","210","35","582","996","0","58.43","33.84"
"66","000","00","005","0502","0000","1903","1184","719","110","2013","3365","0","59.82","35.19"
"66","000","00","005","0502","0987","839","537","302","34","873","1504","0","58.05","35.7"
"66","000","00","005","0502","0988","561","338","223","48","609","975","0","62.46","34.67"
"66","000","00","005","0502","0989","503","309","194","28","531","886","0","59.93","34.88"
"66","000","00","005","0503","0000","732","446","286","45","777","1404","0","55.34","31.77"
"66","000","00","005","0503","0992","732","446","286","45","777","1404","0","55.34","31.77"
"66","000","00","005","0504","0000","849","535","314","36","885","1532","0","57.77","34.92"
"66","000","00","005","0504","0997","398","246","152","14","412","773","0","53.3","31.82"
"66","000","00","005","0504","0998","451","289","162","22","473","759","0","62.32","38.08"
"66","000","00","005","0505","0000","955","578","377","44","999","1683","0","59.36","34.34"
"66","000","00","005","0505","0995","427","261","166","22","449","704","0","63.78","37.07"
"66","000","00","005","0505","0996","528","317","211","22","550","979","0","56.18","32.38"
"66","000","00","005","0506","0000","1410","866","544","82","1492","2650","0","56.3","32.68"
"66","000","00","005","0506","0999","798","532","266","49","847","1438","0","58.9","37.0"
"66","000","00","005","0506","1000","612","334","278","33","645","1212","0","53.22","27.56"
"66","000","00","005","0507","0000","1852","1199","653","76","1928","3176","0","60.71","37.75"
"66","000","00","005","0507","1001","961","603","358","47","1008","1731","0","58.23","34.84"
"66","000","00","005","0507","1002","891","596","295","29","920","1445","0","63.67","41.25"
"66","000","00","005","0508","0000","2767","1673","1094","141","2908","5461","0","53.25","30.64"
"66","000","00","005","0508","1003","1003","603","400","54","1057","1855","0","56.98","32.51"
"66","000","00","005","0508","1004","831","509","322","50","881","1728","0","50.98","29.46"
"66","000","00","005","0508","1005","933","561","372","37","970","1878","0","51.65","29.87"
"66","000","00","005","0509","0000","1728","1189","539","68","1796","3340","0","53.77","35.6"
"66","000","00","005","0509","1008","862","525","337","35","897","1761","0","50.94","29.81"
"66","000","00","005","0509","1009","866","664","202","33","899","1579","0","56.93","42.05"
"66","000","00","005","0510","0000","1419","886","533","58","1477","2482","0","59.51","35.7"
"66","000","00","005","0510","1012","822","510","312","35","857","1476","0","58.06","34.55"
"66","000","00","005","0510","1013","597","376","221","23","620","1006","0","61.63","37.38"
"66","000","00","005","0511","0000","2308","1401","907","103","2411","4309","0","55.95","32.51"
"66","000","00","005","0511","1014","779","490","289","37","816","1403","0","58.16","34.93"
"66","000","00","005","0511","1015","748","461","287","24","772","1446","0","53.39","31.88"
"66","000","00","005","0511","1016","781","450","331","42","823","1460","0","56.37","30.82"
"66","000","00","005","0512","0000","1350","836","514","46","1396","2260","0","61.77","36.99"
"66","000","00","005","0512","1017","693","442","251","25","718","1233","0","58.23","35.85"
"66","000","00","005","0512","1018","657","394","263","21","678","1027","0","66.02","38.36"
"66","000","00","005","0513","0000","3232","1949","1283","123","3355","5590","0","60.02","34.87"
"66","000","00","005","0513","1019","684","396","288","23","707","1207","0","58.57","32.81"
"66","000","00","005","0513","1020","701","427","274","27","728","1167","0","62.38","36.59"
"66","000","00","005","0513","1021","649","387","262","19","668","1150","0","58.09","33.65"
"66","000","00","005","0513","1022","602","363","239","27","629","1061","0","59.28","34.21"
"66","000","00","005","0513","1023","596","376","220","27","623","1005","0","61.99","37.41"
"66","000","00","005","0514","0000","2303","1379","924","126","2429","4077","0","59.58","33.82"
"66","000","00","005","0514","1024","694","418","276","27","721","1250","0","57.68","33.44"
"66","000","00","005","0514","1025","836","490","346","43","879","1448","0","60.7","33.84"
"66","000","00","005","0514","1026","773","471","302","56","829","1379","0","60.12","34.16"
"66","000","00","005","0515","0000","2298","1507","791","74","2372","5070","0","46.79","29.72"
"66","000","00","005","0515","1029","575","373","202","18","593","2078","0","28.54","17.95"
"66","000","00","005","0515","1030","919","615","304","33","952","1562","0","60.95","39.37"
"66","000","00","005","0515","1031","804","519","285","23","827","1430","0","57.83","36.29"
"66","000","00","005","0516","0000","2438","1469","969","84","2522","4440","0","56.8","33.09"
"66","000","00","005","0516","1045","747","459","288","30","777","1461","0","53.18","31.42"
"66","000","00","005","0516","1046","761","478","283","30","791","1310","0","60.38","36.49"
"66","000","00","005","0516","1047","930","532","398","24","954","1669","0","57.16","31.88"
"66","000","00","005","0517","0000","1988","1188","800","73","2061","3614","0","57.03","32.87"
"66","000","00","005","0517","1048","1085","676","409","45","1130","1932","0","58.49","34.99"
"66","000","00","005","0517","1049","903","512","391","28","931","1682","0","55.35","30.44"
"66","000","00","005","0518","0000","2657","1637","1020","118","2775","4932","0","56.27","33.19"
"66","000","00","005","0518","1050","997","600","397","38","1035","1891","0","54.73","31.73"
"66","000","00","005","0518","1051","1012","638","374","56","1068","1882","0","56.75","33.9"
"66","000","00","005","0518","1052","648","399","249","24","672","1159","0","57.98","34.43"
"66","000","00","005","0519","0000","1459","889","570","80","1539","2613","0","58.9","34.02"
"66","000","00","005","0519","1068","772","460","312","34","806","1346","0","59.88","34.18"
"66","000","00","005","0519","1069","687","429","258","46","733","1267","0","57.85","33.86"
"66","000","00","005","0520","0000","2027","1272","755","94","2121","3752","0","56.53","33.9"
"66","000","00","005","0520","1010","1120","708","412","63","1183","2192","0","53.97","32.3"
"66","000","00","005","0520","1011","907","564","343","31","938","1560","0","60.13","36.15"
"66","000","00","005","0521","0000","3518","2070","1448","178","3696","6457","0","57.24","32.06"
"66","000","00","005","0521","1053","857","540","317","48","905","1553","0","58.27","34.77"
"66","000","00","005","0521","1054","865","496","369","39","904","1607","0","56.25","30.86"
"66","000","00","005","0521","1055","961","550","411","38","999","1773","0","56.35","31.02"
"66","000","00","005","0521","1056","835","484","351","53","888","1524","0","58.27","31.76"
"66","000","00","005","0522","0000","3006","1867","1139","152","3158","5282","0","59.79","35.35"
"66","000","00","005","0522","1057","956","590","366","56","1012","1613","0","62.74","36.58"
"66","000","00","005","0522","1058","1058","675","383","51","1109","1877","0","59.08","35.96"
"66","000","00","005","0522","1059","992","602","390","45","1037","1792","0","57.87","33.59"
"66","000","00","005","0523","0000","3293","1988","1305","161","3454","6037","0","57.21","32.93"
"66","000","00","005","0523","1062","910","561","349","42","952","1556","0","61.18","36.05"
"66","000","00","005","0523","1063","800","458","342","42","842","1497","0","56.25","30.59"
"66","000","00","005","0523","1064","833","532","301","41","874","1550","0","56.39","34.32"
"66","000","00","005","0523","1065","750","437","313","36","786","1434","0","54.81","30.47"
"66","000","00","005","0524","0000","2073","1270","803","60","2133","3734","0","57.12","34.01"
"66","000","00","005","0524","1040","706","423","283","24","730","1243","0","58.73","34.03"
"66","000","00","005","0524","1041","635","412","223","17","652","1219","0","53.49","33.8"
"66","000","00","005","0524","1042","732","435","297","19","751","1272","0","59.04","34.2"
"66","000","00","005","0525","0000","2135","1356","779","95","2230","3777","0","59.04","35.9"
"66","000","00","005","0525","1034","761","469","292","35","796","1432","0","55.59","32.75"
"66","000","00","005","0525","1035","682","457","225","31","713","1157","0","61.62","39.5"
"66","000","00","005","0525","1036","692","430","262","29","721","1188","0","60.69","36.2"
"66","000","00","005","0526","0000","760","458","302","36","796","1437","0","55.39","31.87"
"66","000","00","005","0526","0983","760","458","302","36","796","1437","0","55.39","31.87"
"66","000","00","005","0527","0000","851","499","352","70","921","1708","0","53.92","29.22"
"66","000","00","005","0527","0984","851","499","352","70","921","1708","0","53.92","29.22"
"66","000","00","005","0528","0000","1087","623","464","49","1136","2214","0","51.31","28.14"
"66","000","00","005","0528","0990","588","346","242","28","616","1276","0","48.28","27.12"
"66","000","00","005","0528","0991","499","277","222","21","520","938","0","55.44","29.53"
"66","000","00","005","0529","0000","1011","606","405","62","1073","1865","0","57.53","32.49"
"66","000","00","005","0529","0993","543","330","213","24","567","996","0","56.93","33.13"
"66","000","00","005","0529","0994","468","276","192","38","506","869","0","58.23","31.76"
"66","000","00","005","0530","0000","1745","1085","660","110","1855","3348","0","55.41","32.41"
"66","000","00","005","0530","1006","893","548","345","54","947","1793","0","52.82","30.56"
"66","000","00","005","0530","1007","852","537","315","56","908","1555","0","58.39","34.53"
"66","000","00","005","0531","0000","1901","1149","752","85","1986","3519","0","56.44","32.65"
"66","000","00","005","0531","1027","905","566","339","59","964","1652","0","58.35","34.26"
"66","000","00","005","0531","1028","996","583","413","26","1022","1867","0","54.74","31.23"
"66","000","00","005","0532","0000","2383","1454","929","73","2456","4305","0","57.05","33.77"
"66","000","00","005","0532","1037","780","500","280","30","810","1419","0","57.08","35.24"
"66","000","00","005","0532","1038","892","547","345","19","911","1653","0","55.11","33.09"
"66","000","00","005","0532","1039","711","407","304","24","735","1233","0","59.61","33.01"
"66","000","00","005","0533","0000","1515","959","556","66","1581","2689","0","58.8","35.66"
"66","000","00","005","0533","1060","794","524","270","37","831","1392","0","59.7","37.64"
"66","000","00","005","0533","1061","721","435","286","29","750","1297","0","57.83","33.54"
"66","000","00","005","0534","0000","2010","1206","804","89","2099","3659","0","57.37","32.96"
"66","000","00","005","0534","1066","991","609","382","49","1040","1793","0","58.0","33.97"
"66","000","00","005","0534","1067","1019","597","422","40","1059","1866","0","56.75","31.99"
"66","000","00","005","0535","0000","1766","1058","708","60","1826","3065","0","59.58","34.52"
"66","000","00","005","0535","1043","748","448","300","23","771","1285","0","60.0","34.86"
"66","000","00","005","0535","1044","1018","610","408","37","1055","1780","0","59.27","34.27"
"66","000","00","005","0536","0000","1945","1210","735","77","2022","3728","0","54.24","32.46"
"66","000","00","005","0536","1032","1103","669","434","44","1147","2018","0","56.84","33.15"
"66","000","00","005","0536","1033","842","541","301","33","875","1710","0","51.17","31.64"
"66","000","00","006","0000","0000","102368","62843","39525","4617","106985","183814","228128","58.2","34.19"
"66","000","00","006","0601","0000","2734","1683","1051","92","2826","4749","0","59.51","35.44"
"66","000","00","006","0601","0625","989","601","388","38","1027","1638","0","62.7","36.69"
"66","000","00","006","0601","0626","726","421","305","25","751","1335","0","56.25","31.54"
"66","000","00","006","0601","0627","1019","661","358","29","1048","1776","0","59.01","37.22"
"66","000","00","006","0602","0000","2870","1831","1039","121","2991","5323","0","56.19","34.4"
"66","000","00","006","0602","0634","932","586","346","56","988","1749","0","56.49","33.5"
"66","000","00","006","0602","0635","1040","690","350","35","1075","1877","0","57.27","36.76"
"66","000","00","006","0602","0636","898","555","343","30","928","1697","0","54.68","32.7"
"66","000","00","006","0603","0000","2681","1621","1060","107","2788","5447","0","51.18","29.76"
"66","000","00","006","0603","0637","879","540","339","31","910","1480","0","61.49","36.49"
"66","000","00","006","0603","0638","925","555","370","47","972","1483","0","65.54","37.42"
"66","000","00","006","0603","0639","877","526","351","29","906","2484","0","36.47","21.18"
"66","000","00","006","0604","0000","497","311","186","30","527","781","0","67.48","39.82"
"66","000","00","006","0604","0640","497","311","186","30","527","781","0","67.48","39.82"
"66","000","00","006","0605","0000","7368","4657","2711","275","7643","13148","0","58.13","35.42"
"66","000","00","006","0605","0641","860","549","311","44","904","1477","0","61.21","37.17"
"66","000","00","006","0605","0642","955","578","377","45","1000","1784","0","56.05","32.4"
"66","000","00","006","0605","0643","919","581","338","39","958","1686","0","56.82","34.46"
"66","000","00","006","0605","0644","935","569","366","36","971","1692","0","57.39","33.63"
"66","000","00","006","0605","0645","878","652","226","28","906","1659","0","54.61","39.3"
"66","000","00","006","0605","0646","939","585","354","23","962","1648","0","58.37","35.5"
"66","000","00","006","0605","0647","912","554","358","28","940","1536","0","61.2","36.07"
"66","000","00","006","0605","0648","970","589","381","32","1002","1666","0","60.14","35.35"
"66","000","00","006","0606","0000","2619","1576","1043","123","2742","4812","0","56.98","32.75"
"66","000","00","006","0606","0649","815","480","335","49","864","1428","0","60.5","33.61"
"66","000","00","006","0606","0650","938","568","370","51","989","1810","0","54.64","31.38"
"66","000","00","006","0606","0651","866","528","338","23","889","1574","0","56.48","33.55"
"66","000","00","006","0607","0000","2413","1486","927","109","2522","4314","0","58.46","34.45"
"66","000","00","006","0607","0658","943","579","364","35","978","1714","0","57.06","33.78"
"66","000","00","006","0607","0659","805","497","308","42","847","1424","0","59.48","34.9"
"66","000","00","006","0607","0660","665","410","255","32","697","1176","0","59.27","34.86"
"66","000","00","006","0608","0000","1635","1065","570","75","1710","2739","0","62.43","38.88"
"66","000","00","006","0608","0665","791","514","277","54","845","1355","0","62.36","37.93"
"66","000","00","006","0608","0666","844","551","293","21","865","1384","0","62.5","39.81"
"66","000","00","006","0609","0000","2662","1594","1068","124","2786","5068","0","54.97","31.45"
"66","000","00","006","0609","0679","915","550","365","54","969","1699","0","57.03","32.37"
"66","000","00","006","0609","0680","876","527","349","34","910","1715","0","53.06","30.73"
"66","000","00","006","0609","0681","871","517","354","36","907","1654","0","54.84","31.26"
"66","000","00","006","0610","0000","1801","1085","716","78","1879","3175","0","59.18","34.17"
"66","000","00","006","0610","0667","934","565","369","36","970","1613","0","60.14","35.03"
"66","000","00","006","0610","0668","867","520","347","42","909","1562","0","58.19","33.29"
"66","000","00","006","0611","0000","2306","1437","869","122","2428","3774","0","64.33","38.08"
"66","000","00","006","0611","0695","731","474","257","25","756","1221","0","61.92","38.82"
"66","000","00","006","0611","0696","802","488","314","53","855","1252","0","68.29","38.98"
"66","000","00","006","0611","0697","773","475","298","44","817","1301","0","62.8","36.51"
"66","000","00","006","0612","0000","1279","871","408","74","1353","2162","0","62.58","40.29"
"66","000","00","006","0612","0698","633","433","200","40","673","1049","0","64.16","41.28"
"66","000","00","006","0612","0699","646","438","208","34","680","1113","0","61.1","39.35"
"66","000","00","006","0613","0000","1704","1138","566","77","1781","3197","0","55.71","35.6"
"66","000","00","006","0613","0700","839","567","272","30","869","1557","0","55.81","36.42"
"66","000","00","006","0613","0701","865","571","294","47","912","1640","0","55.61","34.82"
"66","000","00","006","0614","0000","2659","1641","1018","156","2815","4807","0","58.56","34.14"
"66","000","00","006","0614","0702","872","538","334","66","938","1402","0","66.9","38.37"
"66","000","00","006","0614","0703","853","521","332","53","906","1717","0","52.77","30.34"
"66","000","00","006","0614","0704","934","582","352","37","971","1688","0","57.52","34.48"
"66","000","00","006","0615","0000","2584","1597","987","174","2758","4904","0","56.24","32.57"
"66","000","00","006","0615","0705","635","403","232","88","723","1168","0","61.9","34.5"
"66","000","00","006","0615","0706","908","569","339","45","953","1729","0","55.12","32.91"
"66","000","00","006","0615","0707","1041","625","416","41","1082","2007","0","53.91","31.14"
"66","000","00","006","0616","0000","1289","759","530","85","1374","2364","0","58.12","32.11"
"66","000","00","006","0616","0708","750","423","327","54","804","1296","0","62.04","32.64"
"66","000","00","006","0616","0709","539","336","203","31","570","1068","0","53.37","31.46"
"66","000","00","006","0617","0000","1685","939","746","95","1780","3343","0","53.25","28.09"
"66","000","00","006","0617","0710","754","406","348","57","811","1707","0","47.51","23.78"
"66","000","00","006","0617","0711","931","533","398","38","969","1636","0","59.23","32.58"
"66","000","00","006","0618","0000","6525","4072","2453","268","6793","12239","0","55.5","33.27"
"66","000","00","006","0618","0712","818","486","332","37","855","1761","0","48.55","27.6"
"66","000","00","006","0618","0713","756","475","281","44","800","1314","0","60.88","36.15"
"66","000","00","006","0618","0714","761","467","294","34","795","1233","0","64.48","37.88"
"66","000","00","006","0618","0715","821","512","309","39","860","1549","0","55.52","33.05"
"66","000","00","006","0618","0716","864","552","312","27","891","1639","0","54.36","33.68"
"66","000","00","006","0618","0717","778","542","236","37","815","1486","0","54.85","36.47"
"66","000","00","006","0618","0718","954","583","371","31","985","1806","0","54.54","32.28"
"66","000","00","006","0618","0719","773","455","318","19","792","1451","0","54.58","31.36"
"66","000","00","006","0619","0000","1562","988","574","67","1629","2655","0","61.36","37.21"
"66","000","00","006","0619","0720","759","506","253","24","783","1302","0","60.14","38.86"
"66","000","00","006","0619","0721","803","482","321","43","846","1353","0","62.53","35.62"
"66","000","00","006","0620","0000","2576","1592","984","158","2734","4520","0","60.49","35.22"
"66","000","00","006","0620","0741","628","362","266","45","673","1206","0","55.8","30.02"
"66","000","00","006","0620","0742","642","415","227","45","687","1086","0","63.26","38.21"
"66","000","00","006","0620","0743","644","414","230","42","686","1088","0","63.05","38.05"
"66","000","00","006","0620","0744","662","401","261","26","688","1140","0","60.35","35.18"
"66","000","00","006","0621","0000","3463","2022","1441","135","3598","6178","0","58.24","32.73"
"66","000","00","006","0621","0682","886","523","363","22","908","1636","0","55.5","31.97"
"66","000","00","006","0621","0683","718","414","304","27","745","1298","0","57.4","31.9"
"66","000","00","006","0621","0684","807","486","321","38","845","1391","0","60.75","34.94"
"66","000","00","006","0621","0685","1052","599","453","48","1100","1853","0","59.36","32.33"
"66","000","00","006","0622","0000","1891","1120","771","92","1983","3629","0","54.64","30.86"
"66","000","00","006","0622","0686","879","506","373","48","927","1820","0","50.93","27.8"
"66","000","00","006","0622","0687","1012","614","398","44","1056","1809","0","58.37","33.94"
"66","000","00","006","0623","0000","3752","2211","1541","189","3941","6663","0","59.15","33.18"
"66","000","00","006","0623","0691","940","554","386","51","991","1674","0","59.2","33.09"
"66","000","00","006","0623","0692","960","561","399","54","1014","1610","0","62.98","34.84"
"66","000","00","006","0623","0693","945","561","384","47","992","1695","0","58.53","33.1"
"66","000","00","006","0623","0694","907","535","372","37","944","1684","0","56.06","31.77"
"66","000","00","006","0624","0000","2592","1610","982","129","2721","4890","0","55.64","32.92"
"66","000","00","006","0624","0631","904","562","342","27","931","1710","0","54.44","32.87"
"66","000","00","006","0624","0632","814","474","340","37","851","1595","0","53.35","29.72"
"66","000","00","006","0624","0633","874","574","300","65","939","1585","0","59.24","36.21"
"66","000","00","006","0625","0000","2472","1472","1000","92","2564","4205","0","60.98","35.01"
"66","000","00","006","0625","0672","919","564","355","20","939","1494","0","62.85","37.75"
"66","000","00","006","0625","0673","759","456","303","32","791","1325","0","59.7","34.42"
"66","000","00","006","0625","0674","794","452","342","40","834","1386","0","60.17","32.61"
"66","000","00","006","0626","0000","2431","1473","958","94","2525","4271","0","59.12","34.49"
"66","000","00","006","0626","0628","750","453","297","33","783","1351","0","57.96","33.53"
"66","000","00","006","0626","0629","786","466","320","31","817","1338","0","61.06","34.83"
"66","000","00","006","0626","0630","895","554","341","30","925","1582","0","58.47","35.02"
"66","000","00","006","0627","0000","2701","1635","1066","124","2825","4987","0","56.65","32.79"
"66","000","00","006","0627","0652","927","579","348","12","939","1650","0","56.91","35.09"
"66","000","00","006","0627","0653","894","528","366","79","973","1681","0","57.88","31.41"
"66","000","00","006","0627","0654","880","528","352","33","913","1656","0","55.13","31.88"
"66","000","00","006","0628","0000","2484","1552","932","118","2602","4145","0","62.77","37.44"
"66","000","00","006","0628","0655","722","470","252","45","767","1243","0","61.71","37.81"
"66","000","00","006","0628","0656","898","547","351","41","939","1471","0","63.83","37.19"
"66","000","00","006","0628","0657","864","535","329","32","896","1431","0","62.61","37.39"
"66","000","00","006","0629","0000","3082","1902","1180","117","3199","5327","0","60.05","35.7"
"66","000","00","006","0629","0661","856","530","326","32","888","1456","0","60.99","36.4"
"66","000","00","006","0629","0662","887","546","341","25","912","1451","0","62.85","37.63"
"66","000","00","006","0629","0663","672","428","244","27","699","1063","0","65.76","40.26"
"66","000","00","006","0629","0664","667","398","269","33","700","1357","0","51.58","29.33"
"66","000","00","006","0630","0000","2112","1256","856","123","2235","3585","0","62.34","35.03"
"66","000","00","006","0630","0669","764","442","322","44","808","1219","0","66.28","36.26"
"66","000","00","006","0630","0670","713","423","290","37","750","1235","0","60.73","34.25"
"66","000","00","006","0630","0671","635","391","244","42","677","1131","0","59.86","34.57"
"66","000","00","006","0631","0000","3909","2346","1563","178","4087","7145","0","57.2","32.83"
"66","000","00","006","0631","0675","1031","642","389","44","1075","1816","0","59.2","35.35"
"66","000","00","006","0631","0676","918","556","362","35","953","1734","0","54.96","32.06"
"66","000","00","006","0631","0677","1018","592","426","46","1064","1777","0","59.88","33.31"
"66","000","00","006","0631","0678","942","556","386","53","995","1818","0","54.73","30.58"
"66","000","00","006","0632","0000","2600","1552","1048","111","2711","4359","0","62.19","35.6"
"66","000","00","006","0632","0688","870","496","374","34","904","1352","0","66.86","36.69"
"66","000","00","006","0632","0689","845","495","350","50","895","1521","0","58.84","32.54"
"66","000","00","006","0632","0690","885","561","324","27","912","1486","0","61.37","37.75"
"66","000","00","006","0633","0000","2506","1500","1006","114","2620","4285","0","61.14","35.01"
"66","000","00","006","0633","0733","871","505","366","37","908","1526","0","59.5","33.09"
"66","000","00","006","0633","0734","827","490","337","48","875","1425","0","61.4","34.39"
"66","000","00","006","0633","0735","808","505","303","29","837","1334","0","62.74","37.86"
"66","000","00","006","0634","0000","1836","1130","706","73","1909","3215","0","59.38","35.15"
"66","000","00","006","0634","0736","983","617","366","39","1022","1649","0","61.98","37.42"
"66","000","00","006","0634","0737","853","513","340","34","887","1566","0","56.64","32.76"
"66","000","00","006","0635","0000","2887","1809","1078","117","3004","4699","0","63.93","38.5"
"66","000","00","006","0635","0738","960","600","360","38","998","1629","0","61.26","36.83"
"66","000","00","006","0635","0739","1068","694","374","50","1118","1628","0","68.67","42.63"
"66","000","00","006","0635","0740","859","515","344","29","888","1442","0","61.58","35.71"
"66","000","00","006","0636","0000","1539","940","599","54","1593","3043","0","52.35","30.89"
"66","000","00","006","0636","0731","728","473","255","30","758","1541","0","49.19","30.69"
"66","000","00","006","0636","0732","811","467","344","24","835","1502","0","55.59","31.09"
"66","000","00","006","0637","0000","1570","938","632","63","1633","2917","0","55.98","32.16"
"66","000","00","006","0637","0729","787","480","307","27","814","1402","0","58.06","34.24"
"66","000","00","006","0637","0730","783","458","325","36","819","1515","0","54.06","30.23"
"66","000","00","006","0638","0000","4010","2485","1525","153","4163","7133","0","58.36","34.84"
"66","000","00","006","0638","0725","1006","634","372","43","1049","1847","0","56.79","34.33"
"66","000","00","006","0638","0726","979","584","395","38","1017","1738","0","58.52","33.6"
"66","000","00","006","0638","0727","975","610","365","36","1011","1640","0","61.65","37.2"
"66","000","00","006","0638","0728","1050","657","393","36","1086","1908","0","56.92","34.43"
"66","000","00","006","0639","0000","3082","1947","1135","131","3213","5617","0","57.2","34.66"
"66","000","00","006","0639","0722","1213","761","452","52","1265","2162","0","58.51","35.2"
"66","000","00","006","0639","0723","826","521","305","37","863","1520","0","56.78","34.28"
"66","000","00","006","0639","0724","1043","665","378","42","1085","1935","0","56.07","34.37"
"66","000","00","007","0000","0000","78524","48668","29856","3659","82183","135448","170160","60.67","35.93"
"66","000","00","007","0701","0000","4935","3053","1882","221","5156","8349","0","61.76","36.57"
"66","000","00","007","0701","0745","741","465","276","61","802","1321","0","60.71","35.2"
"66","000","00","007","0701","0746","813","487","326","34","847","1346","0","62.93","36.18"
"66","000","00","007","0701","0747","848","511","337","36","884","1428","0","61.9","35.78"
"66","000","00","007","0701","0748","816","514","302","35","851","1442","0","59.02","35.64"
"66","000","00","007","0701","0749","878","552","326","30","908","1408","0","64.49","39.2"
"66","000","00","007","0701","0750","839","524","315","25","864","1404","0","61.54","37.32"
"66","000","00","007","0702","0000","6585","4018","2567","287","6872","10909","0","62.99","36.83"
"66","000","00","007","0702","0751","834","529","305","31","865","1354","0","63.88","39.07"
"66","000","00","007","0702","0752","809","481","328","30","839","1332","0","62.99","36.11"
"66","000","00","007","0702","0753","890","534","356","38","928","1463","0","63.43","36.5"
"66","000","00","007","0702","0754","807","464","343","39","846","1413","0","59.87","32.84"
"66","000","00","007","0702","0755","763","470","293","31","794","1218","0","65.19","38.59"
"66","000","00","007","0702","0756","773","488","285","30","803","1308","0","61.39","37.31"
"66","000","00","007","0702","0757","923","593","330","48","971","1527","0","63.59","38.83"
"66","000","00","007","0702","0758","786","459","327","40","826","1294","0","63.83","35.47"
"66","000","00","007","0703","0000","3262","2011","1251","173","3435","5848","0","58.74","34.39"
"66","000","00","007","0703","0759","784","471","313","32","816","1516","0","53.83","31.07"
"66","000","00","007","0703","0760","900","547","353","57","957","1529","0","62.59","35.78"
"66","000","00","007","0703","0761","816","498","318","49","865","1397","0","61.92","35.65"
"66","000","00","007","0703","0762","762","495","267","35","797","1406","0","56.69","35.21"
"66","000","00","007","0704","0000","2308","1385","923","134","2442","4409","0","55.39","31.41"
"66","000","00","007","0704","0763","801","499","302","40","841","1497","0","56.18","33.33"
"66","000","00","007","0704","0764","777","463","314","46","823","1424","0","57.79","32.51"
"66","000","00","007","0704","0765","730","423","307","48","778","1488","0","52.28","28.43"
"66","000","00","007","0705","0000","3355","2119","1236","126","3481","6387","0","54.5","33.18"
"66","000","00","007","0705","0768","702","433","269","35","737","1190","0","61.93","36.39"
"66","000","00","007","0705","0769","662","429","233","26","688","1174","0","58.6","36.54"
"66","000","00","007","0705","0770","712","435","277","14","726","1224","0","59.31","35.54"
"66","000","00","007","0705","0771","719","460","259","35","754","1466","0","51.43","31.38"
"66","000","00","007","0705","0772","560","362","198","16","576","1333","0","43.21","27.16"
"66","000","00","007","0706","0000","497","315","182","25","522","814","0","64.13","38.7"
"66","000","00","007","0706","0773","497","315","182","25","522","814","0","64.13","38.7"
"66","000","00","007","0707","0000","5274","3262","2012","297","5571","9662","0","57.66","33.76"
"66","000","00","007","0707","0774","751","500","251","47","798","1436","0","55.57","34.82"
"66","000","00","007","0707","0775","860","527","333","46","906","1515","0","59.8","34.79"
"66","000","00","007","0707","0776","723","459","264","74","797","1545","0","51.59","29.71"
"66","000","00","007","0707","0777","789","476","313","32","821","1383","0","59.36","34.42"
"66","000","00","007","0707","0778","823","511","312","35","858","1433","0","59.87","35.66"
"66","000","00","007","0707","0779","602","343","259","27","629","1134","0","55.47","30.25"
"66","000","00","007","0707","0780","726","446","280","36","762","1216","0","62.66","36.68"
"66","000","00","007","0708","0000","776","462","314","35","811","1397","0","58.05","33.07"
"66","000","00","007","0708","0785","776","462","314","35","811","1397","0","58.05","33.07"
"66","000","00","007","0709","0000","2733","1707","1026","114","2847","4800","0","59.31","35.56"
"66","000","00","007","0709","0786","873","511","362","52","925","1607","0","57.56","31.8"
"66","000","00","007","0709","0787","926","564","362","28","954","1582","0","60.3","35.65"
"66","000","00","007","0709","0788","934","632","302","34","968","1611","0","60.09","39.23"
"66","000","00","007","0710","0000","4036","2567","1469","159","4195","6621","0","63.36","38.77"
"66","000","00","007","0710","0789","814","514","300","29","843","1322","0","63.77","38.88"
"66","000","00","007","0710","0790","830","518","312","32","862","1321","0","65.25","39.21"
"66","000","00","007","0710","0791","805","521","284","45","850","1360","0","62.5","38.31"
"66","000","00","007","0710","0792","831","553","278","15","846","1361","0","62.16","40.63"
"66","000","00","007","0710","0793","756","461","295","38","794","1257","0","63.17","36.67"
"66","000","00","007","0711","0000","3100","1854","1246","151","3251","5151","0","63.11","35.99"
"66","000","00","007","0711","0809","704","416","288","43","747","1171","0","63.79","35.53"
"66","000","00","007","0711","0810","761","454","307","50","811","1349","0","60.12","33.65"
"66","000","00","007","0711","0811","844","496","348","27","871","1368","0","63.67","36.26"
"66","000","00","007","0711","0812","791","488","303","31","822","1263","0","65.08","38.64"
"66","000","00","007","0712","0000","3593","2203","1390","162","3755","6052","0","62.05","36.4"
"66","000","00","007","0712","0822","995","611","384","41","1036","1544","0","67.1","39.57"
"66","000","00","007","0712","0823","941","567","374","34","975","1482","0","65.79","38.26"
"66","000","00","007","0712","0824","883","563","320","47","930","1488","0","62.5","37.84"
"66","000","00","007","0712","0825","774","462","312","40","814","1538","0","52.93","30.04"
"66","000","00","007","0713","0000","2625","1699","926","144","2769","4239","0","65.32","40.08"
"66","000","00","007","0713","0805","638","407","231","54","692","981","0","70.54","41.49"
"66","000","00","007","0713","0806","658","435","223","46","704","1097","0","64.18","39.65"
"66","000","00","007","0713","0807","629","418","211","20","649","991","0","65.49","42.18"
"66","000","00","007","0713","0808","700","439","261","24","724","1170","0","61.88","37.52"
"66","000","00","007","0714","0000","848","503","345","97","945","1421","0","66.5","35.4"
"66","000","00","007","0714","0766","369","209","160","39","408","608","0","67.11","34.38"
"66","000","00","007","0714","0767","479","294","185","58","537","813","0","66.05","36.16"
"66","000","00","007","0715","0000","2862","1750","1112","134","2996","4733","0","63.3","36.97"
"66","000","00","007","0715","0836","759","454","305","32","791","1278","0","61.89","35.52"
"66","000","00","007","0715","0837","726","463","263","30","756","1144","0","66.08","40.47"
"66","000","00","007","0715","0838","663","394","269","41","704","1140","0","61.75","34.56"
"66","000","00","007","0715","0839","714","439","275","31","745","1171","0","63.62","37.49"
"66","000","00","007","0716","0000","2194","1393","801","96","2290","3673","0","62.35","37.93"
"66","000","00","007","0716","0829","741","496","245","44","785","1217","0","64.5","40.76"
"66","000","00","007","0716","0830","778","468","310","29","807","1347","0","59.91","34.74"
"66","000","00","007","0716","0831","675","429","246","23","698","1109","0","62.94","38.68"
"66","000","00","007","0717","0000","2973","1757","1216","151","3124","5144","0","60.73","34.16"
"66","000","00","007","0717","0832","871","527","344","31","902","1546","0","58.34","34.09"
"66","000","00","007","0717","0833","859","537","322","48","907","1408","0","64.42","38.14"
"66","000","00","007","0717","0834","594","294","300","26","620","1057","0","58.66","27.81"
"66","000","00","007","0717","0835","649","399","250","46","695","1133","0","61.34","35.22"
"66","000","00","007","0718","0000","2710","1711","999","135","2845","5184","0","54.88","33.01"
"66","000","00","007","0718","0826","1006","627","379","53","1059","1674","0","63.26","37.46"
"66","000","00","007","0718","0827","828","506","322","36","864","1996","0","43.29","25.35"
"66","000","00","007","0718","0828","876","578","298","46","922","1514","0","60.9","38.18"
"66","000","00","007","0719","0000","2178","1373","805","96","2274","3517","0","64.66","39.04"
"66","000","00","007","0719","0843","711","425","286","28","739","1139","0","64.88","37.31"
"66","000","00","007","0719","0844","750","475","275","38","788","1216","0","64.8","39.06"
"66","000","00","007","0719","0845","717","473","244","30","747","1162","0","64.29","40.71"
"66","000","00","007","0720","0000","2426","1524","902","121","2547","4276","0","59.57","35.64"
"66","000","00","007","0720","0840","810","503","307","29","839","1303","0","64.39","38.6"
"66","000","00","007","0720","0841","766","469","297","39","805","1402","0","57.42","33.45"
"66","000","00","007","0720","0842","850","552","298","53","903","1571","0","57.48","35.14"
"66","000","00","007","0721","0000","3543","2085","1458","165","3708","6405","0","57.89","32.55"
"66","000","00","007","0721","0813","915","556","359","42","957","1547","0","61.86","35.94"
"66","000","00","007","0721","0814","897","502","395","54","951","1649","0","57.67","30.44"
"66","000","00","007","0721","0815","905","559","346","35","940","1629","0","57.7","34.32"
"66","000","00","007","0721","0816","826","468","358","34","860","1580","0","54.43","29.62"
"66","000","00","007","0722","0000","4245","2609","1636","137","4382","7096","0","61.75","36.77"
"66","000","00","007","0722","0817","917","579","338","32","949","1444","0","65.72","40.1"
"66","000","00","007","0722","0818","821","519","302","24","845","1413","0","59.8","36.73"
"66","000","00","007","0722","0819","785","493","292","29","814","1377","0","59.11","35.8"
"66","000","00","007","0722","0820","905","503","402","27","932","1527","0","61.03","32.94"
"66","000","00","007","0722","0821","817","515","302","25","842","1335","0","63.07","38.58"
"66","000","00","007","0723","0000","2851","1796","1055","139","2990","5132","0","58.26","35.0"
"66","000","00","007","0723","0781","665","404","261","70","735","1271","0","57.83","31.79"
"66","000","00","007","0723","0782","658","408","250","16","674","1203","0","56.03","33.92"
"66","000","00","007","0723","0783","728","430","298","22","750","1268","0","59.15","33.91"
"66","000","00","007","0723","0784","800","554","246","31","831","1390","0","59.78","39.86"
"66","000","00","007","0724","0000","4750","3132","1618","197","4947","7974","0","62.04","39.28"
"66","000","00","007","0724","0799","677","394","283","37","714","1102","0","64.79","35.75"
"66","000","00","007","0724","0800","1015","672","343","41","1056","1630","0","64.79","41.23"
"66","000","00","007","0724","0801","803","495","308","28","831","1333","0","62.34","37.13"
"66","000","00","007","0724","0802","721","599","122","24","745","1292","0","57.66","46.36"
"66","000","00","007","0724","0803","756","473","283","34","790","1272","0","62.11","37.19"
"66","000","00","007","0724","0804","778","499","279","33","811","1345","0","60.3","37.1"
"66","000","00","007","0725","0000","3865","2380","1485","163","4028","6255","0","64.4","38.05"
"66","000","00","007","0725","0794","760","476","284","25","785","1207","0","65.04","39.44"
"66","000","00","007","0725","0795","802","499","303","20","822","1282","0","64.12","38.92"
"66","000","00","007","0725","0796","779","473","306","40","819","1248","0","65.63","37.9"
"66","000","00","007","0725","0797","812","484","328","45","857","1304","0","65.72","37.12"
"66","000","00","007","0725","0798","712","448","264","33","745","1214","0","61.37","36.9"
"66","000","00","008","0000","0000","125191","77474","47717","5818","131009","227720","278096","57.53","34.02"
"66","000","00","008","0801","0000","1716","1091","625","74","1790","3258","0","54.94","33.49"
"66","000","00","008","0801","0850","606","368","238","18","624","1107","0","56.37","33.24"
"66","000","00","008","0801","0851","1110","723","387","56","1166","2151","0","54.21","33.61"
"66","000","00","008","0802","0000","1897","1205","692","83","1980","3376","0","58.65","35.69"
"66","000","00","008","0802","0846","1010","622","388","36","1046","1670","0","62.63","37.25"
"66","000","00","008","0802","0847","887","583","304","47","934","1706","0","54.75","34.17"
"66","000","00","008","0803","0000","3896","2443","1453","138","4034","7049","0","57.23","34.66"
"66","000","00","008","0803","0852","954","627","327","35","989","1612","0","61.35","38.9"
"66","000","00","008","0803","0853","963","571","392","35","998","1743","0","57.26","32.76"
"66","000","00","008","0803","0854","1076","645","431","37","1113","2099","0","53.03","30.73"
"66","000","00","008","0803","0855","903","600","303","31","934","1595","0","58.56","37.62"
"66","000","00","008","0804","0000","2920","1733","1187","143","3063","5567","0","55.02","31.13"
"66","000","00","008","0804","0924","907","547","360","39","946","1640","0","57.68","33.35"
"66","000","00","008","0804","0925","979","542","437","57","1036","2052","0","50.49","26.41"
"66","000","00","008","0804","0926","1034","644","390","47","1081","1875","0","57.65","34.35"
"66","000","00","008","0805","0000","2817","1752","1065","147","2964","5056","0","58.62","34.65"
"66","000","00","008","0805","0943","941","580","361","66","1007","1661","0","60.63","34.92"
"66","000","00","008","0805","0944","944","577","367","30","974","1667","0","58.43","34.61"
"66","000","00","008","0805","0945","932","595","337","51","983","1728","0","56.89","34.43"
"66","000","00","008","0806","0000","2329","1464","865","108","2437","4533","0","53.76","32.3"
"66","000","00","008","0806","0860","806","502","304","42","848","1563","0","54.25","32.12"
"66","000","00","008","0806","0861","804","490","314","42","846","1559","0","54.27","31.43"
"66","000","00","008","0806","0862","719","472","247","24","743","1411","0","52.66","33.45"
"66","000","00","008","0807","0000","3293","2062","1231","171","3464","5930","0","58.41","34.77"
"66","000","00","008","0807","0894","821","520","301","55","876","1445","0","60.62","35.99"
"66","000","00","008","0807","0895","947","582","365","46","993","1842","0","53.91","31.6"
"66","000","00","008","0807","0896","691","413","278","31","722","1187","0","60.83","34.79"
"66","000","00","008","0807","0897","834","547","287","39","873","1456","0","59.96","37.57"
"66","000","00","008","0808","0000","7473","4648","2825","335","7808","12981","0","60.15","35.81"
"66","000","00","008","0808","0863","1008","608","400","35","1043","1761","0","59.23","34.53"
"66","000","00","008","0808","0864","806","528","278","58","864","1361","0","63.48","38.8"
"66","000","00","008","0808","0865","1012","640","372","49","1061","1852","0","57.29","34.56"
"66","000","00","008","0808","0866","1085","661","424","45","1130","1928","0","58.61","34.28"
"66","000","00","008","0808","0867","940","600","340","25","965","1492","0","64.68","40.21"
"66","000","00","008","0808","0868","1051","645","406","54","1105","1998","0","55.31","32.28"
"66","000","00","008","0808","0869","799","485","314","31","830","1272","0","65.25","38.13"
"66","000","00","008","0808","0870","772","481","291","38","810","1317","0","61.5","36.52"
"66","000","00","008","0809","0000","6396","3891","2505","316","6712","11817","0","56.8","32.93"
"66","000","00","008","0809","0871","667","383","284","52","719","1327","0","54.18","28.86"
"66","000","00","008","0809","0872","677","384","293","25","702","1280","0","54.84","30.0"
"66","000","00","008","0809","0873","945","578","367","45","990","1865","0","53.08","30.99"
"66","000","00","008","0809","0874","750","450","300","42","792","1230","0","64.39","36.59"
"66","000","00","008","0809","0875","706","438","268","44","750","1356","0","55.31","32.3"
"66","000","00","008","0809","0876","959","615","344","37","996","1732","0","57.51","35.51"
"66","000","00","008","0809","0877","909","563","346","37","946","1586","0","59.65","35.5"
"66","000","00","008","0809","0878","783","480","303","34","817","1441","0","56.7","33.31"
"66","000","00","008","0810","0000","5198","3145","2053","267","5465","9996","0","54.67","31.46"
"66","000","00","008","0810","0879","1043","596","447","71","1114","2045","0","54.47","29.14"
"66","000","00","008","0810","0880","951","564","387","58","1009","1914","0","52.72","29.47"
"66","000","00","008","0810","0881","1050","666","384","47","1097","1918","0","57.19","34.72"
"66","000","00","008","0810","0882","1054","650","404","30","1084","2079","0","52.14","31.27"
"66","000","00","008","0810","0883","1100","669","431","61","1161","2040","0","56.91","32.79"
"66","000","00","008","0811","0000","1038","642","396","41","1079","2037","0","52.97","31.52"
"66","000","00","008","0811","0890","1038","642","396","41","1079","2037","0","52.97","31.52"
"66","000","00","008","0812","0000","545","302","243","37","582","985","0","59.09","30.66"
"66","000","00","008","0812","0889","545","302","243","37","582","985","0","59.09","30.66"
"66","000","00","008","0813","0000","4877","2977","1900","223","5100","9749","0","52.31","30.54"
"66","000","00","008","0813","0884","953","563","390","56","1009","2027","0","49.78","27.78"
"66","000","00","008","0813","0885","754","488","266","43","797","1402","0","56.85","34.81"
"66","000","00","008","0813","0886","1012","596","416","61","1073","1826","0","58.76","32.64"
"66","000","00","008","0813","0887","1059","679","380","38","1097","2162","0","50.74","31.41"
"66","000","00","008","0813","0888","1099","651","448","25","1124","2332","0","48.2","27.92"
"66","000","00","008","0814","0000","1187","695","492","71","1258","2094","0","60.08","33.19"
"66","000","00","008","0814","0891","597","344","253","37","634","1032","0","61.43","33.33"
"66","000","00","008","0814","0892","590","351","239","34","624","1062","0","58.76","33.05"
"66","000","00","008","0815","0000","481","304","177","46","527","909","0","57.98","33.44"
"66","000","00","008","0815","0893","481","304","177","46","527","909","0","57.98","33.44"
"66","000","00","008","0816","0000","4649","2908","1741","205","4854","8139","0","59.64","35.73"
"66","000","00","008","0816","0915","844","469","375","44","888","1458","0","60.91","32.17"
"66","000","00","008","0816","0916","915","633","282","41","956","1571","0","60.85","40.29"
"66","000","00","008","0816","0917","904","559","345","42","946","1579","0","59.91","35.4"
"66","000","00","008","0816","0918","1049","661","388","46","1095","1849","0","59.22","35.75"
"66","000","00","008","0816","0919","937","586","351","32","969","1682","0","57.61","34.84"
"66","000","00","008","0817","0000","4371","2664","1707","163","4534","8903","0","50.93","29.92"
"66","000","00","008","0817","0949","1186","717","469","49","1235","2078","0","59.43","34.5"
"66","000","00","008","0817","0950","1115","701","414","50","1165","2059","0","56.58","34.05"
"66","000","00","008","0817","0951","1041","628","413","34","1075","1792","0","59.99","35.04"
"66","000","00","008","0817","0952","1029","618","411","30","1059","2974","0","35.61","20.78"
"66","000","00","008","0818","0000","4647","2909","1738","220","4867","7936","0","61.33","36.66"
"66","000","00","008","0818","0954","1251","794","457","45","1296","2099","0","61.74","37.83"
"66","000","00","008","0818","0955","1124","701","423","59","1183","1823","0","64.89","38.45"
"66","000","00","008","0818","0956","1160","734","426","75","1235","2022","0","61.08","36.3"
"66","000","00","008","0818","0957","1112","680","432","41","1153","1992","0","57.88","34.14"
"66","000","00","008","0819","0000","930","568","362","54","984","1585","0","62.08","35.84"
"66","000","00","008","0819","0958","930","568","362","54","984","1585","0","62.08","35.84"
"66","000","00","008","0820","0000","5685","3597","2088","236","5921","9652","0","61.34","37.27"
"66","000","00","008","0820","0962","1039","717","322","43","1082","1755","0","61.65","40.85"
"66","000","00","008","0820","0963","985","601","384","29","1014","1497","0","67.74","40.15"
"66","000","00","008","0820","0964","941","590","351","44","985","1567","0","62.86","37.65"
"66","000","00","008","0820","0965","872","543","329","49","921","1624","0","56.71","33.44"
"66","000","00","008","0820","0966","960","602","358","43","1003","1614","0","62.14","37.3"
"66","000","00","008","0820","0967","888","544","344","28","916","1595","0","57.43","34.11"
"66","000","00","008","0821","0000","2921","1800","1121","152","3073","5219","0","58.88","34.49"
"66","000","00","008","0821","0959","916","555","361","46","962","1565","0","61.47","35.46"
"66","000","00","008","0821","0960","903","590","313","50","953","1780","0","53.54","33.15"
"66","000","00","008","0821","0961","1102","655","447","56","1158","1874","0","61.79","34.95"
"66","000","00","008","0822","0000","598","380","218","36","634","1072","0","59.14","35.45"
"66","000","00","008","0822","0953","598","380","218","36","634","1072","0","59.14","35.45"
"66","000","00","008","0823","0000","3717","2341","1376","232","3949","6608","0","59.76","35.43"
"66","000","00","008","0823","0979","992","621","371","68","1060","1785","0","59.38","34.79"
"66","000","00","008","0823","0980","936","600","336","49","985","1596","0","61.72","37.59"
"66","000","00","008","0823","0981","1002","603","399","50","1052","1731","0","60.77","34.84"
"66","000","00","008","0823","0982","787","517","270","65","852","1496","0","56.95","34.56"
"66","000","00","008","0824","0000","2552","1594","958","175","2727","4576","0","59.59","34.83"
"66","000","00","008","0824","0971","713","444","269","58","771","1372","0","56.2","32.36"
"66","000","00","008","0824","0972","797","518","279","46","843","1415","0","59.58","36.61"
"66","000","00","008","0824","0973","1042","632","410","71","1113","1789","0","62.21","35.33"
"66","000","00","008","0825","0000","2179","1420","759","122","2301","4210","0","54.66","33.73"
"66","000","00","008","0825","0968","896","603","293","56","952","1782","0","53.42","33.84"
"66","000","00","008","0825","0969","698","452","246","24","722","1357","0","53.21","33.31"
"66","000","00","008","0825","0970","585","365","220","42","627","1071","0","58.54","34.08"
"66","000","00","008","0826","0000","2834","1736","1098","129","2963","5209","0","56.88","33.33"
"66","000","00","008","0826","0930","1051","646","405","44","1095","1889","0","57.97","34.2"
"66","000","00","008","0826","0931","934","571","363","38","972","1728","0","56.25","33.04"
"66","000","00","008","0826","0932","849","519","330","47","896","1592","0","56.28","32.6"
"66","000","00","008","0827","0000","1681","1010","671","75","1756","3180","0","55.22","31.76"
"66","000","00","008","0827","0933","888","533","355","43","931","1656","0","56.22","32.19"
"66","000","00","008","0827","0934","793","477","316","32","825","1524","0","54.13","31.3"
"66","000","00","008","0828","0000","3253","1933","1320","147","3400","6168","0","55.12","31.34"
"66","000","00","008","0828","0940","1026","603","423","49","1075","2033","0","52.88","29.66"
"66","000","00","008","0828","0941","1019","615","404","46","1065","1947","0","54.7","31.59"
"66","000","00","008","0828","0942","1208","715","493","52","1260","2188","0","57.59","32.68"
"66","000","00","008","0829","0000","2601","1719","882","145","2746","4803","0","57.17","35.79"
"66","000","00","008","0829","0908","931","578","353","57","988","1601","0","61.71","36.1"
"66","000","00","008","0829","0909","820","516","304","46","866","1527","0","56.71","33.79"
"66","000","00","008","0829","0910","850","625","225","42","892","1675","0","53.25","37.31"
"66","000","00","008","0830","0000","2881","1770","1111","114","2995","5216","0","57.42","33.93"
"66","000","00","008","0830","0898","1040","643","397","48","1088","1866","0","58.31","34.46"
"66","000","00","008","0830","0899","866","532","334","41","907","1667","0","54.41","31.91"
"66","000","00","008","0830","0900","975","595","380","25","1000","1683","0","59.42","35.35"
"66","000","00","008","0831","0000","2764","1790","974","129","2893","4895","0","59.1","36.57"
"66","000","00","008","0831","0976","840","557","283","46","886","1541","0","57.5","36.15"
"66","000","00","008","0831","0977","971","634","337","40","1011","1669","0","60.58","37.99"
"66","000","00","008","0831","0978","953","599","354","43","996","1685","0","59.11","35.55"
"66","000","00","008","0832","0000","3605","2267","1338","114","3719","6364","0","58.44","35.62"
"66","000","00","008","0832","0901","897","559","338","28","925","1642","0","56.33","34.04"
"66","000","00","008","0832","0902","872","544","328","26","898","1475","0","60.88","36.88"
"66","000","00","008","0832","0903","896","568","328","24","920","1644","0","55.96","34.55"
"66","000","00","008","0832","0904","940","596","344","36","976","1603","0","60.89","37.18"
"66","000","00","008","0833","0000","3027","1826","1201","135","3162","5179","0","61.05","35.26"
"66","000","00","008","0833","0905","1105","666","439","59","1164","1949","0","59.72","34.17"
"66","000","00","008","0833","0906","1097","680","417","43","1140","1790","0","63.69","37.99"
"66","000","00","008","0833","0907","825","480","345","33","858","1440","0","59.58","33.33"
"66","000","00","008","0834","0000","1735","1058","677","60","1795","3159","0","56.82","33.49"
"66","000","00","008","0834","0848","794","505","289","12","806","1507","0","53.48","33.51"
"66","000","00","008","0834","0849","941","553","388","48","989","1652","0","59.87","33.47"
"66","000","00","008","0835","0000","2643","1635","1008","110","2753","4735","0","58.14","34.53"
"66","000","00","008","0835","0935","850","519","331","32","882","1502","0","58.72","34.55"
"66","000","00","008","0835","0936","964","625","339","31","995","1772","0","56.15","35.27"
"66","000","00","008","0835","0937","829","491","338","47","876","1461","0","59.96","33.61"
"66","000","00","008","0836","0000","1981","1176","805","78","2059","3663","0","56.21","32.1"
"66","000","00","008","0836","0938","895","549","346","28","923","1769","0","52.18","31.03"
"66","000","00","008","0836","0939","1086","627","459","50","1136","1894","0","59.98","33.1"
"66","000","00","008","0837","0000","3364","2146","1218","180","3544","6379","0","55.56","33.64"
"66","000","00","008","0837","0911","767","526","241","42","809","1579","0","51.23","33.31"
"66","000","00","008","0837","0912","834","498","336","53","887","1524","0","58.2","32.68"
"66","000","00","008","0837","0913","885","564","321","42","927","1677","0","55.28","33.63"
"66","000","00","008","0837","0914","878","558","320","43","921","1599","0","57.6","34.9"
"66","000","00","008","0838","0000","2783","1692","1091","74","2857","4844","0","58.98","34.93"
"66","000","00","008","0838","0946","929","572","357","17","946","1688","0","56.04","33.89"
"66","000","00","008","0838","0947","826","501","325","24","850","1475","0","57.63","33.97"
"66","000","00","008","0838","0948","1028","619","409","33","1061","1681","0","63.12","36.82"
"66","000","00","008","0839","0000","3739","2264","1475","151","3890","6576","0","59.15","34.43"
"66","000","00","008","0839","0920","934","591","343","38","972","1760","0","55.23","33.58"
"66","000","00","008","0839","0921","939","555","384","55","994","1699","0","58.51","32.67"
"66","000","00","008","0839","0922","977","596","381","46","1023","1626","0","62.92","36.65"
"66","000","00","008","0839","0923","889","522","367","12","901","1491","0","60.43","35.01"
"66","000","00","008","0840","0000","2498","1468","1030","120","2618","4436","0","59.02","33.09"
"66","000","00","008","0840","0927","872","528","344","32","904","1559","0","57.99","33.87"
"66","000","00","008","0840","0928","844","494","350","42","886","1480","0","59.86","33.38"
"66","000","00","008","0840","0929","782","446","336","46","828","1397","0","59.27","31.93"
"66","000","00","008","0841","0000","3216","1985","1231","146","3362","5762","0","58.35","34.45"
"66","000","00","008","0841","0856","983","599","384","39","1022","1923","0","53.15","31.15"
"66","000","00","008","0841","0857","868","541","327","42","910","1641","0","55.45","32.97"
"66","000","00","008","0841","0858","725","445","280","39","764","1157","0","66.03","38.46"
"66","000","00","008","0841","0859","640","400","240","26","666","1041","0","63.98","38.42"
"66","000","00","008","0842","0000","2274","1464","810","116","2390","3915","0","61.05","37.39"
"66","000","00","008","0842","0974","1131","747","384","69","1200","1907","0","62.93","39.17"
"66","000","00","008","0842","0975","1143","717","426","47","1190","2008","0","59.26","35.71"
"66","000","00","009","0000","0000","78077","47705","30372","4368","82445","136658","166867","60.33","34.91"
"66","000","00","009","0901","0000","1304","813","491","84","1388","2292","0","60.56","35.47"
"66","000","00","009","0901","0394","529","327","202","34","563","983","0","57.27","33.27"
"66","000","00","009","0901","0395","775","486","289","50","825","1309","0","63.03","37.13"
"66","000","00","009","0902","0000","577","362","215","37","614","945","0","64.97","38.31"
"66","000","00","009","0902","0397","577","362","215","37","614","945","0","64.97","38.31"
"66","000","00","009","0903","0000","506","302","204","48","554","850","0","65.18","35.53"
"66","000","00","009","0903","0398","506","302","204","48","554","850","0","65.18","35.53"
"66","000","00","009","0904","0000","665","401","264","33","698","1116","0","62.54","35.93"
"66","000","00","009","0904","0396","665","401","264","33","698","1116","0","62.54","35.93"
"66","000","00","009","0905","0000","475","281","194","24","499","760","0","65.66","36.97"
"66","000","00","009","0905","0399","475","281","194","24","499","760","0","65.66","36.97"
"66","000","00","009","0906","0000","497","312","185","35","532","759","0","70.09","41.11"
"66","000","00","009","0906","0419","497","312","185","35","532","759","0","70.09","41.11"
"66","000","00","009","0907","0000","402","250","152","23","425","642","0","66.2","38.94"
"66","000","00","009","0907","0420","402","250","152","23","425","642","0","66.2","38.94"
"66","000","00","009","0908","0000","911","559","352","34","945","1647","0","57.38","33.94"
"66","000","00","009","0908","0415","911","559","352","34","945","1647","0","57.38","33.94"
"66","000","00","009","0909","0000","3034","1916","1118","146","3180","4979","0","63.87","38.48"
"66","000","00","009","0909","0421","920","591","329","27","947","1528","0","61.98","38.68"
"66","000","00","009","0909","0422","1087","671","416","56","1143","1788","0","63.93","37.53"
"66","000","00","009","0909","0423","1027","654","373","63","1090","1663","0","65.54","39.33"
"66","000","00","009","0910","0000","1335","852","483","78","1413","2162","0","65.36","39.41"
"66","000","00","009","0910","0424","824","531","293","50","874","1260","0","69.37","42.14"
"66","000","00","009","0910","0425","511","321","190","28","539","902","0","59.76","35.59"
"66","000","00","009","0911","0000","866","515","351","46","912","1457","0","62.59","35.35"
"66","000","00","009","0911","0437","866","515","351","46","912","1457","0","62.59","35.35"
"66","000","00","009","0912","0000","707","422","285","30","737","1184","0","62.25","35.64"
"66","000","00","009","0912","0438","707","422","285","30","737","1184","0","62.25","35.64"
"66","000","00","009","0913","0000","1363","854","509","88","1451","2507","0","57.88","34.06"
"66","000","00","009","0913","0403","617","381","236","51","668","1145","0","58.34","33.28"
"66","000","00","009","0913","0404","746","473","273","37","783","1362","0","57.49","34.73"
"66","000","00","009","0914","0000","1685","1048","637","93","1778","2919","0","60.91","35.9"
"66","000","00","009","0914","0405","798","504","294","48","846","1389","0","60.91","36.29"
"66","000","00","009","0914","0406","887","544","343","45","932","1530","0","60.92","35.56"
"66","000","00","009","0915","0000","2275","1353","922","158","2433","4043","0","60.18","33.47"
"66","000","00","009","0915","0407","824","478","346","60","884","1471","0","60.1","32.49"
"66","000","00","009","0915","0408","808","483","325","58","866","1410","0","61.42","34.26"
"66","000","00","009","0915","0409","643","392","251","40","683","1162","0","58.78","33.73"
"66","000","00","009","0916","0000","4991","3080","1911","279","5270","8802","0","59.87","34.99"
"66","000","00","009","0916","0410","917","554","363","36","953","1656","0","57.55","33.45"
"66","000","00","009","0916","0411","997","624","373","51","1048","1838","0","57.02","33.95"
"66","000","00","009","0916","0412","901","550","351","52","953","1666","0","57.2","33.01"
"66","000","00","009","0916","0413","1017","655","362","82","1099","1821","0","60.35","35.97"
"66","000","00","009","0916","0414","1159","697","462","58","1217","1821","0","66.83","38.28"
"66","000","00","009","0917","0000","795","483","312","52","847","1256","0","67.44","38.46"
"66","000","00","009","0917","0416","795","483","312","52","847","1256","0","67.44","38.46"
"66","000","00","009","0918","0000","1974","1200","774","94","2068","3345","0","61.82","35.87"
"66","000","00","009","0918","0417","957","570","387","48","1005","1552","0","64.76","36.73"
"66","000","00","009","0918","0418","1017","630","387","46","1063","1793","0","59.29","35.14"
"66","000","00","009","0919","0000","5415","3353","2062","295","5710","9838","0","58.04","34.08"
"66","000","00","009","0919","0428","1042","701","341","58","1100","1873","0","58.73","37.43"
"66","000","00","009","0919","0429","1042","627","415","50","1092","1867","0","58.49","33.58"
"66","000","00","009","0919","0430","994","636","358","68","1062","1823","0","58.26","34.89"
"66","000","00","009","0919","0431","987","578","409","58","1045","1962","0","53.26","29.46"
"66","000","00","009","0919","0432","1350","811","539","61","1411","2313","0","61.0","35.06"
"66","000","00","009","0920","0000","3677","2292","1385","185","3862","6232","0","61.97","36.78"
"66","000","00","009","0920","0433","892","556","336","52","944","1510","0","62.52","36.82"
"66","000","00","009","0920","0434","1041","648","393","55","1096","1824","0","60.09","35.53"
"66","000","00","009","0920","0435","810","521","289","33","843","1363","0","61.85","38.22"
"66","000","00","009","0920","0436","934","567","367","45","979","1535","0","63.78","36.94"
"66","000","00","009","0921","0000","1582","940","642","63","1645","2949","0","55.78","31.88"
"66","000","00","009","0921","0426","741","465","276","21","762","1357","0","56.15","34.27"
"66","000","00","009","0921","0427","841","475","366","42","883","1592","0","55.46","29.84"
"66","000","00","009","0922","0000","3322","1991","1331","137","3459","6306","0","54.85","31.57"
"66","000","00","009","0922","0439","1084","652","432","42","1126","2299","0","48.98","28.36"
"66","000","00","009","0922","0440","1095","655","440","57","1152","1940","0","59.38","33.76"
"66","000","00","009","0922","0441","1143","684","459","38","1181","2067","0","57.14","33.09"
"66","000","00","009","0923","0000","5488","3291","2197","359","5847","10123","0","57.76","32.51"
"66","000","00","009","0923","0442","1076","669","407","84","1160","2038","0","56.92","32.83"
"66","000","00","009","0923","0443","1029","602","427","38","1067","1835","0","58.15","32.81"
"66","000","00","009","0923","0444","1072","635","437","76","1148","1979","0","58.01","32.09"
"66","000","00","009","0923","0445","1069","619","450","76","1145","2014","0","56.85","30.73"
"66","000","00","009","0923","0446","1242","766","476","85","1327","2257","0","58.79","33.94"
"66","000","00","009","0924","0000","2735","1660","1075","153","2888","4596","0","62.84","36.12"
"66","000","00","009","0924","0447","836","506","330","57","893","1406","0","63.51","35.99"
"66","000","00","009","0924","0448","833","500","333","35","868","1418","0","61.21","35.26"
"66","000","00","009","0924","0449","1066","654","412","61","1127","1772","0","63.6","36.91"
"66","000","00","009","0925","0000","6050","3738","2312","334","6384","10381","0","61.5","36.01"
"66","000","00","009","0925","0452","1000","617","383","82","1082","1758","0","61.55","35.1"
"66","000","00","009","0925","0453","947","580","367","49","996","1546","0","64.42","37.52"
"66","000","00","009","0925","0454","1076","679","397","47","1123","1815","0","61.87","37.41"
"66","000","00","009","0925","0455","1102","648","454","71","1173","1932","0","60.71","33.54"
"66","000","00","009","0925","0456","1087","665","422","51","1138","1770","0","64.29","37.57"
"66","000","00","009","0925","0457","838","549","289","34","872","1560","0","55.9","35.19"
"66","000","00","009","0926","0000","1608","1022","586","69","1677","2649","0","63.31","38.58"
"66","000","00","009","0926","0450","742","449","293","37","779","1202","0","64.81","37.35"
"66","000","00","009","0926","0451","866","573","293","32","898","1447","0","62.06","39.6"
"66","000","00","009","0927","0000","7360","4441","2919","435","7795","13032","0","59.81","34.08"
"66","000","00","009","0927","0458","1023","626","397","44","1067","1810","0","58.95","34.59"
"66","000","00","009","0927","0459","1013","609","404","40","1053","1653","0","63.7","36.84"
"66","000","00","009","0927","0460","805","504","301","58","863","1444","0","59.76","34.9"
"66","000","00","009","0927","0461","804","478","326","37","841","1318","0","63.81","36.27"
"66","000","00","009","0927","0462","895","529","366","63","958","1566","0","61.17","33.78"
"66","000","00","009","0927","0463","972","596","376","57","1029","1748","0","58.87","34.1"
"66","000","00","009","0927","0464","897","512","385","73","970","1772","0","54.74","28.89"
"66","000","00","009","0927","0465","951","587","364","63","1014","1721","0","58.92","34.11"
"66","000","00","009","0928","0000","2848","1784","1064","112","2960","5065","0","58.44","35.22"
"66","000","00","009","0928","0400","916","591","325","13","929","1617","0","57.45","36.55"
"66","000","00","009","0928","0401","840","537","303","52","892","1677","0","53.19","32.02"
"66","000","00","009","0928","0402","1092","656","436","47","1139","1771","0","64.31","37.04"
"66","000","00","009","0929","0000","907","560","347","46","953","1578","0","60.39","35.49"
"66","000","00","009","0929","0466","907","560","347","46","953","1578","0","60.39","35.49"
"66","000","00","009","0930","0000","2934","1770","1164","176","3110","5227","0","59.5","33.86"
"66","000","00","009","0930","0467","1025","596","429","70","1095","1859","0","58.9","32.06"
"66","000","00","009","0930","0468","840","510","330","45","885","1479","0","59.84","34.48"
"66","000","00","009","0930","0469","1069","664","405","61","1130","1889","0","59.82","35.15"
"66","000","00","009","0931","0000","1757","992","765","101","1858","3224","0","57.63","30.77"
"66","000","00","009","0931","0470","983","575","408","54","1037","1803","0","57.52","31.89"
"66","000","00","009","0931","0471","774","417","357","47","821","1421","0","57.78","29.35"
"66","000","00","009","0932","0000","2002","1213","789","121","2123","3359","0","63.2","36.11"
"66","000","00","009","0932","0472","947","556","391","54","1001","1585","0","63.15","35.08"
"66","000","00","009","0932","0473","1055","657","398","67","1122","1774","0","63.25","37.03"
"66","000","00","009","0933","0000","1206","762","444","62","1268","2132","0","59.47","35.74"
"66","000","00","009","0933","0474","1206","762","444","62","1268","2132","0","59.47","35.74"
"66","000","00","009","0934","0000","1586","1017","569","90","1676","2874","0","58.32","35.39"
"66","000","00","009","0934","0475","856","550","306","54","910","1515","0","60.07","36.3"
"66","000","00","009","0934","0476","730","467","263","36","766","1359","0","56.36","34.36"
"66","000","00","009","0935","0000","1221","719","502","90","1311","2082","0","62.97","34.53"
"66","000","00","009","0935","0477","549","337","212","51","600","948","0","63.29","35.55"
"66","000","00","009","0935","0478","672","382","290","39","711","1134","0","62.7","33.69"
"66","000","00","009","0936","0000","2017","1157","860","158","2175","3346","0","65.0","34.58"
"66","000","00","009","0936","0479","688","425","263","61","749","1114","0","67.24","38.15"
"66","000","00","009","0936","0480","602","338","264","48","650","1050","0","61.9","32.19"
"66","000","00","009","0936","0481","727","394","333","49","776","1182","0","65.65","33.33"
"66","000","00","010","0000","0000","23750","15459","8291","1700","25450","43181","50308","58.94","35.8"
"66","000","00","010","1001","0000","821","573","248","41","862","1357","0","63.52","42.23"
"66","000","00","010","1001","1540","821","573","248","41","862","1357","0","63.52","42.23"
"66","000","00","010","1002","0000","522","329","193","57","579","865","0","66.94","38.03"
"66","000","00","010","1002","1539","522","329","193","57","579","865","0","66.94","38.03"
"66","000","00","010","1003","0000","566","384","182","74","640","1031","0","62.08","37.25"
"66","000","00","010","1003","1538","566","384","182","74","640","1031","0","62.08","37.25"
"66","000","00","010","1004","0000","1131","767","364","57","1188","1850","0","64.22","41.46"
"66","000","00","010","1004","1536","574","390","184","30","604","984","0","61.38","39.63"
"66","000","00","010","1004","1537","557","377","180","27","584","866","0","67.44","43.53"
"66","000","00","010","1005","0000","1274","870","404","113","1387","2196","0","63.16","39.62"
"66","000","00","010","1005","1534","671","460","211","72","743","1169","0","63.56","39.35"
"66","000","00","010","1005","1535","603","410","193","41","644","1027","0","62.71","39.92"
"66","000","00","010","1006","0000","611","413","198","27","638","977","0","65.3","42.27"
"66","000","00","010","1006","1532","611","413","198","27","638","977","0","65.3","42.27"
"66","000","00","010","1007","0000","763","506","257","39","802","1395","0","57.49","36.27"
"66","000","00","010","1007","1533","763","506","257","39","802","1395","0","57.49","36.27"
"66","000","00","010","1008","0000","2050","1383","667","119","2169","3486","0","62.22","39.67"
"66","000","00","010","1008","1529","668","434","234","27","695","1222","0","56.87","35.52"
"66","000","00","010","1008","1530","760","513","247","50","810","1228","0","65.96","41.78"
"66","000","00","010","1008","1531","622","436","186","42","664","1036","0","64.09","42.08"
"66","000","00","010","1009","0000","954","641","313","90","1044","1878","0","55.59","34.13"
"66","000","00","010","1009","1527","455","310","145","19","474","872","0","54.36","35.55"
"66","000","00","010","1009","1528","499","331","168","71","570","1006","0","56.66","32.9"
"66","000","00","010","1010","0000","2049","1386","663","137","2186","3662","0","59.69","37.85"
"66","000","00","010","1010","1523","781","537","244","43","824","1372","0","60.06","39.14"
"66","000","00","010","1010","1524","813","538","275","29","842","1412","0","59.63","38.1"
"66","000","00","010","1010","1525","455","311","144","65","520","878","0","59.23","35.42"
"66","000","00","010","1011","0000","701","434","267","63","764","1475","0","51.8","29.42"
"66","000","00","010","1011","1526","701","434","267","63","764","1475","0","51.8","29.42"
"66","000","00","010","1012","0000","2768","1812","956","172","2940","4908","0","59.9","36.92"
"66","000","00","010","1012","1519","675","419","256","52","727","1335","0","54.46","31.39"
"66","000","00","010","1012","1520","669","427","242","39","708","1092","0","64.84","39.1"
"66","000","00","010","1012","1521","637","429","208","41","678","1050","0","64.57","40.86"
"66","000","00","010","1012","1522","787","537","250","40","827","1431","0","57.79","37.53"
"66","000","00","010","1013","0000","852","540","312","78","930","1628","0","57.13","33.17"
"66","000","00","010","1013","1518","852","540","312","78","930","1628","0","57.13","33.17"
"66","000","00","010","1014","0000","608","428","180","42","650","991","0","65.59","43.19"
"66","000","00","010","1014","1516","608","428","180","42","650","991","0","65.59","43.19"
"66","000","00","010","1015","0000","428","268","160","26","454","863","0","52.61","31.05"
"66","000","00","010","1015","1517","428","268","160","26","454","863","0","52.61","31.05"
"66","000","00","010","1016","0000","974","608","366","92","1066","1866","0","57.13","32.58"
"66","000","00","010","1016","1514","536","342","194","49","585","1007","0","58.09","33.96"
"66","000","00","010","1016","1515","438","266","172","43","481","859","0","56.0","30.97"
"66","000","00","010","1017","0000","662","391","271","61","723","1299","0","55.66","30.1"
"66","000","00","010","1017","1513","662","391","271","61","723","1299","0","55.66","30.1"
"66","000","00","010","1018","0000","1170","737","433","59","1229","1957","0","62.8","37.66"
"66","000","00","010","1018","1544","576","366","210","21","597","950","0","62.84","38.53"
"66","000","00","010","1018","1545","594","371","223","38","632","1007","0","62.76","36.84"
"66","000","00","010","1019","0000","1155","768","387","76","1231","2050","0","60.05","37.46"
"66","000","00","010","1019","1541","420","268","152","30","450","736","0","61.14","36.41"
"66","000","00","010","1019","1542","735","500","235","46","781","1314","0","59.44","38.05"
"66","000","00","010","1020","0000","824","507","317","78","902","1677","0","53.79","30.23"
"66","000","00","010","1020","1543","824","507","317","78","902","1677","0","53.79","30.23"
"66","000","00","010","1021","0000","599","384","215","48","647","1214","0","53.29","31.63"
"66","000","00","010","1021","1546","599","384","215","48","647","1214","0","53.29","31.63"
"66","000","00","010","1022","0000","943","523","420","75","1018","1809","0","56.27","28.91"
"66","000","00","010","1022","1547","485","277","208","36","521","907","0","57.44","30.54"
"66","000","00","010","1022","1548","458","246","212","39","497","902","0","55.1","27.27"
"66","000","00","010","1023","0000","321","205","116","10","331","720","0","45.97","28.47"
"66","000","00","010","1023","1549","321","205","116","10","331","720","0","45.97","28.47"
"66","000","00","010","1024","0000","305","165","140","18","323","666","0","48.5","24.77"
"66","000","00","010","1024","1550","305","165","140","18","323","666","0","48.5","24.77"
"66","000","00","010","1025","0000","699","437","262","48","747","1361","0","54.89","32.11"
"66","000","00","010","1025","1551","699","437","262","48","747","1361","0","54.89","32.11"
"66","000","00","011","0000","0000","34610","21418","13192","2050","36660","63069","77697","58.13","33.96"
"66","000","00","011","1101","0000","755","501","254","59","814","1356","0","60.03","36.95"
"66","000","00","011","1101","0001","755","501","254","59","814","1356","0","60.03","36.95"
"66","000","00","011","1102","0000","629","388","241","36","665","1059","0","62.8","36.64"
"66","000","00","011","1102","0002","629","388","241","36","665","1059","0","62.8","36.64"
"66","000","00","011","1103","0000","939","570","369","47","986","1568","0","62.88","36.35"
"66","000","00","011","1103","0003","415","252","163","30","445","694","0","64.12","36.31"
"66","000","00","011","1103","0004","524","318","206","17","541","874","0","61.9","36.38"
"66","000","00","011","1104","0000","406","244","162","24","430","763","0","56.36","31.98"
"66","000","00","011","1104","0005","406","244","162","24","430","763","0","56.36","31.98"
"66","000","00","011","1105","0000","1260","755","505","61","1321","2105","0","62.76","35.87"
"66","000","00","011","1105","0006","524","311","213","28","552","856","0","64.49","36.33"
"66","000","00","011","1105","0007","736","444","292","33","769","1249","0","61.57","35.55"
"66","000","00","011","1106","0000","1190","740","450","57","1247","2111","0","59.07","35.05"
"66","000","00","011","1106","0008","503","308","195","27","530","922","0","57.48","33.41"
"66","000","00","011","1106","0009","687","432","255","30","717","1189","0","60.3","36.33"
"66","000","00","011","1107","0000","1959","1227","732","156","2115","3374","0","62.69","36.37"
"66","000","00","011","1107","0010","629","392","237","51","680","1065","0","63.85","36.81"
"66","000","00","011","1107","0011","757","485","272","48","805","1252","0","64.3","38.74"
"66","000","00","011","1107","0012","573","350","223","57","630","1057","0","59.6","33.11"
"66","000","00","011","1108","0000","1242","777","465","57","1299","2091","0","62.12","37.16"
"66","000","00","011","1108","0013","593","375","218","34","627","1031","0","60.81","36.37"
"66","000","00","011","1108","0014","649","402","247","23","672","1060","0","63.4","37.92"
"66","000","00","011","1109","0000","2376","1437","939","141","2517","4405","0","57.14","32.62"
"66","000","00","011","1109","0015","716","439","277","52","768","1311","0","58.58","33.49"
"66","000","00","011","1109","0016","784","479","305","37","821","1424","0","57.65","33.64"
"66","000","00","011","1109","0017","876","519","357","52","928","1670","0","55.57","31.08"
"66","000","00","011","1110","0000","455","290","165","31","486","812","0","59.85","35.71"
"66","000","00","011","1110","0018","455","290","165","31","486","812","0","59.85","35.71"
"66","000","00","011","1111","0000","520","347","173","42","562","863","0","65.12","40.21"
"66","000","00","011","1111","0019","520","347","173","42","562","863","0","65.12","40.21"
"66","000","00","011","1112","0000","1780","1216","564","79","1859","3186","0","58.35","38.17"
"66","000","00","011","1112","0020","908","664","244","42","950","1598","0","59.45","41.55"
"66","000","00","011","1112","0021","872","552","320","37","909","1588","0","57.24","34.76"
"66","000","00","011","1113","0000","658","405","253","41","699","1197","0","58.4","33.83"
"66","000","00","011","1113","0022","658","405","253","41","699","1197","0","58.4","33.83"
"66","000","00","011","1114","0000","459","420","39","60","519","1106","0","46.93","37.97"
"66","000","00","011","1114","0023","459","420","39","60","519","1106","0","46.93","37.97"
"66","000","00","011","1115","0000","1047","760","287","72","1119","1772","0","63.15","42.89"
"66","000","00","011","1115","0024","529","318","211","40","569","903","0","63.01","35.22"
"66","000","00","011","1115","0025","518","442","76","32","550","869","0","63.29","50.86"
"66","000","00","011","1116","0000","3039","1857","1182","163","3202","5269","0","60.77","35.24"
"66","000","00","011","1116","0026","801","466","335","29","830","1350","0","61.48","34.52"
"66","000","00","011","1116","0027","626","395","231","63","689","1144","0","60.23","34.53"
"66","000","00","011","1116","0028","708","460","248","37","745","1208","0","61.67","38.08"
"66","000","00","011","1116","0029","904","536","368","34","938","1567","0","59.86","34.21"
"66","000","00","011","1117","0000","1225","728","497","54","1279","2013","0","63.54","36.16"
"66","000","00","011","1117","0030","774","446","328","28","802","1246","0","64.37","35.79"
"66","000","00","011","1117","0031","451","282","169","26","477","767","0","62.19","36.77"
"66","000","00","011","1118","0000","1041","671","370","58","1099","1762","0","62.37","38.08"
"66","000","00","011","1118","0032","460","278","182","26","486","790","0","61.52","35.19"
"66","000","00","011","1118","0033","581","393","188","32","613","972","0","63.07","40.43"
"66","000","00","011","1119","0000","750","449","301","27","777","1388","0","55.98","32.35"
"66","000","00","011","1119","0034","750","449","301","27","777","1388","0","55.98","32.35"
"66","000","00","011","1120","0000","2531","1583","948","104","2635","4432","0","59.45","35.72"
"66","000","00","011","1120","0035","694","412","282","26","720","1331","0","54.09","30.95"
"66","000","00","011","1120","0036","694","466","228","34","728","1167","0","62.38","39.93"
"66","000","00","011","1120","0037","1143","705","438","44","1187","1934","0","61.38","36.45"
"66","000","00","011","1121","0000","622","368","254","39","661","1263","0","52.34","29.14"
"66","000","00","011","1121","0038","622","368","254","39","661","1263","0","52.34","29.14"
"66","000","00","011","1122","0000","2120","1257","863","100","2220","3973","0","55.88","31.64"
"66","000","00","011","1122","0039","766","446","320","39","805","1390","0","57.91","32.09"
"66","000","00","011","1122","0040","585","358","227","28","613","1186","0","51.69","30.19"
"66","000","00","011","1122","0041","769","453","316","33","802","1397","0","57.41","32.43"
"66","000","00","011","1123","0000","1257","725","532","76","1333","2571","0","51.85","28.2"
"66","000","00","011","1123","0042","545","311","234","16","561","1173","0","47.83","26.51"
"66","000","00","011","1123","0043","712","414","298","60","772","1398","0","55.22","29.61"
"66","000","00","011","1124","0000","2791","1584","1207","156","2947","5453","0","54.04","29.05"
"66","000","00","011","1124","0044","598","337","261","42","640","1228","0","52.12","27.44"
"66","000","00","011","1124","0045","646","383","263","36","682","1258","0","54.21","30.45"
"66","000","00","011","1124","0046","738","404","334","44","782","1435","0","54.49","28.15"
"66","000","00","011","1124","0047","809","460","349","34","843","1532","0","55.03","30.03"
"66","000","00","011","1125","0000","766","437","329","63","829","1522","0","54.47","28.71"
"66","000","00","011","1125","0048","351","208","143","31","382","652","0","58.59","31.9"
"66","000","00","011","1125","0049","415","229","186","32","447","870","0","51.38","26.32"
"66","000","00","011","1126","0000","893","554","339","52","945","1675","0","56.42","33.07"
"66","000","00","011","1126","0050","456","276","180","24","480","891","0","53.87","30.98"
"66","000","00","011","1126","0051","437","278","159","28","465","784","0","59.31","35.46"
"66","000","00","011","1127","0000","681","411","270","72","753","1368","0","55.04","30.04"
"66","000","00","011","1127","0052","681","411","270","72","753","1368","0","55.04","30.04"
"66","000","00","011","1128","0000","538","316","222","66","604","1126","0","53.64","28.06"
"66","000","00","011","1128","0053","538","316","222","66","604","1126","0","53.64","28.06"
"66","000","00","011","1129","0000","681","401","280","57","738","1486","0","49.66","26.99"
"66","000","00","011","1129","0054","681","401","280","57","738","1486","0","49.66","26.99"
"66","000","00","012","0000","0000","39386","23845","15541","2684","42070","71528","86659","58.82","33.34"
"66","000","00","012","1201","0000","551","327","224","36","587","1076","0","54.55","30.39"
"66","000","00","012","1201","0091","551","327","224","36","587","1076","0","54.55","30.39"
"66","000","00","012","1202","0000","587","364","223","38","625","953","0","65.58","38.2"
"66","000","00","012","1202","0092","587","364","223","38","625","953","0","65.58","38.2"
"66","000","00","012","1203","0000","1214","745","469","94","1308","2057","0","63.59","36.22"
"66","000","00","012","1203","0093","523","304","219","54","577","914","0","63.13","33.26"
"66","000","00","012","1203","0094","691","441","250","40","731","1143","0","63.95","38.58"
"66","000","00","012","1204","0000","397","240","157","28","425","680","0","62.5","35.29"
"66","000","00","012","1204","0095","397","240","157","28","425","680","0","62.5","35.29"
"66","000","00","012","1205","0000","1078","658","420","70","1148","1797","0","63.88","36.62"
"66","000","00","012","1205","0096","532","324","208","32","564","904","0","62.39","35.84"
"66","000","00","012","1205","0097","546","334","212","38","584","893","0","65.4","37.4"
"66","000","00","012","1206","0000","881","532","349","39","920","1577","0","58.34","33.73"
"66","000","00","012","1206","0098","881","532","349","39","920","1577","0","58.34","33.73"
"66","000","00","012","1207","0000","386","253","133","30","416","690","0","60.29","36.67"
"66","000","00","012","1207","0099","386","253","133","30","416","690","0","60.29","36.67"
"66","000","00","012","1208","0000","234","145","89","16","250","403","0","62.03","35.98"
"66","000","00","012","1208","0100","234","145","89","16","250","403","0","62.03","35.98"
"66","000","00","012","1209","0000","1212","737","475","83","1295","2190","0","59.13","33.65"
"66","000","00","012","1209","0101","781","470","311","55","836","1413","0","59.16","33.26"
"66","000","00","012","1209","0102","431","267","164","28","459","777","0","59.07","34.36"
"66","000","00","012","1210","0000","5405","3367","2038","263","5668","9237","0","61.36","36.45"
"66","000","00","012","1210","0103","761","498","263","38","799","1313","0","60.85","37.93"
"66","000","00","012","1210","0104","837","512","325","59","896","1439","0","62.27","35.58"
"66","000","00","012","1210","0105","672","411","261","24","696","1265","0","55.02","32.49"
"66","000","00","012","1210","0106","761","479","282","39","800","1277","0","62.65","37.51"
"66","000","00","012","1210","0107","739","473","266","40","779","1276","0","61.05","37.07"
"66","000","00","012","1210","0108","829","502","327","39","868","1376","0","63.08","36.48"
"66","000","00","012","1210","0109","806","492","314","24","830","1291","0","64.29","38.11"
"66","000","00","012","1211","0000","873","498","375","48","921","1510","0","60.99","32.98"
"66","000","00","012","1211","0110","873","498","375","48","921","1510","0","60.99","32.98"
"66","000","00","012","1212","0000","837","514","323","70","907","1524","0","59.51","33.73"
"66","000","00","012","1212","0111","837","514","323","70","907","1524","0","59.51","33.73"
"66","000","00","012","1213","0000","2375","1459","916","143","2518","4302","0","58.53","33.91"
"66","000","00","012","1213","0112","755","440","315","41","796","1474","0","54.0","29.85"
"66","000","00","012","1213","0113","816","537","279","45","861","1507","0","57.13","35.63"
"66","000","00","012","1213","0114","804","482","322","57","861","1321","0","65.18","36.49"
"66","000","00","012","1214","0000","1790","1062","728","95","1885","3293","0","57.24","32.25"
"66","000","00","012","1214","0115","580","348","232","34","614","1157","0","53.07","30.08"
"66","000","00","012","1214","0116","726","424","302","35","761","1255","0","60.64","33.78"
"66","000","00","012","1214","0117","484","290","194","26","510","881","0","57.89","32.92"
"66","000","00","012","1215","0000","1180","685","495","86","1266","2034","0","62.24","33.68"
"66","000","00","012","1215","0118","636","356","280","44","680","1083","0","62.79","32.87"
"66","000","00","012","1215","0119","544","329","215","42","586","951","0","61.62","34.6"
"66","000","00","012","1216","0000","2613","1605","1008","205","2818","5145","0","54.77","31.2"
"66","000","00","012","1216","0120","733","446","287","54","787","1424","0","55.27","31.32"
"66","000","00","012","1216","0121","613","388","225","61","674","1233","0","54.66","31.47"
"66","000","00","012","1216","0122","591","342","249","44","635","1288","0","49.3","26.55"
"66","000","00","012","1216","0123","676","429","247","46","722","1200","0","60.17","35.75"
"66","000","00","012","1217","0000","1629","1052","577","65","1694","2745","0","61.71","38.32"
"66","000","00","012","1217","0124","931","633","298","38","969","1609","0","60.22","39.34"
"66","000","00","012","1217","0125","698","419","279","27","725","1136","0","63.82","36.88"
"66","000","00","012","1218","0000","674","404","270","64","738","1302","0","56.68","31.03"
"66","000","00","012","1218","0126","674","404","270","64","738","1302","0","56.68","31.03"
"66","000","00","012","1219","0000","715","443","272","67","782","1373","0","56.96","32.27"
"66","000","00","012","1219","0127","715","443","272","67","782","1373","0","56.96","32.27"
"66","000","00","012","1220","0000","590","327","263","66","656","1257","0","52.19","26.01"
"66","000","00","012","1220","0128","590","327","263","66","656","1257","0","52.19","26.01"
"66","000","00","012","1221","0000","556","332","224","49","605","1184","0","51.1","28.04"
"66","000","00","012","1221","0129","556","332","224","49","605","1184","0","51.1","28.04"
"66","000","00","012","1222","0000","697","419","278","52","749","1322","0","56.66","31.69"
"66","000","00","012","1222","0130","697","419","278","52","749","1322","0","56.66","31.69"
"66","000","00","012","1223","0000","1059","643","416","117","1176","2120","0","55.47","30.33"
"66","000","00","012","1223","0131","585","357","228","45","630","1193","0","52.81","29.92"
"66","000","00","012","1223","0132","474","286","188","72","546","927","0","58.9","30.85"
"66","000","00","012","1224","0000","1293","778","515","108","1401","2236","0","62.66","34.79"
"66","000","00","012","1224","0133","628","388","240","44","672","1073","0","62.63","36.16"
"66","000","00","012","1224","0134","665","390","275","64","729","1163","0","62.68","33.53"
"66","000","00","012","1225","0000","895","532","363","87","982","1757","0","55.89","30.28"
"66","000","00","012","1225","0135","440","265","175","38","478","855","0","55.91","30.99"
"66","000","00","012","1225","0136","455","267","188","49","504","902","0","55.88","29.6"
"66","000","00","012","1226","0000","1319","736","583","80","1399","2481","0","56.39","29.67"
"66","000","00","012","1226","0137","773","427","346","43","816","1415","0","57.67","30.18"
"66","000","00","012","1226","0138","546","309","237","37","583","1066","0","54.69","28.99"
"66","000","00","012","1227","0000","3955","2373","1582","230","4185","7264","0","57.61","32.67"
"66","000","00","012","1227","0139","728","438","290","63","791","1391","0","56.87","31.49"
"66","000","00","012","1227","0140","733","439","294","33","766","1449","0","52.86","30.3"
"66","000","00","012","1227","0141","786","448","338","50","836","1377","0","60.71","32.53"
"66","000","00","012","1227","0142","804","481","323","44","848","1423","0","59.59","33.8"
"66","000","00","012","1227","0143","904","567","337","40","944","1624","0","58.13","34.91"
"66","000","00","012","1228","0000","1486","749","737","147","1633","2822","0","57.87","26.54"
"66","000","00","012","1228","0144","701","319","382","77","778","1358","0","57.29","23.49"
"66","000","00","012","1228","0145","785","430","355","70","855","1464","0","58.4","29.37"
"66","000","00","012","1229","0000","653","399","254","56","709","1211","0","58.55","32.95"
"66","000","00","012","1229","0146","653","399","254","56","709","1211","0","58.55","32.95"
"66","000","00","012","1230","0000","673","446","227","55","728","1162","0","62.65","38.38"
"66","000","00","012","1230","0148","673","446","227","55","728","1162","0","62.65","38.38"
"66","000","00","012","1231","0000","816","555","261","63","879","1368","0","64.25","40.57"
"66","000","00","012","1231","0149","816","555","261","63","879","1368","0","64.25","40.57"
"66","000","00","012","1232","0000","763","466","297","34","797","1456","0","54.74","32.01"
"66","000","00","012","1232","0147","763","466","297","34","797","1456","0","54.74","32.01"
"66","000","00","013","0000","0000","40124","24395","15729","2327","42451","74207","93720","57.21","32.87"
"66","000","00","013","1301","0000","713","419","294","37","750","1380","0","54.35","30.36"
"66","000","00","013","1301","0186","713","419","294","37","750","1380","0","54.35","30.36"
"66","000","00","013","1302","0000","1185","767","418","69","1254","2028","0","61.83","37.82"
"66","000","00","013","1302","0187","486","308","178","35","521","852","0","61.15","36.15"
"66","000","00","013","1302","0188","699","459","240","34","733","1176","0","62.33","39.03"
"66","000","00","013","1303","0000","591","341","250","55","646","958","0","67.43","35.59"
"66","000","00","013","1303","0189","591","341","250","55","646","958","0","67.43","35.59"
"66","000","00","013","1304","0000","305","206","99","30","335","488","0","68.65","42.21"
"66","000","00","013","1304","0190","305","206","99","30","335","488","0","68.65","42.21"
"66","000","00","013","1305","0000","1348","796","552","83","1431","2462","0","58.12","32.33"
"66","000","00","013","1305","0191","652","366","286","40","692","1177","0","58.79","31.1"
"66","000","00","013","1305","0192","696","430","266","43","739","1285","0","57.51","33.46"
"66","000","00","013","1306","0000","2388","1477","911","146","2534","4336","0","58.44","34.06"
"66","000","00","013","1306","0195","765","470","295","36","801","1469","0","54.53","31.99"
"66","000","00","013","1306","0196","832","534","298","40","872","1423","0","61.28","37.53"
"66","000","00","013","1306","0197","791","473","318","70","861","1444","0","59.63","32.76"
"66","000","00","013","1307","0000","2774","1648","1126","180","2954","5046","0","58.54","32.66"
"66","000","00","013","1307","0198","801","489","312","64","865","1469","0","58.88","33.29"
"66","000","00","013","1307","0199","1032","610","422","69","1101","1902","0","57.89","32.07"
"66","000","00","013","1307","0200","941","549","392","47","988","1675","0","58.99","32.78"
"66","000","00","013","1308","0000","3872","2249","1623","234","4106","6728","0","61.03","33.43"
"66","000","00","013","1308","0201","594","364","230","44","638","1098","0","58.11","33.15"
"66","000","00","013","1308","0202","878","516","362","61","939","1539","0","61.01","33.53"
"66","000","00","013","1308","0203","781","480","301","31","812","1329","0","61.1","36.12"
"66","000","00","013","1308","0204","767","396","371","39","806","1255","0","64.22","31.55"
"66","000","00","013","1308","0205","852","493","359","59","911","1507","0","60.45","32.71"
"66","000","00","013","1309","0000","3936","2382","1554","269","4205","7300","0","57.6","32.63"
"66","000","00","013","1309","0206","811","473","338","58","869","1463","0","59.4","32.33"
"66","000","00","013","1309","0207","652","411","241","60","712","1279","0","55.67","32.13"
"66","000","00","013","1309","0208","512","308","204","38","550","1024","0","53.71","30.08"
"66","000","00","013","1309","0209","698","428","270","60","758","1388","0","54.61","30.84"
"66","000","00","013","1309","0210","630","381","249","22","652","1074","0","60.71","35.47"
"66","000","00","013","1309","0211","633","381","252","31","664","1072","0","61.94","35.54"
"66","000","00","013","1310","0000","637","384","253","48","685","1107","0","61.88","34.69"
"66","000","00","013","1310","0212","637","384","253","48","685","1107","0","61.88","34.69"
"66","000","00","013","1311","0000","2460","1550","910","125","2585","4771","0","54.18","32.49"
"66","000","00","013","1311","0215","909","582","327","48","957","1633","0","58.6","35.64"
"66","000","00","013","1311","0216","787","489","298","45","832","1533","0","54.27","31.9"
"66","000","00","013","1311","0217","764","479","285","32","796","1605","0","49.6","29.84"
"66","000","00","013","1312","0000","1792","1051","741","98","1890","3629","0","52.08","28.96"
"66","000","00","013","1312","0213","942","539","403","47","989","1947","0","50.8","27.68"
"66","000","00","013","1312","0214","850","512","338","51","901","1682","0","53.57","30.44"
"66","000","00","013","1313","0000","877","529","348","29","906","1694","0","53.48","31.23"
"66","000","00","013","1313","0218","877","529","348","29","906","1694","0","53.48","31.23"
"66","000","00","013","1314","0000","2655","1588","1067","118","2773","4944","0","56.09","32.12"
"66","000","00","013","1314","0219","830","495","335","47","877","1628","0","53.87","30.41"
"66","000","00","013","1314","0220","957","560","397","24","981","1665","0","58.92","33.63"
"66","000","00","013","1314","0221","868","533","335","47","915","1651","0","55.42","32.28"
"66","000","00","013","1315","0000","1884","1176","708","89","1973","3289","0","59.99","35.76"
"66","000","00","013","1315","0222","647","388","259","18","665","1108","0","60.02","35.02"
"66","000","00","013","1315","0223","667","428","239","38","705","1142","0","61.73","37.48"
"66","000","00","013","1315","0224","570","360","210","33","603","1039","0","58.04","34.65"
"66","000","00","013","1316","0000","2745","1720","1025","148","2893","5270","0","54.9","32.64"
"66","000","00","013","1316","0225","965","601","364","52","1017","1840","0","55.27","32.66"
"66","000","00","013","1316","0226","1001","642","359","38","1039","1872","0","55.5","34.29"
"66","000","00","013","1316","0227","779","477","302","58","837","1558","0","53.72","30.62"
"66","000","00","013","1317","0000","2374","1489","885","124","2498","4314","0","57.9","34.52"
"66","000","00","013","1317","0232","871","517","354","38","909","1593","0","57.06","32.45"
"66","000","00","013","1317","0233","518","340","178","23","541","981","0","55.15","34.66"
"66","000","00","013","1317","0234","985","632","353","63","1048","1740","0","60.23","36.32"
"66","000","00","013","1318","0000","1334","848","486","64","1398","2294","0","60.94","36.97"
"66","000","00","013","1318","0235","724","452","272","45","769","1247","0","61.67","36.25"
"66","000","00","013","1318","0236","610","396","214","19","629","1047","0","60.08","37.82"
"66","000","00","013","1319","0000","1137","667","470","80","1217","2144","0","56.76","31.11"
"66","000","00","013","1319","0237","589","348","241","59","648","1119","0","57.91","31.1"
"66","000","00","013","1319","0238","548","319","229","21","569","1025","0","55.51","31.12"
"66","000","00","013","1320","0000","1804","1046","758","132","1936","3364","0","57.55","31.09"
"66","000","00","013","1320","0193","882","504","378","62","944","1736","0","54.38","29.03"
"66","000","00","013","1320","0194","922","542","380","70","992","1628","0","60.93","33.29"
"66","000","00","013","1321","0000","3313","2062","1251","169","3482","6661","0","52.27","30.96"
"66","000","00","013","1321","0228","851","525","326","54","905","1739","0","52.04","30.19"
"66","000","00","013","1321","0229","795","496","299","45","840","1672","0","50.24","29.67"
"66","000","00","013","1321","0230","882","551","331","29","911","1634","0","55.75","33.72"
"66","000","00","013","1321","0231","785","490","295","41","826","1616","0","51.11","30.32"
"66","000","00","014","0000","0000","25301","14659","10642","1655","26956","47040","58189","57.3","31.16"
"66","000","00","014","1401","0000","1649","988","661","108","1757","3122","0","56.28","31.65"
"66","000","00","014","1401","0150","809","473","336","63","872","1541","0","56.59","30.69"
"66","000","00","014","1401","0151","840","515","325","45","885","1581","0","55.98","32.57"
"66","000","00","014","1402","0000","1104","653","451","66","1170","1959","0","59.72","33.33"
"66","000","00","014","1402","0152","584","350","234","56","640","1083","0","59.1","32.32"
"66","000","00","014","1402","0153","520","303","217","10","530","876","0","60.5","34.59"
"66","000","00","014","1403","0000","2081","1232","849","126","2207","3929","0","56.17","31.36"
"66","000","00","014","1403","0154","583","339","244","38","621","1043","0","59.54","32.5"
"66","000","00","014","1403","0155","741","438","303","44","785","1502","0","52.26","29.16"
"66","000","00","014","1403","0156","757","455","302","44","801","1384","0","57.88","32.88"
"66","000","00","014","1404","0000","320","191","129","29","349","517","0","67.5","36.94"
"66","000","00","014","1404","0157","320","191","129","29","349","517","0","67.5","36.94"
"66","000","00","014","1405","0000","682","404","278","68","750","1169","0","64.16","34.56"
"66","000","00","014","1405","0158","682","404","278","68","750","1169","0","64.16","34.56"
"66","000","00","014","1406","0000","481","263","218","43","524","863","0","60.72","30.48"
"66","000","00","014","1406","0159","481","263","218","43","524","863","0","60.72","30.48"
"66","000","00","014","1407","0000","3202","1784","1418","209","3411","6128","0","55.66","29.11"
"66","000","00","014","1407","0160","606","364","242","38","644","1277","0","50.43","28.5"
"66","000","00","014","1407","0161","899","515","384","51","950","1742","0","54.54","29.56"
"66","000","00","014","1407","0162","737","377","360","55","792","1342","0","59.02","28.09"
"66","000","00","014","1407","0163","960","528","432","65","1025","1767","0","58.01","29.88"
"66","000","00","014","1408","0000","2493","1446","1047","148","2641","4974","0","53.1","29.07"
"66","000","00","014","1408","0164","720","394","326","64","784","1542","0","50.84","25.55"
"66","000","00","014","1408","0165","864","507","357","33","897","1636","0","54.83","30.99"
"66","000","00","014","1408","0166","909","545","364","51","960","1796","0","53.45","30.35"
"66","000","00","014","1409","0000","2291","1331","960","174","2465","4364","0","56.48","30.5"
"66","000","00","014","1409","0167","757","441","316","46","803","1450","0","55.38","30.41"
"66","000","00","014","1409","0168","769","436","333","85","854","1548","0","55.17","28.17"
"66","000","00","014","1409","0169","765","454","311","43","808","1366","0","59.15","33.24"
"66","000","00","014","1410","0000","4121","2411","1710","246","4367","7342","0","59.48","32.84"
"66","000","00","014","1410","0170","596","327","269","25","621","955","0","65.03","34.24"
"66","000","00","014","1410","0171","677","423","254","41","718","1305","0","55.02","32.41"
"66","000","00","014","1410","0172","700","411","289","34","734","1239","0","59.24","33.17"
"66","000","00","014","1410","0173","618","359","259","51","669","1079","0","62.0","33.27"
"66","000","00","014","1410","0174","657","368","289","34","691","1220","0","56.64","30.16"
"66","000","00","014","1410","0175","873","523","350","61","934","1544","0","60.49","33.87"
"66","000","00","014","1411","0000","3088","1771","1317","169","3257","5607","0","58.09","31.59"
"66","000","00","014","1411","0176","846","464","382","39","885","1460","0","60.62","31.78"
"66","000","00","014","1411","0177","744","419","325","46","790","1292","0","61.15","32.43"
"66","000","00","014","1411","0178","690","400","290","51","741","1300","0","57.0","30.77"
"66","000","00","014","1411","0179","808","488","320","33","841","1555","0","54.08","31.38"
"66","000","00","014","1412","0000","1255","727","528","86","1341","2308","0","58.1","31.5"
"66","000","00","014","1412","0180","543","321","222","34","577","1031","0","55.97","31.13"
"66","000","00","014","1412","0181","712","406","306","52","764","1277","0","59.83","31.79"
"66","000","00","014","1413","0000","1197","678","519","100","1297","2224","0","58.32","30.49"
"66","000","00","014","1413","0182","543","308","235","40","583","1037","0","56.22","29.7"
"66","000","00","014","1413","0183","654","370","284","60","714","1187","0","60.15","31.17"
"66","000","00","014","1414","0000","1337","780","557","83","1420","2534","0","56.04","30.78"
"66","000","00","014","1414","0184","726","419","307","49","775","1399","0","55.4","29.95"
"66","000","00","014","1414","0185","611","361","250","34","645","1135","0","56.83","31.81"
"66","000","00","015","0000","0000","24544","14278","10266","1693","26237","44962","54682","58.35","31.76"
"66","000","00","015","1501","0000","1091","670","421","106","1197","1987","0","60.24","33.72"
"66","000","00","015","1501","0357","497","313","184","50","547","852","0","64.2","36.74"
"66","000","00","015","1501","0358","594","357","237","56","650","1135","0","57.27","31.45"
"66","000","00","015","1502","0000","527","322","205","53","580","1079","0","53.75","29.84"
"66","000","00","015","1502","0359","527","322","205","53","580","1079","0","53.75","29.84"
"66","000","00","015","1503","0000","1726","1030","696","108","1834","3130","0","58.59","32.91"
"66","000","00","015","1503","0360","850","518","332","55","905","1539","0","58.8","33.66"
"66","000","00","015","1503","0361","876","512","364","53","929","1591","0","58.39","32.18"
"66","000","00","015","1504","0000","2130","1253","877","163","2293","3701","0","61.96","33.86"
"66","000","00","015","1504","0364","776","452","324","78","854","1428","0","59.8","31.65"
"66","000","00","015","1504","0365","735","433","302","48","783","1178","0","66.47","36.76"
"66","000","00","015","1504","0366","619","368","251","37","656","1095","0","59.91","33.61"
"66","000","00","015","1505","0000","1163","706","457","63","1226","2126","0","57.67","33.21"
"66","000","00","015","1505","0367","531","318","213","20","551","963","0","57.22","33.02"
"66","000","00","015","1505","0368","632","388","244","43","675","1163","0","58.04","33.36"
"66","000","00","015","1506","0000","2677","1537","1140","172","2849","4712","0","60.46","32.62"
"66","000","00","015","1506","0369","585","339","246","35","620","1018","0","60.9","33.3"
"66","000","00","015","1506","0370","515","296","219","37","552","854","0","64.64","34.66"
"66","000","00","015","1506","0371","757","413","344","57","814","1485","0","54.81","27.81"
"66","000","00","015","1506","0372","820","489","331","43","863","1355","0","63.69","36.09"
"66","000","00","015","1507","0000","1075","643","432","80","1155","1986","0","58.16","32.38"
"66","000","00","015","1507","0373","428","255","173","39","467","840","0","55.6","30.36"
"66","000","00","015","1507","0374","647","388","259","41","688","1146","0","60.03","33.86"
"66","000","00","015","1508","0000","1937","1081","856","134","2071","3342","0","61.97","32.35"
"66","000","00","015","1508","0375","971","565","406","56","1027","1669","0","61.53","33.85"
"66","000","00","015","1508","0376","966","516","450","78","1044","1673","0","62.4","30.84"
"66","000","00","015","1509","0000","1925","1124","801","115","2040","3454","0","59.06","32.54"
"66","000","00","015","1509","0377","840","494","346","35","875","1493","0","58.61","33.09"
"66","000","00","015","1509","0378","608","356","252","52","660","1052","0","62.74","33.84"
"66","000","00","015","1509","0379","477","274","203","28","505","909","0","55.56","30.14"
"66","000","00","015","1510","0000","1360","853","507","144","1504","2433","0","61.82","35.06"
"66","000","00","015","1510","0380","609","382","227","64","673","1091","0","61.69","35.01"
"66","000","00","015","1510","0381","751","471","280","80","831","1342","0","61.92","35.1"
"66","000","00","015","1511","0000","1152","647","505","89","1241","2115","0","58.68","30.59"
"66","000","00","015","1511","0382","594","343","251","55","649","1138","0","57.03","30.14"
"66","000","00","015","1511","0383","558","304","254","34","592","977","0","60.59","31.12"
"66","000","00","015","1512","0000","733","434","299","42","775","1584","0","48.93","27.4"
"66","000","00","015","1512","0384","733","434","299","42","775","1584","0","48.93","27.4"
"66","000","00","015","1513","0000","1171","660","511","103","1274","2140","0","59.53","30.84"
"66","000","00","015","1513","0385","492","293","199","39","531","915","0","58.03","32.02"
"66","000","00","015","1513","0386","679","367","312","64","743","1225","0","60.65","29.96"
"66","000","00","015","1514","0000","1708","991","717","57","1765","3152","0","56.0","31.44"
"66","000","00","015","1514","0387","840","468","372","34","874","1552","0","56.31","30.15"
"66","000","00","015","1514","0388","868","523","345","23","891","1600","0","55.69","32.69"
"66","000","00","015","1515","0000","668","390","278","46","714","1340","0","53.28","29.1"
"66","000","00","015","1515","0393","668","390","278","46","714","1340","0","53.28","29.1"
"66","000","00","015","1516","0000","1106","658","448","88","1194","2122","0","56.27","31.01"
"66","000","00","015","1516","0391","522","318","204","40","562","1055","0","53.27","30.14"
"66","000","00","015","1516","0392","584","340","244","48","632","1067","0","59.23","31.87"
"66","000","00","015","1517","0000","1002","596","406","61","1063","1885","0","56.39","31.62"
"66","000","00","015","1517","0389","505","299","206","31","536","942","0","56.9","31.74"
"66","000","00","015","1517","0390","497","297","200","30","527","943","0","55.89","31.5"
"66","000","00","015","1518","0000","1393","683","710","69","1462","2674","0","54.67","25.54"
"66","000","00","015","1518","0362","678","402","276","39","717","1376","0","52.11","29.22"
"66","000","00","015","1518","0363","715","281","434","30","745","1298","0","57.4","21.65"
"66","000","00","016","0000","0000","30779","18494","12285","1839","32618","54565","65692","59.78","33.89"
"66","000","00","016","1601","0000","1856","1129","727","94","1950","3243","0","60.13","34.81"
"66","000","00","016","1601","0482","965","581","384","58","1023","1684","0","60.75","34.5"
"66","000","00","016","1601","0483","891","548","343","36","927","1559","0","59.46","35.15"
"66","000","00","016","1602","0000","1276","750","526","78","1354","2139","0","63.3","35.06"
"66","000","00","016","1602","0484","600","360","240","44","644","1095","0","58.81","32.88"
"66","000","00","016","1602","0485","676","390","286","34","710","1044","0","68.01","37.36"
"66","000","00","016","1603","0000","1585","986","599","95","1680","2604","0","64.52","37.86"
"66","000","00","016","1603","0486","817","509","308","40","857","1310","0","65.42","38.85"
"66","000","00","016","1603","0487","768","477","291","55","823","1294","0","63.6","36.86"
"66","000","00","016","1604","0000","1238","765","473","97","1335","2165","0","61.66","35.33"
"66","000","00","016","1604","0488","647","390","257","49","696","1143","0","60.89","34.12"
"66","000","00","016","1604","0489","591","375","216","48","639","1022","0","62.52","36.69"
"66","000","00","016","1605","0000","3952","2325","1627","203","4155","7265","0","57.19","32.0"
"66","000","00","016","1605","0498","778","443","335","43","821","1452","0","56.54","30.51"
"66","000","00","016","1605","0499","911","544","367","48","959","1551","0","61.83","35.07"
"66","000","00","016","1605","0500","818","485","333","50","868","1567","0","55.39","30.95"
"66","000","00","016","1605","0501","812","474","338","31","843","1449","0","58.18","32.71"
"66","000","00","016","1605","0502","633","379","254","31","664","1246","0","53.29","30.42"
"66","000","00","016","1606","0000","3070","1885","1185","197","3267","5267","0","62.03","35.79"
"66","000","00","016","1606","0503","821","508","313","41","862","1431","0","60.24","35.5"
"66","000","00","016","1606","0504","674","395","279","61","735","1163","0","63.2","33.96"
"66","000","00","016","1606","0505","856","546","310","47","903","1402","0","64.41","38.94"
"66","000","00","016","1606","0506","719","436","283","48","767","1271","0","60.35","34.3"
"66","000","00","016","1607","0000","1459","751","708","94","1553","2510","0","61.87","29.92"
"66","000","00","016","1607","0507","686","266","420","55","741","1198","0","61.85","22.2"
"66","000","00","016","1607","0508","773","485","288","39","812","1312","0","61.89","36.97"
"66","000","00","016","1608","0000","1651","1040","611","84","1735","2885","0","60.14","36.05"
"66","000","00","016","1608","0512","911","563","348","51","962","1483","0","64.87","37.96"
"66","000","00","016","1608","0513","740","477","263","33","773","1402","0","55.14","34.02"
"66","000","00","016","1609","0000","2334","1430","904","110","2444","4329","0","56.46","33.03"
"66","000","00","016","1609","0509","875","551","324","35","910","1590","0","57.23","34.65"
"66","000","00","016","1609","0510","701","431","270","39","740","1324","0","55.89","32.55"
"66","000","00","016","1609","0511","758","448","310","36","794","1415","0","56.11","31.66"
"66","000","00","016","1610","0000","3982","2371","1611","242","4224","7224","0","58.47","32.82"
"66","000","00","016","1610","0514","675","397","278","41","716","1275","0","56.16","31.14"
"66","000","00","016","1610","0515","667","402","265","40","707","1288","0","54.89","31.21"
"66","000","00","016","1610","0516","569","347","222","49","618","1080","0","57.22","32.13"
"66","000","00","016","1610","0517","734","434","300","30","764","1344","0","56.85","32.29"
"66","000","00","016","1610","0518","632","378","254","38","670","1061","0","63.15","35.63"
"66","000","00","016","1610","0519","705","413","292","44","749","1176","0","63.69","35.12"
"66","000","00","016","1611","0000","1525","931","594","114","1639","2562","0","63.97","36.34"
"66","000","00","016","1611","0520","727","455","272","56","783","1244","0","62.94","36.58"
"66","000","00","016","1611","0521","798","476","322","58","856","1318","0","64.95","36.12"
"66","000","00","016","1612","0000","1610","975","635","116","1726","2794","0","61.78","34.9"
"66","000","00","016","1612","0522","797","491","306","51","848","1471","0","57.65","33.38"
"66","000","00","016","1612","0523","813","484","329","65","878","1323","0","66.36","36.58"
"66","000","00","016","1613","0000","1201","765","436","70","1271","2354","0","53.99","32.5"
"66","000","00","016","1613","0490","686","428","258","41","727","1269","0","57.29","33.73"
"66","000","00","016","1613","0491","515","337","178","29","544","1085","0","50.14","31.06"
"66","000","00","016","1614","0000","2242","1359","883","150","2392","4090","0","58.48","33.23"
"66","000","00","016","1614","0494","738","452","286","52","790","1390","0","56.83","32.52"
"66","000","00","016","1614","0495","812","492","320","56","868","1372","0","63.27","35.86"
"66","000","00","016","1614","0496","692","415","277","42","734","1328","0","55.27","31.25"
"66","000","00","016","1615","0000","1219","686","533","67","1286","2096","0","61.35","32.73"
"66","000","00","016","1615","0492","569","297","272","30","599","942","0","63.59","31.53"
"66","000","00","016","1615","0493","650","389","261","37","687","1154","0","59.53","33.71"
"66","000","00","016","1616","0000","579","346","233","28","607","1038","0","58.48","33.33"
"66","000","00","016","1616","0497","579","346","233","28","607","1038","0","58.48","33.33"
"66","000","00","017","0000","0000","49338","30585","18753","2484","51822","89487","108777","57.91","34.18"
"66","000","00","017","1701","0000","5977","3650","2327","285","6262","10976","0","57.05","33.25"
"66","000","00","017","1701","0573","941","575","366","64","1005","1630","0","61.66","35.28"
"66","000","00","017","1701","0574","852","543","309","32","884","1532","0","57.7","35.44"
"66","000","00","017","1701","0575","857","524","333","40","897","1677","0","53.49","31.25"
"66","000","00","017","1701","0576","898","559","339","37","935","1744","0","53.61","32.05"
"66","000","00","017","1701","0577","986","574","412","52","1038","1795","0","57.83","31.98"
"66","000","00","017","1701","0578","646","395","251","38","684","1171","0","58.41","33.73"
"66","000","00","017","1701","0579","797","480","317","22","819","1427","0","57.39","33.64"
"66","000","00","017","1702","0000","756","464","292","48","804","1306","0","61.56","35.53"
"66","000","00","017","1702","0570","756","464","292","48","804","1306","0","61.56","35.53"
"66","000","00","017","1703","0000","1357","810","547","95","1452","2287","0","63.49","35.42"
"66","000","00","017","1703","0571","658","406","252","46","704","1128","0","62.41","35.99"
"66","000","00","017","1703","0572","699","404","295","49","748","1159","0","64.54","34.86"
"66","000","00","017","1704","0000","5597","3414","2183","290","5887","10187","0","57.79","33.51"
"66","000","00","017","1704","0580","952","572","380","43","995","1709","0","58.22","33.47"
"66","000","00","017","1704","0581","942","578","364","46","988","1723","0","57.34","33.55"
"66","000","00","017","1704","0582","929","561","368","58","987","1782","0","55.39","31.48"
"66","000","00","017","1704","0583","733","433","300","37","770","1407","0","54.73","30.77"
"66","000","00","017","1704","0584","1027","602","425","36","1063","1771","0","60.02","33.99"
"66","000","00","017","1704","0585","1014","668","346","70","1084","1795","0","60.39","37.21"
"66","000","00","017","1705","0000","2914","1794","1120","137","3051","5195","0","58.73","34.53"
"66","000","00","017","1705","0586","955","616","339","52","1007","1612","0","62.47","38.21"
"66","000","00","017","1705","0587","1031","623","408","42","1073","1894","0","56.65","32.89"
"66","000","00","017","1705","0588","928","555","373","43","971","1689","0","57.49","32.86"
"66","000","00","017","1706","0000","5201","3349","1852","223","5424","9343","0","58.05","35.85"
"66","000","00","017","1706","0599","958","587","371","45","1003","1666","0","60.2","35.23"
"66","000","00","017","1706","0600","943","688","255","49","992","1750","0","56.69","39.31"
"66","000","00","017","1706","0601","782","490","292","36","818","1437","0","56.92","34.1"
"66","000","00","017","1706","0602","949","620","329","37","986","1735","0","56.83","35.73"
"66","000","00","017","1706","0603","891","546","345","30","921","1612","0","57.13","33.87"
"66","000","00","017","1706","0604","678","418","260","26","704","1143","0","61.59","36.57"
"66","000","00","017","1707","0000","6629","4177","2452","316","6945","11996","0","57.89","34.82"
"66","000","00","017","1707","0605","1122","713","409","46","1168","2096","0","55.73","34.02"
"66","000","00","017","1707","0606","908","598","310","36","944","1549","0","60.94","38.61"
"66","000","00","017","1707","0607","911","546","365","42","953","1573","0","60.58","34.71"
"66","000","00","017","1707","0608","837","550","287","42","879","1585","0","55.46","34.7"
"66","000","00","017","1707","0609","856","532","324","33","889","1572","0","56.55","33.84"
"66","000","00","017","1707","0610","1003","618","385","54","1057","1738","0","60.82","35.56"
"66","000","00","017","1707","0611","992","620","372","63","1055","1883","0","56.03","32.93"
"66","000","00","017","1708","0000","1653","986","667","64","1717","2753","0","62.37","35.82"
"66","000","00","017","1708","0612","855","514","341","30","885","1401","0","63.17","36.69"
"66","000","00","017","1708","0613","798","472","326","34","832","1352","0","61.54","34.91"
"66","000","00","017","1709","0000","3199","1990","1209","184","3383","5805","0","58.28","34.28"
"66","000","00","017","1709","0614","1152","712","440","78","1230","2085","0","58.99","34.15"
"66","000","00","017","1709","0615","1166","725","441","76","1242","2047","0","60.67","35.42"
"66","000","00","017","1709","0616","881","553","328","30","911","1673","0","54.45","33.05"
"66","000","00","017","1710","0000","2512","1476","1036","140","2652","4599","0","57.66","32.09"
"66","000","00","017","1710","0617","1042","608","434","74","1116","1874","0","59.55","32.44"
"66","000","00","017","1710","0618","600","349","251","38","638","1051","0","60.7","33.21"
"66","000","00","017","1710","0619","870","519","351","28","898","1674","0","53.64","31.0"
"66","000","00","017","1711","0000","2063","1213","850","131","2194","3834","0","57.22","31.64"
"66","000","00","017","1711","0620","1007","573","434","70","1077","1831","0","58.82","31.29"
"66","000","00","017","1711","0621","1056","640","416","61","1117","2003","0","55.77","31.95"
"66","000","00","017","1712","0000","870","559","311","40","910","1535","0","59.28","36.42"
"66","000","00","017","1712","0622","870","559","311","40","910","1535","0","59.28","36.42"
"66","000","00","017","1713","0000","2045","1295","750","133","2178","4147","0","52.52","31.23"
"66","000","00","017","1713","0623","1095","702","393","77","1172","2286","0","51.27","30.71"
"66","000","00","017","1713","0624","950","593","357","56","1006","1861","0","54.06","31.86"
"66","000","00","017","1714","0000","2356","1448","908","142","2498","4347","0","57.46","33.31"
"66","000","00","017","1714","0589","805","499","306","46","851","1525","0","55.8","32.72"
"66","000","00","017","1714","0590","888","557","331","37","925","1622","0","57.03","34.34"
"66","000","00","017","1714","0591","663","392","271","59","722","1200","0","60.17","32.67"
"66","000","00","017","1715","0000","3625","2385","1240","127","3752","6729","0","55.76","35.44"
"66","000","00","017","1715","0592","724","457","267","22","746","1355","0","55.06","33.73"
"66","000","00","017","1715","0593","958","611","347","26","984","1777","0","55.37","34.38"
"66","000","00","017","1715","0594","1064","698","366","32","1096","1923","0","56.99","36.3"
"66","000","00","017","1715","0595","879","619","260","47","926","1674","0","55.32","36.98"
"66","000","00","017","1716","0000","2584","1575","1009","129","2713","4448","0","60.99","35.41"
"66","000","00","017","1716","0596","875","534","341","39","914","1451","0","62.99","36.8"
"66","000","00","017","1716","0597","834","522","312","51","885","1486","0","59.56","35.13"
"66","000","00","017","1716","0598","875","519","356","39","914","1511","0","60.49","34.35"
"66","000","00","018","0000","0000","42387","25855","16532","2133","44520","77189","95703","57.68","33.5"
"66","000","00","018","1801","0000","2565","1552","1013","127","2692","4378","0","61.49","35.45"
"66","000","00","018","1801","0527","902","525","377","42","944","1537","0","61.42","34.16"
"66","000","00","018","1801","0528","874","553","321","37","911","1439","0","63.31","38.43"
"66","000","00","018","1801","0529","789","474","315","48","837","1402","0","59.7","33.81"
"66","000","00","018","1802","0000","5140","3065","2075","342","5482","9096","0","60.27","33.7"
"66","000","00","018","1802","0553","906","524","382","49","955","1568","0","60.91","33.42"
"66","000","00","018","1802","0554","971","562","409","70","1041","1761","0","59.11","31.91"
"66","000","00","018","1802","0555","981","601","380","93","1074","1752","0","61.3","34.3"
"66","000","00","018","1802","0556","718","435","283","42","760","1264","0","60.13","34.41"
"66","000","00","018","1802","0557","784","497","287","34","818","1302","0","62.83","38.17"
"66","000","00","018","1802","0558","780","446","334","54","834","1449","0","57.56","30.78"
"66","000","00","018","1803","0000","3362","2052","1310","192","3554","6169","0","57.61","33.26"
"66","000","00","018","1803","0559","923","564","359","64","987","1621","0","60.89","34.79"
"66","000","00","018","1803","0560","863","525","338","64","927","1647","0","56.28","31.88"
"66","000","00","018","1803","0561","785","486","299","36","821","1441","0","56.97","33.73"
"66","000","00","018","1803","0562","791","477","314","28","819","1460","0","56.1","32.67"
"66","000","00","018","1804","0000","1906","1132","774","93","1999","3203","0","62.41","35.34"
"66","000","00","018","1804","0563","1079","648","431","48","1127","1832","0","61.52","35.37"
"66","000","00","018","1804","0564","827","484","343","45","872","1371","0","63.6","35.3"
"66","000","00","018","1805","0000","1851","1259","592","108","1959","3617","0","54.16","34.81"
"66","000","00","018","1805","0568","948","663","285","48","996","1733","0","57.47","38.26"
"66","000","00","018","1805","0569","903","596","307","60","963","1884","0","51.11","31.63"
"66","000","00","018","1806","0000","2366","1399","967","94","2460","4226","0","58.21","33.1"
"66","000","00","018","1806","0565","748","446","302","16","764","1418","0","53.88","31.45"
"66","000","00","018","1806","0566","866","512","354","35","901","1473","0","61.17","34.76"
"66","000","00","018","1806","0567","752","441","311","43","795","1335","0","59.55","33.03"
"66","000","00","018","1807","0000","2946","1852","1094","130","3076","5183","0","59.35","35.73"
"66","000","00","018","1807","0533","1066","730","336","50","1116","1887","0","59.14","38.69"
"66","000","00","018","1807","0534","878","517","361","34","912","1480","0","61.62","34.93"
"66","000","00","018","1807","0535","1002","605","397","46","1048","1816","0","57.71","33.31"
"66","000","00","018","1808","0000","2574","1575","999","146","2720","4728","0","57.53","33.31"
"66","000","00","018","1808","0542","868","524","344","64","932","1635","0","57.0","32.05"
"66","000","00","018","1808","0543","891","557","334","43","934","1565","0","59.68","35.59"
"66","000","00","018","1808","0544","815","494","321","39","854","1528","0","55.89","32.33"
"66","000","00","018","1809","0000","3149","1989","1160","140","3289","6020","0","54.63","33.04"
"66","000","00","018","1809","0545","1044","639","405","32","1076","1963","0","54.81","32.55"
"66","000","00","018","1809","0546","1066","685","381","43","1109","2073","0","53.5","33.04"
"66","000","00","018","1809","0547","1039","665","374","65","1104","1984","0","55.65","33.52"
"66","000","00","018","1810","0000","3122","1921","1201","169","3291","5882","0","55.95","32.66"
"66","000","00","018","1810","0536","927","558","369","60","987","1898","0","52.0","29.4"
"66","000","00","018","1810","0537","1086","661","425","65","1151","2008","0","57.32","32.92"
"66","000","00","018","1810","0538","1109","702","407","44","1153","1976","0","58.35","35.53"
"66","000","00","018","1811","0000","2626","1577","1049","76","2702","4464","0","60.53","35.33"
"66","000","00","018","1811","0539","958","564","394","25","983","1673","0","58.76","33.71"
"66","000","00","018","1811","0540","852","522","330","35","887","1409","0","62.95","37.05"
"66","000","00","018","1811","0541","816","491","325","16","832","1382","0","60.2","35.53"
"66","000","00","018","1812","0000","3119","1879","1240","129","3248","5906","0","54.99","31.82"
"66","000","00","018","1812","0524","1113","640","473","49","1162","2027","0","57.33","31.57"
"66","000","00","018","1812","0525","999","636","363","38","1037","1967","0","52.72","32.33"
"66","000","00","018","1812","0526","1007","603","404","42","1049","1912","0","54.86","31.54"
"66","000","00","018","1813","0000","3197","1867","1330","148","3345","5941","0","56.3","31.43"
"66","000","00","018","1813","0530","1060","619","441","43","1103","2013","0","54.79","30.75"
"66","000","00","018","1813","0531","1061","623","438","63","1124","1917","0","58.63","32.5"
"66","000","00","018","1813","0532","1076","625","451","42","1118","2011","0","55.59","31.08"
"66","000","00","018","1814","0000","2654","1611","1043","143","2797","4776","0","58.56","33.73"
"66","000","00","018","1814","0548","910","532","378","38","948","1688","0","56.16","31.52"
"66","000","00","018","1814","0549","782","484","298","29","811","1387","0","58.47","34.9"
"66","000","00","018","1814","0550","962","595","367","76","1038","1701","0","61.02","34.98"
"66","000","00","018","1815","0000","1810","1125","685","96","1906","3600","0","52.94","31.25"
"66","000","00","018","1815","0551","931","547","384","46","977","1721","0","56.77","31.78"
"66","000","00","018","1815","0552","879","578","301","50","929","1879","0","49.44","30.76"
"66","000","00","019","0000","0000","10732","6763","3969","668","11400","20860","24605","54.65","32.42"
"66","000","00","019","1901","0000","1900","1262","638","77","1977","3259","0","60.66","38.72"
"66","000","00","019","1901","1562","556","366","190","28","584","1011","0","57.76","36.2"
"66","000","00","019","1901","1563","693","467","226","29","722","1195","0","60.42","39.08"
"66","000","00","019","1901","1564","651","429","222","20","671","1053","0","63.72","40.74"
"66","000","00","019","1902","0000","903","568","335","38","941","1880","0","50.05","30.21"
"66","000","00","019","1902","1565","424","256","168","24","448","961","0","46.62","26.64"
"66","000","00","019","1902","1566","479","312","167","14","493","919","0","53.65","33.95"
"66","000","00","019","1903","0000","791","536","255","56","847","1367","0","61.96","39.21"
"66","000","00","019","1903","1567","791","536","255","56","847","1367","0","61.96","39.21"
"66","000","00","019","1904","0000","541","327","214","25","566","1010","0","56.04","32.38"
"66","000","00","019","1904","1568","541","327","214","25","566","1010","0","56.04","32.38"
"66","000","00","019","1905","0000","520","297","223","64","584","1169","0","49.96","25.41"
"66","000","00","019","1905","1569","520","297","223","64","584","1169","0","49.96","25.41"
"66","000","00","019","1906","0000","1016","629","387","65","1081","1883","0","57.41","33.4"
"66","000","00","019","1906","1570","529","319","210","39","568","989","0","57.43","32.25"
"66","000","00","019","1906","1571","487","310","177","26","513","894","0","57.38","34.68"
"66","000","00","019","1907","0000","1424","906","518","66","1490","2936","0","50.75","30.86"
"66","000","00","019","1907","1572","546","350","196","22","568","1033","0","54.99","33.88"
"66","000","00","019","1907","1573","462","297","165","27","489","1058","0","46.22","28.07"
"66","000","00","019","1907","1574","416","259","157","17","433","845","0","51.24","30.65"
"66","000","00","019","1908","0000","369","254","115","21","390","576","0","67.71","44.1"
"66","000","00","019","1908","1575","369","254","115","21","390","576","0","67.71","44.1"
"66","000","00","019","1909","0000","1398","815","583","101","1499","2900","0","51.69","28.1"
"66","000","00","019","1909","1576","591","353","238","41","632","1229","0","51.42","28.72"
"66","000","00","019","1909","1577","413","233","180","27","440","890","0","49.44","26.18"
"66","000","00","019","1909","1578","394","229","165","33","427","781","0","54.67","29.32"
"66","000","00","019","1910","0000","636","380","256","47","683","1244","0","54.9","30.55"
"66","000","00","019","1910","1579","636","380","256","47","683","1244","0","54.9","30.55"
"66","000","00","019","1911","0000","373","218","155","35","408","889","0","45.89","24.52"
"66","000","00","019","1911","1580","73","46","27","9","82","213","0","38.5","21.6"
"66","000","00","019","1911","1581","300","172","128","26","326","676","0","48.22","25.44"
"66","000","00","019","1912","0000","265","165","100","16","281","585","0","48.03","28.21"
"66","000","00","019","1912","1582","265","165","100","16","281","585","0","48.03","28.21"
"66","000","00","019","1913","0000","596","406","190","57","653","1162","0","56.2","34.94"
"66","000","00","019","1913","1583","492","347","145","50","542","938","0","57.78","36.99"
"66","000","00","019","1913","1584","104","59","45","7","111","224","0","49.55","26.34"
"66","000","00","020","0000","0000","7123","4303","2820","535","7658","12880","14968","59.46","33.41"
"66","000","00","020","2001","0000","697","443","254","44","741","1244","0","59.57","35.61"
"66","000","00","020","2001","1552","697","443","254","44","741","1244","0","59.57","35.61"
"66","000","00","020","2002","0000","801","479","322","62","863","1539","0","56.08","31.12"
"66","000","00","020","2002","1553","801","479","322","62","863","1539","0","56.08","31.12"
"66","000","00","020","2003","0000","665","406","259","51","716","1202","0","59.57","33.78"
"66","000","00","020","2003","1554","665","406","259","51","716","1202","0","59.57","33.78"
"66","000","00","020","2004","0000","622","379","243","75","697","1272","0","54.8","29.8"
"66","000","00","020","2004","1555","622","379","243","75","697","1272","0","54.8","29.8"
"66","000","00","020","2005","0000","357","215","142","33","390","652","0","59.82","32.98"
"66","000","00","020","2005","1556","357","215","142","33","390","652","0","59.82","32.98"
"66","000","00","020","2006","0000","901","533","368","61","962","1457","0","66.03","36.58"
"66","000","00","020","2006","1557","901","533","368","61","962","1457","0","66.03","36.58"
"66","000","00","020","2007","0000","976","568","408","72","1048","1836","0","57.08","30.94"
"66","000","00","020","2007","1558","976","568","408","72","1048","1836","0","57.08","30.94"
"66","000","00","020","2008","0000","535","330","205","42","577","1001","0","57.64","32.97"
"66","000","00","020","2008","1559","535","330","205","42","577","1001","0","57.64","32.97"
"66","000","00","020","2009","0000","851","512","339","49","900","1448","0","62.15","35.36"
"66","000","00","020","2009","1560","851","512","339","49","900","1448","0","62.15","35.36"
"66","000","00","020","2010","0000","718","438","280","46","764","1229","0","62.16","35.64"
"66","000","00","020","2010","1561","718","438","280","46","764","1229","0","62.16","35.64"
"66","000","00","021","0000","0000","14986","9162","5824","939","15925","27059","32202","58.85","33.86"
"66","000","00","021","2101","0000","553","319","234","49","602","1059","0","56.85","30.12"
"66","000","00","021","2101","0071","553","319","234","49","602","1059","0","56.85","30.12"
"66","000","00","021","2102","0000","1266","758","508","62","1328","2163","0","61.4","35.04"
"66","000","00","021","2102","0072","583","348","235","25","608","1013","0","60.02","34.35"
"66","000","00","021","2102","0073","683","410","273","37","720","1150","0","62.61","35.65"
"66","000","00","021","2103","0000","992","597","395","77","1069","1902","0","56.2","31.39"
"66","000","00","021","2103","0081","992","597","395","77","1069","1902","0","56.2","31.39"
"66","000","00","021","2104","0000","2721","1710","1011","144","2865","4635","0","61.81","36.89"
"66","000","00","021","2104","0074","1112","713","399","64","1176","1855","0","63.4","38.44"
"66","000","00","021","2104","0075","763","448","315","37","800","1327","0","60.29","33.76"
"66","000","00","021","2104","0076","846","549","297","43","889","1453","0","61.18","37.78"
"66","000","00","021","2105","0000","2058","1315","743","142","2200","3446","0","63.84","38.16"
"66","000","00","021","2105","0082","687","458","229","48","735","1138","0","64.59","40.25"
"66","000","00","021","2105","0083","631","390","241","52","683","1065","0","64.13","36.62"
"66","000","00","021","2105","0084","740","467","273","42","782","1243","0","62.91","37.57"
"66","000","00","021","2106","0000","3383","2027","1356","184","3567","6297","0","56.65","32.19"
"66","000","00","021","2106","0077","865","542","323","61","926","1653","0","56.02","32.79"
"66","000","00","021","2106","0078","841","421","420","35","876","1615","0","54.24","26.07"
"66","000","00","021","2106","0079","788","513","275","31","819","1470","0","55.71","34.9"
"66","000","00","021","2106","0080","889","551","338","57","946","1559","0","60.68","35.34"
"66","000","00","021","2107","0000","741","474","267","50","791","1391","0","56.87","34.08"
"66","000","00","021","2107","0088","741","474","267","50","791","1391","0","56.87","34.08"
"66","000","00","021","2108","0000","767","495","272","34","801","1216","0","65.87","40.71"
"66","000","00","021","2108","0087","767","495","272","34","801","1216","0","65.87","40.71"
"66","000","00","021","2109","0000","1102","628","474","89","1191","2131","0","55.89","29.47"
"66","000","00","021","2109","0085","487","280","207","43","530","962","0","55.09","29.11"
"66","000","00","021","2109","0086","615","348","267","46","661","1169","0","56.54","29.77"
"66","000","00","021","2110","0000","846","520","326","68","914","1616","0","56.56","32.18"
"66","000","00","021","2110","0089","846","520","326","68","914","1616","0","56.56","32.18"
"66","000","00","021","2111","0000","557","319","238","40","597","1203","0","49.63","26.52"
"66","000","00","021","2111","0090","557","319","238","40","597","1203","0","49.63","26.52"
"66","000","00","022","0000","0000","8999","5373","3626","770","9769","16520","19250","59.13","32.52"
"66","000","00","022","2201","0000","508","322","186","62","570","1068","0","53.37","30.15"
"66","000","00","022","2201","0055","508","322","186","62","570","1068","0","53.37","30.15"
"66","000","00","022","2202","0000","570","289","281","47","617","1050","0","58.76","27.52"
"66","000","00","022","2202","0056","570","289","281","47","617","1050","0","58.76","27.52"
"66","000","00","022","2203","0000","1442","848","594","105","1547","2643","0","58.53","32.08"
"66","000","00","022","2203","0057","704","399","305","57","761","1246","0","61.08","32.02"
"66","000","00","022","2203","0058","738","449","289","48","786","1397","0","56.26","32.14"
"66","000","00","022","2204","0000","854","503","351","88","942","1581","0","59.58","31.82"
"66","000","00","022","2204","0061","537","334","203","58","595","914","0","65.1","36.54"
"66","000","00","022","2204","0062","317","169","148","30","347","667","0","52.02","25.34"
"66","000","00","022","2205","0000","637","385","252","56","693","1170","0","59.23","32.91"
"66","000","00","022","2205","0060","637","385","252","56","693","1170","0","59.23","32.91"
"66","000","00","022","2206","0000","704","402","302","64","768","1227","0","62.59","32.76"
"66","000","00","022","2206","0059","704","402","302","64","768","1227","0","62.59","32.76"
"66","000","00","022","2207","0000","437","271","166","49","486","890","0","54.61","30.45"
"66","000","00","022","2207","0063","437","271","166","49","486","890","0","54.61","30.45"
"66","000","00","022","2208","0000","896","526","370","83","979","1744","0","56.14","30.16"
"66","000","00","022","2208","0064","674","396","278","62","736","1289","0","57.1","30.72"
"66","000","00","022","2208","0065","222","130","92","21","243","455","0","53.41","28.57"
"66","000","00","022","2209","0000","561","344","217","38","599","1028","0","58.27","33.46"
"66","000","00","022","2209","0066","561","344","217","38","599","1028","0","58.27","33.46"
"66","000","00","022","2210","0000","797","501","296","74","871","1446","0","60.24","34.65"
"66","000","00","022","2210","0067","797","501","296","74","871","1446","0","60.24","34.65"
"66","000","00","022","2211","0000","1021","634","387","73","1094","1750","0","62.51","36.23"
"66","000","00","022","2211","0068","419","259","160","26","445","688","0","64.68","37.65"
"66","000","00","022","2211","0069","602","375","227","47","649","1062","0","61.11","35.31"
"66","000","00","022","2212","0000","572","348","224","31","603","923","0","65.33","37.7"
"66","000","00","022","2212","0070","572","348","224","31","603","923","0","65.33","37.7"
"66","000","00","023","0000","0000","34222","20786","13436","2079","36301","61705","75275","58.83","33.69"
"66","000","00","023","2301","0000","4844","2956","1888","254","5098","8455","0","60.3","34.96"
"66","000","00","023","2301","0317","891","560","331","39","930","1480","0","62.84","37.84"
"66","000","00","023","2301","0318","1075","625","450","72","1147","1841","0","62.3","33.95"
"66","000","00","023","2301","0319","947","584","363","51","998","1751","0","57.0","33.35"
"66","000","00","023","2301","0320","900","550","350","56","956","1547","0","61.8","35.55"
"66","000","00","023","2301","0321","1031","637","394","36","1067","1836","0","58.12","34.69"
"66","000","00","023","2302","0000","1469","882","587","116","1585","2534","0","62.55","34.81"
"66","000","00","023","2302","0322","777","482","295","59","836","1239","0","67.47","38.9"
"66","000","00","023","2302","0323","692","400","292","57","749","1295","0","57.84","30.89"
"66","000","00","023","2303","0000","2505","1511","994","171","2676","4707","0","56.85","32.1"
"66","000","00","023","2303","0324","667","395","272","53","720","1263","0","57.01","31.27"
"66","000","00","023","2303","0325","879","512","367","37","916","1622","0","56.47","31.57"
"66","000","00","023","2303","0326","959","604","355","81","1040","1822","0","57.08","33.15"
"66","000","00","023","2304","0000","2671","1588","1083","136","2807","4813","0","58.32","32.99"
"66","000","00","023","2304","0327","1037","577","460","66","1103","1966","0","56.1","29.35"
"66","000","00","023","2304","0328","913","563","350","39","952","1615","0","58.95","34.86"
"66","000","00","023","2304","0329","721","448","273","31","752","1232","0","61.04","36.36"
"66","000","00","023","2305","0000","1309","808","501","63","1372","2512","0","54.62","32.17"
"66","000","00","023","2305","0330","715","461","254","31","746","1347","0","55.38","34.22"
"66","000","00","023","2305","0331","594","347","247","32","626","1165","0","53.73","29.79"
"66","000","00","023","2306","0000","7209","4366","2843","389","7598","12812","0","59.3","34.08"
"66","000","00","023","2306","0332","958","607","351","48","1006","1664","0","60.46","36.48"
"66","000","00","023","2306","0333","728","454","274","48","776","1230","0","63.09","36.91"
"66","000","00","023","2306","0334","930","584","346","68","998","1574","0","63.41","37.1"
"66","000","00","023","2306","0335","892","531","361","38","930","1452","0","64.05","36.57"
"66","000","00","023","2306","0336","971","632","339","59","1030","1879","0","54.82","33.63"
"66","000","00","023","2306","0337","877","510","367","51","928","1601","0","57.96","31.86"
"66","000","00","023","2306","0338","937","586","351","37","974","1546","0","63.0","37.9"
"66","000","00","023","2306","0339","916","462","454","40","956","1866","0","51.23","24.76"
"66","000","00","023","2307","0000","4103","2690","1413","222","4325","7449","0","58.06","36.11"
"66","000","00","023","2307","0340","1083","665","418","67","1150","1938","0","59.34","34.31"
"66","000","00","023","2307","0341","978","621","357","43","1021","1759","0","58.04","35.3"
"66","000","00","023","2307","0342","1091","778","313","62","1153","2061","0","55.94","37.75"
"66","000","00","023","2307","0343","951","626","325","50","1001","1691","0","59.2","37.02"
"66","000","00","023","2308","0000","1349","827","522","91","1440","2260","0","63.72","36.59"
"66","000","00","023","2308","0344","637","387","250","44","681","1039","0","65.54","37.25"
"66","000","00","023","2308","0345","712","440","272","47","759","1221","0","62.16","36.04"
"66","000","00","023","2309","0000","938","542","396","74","1012","1650","0","61.33","32.85"
"66","000","00","023","2309","0346","938","542","396","74","1012","1650","0","61.33","32.85"
"66","000","00","023","2310","0000","1245","699","546","68","1313","2157","0","60.87","32.41"
"66","000","00","023","2310","0347","545","311","234","40","585","937","0","62.43","33.19"
"66","000","00","023","2310","0348","700","388","312","28","728","1220","0","59.67","31.8"
"66","000","00","023","2311","0000","1032","547","485","76","1108","2139","0","51.8","25.57"
"66","000","00","023","2311","0349","1032","547","485","76","1108","2139","0","51.8","25.57"
"66","000","00","023","2312","0000","2434","1482","952","170","2604","4356","0","59.78","34.02"
"66","000","00","023","2312","0350","848","544","304","48","896","1371","0","65.35","39.68"
"66","000","00","023","2312","0351","690","415","275","59","749","1277","0","58.65","32.5"
"66","000","00","023","2312","0352","896","523","373","63","959","1708","0","56.15","30.62"
"66","000","00","023","2313","0000","1071","666","405","78","1149","2048","0","56.1","32.52"
"66","000","00","023","2313","0353","1071","666","405","78","1149","2048","0","56.1","32.52"
"66","000","00","023","2314","0000","855","501","354","53","908","1632","0","55.64","30.7"
"66","000","00","023","2314","0354","855","501","354","53","908","1632","0","55.64","30.7"
"66","000","00","023","2315","0000","751","455","296","59","810","1327","0","61.04","34.29"
"66","000","00","023","2315","0355","751","455","296","59","810","1327","0","61.04","34.29"
"66","000","00","023","2316","0000","437","266","171","59","496","854","0","58.08","31.15"
"66","000","00","023","2316","0356","437","266","171","59","496","854","0","58.08","31.15"
"66","000","00","024","0000","0000","26124","15756","10368","1642","27766","47457","57267","58.51","33.2"
"66","000","00","024","2401","0000","2353","1364","989","126","2479","4327","0","57.29","31.52"
"66","000","00","024","2401","0284","781","437","344","28","809","1415","0","57.17","30.88"
"66","000","00","024","2401","0285","705","383","322","43","748","1392","0","53.74","27.51"
"66","000","00","024","2401","0286","867","544","323","55","922","1520","0","60.66","35.79"
"66","000","00","024","2402","0000","520","294","226","64","584","862","0","67.75","34.11"
"66","000","00","024","2402","0287","520","294","226","64","584","862","0","67.75","34.11"
"66","000","00","024","2403","0000","2027","1261","766","119","2146","3558","0","60.31","35.44"
"66","000","00","024","2403","0288","735","469","266","46","781","1256","0","62.18","37.34"
"66","000","00","024","2403","0289","706","446","260","42","748","1292","0","57.89","34.52"
"66","000","00","024","2403","0290","586","346","240","31","617","1010","0","61.09","34.26"
"66","000","00","024","2404","0000","850","471","379","68","918","1485","0","61.82","31.72"
"66","000","00","024","2404","0291","850","471","379","68","918","1485","0","61.82","31.72"
"66","000","00","024","2405","0000","1379","843","536","131","1510","2440","0","61.89","34.55"
"66","000","00","024","2405","0292","701","437","264","65","766","1190","0","64.37","36.72"
"66","000","00","024","2405","0293","678","406","272","66","744","1250","0","59.52","32.48"
"66","000","00","024","2406","0000","1439","826","613","78","1517","2604","0","58.26","31.72"
"66","000","00","024","2406","0294","744","426","318","38","782","1310","0","59.69","32.52"
"66","000","00","024","2406","0295","695","400","295","40","735","1294","0","56.8","30.91"
"66","000","00","024","2407","0000","1749","1035","714","101","1850","3050","0","60.66","33.93"
"66","000","00","024","2407","0296","1051","619","432","45","1096","1734","0","63.21","35.7"
"66","000","00","024","2407","0297","698","416","282","56","754","1316","0","57.29","31.61"
"66","000","00","024","2408","0000","1238","717","521","94","1332","2127","0","62.62","33.71"
"66","000","00","024","2408","0298","469","274","195","41","510","854","0","59.72","32.08"
"66","000","00","024","2408","0299","769","443","326","53","822","1273","0","64.57","34.8"
"66","000","00","024","2409","0000","504","337","167","32","536","851","0","62.98","39.6"
"66","000","00","024","2409","0300","504","337","167","32","536","851","0","62.98","39.6"
"66","000","00","024","2410","0000","885","534","351","32","917","1629","0","56.29","32.78"
"66","000","00","024","2410","0301","885","534","351","32","917","1629","0","56.29","32.78"
"66","000","00","024","2411","0000","878","498","380","87","965","1709","0","56.47","29.14"
"66","000","00","024","2411","0302","878","498","380","87","965","1709","0","56.47","29.14"
"66","000","00","024","2412","0000","490","302","188","32","522","953","0","54.77","31.69"
"66","000","00","024","2412","0303","490","302","188","32","522","953","0","54.77","31.69"
"66","000","00","024","2413","0000","765","445","320","47","812","1336","0","60.78","33.31"
"66","000","00","024","2413","0304","765","445","320","47","812","1336","0","60.78","33.31"
"66","000","00","024","2414","0000","3912","2323","1589","228","4140","7282","0","56.85","31.9"
"66","000","00","024","2414","0305","1074","599","475","71","1145","2113","0","54.19","28.35"
"66","000","00","024","2414","0306","946","575","371","77","1023","1730","0","59.13","33.24"
"66","000","00","024","2414","0307","928","547","381","29","957","1692","0","56.56","32.33"
"66","000","00","024","2414","0308","964","602","362","51","1015","1747","0","58.1","34.46"
"66","000","00","024","2415","0000","2678","1665","1013","149","2827","5020","0","56.31","33.17"
"66","000","00","024","2415","0309","906","585","321","54","960","1672","0","57.42","34.99"
"66","000","00","024","2415","0310","855","514","341","51","906","1675","0","54.09","30.69"
"66","000","00","024","2415","0311","917","566","351","44","961","1673","0","57.44","33.83"
"66","000","00","024","2416","0000","2552","1600","952","102","2654","4732","0","56.09","33.81"
"66","000","00","024","2416","0312","937","605","332","43","980","1636","0","59.9","36.98"
"66","000","00","024","2416","0313","926","571","355","29","955","1753","0","54.48","32.57"
"66","000","00","024","2416","0314","689","424","265","30","719","1343","0","53.54","31.57"
"66","000","00","024","2417","0000","1905","1241","664","152","2057","3492","0","58.91","35.54"
"66","000","00","024","2417","0315","967","619","348","57","1024","1822","0","56.2","33.97"
"66","000","00","024","2417","0316","938","622","316","95","1033","1670","0","61.86","37.25"
"66","000","00","025","0000","0000","34022","20803","13219","2017","36039","63584","77922","56.68","32.72"
"66","000","00","025","2501","0000","1679","994","685","118","1797","3033","0","59.25","32.77"
"66","000","00","025","2501","0239","987","580","407","72","1059","1758","0","60.24","32.99"
"66","000","00","025","2501","0240","692","414","278","46","738","1275","0","57.88","32.47"
"66","000","00","025","2502","0000","1375","830","545","73","1448","2782","0","52.05","29.83"
"66","000","00","025","2502","0241","669","396","273","30","699","1379","0","50.69","28.72"
"66","000","00","025","2502","0242","706","434","272","43","749","1403","0","53.39","30.93"
"66","000","00","025","2503","0000","1033","634","399","81","1114","1875","0","59.41","33.81"
"66","000","00","025","2503","0243","530","324","206","39","569","974","0","58.42","33.26"
"66","000","00","025","2503","0244","503","310","193","42","545","901","0","60.49","34.41"
"66","000","00","025","2504","0000","1833","1025","808","123","1956","3388","0","57.73","30.25"
"66","000","00","025","2504","0245","938","509","429","60","998","1779","0","56.1","28.61"
"66","000","00","025","2504","0246","895","516","379","63","958","1609","0","59.54","32.07"
"66","000","00","025","2505","0000","530","332","198","23","553","1038","0","53.28","31.98"
"66","000","00","025","2505","0247","530","332","198","23","553","1038","0","53.28","31.98"
"66","000","00","025","2506","0000","1273","732","541","111","1384","2249","0","61.54","32.55"
"66","000","00","025","2506","0248","747","444","303","64","811","1328","0","61.07","33.43"
"66","000","00","025","2506","0249","526","288","238","47","573","921","0","62.21","31.27"
"66","000","00","025","2507","0000","2449","1400","1049","157","2606","5028","0","51.83","27.84"
"66","000","00","025","2507","0250","785","454","331","56","841","1609","0","52.27","28.22"
"66","000","00","025","2507","0251","582","328","254","28","610","1227","0","49.71","26.73"
"66","000","00","025","2507","0252","682","407","275","47","729","1278","0","57.04","31.85"
"66","000","00","025","2507","0253","400","211","189","26","426","914","0","46.61","23.09"
"66","000","00","025","2508","0000","1387","835","552","77","1464","2911","0","50.29","28.68"
"66","000","00","025","2508","0254","788","452","336","38","826","1678","0","49.23","26.94"
"66","000","00","025","2508","0255","599","383","216","39","638","1233","0","51.74","31.06"
"66","000","00","025","2509","0000","2618","1876","742","155","2773","4945","0","56.08","37.94"
"66","000","00","025","2509","0256","795","483","312","69","864","1520","0","56.84","31.78"
"66","000","00","025","2509","0257","955","596","359","41","996","1905","0","52.28","31.29"
"66","000","00","025","2509","0258","868","797","71","45","913","1520","0","60.07","52.43"
"66","000","00","025","2510","0000","2954","1673","1281","208","3162","5692","0","55.55","29.39"
"66","000","00","025","2510","0259","658","265","393","92","750","1385","0","54.15","19.13"
"66","000","00","025","2510","0260","636","366","270","43","679","1212","0","56.02","30.2"
"66","000","00","025","2510","0261","795","507","288","30","825","1432","0","57.61","35.41"
"66","000","00","025","2510","0262","865","535","330","43","908","1663","0","54.6","32.17"
"66","000","00","025","2511","0000","3807","2333","1474","213","4020","7249","0","55.46","32.18"
"66","000","00","025","2511","0263","724","429","295","39","763","1422","0","53.66","30.17"
"66","000","00","025","2511","0264","756","450","306","62","818","1616","0","50.62","27.85"
"66","000","00","025","2511","0265","785","485","300","58","843","1422","0","59.28","34.11"
"66","000","00","025","2511","0266","668","439","229","28","696","1165","0","59.74","37.68"
"66","000","00","025","2511","0267","874","530","344","26","900","1624","0","55.42","32.64"
"66","000","00","025","2512","0000","1407","869","538","89","1496","2556","0","58.53","34.0"
"66","000","00","025","2512","0268","852","504","348","55","907","1613","0","56.23","31.25"
"66","000","00","025","2512","0269","555","365","190","34","589","943","0","62.46","38.71"
"66","000","00","025","2513","0000","3249","2033","1216","177","3426","6091","0","56.25","33.38"
"66","000","00","025","2513","0270","805","511","294","63","868","1595","0","54.42","32.04"
"66","000","00","025","2513","0271","843","526","317","46","889","1508","0","58.95","34.88"
"66","000","00","025","2513","0272","759","472","287","32","791","1479","0","53.48","31.91"
"66","000","00","025","2513","0273","842","524","318","36","878","1509","0","58.18","34.72"
"66","000","00","025","2514","0000","928","595","333","50","978","1582","0","61.82","37.61"
"66","000","00","025","2514","0274","928","595","333","50","978","1582","0","61.82","37.61"
"66","000","00","025","2515","0000","2694","1554","1140","155","2849","4692","0","60.72","33.12"
"66","000","00","025","2515","0280","635","375","260","33","668","1121","0","59.59","33.45"
"66","000","00","025","2515","0281","587","255","332","36","623","987","0","63.12","25.84"
"66","000","00","025","2515","0282","661","410","251","50","711","1206","0","58.96","34.0"
"66","000","00","025","2515","0283","811","514","297","36","847","1378","0","61.47","37.3"
"66","000","00","025","2516","0000","4806","3088","1718","207","5013","8473","0","59.16","36.45"
"66","000","00","025","2516","0275","936","584","352","53","989","1725","0","57.33","33.86"
"66","000","00","025","2516","0276","902","699","203","35","937","1616","0","57.98","43.25"
"66","000","00","025","2516","0277","955","614","341","39","994","1657","0","59.99","37.05"
"66","000","00","025","2516","0278","1013","583","430","43","1056","1774","0","59.53","32.86"
"66","000","00","025","2516","0279","1000","608","392","37","1037","1701","0","60.96","35.74"
"66","000","00","026","0000","0000","31325","19150","12175","2203","33528","55225","65632","60.71","34.68"
"66","000","00","026","2601","0000","714","434","280","36","750","1205","0","62.24","36.02"
"66","000","00","026","2601","1470","714","434","280","36","750","1205","0","62.24","36.02"
"66","000","00","026","2602","0000","5166","3171","1995","297","5463","9281","0","58.86","34.17"
"66","000","00","026","2602","1471","879","552","327","44","923","1620","0","56.98","34.07"
"66","000","00","026","2602","1472","911","558","353","57","968","1559","0","62.09","35.79"
"66","000","00","026","2602","1473","888","554","334","65","953","1660","0","57.41","33.37"
"66","000","00","026","2602","1474","937","570","367","50","987","1602","0","61.61","35.58"
"66","000","00","026","2602","1475","697","422","275","39","736","1325","0","55.55","31.85"
"66","000","00","026","2602","1476","854","515","339","42","896","1515","0","59.14","33.99"
"66","000","00","026","2603","0000","2491","1558","933","195","2686","4738","0","56.69","32.88"
"66","000","00","026","2603","1477","825","486","339","57","882","1561","0","56.5","31.13"
"66","000","00","026","2603","1478","862","579","283","56","918","1691","0","54.29","34.24"
"66","000","00","026","2603","1479","804","493","311","82","886","1486","0","59.62","33.18"
"66","000","00","026","2604","0000","1375","894","481","94","1469","2333","0","62.97","38.32"
"66","000","00","026","2604","1480","569","358","211","46","615","975","0","63.08","36.72"
"66","000","00","026","2604","1481","806","536","270","48","854","1358","0","62.89","39.47"
"66","000","00","026","2605","0000","1290","814","476","56","1346","1996","0","67.43","40.78"
"66","000","00","026","2605","1482","754","466","288","24","778","1141","0","68.19","40.84"
"66","000","00","026","2605","1483","536","348","188","32","568","855","0","66.43","40.7"
"66","000","00","026","2606","0000","666","408","258","59","725","1202","0","60.32","33.94"
"66","000","00","026","2606","1484","666","408","258","59","725","1202","0","60.32","33.94"
"66","000","00","026","2607","0000","567","350","217","40","607","1078","0","56.31","32.47"
"66","000","00","026","2607","1485","567","350","217","40","607","1078","0","56.31","32.47"
"66","000","00","026","2608","0000","3387","2105","1282","190","3577","5834","0","61.31","36.08"
"66","000","00","026","2608","1486","848","528","320","53","901","1456","0","61.88","36.26"
"66","000","00","026","2608","1487","917","556","361","35","952","1573","0","60.52","35.35"
"66","000","00","026","2608","1488","891","565","326","49","940","1591","0","59.08","35.51"
"66","000","00","026","2608","1489","731","456","275","53","784","1214","0","64.58","37.56"
"66","000","00","026","2609","0000","1696","1034","662","128","1824","2936","0","62.13","35.22"
"66","000","00","026","2609","1508","799","513","286","61","860","1363","0","63.1","37.64"
"66","000","00","026","2609","1509","897","521","376","67","964","1573","0","61.28","33.12"
"66","000","00","026","2610","0000","2131","1265","866","150","2281","3910","0","58.34","32.35"
"66","000","00","026","2610","1490","673","408","265","58","731","1267","0","57.7","32.2"
"66","000","00","026","2610","1491","709","433","276","51","760","1277","0","59.51","33.91"
"66","000","00","026","2610","1492","749","424","325","41","790","1366","0","57.83","31.04"
"66","000","00","026","2611","0000","1151","694","457","85","1236","1857","0","66.56","37.37"
"66","000","00","026","2611","1493","641","382","259","48","689","994","0","69.32","38.43"
"66","000","00","026","2611","1494","510","312","198","37","547","863","0","63.38","36.15"
"66","000","00","026","2612","0000","1303","753","550","113","1416","2436","0","58.13","30.91"
"66","000","00","026","2612","1495","689","404","285","47","736","1274","0","57.77","31.71"
"66","000","00","026","2612","1496","614","349","265","66","680","1162","0","58.52","30.03"
"66","000","00","026","2613","0000","1457","900","557","114","1571","2574","0","61.03","34.97"
"66","000","00","026","2613","1497","718","451","267","64","782","1252","0","62.46","36.02"
"66","000","00","026","2613","1498","739","449","290","50","789","1322","0","59.68","33.96"
"66","000","00","026","2614","0000","1408","833","575","131","1539","2642","0","58.25","31.53"
"66","000","00","026","2614","1504","646","373","273","74","720","1314","0","54.79","28.39"
"66","000","00","026","2614","1505","762","460","302","57","819","1328","0","61.67","34.64"
"66","000","00","026","2615","0000","1177","675","502","99","1276","2077","0","61.43","32.5"
"66","000","00","026","2615","1506","537","296","241","52","589","989","0","59.56","29.93"
"66","000","00","026","2615","1507","640","379","261","47","687","1088","0","63.14","34.83"
"66","000","00","026","2616","0000","611","370","241","49","660","1117","0","59.09","33.12"
"66","000","00","026","2616","1510","611","370","241","49","660","1117","0","59.09","33.12"
"66","000","00","026","2617","0000","1441","878","563","114","1555","2366","0","65.72","37.11"
"66","000","00","026","2617","1511","803","506","297","68","871","1342","0","64.9","37.7"
"66","000","00","026","2617","1512","638","372","266","46","684","1024","0","66.8","36.33"
"66","000","00","026","2618","0000","1340","795","545","113","1453","2272","0","63.95","34.99"
"66","000","00","026","2618","1499","658","401","257","54","712","1116","0","63.8","35.93"
"66","000","00","026","2618","1500","682","394","288","59","741","1156","0","64.1","34.08"
"66","000","00","026","2619","0000","1277","814","463","85","1362","2075","0","65.64","39.23"
"66","000","00","026","2619","1501","690","449","241","42","732","1147","0","63.82","39.15"
"66","000","00","026","2619","1502","587","365","222","43","630","928","0","67.89","39.33"
"66","000","00","026","2620","0000","677","405","272","55","732","1296","0","56.48","31.25"
"66","000","00","026","2620","1503","677","405","272","55","732","1296","0","56.48","31.25"
"66","000","00","027","0000","0000","82360","50405","31955","4450","86810","157926","191097","54.97","31.92"
"66","000","00","027","2701","0000","2835","1707","1128","169","3004","5448","0","55.14","31.33"
"66","000","00","027","2701","1271","924","553","371","68","992","1821","0","54.48","30.37"
"66","000","00","027","2701","1272","846","509","337","35","881","1680","0","52.44","30.3"
"66","000","00","027","2701","1273","1065","645","420","66","1131","1947","0","58.09","33.13"
"66","000","00","027","2702","0000","3087","1931","1156","155","3242","5757","0","56.31","33.54"
"66","000","00","027","2702","1274","1089","701","388","65","1154","1910","0","60.42","36.7"
"66","000","00","027","2702","1275","983","615","368","41","1024","1894","0","54.07","32.47"
"66","000","00","027","2702","1276","1015","615","400","49","1064","1953","0","54.48","31.49"
"66","000","00","027","2703","0000","2140","1322","818","88","2228","4067","0","54.78","32.51"
"66","000","00","027","2703","1281","1046","642","404","60","1106","2011","0","55.0","31.92"
"66","000","00","027","2703","1282","1094","680","414","28","1122","2056","0","54.57","33.07"
"66","000","00","027","2704","0000","1862","1155","707","126","1988","3317","0","59.93","34.82"
"66","000","00","027","2704","1287","1053","654","399","76","1129","1886","0","59.86","34.68"
"66","000","00","027","2704","1288","809","501","308","50","859","1431","0","60.03","35.01"
"66","000","00","027","2705","0000","1554","1034","520","85","1639","2924","0","56.05","35.36"
"66","000","00","027","2705","1297","709","524","185","52","761","1378","0","55.22","38.03"
"66","000","00","027","2705","1298","845","510","335","33","878","1546","0","56.79","32.99"
"66","000","00","027","2706","0000","2115","1360","755","92","2207","4083","0","54.05","33.31"
"66","000","00","027","2706","1291","1058","671","387","53","1111","2048","0","54.25","32.76"
"66","000","00","027","2706","1292","1057","689","368","39","1096","2035","0","53.86","33.86"
"66","000","00","027","2707","0000","3107","1914","1193","177","3284","6114","0","53.71","31.31"
"66","000","00","027","2707","1316","917","566","351","37","954","1623","0","58.78","34.87"
"66","000","00","027","2707","1317","744","448","296","39","783","1548","0","50.58","28.94"
"66","000","00","027","2707","1318","740","464","276","56","796","1442","0","55.2","32.18"
"66","000","00","027","2707","1319","706","436","270","45","751","1501","0","50.03","29.05"
"66","000","00","027","2708","0000","1694","1074","620","91","1785","3605","0","49.51","29.79"
"66","000","00","027","2708","1312","941","624","317","59","1000","1654","0","60.46","37.73"
"66","000","00","027","2708","1313","753","450","303","32","785","1951","0","40.24","23.07"
"66","000","00","027","2709","0000","1846","1147","699","116","1962","3281","0","59.8","34.96"
"66","000","00","027","2709","1301","885","537","348","76","961","1582","0","60.75","33.94"
"66","000","00","027","2709","1302","961","610","351","40","1001","1699","0","58.92","35.9"
"66","000","00","027","2710","0000","2567","1563","1004","154","2721","5163","0","52.7","30.27"
"66","000","00","027","2710","1307","900","521","379","42","942","1776","0","53.04","29.34"
"66","000","00","027","2710","1308","899","559","340","41","940","1729","0","54.37","32.33"
"66","000","00","027","2710","1309","768","483","285","71","839","1658","0","50.6","29.13"
"66","000","00","027","2711","0000","3842","2301","1541","179","4021","7262","0","55.37","31.69"
"66","000","00","027","2711","1325","1139","697","442","72","1211","2075","0","58.36","33.59"
"66","000","00","027","2711","1326","834","472","362","46","880","1723","0","51.07","27.39"
"66","000","00","027","2711","1327","1100","676","424","44","1144","2049","0","55.83","32.99"
"66","000","00","027","2711","1328","769","456","313","17","786","1415","0","55.55","32.23"
"66","000","00","027","2712","0000","3809","2397","1412","201","4010","7197","0","55.72","33.31"
"66","000","00","027","2712","1335","926","584","342","53","979","1667","0","58.73","35.03"
"66","000","00","027","2712","1336","862","550","312","63","925","1793","0","51.59","30.67"
"66","000","00","027","2712","1337","1061","648","413","35","1096","1903","0","57.59","34.05"
"66","000","00","027","2712","1338","960","615","345","50","1010","1834","0","55.07","33.53"
"66","000","00","027","2713","0000","3002","1830","1172","127","3129","5993","0","52.21","30.54"
"66","000","00","027","2713","1346","944","590","354","49","993","1974","0","50.3","29.89"
"66","000","00","027","2713","1347","1006","582","424","33","1039","1828","0","56.84","31.84"
"66","000","00","027","2713","1348","1052","658","394","45","1097","2191","0","50.07","30.03"
"66","000","00","027","2714","0000","912","588","324","66","978","1825","0","53.59","32.22"
"66","000","00","027","2714","1349","912","588","324","66","978","1825","0","53.59","32.22"
"66","000","00","027","2715","0000","628","385","243","58","686","1225","0","56.0","31.43"
"66","000","00","027","2715","1351","628","385","243","58","686","1225","0","56.0","31.43"
"66","000","00","027","2716","0000","1596","992","604","135","1731","3179","0","54.45","31.2"
"66","000","00","027","2716","1352","876","555","321","62","938","1678","0","55.9","33.08"
"66","000","00","027","2716","1353","720","437","283","73","793","1501","0","52.83","29.11"
"66","000","00","027","2717","0000","1610","912","698","101","1711","3094","0","55.3","29.48"
"66","000","00","027","2717","1357","703","381","322","33","736","1428","0","51.54","26.68"
"66","000","00","027","2717","1358","907","531","376","68","975","1666","0","58.52","31.87"
"66","000","00","027","2718","0000","2366","1466","900","155","2521","4710","0","53.52","31.13"
"66","000","00","027","2718","1361","632","418","214","37","669","1166","0","57.38","35.85"
"66","000","00","027","2718","1362","967","576","391","81","1048","1790","0","58.55","32.18"
"66","000","00","027","2718","1363","767","472","295","37","804","1754","0","45.84","26.91"
"66","000","00","027","2719","0000","415","262","153","37","452","699","0","64.66","37.48"
"66","000","00","027","2719","1356","415","262","153","37","452","699","0","64.66","37.48"
"66","000","00","027","2720","0000","3637","2363","1274","192","3829","6563","0","58.34","36.0"
"66","000","00","027","2720","1277","998","618","380","66","1064","1846","0","57.64","33.48"
"66","000","00","027","2720","1278","850","623","227","37","887","1493","0","59.41","41.73"
"66","000","00","027","2720","1279","853","535","318","49","902","1605","0","56.2","33.33"
"66","000","00","027","2720","1280","936","587","349","40","976","1619","0","60.28","36.26"
"66","000","00","027","2721","0000","2066","1229","837","115","2181","4094","0","53.27","30.02"
"66","000","00","027","2721","1289","992","598","394","65","1057","1930","0","54.77","30.98"
"66","000","00","027","2721","1290","1074","631","443","50","1124","2164","0","51.94","29.16"
"66","000","00","027","2722","0000","1854","1110","744","149","2003","3870","0","51.76","28.68"
"66","000","00","027","2722","1293","857","510","347","65","922","1685","0","54.72","30.27"
"66","000","00","027","2722","1294","997","600","397","84","1081","2185","0","49.47","27.46"
"66","000","00","027","2723","0000","1453","887","566","50","1503","2773","0","54.2","31.99"
"66","000","00","027","2723","1295","620","393","227","17","637","1176","0","54.17","33.42"
"66","000","00","027","2723","1296","833","494","339","33","866","1597","0","54.23","30.93"
"66","000","00","027","2724","0000","1934","1214","720","88","2022","3691","0","54.78","32.89"
"66","000","00","027","2724","1283","990","621","369","42","1032","1876","0","55.01","33.1"
"66","000","00","027","2724","1284","944","593","351","46","990","1815","0","54.55","32.67"
"66","000","00","027","2725","0000","1294","757","537","89","1383","2285","0","60.53","33.13"
"66","000","00","027","2725","1285","691","410","281","40","731","1281","0","57.06","32.01"
"66","000","00","027","2725","1286","603","347","256","49","652","1004","0","64.94","34.56"
"66","000","00","027","2726","0000","1464","881","583","92","1556","2943","0","52.87","29.94"
"66","000","00","027","2726","1299","898","536","362","61","959","1890","0","50.74","28.36"
"66","000","00","027","2726","1300","566","345","221","31","597","1053","0","56.7","32.76"
"66","000","00","027","2727","0000","2667","1591","1076","75","2742","4703","0","58.3","33.83"
"66","000","00","027","2727","1339","817","518","299","34","851","1526","0","55.77","33.94"
"66","000","00","027","2727","1340","910","537","373","20","930","1483","0","62.71","36.21"
"66","000","00","027","2727","1341","940","536","404","21","961","1694","0","56.73","31.64"
"66","000","00","027","2728","0000","3719","2206","1513","134","3853","6795","0","56.7","32.47"
"66","000","00","027","2728","1342","938","568","370","34","972","1952","0","49.8","29.1"
"66","000","00","027","2728","1343","1052","640","412","48","1100","1995","0","55.14","32.08"
"66","000","00","027","2728","1344","737","444","293","26","763","1311","0","58.2","33.87"
"66","000","00","027","2728","1345","992","554","438","26","1018","1537","0","66.23","36.04"
"66","000","00","027","2729","0000","2881","1752","1129","145","3026","5574","0","54.29","31.43"
"66","000","00","027","2729","1329","973","582","391","41","1014","1778","0","57.03","32.73"
"66","000","00","027","2729","1330","853","497","356","53","906","1706","0","53.11","29.13"
"66","000","00","027","2729","1331","1055","673","382","51","1106","2090","0","52.92","32.2"
"66","000","00","027","2730","0000","2514","1515","999","107","2621","5269","0","49.74","28.75"
"66","000","00","027","2730","1332","992","596","396","49","1041","2093","0","49.74","28.48"
"66","000","00","027","2730","1333","798","492","306","31","829","1688","0","49.11","29.15"
"66","000","00","027","2730","1334","724","427","297","27","751","1488","0","50.47","28.7"
"66","000","00","027","2731","0000","2919","1765","1154","134","3053","6065","0","50.34","29.1"
"66","000","00","027","2731","1320","965","573","392","43","1008","2025","0","49.78","28.3"
"66","000","00","027","2731","1321","964","582","382","39","1003","1885","0","53.21","30.88"
"66","000","00","027","2731","1322","990","610","380","52","1042","2155","0","48.35","28.31"
"66","000","00","027","2732","0000","1740","1031","709","140","1880","3796","0","49.53","27.16"
"66","000","00","027","2732","1323","889","512","377","62","951","1775","0","53.58","28.85"
"66","000","00","027","2732","1324","851","519","332","78","929","2021","0","45.97","25.68"
"66","000","00","027","2733","0000","1925","1184","741","88","2013","3762","0","53.51","31.47"
"66","000","00","027","2733","1310","1034","634","400","45","1079","2010","0","53.68","31.54"
"66","000","00","027","2733","1311","891","550","341","43","934","1752","0","53.31","31.39"
"66","000","00","027","2734","0000","2607","1499","1108","128","2735","4401","0","62.14","34.06"
"66","000","00","027","2734","1314","1307","703","604","77","1384","2170","0","63.78","32.4"
"66","000","00","027","2734","1315","1300","796","504","51","1351","2231","0","60.56","35.68"
"66","000","00","027","2735","0000","1304","746","558","98","1402","2556","0","54.85","29.19"
"66","000","00","027","2735","1303","759","444","315","57","816","1493","0","54.66","29.74"
"66","000","00","027","2735","1304","545","302","243","41","586","1063","0","55.13","28.41"
"66","000","00","027","2736","0000","1254","790","464","86","1340","2201","0","60.88","35.89"
"66","000","00","027","2736","1305","643","408","235","36","679","1117","0","60.79","36.53"
"66","000","00","027","2736","1306","611","382","229","50","661","1084","0","60.98","35.24"
"66","000","00","027","2737","0000","801","490","311","19","820","1559","0","52.6","31.43"
"66","000","00","027","2737","1350","801","490","311","19","820","1559","0","52.6","31.43"
"66","000","00","027","2738","0000","1927","1164","763","128","2055","3576","0","57.47","32.55"
"66","000","00","027","2738","1354","868","537","331","57","925","1450","0","63.79","37.03"
"66","000","00","027","2738","1355","1059","627","432","71","1130","2126","0","53.15","29.49"
"66","000","00","027","2739","0000","1413","891","522","81","1494","2507","0","59.59","35.54"
"66","000","00","027","2739","1359","694","444","250","36","730","1241","0","58.82","35.78"
"66","000","00","027","2739","1360","719","447","272","45","764","1266","0","60.35","35.31"
"66","000","00","028","0000","0000","92379","56856","35523","4759","97138","171769","211860","56.55","33.1"
"66","000","00","028","2801","0000","1944","1174","770","130","2074","3508","0","59.12","33.47"
"66","000","00","028","2801","1373","908","539","369","58","966","1697","0","56.92","31.76"
"66","000","00","028","2801","1374","1036","635","401","72","1108","1811","0","61.18","35.06"
"66","000","00","028","2802","0000","5252","3262","1990","287","5539","9923","0","55.82","32.87"
"66","000","00","028","2802","1375","927","596","331","52","979","1830","0","53.5","32.57"
"66","000","00","028","2802","1376","845","532","313","101","946","2228","0","42.46","23.88"
"66","000","00","028","2802","1377","1150","710","440","57","1207","1997","0","60.44","35.55"
"66","000","00","028","2802","1378","1257","798","459","43","1300","2033","0","63.94","39.25"
"66","000","00","028","2802","1379","1073","626","447","34","1107","1835","0","60.33","34.11"
"66","000","00","028","2803","0000","1766","1087","679","107","1873","3418","0","54.8","31.8"
"66","000","00","028","2803","1384","840","539","301","53","893","1621","0","55.09","33.25"
"66","000","00","028","2803","1385","926","548","378","54","980","1797","0","54.54","30.5"
"66","000","00","028","2804","0000","3772","2263","1509","172","3944","7122","0","55.38","31.77"
"66","000","00","028","2804","1422","993","602","391","37","1030","1875","0","54.93","32.11"
"66","000","00","028","2804","1423","913","563","350","46","959","1670","0","57.43","33.71"
"66","000","00","028","2804","1424","996","568","428","54","1050","1898","0","55.32","29.93"
"66","000","00","028","2804","1425","870","530","340","35","905","1679","0","53.9","31.57"
"66","000","00","028","2805","0000","3704","2284","1420","225","3929","6924","0","56.74","32.99"
"66","000","00","028","2805","1386","656","396","260","32","688","1230","0","55.93","32.2"
"66","000","00","028","2805","1387","762","482","280","47","809","1488","0","54.37","32.39"
"66","000","00","028","2805","1388","742","447","295","52","794","1459","0","54.42","30.64"
"66","000","00","028","2805","1389","900","574","326","44","944","1647","0","57.32","34.85"
"66","000","00","028","2805","1390","644","385","259","50","694","1100","0","63.09","35.0"
"66","000","00","028","2806","0000","2137","1415","722","114","2251","3956","0","56.9","35.77"
"66","000","00","028","2806","1434","670","455","215","32","702","1103","0","63.64","41.25"
"66","000","00","028","2806","1435","684","412","272","42","726","1419","0","51.16","29.03"
"66","000","00","028","2806","1436","783","548","235","40","823","1434","0","57.39","38.21"
"66","000","00","028","2807","0000","2903","1820","1083","128","3031","5587","0","54.25","32.58"
"66","000","00","028","2807","1437","931","595","336","41","972","1875","0","51.84","31.73"
"66","000","00","028","2807","1438","989","597","392","56","1045","1862","0","56.12","32.06"
"66","000","00","028","2807","1439","983","628","355","31","1014","1850","0","54.81","33.95"
"66","000","00","028","2808","0000","4286","2746","1540","199","4485","8258","0","54.31","33.25"
"66","000","00","028","2808","1391","770","467","303","39","809","1410","0","57.38","33.12"
"66","000","00","028","2808","1392","912","595","317","48","960","1807","0","53.13","32.93"
"66","000","00","028","2808","1393","718","419","299","45","763","1331","0","57.33","31.48"
"66","000","00","028","2808","1394","947","674","273","27","974","1801","0","54.08","37.42"
"66","000","00","028","2808","1395","939","591","348","40","979","1909","0","51.28","30.96"
"66","000","00","028","2809","0000","1758","1139","619","82","1840","3355","0","54.84","33.95"
"66","000","00","028","2809","1399","893","569","324","48","941","1753","0","53.68","32.46"
"66","000","00","028","2809","1400","865","570","295","34","899","1602","0","56.12","35.58"
"66","000","00","028","2810","0000","2672","1686","986","129","2801","5278","0","53.07","31.94"
"66","000","00","028","2810","1451","932","620","312","37","969","1759","0","55.09","35.25"
"66","000","00","028","2810","1452","898","560","338","47","945","1783","0","53.0","31.41"
"66","000","00","028","2810","1453","842","506","336","45","887","1736","0","51.09","29.15"
"66","000","00","028","2811","0000","3890","2413","1477","228","4118","7599","0","54.19","31.75"
"66","000","00","028","2811","1458","967","588","379","62","1029","1836","0","56.05","32.03"
"66","000","00","028","2811","1459","999","628","371","52","1051","1913","0","54.94","32.83"
"66","000","00","028","2811","1460","956","578","378","69","1025","1913","0","53.58","30.21"
"66","000","00","028","2811","1461","968","619","349","45","1013","1937","0","52.3","31.96"
"66","000","00","028","2812","0000","2323","1240","1083","131","2454","4237","0","57.92","29.27"
"66","000","00","028","2812","1401","620","354","266","45","665","1144","0","58.13","30.94"
"66","000","00","028","2812","1402","928","558","370","51","979","1655","0","59.15","33.72"
"66","000","00","028","2812","1403","775","328","447","35","810","1438","0","56.33","22.81"
"66","000","00","028","2813","0000","550","325","225","44","594","1000","0","59.4","32.5"
"66","000","00","028","2813","1404","550","325","225","44","594","1000","0","59.4","32.5"
"66","000","00","028","2814","0000","4547","2742","1805","208","4755","8369","0","56.82","32.76"
"66","000","00","028","2814","1405","909","545","364","57","966","1711","0","56.46","31.85"
"66","000","00","028","2814","1406","931","577","354","17","948","1698","0","55.83","33.98"
"66","000","00","028","2814","1407","1021","621","400","53","1074","1914","0","56.11","32.45"
"66","000","00","028","2814","1408","839","486","353","21","860","1465","0","58.7","33.17"
"66","000","00","028","2814","1409","847","513","334","60","907","1581","0","57.37","32.45"
"66","000","00","028","2815","0000","2158","1276","882","90","2248","4438","0","50.65","28.75"
"66","000","00","028","2815","1414","583","335","248","32","615","1204","0","51.08","27.82"
"66","000","00","028","2815","1415","874","510","364","33","907","1761","0","51.5","28.96"
"66","000","00","028","2815","1416","701","431","270","25","726","1473","0","49.29","29.26"
"66","000","00","028","2816","0000","4547","2811","1736","277","4824","8428","0","57.24","33.35"
"66","000","00","028","2816","1417","904","553","351","47","951","1675","0","56.78","33.01"
"66","000","00","028","2816","1418","952","629","323","44","996","1755","0","56.75","35.84"
"66","000","00","028","2816","1419","890","543","347","66","956","1593","0","60.01","34.09"
"66","000","00","028","2816","1420","945","569","376","56","1001","1799","0","55.64","31.63"
"66","000","00","028","2816","1421","856","517","339","64","920","1606","0","57.29","32.19"
"66","000","00","028","2817","0000","6192","3731","2461","342","6534","11504","0","56.8","32.43"
"66","000","00","028","2817","1462","802","491","311","33","835","1508","0","55.37","32.56"
"66","000","00","028","2817","1463","777","465","312","32","809","1340","0","60.37","34.7"
"66","000","00","028","2817","1464","924","569","355","47","971","1656","0","58.64","34.36"
"66","000","00","028","2817","1465","709","439","270","32","741","1290","0","57.44","34.03"
"66","000","00","028","2817","1466","874","515","359","43","917","1655","0","55.41","31.12"
"66","000","00","028","2817","1467","623","358","265","23","646","1260","0","51.27","28.41"
"66","000","00","028","2817","1468","720","425","295","27","747","1247","0","59.9","34.08"
"66","000","00","028","2817","1469","763","469","294","105","868","1548","0","56.07","30.3"
"66","000","00","028","2818","0000","5108","3143","1965","284","5392","9578","0","56.3","32.81"
"66","000","00","028","2818","1445","825","521","304","72","897","1701","0","52.73","30.63"
"66","000","00","028","2818","1446","785","479","306","48","833","1549","0","53.78","30.92"
"66","000","00","028","2818","1447","906","558","348","42","948","1567","0","60.5","35.61"
"66","000","00","028","2818","1448","898","553","345","12","910","1614","0","56.38","34.26"
"66","000","00","028","2818","1449","968","596","372","71","1039","1811","0","57.37","32.91"
"66","000","00","028","2818","1450","726","436","290","39","765","1336","0","57.26","32.63"
"66","000","00","028","2819","0000","5233","3164","2069","250","5483","10155","0","53.99","31.16"
"66","000","00","028","2819","1364","819","533","286","32","851","1614","0","52.73","33.02"
"66","000","00","028","2819","1365","798","489","309","37","835","1599","0","52.22","30.58"
"66","000","00","028","2819","1366","834","467","367","35","869","1715","0","50.67","27.23"
"66","000","00","028","2819","1367","722","436","286","27","749","1264","0","59.26","34.49"
"66","000","00","028","2819","1368","721","417","304","39","760","1416","0","53.67","29.45"
"66","000","00","028","2819","1369","634","374","260","28","662","1188","0","55.72","31.48"
"66","000","00","028","2819","1370","705","448","257","52","757","1359","0","55.7","32.97"
"66","000","00","028","2820","0000","1586","918","668","98","1684","2860","0","58.88","32.1"
"66","000","00","028","2820","1371","802","462","340","49","851","1457","0","58.41","31.71"
"66","000","00","028","2820","1372","784","456","328","49","833","1403","0","59.37","32.5"
"66","000","00","028","2821","0000","3341","2103","1238","155","3496","5775","0","60.54","36.42"
"66","000","00","028","2821","1380","713","425","288","23","736","1268","0","58.04","33.52"
"66","000","00","028","2821","1381","901","549","352","55","956","1645","0","58.12","33.37"
"66","000","00","028","2821","1382","920","610","310","36","956","1561","0","61.24","39.08"
"66","000","00","028","2821","1383","807","519","288","41","848","1301","0","65.18","39.89"
"66","000","00","028","2822","0000","2211","1364","847","116","2327","4102","0","56.73","33.25"
"66","000","00","028","2822","1426","714","421","293","45","759","1373","0","55.28","30.66"
"66","000","00","028","2822","1427","714","463","251","38","752","1299","0","57.89","35.64"
"66","000","00","028","2822","1428","783","480","303","33","816","1430","0","57.06","33.57"
"66","000","00","028","2823","0000","5660","3584","2076","191","5851","9149","0","63.95","39.17"
"66","000","00","028","2823","1429","1109","714","395","37","1146","1805","0","63.49","39.56"
"66","000","00","028","2823","1430","1158","691","467","28","1186","1806","0","65.67","38.26"
"66","000","00","028","2823","1431","1131","740","391","58","1189","1826","0","65.12","40.53"
"66","000","00","028","2823","1432","1152","729","423","27","1179","1805","0","65.32","40.39"
"66","000","00","028","2823","1433","1110","710","400","41","1151","1907","0","60.36","37.23"
"66","000","00","028","2824","0000","4806","2944","1862","258","5064","8472","0","59.77","34.75"
"66","000","00","028","2824","1440","870","543","327","61","931","1622","0","57.4","33.48"
"66","000","00","028","2824","1441","961","603","358","58","1019","1638","0","62.21","36.81"
"66","000","00","028","2824","1442","952","584","368","70","1022","1633","0","62.58","35.76"
"66","000","00","028","2824","1443","929","571","358","32","961","1662","0","57.82","34.36"
"66","000","00","028","2824","1444","1094","643","451","37","1131","1917","0","59.0","33.54"
"66","000","00","028","2825","0000","2718","1671","1047","136","2854","5238","0","54.49","31.9"
"66","000","00","028","2825","1396","816","499","317","52","868","1699","0","51.09","29.37"
"66","000","00","028","2825","1397","893","564","329","46","939","1627","0","57.71","34.67"
"66","000","00","028","2825","1398","1009","608","401","38","1047","1912","0","54.76","31.8"
"66","000","00","028","2826","0000","4157","2632","1525","223","4380","7648","0","57.27","34.41"
"66","000","00","028","2826","1454","1030","662","368","48","1078","1874","0","57.52","35.33"
"66","000","00","028","2826","1455","994","629","365","81","1075","1889","0","56.91","33.3"
"66","000","00","028","2826","1456","1037","669","368","57","1094","1947","0","56.19","34.36"
"66","000","00","028","2826","1457","1096","672","424","37","1133","1938","0","58.46","34.67"
"66","000","00","028","2827","0000","3158","1919","1239","155","3313","5888","0","56.27","32.59"
"66","000","00","028","2827","1410","754","521","233","46","800","1509","0","53.02","34.53"
"66","000","00","028","2827","1411","836","510","326","25","861","1570","0","54.84","32.48"
"66","000","00","028","2827","1412","792","428","364","37","829","1425","0","58.18","30.04"
"66","000","00","028","2827","1413","776","460","316","47","823","1384","0","59.47","33.24"
"66","000","00","029","0000","0000","5623","3507","2116","334","5957","9498","11066","62.72","36.92"
"66","000","00","029","2901","0000","1165","724","441","79","1244","1919","0","64.83","37.73"
"66","000","00","029","2901","1585","585","358","227","32","617","956","0","64.54","37.45"
"66","000","00","029","2901","1586","580","366","214","47","627","963","0","65.11","38.01"
"66","000","00","029","2902","0000","260","140","120","14","274","456","0","60.09","30.7"
"66","000","00","029","2902","1587","260","140","120","14","274","456","0","60.09","30.7"
"66","000","00","029","2903","0000","986","625","361","63","1049","1647","0","63.69","37.95"
"66","000","00","029","2903","1588","619","405","214","44","663","1011","0","65.58","40.06"
"66","000","00","029","2903","1589","367","220","147","19","386","636","0","60.69","34.59"
"66","000","00","029","2904","0000","312","187","125","7","319","451","0","70.73","41.46"
"66","000","00","029","2904","1595","312","187","125","7","319","451","0","70.73","41.46"
"66","000","00","029","2905","0000","703","424","279","47","750","1051","0","71.36","40.34"
"66","000","00","029","2905","1590","141","77","64","10","151","270","0","55.93","28.52"
"66","000","00","029","2905","1591","333","238","95","24","357","460","0","77.61","51.74"
"66","000","00","029","2905","1592","229","109","120","13","242","321","0","75.39","33.96"
"66","000","00","029","2906","0000","691","428","263","41","732","1119","0","65.42","38.25"
"66","000","00","029","2906","1593","488","293","195","28","516","783","0","65.9","37.42"
"66","000","00","029","2906","1594","203","135","68","13","216","336","0","64.29","40.18"
"66","000","00","029","2907","0000","1030","670","360","56","1086","1985","0","54.71","33.75"
"66","000","00","029","2907","1596","206","135","71","13","219","366","0","59.84","36.89"
"66","000","00","029","2907","1597","364","240","124","11","375","771","0","48.64","31.13"
"66","000","00","029","2907","1598","299","185","114","22","321","574","0","55.92","32.23"
"66","000","00","029","2907","1599","161","110","51","10","171","274","0","62.41","40.15"
"66","000","00","029","2908","0000","476","309","167","27","503","870","0","57.82","35.52"
"66","000","00","029","2908","1600","82","40","42","6","88","157","0","56.05","25.48"
"66","000","00","029","2908","1601","394","269","125","21","415","713","0","58.2","37.73"
"67","000","00","000","0000","0000","791933","494543","297390","40579","832512","1594821","1883804","52.2","31.01"
"67","000","00","001","0000","0000","31293","19145","12148","1479","32772","64949","77651","50.46","29.48"
"67","000","00","001","0101","0000","2370","1458","912","110","2480","4741","0","52.31","30.75"
"67","000","00","001","0101","0116","764","465","299","36","800","1693","0","47.25","27.47"
"67","000","00","001","0101","0117","830","519","311","41","871","1561","0","55.8","33.25"
"67","000","00","001","0101","0118","776","474","302","33","809","1487","0","54.4","31.88"
"67","000","00","001","0102","0000","1165","725","440","46","1211","2299","0","52.68","31.54"
"67","000","00","001","0102","0119","632","419","213","27","659","1232","0","53.49","34.01"
"67","000","00","001","0102","0120","533","306","227","19","552","1067","0","51.73","28.68"
"67","000","00","001","0103","0000","1441","894","547","65","1506","2885","0","52.2","30.99"
"67","000","00","001","0103","0121","647","389","258","36","683","1419","0","48.13","27.41"
"67","000","00","001","0103","0122","794","505","289","29","823","1466","0","56.14","34.45"
"67","000","00","001","0107","0000","1507","938","569","59","1566","2940","0","53.27","31.9"
"67","000","00","001","0107","0126","490","309","181","26","516","888","0","58.11","34.8"
"67","000","00","001","0107","0127","563","342","221","19","582","1115","0","52.2","30.67"
"67","000","00","001","0107","0128","454","287","167","14","468","937","0","49.95","30.63"
"67","000","00","001","0108","0000","2091","1262","829","99","2190","4214","0","51.97","29.95"
"67","000","00","001","0108","0129","662","389","273","30","692","1387","0","49.89","28.05"
"67","000","00","001","0108","0130","721","460","261","43","764","1526","0","50.07","30.14"
"67","000","00","001","0108","0131","708","413","295","26","734","1301","0","56.42","31.74"
"67","000","00","001","0109","0000","672","401","271","35","707","1193","0","59.26","33.61"
"67","000","00","001","0109","0136","672","401","271","35","707","1193","0","59.26","33.61"
"67","000","00","001","0110","0000","560","324","236","23","583","1439","0","40.51","22.52"
"67","000","00","001","0110","0137","560","324","236","23","583","1439","0","40.51","22.52"
"67","000","00","001","0112","0000","1026","639","387","46","1072","2460","0","43.58","25.98"
"67","000","00","001","0112","0140","514","310","204","26","540","1233","0","43.8","25.14"
"67","000","00","001","0112","0141","512","329","183","20","532","1227","0","43.36","26.81"
"67","000","00","001","0113","0000","966","609","357","54","1020","1797","0","56.76","33.89"
"67","000","00","001","0113","0138","774","490","284","36","810","1438","0","56.33","34.08"
"67","000","00","001","0113","0139","192","119","73","18","210","359","0","58.5","33.15"
"67","000","00","001","0114","0000","1408","821","587","50","1458","3250","0","44.86","25.26"
"67","000","00","001","0114","0142","590","350","240","23","613","1320","0","46.44","26.52"
"67","000","00","001","0114","0143","818","471","347","27","845","1930","0","43.78","24.4"
"67","000","00","001","0115","0000","2086","1263","823","114","2200","4419","0","49.79","28.58"
"67","000","00","001","0115","0150","796","476","320","38","834","1595","0","52.29","29.84"
"67","000","00","001","0115","0151","440","268","172","22","462","959","0","48.18","27.95"
"67","000","00","001","0115","0152","850","519","331","54","904","1865","0","48.47","27.83"
"67","000","00","001","0116","0000","721","416","305","68","789","1678","0","47.02","24.79"
"67","000","00","001","0116","0153","721","416","305","68","789","1678","0","47.02","24.79"
"67","000","00","001","0117","0000","591","361","230","32","623","1373","0","45.38","26.29"
"67","000","00","001","0117","0154","591","361","230","32","623","1373","0","45.38","26.29"
"67","000","00","001","0118","0000","672","413","259","24","696","1722","0","40.42","23.98"
"67","000","00","001","0118","0155","557","342","215","23","580","1431","0","40.53","23.9"
"67","000","00","001","0118","0156","115","71","44","1","116","291","0","39.86","24.4"
"67","000","00","001","0119","0000","843","517","326","42","885","1749","0","50.6","29.56"
"67","000","00","001","0119","0157","843","517","326","42","885","1749","0","50.6","29.56"
"67","000","00","001","0120","0000","1733","1020","713","112","1845","3683","0","50.1","27.69"
"67","000","00","001","0120","0158","817","478","339","46","863","1862","0","46.35","25.67"
"67","000","00","001","0120","0159","916","542","374","66","982","1821","0","53.93","29.76"
"67","000","00","001","0121","0000","821","505","316","46","867","1845","0","46.99","27.37"
"67","000","00","001","0121","0160","821","505","316","46","867","1845","0","46.99","27.37"
"67","000","00","001","0125","0000","758","464","294","73","831","1644","0","50.55","28.22"
"67","000","00","001","0125","0163","364","223","141","47","411","703","0","58.46","31.72"
"67","000","00","001","0125","0164","394","241","153","26","420","941","0","44.63","25.61"
"67","000","00","001","0126","0000","358","234","124","10","368","944","0","38.98","24.79"
"67","000","00","001","0126","0161","210","137","73","5","215","542","0","39.67","25.28"
"67","000","00","001","0126","0162","148","97","51","5","153","402","0","38.06","24.13"
"67","000","00","001","0127","0000","2353","1554","799","103","2456","4729","0","51.93","32.86"
"67","000","00","001","0127","0144","759","472","287","35","794","1501","0","52.9","31.45"
"67","000","00","001","0127","0145","697","441","256","29","726","1475","0","49.22","29.9"
"67","000","00","001","0127","0146","897","641","256","39","936","1753","0","53.39","36.57"
"67","000","00","001","0128","0000","2390","1446","944","84","2474","4922","0","50.26","29.38"
"67","000","00","001","0128","0147","841","490","351","28","869","1748","0","49.71","28.03"
"67","000","00","001","0128","0148","867","545","322","37","904","1741","0","51.92","31.3"
"67","000","00","001","0128","0149","682","411","271","19","701","1433","0","48.92","28.68"
"67","000","00","001","0129","0000","3341","1997","1344","115","3456","6235","0","55.43","32.03"
"67","000","00","001","0129","0132","832","498","334","38","870","1538","0","56.57","32.38"
"67","000","00","001","0129","0133","824","494","330","31","855","1584","0","53.98","31.19"
"67","000","00","001","0129","0134","874","532","342","17","891","1583","0","56.29","33.61"
"67","000","00","001","0129","0135","811","473","338","29","840","1530","0","54.9","30.92"
"67","000","00","001","0130","0000","1420","884","536","69","1489","2788","0","53.41","31.71"
"67","000","00","001","0130","0123","533","327","206","41","574","932","0","61.59","35.09"
"67","000","00","001","0130","0124","526","337","189","14","540","1099","0","49.14","30.66"
"67","000","00","001","0130","0125","361","220","141","14","375","757","0","49.54","29.06"
"67","000","00","002","0000","0000","10138","6222","3916","690","10828","22121","25397","48.95","28.13"
"67","000","00","002","0201","0000","759","494","265","59","818","1517","0","53.92","32.56"
"67","000","00","002","0201","0085","517","337","180","45","562","1037","0","54.19","32.5"
"67","000","00","002","0201","0086","242","157","85","14","256","480","0","53.33","32.71"
"67","000","00","002","0208","0000","1729","1042","687","84","1813","3743","0","48.44","27.84"
"67","000","00","002","0208","0093","379","222","157","21","400","863","0","46.35","25.72"
"67","000","00","002","0208","0094","643","380","263","19","662","1373","0","48.22","27.68"
"67","000","00","002","0208","0095","707","440","267","44","751","1507","0","49.83","29.2"
"67","000","00","002","0210","0000","317","194","123","39","356","921","0","38.65","21.06"
"67","000","00","002","0210","0099","317","194","123","39","356","921","0","38.65","21.06"
"67","000","00","002","0211","0000","1755","1083","672","112","1867","3640","0","51.29","29.75"
"67","000","00","002","0211","0096","687","421","266","44","731","1374","0","53.2","30.64"
"67","000","00","002","0211","0097","565","345","220","33","598","1244","0","48.07","27.73"
"67","000","00","002","0211","0098","503","317","186","35","538","1022","0","52.64","31.02"
"67","000","00","002","0214","0000","727","430","297","53","780","1653","0","47.19","26.01"
"67","000","00","002","0214","0107","431","249","182","21","452","925","0","48.86","26.92"
"67","000","00","002","0214","0108","296","181","115","32","328","728","0","45.05","24.86"
"67","000","00","002","0226","0000","803","516","287","56","859","1454","0","59.08","35.49"
"67","000","00","002","0226","0087","364","224","140","17","381","636","0","59.91","35.22"
"67","000","00","002","0226","0088","168","108","60","12","180","321","0","56.07","33.64"
"67","000","00","002","0226","0089","271","184","87","27","298","497","0","59.96","37.02"
"67","000","00","002","0227","0000","851","527","324","45","896","1607","0","55.76","32.79"
"67","000","00","002","0227","0090","430","264","166","16","446","759","0","58.76","34.78"
"67","000","00","002","0227","0091","156","106","50","11","167","341","0","48.97","31.09"
"67","000","00","002","0227","0092","265","157","108","18","283","507","0","55.82","30.97"
"67","000","00","002","0228","0000","719","426","293","44","763","1539","0","49.58","27.68"
"67","000","00","002","0228","0102","377","234","143","18","395","761","0","51.91","30.75"
"67","000","00","002","0228","0103","130","81","49","11","141","285","0","49.47","28.42"
"67","000","00","002","0228","0104","212","111","101","15","227","493","0","46.04","22.52"
"67","000","00","002","0229","0000","673","397","276","43","716","1583","0","45.23","25.08"
"67","000","00","002","0229","0100","427","251","176","32","459","847","0","54.19","29.63"
"67","000","00","002","0229","0101","246","146","100","11","257","736","0","34.92","19.84"
"67","000","00","002","0230","0000","373","223","150","26","399","1013","0","39.39","22.01"
"67","000","00","002","0230","0105","229","129","100","17","246","621","0","39.61","20.77"
"67","000","00","002","0230","0106","144","94","50","9","153","392","0","39.03","23.98"
"67","000","00","002","0231","0000","413","242","171","46","459","1120","0","40.98","21.61"
"67","000","00","002","0231","0112","275","152","123","29","304","755","0","40.26","20.13"
"67","000","00","002","0231","0113","138","90","48","17","155","365","0","42.47","24.66"
"67","000","00","002","0232","0000","382","253","129","39","421","902","0","46.67","28.05"
"67","000","00","002","0232","0109","67","42","25","18","85","214","0","39.72","19.63"
"67","000","00","002","0232","0110","172","120","52","7","179","387","0","46.25","31.01"
"67","000","00","002","0232","0111","143","91","52","14","157","301","0","52.16","30.23"
"67","000","00","002","0233","0000","637","395","242","44","681","1429","0","47.66","27.64"
"67","000","00","002","0233","0114","424","258","166","23","447","935","0","47.81","27.59"
"67","000","00","002","0233","0115","213","137","76","21","234","494","0","47.37","27.73"
"67","000","00","003","0000","0000","10321","6314","4007","787","11108","24894","28152","44.62","25.36"
"67","000","00","003","0301","0000","854","532","322","67","921","1722","0","53.48","30.89"
"67","000","00","003","0301","0030","584","368","216","56","640","1176","0","54.42","31.29"
"67","000","00","003","0301","0031","270","164","106","11","281","546","0","51.47","30.04"
"67","000","00","003","0302","0000","1528","942","586","71","1599","2921","0","54.74","32.25"
"67","000","00","003","0302","0032","461","279","182","16","477","859","0","55.53","32.48"
"67","000","00","003","0302","0033","508","314","194","30","538","946","0","56.87","33.19"
"67","000","00","003","0302","0034","559","349","210","25","584","1116","0","52.33","31.27"
"67","000","00","003","0303","0000","564","360","204","17","581","1397","0","41.59","25.77"
"67","000","00","003","0303","0035","564","360","204","17","581","1397","0","41.59","25.77"
"67","000","00","003","0304","0000","696","423","273","53","749","1627","0","46.04","26.0"
"67","000","00","003","0304","0036","303","162","141","19","322","756","0","42.59","21.43"
"67","000","00","003","0304","0037","393","261","132","34","427","871","0","49.02","29.97"
"67","000","00","003","0305","0000","420","249","171","32","452","897","0","50.39","27.76"
"67","000","00","003","0305","0038","420","249","171","32","452","897","0","50.39","27.76"
"67","000","00","003","0306","0000","483","278","205","48","531","1356","0","39.16","20.5"
"67","000","00","003","0306","0039","255","152","103","32","287","784","0","36.61","19.39"
"67","000","00","003","0306","0040","228","126","102","16","244","572","0","42.66","22.03"
"67","000","00","003","0307","0000","156","97","59","6","162","457","0","35.45","21.23"
"67","000","00","003","0307","0041","156","97","59","6","162","457","0","35.45","21.23"
"67","000","00","003","0308","0000","222","145","77","16","238","600","0","39.67","24.17"
"67","000","00","003","0308","0042","222","145","77","16","238","600","0","39.67","24.17"
"67","000","00","003","0309","0000","112","61","51","5","117","375","0","31.2","16.27"
"67","000","00","003","0309","0043","112","61","51","5","117","375","0","31.2","16.27"
"67","000","00","003","0310","0000","139","86","53","13","152","508","0","29.92","16.93"
"67","000","00","003","0310","0044","139","86","53","13","152","508","0","29.92","16.93"
"67","000","00","003","0311","0000","460","321","139","30","490","1305","0","37.55","24.6"
"67","000","00","003","0311","0047","286","212","74","19","305","799","0","38.17","26.53"
"67","000","00","003","0311","0048","174","109","65","11","185","506","0","36.56","21.54"
"67","000","00","003","0312","0000","304","187","117","27","331","1022","0","32.39","18.3"
"67","000","00","003","0312","0045","197","117","80","12","209","631","0","33.12","18.54"
"67","000","00","003","0312","0046","107","70","37","15","122","391","0","31.2","17.9"
"67","000","00","003","0314","0000","514","301","213","29","543","1443","0","37.63","20.86"
"67","000","00","003","0314","0051","261","156","105","12","273","744","0","36.69","20.97"
"67","000","00","003","0314","0052","253","145","108","17","270","699","0","38.63","20.74"
"67","000","00","003","0318","0000","355","202","153","39","394","884","0","44.57","22.85"
"67","000","00","003","0318","0055","355","202","153","39","394","884","0","44.57","22.85"
"67","000","00","003","0319","0000","200","127","73","16","216","740","0","29.19","17.16"
"67","000","00","003","0319","0056","200","127","73","16","216","740","0","29.19","17.16"
"67","000","00","003","0320","0000","539","328","211","39","578","1334","0","43.33","24.59"
"67","000","00","003","0320","0057","539","328","211","39","578","1334","0","43.33","24.59"
"67","000","00","003","0321","0000","306","188","118","49","355","723","0","49.1","26.0"
"67","000","00","003","0321","0058","306","188","118","49","355","723","0","49.1","26.0"
"67","000","00","003","0322","0000","340","222","118","47","387","682","0","56.74","32.55"
"67","000","00","003","0322","0059","340","222","118","47","387","682","0","56.74","32.55"
"67","000","00","003","0325","0000","874","525","349","63","937","2011","0","46.59","26.11"
"67","000","00","003","0325","0049","348","215","133","28","376","832","0","45.19","25.84"
"67","000","00","003","0325","0050","526","310","216","35","561","1179","0","47.58","26.29"
"67","000","00","003","0326","0000","647","386","261","58","705","1492","0","47.25","25.87"
"67","000","00","003","0326","0053","230","144","86","9","239","633","0","37.76","22.75"
"67","000","00","003","0326","0054","417","242","175","49","466","859","0","54.25","28.17"
"67","000","00","003","0327","0000","608","354","254","62","670","1398","0","47.93","25.32"
"67","000","00","003","0327","0060","403","228","175","38","441","855","0","51.58","26.67"
"67","000","00","003","0327","0061","205","126","79","24","229","543","0","42.17","23.2"
"67","000","00","004","0000","0000","8770","5488","3282","728","9498","18804","21212","50.51","29.19"
"67","000","00","004","0401","0000","880","531","349","49","929","1791","0","51.87","29.65"
"67","000","00","004","0401","0165","540","317","223","39","579","1166","0","49.66","27.19"
"67","000","00","004","0401","0166","340","214","126","10","350","625","0","56.0","34.24"
"67","000","00","004","0402","0000","823","534","289","33","856","1572","0","54.45","33.97"
"67","000","00","004","0402","0167","338","222","116","16","354","738","0","47.97","30.08"
"67","000","00","004","0402","0168","485","312","173","17","502","834","0","60.19","37.41"
"67","000","00","004","0403","0000","517","329","188","28","545","1104","0","49.37","29.8"
"67","000","00","004","0403","0169","517","329","188","28","545","1104","0","49.37","29.8"
"67","000","00","004","0404","0000","1328","840","488","110","1438","2735","0","52.58","30.71"
"67","000","00","004","0404","0170","469","279","190","14","483","1015","0","47.59","27.49"
"67","000","00","004","0404","0171","859","561","298","96","955","1720","0","55.52","32.62"
"67","000","00","004","0405","0000","589","363","226","73","662","1391","0","47.59","26.1"
"67","000","00","004","0405","0172","589","363","226","73","662","1391","0","47.59","26.1"
"67","000","00","004","0406","0000","324","214","110","19","343","743","0","46.16","28.8"
"67","000","00","004","0406","0173","198","133","65","9","207","425","0","48.71","31.29"
"67","000","00","004","0406","0174","126","81","45","10","136","318","0","42.77","25.47"
"67","000","00","004","0407","0000","650","391","259","71","721","1483","0","48.62","26.37"
"67","000","00","004","0407","0175","350","205","145","28","378","753","0","50.2","27.22"
"67","000","00","004","0407","0176","300","186","114","43","343","730","0","46.99","25.48"
"67","000","00","004","0408","0000","896","552","344","73","969","1809","0","53.57","30.51"
"67","000","00","004","0408","0177","345","228","117","24","369","725","0","50.9","31.45"
"67","000","00","004","0408","0178","396","238","158","32","428","787","0","54.38","30.24"
"67","000","00","004","0408","0179","155","86","69","17","172","297","0","57.91","28.96"
"67","000","00","004","0409","0000","673","415","258","67","740","1313","0","56.36","31.61"
"67","000","00","004","0409","0180","353","210","143","23","376","673","0","55.87","31.2"
"67","000","00","004","0409","0181","320","205","115","44","364","640","0","56.88","32.03"
"67","000","00","004","0410","0000","262","138","124","28","290","660","0","43.94","20.91"
"67","000","00","004","0410","0182","262","138","124","28","290","660","0","43.94","20.91"
"67","000","00","004","0411","0000","605","431","174","42","647","1414","0","45.76","30.48"
"67","000","00","004","0411","0183","522","379","143","35","557","1212","0","45.96","31.27"
"67","000","00","004","0411","0184","83","52","31","7","90","202","0","44.55","25.74"
"67","000","00","004","0412","0000","536","335","201","56","592","1207","0","49.05","27.75"
"67","000","00","004","0412","0185","460","293","167","56","516","1049","0","49.19","27.93"
"67","000","00","004","0412","0186","76","42","34","0","76","158","0","48.1","26.58"
"67","000","00","004","0413","0000","687","415","272","79","766","1582","0","48.42","26.23"
"67","000","00","004","0413","0187","404","240","164","60","464","921","0","50.38","26.06"
"67","000","00","004","0413","0188","220","137","83","16","236","504","0","46.83","27.18"
"67","000","00","004","0413","0189","63","38","25","3","66","157","0","42.04","24.2"
"67","000","00","005","0000","0000","9107","5708","3399","809","9916","20841","23424","47.58","27.39"
"67","000","00","005","0501","0000","822","529","293","63","885","1641","0","53.93","32.24"
"67","000","00","005","0501","0001","390","257","133","35","425","743","0","57.2","34.59"
"67","000","00","005","0501","0002","432","272","160","28","460","898","0","51.22","30.29"
"67","000","00","005","0502","0000","608","381","227","56","664","1320","0","50.3","28.86"
"67","000","00","005","0502","0003","352","208","144","34","386","786","0","49.11","26.46"
"67","000","00","005","0502","0004","256","173","83","22","278","534","0","52.06","32.4"
"67","000","00","005","0503","0000","576","330","246","68","644","1266","0","50.87","26.07"
"67","000","00","005","0503","0005","487","284","203","51","538","1034","0","52.03","27.47"
"67","000","00","005","0503","0006","89","46","43","17","106","232","0","45.69","19.83"
"67","000","00","005","0504","0000","581","348","233","61","642","1316","0","48.78","26.44"
"67","000","00","005","0504","0007","204","109","95","32","236","479","0","49.27","22.76"
"67","000","00","005","0504","0008","377","239","138","29","406","837","0","48.51","28.55"
"67","000","00","005","0510","0000","555","319","236","49","604","1399","0","43.17","22.8"
"67","000","00","005","0510","0021","336","175","161","13","349","958","0","36.43","18.27"
"67","000","00","005","0510","0022","219","144","75","36","255","441","0","57.82","32.65"
"67","000","00","005","0511","0000","842","550","292","78","920","1673","0","54.99","32.88"
"67","000","00","005","0511","0023","332","209","123","45","377","677","0","55.69","30.87"
"67","000","00","005","0511","0024","510","341","169","33","543","996","0","54.52","34.24"
"67","000","00","005","0512","0000","556","361","195","25","581","1255","0","46.29","28.76"
"67","000","00","005","0512","0025","556","361","195","25","581","1255","0","46.29","28.76"
"67","000","00","005","0513","0000","526","335","191","20","546","1231","0","44.35","27.21"
"67","000","00","005","0513","0026","289","190","99","12","301","678","0","44.4","28.02"
"67","000","00","005","0513","0027","237","145","92","8","245","553","0","44.3","26.22"
"67","000","00","005","0514","0000","780","490","290","53","833","1805","0","46.15","27.15"
"67","000","00","005","0514","0028","228","146","82","15","243","616","0","39.45","23.7"
"67","000","00","005","0514","0029","552","344","208","38","590","1189","0","49.62","28.93"
"67","000","00","005","0518","0000","622","407","215","79","701","1475","0","47.53","27.59"
"67","000","00","005","0518","0013","155","104","51","23","178","371","0","47.98","28.03"
"67","000","00","005","0518","0014","298","192","106","35","333","676","0","49.26","28.4"
"67","000","00","005","0518","0015","169","111","58","21","190","428","0","44.39","25.93"
"67","000","00","005","0519","0000","429","293","136","45","474","1002","0","47.31","29.24"
"67","000","00","005","0519","0016","224","152","72","17","241","547","0","44.06","27.79"
"67","000","00","005","0519","0017","205","141","64","28","233","455","0","51.21","30.99"
"67","000","00","005","0522","0000","802","518","284","89","891","2003","0","44.48","25.86"
"67","000","00","005","0522","0018","390","266","124","47","437","984","0","44.41","27.03"
"67","000","00","005","0522","0019","206","121","85","21","227","483","0","47.0","25.05"
"67","000","00","005","0522","0020","206","131","75","21","227","536","0","42.35","24.44"
"67","000","00","005","0523","0000","827","478","349","60","887","2242","0","39.56","21.32"
"67","000","00","005","0523","0009","418","240","178","37","455","1085","0","41.94","22.12"
"67","000","00","005","0523","0010","409","238","171","23","432","1157","0","37.34","20.57"
"67","000","00","005","0524","0000","581","369","212","63","644","1213","0","53.09","30.42"
"67","000","00","005","0524","0011","344","219","125","44","388","755","0","51.39","29.01"
"67","000","00","005","0524","0012","237","150","87","19","256","458","0","55.9","32.75"
"67","000","00","006","0000","0000","6747","4205","2542","551","7298","18471","20870","39.51","22.77"
"67","000","00","006","0601","0000","590","379","211","31","621","1401","0","44.33","27.05"
"67","000","00","006","0601","0062","590","379","211","31","621","1401","0","44.33","27.05"
"67","000","00","006","0602","0000","953","585","368","89","1042","2488","0","41.88","23.51"
"67","000","00","006","0602","0063","475","294","181","32","507","1185","0","42.78","24.81"
"67","000","00","006","0602","0064","478","291","187","57","535","1303","0","41.06","22.33"
"67","000","00","006","0603","0000","542","325","217","43","585","1453","0","40.26","22.37"
"67","000","00","006","0603","0065","280","159","121","18","298","732","0","40.71","21.72"
"67","000","00","006","0603","0066","262","166","96","25","287","721","0","39.81","23.02"
"67","000","00","006","0604","0000","384","253","131","23","407","943","0","43.16","26.83"
"67","000","00","006","0604","0068","384","253","131","23","407","943","0","43.16","26.83"
"67","000","00","006","0605","0000","372","190","182","36","408","1104","0","36.96","17.21"
"67","000","00","006","0605","0067","372","190","182","36","408","1104","0","36.96","17.21"
"67","000","00","006","0606","0000","430","270","160","40","470","1249","0","37.63","21.62"
"67","000","00","006","0606","0069","175","110","65","1","176","653","0","26.95","16.85"
"67","000","00","006","0606","0070","255","160","95","39","294","596","0","49.33","26.85"
"67","000","00","006","0607","0000","362","230","132","38","400","878","0","45.56","26.2"
"67","000","00","006","0607","0071","362","230","132","38","400","878","0","45.56","26.2"
"67","000","00","006","0608","0000","105","71","34","2","107","425","0","25.18","16.71"
"67","000","00","006","0608","0075","105","71","34","2","107","425","0","25.18","16.71"
"67","000","00","006","0609","0000","140","96","44","11","151","394","0","38.32","24.37"
"67","000","00","006","0609","0076","140","96","44","11","151","394","0","38.32","24.37"
"67","000","00","006","0610","0000","171","107","64","21","192","373","0","51.47","28.69"
"67","000","00","006","0610","0077","171","107","64","21","192","373","0","51.47","28.69"
"67","000","00","006","0611","0000","730","484","246","32","762","2144","0","35.54","22.57"
"67","000","00","006","0611","0078","464","303","161","27","491","1257","0","39.06","24.11"
"67","000","00","006","0611","0079","266","181","85","5","271","887","0","30.55","20.41"
"67","000","00","006","0612","0000","192","130","62","12","204","658","0","31.0","19.76"
"67","000","00","006","0612","0080","192","130","62","12","204","658","0","31.0","19.76"
"67","000","00","006","0613","0000","318","195","123","26","344","1101","0","31.24","17.71"
"67","000","00","006","0613","0081","318","195","123","26","344","1101","0","31.24","17.71"
"67","000","00","006","0614","0000","311","193","118","15","326","1057","0","30.84","18.26"
"67","000","00","006","0614","0082","311","193","118","15","326","1057","0","30.84","18.26"
"67","000","00","006","0615","0000","395","244","151","32","427","909","0","46.97","26.84"
"67","000","00","006","0615","0083","288","186","102","22","310","639","0","48.51","29.11"
"67","000","00","006","0615","0084","107","58","49","10","117","270","0","43.33","21.48"
"67","000","00","006","0616","0000","752","453","299","100","852","1894","0","44.98","23.92"
"67","000","00","006","0616","0072","280","163","117","45","325","771","0","42.15","21.14"
"67","000","00","006","0616","0073","194","119","75","17","211","483","0","43.69","24.64"
"67","000","00","006","0616","0074","278","171","107","38","316","640","0","49.38","26.72"
"67","000","00","007","0000","0000","17976","10865","7111","1072","19048","37963","44306","50.18","28.62"
"67","000","00","007","0703","0000","1369","799","570","91","1460","2587","0","56.44","30.89"
"67","000","00","007","0703","0385","657","374","283","45","702","1262","0","55.63","29.64"
"67","000","00","007","0703","0386","712","425","287","46","758","1325","0","57.21","32.08"
"67","000","00","007","0704","0000","1202","676","526","54","1256","2505","0","50.14","26.99"
"67","000","00","007","0704","0387","670","388","282","40","710","1384","0","51.3","28.03"
"67","000","00","007","0704","0388","532","288","244","14","546","1121","0","48.71","25.69"
"67","000","00","007","0705","0000","1058","613","445","42","1100","2120","0","51.89","28.92"
"67","000","00","007","0705","0383","284","174","110","12","296","523","0","56.6","33.27"
"67","000","00","007","0705","0384","774","439","335","30","804","1597","0","50.34","27.49"
"67","000","00","007","0706","0000","941","580","361","33","974","1975","0","49.32","29.37"
"67","000","00","007","0706","0389","490","319","171","11","501","1021","0","49.07","31.24"
"67","000","00","007","0706","0390","451","261","190","22","473","954","0","49.58","27.36"
"67","000","00","007","0707","0000","678","416","262","24","702","1513","0","46.4","27.5"
"67","000","00","007","0707","0391","678","416","262","24","702","1513","0","46.4","27.5"
"67","000","00","007","0709","0000","1621","1004","617","89","1710","3530","0","48.44","28.44"
"67","000","00","007","0709","0392","746","465","281","43","789","1726","0","45.71","26.94"
"67","000","00","007","0709","0393","875","539","336","46","921","1804","0","51.05","29.88"
"67","000","00","007","0710","0000","505","303","202","37","542","1106","0","49.01","27.4"
"67","000","00","007","0710","0394","505","303","202","37","542","1106","0","49.01","27.4"
"67","000","00","007","0711","0000","1348","803","545","108","1456","2805","0","51.91","28.63"
"67","000","00","007","0711","0395","750","451","299","43","793","1503","0","52.76","30.01"
"67","000","00","007","0711","0396","598","352","246","65","663","1302","0","50.92","27.04"
"67","000","00","007","0714","0000","1058","635","423","64","1122","2330","0","48.15","27.25"
"67","000","00","007","0714","0399","734","433","301","48","782","1612","0","48.51","26.86"
"67","000","00","007","0714","0400","324","202","122","16","340","718","0","47.35","28.13"
"67","000","00","007","0715","0000","732","474","258","25","757","1656","0","45.71","28.62"
"67","000","00","007","0715","0401","732","474","258","25","757","1656","0","45.71","28.62"
"67","000","00","007","0717","0000","995","586","409","84","1079","2332","0","46.27","25.13"
"67","000","00","007","0717","0402","611","356","255","60","671","1355","0","49.52","26.27"
"67","000","00","007","0717","0403","384","230","154","24","408","977","0","41.76","23.54"
"67","000","00","007","0719","0000","935","554","381","51","986","2105","0","46.84","26.32"
"67","000","00","007","0719","0404","446","282","164","29","475","1012","0","46.94","27.87"
"67","000","00","007","0719","0405","332","175","157","20","352","626","0","56.23","27.96"
"67","000","00","007","0719","0406","157","97","60","2","159","467","0","34.05","20.77"
"67","000","00","007","0721","0000","562","362","200","34","596","1260","0","47.3","28.73"
"67","000","00","007","0721","0407","562","362","200","34","596","1260","0","47.3","28.73"
"67","000","00","007","0722","0000","562","388","174","38","600","1111","0","54.01","34.92"
"67","000","00","007","0722","0408","562","388","174","38","600","1111","0","54.01","34.92"
"67","000","00","007","0724","0000","678","380","298","50","728","1348","0","54.01","28.19"
"67","000","00","007","0724","0409","288","155","133","12","300","550","0","54.55","28.18"
"67","000","00","007","0724","0410","390","225","165","38","428","798","0","53.63","28.2"
"67","000","00","007","0728","0000","397","239","158","23","420","941","0","44.63","25.4"
"67","000","00","007","0728","0413","397","239","158","23","420","941","0","44.63","25.4"
"67","000","00","007","0730","0000","942","564","378","67","1009","1865","0","54.1","30.24"
"67","000","00","007","0730","0381","592","364","228","45","637","1205","0","52.86","30.21"
"67","000","00","007","0730","0382","350","200","150","22","372","660","0","56.36","30.3"
"67","000","00","007","0731","0000","791","498","293","71","862","1682","0","51.25","29.61"
"67","000","00","007","0731","0411","463","277","186","49","512","852","0","60.09","32.51"
"67","000","00","007","0731","0412","328","221","107","22","350","830","0","42.17","26.63"
"67","000","00","007","0732","0000","881","550","331","43","924","1770","0","52.2","31.07"
"67","000","00","007","0732","0414","601","377","224","31","632","1158","0","54.58","32.56"
"67","000","00","007","0732","0415","280","173","107","12","292","612","0","47.71","28.27"
"67","000","00","007","0733","0000","721","441","280","44","765","1422","0","53.8","31.01"
"67","000","00","007","0733","0397","315","190","125","12","327","645","0","50.7","29.46"
"67","000","00","007","0733","0398","406","251","155","32","438","777","0","56.37","32.3"
"67","000","00","008","0000","0000","9306","5843","3463","801","10107","20947","23938","48.25","27.89"
"67","000","00","008","0801","0000","677","436","241","30","707","1558","0","45.38","27.98"
"67","000","00","008","0801","0343","677","436","241","30","707","1558","0","45.38","27.98"
"67","000","00","008","0802","0000","826","519","307","73","899","2005","0","44.84","25.89"
"67","000","00","008","0802","0344","430","263","167","42","472","1112","0","42.45","23.65"
"67","000","00","008","0802","0345","396","256","140","31","427","893","0","47.82","28.67"
"67","000","00","008","0803","0000","655","378","277","69","724","1623","0","44.61","23.29"
"67","000","00","008","0803","0346","655","378","277","69","724","1623","0","44.61","23.29"
"67","000","00","008","0804","0000","713","421","292","75","788","1568","0","50.26","26.85"
"67","000","00","008","0804","0347","713","421","292","75","788","1568","0","50.26","26.85"
"67","000","00","008","0805","0000","908","582","326","54","962","1938","0","49.64","30.03"
"67","000","00","008","0805","0348","472","305","167","38","510","985","0","51.78","30.96"
"67","000","00","008","0805","0349","436","277","159","16","452","953","0","47.43","29.07"
"67","000","00","008","0806","0000","1036","684","352","74","1110","2108","0","52.66","32.45"
"67","000","00","008","0806","0350","466","309","157","37","503","1031","0","48.79","29.97"
"67","000","00","008","0806","0351","570","375","195","37","607","1077","0","56.36","34.82"
"67","000","00","008","0811","0000","874","566","308","68","942","1894","0","49.74","29.88"
"67","000","00","008","0811","0356","449","289","160","41","490","959","0","51.09","30.14"
"67","000","00","008","0811","0357","425","277","148","27","452","935","0","48.34","29.63"
"67","000","00","008","0812","0000","426","255","171","43","469","893","0","52.52","28.56"
"67","000","00","008","0812","0358","426","255","171","43","469","893","0","52.52","28.56"
"67","000","00","008","0813","0000","609","425","184","72","681","1293","0","52.67","32.87"
"67","000","00","008","0813","0359","609","425","184","72","681","1293","0","52.67","32.87"
"67","000","00","008","0816","0000","1008","612","396","88","1096","2255","0","48.6","27.14"
"67","000","00","008","0816","0354","536","326","210","66","602","1164","0","51.72","28.01"
"67","000","00","008","0816","0355","472","286","186","22","494","1091","0","45.28","26.21"
"67","000","00","008","0817","0000","623","371","252","50","673","1557","0","43.22","23.83"
"67","000","00","008","0817","0352","267","163","104","32","299","703","0","42.53","23.19"
"67","000","00","008","0817","0353","356","208","148","18","374","854","0","43.79","24.36"
"67","000","00","008","0818","0000","951","594","357","105","1056","2255","0","46.83","26.34"
"67","000","00","008","0818","0360","541","340","201","87","628","1185","0","53.0","28.69"
"67","000","00","008","0818","0361","410","254","156","18","428","1070","0","40.0","23.74"
"67","000","00","009","0000","0000","8600","4985","3615","810","9410","19144","22196","49.15","26.04"
"67","000","00","009","0901","0000","1368","785","583","110","1478","2908","0","50.83","26.99"
"67","000","00","009","0901","0362","423","251","172","47","470","819","0","57.39","30.65"
"67","000","00","009","0901","0363","313","189","124","21","334","645","0","51.78","29.3"
"67","000","00","009","0901","0364","632","345","287","42","674","1444","0","46.68","23.89"
"67","000","00","009","0902","0000","1134","658","476","78","1212","2725","0","44.48","24.15"
"67","000","00","009","0902","0365","641","372","269","44","685","1554","0","44.08","23.94"
"67","000","00","009","0902","0366","493","286","207","34","527","1171","0","45.0","24.42"
"67","000","00","009","0903","0000","601","350","251","54","655","1351","0","48.48","25.91"
"67","000","00","009","0903","0367","601","350","251","54","655","1351","0","48.48","25.91"
"67","000","00","009","0905","0000","786","455","331","126","912","1929","0","47.28","23.59"
"67","000","00","009","0905","0368","396","230","166","74","470","1010","0","46.53","22.77"
"67","000","00","009","0905","0369","390","225","165","52","442","919","0","48.1","24.48"
"67","000","00","009","0906","0000","1569","921","648","164","1733","3360","0","51.58","27.41"
"67","000","00","009","0906","0370","611","360","251","50","661","1369","0","48.28","26.3"
"67","000","00","009","0906","0371","465","277","188","52","517","976","0","52.97","28.38"
"67","000","00","009","0906","0372","493","284","209","62","555","1015","0","54.68","27.98"
"67","000","00","009","0907","0000","944","552","392","85","1029","2115","0","48.65","26.1"
"67","000","00","009","0907","0373","507","304","203","35","542","1176","0","46.09","25.85"
"67","000","00","009","0907","0374","437","248","189","50","487","939","0","51.86","26.41"
"67","000","00","009","0908","0000","763","431","332","76","839","1593","0","52.67","27.06"
"67","000","00","009","0908","0375","330","187","143","45","375","712","0","52.67","26.26"
"67","000","00","009","0908","0376","433","244","189","31","464","881","0","52.67","27.7"
"67","000","00","009","0909","0000","643","350","293","46","689","1184","0","58.19","29.56"
"67","000","00","009","0909","0377","643","350","293","46","689","1184","0","58.19","29.56"
"67","000","00","009","0910","0000","335","208","127","33","368","599","0","61.44","34.72"
"67","000","00","009","0910","0378","335","208","127","33","368","599","0","61.44","34.72"
"67","000","00","009","0911","0000","231","138","93","13","244","759","0","32.15","18.18"
"67","000","00","009","0911","0379","231","138","93","13","244","759","0","32.15","18.18"
"67","000","00","009","0912","0000","226","137","89","25","251","621","0","40.42","22.06"
"67","000","00","009","0912","0380","226","137","89","25","251","621","0","40.42","22.06"
"67","000","00","010","0000","0000","8716","5317","3399","619","9335","18675","21329","49.99","28.47"
"67","000","00","010","1001","0000","936","609","327","55","991","2069","0","47.9","29.43"
"67","000","00","010","1001","0416","492","321","171","25","517","1104","0","46.83","29.08"
"67","000","00","010","1001","0417","444","288","156","30","474","965","0","49.12","29.84"
"67","000","00","010","1002","0000","1516","878","638","116","1632","3055","0","53.42","28.74"
"67","000","00","010","1002","0418","677","388","289","44","721","1402","0","51.43","27.67"
"67","000","00","010","1002","0419","839","490","349","72","911","1653","0","55.11","29.64"
"67","000","00","010","1005","0000","131","68","63","2","133","402","0","33.08","16.92"
"67","000","00","010","1005","0422","131","68","63","2","133","402","0","33.08","16.92"
"67","000","00","010","1006","0000","910","593","317","47","957","1957","0","48.9","30.3"
"67","000","00","010","1006","0423","493","319","174","16","509","982","0","51.83","32.48"
"67","000","00","010","1006","0424","417","274","143","31","448","975","0","45.95","28.1"
"67","000","00","010","1007","0000","1668","1003","665","93","1761","3375","0","52.18","29.72"
"67","000","00","010","1007","0425","376","223","153","22","398","802","0","49.63","27.81"
"67","000","00","010","1007","0426","581","361","220","40","621","1118","0","55.55","32.29"
"67","000","00","010","1007","0427","711","419","292","31","742","1455","0","51.0","28.8"
"67","000","00","010","1008","0000","573","350","223","42","615","1208","0","50.91","28.97"
"67","000","00","010","1008","0428","573","350","223","42","615","1208","0","50.91","28.97"
"67","000","00","010","1013","0000","351","236","115","31","382","873","0","43.76","27.03"
"67","000","00","010","1013","0435","351","236","115","31","382","873","0","43.76","27.03"
"67","000","00","010","1014","0000","521","306","215","56","577","1250","0","46.16","24.48"
"67","000","00","010","1014","0420","404","241","163","46","450","966","0","46.58","24.95"
"67","000","00","010","1014","0421","117","65","52","10","127","284","0","44.72","22.89"
"67","000","00","010","1015","0000","1280","781","499","97","1377","2586","0","53.25","30.2"
"67","000","00","010","1015","0431","235","159","76","13","248","501","0","49.5","31.74"
"67","000","00","010","1015","0432","378","222","156","30","408","728","0","56.04","30.49"
"67","000","00","010","1015","0433","418","253","165","23","441","842","0","52.38","30.05"
"67","000","00","010","1015","0434","249","147","102","31","280","515","0","54.37","28.54"
"67","000","00","010","1016","0000","830","493","337","80","910","1900","0","47.89","25.95"
"67","000","00","010","1016","0429","584","355","229","62","646","1293","0","49.96","27.46"
"67","000","00","010","1016","0430","246","138","108","18","264","607","0","43.49","22.73"
"67","000","00","011","0000","0000","3921","2472","1449","353","4274","8654","9643","49.39","28.56"
"67","000","00","011","1101","0000","395","226","169","26","421","1021","0","41.23","22.14"
"67","000","00","011","1101","0436","311","180","131","22","333","759","0","43.87","23.72"
"67","000","00","011","1101","0437","84","46","38","4","88","262","0","33.59","17.56"
"67","000","00","011","1102","0000","252","165","87","15","267","646","0","41.33","25.54"
"67","000","00","011","1102","0438","252","165","87","15","267","646","0","41.33","25.54"
"67","000","00","011","1103","0000","566","358","208","44","610","1473","0","41.41","24.3"
"67","000","00","011","1103","0439","566","358","208","44","610","1473","0","41.41","24.3"
"67","000","00","011","1104","0000","442","291","151","60","502","915","0","54.86","31.8"
"67","000","00","011","1104","0440","442","291","151","60","502","915","0","54.86","31.8"
"67","000","00","011","1105","0000","397","245","152","44","441","779","0","56.61","31.45"
"67","000","00","011","1105","0441","397","245","152","44","441","779","0","56.61","31.45"
"67","000","00","011","1106","0000","352","197","155","41","393","637","0","61.7","30.93"
"67","000","00","011","1106","0442","352","197","155","41","393","637","0","61.7","30.93"
"67","000","00","011","1107","0000","456","287","169","32","488","993","0","49.14","28.9"
"67","000","00","011","1107","0443","456","287","169","32","488","993","0","49.14","28.9"
"67","000","00","011","1108","0000","382","237","145","35","417","766","0","54.44","30.94"
"67","000","00","011","1108","0444","382","237","145","35","417","766","0","54.44","30.94"
"67","000","00","011","1109","0000","415","276","139","28","443","841","0","52.68","32.82"
"67","000","00","011","1109","0445","415","276","139","28","443","841","0","52.68","32.82"
"67","000","00","011","1110","0000","264","190","74","28","292","583","0","50.09","32.59"
"67","000","00","011","1110","0446","264","190","74","28","292","583","0","50.09","32.59"
"67","000","00","012","0000","0000","25237","15891","9346","1497","26734","50407","59087","53.04","31.53"
"67","000","00","012","1201","0000","1221","770","451","56","1277","2220","0","57.52","34.68"
"67","000","00","012","1201","0282","743","459","284","39","782","1391","0","56.22","33.0"
"67","000","00","012","1201","0283","478","311","167","17","495","829","0","59.71","37.52"
"67","000","00","012","1202","0000","1286","824","462","66","1352","2853","0","47.39","28.88"
"67","000","00","012","1202","0284","640","424","216","45","685","1401","0","48.89","30.26"
"67","000","00","012","1202","0285","646","400","246","21","667","1452","0","45.94","27.55"
"67","000","00","012","1203","0000","2809","1778","1031","199","3008","5611","0","53.61","31.69"
"67","000","00","012","1203","0286","704","446","258","48","752","1382","0","54.41","32.27"
"67","000","00","012","1203","0287","715","448","267","65","780","1463","0","53.32","30.62"
"67","000","00","012","1203","0288","617","416","201","29","646","1280","0","50.47","32.5"
"67","000","00","012","1203","0289","773","468","305","57","830","1486","0","55.85","31.49"
"67","000","00","012","1204","0000","2031","1238","793","113","2144","4204","0","51.0","29.45"
"67","000","00","012","1204","0297","698","414","284","26","724","1425","0","50.81","29.05"
"67","000","00","012","1204","0298","628","380","248","31","659","1255","0","52.51","30.28"
"67","000","00","012","1204","0299","705","444","261","56","761","1524","0","49.93","29.13"
"67","000","00","012","1205","0000","3017","1931","1086","202","3219","5877","0","54.77","32.86"
"67","000","00","012","1205","0290","721","454","267","50","771","1378","0","55.95","32.95"
"67","000","00","012","1205","0291","791","518","273","48","839","1505","0","55.75","34.42"
"67","000","00","012","1205","0292","927","583","344","49","976","1860","0","52.47","31.34"
"67","000","00","012","1205","0293","578","376","202","55","633","1134","0","55.82","33.16"
"67","000","00","012","1206","0000","2048","1252","796","78","2126","4059","0","52.38","30.85"
"67","000","00","012","1206","0303","701","415","286","34","735","1381","0","53.22","30.05"
"67","000","00","012","1206","0304","667","418","249","19","686","1364","0","50.29","30.65"
"67","000","00","012","1206","0305","680","419","261","25","705","1314","0","53.65","31.89"
"67","000","00","012","1207","0000","1100","704","396","70","1170","2125","0","55.06","33.13"
"67","000","00","012","1207","0306","616","378","238","36","652","1164","0","56.01","32.47"
"67","000","00","012","1207","0307","484","326","158","34","518","961","0","53.9","33.92"
"67","000","00","012","1212","0000","1010","656","354","61","1071","2209","0","48.48","29.7"
"67","000","00","012","1212","0312","685","454","231","40","725","1507","0","48.11","30.13"
"67","000","00","012","1212","0313","325","202","123","21","346","702","0","49.29","28.77"
"67","000","00","012","1219","0000","730","473","257","54","784","1513","0","51.82","31.26"
"67","000","00","012","1219","0319","730","473","257","54","784","1513","0","51.82","31.26"
"67","000","00","012","1220","0000","1082","666","416","84","1166","2410","0","48.38","27.63"
"67","000","00","012","1220","0320","305","193","112","22","327","714","0","45.8","27.03"
"67","000","00","012","1220","0321","342","214","128","32","374","745","0","50.2","28.72"
"67","000","00","012","1220","0322","435","259","176","30","465","951","0","48.9","27.23"
"67","000","00","012","1222","0000","501","319","182","50","551","1072","0","51.4","29.76"
"67","000","00","012","1222","0310","331","210","121","35","366","689","0","53.12","30.48"
"67","000","00","012","1222","0311","170","109","61","15","185","383","0","48.3","28.46"
"67","000","00","012","1223","0000","2640","1612","1028","112","2752","5111","0","53.84","31.54"
"67","000","00","012","1223","0294","735","462","273","28","763","1426","0","53.51","32.4"
"67","000","00","012","1223","0295","901","536","365","48","949","1779","0","53.34","30.13"
"67","000","00","012","1223","0296","1004","614","390","36","1040","1906","0","54.56","32.21"
"67","000","00","012","1224","0000","1100","777","323","53","1153","2137","0","53.95","36.36"
"67","000","00","012","1224","0308","605","383","222","36","641","1218","0","52.63","31.44"
"67","000","00","012","1224","0309","495","394","101","17","512","919","0","55.71","42.87"
"67","000","00","012","1225","0000","987","632","355","82","1069","1844","0","57.97","34.27"
"67","000","00","012","1225","0314","470","315","155","41","511","907","0","56.34","34.73"
"67","000","00","012","1225","0315","517","317","200","41","558","937","0","59.55","33.83"
"67","000","00","012","1226","0000","1341","829","512","130","1471","2798","0","52.57","29.63"
"67","000","00","012","1226","0316","487","286","201","74","561","1030","0","54.47","27.77"
"67","000","00","012","1226","0317","480","292","188","38","518","981","0","52.8","29.77"
"67","000","00","012","1226","0318","374","251","123","18","392","787","0","49.81","31.89"
"67","000","00","012","1227","0000","2334","1430","904","87","2421","4364","0","55.48","32.77"
"67","000","00","012","1227","0300","808","496","312","31","839","1631","0","51.44","30.41"
"67","000","00","012","1227","0301","844","517","327","26","870","1546","0","56.27","33.44"
"67","000","00","012","1227","0302","682","417","265","30","712","1187","0","59.98","35.13"
"67","000","00","013","0000","0000","10357","6362","3995","565","10922","22567","25725","48.4","28.19"
"67","000","00","013","1301","0000","1901","1142","759","107","2008","3852","0","52.13","29.65"
"67","000","00","013","1301","0216","682","413","269","26","708","1370","0","51.68","30.15"
"67","000","00","013","1301","0217","579","354","225","35","614","1117","0","54.97","31.69"
"67","000","00","013","1301","0218","640","375","265","46","686","1365","0","50.26","27.47"
"67","000","00","013","1302","0000","1069","642","427","43","1112","2235","0","49.75","28.72"
"67","000","00","013","1302","0221","510","304","206","24","534","1052","0","50.76","28.9"
"67","000","00","013","1302","0222","559","338","221","19","578","1183","0","48.86","28.57"
"67","000","00","013","1303","0000","459","298","161","23","482","1238","0","38.93","24.07"
"67","000","00","013","1303","0227","313","213","100","15","328","832","0","39.42","25.6"
"67","000","00","013","1303","0228","146","85","61","8","154","406","0","37.93","20.94"
"67","000","00","013","1304","0000","400","243","157","27","427","818","0","52.2","29.71"
"67","000","00","013","1304","0229","400","243","157","27","427","818","0","52.2","29.71"
"67","000","00","013","1305","0000","872","552","320","50","922","1900","0","48.53","29.05"
"67","000","00","013","1305","0213","321","198","123","17","338","635","0","53.23","31.18"
"67","000","00","013","1305","0214","366","237","129","20","386","822","0","46.96","28.83"
"67","000","00","013","1305","0215","185","117","68","13","198","443","0","44.7","26.41"
"67","000","00","013","1306","0000","1279","793","486","53","1332","2409","0","55.29","32.92"
"67","000","00","013","1306","0208","462","273","189","31","493","862","0","57.19","31.67"
"67","000","00","013","1306","0209","350","223","127","4","354","611","0","57.94","36.5"
"67","000","00","013","1306","0210","467","297","170","18","485","936","0","51.82","31.73"
"67","000","00","013","1307","0000","960","596","364","48","1008","1935","0","52.09","30.8"
"67","000","00","013","1307","0211","492","306","186","30","522","1066","0","48.97","28.71"
"67","000","00","013","1307","0212","468","290","178","18","486","869","0","55.93","33.37"
"67","000","00","013","1308","0000","521","276","245","39","560","1241","0","45.12","22.24"
"67","000","00","013","1308","0224","521","276","245","39","560","1241","0","45.12","22.24"
"67","000","00","013","1309","0000","409","246","163","11","420","1052","0","39.92","23.38"
"67","000","00","013","1309","0230","409","246","163","11","420","1052","0","39.92","23.38"
"67","000","00","013","1310","0000","915","564","351","68","983","2116","0","46.46","26.65"
"67","000","00","013","1310","0219","676","419","257","38","714","1489","0","47.95","28.14"
"67","000","00","013","1310","0220","239","145","94","30","269","627","0","42.9","23.13"
"67","000","00","013","1311","0000","408","259","149","18","426","979","0","43.51","26.46"
"67","000","00","013","1311","0223","408","259","149","18","426","979","0","43.51","26.46"
"67","000","00","013","1312","0000","582","383","199","36","618","1369","0","45.14","27.98"
"67","000","00","013","1312","0231","242","143","99","15","257","578","0","44.46","24.74"
"67","000","00","013","1312","0232","171","123","48","11","182","430","0","42.33","28.6"
"67","000","00","013","1312","0233","169","117","52","10","179","361","0","49.58","32.41"
"67","000","00","013","1313","0000","582","368","214","42","624","1423","0","43.85","25.86"
"67","000","00","013","1313","0225","322","207","115","17","339","843","0","40.21","24.56"
"67","000","00","013","1313","0226","260","161","99","25","285","580","0","49.14","27.76"
"67","000","00","014","0000","0000","9758","5967","3791","590","10348","21564","24724","47.99","27.67"
"67","000","00","014","1401","0000","1513","900","613","71","1584","3148","0","50.32","28.59"
"67","000","00","014","1401","0323","454","287","167","22","476","933","0","51.02","30.76"
"67","000","00","014","1401","0324","448","249","199","24","472","901","0","52.39","27.64"
"67","000","00","014","1401","0325","611","364","247","25","636","1314","0","48.4","27.7"
"67","000","00","014","1402","0000","1025","620","405","57","1082","2401","0","45.06","25.82"
"67","000","00","014","1402","0329","709","431","278","48","757","1663","0","45.52","25.92"
"67","000","00","014","1402","0330","316","189","127","9","325","738","0","44.04","25.61"
"67","000","00","014","1403","0000","789","481","308","54","843","1593","0","52.92","30.19"
"67","000","00","014","1403","0331","613","362","251","39","652","1211","0","53.84","29.89"
"67","000","00","014","1403","0332","176","119","57","15","191","382","0","50.0","31.15"
"67","000","00","014","1404","0000","755","493","262","38","793","1624","0","48.83","30.36"
"67","000","00","014","1404","0333","366","240","126","22","388","786","0","49.36","30.53"
"67","000","00","014","1404","0334","389","253","136","16","405","838","0","48.33","30.19"
"67","000","00","014","1405","0000","596","341","255","33","629","1449","0","43.41","23.53"
"67","000","00","014","1405","0335","596","341","255","33","629","1449","0","43.41","23.53"
"67","000","00","014","1406","0000","598","361","237","30","628","1479","0","42.46","24.41"
"67","000","00","014","1406","0336","598","361","237","30","628","1479","0","42.46","24.41"
"67","000","00","014","1407","0000","390","249","141","42","432","763","0","56.62","32.63"
"67","000","00","014","1407","0337","390","249","141","42","432","763","0","56.62","32.63"
"67","000","00","014","1408","0000","557","336","221","29","586","1297","0","45.18","25.91"
"67","000","00","014","1408","0338","557","336","221","29","586","1297","0","45.18","25.91"
"67","000","00","014","1409","0000","632","403","229","47","679","1393","0","48.74","28.93"
"67","000","00","014","1409","0339","632","403","229","47","679","1393","0","48.74","28.93"
"67","000","00","014","1410","0000","587","362","225","39","626","1349","0","46.4","26.83"
"67","000","00","014","1410","0340","381","243","138","22","403","958","0","42.07","25.37"
"67","000","00","014","1410","0341","206","119","87","17","223","391","0","57.03","30.43"
"67","000","00","014","1411","0000","395","235","160","28","423","805","0","52.55","29.19"
"67","000","00","014","1411","0342","395","235","160","28","423","805","0","52.55","29.19"
"67","000","00","014","1412","0000","1921","1186","735","122","2043","4263","0","47.92","27.82"
"67","000","00","014","1412","0326","644","398","246","54","698","1349","0","51.74","29.5"
"67","000","00","014","1412","0327","529","340","189","38","567","1014","0","55.92","33.53"
"67","000","00","014","1412","0328","748","448","300","30","778","1900","0","40.95","23.58"
"67","000","00","015","0000","0000","9136","6034","3102","529","9665","19950","22810","48.45","30.25"
"67","000","00","015","1501","0000","534","360","174","23","557","1042","0","53.45","34.55"
"67","000","00","015","1501","0258","250","160","90","9","259","534","0","48.5","29.96"
"67","000","00","015","1501","0259","284","200","84","14","298","508","0","58.66","39.37"
"67","000","00","015","1502","0000","260","179","81","11","271","665","0","40.75","26.92"
"67","000","00","015","1502","0260","260","179","81","11","271","665","0","40.75","26.92"
"67","000","00","015","1504","0000","373","250","123","16","389","834","0","46.64","29.98"
"67","000","00","015","1504","0261","373","250","123","16","389","834","0","46.64","29.98"
"67","000","00","015","1505","0000","391","280","111","12","403","810","0","49.75","34.57"
"67","000","00","015","1505","0262","391","280","111","12","403","810","0","49.75","34.57"
"67","000","00","015","1506","0000","194","146","48","12","206","480","0","42.92","30.42"
"67","000","00","015","1506","0263","194","146","48","12","206","480","0","42.92","30.42"
"67","000","00","015","1507","0000","178","117","61","6","184","445","0","41.35","26.29"
"67","000","00","015","1507","0264","178","117","61","6","184","445","0","41.35","26.29"
"67","000","00","015","1508","0000","696","484","212","28","724","1618","0","44.75","29.91"
"67","000","00","015","1508","0266","371","254","117","12","383","838","0","45.7","30.31"
"67","000","00","015","1508","0267","325","230","95","16","341","780","0","43.72","29.49"
"67","000","00","015","1509","0000","186","112","74","13","199","350","0","56.86","32.0"
"67","000","00","015","1509","0268","186","112","74","13","199","350","0","56.86","32.0"
"67","000","00","015","1510","0000","486","301","185","43","529","907","0","58.32","33.19"
"67","000","00","015","1510","0269","486","301","185","43","529","907","0","58.32","33.19"
"67","000","00","015","1511","0000","334","218","116","23","357","780","0","45.77","27.95"
"67","000","00","015","1511","0270","334","218","116","23","357","780","0","45.77","27.95"
"67","000","00","015","1512","0000","1171","778","393","63","1234","2571","0","48.0","30.26"
"67","000","00","015","1512","0271","718","448","270","42","760","1658","0","45.84","27.02"
"67","000","00","015","1512","0272","453","330","123","21","474","913","0","51.92","36.14"
"67","000","00","015","1515","0000","827","519","308","62","889","1898","0","46.84","27.34"
"67","000","00","015","1515","0273","551","344","207","55","606","1202","0","50.42","28.62"
"67","000","00","015","1515","0274","276","175","101","7","283","696","0","40.66","25.14"
"67","000","00","015","1517","0000","213","141","72","7","220","680","0","32.35","20.74"
"67","000","00","015","1517","0265","213","141","72","7","220","680","0","32.35","20.74"
"67","000","00","015","1518","0000","669","433","236","55","724","1269","0","57.05","34.12"
"67","000","00","015","1518","0275","308","182","126","26","334","647","0","51.62","28.13"
"67","000","00","015","1518","0276","361","251","110","29","390","622","0","62.7","40.35"
"67","000","00","015","1519","0000","955","600","355","66","1021","1873","0","54.51","32.03"
"67","000","00","015","1519","0277","636","426","210","50","686","1175","0","58.38","36.26"
"67","000","00","015","1519","0278","319","174","145","16","335","698","0","47.99","24.93"
"67","000","00","015","1521","0000","484","327","157","31","515","983","0","52.39","33.27"
"67","000","00","015","1521","0279","484","327","157","31","515","983","0","52.39","33.27"
"67","000","00","015","1522","0000","605","441","164","27","632","1366","0","46.27","32.28"
"67","000","00","015","1522","0280","605","441","164","27","632","1366","0","46.27","32.28"
"67","000","00","015","1523","0000","580","348","232","31","611","1379","0","44.31","25.24"
"67","000","00","015","1523","0281","580","348","232","31","611","1379","0","44.31","25.24"
"67","000","00","016","0000","0000","7698","5090","2608","715","8413","17754","19691","47.39","28.67"
"67","000","00","016","1601","0000","610","394","216","39","649","1110","0","58.47","35.5"
"67","000","00","016","1601","0234","610","394","216","39","649","1110","0","58.47","35.5"
"67","000","00","016","1613","0000","357","242","115","13","370","849","0","43.58","28.5"
"67","000","00","016","1613","0250","357","242","115","13","370","849","0","43.58","28.5"
"67","000","00","016","1614","0000","252","176","76","15","267","645","0","41.4","27.29"
"67","000","00","016","1614","0251","252","176","76","15","267","645","0","41.4","27.29"
"67","000","00","016","1615","0000","478","380","98","33","511","1353","0","37.77","28.09"
"67","000","00","016","1615","0252","296","212","84","20","316","690","0","45.8","30.72"
"67","000","00","016","1615","0253","182","168","14","13","195","663","0","29.41","25.34"
"67","000","00","016","1616","0000","534","379","155","28","562","1175","0","47.83","32.26"
"67","000","00","016","1616","0254","534","379","155","28","562","1175","0","47.83","32.26"
"67","000","00","016","1617","0000","553","287","266","346","899","1898","0","47.37","15.12"
"67","000","00","016","1617","0255","325","225","100","18","343","837","0","40.98","26.88"
"67","000","00","016","1617","0256","228","62","166","328","556","1061","0","52.4","5.84"
"67","000","00","016","1618","0000","405","283","122","14","419","976","0","42.93","29.0"
"67","000","00","016","1618","0257","405","283","122","14","419","976","0","42.93","29.0"
"67","000","00","016","1619","0000","466","302","164","21","487","1223","0","39.82","24.69"
"67","000","00","016","1619","0245","256","156","100","7","263","650","0","40.46","24.0"
"67","000","00","016","1619","0246","210","146","64","14","224","573","0","39.09","25.48"
"67","000","00","016","1620","0000","1186","803","383","41","1227","2387","0","51.4","33.64"
"67","000","00","016","1620","0235","692","462","230","22","714","1418","0","50.35","32.58"
"67","000","00","016","1620","0236","494","341","153","19","513","969","0","52.94","35.19"
"67","000","00","016","1621","0000","1223","779","444","65","1288","2482","0","51.89","31.39"
"67","000","00","016","1621","0237","293","195","98","23","316","519","0","60.89","37.57"
"67","000","00","016","1621","0238","544","361","183","18","562","1106","0","50.81","32.64"
"67","000","00","016","1621","0239","255","141","114","19","274","542","0","50.55","26.01"
"67","000","00","016","1621","0240","131","82","49","5","136","315","0","43.17","26.03"
"67","000","00","016","1622","0000","875","534","341","60","935","2032","0","46.01","26.28"
"67","000","00","016","1622","0241","233","142","91","18","251","584","0","42.98","24.32"
"67","000","00","016","1622","0242","177","111","66","8","185","398","0","46.48","27.89"
"67","000","00","016","1622","0243","251","153","98","17","268","608","0","44.08","25.16"
"67","000","00","016","1622","0244","214","128","86","17","231","442","0","52.26","28.96"
"67","000","00","016","1623","0000","759","531","228","40","799","1624","0","49.2","32.7"
"67","000","00","016","1623","0247","274","197","77","7","281","617","0","45.54","31.93"
"67","000","00","016","1623","0248","275","186","89","20","295","573","0","51.48","32.46"
"67","000","00","016","1623","0249","210","148","62","13","223","434","0","51.38","34.1"
"67","000","00","017","0000","0000","4029","2592","1437","229","4258","9925","11099","42.9","26.12"
"67","000","00","017","1701","0000","573","390","183","21","594","1341","0","44.3","29.08"
"67","000","00","017","1701","0196","307","210","97","13","320","742","0","43.13","28.3"
"67","000","00","017","1701","0197","266","180","86","8","274","599","0","45.74","30.05"
"67","000","00","017","1702","0000","169","90","79","10","179","473","0","37.84","19.03"
"67","000","00","017","1702","0201","169","90","79","10","179","473","0","37.84","19.03"
"67","000","00","017","1705","0000","402","264","138","13","415","838","0","49.52","31.5"
"67","000","00","017","1705","0192","197","142","55","4","201","456","0","44.08","31.14"
"67","000","00","017","1705","0193","205","122","83","9","214","382","0","56.02","31.94"
"67","000","00","017","1706","0000","340","214","126","14","354","954","0","37.11","22.43"
"67","000","00","017","1706","0202","340","214","126","14","354","954","0","37.11","22.43"
"67","000","00","017","1707","0000","402","260","142","39","441","1200","0","36.75","21.67"
"67","000","00","017","1707","0204","221","148","73","15","236","679","0","34.76","21.8"
"67","000","00","017","1707","0205","181","112","69","24","205","521","0","39.35","21.5"
"67","000","00","017","1709","0000","331","233","98","20","351","745","0","47.11","31.28"
"67","000","00","017","1709","0194","170","121","49","14","184","356","0","51.69","33.99"
"67","000","00","017","1709","0195","161","112","49","6","167","389","0","42.93","28.79"
"67","000","00","017","1711","0000","371","233","138","30","401","737","0","54.41","31.61"
"67","000","00","017","1711","0203","371","233","138","30","401","737","0","54.41","31.61"
"67","000","00","017","1713","0000","389","235","154","21","410","885","0","46.33","26.55"
"67","000","00","017","1713","0190","234","141","93","10","244","484","0","50.41","29.13"
"67","000","00","017","1713","0191","155","94","61","11","166","401","0","41.4","23.44"
"67","000","00","017","1714","0000","575","362","213","36","611","1484","0","41.17","24.39"
"67","000","00","017","1714","0198","231","155","76","19","250","594","0","42.09","26.09"
"67","000","00","017","1714","0199","235","145","90","13","248","572","0","43.36","25.35"
"67","000","00","017","1714","0200","109","62","47","4","113","318","0","35.53","19.5"
"67","000","00","017","1715","0000","477","311","166","25","502","1268","0","39.59","24.53"
"67","000","00","017","1715","0206","226","152","74","18","244","632","0","38.61","24.05"
"67","000","00","017","1715","0207","251","159","92","7","258","636","0","40.57","25.0"
"67","000","00","018","0000","0000","18974","11884","7090","1304","20278","37296","43516","54.37","31.86"
"67","000","00","018","1801","0000","1785","1137","648","110","1895","3165","0","59.87","35.92"
"67","000","00","018","1801","0581","430","276","154","25","455","746","0","60.99","37.0"
"67","000","00","018","1801","0582","617","395","222","37","654","1102","0","59.35","35.84"
"67","000","00","018","1801","0583","204","133","71","15","219","370","0","59.19","35.95"
"67","000","00","018","1801","0584","534","333","201","33","567","947","0","59.87","35.16"
"67","000","00","018","1802","0000","2005","1283","722","164","2169","3951","0","54.9","32.47"
"67","000","00","018","1802","0585","562","380","182","48","610","1154","0","52.86","32.93"
"67","000","00","018","1802","0586","544","323","221","63","607","1082","0","56.1","29.85"
"67","000","00","018","1802","0587","576","367","209","35","611","1075","0","56.84","34.14"
"67","000","00","018","1802","0588","323","213","110","18","341","640","0","53.28","33.28"
"67","000","00","018","1803","0000","1343","859","484","71","1414","2757","0","51.29","31.16"
"67","000","00","018","1803","0589","207","130","77","14","221","410","0","53.9","31.71"
"67","000","00","018","1803","0590","262","175","87","20","282","533","0","52.91","32.83"
"67","000","00","018","1803","0591","472","297","175","16","488","836","0","58.37","35.53"
"67","000","00","018","1803","0592","402","257","145","21","423","978","0","43.25","26.28"
"67","000","00","018","1804","0000","2237","1371","866","123","2360","4380","0","53.88","31.3"
"67","000","00","018","1804","0593","737","446","291","31","768","1348","0","56.97","33.09"
"67","000","00","018","1804","0594","503","300","203","35","538","1015","0","53.0","29.56"
"67","000","00","018","1804","0595","580","381","199","19","599","1228","0","48.78","31.03"
"67","000","00","018","1804","0596","417","244","173","38","455","789","0","57.67","30.93"
"67","000","00","018","1809","0000","1714","1109","605","90","1804","3272","0","55.13","33.89"
"67","000","00","018","1809","0597","523","326","197","28","551","1022","0","53.91","31.9"
"67","000","00","018","1809","0598","516","360","156","25","541","1021","0","52.99","35.26"
"67","000","00","018","1809","0599","675","423","252","37","712","1229","0","57.93","34.42"
"67","000","00","018","1810","0000","1004","625","379","53","1057","2165","0","48.82","28.87"
"67","000","00","018","1810","0600","576","354","222","27","603","1153","0","52.3","30.7"
"67","000","00","018","1810","0601","428","271","157","26","454","1012","0","44.86","26.78"
"67","000","00","018","1811","0000","762","481","281","48","810","1458","0","55.56","32.99"
"67","000","00","018","1811","0602","762","481","281","48","810","1458","0","55.56","32.99"
"67","000","00","018","1812","0000","1715","1073","642","103","1818","3220","0","56.46","33.32"
"67","000","00","018","1812","0603","879","589","290","47","926","1645","0","56.29","35.81"
"67","000","00","018","1812","0604","556","323","233","37","593","1016","0","58.37","31.79"
"67","000","00","018","1812","0605","280","161","119","19","299","559","0","53.49","28.8"
"67","000","00","018","1813","0000","1530","921","609","75","1605","2784","0","57.65","33.08"
"67","000","00","018","1813","0606","646","384","262","37","683","1222","0","55.89","31.42"
"67","000","00","018","1813","0607","884","537","347","38","922","1562","0","59.03","34.38"
"67","000","00","018","1814","0000","946","570","376","93","1039","2007","0","51.77","28.4"
"67","000","00","018","1814","0608","446","243","203","32","478","994","0","48.09","24.45"
"67","000","00","018","1814","0609","500","327","173","61","561","1013","0","55.38","32.28"
"67","000","00","018","1815","0000","1094","696","398","106","1200","2218","0","54.1","31.38"
"67","000","00","018","1815","0610","636","403","233","46","682","1197","0","56.98","33.67"
"67","000","00","018","1815","0611","458","293","165","60","518","1021","0","50.73","28.7"
"67","000","00","018","1816","0000","618","412","206","39","657","1428","0","46.01","28.85"
"67","000","00","018","1816","0612","618","412","206","39","657","1428","0","46.01","28.85"
"67","000","00","018","1817","0000","191","120","71","27","218","456","0","47.81","26.32"
"67","000","00","018","1817","0613","191","120","71","27","218","456","0","47.81","26.32"
"67","000","00","018","1818","0000","1123","657","466","91","1214","2134","0","56.89","30.79"
"67","000","00","018","1818","0614","551","351","200","45","596","1037","0","57.47","33.85"
"67","000","00","018","1818","0615","572","306","266","46","618","1097","0","56.34","27.89"
"67","000","00","018","1819","0000","471","297","174","32","503","902","0","55.76","32.93"
"67","000","00","018","1819","0616","471","297","174","32","503","902","0","55.76","32.93"
"67","000","00","018","1820","0000","436","273","163","79","515","999","0","51.55","27.33"
"67","000","00","018","1820","0617","436","273","163","79","515","999","0","51.55","27.33"
"67","000","00","019","0000","0000","19767","12284","7483","1089","20856","39950","48870","52.21","30.75"
"67","000","00","019","1901","0000","527","338","189","13","540","1132","0","47.7","29.86"
"67","000","00","019","1901","0492","527","338","189","13","540","1132","0","47.7","29.86"
"67","000","00","019","1902","0000","1865","1156","709","107","1972","3935","0","50.11","29.38"
"67","000","00","019","1902","0493","871","531","340","49","920","1845","0","49.86","28.78"
"67","000","00","019","1902","0494","994","625","369","58","1052","2090","0","50.33","29.9"
"67","000","00","019","1903","0000","2767","1721","1046","128","2895","5301","0","54.61","32.47"
"67","000","00","019","1903","0495","836","549","287","43","879","1582","0","55.56","34.7"
"67","000","00","019","1903","0496","1007","601","406","49","1056","1901","0","55.55","31.61"
"67","000","00","019","1903","0497","924","571","353","36","960","1818","0","52.81","31.41"
"67","000","00","019","1904","0000","1366","858","508","89","1455","2700","0","53.89","31.78"
"67","000","00","019","1904","0498","800","519","281","58","858","1639","0","52.35","31.67"
"67","000","00","019","1904","0499","566","339","227","31","597","1061","0","56.27","31.95"
"67","000","00","019","1905","0000","958","618","340","53","1011","1786","0","56.61","34.6"
"67","000","00","019","1905","0500","958","618","340","53","1011","1786","0","56.61","34.6"
"67","000","00","019","1908","0000","747","481","266","40","787","1581","0","49.78","30.42"
"67","000","00","019","1908","0502","747","481","266","40","787","1581","0","49.78","30.42"
"67","000","00","019","1909","0000","616","367","249","53","669","1240","0","53.95","29.6"
"67","000","00","019","1909","0503","616","367","249","53","669","1240","0","53.95","29.6"
"67","000","00","019","1910","0000","799","520","279","33","832","1743","0","47.73","29.83"
"67","000","00","019","1910","0504","799","520","279","33","832","1743","0","47.73","29.83"
"67","000","00","019","1911","0000","685","422","263","34","719","1246","0","57.7","33.87"
"67","000","00","019","1911","0505","685","422","263","34","719","1246","0","57.7","33.87"
"67","000","00","019","1912","0000","928","579","349","27","955","1899","0","50.29","30.49"
"67","000","00","019","1912","0506","482","290","192","19","501","961","0","52.13","30.18"
"67","000","00","019","1912","0507","446","289","157","8","454","938","0","48.4","30.81"
"67","000","00","019","1913","0000","387","254","133","15","402","722","0","55.68","35.18"
"67","000","00","019","1913","0508","387","254","133","15","402","722","0","55.68","35.18"
"67","000","00","019","1914","0000","509","339","170","28","537","1062","0","50.56","31.92"
"67","000","00","019","1914","0509","509","339","170","28","537","1062","0","50.56","31.92"
"67","000","00","019","1915","0000","825","513","312","55","880","1715","0","51.31","29.91"
"67","000","00","019","1915","0510","825","513","312","55","880","1715","0","51.31","29.91"
"67","000","00","019","1918","0000","773","429","344","45","818","1574","0","51.97","27.26"
"67","000","00","019","1918","0513","773","429","344","45","818","1574","0","51.97","27.26"
"67","000","00","019","1919","0000","650","401","249","50","700","1535","0","45.6","26.12"
"67","000","00","019","1919","0514","650","401","249","50","700","1535","0","45.6","26.12"
"67","000","00","019","1920","0000","532","306","226","57","589","1106","0","53.25","27.67"
"67","000","00","019","1920","0515","532","306","226","57","589","1106","0","53.25","27.67"
"67","000","00","019","1921","0000","2129","1309","820","119","2248","4240","0","53.02","30.87"
"67","000","00","019","1921","0516","689","452","237","35","724","1402","0","51.64","32.24"
"67","000","00","019","1921","0517","824","501","323","52","876","1458","0","60.08","34.36"
"67","000","00","019","1921","0518","616","356","260","32","648","1380","0","46.96","25.8"
"67","000","00","019","1922","0000","591","399","192","35","626","1147","0","54.58","34.79"
"67","000","00","019","1922","0501","591","399","192","35","626","1147","0","54.58","34.79"
"67","000","00","019","1923","0000","913","583","330","83","996","1985","0","50.18","29.37"
"67","000","00","019","1923","0511","496","313","183","60","556","1120","0","49.64","27.95"
"67","000","00","019","1923","0512","417","270","147","23","440","865","0","50.87","31.21"
"67","000","00","019","1924","0000","1200","691","509","25","1225","2301","0","53.24","30.03"
"67","000","00","019","1924","0519","633","373","260","10","643","1232","0","52.19","30.28"
"67","000","00","019","1924","0520","567","318","249","15","582","1069","0","54.44","29.75"
"67","000","00","020","0000","0000","15728","9683","6045","761","16489","30386","36824","54.27","31.87"
"67","000","00","020","2001","0000","1501","946","555","60","1561","2928","0","53.31","32.31"
"67","000","00","020","2001","0545","463","294","169","21","484","960","0","50.42","30.63"
"67","000","00","020","2001","0546","633","383","250","27","660","1118","0","59.03","34.26"
"67","000","00","020","2001","0547","405","269","136","12","417","850","0","49.06","31.65"
"67","000","00","020","2002","0000","3188","1961","1227","144","3332","6063","0","54.96","32.34"
"67","000","00","020","2002","0548","632","378","254","29","661","1241","0","53.26","30.46"
"67","000","00","020","2002","0549","680","418","262","26","706","1297","0","54.43","32.23"
"67","000","00","020","2002","0550","519","328","191","26","545","962","0","56.65","34.1"
"67","000","00","020","2002","0551","674","425","249","27","701","1237","0","56.67","34.36"
"67","000","00","020","2002","0552","683","412","271","36","719","1326","0","54.22","31.07"
"67","000","00","020","2003","0000","1303","816","487","68","1371","2516","0","54.49","32.43"
"67","000","00","020","2003","0553","663","412","251","38","701","1211","0","57.89","34.02"
"67","000","00","020","2003","0554","640","404","236","30","670","1305","0","51.34","30.96"
"67","000","00","020","2004","0000","352","242","110","25","377","688","0","54.8","35.17"
"67","000","00","020","2004","0555","352","242","110","25","377","688","0","54.8","35.17"
"67","000","00","020","2005","0000","488","312","176","29","517","911","0","56.75","34.25"
"67","000","00","020","2005","0556","488","312","176","29","517","911","0","56.75","34.25"
"67","000","00","020","2006","0000","706","445","261","37","743","1525","0","48.72","29.18"
"67","000","00","020","2006","0557","706","445","261","37","743","1525","0","48.72","29.18"
"67","000","00","020","2007","0000","1528","985","543","54","1582","3262","0","48.5","30.2"
"67","000","00","020","2007","0558","473","315","158","8","481","1091","0","44.09","28.87"
"67","000","00","020","2007","0559","549","353","196","19","568","1122","0","50.62","31.46"
"67","000","00","020","2007","0560","506","317","189","27","533","1049","0","50.81","30.22"
"67","000","00","020","2008","0000","2203","1263","940","86","2289","4457","0","51.36","28.34"
"67","000","00","020","2008","0561","723","453","270","20","743","1564","0","47.51","28.96"
"67","000","00","020","2008","0562","778","364","414","34","812","1515","0","53.6","24.03"
"67","000","00","020","2008","0563","702","446","256","32","734","1378","0","53.27","32.37"
"67","000","00","020","2009","0000","1043","680","363","91","1134","1787","0","63.46","38.05"
"67","000","00","020","2009","0564","479","313","166","38","517","827","0","62.52","37.85"
"67","000","00","020","2009","0565","564","367","197","53","617","960","0","64.27","38.23"
"67","000","00","020","2010","0000","1748","999","749","89","1837","3388","0","54.22","29.49"
"67","000","00","020","2010","0566","472","306","166","29","501","951","0","52.68","32.18"
"67","000","00","020","2010","0567","661","312","349","35","696","1264","0","55.06","24.68"
"67","000","00","020","2010","0568","615","381","234","25","640","1173","0","54.56","32.48"
"67","000","00","020","2011","0000","1668","1034","634","78","1746","2861","0","61.03","36.14"
"67","000","00","020","2011","0569","382","230","152","17","399","684","0","58.33","33.63"
"67","000","00","020","2011","0570","622","403","219","31","653","1055","0","61.9","38.2"
"67","000","00","020","2011","0571","664","401","263","30","694","1122","0","61.85","35.74"
"67","000","00","021","0000","0000","13523","8558","4965","769","14292","26104","30522","54.75","32.78"
"67","000","00","021","2101","0000","1193","781","412","95","1288","2150","0","59.91","36.33"
"67","000","00","021","2101","0521","716","474","242","63","779","1251","0","62.27","37.89"
"67","000","00","021","2101","0522","477","307","170","32","509","899","0","56.62","34.15"
"67","000","00","021","2102","0000","1077","725","352","69","1146","2054","0","55.79","35.3"
"67","000","00","021","2102","0523","567","374","193","45","612","1106","0","55.33","33.82"
"67","000","00","021","2102","0524","510","351","159","24","534","948","0","56.33","37.03"
"67","000","00","021","2103","0000","683","417","266","38","721","1442","0","50.0","28.92"
"67","000","00","021","2103","0525","683","417","266","38","721","1442","0","50.0","28.92"
"67","000","00","021","2104","0000","1111","739","372","75","1186","2186","0","54.25","33.81"
"67","000","00","021","2104","0526","674","436","238","53","727","1385","0","52.49","31.48"
"67","000","00","021","2104","0527","437","303","134","22","459","801","0","57.3","37.83"
"67","000","00","021","2106","0000","707","427","280","46","753","1517","0","49.64","28.15"
"67","000","00","021","2106","0528","328","195","133","17","345","736","0","46.88","26.49"
"67","000","00","021","2106","0529","379","232","147","29","408","781","0","52.24","29.71"
"67","000","00","021","2107","0000","903","562","341","51","954","1657","0","57.57","33.92"
"67","000","00","021","2107","0530","424","254","170","20","444","795","0","55.85","31.95"
"67","000","00","021","2107","0531","479","308","171","31","510","862","0","59.16","35.73"
"67","000","00","021","2108","0000","1409","902","507","59","1468","2872","0","51.11","31.41"
"67","000","00","021","2108","0532","711","445","266","30","741","1487","0","49.83","29.93"
"67","000","00","021","2108","0533","698","457","241","29","727","1385","0","52.49","33.0"
"67","000","00","021","2109","0000","1339","851","488","57","1396","2612","0","53.45","32.58"
"67","000","00","021","2109","0534","727","454","273","22","749","1518","0","49.34","29.91"
"67","000","00","021","2109","0535","612","397","215","35","647","1094","0","59.14","36.29"
"67","000","00","021","2112","0000","382","228","154","29","411","716","0","57.4","31.84"
"67","000","00","021","2112","0538","382","228","154","29","411","716","0","57.4","31.84"
"67","000","00","021","2113","0000","1287","799","488","56","1343","2435","0","55.15","32.81"
"67","000","00","021","2113","0539","784","485","299","32","816","1492","0","54.69","32.51"
"67","000","00","021","2113","0540","503","314","189","24","527","943","0","55.89","33.3"
"67","000","00","021","2114","0000","1340","829","511","75","1415","2541","0","55.69","32.62"
"67","000","00","021","2114","0541","616","379","237","29","645","1157","0","55.75","32.76"
"67","000","00","021","2114","0542","724","450","274","46","770","1384","0","55.64","32.51"
"67","000","00","021","2117","0000","847","488","359","45","892","1578","0","56.53","30.93"
"67","000","00","021","2117","0543","503","281","222","31","534","967","0","55.22","29.06"
"67","000","00","021","2117","0544","344","207","137","14","358","611","0","58.59","33.88"
"67","000","00","021","2118","0000","1245","810","435","74","1319","2344","0","56.27","34.56"
"67","000","00","021","2118","0536","831","541","290","58","889","1590","0","55.91","34.03"
"67","000","00","021","2118","0537","414","269","145","16","430","754","0","57.03","35.68"
"67","000","00","022","0000","0000","2730","1677","1053","217","2947","6511","7328","45.26","25.76"
"67","000","00","022","2201","0000","636","385","251","73","709","1691","0","41.93","22.77"
"67","000","00","022","2201","0572","328","207","121","38","366","855","0","42.81","24.21"
"67","000","00","022","2201","0573","308","178","130","35","343","836","0","41.03","21.29"
"67","000","00","022","2202","0000","703","442","261","59","762","1541","0","49.45","28.68"
"67","000","00","022","2202","0574","349","206","143","33","382","753","0","50.73","27.36"
"67","000","00","022","2202","0575","354","236","118","26","380","788","0","48.22","29.95"
"67","000","00","022","2203","0000","460","286","174","37","497","984","0","50.51","29.07"
"67","000","00","022","2203","0576","460","286","174","37","497","984","0","50.51","29.07"
"67","000","00","022","2204","0000","434","246","188","12","446","972","0","45.88","25.31"
"67","000","00","022","2204","0577","434","246","188","12","446","972","0","45.88","25.31"
"67","000","00","022","2205","0000","176","112","64","5","181","553","0","32.73","20.25"
"67","000","00","022","2205","0578","176","112","64","5","181","553","0","32.73","20.25"
"67","000","00","022","2206","0000","153","97","56","11","164","378","0","43.39","25.66"
"67","000","00","022","2206","0579","153","97","56","11","164","378","0","43.39","25.66"
"67","000","00","022","2207","0000","168","109","59","20","188","392","0","47.96","27.81"
"67","000","00","022","2207","0580","168","109","59","20","188","392","0","47.96","27.81"
"67","000","00","023","0000","0000","5645","3583","2062","516","6161","12357","14021","49.86","29.0"
"67","000","00","023","2301","0000","575","363","212","45","620","1242","0","49.92","29.23"
"67","000","00","023","2301","0466","575","363","212","45","620","1242","0","49.92","29.23"
"67","000","00","023","2302","0000","1765","1154","611","144","1909","3637","0","52.49","31.73"
"67","000","00","023","2302","0467","570","374","196","40","610","1141","0","53.46","32.78"
"67","000","00","023","2302","0468","323","213","110","26","349","698","0","50.0","30.52"
"67","000","00","023","2302","0469","405","259","146","33","438","849","0","51.59","30.51"
"67","000","00","023","2302","0470","467","308","159","45","512","949","0","53.95","32.46"
"67","000","00","023","2303","0000","546","350","196","40","586","1212","0","48.35","28.88"
"67","000","00","023","2303","0471","292","184","108","26","318","618","0","51.46","29.77"
"67","000","00","023","2303","0472","254","166","88","14","268","594","0","45.12","27.95"
"67","000","00","023","2304","0000","618","390","228","62","680","1439","0","47.26","27.1"
"67","000","00","023","2304","0473","374","232","142","32","406","927","0","43.8","25.03"
"67","000","00","023","2304","0474","244","158","86","30","274","512","0","53.52","30.86"
"67","000","00","023","2305","0000","223","134","89","22","245","509","0","48.13","26.33"
"67","000","00","023","2305","0475","223","134","89","22","245","509","0","48.13","26.33"
"67","000","00","023","2306","0000","255","155","100","29","284","496","0","57.26","31.25"
"67","000","00","023","2306","0476","255","155","100","29","284","496","0","57.26","31.25"
"67","000","00","023","2307","0000","342","212","130","24","366","759","0","48.22","27.93"
"67","000","00","023","2307","0477","342","212","130","24","366","759","0","48.22","27.93"
"67","000","00","023","2308","0000","592","364","228","69","661","1456","0","45.4","25.0"
"67","000","00","023","2308","0478","252","154","98","17","269","669","0","40.21","23.02"
"67","000","00","023","2308","0479","340","210","130","52","392","787","0","49.81","26.68"
"67","000","00","023","2309","0000","274","189","85","32","306","620","0","49.35","30.48"
"67","000","00","023","2309","0480","274","189","85","32","306","620","0","49.35","30.48"
"67","000","00","023","2310","0000","455","272","183","49","504","987","0","51.06","27.56"
"67","000","00","023","2310","0481","455","272","183","49","504","987","0","51.06","27.56"
"67","000","00","024","0000","0000","3606","2258","1348","313","3919","8528","9572","45.95","26.48"
"67","000","00","024","2401","0000","862","541","321","89","951","1848","0","51.46","29.27"
"67","000","00","024","2401","0447","426","277","149","50","476","978","0","48.67","28.32"
"67","000","00","024","2401","0448","436","264","172","39","475","870","0","54.6","30.34"
"67","000","00","024","2402","0000","389","242","147","19","408","1160","0","35.17","20.86"
"67","000","00","024","2402","0449","389","242","147","19","408","1160","0","35.17","20.86"
"67","000","00","024","2403","0000","295","188","107","17","312","699","0","44.64","26.9"
"67","000","00","024","2403","0450","295","188","107","17","312","699","0","44.64","26.9"
"67","000","00","024","2404","0000","379","253","126","20","399","990","0","40.3","25.56"
"67","000","00","024","2404","0451","379","253","126","20","399","990","0","40.3","25.56"
"67","000","00","024","2405","0000","391","258","133","34","425","928","0","45.8","27.8"
"67","000","00","024","2405","0452","391","258","133","34","425","928","0","45.8","27.8"
"67","000","00","024","2406","0000","305","200","105","33","338","660","0","51.21","30.3"
"67","000","00","024","2406","0453","305","200","105","33","338","660","0","51.21","30.3"
"67","000","00","024","2407","0000","985","576","409","101","1086","2243","0","48.42","25.68"
"67","000","00","024","2407","0454","521","311","210","67","588","1187","0","49.54","26.2"
"67","000","00","024","2407","0455","464","265","199","34","498","1056","0","47.16","25.09"
"67","000","00","025","0000","0000","3436","2076","1360","311","3747","7786","8741","48.12","26.66"
"67","000","00","025","2501","0000","676","374","302","84","760","1385","0","54.87","27.0"
"67","000","00","025","2501","0456","326","182","144","47","373","690","0","54.06","26.38"
"67","000","00","025","2501","0457","350","192","158","37","387","695","0","55.68","27.63"
"67","000","00","025","2502","0000","327","181","146","38","365","806","0","45.29","22.46"
"67","000","00","025","2502","0458","327","181","146","38","365","806","0","45.29","22.46"
"67","000","00","025","2503","0000","197","129","68","11","208","425","0","48.94","30.35"
"67","000","00","025","2503","0461","197","129","68","11","208","425","0","48.94","30.35"
"67","000","00","025","2504","0000","251","152","99","25","276","559","0","49.37","27.19"
"67","000","00","025","2504","0462","251","152","99","25","276","559","0","49.37","27.19"
"67","000","00","025","2505","0000","246","142","104","27","273","654","0","41.74","21.71"
"67","000","00","025","2505","0459","246","142","104","27","273","654","0","41.74","21.71"
"67","000","00","025","2506","0000","249","150","99","36","285","783","0","36.4","19.16"
"67","000","00","025","2506","0460","249","150","99","36","285","783","0","36.4","19.16"
"67","000","00","025","2507","0000","502","306","196","32","534","1189","0","44.91","25.74"
"67","000","00","025","2507","0463","502","306","196","32","534","1189","0","44.91","25.74"
"67","000","00","025","2508","0000","528","340","188","27","555","1044","0","53.16","32.57"
"67","000","00","025","2508","0464","528","340","188","27","555","1044","0","53.16","32.57"
"67","000","00","025","2509","0000","460","302","158","31","491","941","0","52.18","32.09"
"67","000","00","025","2509","0465","460","302","158","31","491","941","0","52.18","32.09"
"67","000","00","026","0000","0000","1945","1294","651","128","2073","4418","4801","46.92","29.29"
"67","000","00","026","2601","0000","179","114","65","13","192","392","0","48.98","29.08"
"67","000","00","026","2601","0482","179","114","65","13","192","392","0","48.98","29.08"
"67","000","00","026","2602","0000","323","241","82","22","345","644","0","53.57","37.42"
"67","000","00","026","2602","0483","323","241","82","22","345","644","0","53.57","37.42"
"67","000","00","026","2603","0000","192","122","70","8","200","468","0","42.74","26.07"
"67","000","00","026","2603","0484","192","122","70","8","200","468","0","42.74","26.07"
"67","000","00","026","2604","0000","315","206","109","18","333","753","0","44.22","27.36"
"67","000","00","026","2604","0485","315","206","109","18","333","753","0","44.22","27.36"
"67","000","00","026","2605","0000","153","94","59","9","162","345","0","46.96","27.25"
"67","000","00","026","2605","0486","153","94","59","9","162","345","0","46.96","27.25"
"67","000","00","026","2606","0000","165","106","59","11","176","393","0","44.78","26.97"
"67","000","00","026","2606","0487","165","106","59","11","176","393","0","44.78","26.97"
"67","000","00","026","2607","0000","208","144","64","23","231","504","0","45.83","28.57"
"67","000","00","026","2607","0491","208","144","64","23","231","504","0","45.83","28.57"
"67","000","00","026","2608","0000","220","149","71","8","228","420","0","54.29","35.48"
"67","000","00","026","2608","0488","220","149","71","8","228","420","0","54.29","35.48"
"67","000","00","026","2609","0000","117","71","46","12","129","313","0","41.21","22.68"
"67","000","00","026","2609","0489","117","71","46","12","129","313","0","41.21","22.68"
"67","000","00","026","2610","0000","73","47","26","4","77","186","0","41.4","25.27"
"67","000","00","026","2610","0490","73","47","26","4","77","186","0","41.4","25.27"
"67","000","00","027","0000","0000","33325","21284","12041","1669","34994","64632","75797","54.14","32.93"
"67","000","00","027","2701","0000","2816","1774","1042","174","2990","5381","0","55.57","32.97"
"67","000","00","027","2701","1188","689","421","268","40","729","1318","0","55.31","31.94"
"67","000","00","027","2701","1189","719","460","259","50","769","1406","0","54.69","32.72"
"67","000","00","027","2701","1190","728","475","253","43","771","1465","0","52.63","32.42"
"67","000","00","027","2701","1191","680","418","262","41","721","1192","0","60.49","35.07"
"67","000","00","027","2702","0000","1418","866","552","135","1553","2749","0","56.49","31.5"
"67","000","00","027","2702","1192","777","486","291","50","827","1429","0","57.87","34.01"
"67","000","00","027","2702","1193","641","380","261","85","726","1320","0","55.0","28.79"
"67","000","00","027","2703","0000","1524","976","548","84","1608","2703","0","59.49","36.11"
"67","000","00","027","2703","1194","790","511","279","47","837","1373","0","60.96","37.22"
"67","000","00","027","2703","1195","734","465","269","37","771","1330","0","57.97","34.96"
"67","000","00","027","2704","0000","3671","2364","1307","157","3828","7201","0","53.16","32.83"
"67","000","00","027","2704","1196","915","593","322","35","950","1687","0","56.31","35.15"
"67","000","00","027","2704","1197","712","436","276","48","760","1491","0","50.97","29.24"
"67","000","00","027","2704","1198","519","320","199","28","547","1151","0","47.52","27.8"
"67","000","00","027","2704","1199","720","475","245","15","735","1407","0","52.24","33.76"
"67","000","00","027","2704","1200","805","540","265","31","836","1465","0","57.06","36.86"
"67","000","00","027","2705","0000","4796","2989","1807","236","5032","9066","0","55.5","32.97"
"67","000","00","027","2705","1201","725","445","280","32","757","1335","0","56.7","33.33"
"67","000","00","027","2705","1202","743","466","277","44","787","1490","0","52.82","31.28"
"67","000","00","027","2705","1203","815","532","283","41","856","1453","0","58.91","36.61"
"67","000","00","027","2705","1204","504","319","185","28","532","990","0","53.74","32.22"
"67","000","00","027","2705","1205","851","534","317","37","888","1573","0","56.45","33.95"
"67","000","00","027","2705","1206","541","331","210","27","568","1031","0","55.09","32.1"
"67","000","00","027","2705","1207","617","362","255","27","644","1194","0","53.94","30.32"
"67","000","00","027","2706","0000","1682","1056","626","81","1763","3342","0","52.75","31.6"
"67","000","00","027","2706","1208","619","397","222","43","662","1268","0","52.21","31.31"
"67","000","00","027","2706","1209","502","296","206","29","531","929","0","57.16","31.86"
"67","000","00","027","2706","1210","561","363","198","9","570","1145","0","49.78","31.7"
"67","000","00","027","2707","0000","4636","2901","1735","234","4870","9116","0","53.42","31.82"
"67","000","00","027","2707","1211","712","455","257","32","744","1413","0","52.65","32.2"
"67","000","00","027","2707","1212","737","481","256","51","788","1465","0","53.79","32.83"
"67","000","00","027","2707","1213","759","465","294","39","798","1390","0","57.41","33.45"
"67","000","00","027","2707","1214","717","439","278","50","767","1396","0","54.94","31.45"
"67","000","00","027","2707","1215","964","581","383","34","998","1906","0","52.36","30.48"
"67","000","00","027","2707","1216","747","480","267","28","775","1546","0","50.13","31.05"
"67","000","00","027","2708","0000","2961","1871","1090","138","3099","5833","0","53.13","32.08"
"67","000","00","027","2708","1217","686","417","269","25","711","1546","0","45.99","26.97"
"67","000","00","027","2708","1218","777","482","295","34","811","1399","0","57.97","34.45"
"67","000","00","027","2708","1219","880","564","316","52","932","1748","0","53.32","32.27"
"67","000","00","027","2708","1220","618","408","210","27","645","1140","0","56.58","35.79"
"67","000","00","027","2711","0000","1376","896","480","36","1412","2763","0","51.1","32.43"
"67","000","00","027","2711","1223","725","476","249","22","747","1414","0","52.83","33.66"
"67","000","00","027","2711","1224","651","420","231","14","665","1349","0","49.3","31.13"
"67","000","00","027","2712","0000","2346","1556","790","95","2441","4659","0","52.39","33.4"
"67","000","00","027","2712","1225","730","500","230","28","758","1471","0","51.53","33.99"
"67","000","00","027","2712","1226","703","443","260","17","720","1324","0","54.38","33.46"
"67","000","00","027","2712","1227","613","424","189","36","649","1310","0","49.54","32.37"
"67","000","00","027","2712","1228","300","189","111","14","314","554","0","56.68","34.12"
"67","000","00","027","2713","0000","707","491","216","43","750","1395","0","53.76","35.2"
"67","000","00","027","2713","1229","707","491","216","43","750","1395","0","53.76","35.2"
"67","000","00","027","2714","0000","640","442","198","20","660","1264","0","52.22","34.97"
"67","000","00","027","2714","1230","640","442","198","20","660","1264","0","52.22","34.97"
"67","000","00","027","2715","0000","1072","702","370","61","1133","2108","0","53.75","33.3"
"67","000","00","027","2715","1231","623","422","201","36","659","1180","0","55.85","35.76"
"67","000","00","027","2715","1232","449","280","169","25","474","928","0","51.08","30.17"
"67","000","00","027","2716","0000","1043","691","352","48","1091","2084","0","52.35","33.16"
"67","000","00","027","2716","1233","471","304","167","22","493","965","0","51.09","31.5"
"67","000","00","027","2716","1234","572","387","185","26","598","1119","0","53.44","34.58"
"67","000","00","027","2717","0000","1348","879","469","73","1421","2672","0","53.18","32.9"
"67","000","00","027","2717","1235","622","404","218","38","660","1206","0","54.73","33.5"
"67","000","00","027","2717","1236","726","475","251","35","761","1466","0","51.91","32.4"
"67","000","00","027","2719","0000","1289","830","459","54","1343","2296","0","58.49","36.15"
"67","000","00","027","2719","1221","667","431","236","22","689","1277","0","53.95","33.75"
"67","000","00","027","2719","1222","622","399","223","32","654","1019","0","64.18","39.16"
"67","000","00","028","0000","0000","29607","18463","11144","1391","30998","57387","68391","54.02","32.17"
"67","000","00","028","2801","0000","3108","1934","1174","118","3226","5916","0","54.53","32.69"
"67","000","00","028","2801","1237","772","485","287","43","815","1560","0","52.24","31.09"
"67","000","00","028","2801","1238","824","516","308","20","844","1383","0","61.03","37.31"
"67","000","00","028","2801","1239","783","478","305","23","806","1491","0","54.06","32.06"
"67","000","00","028","2801","1240","729","455","274","32","761","1482","0","51.35","30.7"
"67","000","00","028","2802","0000","1726","1097","629","104","1830","3756","0","48.72","29.21"
"67","000","00","028","2802","1244","562","334","228","33","595","1336","0","44.54","25.0"
"67","000","00","028","2802","1245","554","376","178","43","597","1183","0","50.46","31.78"
"67","000","00","028","2802","1246","610","387","223","28","638","1237","0","51.58","31.29"
"67","000","00","028","2803","0000","1224","787","437","54","1278","2293","0","55.73","34.32"
"67","000","00","028","2803","1271","686","420","266","32","718","1245","0","57.67","33.73"
"67","000","00","028","2803","1272","538","367","171","22","560","1048","0","53.44","35.02"
"67","000","00","028","2804","0000","1754","1093","661","86","1840","3286","0","56.0","33.26"
"67","000","00","028","2804","1249","583","371","212","10","593","1105","0","53.67","33.57"
"67","000","00","028","2804","1250","579","349","230","32","611","1099","0","55.6","31.76"
"67","000","00","028","2804","1251","592","373","219","44","636","1082","0","58.78","34.47"
"67","000","00","028","2805","0000","1691","1052","639","72","1763","3301","0","53.41","31.87"
"67","000","00","028","2805","1254","545","332","213","33","578","1090","0","53.03","30.46"
"67","000","00","028","2805","1255","580","362","218","16","596","1131","0","52.7","32.01"
"67","000","00","028","2805","1256","566","358","208","23","589","1080","0","54.54","33.15"
"67","000","00","028","2806","0000","1683","1054","629","94","1777","3285","0","54.09","32.09"
"67","000","00","028","2806","1259","568","335","233","49","617","1128","0","54.7","29.7"
"67","000","00","028","2806","1260","548","352","196","18","566","1055","0","53.65","33.36"
"67","000","00","028","2806","1261","567","367","200","27","594","1102","0","53.9","33.3"
"67","000","00","028","2807","0000","1161","727","434","67","1228","2101","0","58.45","34.6"
"67","000","00","028","2807","1262","599","370","229","29","628","1068","0","58.8","34.64"
"67","000","00","028","2807","1263","562","357","205","38","600","1033","0","58.08","34.56"
"67","000","00","028","2808","0000","727","438","289","19","746","1772","0","42.1","24.72"
"67","000","00","028","2808","1264","727","438","289","19","746","1772","0","42.1","24.72"
"67","000","00","028","2809","0000","1543","974","569","63","1606","2943","0","54.57","33.1"
"67","000","00","028","2809","1265","738","454","284","43","781","1399","0","55.83","32.45"
"67","000","00","028","2809","1266","805","520","285","20","825","1544","0","53.43","33.68"
"67","000","00","028","2810","0000","300","191","109","12","312","684","0","45.61","27.92"
"67","000","00","028","2810","1267","300","191","109","12","312","684","0","45.61","27.92"
"67","000","00","028","2811","0000","1049","655","394","62","1111","1853","0","59.96","35.35"
"67","000","00","028","2811","1268","477","297","180","26","503","839","0","59.95","35.4"
"67","000","00","028","2811","1269","572","358","214","36","608","1014","0","59.96","35.31"
"67","000","00","028","2812","0000","690","438","252","19","709","1906","0","37.2","22.98"
"67","000","00","028","2812","1270","690","438","252","19","709","1906","0","37.2","22.98"
"67","000","00","028","2813","0000","1321","822","499","24","1345","2586","0","52.01","31.79"
"67","000","00","028","2813","1273","612","387","225","18","630","1175","0","53.62","32.94"
"67","000","00","028","2813","1274","709","435","274","6","715","1411","0","50.67","30.83"
"67","000","00","028","2814","0000","1685","1032","653","78","1763","3192","0","55.23","32.33"
"67","000","00","028","2814","1275","825","517","308","33","858","1514","0","56.67","34.15"
"67","000","00","028","2814","1276","860","515","345","45","905","1678","0","53.93","30.69"
"67","000","00","028","2815","0000","1073","665","408","83","1156","1958","0","59.04","33.96"
"67","000","00","028","2815","1277","506","294","212","35","541","949","0","57.01","30.98"
"67","000","00","028","2815","1278","567","371","196","48","615","1009","0","60.95","36.77"
"67","000","00","028","2816","0000","1022","627","395","32","1054","1740","0","60.57","36.03"
"67","000","00","028","2816","1279","592","345","247","5","597","984","0","60.67","35.06"
"67","000","00","028","2816","1280","430","282","148","27","457","756","0","60.45","37.3"
"67","000","00","028","2817","0000","1651","999","652","98","1749","2945","0","59.39","33.92"
"67","000","00","028","2817","1281","835","518","317","42","877","1478","0","59.34","35.05"
"67","000","00","028","2817","1282","816","481","335","56","872","1467","0","59.44","32.79"
"67","000","00","028","2818","0000","2180","1328","852","97","2277","4145","0","54.93","32.04"
"67","000","00","028","2818","1241","727","447","280","25","752","1330","0","56.54","33.61"
"67","000","00","028","2818","1242","756","447","309","33","789","1399","0","56.4","31.95"
"67","000","00","028","2818","1243","697","434","263","39","736","1416","0","51.98","30.65"
"67","000","00","028","2819","0000","1194","751","443","80","1274","2457","0","51.85","30.57"
"67","000","00","028","2819","1257","524","348","176","22","546","1121","0","48.71","31.04"
"67","000","00","028","2819","1258","670","403","267","58","728","1336","0","54.49","30.16"
"67","000","00","028","2820","0000","1164","699","465","72","1236","2282","0","54.16","30.63"
"67","000","00","028","2820","1247","598","365","233","37","635","1133","0","56.05","32.22"
"67","000","00","028","2820","1248","566","334","232","35","601","1149","0","52.31","29.07"
"67","000","00","028","2821","0000","1661","1100","561","57","1718","2986","0","57.54","36.84"
"67","000","00","028","2821","1252","848","573","275","28","876","1519","0","57.67","37.72"
"67","000","00","028","2821","1253","813","527","286","29","842","1467","0","57.4","35.92"
"67","000","00","029","0000","0000","15395","9556","5839","908","16303","29913","34387","54.5","31.95"
"67","000","00","029","2901","0000","1187","787","400","46","1233","2138","0","57.67","36.81"
"67","000","00","029","2901","1283","519","344","175","15","534","982","0","54.38","35.03"
"67","000","00","029","2901","1284","668","443","225","31","699","1156","0","60.47","38.32"
"67","000","00","029","2902","0000","1075","687","388","66","1141","2049","0","55.69","33.53"
"67","000","00","029","2902","1285","485","313","172","18","503","1006","0","50.0","31.11"
"67","000","00","029","2902","1286","590","374","216","48","638","1043","0","61.17","35.86"
"67","000","00","029","2903","0000","1654","1043","611","77","1731","3319","0","52.15","31.43"
"67","000","00","029","2903","1287","551","345","206","39","590","1012","0","58.3","34.09"
"67","000","00","029","2903","1288","470","304","166","18","488","1013","0","48.17","30.01"
"67","000","00","029","2903","1289","633","394","239","20","653","1294","0","50.46","30.45"
"67","000","00","029","2904","0000","1221","759","462","68","1289","2430","0","53.05","31.23"
"67","000","00","029","2904","1290","619","377","242","39","658","1264","0","52.06","29.83"
"67","000","00","029","2904","1291","602","382","220","29","631","1166","0","54.12","32.76"
"67","000","00","029","2905","0000","526","216","310","12","538","1018","0","52.85","21.22"
"67","000","00","029","2905","1292","526","216","310","12","538","1018","0","52.85","21.22"
"67","000","00","029","2906","0000","307","197","110","35","342","733","0","46.66","26.88"
"67","000","00","029","2906","1293","307","197","110","35","342","733","0","46.66","26.88"
"67","000","00","029","2907","0000","1781","1080","701","71","1852","3152","0","58.76","34.26"
"67","000","00","029","2907","1294","630","383","247","24","654","1093","0","59.84","35.04"
"67","000","00","029","2907","1295","598","383","215","19","617","1081","0","57.08","35.43"
"67","000","00","029","2907","1296","553","314","239","28","581","978","0","59.41","32.11"
"67","000","00","029","2908","0000","1557","926","631","117","1674","3133","0","53.43","29.56"
"67","000","00","029","2908","1297","514","316","198","30","544","1116","0","48.75","28.32"
"67","000","00","029","2908","1298","488","283","205","33","521","972","0","53.6","29.12"
"67","000","00","029","2908","1299","555","327","228","54","609","1045","0","58.28","31.29"
"67","000","00","029","2909","0000","1007","620","387","71","1078","1879","0","57.37","33.0"
"67","000","00","029","2909","1300","458","278","180","28","486","872","0","55.73","31.88"
"67","000","00","029","2909","1301","549","342","207","43","592","1007","0","58.79","33.96"
"67","000","00","029","2912","0000","797","516","281","71","868","1524","0","56.96","33.86"
"67","000","00","029","2912","1306","418","276","142","50","468","804","0","58.21","34.33"
"67","000","00","029","2912","1307","379","240","139","21","400","720","0","55.56","33.33"
"67","000","00","029","2913","0000","547","356","191","25","572","1201","0","47.63","29.64"
"67","000","00","029","2913","1308","377","255","122","12","389","843","0","46.14","30.25"
"67","000","00","029","2913","1309","170","101","69","13","183","358","0","51.12","28.21"
"67","000","00","029","2916","0000","937","616","321","33","970","1867","0","51.96","32.99"
"67","000","00","029","2916","1312","429","306","123","13","442","904","0","48.89","33.85"
"67","000","00","029","2916","1313","508","310","198","20","528","963","0","54.83","32.19"
"67","000","00","029","2917","0000","283","169","114","11","294","489","0","60.12","34.56"
"67","000","00","029","2917","1314","283","169","114","11","294","489","0","60.12","34.56"
"67","000","00","029","2918","0000","1826","1144","682","134","1960","3475","0","56.4","32.92"
"67","000","00","029","2918","1302","430","264","166","30","460","763","0","60.29","34.6"
"67","000","00","029","2918","1303","302","182","120","32","334","630","0","53.02","28.89"
"67","000","00","029","2918","1304","519","318","201","47","566","959","0","59.02","33.16"
"67","000","00","029","2918","1305","575","380","195","25","600","1123","0","53.43","33.84"
"67","000","00","029","2919","0000","690","440","250","71","761","1506","0","50.53","29.22"
"67","000","00","029","2919","1310","375","227","148","56","431","797","0","54.08","28.48"
"67","000","00","029","2919","1311","315","213","102","15","330","709","0","46.54","30.04"
"67","000","00","030","0000","0000","1745","1106","639","116","1861","3713","3999","50.12","29.79"
"67","000","00","030","3001","0000","525","316","209","35","560","1047","0","53.49","30.18"
"67","000","00","030","3001","1315","525","316","209","35","560","1047","0","53.49","30.18"
"67","000","00","030","3002","0000","304","195","109","12","316","630","0","50.16","30.95"
"67","000","00","030","3002","1316","304","195","109","12","316","630","0","50.16","30.95"
"67","000","00","030","3003","0000","53","38","15","5","58","141","0","41.13","26.95"
"67","000","00","030","3003","1317","53","38","15","5","58","141","0","41.13","26.95"
"67","000","00","030","3004","0000","168","98","70","16","184","367","0","50.14","26.7"
"67","000","00","030","3004","1318","168","98","70","16","184","367","0","50.14","26.7"
"67","000","00","030","3005","0000","174","116","58","11","185","337","0","54.9","34.42"
"67","000","00","030","3005","1319","174","116","58","11","185","337","0","54.9","34.42"
"67","000","00","030","3006","0000","139","86","53","5","144","318","0","45.28","27.04"
"67","000","00","030","3006","1320","139","86","53","5","144","318","0","45.28","27.04"
"67","000","00","030","3007","0000","196","135","61","18","214","427","0","50.12","31.62"
"67","000","00","030","3007","1321","196","135","61","18","214","427","0","50.12","31.62"
"67","000","00","030","3008","0000","186","122","64","14","200","446","0","44.84","27.35"
"67","000","00","030","3008","1322","186","122","64","14","200","446","0","44.84","27.35"
"67","000","00","031","0000","0000","98966","61149","37817","3575","102541","195001","234921","52.58","31.36"
"67","000","00","031","3101","0000","2709","1688","1021","123","2832","5671","0","49.94","29.77"
"67","000","00","031","3101","0708","720","444","276","39","759","1398","0","54.29","31.76"
"67","000","00","031","3101","0709","644","409","235","42","686","1478","0","46.41","27.67"
"67","000","00","031","3101","0710","703","428","275","15","718","1442","0","49.79","29.68"
"67","000","00","031","3101","0711","642","407","235","27","669","1353","0","49.45","30.08"
"67","000","00","031","3102","0000","3263","2036","1227","117","3380","6821","0","49.55","29.85"
"67","000","00","031","3102","0719","798","485","313","37","835","1709","0","48.86","28.38"
"67","000","00","031","3102","0720","800","518","282","34","834","1717","0","48.57","30.17"
"67","000","00","031","3102","0721","827","519","308","24","851","1759","0","48.38","29.51"
"67","000","00","031","3102","0722","838","514","324","22","860","1636","0","52.57","31.42"
"67","000","00","031","3103","0000","3987","2521","1466","151","4138","8791","0","47.07","28.68"
"67","000","00","031","3103","0728","751","470","281","24","775","1389","0","55.8","33.84"
"67","000","00","031","3103","0729","704","447","257","31","735","1369","0","53.69","32.65"
"67","000","00","031","3103","0730","729","479","250","49","778","1415","0","54.98","33.85"
"67","000","00","031","3103","0731","631","395","236","11","642","1386","0","46.32","28.5"
"67","000","00","031","3103","0732","428","275","153","9","437","1747","0","25.01","15.74"
"67","000","00","031","3103","0733","744","455","289","27","771","1485","0","51.92","30.64"
"67","000","00","031","3104","0000","3403","2209","1194","149","3552","7088","0","50.11","31.17"
"67","000","00","031","3104","0734","860","563","297","33","893","1747","0","51.12","32.23"
"67","000","00","031","3104","0735","779","475","304","29","808","1744","0","46.33","27.24"
"67","000","00","031","3104","0736","834","554","280","43","877","1797","0","48.8","30.83"
"67","000","00","031","3104","0737","930","617","313","44","974","1800","0","54.11","34.28"
"67","000","00","031","3105","0000","3066","1833","1233","88","3154","5710","0","55.24","32.1"
"67","000","00","031","3105","0745","794","491","303","29","823","1531","0","53.76","32.07"
"67","000","00","031","3105","0746","739","452","287","28","767","1327","0","57.8","34.06"
"67","000","00","031","3105","0747","764","450","314","11","775","1456","0","53.23","30.91"
"67","000","00","031","3105","0748","769","440","329","20","789","1396","0","56.52","31.52"
"67","000","00","031","3106","0000","1355","804","551","51","1406","2525","0","55.68","31.84"
"67","000","00","031","3106","0785","714","423","291","30","744","1285","0","57.9","32.92"
"67","000","00","031","3106","0786","641","381","260","21","662","1240","0","53.39","30.73"
"67","000","00","031","3107","0000","1385","842","543","58","1443","2670","0","54.04","31.54"
"67","000","00","031","3107","0787","641","391","250","36","677","1343","0","50.41","29.11"
"67","000","00","031","3107","0788","744","451","293","22","766","1327","0","57.72","33.99"
"67","000","00","031","3108","0000","1013","544","469","30","1043","1862","0","56.02","29.22"
"67","000","00","031","3108","0758","480","205","275","14","494","924","0","53.46","22.19"
"67","000","00","031","3108","0759","533","339","194","16","549","938","0","58.53","36.14"
"67","000","00","031","3109","0000","767","466","301","59","826","1453","0","56.85","32.07"
"67","000","00","031","3109","0760","519","331","188","29","548","957","0","57.26","34.59"
"67","000","00","031","3109","0761","248","135","113","30","278","496","0","56.05","27.22"
"67","000","00","031","3110","0000","2407","1515","892","82","2489","4886","0","50.94","31.01"
"67","000","00","031","3110","0762","872","536","336","39","911","1717","0","53.06","31.22"
"67","000","00","031","3110","0763","760","479","281","26","786","1615","0","48.67","29.66"
"67","000","00","031","3110","0764","775","500","275","17","792","1554","0","50.97","32.18"
"67","000","00","031","3111","0000","1270","802","468","78","1348","2276","0","59.23","35.24"
"67","000","00","031","3111","0772","486","291","195","30","516","890","0","57.98","32.7"
"67","000","00","031","3111","0773","585","391","194","32","617","1018","0","60.61","38.41"
"67","000","00","031","3111","0774","199","120","79","16","215","368","0","58.42","32.61"
"67","000","00","031","3112","0000","1743","1077","666","86","1829","3366","0","54.34","32.0"
"67","000","00","031","3112","0795","555","360","195","39","594","1117","0","53.18","32.23"
"67","000","00","031","3112","0796","511","317","194","24","535","1069","0","50.05","29.65"
"67","000","00","031","3112","0797","677","400","277","23","700","1180","0","59.32","33.9"
"67","000","00","031","3113","0000","1858","1131","727","116","1974","3542","0","55.73","31.93"
"67","000","00","031","3113","0798","604","377","227","49","653","1176","0","55.53","32.06"
"67","000","00","031","3113","0799","582","337","245","28","610","1158","0","52.68","29.1"
"67","000","00","031","3113","0800","672","417","255","39","711","1208","0","58.86","34.52"
"67","000","00","031","3114","0000","3917","2168","1749","144","4061","7237","0","56.11","29.96"
"67","000","00","031","3114","0801","763","465","298","47","810","1501","0","53.96","30.98"
"67","000","00","031","3114","0802","725","448","277","20","745","1298","0","57.4","34.51"
"67","000","00","031","3114","0803","799","269","530","19","818","1542","0","53.05","17.44"
"67","000","00","031","3114","0804","840","515","325","21","861","1537","0","56.02","33.51"
"67","000","00","031","3114","0805","790","471","319","37","827","1359","0","60.85","34.66"
"67","000","00","031","3115","0000","1841","1105","736","84","1925","3835","0","50.2","28.81"
"67","000","00","031","3115","0806","535","321","214","24","559","1139","0","49.08","28.18"
"67","000","00","031","3115","0807","557","345","212","23","580","1158","0","50.09","29.79"
"67","000","00","031","3115","0808","749","439","310","37","786","1538","0","51.11","28.54"
"67","000","00","031","3116","0000","3092","1860","1232","120","3212","5872","0","54.7","31.68"
"67","000","00","031","3116","0809","586","365","221","13","599","1166","0","51.37","31.3"
"67","000","00","031","3116","0810","641","401","240","17","658","1228","0","53.58","32.65"
"67","000","00","031","3116","0811","654","409","245","30","684","1200","0","57.0","34.08"
"67","000","00","031","3116","0812","600","300","300","42","642","1131","0","56.76","26.53"
"67","000","00","031","3116","0813","611","385","226","18","629","1147","0","54.84","33.57"
"67","000","00","031","3117","0000","2028","1288","740","87","2115","4027","0","52.52","31.98"
"67","000","00","031","3117","0814","698","421","277","38","736","1442","0","51.04","29.2"
"67","000","00","031","3117","0815","756","506","250","24","780","1325","0","58.87","38.19"
"67","000","00","031","3117","0816","574","361","213","25","599","1260","0","47.54","28.65"
"67","000","00","031","3118","0000","1166","698","468","66","1232","2099","0","58.69","33.25"
"67","000","00","031","3118","0793","543","320","223","32","575","983","0","58.49","32.55"
"67","000","00","031","3118","0794","623","378","245","34","657","1116","0","58.87","33.87"
"67","000","00","031","3119","0000","917","610","307","47","964","1988","0","48.49","30.68"
"67","000","00","031","3119","0820","464","303","161","34","498","1012","0","49.21","29.94"
"67","000","00","031","3119","0821","453","307","146","13","466","976","0","47.75","31.45"
"67","000","00","031","3120","0000","4153","2600","1553","133","4286","8430","0","50.84","30.84"
"67","000","00","031","3120","0825","681","446","235","25","706","1307","0","54.02","34.12"
"67","000","00","031","3120","0826","709","470","239","12","721","1482","0","48.65","31.71"
"67","000","00","031","3120","0827","615","383","232","16","631","1341","0","47.05","28.56"
"67","000","00","031","3120","0828","674","390","284","29","703","1376","0","51.09","28.34"
"67","000","00","031","3120","0829","667","425","242","23","690","1390","0","49.64","30.58"
"67","000","00","031","3120","0830","807","486","321","28","835","1534","0","54.43","31.68"
"67","000","00","031","3121","0000","925","590","335","44","969","1796","0","53.95","32.85"
"67","000","00","031","3121","0823","473","317","156","26","499","859","0","58.09","36.9"
"67","000","00","031","3121","0824","452","273","179","18","470","937","0","50.16","29.14"
"67","000","00","031","3122","0000","572","373","199","18","590","1151","0","51.26","32.41"
"67","000","00","031","3122","0838","572","373","199","18","590","1151","0","51.26","32.41"
"67","000","00","031","3123","0000","3142","1902","1240","134","3276","5980","0","54.78","31.81"
"67","000","00","031","3123","0789","793","491","302","24","817","1565","0","52.2","31.37"
"67","000","00","031","3123","0790","774","459","315","52","826","1476","0","55.96","31.1"
"67","000","00","031","3123","0791","754","454","300","30","784","1476","0","53.12","30.76"
"67","000","00","031","3123","0792","821","498","323","28","849","1463","0","58.03","34.04"
"67","000","00","031","3124","0000","1204","824","380","41","1245","2097","0","59.37","39.29"
"67","000","00","031","3124","0839","640","428","212","23","663","1026","0","64.62","41.72"
"67","000","00","031","3124","0840","564","396","168","18","582","1071","0","54.34","36.97"
"67","000","00","031","3125","0000","1708","1063","645","57","1765","3387","0","52.11","31.38"
"67","000","00","031","3125","0843","881","534","347","35","916","1687","0","54.3","31.65"
"67","000","00","031","3125","0844","827","529","298","22","849","1700","0","49.94","31.12"
"67","000","00","031","3126","0000","3802","2405","1397","112","3914","7729","0","50.64","31.12"
"67","000","00","031","3126","0845","787","487","300","20","807","1444","0","55.89","33.73"
"67","000","00","031","3126","0846","749","477","272","17","766","1485","0","51.58","32.12"
"67","000","00","031","3126","0847","804","521","283","29","833","1717","0","48.51","30.34"
"67","000","00","031","3126","0848","772","475","297","27","799","1701","0","46.97","27.92"
"67","000","00","031","3126","0849","690","445","245","19","709","1382","0","51.3","32.2"
"67","000","00","031","3127","0000","2919","1729","1190","134","3053","6072","0","50.28","28.47"
"67","000","00","031","3127","0778","703","424","279","40","743","1405","0","52.88","30.18"
"67","000","00","031","3127","0779","686","395","291","44","730","1445","0","50.52","27.34"
"67","000","00","031","3127","0780","815","485","330","36","851","1687","0","50.44","28.75"
"67","000","00","031","3127","0781","715","425","290","14","729","1535","0","47.49","27.69"
"67","000","00","031","3128","0000","283","187","96","13","296","531","0","55.74","35.22"
"67","000","00","031","3128","0822","283","187","96","13","296","531","0","55.74","35.22"
"67","000","00","031","3129","0000","2948","1835","1113","84","3032","5725","0","52.96","32.05"
"67","000","00","031","3129","0768","762","452","310","12","774","1457","0","53.12","31.02"
"67","000","00","031","3129","0769","782","502","280","13","795","1451","0","54.79","34.6"
"67","000","00","031","3129","0770","663","417","246","28","691","1423","0","48.56","29.3"
"67","000","00","031","3129","0771","741","464","277","31","772","1394","0","55.38","33.29"
"67","000","00","031","3130","0000","3806","2423","1383","125","3931","7784","0","50.5","31.13"
"67","000","00","031","3130","0723","724","471","253","33","757","1442","0","52.5","32.66"
"67","000","00","031","3130","0724","756","466","290","22","778","1545","0","50.36","30.16"
"67","000","00","031","3130","0725","776","522","254","26","802","1565","0","51.25","33.35"
"67","000","00","031","3130","0726","796","485","311","25","821","1684","0","48.75","28.8"
"67","000","00","031","3130","0727","754","479","275","19","773","1548","0","49.94","30.94"
"67","000","00","031","3131","0000","2818","1741","1077","88","2906","5428","0","53.54","32.07"
"67","000","00","031","3131","0715","649","412","237","11","660","1317","0","50.11","31.28"
"67","000","00","031","3131","0716","688","441","247","22","710","1376","0","51.6","32.05"
"67","000","00","031","3131","0717","692","419","273","37","729","1361","0","53.56","30.79"
"67","000","00","031","3131","0718","789","469","320","18","807","1374","0","58.73","34.13"
"67","000","00","031","3132","0000","1806","1137","669","40","1846","3447","0","53.55","32.99"
"67","000","00","031","3132","0712","609","395","214","14","623","1160","0","53.71","34.05"
"67","000","00","031","3132","0713","614","374","240","16","630","1122","0","56.15","33.33"
"67","000","00","031","3132","0714","583","368","215","10","593","1165","0","50.9","31.59"
"67","000","00","031","3133","0000","2944","1784","1160","102","3046","5917","0","51.48","30.15"
"67","000","00","031","3133","0749","809","513","296","40","849","1636","0","51.89","31.36"
"67","000","00","031","3133","0750","832","510","322","31","863","1592","0","54.21","32.04"
"67","000","00","031","3133","0751","943","532","411","18","961","2017","0","47.65","26.38"
"67","000","00","031","3133","0752","360","229","131","13","373","672","0","55.51","34.08"
"67","000","00","031","3134","0000","2198","1302","896","56","2254","4811","0","46.85","27.06"
"67","000","00","031","3134","0755","732","431","301","19","751","1660","0","45.24","25.96"
"67","000","00","031","3134","0756","684","406","278","12","696","1561","0","44.59","26.01"
"67","000","00","031","3134","0757","782","465","317","25","807","1590","0","50.75","29.25"
"67","000","00","031","3135","0000","1544","945","599","46","1590","3113","0","51.08","30.36"
"67","000","00","031","3135","0753","776","480","296","15","791","1611","0","49.1","29.8"
"67","000","00","031","3135","0754","768","465","303","31","799","1502","0","53.2","30.96"
"67","000","00","031","3136","0000","1959","1180","779","64","2023","3776","0","53.58","31.25"
"67","000","00","031","3136","0775","700","411","289","31","731","1208","0","60.51","34.02"
"67","000","00","031","3136","0776","571","333","238","20","591","1187","0","49.79","28.05"
"67","000","00","031","3136","0777","688","436","252","13","701","1381","0","50.76","31.57"
"67","000","00","031","3137","0000","4934","3115","1819","114","5048","9284","0","54.37","33.55"
"67","000","00","031","3137","0831","792","536","256","17","809","1460","0","55.41","36.71"
"67","000","00","031","3137","0832","699","433","266","10","709","1383","0","51.27","31.31"
"67","000","00","031","3137","0833","688","429","259","20","708","1299","0","54.5","33.03"
"67","000","00","031","3137","0834","697","437","260","6","703","1264","0","55.62","34.57"
"67","000","00","031","3137","0835","751","452","299","21","772","1355","0","56.97","33.36"
"67","000","00","031","3137","0836","691","461","230","27","718","1414","0","50.78","32.6"
"67","000","00","031","3137","0837","616","367","249","13","629","1109","0","56.72","33.09"
"67","000","00","031","3138","0000","4196","2663","1533","125","4321","7603","0","56.83","35.03"
"67","000","00","031","3138","0740","866","548","318","12","878","1519","0","57.8","36.08"
"67","000","00","031","3138","0741","807","522","285","40","847","1497","0","56.58","34.87"
"67","000","00","031","3138","0742","813","507","306","22","835","1509","0","55.33","33.6"
"67","000","00","031","3138","0743","885","586","299","32","917","1542","0","59.47","38.0"
"67","000","00","031","3138","0744","825","500","325","19","844","1536","0","54.95","32.55"
"67","000","00","031","3139","0000","1619","1020","599","76","1695","2764","0","61.32","36.9"
"67","000","00","031","3139","0841","839","540","299","40","879","1387","0","63.37","38.93"
"67","000","00","031","3139","0842","780","480","300","36","816","1377","0","59.26","34.86"
"67","000","00","031","3140","0000","2347","1440","907","67","2414","4846","0","49.81","29.72"
"67","000","00","031","3140","0817","778","494","284","21","799","1631","0","48.99","30.29"
"67","000","00","031","3140","0818","742","443","299","26","768","1549","0","49.58","28.6"
"67","000","00","031","3140","0819","827","503","324","20","847","1666","0","50.84","30.19"
"67","000","00","031","3141","0000","1719","1101","618","45","1764","3428","0","51.46","32.12"
"67","000","00","031","3141","0738","822","549","273","21","843","1720","0","49.01","31.92"
"67","000","00","031","3141","0739","897","552","345","24","921","1708","0","53.92","32.32"
"67","000","00","031","3142","0000","2342","1444","898","71","2413","4498","0","53.65","32.1"
"67","000","00","031","3142","0782","806","482","324","31","837","1542","0","54.28","31.26"
"67","000","00","031","3142","0783","804","503","301","23","827","1618","0","51.11","31.09"
"67","000","00","031","3142","0784","732","459","273","17","749","1338","0","55.98","34.3"
"67","000","00","031","3143","0000","1891","1149","742","50","1941","3685","0","52.67","31.18"
"67","000","00","031","3143","0765","604","366","238","14","618","1196","0","51.67","30.6"
"67","000","00","031","3143","0766","645","389","256","20","665","1274","0","52.2","30.53"
"67","000","00","031","3143","0767","642","394","248","16","658","1215","0","54.16","32.43"
"67","000","00","032","0000","0000","81266","51215","30051","3271","84537","153359","186117","55.12","33.4"
"67","000","00","032","3201","0000","1128","703","425","39","1167","2191","0","53.26","32.09"
"67","000","00","032","3201","1170","1128","703","425","39","1167","2191","0","53.26","32.09"
"67","000","00","032","3202","0000","1561","988","573","86","1647","2944","0","55.94","33.56"
"67","000","00","032","3202","1166","666","411","255","50","716","1287","0","55.63","31.93"
"67","000","00","032","3202","1167","895","577","318","36","931","1657","0","56.19","34.82"
"67","000","00","032","3203","0000","3383","2238","1145","126","3509","6583","0","53.3","34.0"
"67","000","00","032","3203","1113","1010","655","355","64","1074","2067","0","51.96","31.69"
"67","000","00","032","3203","1114","1155","799","356","29","1184","2153","0","54.99","37.11"
"67","000","00","032","3203","1115","1218","784","434","33","1251","2363","0","52.94","33.18"
"67","000","00","032","3204","0000","1619","1000","619","71","1690","2869","0","58.91","34.86"
"67","000","00","032","3204","1097","890","553","337","48","938","1491","0","62.91","37.09"
"67","000","00","032","3204","1098","729","447","282","23","752","1378","0","54.57","32.44"
"67","000","00","032","3205","0000","2418","1514","904","109","2527","4730","0","53.42","32.01"
"67","000","00","032","3205","1180","779","480","299","30","809","1486","0","54.44","32.3"
"67","000","00","032","3205","1181","838","531","307","43","881","1560","0","56.47","34.04"
"67","000","00","032","3205","1182","801","503","298","36","837","1684","0","49.7","29.87"
"67","000","00","032","3206","0000","2037","1279","758","95","2132","4455","0","47.86","28.71"
"67","000","00","032","3206","1118","923","590","333","45","968","2115","0","45.77","27.9"
"67","000","00","032","3206","1119","1114","689","425","50","1164","2340","0","49.74","29.44"
"67","000","00","032","3207","0000","1576","957","619","60","1636","2932","0","55.8","32.64"
"67","000","00","032","3207","1139","812","507","305","26","838","1489","0","56.28","34.05"
"67","000","00","032","3207","1140","764","450","314","34","798","1443","0","55.3","31.19"
"67","000","00","032","3208","0000","2714","1642","1072","90","2804","4858","0","57.72","33.8"
"67","000","00","032","3208","1141","877","503","374","33","910","1498","0","60.75","33.58"
"67","000","00","032","3208","1142","897","556","341","22","919","1622","0","56.66","34.28"
"67","000","00","032","3208","1143","940","583","357","35","975","1738","0","56.1","33.54"
"67","000","00","032","3209","0000","1356","847","509","45","1401","2433","0","57.58","34.81"
"67","000","00","032","3209","1161","609","376","233","16","625","1101","0","56.77","34.15"
"67","000","00","032","3209","1162","747","471","276","29","776","1332","0","58.26","35.36"
"67","000","00","032","3210","0000","1677","1041","636","51","1728","3086","0","55.99","33.73"
"67","000","00","032","3210","1158","850","534","316","26","876","1589","0","55.13","33.61"
"67","000","00","032","3210","1159","827","507","320","25","852","1497","0","56.91","33.87"
"67","000","00","032","3211","0000","693","428","265","38","731","1386","0","52.74","30.88"
"67","000","00","032","3211","1160","693","428","265","38","731","1386","0","52.74","30.88"
"67","000","00","032","3212","0000","2243","1437","806","74","2317","4048","0","57.24","35.5"
"67","000","00","032","3212","1173","1043","675","368","46","1089","1863","0","58.45","36.23"
"67","000","00","032","3212","1174","1200","762","438","28","1228","2185","0","56.2","34.87"
"67","000","00","032","3213","0000","2638","1724","914","114","2752","5122","0","53.73","33.66"
"67","000","00","032","3213","1129","859","524","335","37","896","1708","0","52.46","30.68"
"67","000","00","032","3213","1130","824","517","307","37","861","1560","0","55.19","33.14"
"67","000","00","032","3213","1131","955","683","272","40","995","1854","0","53.67","36.84"
"67","000","00","032","3214","0000","2472","1563","909","90","2562","4865","0","52.66","32.13"
"67","000","00","032","3214","1120","1283","769","514","33","1316","2474","0","53.19","31.08"
"67","000","00","032","3214","1121","1189","794","395","57","1246","2391","0","52.11","33.21"
"67","000","00","032","3215","0000","888","519","369","33","921","1602","0","57.49","32.4"
"67","000","00","032","3215","1177","888","519","369","33","921","1602","0","57.49","32.4"
"67","000","00","032","3216","0000","793","498","295","70","863","1556","0","55.46","32.01"
"67","000","00","032","3216","1176","793","498","295","70","863","1556","0","55.46","32.01"
"67","000","00","032","3217","0000","2321","1468","853","71","2392","4335","0","55.18","33.86"
"67","000","00","032","3217","1133","1077","683","394","34","1111","2093","0","53.08","32.63"
"67","000","00","032","3217","1134","1244","785","459","37","1281","2242","0","57.14","35.01"
"67","000","00","032","3218","0000","757","508","249","40","797","1517","0","52.54","33.49"
"67","000","00","032","3218","1165","757","508","249","40","797","1517","0","52.54","33.49"
"67","000","00","032","3219","0000","2672","1696","976","134","2806","4992","0","56.21","33.97"
"67","000","00","032","3219","1102","913","568","345","35","948","1639","0","57.84","34.66"
"67","000","00","032","3219","1103","894","560","334","53","947","1724","0","54.93","32.48"
"67","000","00","032","3219","1104","865","568","297","46","911","1629","0","55.92","34.87"
"67","000","00","032","3220","0000","2277","1390","887","130","2407","4484","0","53.68","31.0"
"67","000","00","032","3220","1168","1136","709","427","77","1213","2238","0","54.2","31.68"
"67","000","00","032","3220","1169","1141","681","460","53","1194","2246","0","53.16","30.32"
"67","000","00","032","3221","0000","1046","639","407","31","1077","1986","0","54.23","32.18"
"67","000","00","032","3221","1156","589","356","233","8","597","1090","0","54.77","32.66"
"67","000","00","032","3221","1157","457","283","174","23","480","896","0","53.57","31.58"
"67","000","00","032","3222","0000","2289","1387","902","99","2388","4242","0","56.29","32.7"
"67","000","00","032","3222","1148","810","488","322","22","832","1427","0","58.3","34.2"
"67","000","00","032","3222","1149","727","433","294","45","772","1427","0","54.1","30.34"
"67","000","00","032","3222","1150","752","466","286","32","784","1388","0","56.48","33.57"
"67","000","00","032","3223","0000","675","375","300","23","698","1131","0","61.72","33.16"
"67","000","00","032","3223","1151","675","375","300","23","698","1131","0","61.72","33.16"
"67","000","00","032","3224","0000","2529","1523","1006","63","2592","4615","0","56.16","33.0"
"67","000","00","032","3224","1183","885","539","346","29","914","1653","0","55.29","32.61"
"67","000","00","032","3224","1184","858","498","360","12","870","1554","0","55.98","32.05"
"67","000","00","032","3224","1185","786","486","300","22","808","1408","0","57.39","34.52"
"67","000","00","032","3225","0000","2652","1689","963","106","2758","4874","0","56.59","34.65"
"67","000","00","032","3225","1122","925","593","332","28","953","1673","0","56.96","35.45"
"67","000","00","032","3225","1123","852","539","313","33","885","1594","0","55.52","33.81"
"67","000","00","032","3225","1124","875","557","318","45","920","1607","0","57.25","34.66"
"67","000","00","032","3226","0000","1646","1079","567","73","1719","2982","0","57.65","36.18"
"67","000","00","032","3226","1116","747","496","251","39","786","1427","0","55.08","34.76"
"67","000","00","032","3226","1117","899","583","316","34","933","1555","0","60.0","37.49"
"67","000","00","032","3227","0000","1794","1097","697","79","1873","3593","0","52.13","30.53"
"67","000","00","032","3227","1146","878","527","351","36","914","1829","0","49.97","28.81"
"67","000","00","032","3227","1147","916","570","346","43","959","1764","0","54.37","32.31"
"67","000","00","032","3228","0000","808","541","267","33","841","1721","0","48.87","31.44"
"67","000","00","032","3228","1175","808","541","267","33","841","1721","0","48.87","31.44"
"67","000","00","032","3229","0000","2239","1406","833","95","2334","4240","0","55.05","33.16"
"67","000","00","032","3229","1171","1036","649","387","44","1080","2063","0","52.35","31.46"
"67","000","00","032","3229","1172","1203","757","446","51","1254","2177","0","57.6","34.77"
"67","000","00","032","3230","0000","1370","865","505","59","1429","2447","0","58.4","35.35"
"67","000","00","032","3230","1163","650","405","245","31","681","1185","0","57.47","34.18"
"67","000","00","032","3230","1164","720","460","260","28","748","1262","0","59.27","36.45"
"67","000","00","032","3231","0000","1543","949","594","86","1629","2983","0","54.61","31.81"
"67","000","00","032","3231","1144","750","447","303","45","795","1501","0","52.96","29.78"
"67","000","00","032","3231","1145","793","502","291","41","834","1482","0","56.28","33.87"
"67","000","00","032","3232","0000","2500","1567","933","93","2593","4472","0","57.98","35.04"
"67","000","00","032","3232","1099","877","551","326","30","907","1552","0","58.44","35.5"
"67","000","00","032","3232","1100","766","467","299","17","783","1326","0","59.05","35.22"
"67","000","00","032","3232","1101","857","549","308","46","903","1594","0","56.65","34.44"
"67","000","00","032","3233","0000","1198","805","393","67","1265","2296","0","55.1","35.06"
"67","000","00","032","3233","1111","563","385","178","43","606","1039","0","58.33","37.05"
"67","000","00","032","3233","1112","635","420","215","24","659","1257","0","52.43","33.41"
"67","000","00","032","3234","0000","1124","726","398","32","1156","2278","0","50.75","31.87"
"67","000","00","032","3234","1132","1124","726","398","32","1156","2278","0","50.75","31.87"
"67","000","00","032","3235","0000","1600","996","604","57","1657","2933","0","56.5","33.96"
"67","000","00","032","3235","1105","763","471","292","32","795","1399","0","56.83","33.67"
"67","000","00","032","3235","1106","837","525","312","25","862","1534","0","56.19","34.22"
"67","000","00","032","3236","0000","986","608","378","61","1047","1882","0","55.63","32.31"
"67","000","00","032","3236","1154","470","314","156","30","500","935","0","53.48","33.58"
"67","000","00","032","3236","1155","516","294","222","31","547","947","0","57.76","31.05"
"67","000","00","032","3237","0000","1050","668","382","55","1105","1996","0","55.36","33.47"
"67","000","00","032","3237","1152","519","321","198","31","550","1000","0","55.0","32.1"
"67","000","00","032","3237","1153","531","347","184","24","555","996","0","55.72","34.84"
"67","000","00","032","3238","0000","1456","950","506","72","1528","2905","0","52.6","32.7"
"67","000","00","032","3238","1178","771","526","245","39","810","1523","0","53.18","34.54"
"67","000","00","032","3238","1179","685","424","261","33","718","1382","0","51.95","30.68"
"67","000","00","032","3239","0000","2204","1333","871","60","2264","3980","0","56.88","33.49"
"67","000","00","032","3239","1186","1202","754","448","25","1227","2084","0","58.88","36.18"
"67","000","00","032","3239","1187","1002","579","423","35","1037","1896","0","54.69","30.54"
"67","000","00","032","3240","0000","2022","1318","704","79","2101","4492","0","46.77","29.34"
"67","000","00","032","3240","1095","1037","666","371","40","1077","2681","0","40.17","24.84"
"67","000","00","032","3240","1096","985","652","333","39","1024","1811","0","56.54","36.0"
"67","000","00","032","3241","0000","3269","2162","1107","124","3393","5929","0","57.23","36.46"
"67","000","00","032","3241","1107","911","559","352","29","940","1656","0","56.76","33.76"
"67","000","00","032","3241","1108","696","454","242","36","732","1322","0","55.37","34.34"
"67","000","00","032","3241","1109","868","635","233","33","901","1620","0","55.62","39.2"
"67","000","00","032","3241","1110","794","514","280","26","820","1331","0","61.61","38.62"
"67","000","00","032","3242","0000","1743","1116","627","86","1829","3308","0","55.29","33.74"
"67","000","00","032","3242","1127","866","576","290","51","917","1696","0","54.07","33.96"
"67","000","00","032","3242","1128","877","540","337","35","912","1612","0","56.58","33.5"
"67","000","00","032","3243","0000","2524","1571","953","60","2584","4456","0","57.99","35.26"
"67","000","00","032","3243","1125","1196","751","445","24","1220","2087","0","58.46","35.98"
"67","000","00","032","3243","1126","1328","820","508","36","1364","2369","0","57.58","34.61"
"67","000","00","032","3244","0000","1444","916","528","47","1491","2470","0","60.36","37.09"
"67","000","00","032","3244","1135","658","430","228","36","694","1152","0","60.24","37.33"
"67","000","00","032","3244","1136","786","486","300","11","797","1318","0","60.47","36.87"
"67","000","00","032","3245","0000","2332","1489","843","65","2397","4160","0","57.62","35.79"
"67","000","00","032","3245","1137","1214","763","451","39","1253","2200","0","56.95","34.68"
"67","000","00","032","3245","1138","1118","726","392","26","1144","1960","0","58.37","37.04"
"67","000","00","033","0000","0000","54486","34717","19769","2355","56841","108650","124790","52.32","31.95"
"67","000","00","033","3301","0000","833","519","314","38","871","1637","0","53.21","31.7"
"67","000","00","033","3301","1024","833","519","314","38","871","1637","0","53.21","31.7"
"67","000","00","033","3303","0000","398","237","161","10","408","871","0","46.84","27.21"
"67","000","00","033","3303","1025","398","237","161","10","408","871","0","46.84","27.21"
"67","000","00","033","3304","0000","820","469","351","52","872","1390","0","62.73","33.74"
"67","000","00","033","3304","1026","330","179","151","9","339","589","0","57.56","30.39"
"67","000","00","033","3304","1027","490","290","200","43","533","801","0","66.54","36.2"
"67","000","00","033","3305","0000","1248","786","462","47","1295","2262","0","57.25","34.75"
"67","000","00","033","3305","1035","634","389","245","13","647","1127","0","57.41","34.52"
"67","000","00","033","3305","1036","614","397","217","34","648","1135","0","57.09","34.98"
"67","000","00","033","3306","0000","1146","744","402","58","1204","2277","0","52.88","32.67"
"67","000","00","033","3306","1037","639","423","216","33","672","1263","0","53.21","33.49"
"67","000","00","033","3306","1038","507","321","186","25","532","1014","0","52.47","31.66"
"67","000","00","033","3307","0000","1331","818","513","53","1384","2774","0","49.89","29.49"
"67","000","00","033","3307","1031","600","367","233","26","626","1204","0","51.99","30.48"
"67","000","00","033","3307","1032","731","451","280","27","758","1570","0","48.28","28.73"
"67","000","00","033","3308","0000","1814","1212","602","104","1918","3209","0","59.77","37.77"
"67","000","00","033","3308","1028","544","371","173","32","576","990","0","58.18","37.47"
"67","000","00","033","3308","1029","719","477","242","24","743","1222","0","60.8","39.03"
"67","000","00","033","3308","1030","551","364","187","48","599","997","0","60.08","36.51"
"67","000","00","033","3309","0000","1527","947","580","90","1617","3006","0","53.79","31.5"
"67","000","00","033","3309","1047","791","494","297","41","832","1542","0","53.96","32.04"
"67","000","00","033","3309","1048","736","453","283","49","785","1464","0","53.62","30.94"
"67","000","00","033","3311","0000","1996","1244","752","100","2096","4217","0","49.7","29.5"
"67","000","00","033","3311","1052","641","399","242","38","679","1419","0","47.85","28.12"
"67","000","00","033","3311","1053","643","399","244","30","673","1333","0","50.49","29.93"
"67","000","00","033","3311","1054","712","446","266","32","744","1465","0","50.78","30.44"
"67","000","00","033","3313","0000","1850","1212","638","57","1907","3607","0","52.87","33.6"
"67","000","00","033","3313","1055","599","396","203","16","615","1099","0","55.96","36.03"
"67","000","00","033","3313","1056","567","366","201","11","578","1133","0","51.02","32.3"
"67","000","00","033","3313","1057","684","450","234","30","714","1375","0","51.93","32.73"
"67","000","00","033","3314","0000","931","588","343","52","983","2064","0","47.63","28.49"
"67","000","00","033","3314","1082","931","588","343","52","983","2064","0","47.63","28.49"
"67","000","00","033","3315","0000","1092","724","368","63","1155","2173","0","53.15","33.32"
"67","000","00","033","3315","1079","610","404","206","41","651","1119","0","58.18","36.1"
"67","000","00","033","3315","1080","482","320","162","22","504","1054","0","47.82","30.36"
"67","000","00","033","3316","0000","589","383","206","56","645","1245","0","51.81","30.76"
"67","000","00","033","3316","1081","589","383","206","56","645","1245","0","51.81","30.76"
"67","000","00","033","3317","0000","1513","1002","511","37","1550","3429","0","45.2","29.22"
"67","000","00","033","3317","1083","856","555","301","18","874","2056","0","42.51","26.99"
"67","000","00","033","3317","1084","657","447","210","19","676","1373","0","49.24","32.56"
"67","000","00","033","3318","0000","1099","701","398","43","1142","2109","0","54.15","33.24"
"67","000","00","033","3318","1093","533","341","192","24","557","1093","0","50.96","31.2"
"67","000","00","033","3318","1094","566","360","206","19","585","1016","0","57.58","35.43"
"67","000","00","033","3319","0000","1059","675","384","45","1104","2162","0","51.06","31.22"
"67","000","00","033","3319","1091","418","260","158","18","436","897","0","48.61","28.99"
"67","000","00","033","3319","1092","641","415","226","27","668","1265","0","52.81","32.81"
"67","000","00","033","3320","0000","1329","864","465","66","1395","2544","0","54.83","33.96"
"67","000","00","033","3320","1089","616","414","202","33","649","1186","0","54.72","34.91"
"67","000","00","033","3320","1090","713","450","263","33","746","1358","0","54.93","33.14"
"67","000","00","033","3321","0000","1293","857","436","40","1333","2272","0","58.67","37.72"
"67","000","00","033","3321","1017","648","413","235","21","669","1150","0","58.17","35.91"
"67","000","00","033","3321","1018","645","444","201","19","664","1122","0","59.18","39.57"
"67","000","00","033","3322","0000","2298","1450","848","83","2381","4507","0","52.83","32.17"
"67","000","00","033","3322","1019","699","435","264","30","729","1444","0","50.48","30.12"
"67","000","00","033","3322","1020","857","544","313","28","885","1765","0","50.14","30.82"
"67","000","00","033","3322","1021","742","471","271","25","767","1298","0","59.09","36.29"
"67","000","00","033","3323","0000","1648","1047","601","74","1722","3392","0","50.77","30.87"
"67","000","00","033","3323","1015","679","415","264","30","709","1221","0","58.07","33.99"
"67","000","00","033","3323","1016","969","632","337","44","1013","2171","0","46.66","29.11"
"67","000","00","033","3324","0000","1750","1160","590","40","1790","3398","0","52.68","34.14"
"67","000","00","033","3324","1022","787","528","259","21","808","1458","0","55.42","36.21"
"67","000","00","033","3324","1023","963","632","331","19","982","1940","0","50.62","32.58"
"67","000","00","033","3325","0000","1177","701","476","46","1223","2298","0","53.22","30.5"
"67","000","00","033","3325","1033","653","387","266","26","679","1222","0","55.56","31.67"
"67","000","00","033","3325","1034","524","314","210","20","544","1076","0","50.56","29.18"
"67","000","00","033","3326","0000","1607","1049","558","78","1685","3341","0","50.43","31.4"
"67","000","00","033","3326","1061","861","574","287","52","913","1640","0","55.67","35.0"
"67","000","00","033","3326","1062","746","475","271","26","772","1701","0","45.39","27.92"
"67","000","00","033","3327","0000","1748","1099","649","70","1818","3306","0","54.99","33.24"
"67","000","00","033","3327","1039","805","520","285","37","842","1491","0","56.47","34.88"
"67","000","00","033","3327","1040","943","579","364","33","976","1815","0","53.77","31.9"
"67","000","00","033","3328","0000","2622","1694","928","116","2738","5017","0","54.57","33.77"
"67","000","00","033","3328","1044","936","643","293","43","979","1626","0","60.21","39.54"
"67","000","00","033","3328","1045","851","514","337","32","883","1761","0","50.14","29.19"
"67","000","00","033","3328","1046","835","537","298","41","876","1630","0","53.74","32.94"
"67","000","00","033","3329","0000","1145","702","443","40","1185","2734","0","43.34","25.68"
"67","000","00","033","3329","1068","582","357","225","18","600","1657","0","36.21","21.54"
"67","000","00","033","3329","1069","563","345","218","22","585","1077","0","54.32","32.03"
"67","000","00","033","3330","0000","2559","1617","942","105","2664","5719","0","46.58","28.27"
"67","000","00","033","3330","1072","870","570","300","28","898","1985","0","45.24","28.72"
"67","000","00","033","3330","1073","879","541","338","40","919","2017","0","45.56","26.82"
"67","000","00","033","3330","1074","810","506","304","37","847","1717","0","49.33","29.47"
"67","000","00","033","3331","0000","881","537","344","39","920","1624","0","56.65","33.07"
"67","000","00","033","3331","1075","503","315","188","22","525","929","0","56.51","33.91"
"67","000","00","033","3331","1076","378","222","156","17","395","695","0","56.83","31.94"
"67","000","00","033","3332","0000","2661","1638","1023","101","2762","5094","0","54.22","32.16"
"67","000","00","033","3332","1065","993","624","369","49","1042","1774","0","58.74","35.17"
"67","000","00","033","3332","1066","819","487","332","37","856","1613","0","53.07","30.19"
"67","000","00","033","3332","1067","849","527","322","15","864","1707","0","50.62","30.87"
"67","000","00","033","3333","0000","1701","1148","553","93","1794","3568","0","50.28","32.17"
"67","000","00","033","3333","1063","728","487","241","38","766","1541","0","49.71","31.6"
"67","000","00","033","3333","1064","973","661","312","55","1028","2027","0","50.72","32.61"
"67","000","00","033","3334","0000","2374","1471","903","78","2452","4809","0","50.99","30.59"
"67","000","00","033","3334","1058","811","473","338","24","835","1781","0","46.88","26.56"
"67","000","00","033","3334","1059","847","529","318","29","876","1542","0","56.81","34.31"
"67","000","00","033","3334","1060","716","469","247","25","741","1486","0","49.87","31.56"
"67","000","00","033","3335","0000","2528","1602","926","77","2605","5092","0","51.16","31.46"
"67","000","00","033","3335","1041","719","432","287","18","737","1398","0","52.72","30.9"
"67","000","00","033","3335","1042","893","549","344","27","920","2107","0","43.66","26.06"
"67","000","00","033","3335","1043","916","621","295","32","948","1587","0","59.74","39.13"
"67","000","00","033","3336","0000","876","587","289","27","903","1781","0","50.7","32.96"
"67","000","00","033","3336","1077","490","330","160","13","503","997","0","50.45","33.1"
"67","000","00","033","3336","1078","386","257","129","14","400","784","0","51.02","32.78"
"67","000","00","033","3337","0000","925","578","347","68","993","1775","0","55.94","32.56"
"67","000","00","033","3337","1087","540","335","205","39","579","1031","0","56.16","32.49"
"67","000","00","033","3337","1088","385","243","142","29","414","744","0","55.65","32.66"
"67","000","00","033","3338","0000","895","585","310","68","963","1762","0","54.65","33.2"
"67","000","00","033","3338","1085","490","318","172","23","513","1002","0","51.2","31.74"
"67","000","00","033","3338","1086","405","267","138","45","450","760","0","59.21","35.13"
"67","000","00","033","3339","0000","1236","789","447","36","1272","2434","0","52.26","32.42"
"67","000","00","033","3339","1070","615","399","216","21","636","1185","0","53.67","33.67"
"67","000","00","033","3339","1071","621","390","231","15","636","1249","0","50.92","31.22"
"67","000","00","033","3340","0000","1987","1281","706","105","2092","3751","0","55.77","34.15"
"67","000","00","033","3340","1049","864","562","302","53","917","1727","0","53.1","32.54"
"67","000","00","033","3340","1050","628","405","223","37","665","1085","0","61.29","37.33"
"67","000","00","033","3340","1051","495","314","181","15","510","939","0","54.31","33.44"
"67","000","00","034","0000","0000","58064","36584","21480","2423","60487","110906","132020","54.54","32.99"
"67","000","00","034","3401","0000","1677","1059","618","98","1775","3501","0","50.7","30.25"
"67","000","00","034","3401","0850","859","534","325","54","913","1793","0","50.92","29.78"
"67","000","00","034","3401","0851","818","525","293","44","862","1708","0","50.47","30.74"
"67","000","00","034","3404","0000","1145","758","387","50","1195","2030","0","58.87","37.34"
"67","000","00","034","3404","0862","592","400","192","33","625","1076","0","58.09","37.17"
"67","000","00","034","3404","0863","553","358","195","17","570","954","0","59.75","37.53"
"67","000","00","034","3405","0000","1361","884","477","60","1421","2451","0","57.98","36.07"
"67","000","00","034","3405","0858","614","413","201","30","644","1189","0","54.16","34.74"
"67","000","00","034","3405","0859","747","471","276","30","777","1262","0","61.57","37.32"
"67","000","00","034","3407","0000","1040","673","367","34","1074","1964","0","54.68","34.27"
"67","000","00","034","3407","0867","512","337","175","14","526","974","0","54.0","34.6"
"67","000","00","034","3407","0868","528","336","192","20","548","990","0","55.35","33.94"
"67","000","00","034","3408","0000","1162","704","458","59","1221","2069","0","59.01","34.03"
"67","000","00","034","3408","0869","606","353","253","24","630","1016","0","62.01","34.74"
"67","000","00","034","3408","0870","556","351","205","35","591","1053","0","56.13","33.33"
"67","000","00","034","3418","0000","2128","1344","784","78","2206","4291","0","51.41","31.32"
"67","000","00","034","3418","0926","675","410","265","25","700","1502","0","46.6","27.3"
"67","000","00","034","3418","0927","778","512","266","20","798","1470","0","54.29","34.83"
"67","000","00","034","3418","0928","675","422","253","33","708","1319","0","53.68","31.99"
"67","000","00","034","3419","0000","1049","668","381","38","1087","1864","0","58.32","35.84"
"67","000","00","034","3419","0860","592","383","209","20","612","1017","0","60.18","37.66"
"67","000","00","034","3419","0861","457","285","172","18","475","847","0","56.08","33.65"
"67","000","00","034","3420","0000","2650","1579","1071","75","2725","4824","0","56.49","32.73"
"67","000","00","034","3420","0908","947","559","388","26","973","1709","0","56.93","32.71"
"67","000","00","034","3420","0909","878","526","352","31","909","1517","0","59.92","34.67"
"67","000","00","034","3420","0910","825","494","331","18","843","1598","0","52.75","30.91"
"67","000","00","034","3423","0000","1591","1037","554","53","1644","3203","0","51.33","32.38"
"67","000","00","034","3423","0894","555","354","201","10","565","1091","0","51.79","32.45"
"67","000","00","034","3423","0895","515","334","181","21","536","993","0","53.98","33.64"
"67","000","00","034","3423","0896","521","349","172","22","543","1119","0","48.53","31.19"
"67","000","00","034","3424","0000","2340","1496","844","91","2431","4442","0","54.73","33.68"
"67","000","00","034","3424","0897","886","556","330","43","929","1685","0","55.13","33.0"
"67","000","00","034","3424","0898","734","482","252","12","746","1368","0","54.53","35.23"
"67","000","00","034","3424","0899","720","458","262","36","756","1389","0","54.43","32.97"
"67","000","00","034","3425","0000","1683","1026","657","60","1743","3296","0","52.88","31.13"
"67","000","00","034","3425","0919","860","539","321","34","894","1662","0","53.79","32.43"
"67","000","00","034","3425","0920","823","487","336","26","849","1634","0","51.96","29.8"
"67","000","00","034","3426","0000","2695","1736","959","146","2841","5387","0","52.74","32.23"
"67","000","00","034","3426","0923","969","613","356","49","1018","1874","0","54.32","32.71"
"67","000","00","034","3426","0924","868","588","280","49","917","1760","0","52.1","33.41"
"67","000","00","034","3426","0925","858","535","323","48","906","1753","0","51.68","30.52"
"67","000","00","034","3432","0000","707","456","251","62","769","1466","0","52.46","31.11"
"67","000","00","034","3432","0871","707","456","251","62","769","1466","0","52.46","31.11"
"67","000","00","034","3433","0000","934","565","369","68","1002","1829","0","54.78","30.89"
"67","000","00","034","3433","0884","467","295","172","48","515","892","0","57.74","33.07"
"67","000","00","034","3433","0885","467","270","197","20","487","937","0","51.97","28.82"
"67","000","00","034","3438","0000","1814","1033","781","46","1860","3800","0","48.95","27.18"
"67","000","00","034","3438","0852","507","282","225","7","514","997","0","51.55","28.28"
"67","000","00","034","3438","0853","639","361","278","15","654","1452","0","45.04","24.86"
"67","000","00","034","3438","0854","668","390","278","24","692","1351","0","51.22","28.87"
"67","000","00","034","3439","0000","1581","1040","541","86","1667","3079","0","54.14","33.78"
"67","000","00","034","3439","0872","820","534","286","36","856","1535","0","55.77","34.79"
"67","000","00","034","3439","0873","761","506","255","50","811","1544","0","52.53","32.77"
"67","000","00","034","3440","0000","2376","1467","909","102","2478","4317","0","57.4","33.98"
"67","000","00","034","3440","0905","750","491","259","44","794","1340","0","59.25","36.64"
"67","000","00","034","3440","0906","775","481","294","33","808","1464","0","55.19","32.86"
"67","000","00","034","3440","0907","851","495","356","25","876","1513","0","57.9","32.72"
"67","000","00","034","3441","0000","1641","1007","634","61","1702","2975","0","57.21","33.85"
"67","000","00","034","3441","0915","773","461","312","25","798","1391","0","57.37","33.14"
"67","000","00","034","3441","0916","868","546","322","36","904","1584","0","57.07","34.47"
"67","000","00","034","3442","0000","1995","1269","726","73","2068","3665","0","56.43","34.62"
"67","000","00","034","3442","0921","989","645","344","30","1019","1793","0","56.83","35.97"
"67","000","00","034","3442","0922","1006","624","382","43","1049","1872","0","56.04","33.33"
"67","000","00","034","3443","0000","1916","1202","714","50","1966","3596","0","54.67","33.43"
"67","000","00","034","3443","0929","1022","628","394","33","1055","1876","0","56.24","33.48"
"67","000","00","034","3443","0930","894","574","320","17","911","1720","0","52.97","33.37"
"67","000","00","034","3444","0000","2073","1371","702","103","2176","4008","0","54.29","34.21"
"67","000","00","034","3444","0864","645","415","230","53","698","1300","0","53.69","31.92"
"67","000","00","034","3444","0865","715","479","236","22","737","1390","0","53.02","34.46"
"67","000","00","034","3444","0866","713","477","236","28","741","1318","0","56.22","36.19"
"67","000","00","034","3445","0000","2052","1336","716","89","2141","3534","0","60.58","37.8"
"67","000","00","034","3445","0855","801","510","291","33","834","1323","0","63.04","38.55"
"67","000","00","034","3445","0856","606","394","212","25","631","1073","0","58.81","36.72"
"67","000","00","034","3445","0857","645","432","213","31","676","1138","0","59.4","37.96"
"67","000","00","034","3446","0000","2876","1843","1033","128","3004","5305","0","56.63","34.74"
"67","000","00","034","3446","0874","945","607","338","47","992","1760","0","56.36","34.49"
"67","000","00","034","3446","0875","712","452","260","29","741","1372","0","54.01","32.94"
"67","000","00","034","3446","0876","561","360","201","25","586","1002","0","58.48","35.93"
"67","000","00","034","3446","0877","658","424","234","27","685","1171","0","58.5","36.21"
"67","000","00","034","3447","0000","2012","1239","773","92","2104","3964","0","53.08","31.26"
"67","000","00","034","3447","0891","785","481","304","25","810","1522","0","53.22","31.6"
"67","000","00","034","3447","0892","654","415","239","27","681","1278","0","53.29","32.47"
"67","000","00","034","3447","0893","573","343","230","40","613","1164","0","52.66","29.47"
"67","000","00","034","3448","0000","2457","1611","846","123","2580","4860","0","53.09","33.15"
"67","000","00","034","3448","0878","612","376","236","27","639","1285","0","49.73","29.26"
"67","000","00","034","3448","0879","519","367","152","27","546","1036","0","52.7","35.42"
"67","000","00","034","3448","0880","710","451","259","43","753","1392","0","54.09","32.4"
"67","000","00","034","3448","0881","616","417","199","26","642","1147","0","55.97","36.36"
"67","000","00","034","3449","0000","1526","993","533","47","1573","3085","0","50.99","32.19"
"67","000","00","034","3449","0882","700","463","237","19","719","1526","0","47.12","30.34"
"67","000","00","034","3449","0883","826","530","296","28","854","1559","0","54.78","34.0"
"67","000","00","034","3450","0000","1384","874","510","54","1438","2797","0","51.41","31.25"
"67","000","00","034","3450","0889","692","443","249","34","726","1346","0","53.94","32.91"
"67","000","00","034","3450","0890","692","431","261","20","712","1451","0","49.07","29.7"
"67","000","00","034","3451","0000","1955","1225","730","109","2064","4176","0","49.43","29.33"
"67","000","00","034","3451","0886","785","491","294","49","834","1449","0","57.56","33.89"
"67","000","00","034","3451","0887","601","394","207","26","627","1160","0","54.05","33.97"
"67","000","00","034","3451","0888","569","340","229","34","603","1567","0","38.48","21.7"
"67","000","00","034","3452","0000","1746","1071","675","63","1809","3124","0","57.91","34.28"
"67","000","00","034","3452","0900","833","529","304","21","854","1469","0","58.13","36.01"
"67","000","00","034","3452","0901","913","542","371","42","955","1655","0","57.7","32.75"
"67","000","00","034","3453","0000","2286","1420","866","62","2348","4187","0","56.08","33.91"
"67","000","00","034","3453","0902","699","422","277","20","719","1261","0","57.02","33.47"
"67","000","00","034","3453","0903","778","492","286","19","797","1490","0","53.49","33.02"
"67","000","00","034","3453","0904","809","506","303","23","832","1436","0","57.94","35.24"
"67","000","00","034","3454","0000","1344","826","518","69","1413","2613","0","54.08","31.61"
"67","000","00","034","3454","0911","710","414","296","35","745","1399","0","53.25","29.59"
"67","000","00","034","3454","0912","634","412","222","34","668","1214","0","55.02","33.94"
"67","000","00","034","3455","0000","1258","734","524","52","1310","2212","0","59.22","33.18"
"67","000","00","034","3455","0913","587","340","247","18","605","1064","0","56.86","31.95"
"67","000","00","034","3455","0914","671","394","277","34","705","1148","0","61.41","34.32"
"67","000","00","034","3456","0000","1610","1038","572","42","1652","2992","0","55.21","34.69"
"67","000","00","034","3456","0917","868","543","325","23","891","1595","0","55.86","34.04"
"67","000","00","034","3456","0918","742","495","247","19","761","1397","0","54.47","35.43"
"67","000","00","035","0000","0000","80284","49901","30383","4050","84334","159654","193163","52.82","31.26"
"67","000","00","035","3501","0000","1328","808","520","26","1354","2549","0","53.12","31.7"
"67","000","00","035","3501","0618","1328","808","520","26","1354","2549","0","53.12","31.7"
"67","000","00","035","3502","0000","2323","1481","842","112","2435","4600","0","52.93","32.2"
"67","000","00","035","3502","0624","1004","634","370","31","1035","2143","0","48.3","29.58"
"67","000","00","035","3502","0625","1319","847","472","81","1400","2457","0","56.98","34.47"
"67","000","00","035","3503","0000","2340","1482","858","76","2416","4477","0","53.96","33.1"
"67","000","00","035","3503","0619","1181","783","398","41","1222","2321","0","52.65","33.74"
"67","000","00","035","3503","0620","1159","699","460","35","1194","2156","0","55.38","32.42"
"67","000","00","035","3504","0000","2552","1663","889","148","2700","4799","0","56.26","34.65"
"67","000","00","035","3504","0621","927","593","334","48","975","1662","0","58.66","35.68"
"67","000","00","035","3504","0622","840","582","258","59","899","1512","0","59.46","38.49"
"67","000","00","035","3504","0623","785","488","297","41","826","1625","0","50.83","30.03"
"67","000","00","035","3505","0000","2304","1422","882","132","2436","4512","0","53.99","31.52"
"67","000","00","035","3505","0626","1138","690","448","68","1206","2148","0","56.15","32.12"
"67","000","00","035","3505","0627","1166","732","434","64","1230","2364","0","52.03","30.96"
"67","000","00","035","3506","0000","1540","974","566","88","1628","2805","0","58.04","34.72"
"67","000","00","035","3506","0644","824","525","299","30","854","1447","0","59.02","36.28"
"67","000","00","035","3506","0645","716","449","267","58","774","1358","0","57.0","33.06"
"67","000","00","035","3507","0000","1887","1143","744","91","1978","3494","0","56.61","32.71"
"67","000","00","035","3507","0639","918","536","382","49","967","1721","0","56.19","31.14"
"67","000","00","035","3507","0640","969","607","362","42","1011","1773","0","57.02","34.24"
"67","000","00","035","3508","0000","2140","1360","780","82","2222","4546","0","48.88","29.92"
"67","000","00","035","3508","0631","1021","666","355","45","1066","2291","0","46.53","29.07"
"67","000","00","035","3508","0632","1119","694","425","37","1156","2255","0","51.26","30.78"
"67","000","00","035","3509","0000","2992","1877","1115","121","3113","5977","0","52.08","31.4"
"67","000","00","035","3509","0633","909","582","327","41","950","1940","0","48.97","30.0"
"67","000","00","035","3509","0634","1096","675","421","33","1129","2013","0","56.09","33.53"
"67","000","00","035","3509","0635","987","620","367","47","1034","2024","0","51.09","30.63"
"67","000","00","035","3510","0000","3064","1917","1147","137","3201","5933","0","53.95","32.31"
"67","000","00","035","3510","0628","883","536","347","37","920","1868","0","49.25","28.69"
"67","000","00","035","3510","0629","1002","613","389","49","1051","1797","0","58.49","34.11"
"67","000","00","035","3510","0630","1179","768","411","51","1230","2268","0","54.23","33.86"
"67","000","00","035","3511","0000","1102","678","424","69","1171","2188","0","53.52","30.99"
"67","000","00","035","3511","0654","1102","678","424","69","1171","2188","0","53.52","30.99"
"67","000","00","035","3512","0000","962","592","370","76","1038","1835","0","56.57","32.26"
"67","000","00","035","3512","0659","962","592","370","76","1038","1835","0","56.57","32.26"
"67","000","00","035","3513","0000","2134","1338","796","111","2245","4646","0","48.32","28.8"
"67","000","00","035","3513","0655","1122","728","394","54","1176","2399","0","49.02","30.35"
"67","000","00","035","3513","0656","1012","610","402","57","1069","2247","0","47.57","27.15"
"67","000","00","035","3514","0000","683","398","285","42","725","1165","0","62.23","34.16"
"67","000","00","035","3514","0657","683","398","285","42","725","1165","0","62.23","34.16"
"67","000","00","035","3515","0000","2488","1571","917","161","2649","5476","0","48.37","28.69"
"67","000","00","035","3515","0670","661","397","264","56","717","1547","0","46.35","25.66"
"67","000","00","035","3515","0671","860","552","308","49","909","1784","0","50.95","30.94"
"67","000","00","035","3515","0672","967","622","345","56","1023","2145","0","47.69","29.0"
"67","000","00","035","3516","0000","1389","854","535","78","1467","2728","0","53.78","31.3"
"67","000","00","035","3516","0668","904","564","340","43","947","1763","0","53.72","31.99"
"67","000","00","035","3516","0669","485","290","195","35","520","965","0","53.89","30.05"
"67","000","00","035","3517","0000","1136","672","464","90","1226","1978","0","61.98","33.97"
"67","000","00","035","3517","0693","522","313","209","35","557","905","0","61.55","34.59"
"67","000","00","035","3517","0694","614","359","255","55","669","1073","0","62.35","33.46"
"67","000","00","035","3518","0000","3594","2156","1438","144","3738","7488","0","49.92","28.79"
"67","000","00","035","3518","0673","1272","697","575","38","1310","2443","0","53.62","28.53"
"67","000","00","035","3518","0674","1094","696","398","42","1136","2565","0","44.29","27.13"
"67","000","00","035","3518","0675","1228","763","465","64","1292","2480","0","52.1","30.77"
"67","000","00","035","3519","0000","579","354","225","45","624","977","0","63.87","36.23"
"67","000","00","035","3519","0662","579","354","225","45","624","977","0","63.87","36.23"
"67","000","00","035","3520","0000","2104","1285","819","118","2222","4517","0","49.19","28.45"
"67","000","00","035","3520","0676","989","595","394","69","1058","2349","0","45.04","25.33"
"67","000","00","035","3520","0677","1115","690","425","49","1164","2168","0","53.69","31.83"
"67","000","00","035","3521","0000","1550","937","613","88","1638","3228","0","50.74","29.03"
"67","000","00","035","3521","0666","656","401","255","47","703","1319","0","53.3","30.4"
"67","000","00","035","3521","0667","894","536","358","41","935","1909","0","48.98","28.08"
"67","000","00","035","3522","0000","1651","1017","634","66","1717","3339","0","51.42","30.46"
"67","000","00","035","3522","0663","759","466","293","19","778","1642","0","47.38","28.38"
"67","000","00","035","3522","0664","892","551","341","47","939","1697","0","55.33","32.47"
"67","000","00","035","3523","0000","922","573","349","48","970","1966","0","49.34","29.15"
"67","000","00","035","3523","0665","922","573","349","48","970","1966","0","49.34","29.15"
"67","000","00","035","3524","0000","853","519","334","36","889","1501","0","59.23","34.58"
"67","000","00","035","3524","0707","853","519","334","36","889","1501","0","59.23","34.58"
"67","000","00","035","3525","0000","920","548","372","61","981","1797","0","54.59","30.5"
"67","000","00","035","3525","0660","920","548","372","61","981","1797","0","54.59","30.5"
"67","000","00","035","3526","0000","1034","571","463","63","1097","2223","0","49.35","25.69"
"67","000","00","035","3526","0661","1034","571","463","63","1097","2223","0","49.35","25.69"
"67","000","00","035","3527","0000","847","486","361","69","916","1579","0","58.01","30.78"
"67","000","00","035","3527","0695","847","486","361","69","916","1579","0","58.01","30.78"
"67","000","00","035","3528","0000","706","405","301","37","743","1462","0","50.82","27.7"
"67","000","00","035","3528","0700","706","405","301","37","743","1462","0","50.82","27.7"
"67","000","00","035","3529","0000","588","385","203","28","616","1044","0","59.0","36.88"
"67","000","00","035","3529","0701","588","385","203","28","616","1044","0","59.0","36.88"
"67","000","00","035","3530","0000","1493","877","616","110","1603","3070","0","52.21","28.57"
"67","000","00","035","3530","0696","907","532","375","71","978","1876","0","52.13","28.36"
"67","000","00","035","3530","0697","586","345","241","39","625","1194","0","52.35","28.89"
"67","000","00","035","3531","0000","672","443","229","35","707","1380","0","51.23","32.1"
"67","000","00","035","3531","0699","672","443","229","35","707","1380","0","51.23","32.1"
"67","000","00","035","3532","0000","597","380","217","31","628","1475","0","42.58","25.76"
"67","000","00","035","3532","0698","597","380","217","31","628","1475","0","42.58","25.76"
"67","000","00","035","3533","0000","732","456","276","62","794","1293","0","61.41","35.27"
"67","000","00","035","3533","0702","348","224","124","47","395","603","0","65.51","37.15"
"67","000","00","035","3533","0703","384","232","152","15","399","690","0","57.83","33.62"
"67","000","00","035","3534","0000","683","403","280","40","723","1447","0","49.97","27.85"
"67","000","00","035","3534","0704","683","403","280","40","723","1447","0","49.97","27.85"
"67","000","00","035","3535","0000","567","358","209","32","599","910","0","65.82","39.34"
"67","000","00","035","3535","0705","567","358","209","32","599","910","0","65.82","39.34"
"67","000","00","035","3536","0000","855","516","339","51","906","1850","0","48.97","27.89"
"67","000","00","035","3536","0706","855","516","339","51","906","1850","0","48.97","27.89"
"67","000","00","035","3537","0000","1091","675","416","60","1151","2143","0","53.71","31.5"
"67","000","00","035","3537","0638","1091","675","416","60","1151","2143","0","53.71","31.5"
"67","000","00","035","3538","0000","1521","928","593","94","1615","2791","0","57.86","33.25"
"67","000","00","035","3538","0636","923","556","367","66","989","1613","0","61.31","34.47"
"67","000","00","035","3538","0637","598","372","226","28","626","1178","0","53.14","31.58"
"67","000","00","035","3539","0000","2335","1421","914","74","2409","4412","0","54.6","32.21"
"67","000","00","035","3539","0641","770","489","281","13","783","1428","0","54.83","34.24"
"67","000","00","035","3539","0642","866","514","352","25","891","1626","0","54.8","31.61"
"67","000","00","035","3539","0643","699","418","281","36","735","1358","0","54.12","30.78"
"67","000","00","035","3540","0000","1741","1124","617","101","1842","3120","0","59.04","36.03"
"67","000","00","035","3540","0680","964","608","356","55","1019","1627","0","62.63","37.37"
"67","000","00","035","3540","0681","777","516","261","46","823","1493","0","55.12","34.56"
"67","000","00","035","3541","0000","2210","1402","808","105","2315","4273","0","54.18","32.81"
"67","000","00","035","3541","0682","748","504","244","42","790","1397","0","56.55","36.08"
"67","000","00","035","3541","0683","720","465","255","36","756","1416","0","53.39","32.84"
"67","000","00","035","3541","0684","742","433","309","27","769","1460","0","52.67","29.66"
"67","000","00","035","3542","0000","1683","1040","643","83","1766","3661","0","48.24","28.41"
"67","000","00","035","3542","0691","814","496","318","37","851","1815","0","46.89","27.33"
"67","000","00","035","3542","0692","869","544","325","46","915","1846","0","49.57","29.47"
"67","000","00","035","3543","0000","2136","1402","734","67","2203","4437","0","49.65","31.6"
"67","000","00","035","3543","0646","1032","669","363","32","1064","2116","0","50.28","31.62"
"67","000","00","035","3543","0647","1104","733","371","35","1139","2321","0","49.07","31.58"
"67","000","00","035","3544","0000","1982","1269","713","68","2050","4044","0","50.69","31.38"
"67","000","00","035","3544","0648","1061","698","363","26","1087","2117","0","51.35","32.97"
"67","000","00","035","3544","0649","921","571","350","42","963","1927","0","49.97","29.63"
"67","000","00","035","3545","0000","2180","1372","808","120","2300","4576","0","50.26","29.98"
"67","000","00","035","3545","0650","1075","654","421","70","1145","2242","0","51.07","29.17"
"67","000","00","035","3545","0651","1105","718","387","50","1155","2334","0","49.49","30.76"
"67","000","00","035","3546","0000","1981","1212","769","84","2065","3809","0","54.21","31.82"
"67","000","00","035","3546","0686","1041","643","398","57","1098","2070","0","53.04","31.06"
"67","000","00","035","3546","0687","940","569","371","27","967","1739","0","55.61","32.72"
"67","000","00","035","3547","0000","1575","1018","557","83","1658","3305","0","50.17","30.8"
"67","000","00","035","3547","0678","813","531","282","40","853","1630","0","52.33","32.58"
"67","000","00","035","3547","0679","762","487","275","43","805","1675","0","48.06","29.07"
"67","000","00","035","3548","0000","750","484","266","35","785","1539","0","51.01","31.45"
"67","000","00","035","3548","0658","750","484","266","35","785","1539","0","51.01","31.45"
"67","000","00","035","3549","0000","980","640","340","36","1016","2222","0","45.72","28.8"
"67","000","00","035","3549","0685","980","640","340","36","1016","2222","0","45.72","28.8"
"67","000","00","035","3550","0000","2868","1812","1056","149","3017","5433","0","55.53","33.35"
"67","000","00","035","3550","0688","881","555","326","59","940","1830","0","51.37","30.33"
"67","000","00","035","3550","0689","1000","653","347","58","1058","1803","0","58.68","36.22"
"67","000","00","035","3550","0690","987","604","383","32","1019","1800","0","56.61","33.56"
"67","000","00","035","3551","0000","1940","1203","737","87","2027","3635","0","55.76","33.09"
"67","000","00","035","3551","0652","962","605","357","31","993","1822","0","54.5","33.21"
"67","000","00","035","3551","0653","978","598","380","56","1034","1813","0","57.03","32.98"
"67","000","00","036","0000","0000","27478","17056","10422","906","28384","55379","66677","51.25","30.8"
"67","000","00","036","3602","0000","935","630","305","57","992","2001","0","49.58","31.48"
"67","000","00","036","3602","1014","935","630","305","57","992","2001","0","49.58","31.48"
"67","000","00","036","3604","0000","202","131","71","9","211","438","0","48.17","29.91"
"67","000","00","036","3604","1007","202","131","71","9","211","438","0","48.17","29.91"
"67","000","00","036","3605","0000","2467","1563","904","68","2535","4954","0","51.17","31.55"
"67","000","00","036","3605","0986","1240","804","436","35","1275","2547","0","50.06","31.57"
"67","000","00","036","3605","0987","1227","759","468","33","1260","2407","0","52.35","31.53"
"67","000","00","036","3606","0000","2065","1228","837","49","2114","4202","0","50.31","29.22"
"67","000","00","036","3606","0988","947","560","387","26","973","2070","0","47.0","27.05"
"67","000","00","036","3606","0989","1118","668","450","23","1141","2132","0","53.52","31.33"
"67","000","00","036","3607","0000","2491","1547","944","83","2574","4810","0","53.51","32.16"
"67","000","00","036","3607","0990","798","509","289","9","807","1450","0","55.66","35.1"
"67","000","00","036","3607","0991","800","488","312","20","820","1605","0","51.09","30.4"
"67","000","00","036","3607","0992","893","550","343","54","947","1755","0","53.96","31.34"
"67","000","00","036","3608","0000","3343","2048","1295","105","3448","7011","0","49.18","29.21"
"67","000","00","036","3608","0993","794","499","295","23","817","1728","0","47.28","28.88"
"67","000","00","036","3608","0994","743","434","309","17","760","1754","0","43.33","24.74"
"67","000","00","036","3608","0995","834","504","330","38","872","1686","0","51.72","29.89"
"67","000","00","036","3608","0996","972","611","361","27","999","1843","0","54.21","33.15"
"67","000","00","036","3609","0000","2641","1643","998","102","2743","4994","0","54.93","32.9"
"67","000","00","036","3609","0983","924","570","354","46","970","1753","0","55.33","32.52"
"67","000","00","036","3609","0984","936","582","354","26","962","1859","0","51.75","31.31"
"67","000","00","036","3609","0985","781","491","290","30","811","1382","0","58.68","35.53"
"67","000","00","036","3610","0000","3449","2085","1364","115","3564","6842","0","52.09","30.47"
"67","000","00","036","3610","1003","900","563","337","31","931","1675","0","55.58","33.61"
"67","000","00","036","3610","1004","989","566","423","39","1028","1979","0","51.95","28.6"
"67","000","00","036","3610","1005","779","479","300","20","799","1602","0","49.88","29.9"
"67","000","00","036","3610","1006","781","477","304","25","806","1586","0","50.82","30.08"
"67","000","00","036","3611","0000","3635","2283","1352","74","3709","7611","0","48.73","30.0"
"67","000","00","036","3611","0999","807","480","327","13","820","1653","0","49.61","29.04"
"67","000","00","036","3611","1000","833","537","296","7","840","1697","0","49.5","31.64"
"67","000","00","036","3611","1001","995","611","384","22","1017","2154","0","47.21","28.37"
"67","000","00","036","3611","1002","1000","655","345","32","1032","2107","0","48.98","31.09"
"67","000","00","036","3612","0000","1564","970","594","39","1603","2853","0","56.19","34.0"
"67","000","00","036","3612","0997","868","520","348","21","889","1565","0","56.81","33.23"
"67","000","00","036","3612","0998","696","450","246","18","714","1288","0","55.43","34.94"
"67","000","00","036","3615","0000","1654","977","677","65","1719","3403","0","50.51","28.71"
"67","000","00","036","3615","1008","872","525","347","28","900","1780","0","50.56","29.49"
"67","000","00","036","3615","1009","782","452","330","37","819","1623","0","50.46","27.85"
"67","000","00","036","3616","0000","1659","1082","577","88","1747","3443","0","50.74","31.43"
"67","000","00","036","3616","1010","1013","664","349","56","1069","2157","0","49.56","30.78"
"67","000","00","036","3616","1011","646","418","228","32","678","1286","0","52.72","32.5"
"67","000","00","036","3617","0000","1373","869","504","52","1425","2817","0","50.59","30.85"
"67","000","00","036","3617","1012","751","470","281","38","789","1492","0","52.88","31.5"
"67","000","00","036","3617","1013","622","399","223","14","636","1325","0","48.0","30.11"
"67","000","00","037","0000","0000","34853","21715","13138","1683","36536","65261","78093","55.98","33.27"
"67","000","00","037","3705","0000","2028","1258","770","116","2144","3854","0","55.63","32.64"
"67","000","00","037","3705","0931","703","414","289","37","740","1332","0","55.56","31.08"
"67","000","00","037","3705","0932","688","424","264","40","728","1246","0","58.43","34.03"
"67","000","00","037","3705","0933","637","420","217","39","676","1276","0","52.98","32.92"
"67","000","00","037","3707","0000","1684","1005","679","59","1743","3047","0","57.2","32.98"
"67","000","00","037","3707","0934","871","516","355","33","904","1583","0","57.11","32.6"
"67","000","00","037","3707","0935","813","489","324","26","839","1464","0","57.31","33.4"
"67","000","00","037","3709","0000","1404","852","552","41","1445","2602","0","55.53","32.74"
"67","000","00","037","3709","0936","640","380","260","15","655","1234","0","53.08","30.79"
"67","000","00","037","3709","0937","764","472","292","26","790","1368","0","57.75","34.5"
"67","000","00","037","3711","0000","1242","770","472","72","1314","2538","0","51.77","30.34"
"67","000","00","037","3711","0938","638","407","231","31","669","1322","0","50.61","30.79"
"67","000","00","037","3711","0939","604","363","241","41","645","1216","0","53.04","29.85"
"67","000","00","037","3716","0000","1356","893","463","61","1417","2526","0","56.1","35.35"
"67","000","00","037","3716","0940","675","433","242","35","710","1289","0","55.08","33.59"
"67","000","00","037","3716","0941","681","460","221","26","707","1237","0","57.15","37.19"
"67","000","00","037","3722","0000","1794","1089","705","123","1917","3455","0","55.48","31.52"
"67","000","00","037","3722","0942","565","334","231","27","592","1189","0","49.79","28.09"
"67","000","00","037","3722","0943","631","382","249","56","687","1201","0","57.2","31.81"
"67","000","00","037","3722","0944","598","373","225","40","638","1065","0","59.91","35.02"
"67","000","00","037","3725","0000","2071","1287","784","68","2139","3505","0","61.03","36.72"
"67","000","00","037","3725","0945","599","400","199","23","622","1055","0","58.96","37.91"
"67","000","00","037","3725","0946","695","398","297","23","718","1170","0","61.37","34.02"
"67","000","00","037","3725","0947","777","489","288","22","799","1280","0","62.42","38.2"
"67","000","00","037","3731","0000","1370","975","395","71","1441","2515","0","57.3","38.77"
"67","000","00","037","3731","0948","665","410","255","31","696","1223","0","56.91","33.52"
"67","000","00","037","3731","0949","705","565","140","40","745","1292","0","57.66","43.73"
"67","000","00","037","3733","0000","3023","1840","1183","114","3137","5398","0","58.11","34.09"
"67","000","00","037","3733","0950","579","348","231","10","589","993","0","59.32","35.05"
"67","000","00","037","3733","0951","822","474","348","40","862","1541","0","55.94","30.76"
"67","000","00","037","3733","0952","951","598","353","45","996","1652","0","60.29","36.2"
"67","000","00","037","3733","0953","671","420","251","19","690","1212","0","56.93","34.65"
"67","000","00","037","3734","0000","2627","1577","1050","114","2741","4876","0","56.21","32.34"
"67","000","00","037","3734","0954","876","548","328","51","927","1621","0","57.19","33.81"
"67","000","00","037","3734","0955","920","532","388","25","945","1660","0","56.93","32.05"
"67","000","00","037","3734","0956","831","497","334","38","869","1595","0","54.48","31.16"
"67","000","00","037","3739","0000","1944","1249","695","84","2028","3557","0","57.01","35.11"
"67","000","00","037","3739","0957","741","460","281","29","770","1436","0","53.62","32.03"
"67","000","00","037","3739","0958","691","444","247","37","728","1265","0","57.55","35.1"
"67","000","00","037","3739","0959","512","345","167","18","530","856","0","61.92","40.3"
"67","000","00","037","3740","0000","1830","1145","685","93","1923","3297","0","58.33","34.73"
"67","000","00","037","3740","0960","596","371","225","30","626","1168","0","53.6","31.76"
"67","000","00","037","3740","0961","638","381","257","32","670","1134","0","59.08","33.6"
"67","000","00","037","3740","0962","596","393","203","31","627","995","0","63.02","39.5"
"67","000","00","037","3741","0000","1506","945","561","68","1574","2578","0","61.06","36.66"
"67","000","00","037","3741","0963","790","514","276","26","816","1313","0","62.15","39.15"
"67","000","00","037","3741","0964","716","431","285","42","758","1265","0","59.92","34.07"
"67","000","00","037","3742","0000","1647","967","680","75","1722","3150","0","54.67","30.7"
"67","000","00","037","3742","0965","628","375","253","23","651","1215","0","53.58","30.86"
"67","000","00","037","3742","0966","657","400","257","33","690","1248","0","55.29","32.05"
"67","000","00","037","3742","0967","362","192","170","19","381","687","0","55.46","27.95"
"67","000","00","037","3743","0000","1128","697","431","80","1208","2110","0","57.25","33.03"
"67","000","00","037","3743","0968","592","373","219","49","641","1139","0","56.28","32.75"
"67","000","00","037","3743","0969","536","324","212","31","567","971","0","58.39","33.37"
"67","000","00","037","3744","0000","1934","1199","735","108","2042","3978","0","51.33","30.14"
"67","000","00","037","3744","0970","520","333","187","33","553","1254","0","44.1","26.56"
"67","000","00","037","3744","0971","548","351","197","32","580","979","0","59.24","35.85"
"67","000","00","037","3744","0972","866","515","351","43","909","1745","0","52.09","29.51"
"67","000","00","037","3745","0000","1262","801","461","58","1320","2510","0","52.59","31.91"
"67","000","00","037","3745","0973","566","356","210","26","592","1074","0","55.12","33.15"
"67","000","00","037","3745","0974","696","445","251","32","728","1436","0","50.7","30.99"
"67","000","00","037","3746","0000","1073","668","405","66","1139","2029","0","56.14","32.92"
"67","000","00","037","3746","0975","467","276","191","34","501","865","0","57.92","31.91"
"67","000","00","037","3746","0976","606","392","214","32","638","1164","0","54.81","33.68"
"67","000","00","037","3747","0000","1956","1254","702","104","2060","4067","0","50.65","30.83"
"67","000","00","037","3747","0977","628","395","233","30","658","1285","0","51.21","30.74"
"67","000","00","037","3747","0978","560","366","194","33","593","1078","0","55.01","33.95"
"67","000","00","037","3747","0979","768","493","275","41","809","1704","0","47.48","28.93"
"67","000","00","037","3748","0000","1974","1244","730","108","2082","3669","0","56.75","33.91"
"67","000","00","037","3748","0980","710","467","243","49","759","1296","0","58.56","36.03"
"67","000","00","037","3748","0981","600","363","237","35","635","1128","0","56.29","32.18"
"67","000","00","037","3748","0982","664","414","250","24","688","1245","0","55.26","33.25"
"64","000","00","000","0000","0000","1348660","857170","491490","58799","1407459","2353342","2772624","59.81","36.42"
"64","000","00","001","0000","0000","12488","8007","4481","430","12918","21617","24098","59.76","37.04"
"64","000","00","001","0101","0000","793","497","296","48","841","1304","0","64.49","38.11"
"64","000","00","001","0101","0845","793","497","296","48","841","1304","0","64.49","38.11"
"64","000","00","001","0102","0000","220","150","70","10","230","357","0","64.43","42.02"
"64","000","00","001","0102","0846","220","150","70","10","230","357","0","64.43","42.02"
"64","000","00","001","0103","0000","398","250","148","13","411","651","0","63.13","38.4"
"64","000","00","001","0103","0847","398","250","148","13","411","651","0","63.13","38.4"
"64","000","00","001","0104","0000","688","461","227","23","711","1322","0","53.78","34.87"
"64","000","00","001","0104","0848","688","461","227","23","711","1322","0","53.78","34.87"
"64","000","00","001","0105","0000","632","596","36","23","655","1056","0","62.03","56.44"
"64","000","00","001","0105","0849","632","596","36","23","655","1056","0","62.03","56.44"
"64","000","00","001","0106","0000","1228","776","452","33","1261","2034","0","62.0","38.15"
"64","000","00","001","0106","0850","572","353","219","11","583","904","0","64.49","39.05"
"64","000","00","001","0106","0851","656","423","233","22","678","1130","0","60.0","37.43"
"64","000","00","001","0107","0000","522","354","168","16","538","840","0","64.05","42.14"
"64","000","00","001","0107","0852","522","354","168","16","538","840","0","64.05","42.14"
"64","000","00","001","0108","0000","422","259","163","18","440","616","0","71.43","42.05"
"64","000","00","001","0108","0853","422","259","163","18","440","616","0","71.43","42.05"
"64","000","00","001","0109","0000","728","454","274","29","757","1397","0","54.19","32.5"
"64","000","00","001","0109","0854","728","454","274","29","757","1397","0","54.19","32.5"
"64","000","00","001","0110","0000","460","279","181","7","467","766","0","60.97","36.42"
"64","000","00","001","0110","0855","460","279","181","7","467","766","0","60.97","36.42"
"64","000","00","001","0111","0000","991","599","392","45","1036","1644","0","63.02","36.44"
"64","000","00","001","0111","0856","485","291","194","32","517","839","0","61.62","34.68"
"64","000","00","001","0111","0857","506","308","198","13","519","805","0","64.47","38.26"
"64","000","00","001","0112","0000","419","258","161","11","430","750","0","57.33","34.4"
"64","000","00","001","0112","0858","419","258","161","11","430","750","0","57.33","34.4"
"64","000","00","001","0113","0000","569","335","234","19","588","986","0","59.63","33.98"
"64","000","00","001","0113","0859","569","335","234","19","588","986","0","59.63","33.98"
"64","000","00","001","0114","0000","597","373","224","10","607","1068","0","56.84","34.93"
"64","000","00","001","0114","0860","597","373","224","10","607","1068","0","56.84","34.93"
"64","000","00","001","0115","0000","614","369","245","23","637","1060","0","60.09","34.81"
"64","000","00","001","0115","0861","614","369","245","23","637","1060","0","60.09","34.81"
"64","000","00","001","0116","0000","442","292","150","22","464","805","0","57.64","36.27"
"64","000","00","001","0116","0862","442","292","150","22","464","805","0","57.64","36.27"
"64","000","00","001","0117","0000","1055","644","411","33","1088","1994","0","54.56","32.3"
"64","000","00","001","0117","0863","575","357","218","14","589","1073","0","54.89","33.27"
"64","000","00","001","0117","0864","480","287","193","19","499","921","0","54.18","31.16"
"64","000","00","001","0118","0000","662","436","226","15","677","1171","0","57.81","37.23"
"64","000","00","001","0118","0865","662","436","226","15","677","1171","0","57.81","37.23"
"64","000","00","001","0119","0000","354","201","153","5","359","594","0","60.44","33.84"
"64","000","00","001","0119","0866","354","201","153","5","359","594","0","60.44","33.84"
"64","000","00","001","0120","0000","363","231","132","17","380","592","0","64.19","39.02"
"64","000","00","001","0120","0867","363","231","132","17","380","592","0","64.19","39.02"
"64","000","00","001","0121","0000","331","193","138","10","341","610","0","55.9","31.64"
"64","000","00","001","0121","0868","331","193","138","10","341","610","0","55.9","31.64"
"64","000","00","002","0000","0000","67160","42789","24371","2404","69564","114979","139894","60.5","37.21"
"64","000","00","002","0201","0000","1161","766","395","50","1211","1959","0","61.82","39.1"
"64","000","00","002","0201","0768","526","344","182","15","541","959","0","56.41","35.87"
"64","000","00","002","0201","0769","635","422","213","35","670","1000","0","67.0","42.2"
"64","000","00","002","0202","0000","1222","841","381","54","1276","1995","0","63.96","42.16"
"64","000","00","002","0202","0770","547","373","174","16","563","910","0","61.87","40.99"
"64","000","00","002","0202","0771","675","468","207","38","713","1085","0","65.71","43.13"
"64","000","00","002","0203","0000","2389","1573","816","83","2472","4147","0","59.61","37.93"
"64","000","00","002","0203","0772","731","480","251","27","758","1484","0","51.08","32.35"
"64","000","00","002","0203","0773","838","561","277","20","858","1393","0","61.59","40.27"
"64","000","00","002","0203","0774","820","532","288","36","856","1270","0","67.4","41.89"
"64","000","00","002","0204","0000","2031","1313","718","92","2123","3402","0","62.4","38.59"
"64","000","00","002","0204","0775","613","393","220","31","644","1055","0","61.04","37.25"
"64","000","00","002","0204","0776","679","433","246","27","706","1172","0","60.24","36.95"
"64","000","00","002","0204","0777","739","487","252","34","773","1175","0","65.79","41.45"
"64","000","00","002","0205","0000","770","518","252","34","804","1274","0","63.11","40.66"
"64","000","00","002","0205","0778","770","518","252","34","804","1274","0","63.11","40.66"
"64","000","00","002","0206","0000","570","372","198","18","588","1085","0","54.19","34.29"
"64","000","00","002","0206","0779","570","372","198","18","588","1085","0","54.19","34.29"
"64","000","00","002","0207","0000","1457","893","564","58","1515","2444","0","61.99","36.54"
"64","000","00","002","0207","0780","823","512","311","38","861","1470","0","58.57","34.83"
"64","000","00","002","0207","0781","634","381","253","20","654","974","0","67.15","39.12"
"64","000","00","002","0208","0000","2202","1389","813","110","2312","3719","0","62.17","37.35"
"64","000","00","002","0208","0782","754","458","296","46","800","1275","0","62.75","35.92"
"64","000","00","002","0208","0783","702","428","274","38","740","1206","0","61.36","35.49"
"64","000","00","002","0208","0784","746","503","243","26","772","1238","0","62.36","40.63"
"64","000","00","002","0209","0000","491","351","140","10","501","721","0","69.49","48.68"
"64","000","00","002","0209","0785","491","351","140","10","501","721","0","69.49","48.68"
"64","000","00","002","0210","0000","684","432","252","25","709","1220","0","58.11","35.41"
"64","000","00","002","0210","0786","684","432","252","25","709","1220","0","58.11","35.41"
"64","000","00","002","0211","0000","1005","623","382","37","1042","1966","0","53.0","31.69"
"64","000","00","002","0211","0787","1005","623","382","37","1042","1966","0","53.0","31.69"
"64","000","00","002","0212","0000","1887","1215","672","85","1972","3442","0","57.29","35.3"
"64","000","00","002","0212","0788","944","625","319","51","995","1722","0","57.78","36.3"
"64","000","00","002","0212","0789","943","590","353","34","977","1720","0","56.8","34.3"
"64","000","00","002","0213","0000","1405","907","498","67","1472","2656","0","55.42","34.15"
"64","000","00","002","0213","0790","782","507","275","54","836","1287","0","64.96","39.39"
"64","000","00","002","0213","0791","623","400","223","13","636","1369","0","46.46","29.22"
"64","000","00","002","0214","0000","1781","1141","640","58","1839","2992","0","61.46","38.14"
"64","000","00","002","0214","0792","770","512","258","21","791","1222","0","64.73","41.9"
"64","000","00","002","0214","0793","1011","629","382","37","1048","1770","0","59.21","35.54"
"64","000","00","002","0215","0000","8784","5550","3234","259","9043","14867","0","60.83","37.33"
"64","000","00","002","0215","0794","1088","695","393","21","1109","1860","0","59.62","37.37"
"64","000","00","002","0215","0795","1052","657","395","33","1085","1857","0","58.43","35.38"
"64","000","00","002","0215","0796","1077","684","393","30","1107","1841","0","60.13","37.15"
"64","000","00","002","0215","0797","1088","679","409","32","1120","1830","0","61.2","37.1"
"64","000","00","002","0215","0798","1048","678","370","42","1090","1809","0","60.25","37.48"
"64","000","00","002","0215","0799","1135","725","410","39","1174","1894","0","61.99","38.28"
"64","000","00","002","0215","0800","1126","702","424","24","1150","1882","0","61.11","37.3"
"64","000","00","002","0215","0801","1170","730","440","38","1208","1894","0","63.78","38.54"
"64","000","00","002","0216","0000","12687","7923","4764","319","13006","20876","0","62.3","37.95"
"64","000","00","002","0216","0802","976","648","328","37","1013","1745","0","58.05","37.13"
"64","000","00","002","0216","0803","1061","642","419","15","1076","1887","0","57.02","34.02"
"64","000","00","002","0216","0804","1209","764","445","29","1238","1891","0","65.47","40.4"
"64","000","00","002","0216","0805","1138","740","398","27","1165","1903","0","61.22","38.89"
"64","000","00","002","0216","0806","1191","738","453","33","1224","1998","0","61.26","36.94"
"64","000","00","002","0216","0807","1143","706","437","33","1176","1912","0","61.51","36.92"
"64","000","00","002","0216","0808","1161","737","424","46","1207","1923","0","62.77","38.33"
"64","000","00","002","0216","0809","1167","705","462","20","1187","1888","0","62.87","37.34"
"64","000","00","002","0216","0810","1153","717","436","17","1170","1873","0","62.47","38.28"
"64","000","00","002","0216","0811","1289","772","517","22","1311","1959","0","66.92","39.41"
"64","000","00","002","0216","0812","1199","754","445","40","1239","1897","0","65.31","39.75"
"64","000","00","002","0217","0000","9587","6077","3510","235","9822","16100","0","61.01","37.75"
"64","000","00","002","0217","0813","1427","920","507","26","1453","2362","0","61.52","38.95"
"64","000","00","002","0217","0814","1134","729","405","26","1160","1850","0","62.7","39.41"
"64","000","00","002","0217","0815","1180","741","439","29","1209","1928","0","62.71","38.43"
"64","000","00","002","0217","0816","1084","674","410","23","1107","1937","0","57.15","34.8"
"64","000","00","002","0217","0817","1229","812","417","43","1272","2123","0","59.92","38.25"
"64","000","00","002","0217","0818","1141","717","424","30","1171","1861","0","62.92","38.53"
"64","000","00","002","0217","0819","1116","703","413","23","1139","1892","0","60.2","37.16"
"64","000","00","002","0217","0820","1276","781","495","35","1311","2147","0","61.06","36.38"
"64","000","00","002","0218","0000","2358","1484","874","64","2422","3938","0","61.5","37.68"
"64","000","00","002","0218","0821","1160","747","413","29","1189","1897","0","62.68","39.38"
"64","000","00","002","0218","0822","1198","737","461","35","1233","2041","0","60.41","36.11"
"64","000","00","002","0219","0000","1852","1174","678","84","1936","3176","0","60.96","36.96"
"64","000","00","002","0219","0823","748","473","275","46","794","1309","0","60.66","36.13"
"64","000","00","002","0219","0824","1104","701","403","38","1142","1867","0","61.17","37.55"
"64","000","00","002","0220","0000","1642","1066","576","54","1696","2556","0","66.35","41.71"
"64","000","00","002","0220","0825","761","485","276","23","784","1152","0","68.06","42.1"
"64","000","00","002","0220","0826","881","581","300","31","912","1404","0","64.96","41.38"
"64","000","00","002","0221","0000","572","345","227","17","589","1210","0","48.68","28.51"
"64","000","00","002","0221","0827","572","345","227","17","589","1210","0","48.68","28.51"
"64","000","00","002","0222","0000","675","425","250","35","710","1135","0","62.56","37.44"
"64","000","00","002","0222","0828","675","425","250","35","710","1135","0","62.56","37.44"
"64","000","00","002","0223","0000","639","419","220","44","683","1831","0","37.3","22.88"
"64","000","00","002","0223","0829","639","419","220","44","683","1831","0","37.3","22.88"
"64","000","00","002","0224","0000","737","486","251","41","778","1288","0","60.4","37.73"
"64","000","00","002","0224","0830","737","486","251","41","778","1288","0","60.4","37.73"
"64","000","00","002","0225","0000","684","452","232","31","715","1241","0","57.61","36.42"
"64","000","00","002","0225","0831","684","452","232","31","715","1241","0","57.61","36.42"
"64","000","00","002","0226","0000","798","502","296","28","826","1342","0","61.55","37.41"
"64","000","00","002","0226","0832","798","502","296","28","826","1342","0","61.55","37.41"
"64","000","00","002","0227","0000","827","524","303","74","901","1422","0","63.36","36.85"
"64","000","00","002","0227","0833","827","524","303","74","901","1422","0","63.36","36.85"
"64","000","00","002","0228","0000","866","544","322","62","928","1453","0","63.87","37.44"
"64","000","00","002","0228","0834","866","544","322","62","928","1453","0","63.87","37.44"
"64","000","00","002","0229","0000","385","266","119","20","405","616","0","65.75","43.18"
"64","000","00","002","0229","0835","385","266","119","20","405","616","0","65.75","43.18"
"64","000","00","002","0230","0000","480","311","169","36","516","834","0","61.87","37.29"
"64","000","00","002","0230","0836","480","311","169","36","516","834","0","61.87","37.29"
"64","000","00","002","0231","0000","555","352","203","25","580","969","0","59.86","36.33"
"64","000","00","002","0231","0837","555","352","203","25","580","969","0","59.86","36.33"
"64","000","00","002","0232","0000","576","384","192","28","604","978","0","61.76","39.26"
"64","000","00","002","0232","0838","576","384","192","28","604","978","0","61.76","39.26"
"64","000","00","002","0233","0000","471","295","176","36","507","760","0","66.71","38.82"
"64","000","00","002","0233","0839","471","295","176","36","507","760","0","66.71","38.82"
"64","000","00","002","0234","0000","715","462","253","41","756","1248","0","60.58","37.02"
"64","000","00","002","0234","0840","715","462","253","41","756","1248","0","60.58","37.02"
"64","000","00","002","0235","0000","632","403","229","23","655","1143","0","57.31","35.26"
"64","000","00","002","0235","0841","632","403","229","23","655","1143","0","57.31","35.26"
"64","000","00","002","0236","0000","703","461","242","37","740","1358","0","54.49","33.95"
"64","000","00","002","0236","0842","703","461","242","37","740","1358","0","54.49","33.95"
"64","000","00","002","0237","0000","542","339","203","20","562","1036","0","54.25","32.72"
"64","000","00","002","0237","0843","542","339","203","20","562","1036","0","54.25","32.72"
"64","000","00","002","0238","0000","338","211","127","10","348","580","0","60.0","36.38"
"64","000","00","002","0238","0844","338","211","127","10","348","580","0","60.0","36.38"
"64","000","00","003","0000","0000","96096","62982","33114","3192","99288","161367","196749","61.53","39.03"
"64","000","00","003","0301","0000","880","570","310","35","915","2604","0","35.14","21.89"
"64","000","00","003","0301","0534","880","570","310","35","915","2604","0","35.14","21.89"
"64","000","00","003","0302","0000","603","397","206","45","648","1037","0","62.49","38.28"
"64","000","00","003","0302","0535","603","397","206","45","648","1037","0","62.49","38.28"
"64","000","00","003","0303","0000","332","221","111","29","361","542","0","66.61","40.77"
"64","000","00","003","0303","0536","332","221","111","29","361","542","0","66.61","40.77"
"64","000","00","003","0304","0000","366","227","139","33","399","635","0","62.83","35.75"
"64","000","00","003","0304","0537","366","227","139","33","399","635","0","62.83","35.75"
"64","000","00","003","0305","0000","272","184","88","8","280","518","0","54.05","35.52"
"64","000","00","003","0305","0538","272","184","88","8","280","518","0","54.05","35.52"
"64","000","00","003","0306","0000","467","312","155","37","504","813","0","61.99","38.38"
"64","000","00","003","0306","0539","467","312","155","37","504","813","0","61.99","38.38"
"64","000","00","003","0307","0000","492","315","177","59","551","889","0","61.98","35.43"
"64","000","00","003","0307","0540","492","315","177","59","551","889","0","61.98","35.43"
"64","000","00","003","0308","0000","425","256","169","46","471","731","0","64.43","35.02"
"64","000","00","003","0308","0541","425","256","169","46","471","731","0","64.43","35.02"
"64","000","00","003","0309","0000","1847","1192","655","70","1917","3301","0","58.07","36.11"
"64","000","00","003","0309","0542","831","545","286","38","869","1592","0","54.59","34.23"
"64","000","00","003","0309","0543","1016","647","369","32","1048","1709","0","61.32","37.86"
"64","000","00","003","0311","0000","866","591","275","46","912","1588","0","57.43","37.22"
"64","000","00","003","0311","0544","866","591","275","46","912","1588","0","57.43","37.22"
"64","000","00","003","0312","0000","200","156","44","10","210","358","0","58.66","43.58"
"64","000","00","003","0312","0545","200","156","44","10","210","358","0","58.66","43.58"
"64","000","00","003","0313","0000","444","311","133","13","457","666","0","68.62","46.7"
"64","000","00","003","0313","0546","444","311","133","13","457","666","0","68.62","46.7"
"64","000","00","003","0315","0000","1005","686","319","33","1038","1748","0","59.38","39.24"
"64","000","00","003","0315","0547","1005","686","319","33","1038","1748","0","59.38","39.24"
"64","000","00","003","0316","0000","1497","991","506","74","1571","2436","0","64.49","40.68"
"64","000","00","003","0316","0548","730","500","230","37","767","1196","0","64.13","41.81"
"64","000","00","003","0316","0549","767","491","276","37","804","1240","0","64.84","39.6"
"64","000","00","003","0317","0000","1562","1212","350","49","1611","2575","0","62.56","47.07"
"64","000","00","003","0317","0550","851","658","193","28","879","1402","0","62.7","46.93"
"64","000","00","003","0317","0551","711","554","157","21","732","1173","0","62.4","47.23"
"64","000","00","003","0319","0000","449","330","119","13","462","641","0","72.07","51.48"
"64","000","00","003","0319","0552","449","330","119","13","462","641","0","72.07","51.48"
"64","000","00","003","0321","0000","558","326","232","33","591","951","0","62.15","34.28"
"64","000","00","003","0321","0553","558","326","232","33","591","951","0","62.15","34.28"
"64","000","00","003","0322","0000","416","249","167","27","443","732","0","60.52","34.02"
"64","000","00","003","0322","0554","416","249","167","27","443","732","0","60.52","34.02"
"64","000","00","003","0323","0000","185","124","61","12","197","339","0","58.11","36.58"
"64","000","00","003","0323","0555","185","124","61","12","197","339","0","58.11","36.58"
"64","000","00","003","0324","0000","318","212","106","10","328","519","0","63.2","40.85"
"64","000","00","003","0324","0556","318","212","106","10","328","519","0","63.2","40.85"
"64","000","00","003","0325","0000","312","188","124","30","342","514","0","66.54","36.58"
"64","000","00","003","0325","0557","312","188","124","30","342","514","0","66.54","36.58"
"64","000","00","003","0326","0000","426","282","144","41","467","720","0","64.86","39.17"
"64","000","00","003","0326","0558","426","282","144","41","467","720","0","64.86","39.17"
"64","000","00","003","0327","0000","251","171","80","18","269","411","0","65.45","41.61"
"64","000","00","003","0327","0559","251","171","80","18","269","411","0","65.45","41.61"
"64","000","00","003","0328","0000","376","244","132","26","402","603","0","66.67","40.46"
"64","000","00","003","0328","0560","376","244","132","26","402","603","0","66.67","40.46"
"64","000","00","003","0329","0000","493","300","193","42","535","904","0","59.18","33.19"
"64","000","00","003","0329","0561","493","300","193","42","535","904","0","59.18","33.19"
"64","000","00","003","0330","0000","709","485","224","23","732","1318","0","55.54","36.8"
"64","000","00","003","0330","0562","709","485","224","23","732","1318","0","55.54","36.8"
"64","000","00","003","0331","0000","525","347","178","22","547","966","0","56.63","35.92"
"64","000","00","003","0331","0563","525","347","178","22","547","966","0","56.63","35.92"
"64","000","00","003","0332","0000","3367","2429","938","109","3476","5792","0","60.01","41.94"
"64","000","00","003","0332","0564","834","576","258","21","855","1440","0","59.38","40.0"
"64","000","00","003","0332","0565","1079","751","328","31","1110","1990","0","55.78","37.74"
"64","000","00","003","0332","0566","686","508","178","24","710","1090","0","65.14","46.61"
"64","000","00","003","0332","0567","768","594","174","33","801","1272","0","62.97","46.7"
"64","000","00","003","0334","0000","1934","1230","704","41","1975","3059","0","64.56","40.21"
"64","000","00","003","0334","0568","989","631","358","17","1006","1558","0","64.57","40.5"
"64","000","00","003","0334","0569","945","599","346","24","969","1501","0","64.56","39.91"
"64","000","00","003","0335","0000","243","152","91","7","250","360","0","69.44","42.22"
"64","000","00","003","0335","0570","243","152","91","7","250","360","0","69.44","42.22"
"64","000","00","003","0336","0000","1549","1147","402","65","1614","2694","0","59.91","42.58"
"64","000","00","003","0336","0571","758","588","170","38","796","1335","0","59.63","44.04"
"64","000","00","003","0336","0572","791","559","232","27","818","1359","0","60.19","41.13"
"64","000","00","003","0337","0000","914","622","292","34","948","1487","0","63.75","41.83"
"64","000","00","003","0337","0573","914","622","292","34","948","1487","0","63.75","41.83"
"64","000","00","003","0338","0000","900","756","144","39","939","1637","0","57.36","46.18"
"64","000","00","003","0338","0574","900","756","144","39","939","1637","0","57.36","46.18"
"64","000","00","003","0339","0000","7968","5073","2895","293","8261","13089","0","63.11","38.76"
"64","000","00","003","0339","0575","962","612","350","29","991","1553","0","63.81","39.41"
"64","000","00","003","0339","0576","978","603","375","39","1017","1564","0","65.03","38.55"
"64","000","00","003","0339","0577","1131","738","393","39","1170","1788","0","65.44","41.28"
"64","000","00","003","0339","0578","1195","761","434","56","1251","2028","0","61.69","37.52"
"64","000","00","003","0339","0579","1205","729","476","50","1255","2037","0","61.61","35.79"
"64","000","00","003","0339","0580","1270","821","449","36","1306","2101","0","62.16","39.08"
"64","000","00","003","0339","0581","1227","809","418","44","1271","2018","0","62.98","40.09"
"64","000","00","003","0340","0000","15032","9427","5605","437","15469","25058","0","61.73","37.62"
"64","000","00","003","0340","0582","1229","782","447","41","1270","1925","0","65.97","40.62"
"64","000","00","003","0340","0583","1138","712","426","38","1176","1989","0","59.13","35.8"
"64","000","00","003","0340","0584","955","601","354","29","984","1780","0","55.28","33.76"
"64","000","00","003","0340","0585","1088","680","408","23","1111","1778","0","62.49","38.25"
"64","000","00","003","0340","0586","896","580","316","29","925","1496","0","61.83","38.77"
"64","000","00","003","0340","0587","947","588","359","25","972","1538","0","63.2","38.23"
"64","000","00","003","0340","0588","1240","788","452","33","1273","2058","0","61.86","38.29"
"64","000","00","003","0340","0589","1200","749","451","33","1233","1992","0","61.9","37.6"
"64","000","00","003","0340","0590","1242","755","487","42","1284","2058","0","62.39","36.69"
"64","000","00","003","0340","0591","1246","774","472","34","1280","2090","0","61.24","37.03"
"64","000","00","003","0340","0592","1285","817","468","34","1319","2157","0","61.15","37.88"
"64","000","00","003","0340","0593","1284","794","490","33","1317","2096","0","62.83","37.88"
"64","000","00","003","0340","0594","1282","807","475","43","1325","2101","0","63.07","38.41"
"64","000","00","003","0341","0000","2873","1770","1103","128","3001","4843","0","61.97","36.55"
"64","000","00","003","0341","0595","961","602","359","45","1006","1649","0","61.01","36.51"
"64","000","00","003","0341","0596","878","583","295","41","919","1516","0","60.62","38.46"
"64","000","00","003","0341","0597","1034","585","449","42","1076","1678","0","64.12","34.86"
"64","000","00","003","0342","0000","7845","5211","2634","213","8058","13054","0","61.73","39.92"
"64","000","00","003","0342","0598","1144","742","402","30","1174","1898","0","61.85","39.09"
"64","000","00","003","0342","0599","1121","804","317","30","1151","1837","0","62.66","43.77"
"64","000","00","003","0342","0600","1076","724","352","30","1106","1922","0","57.54","37.67"
"64","000","00","003","0342","0601","1097","727","370","38","1135","1785","0","63.59","40.73"
"64","000","00","003","0342","0602","1114","719","395","22","1136","1886","0","60.23","38.12"
"64","000","00","003","0342","0603","1155","742","413","32","1187","1895","0","62.64","39.16"
"64","000","00","003","0342","0604","1138","753","385","31","1169","1831","0","63.84","41.13"
"64","000","00","003","0343","0000","16901","10789","6112","437","17338","27814","0","62.34","38.79"
"64","000","00","003","0343","0605","1205","805","400","34","1239","2050","0","60.44","39.27"
"64","000","00","003","0343","0606","1461","899","562","31","1492","2251","0","66.28","39.94"
"64","000","00","003","0343","0607","1357","825","532","39","1396","2126","0","65.66","38.81"
"64","000","00","003","0343","0608","1118","704","414","19","1137","1928","0","58.97","36.51"
"64","000","00","003","0343","0609","1261","787","474","27","1288","2166","0","59.46","36.33"
"64","000","00","003","0343","0610","1176","780","396","34","1210","2031","0","59.58","38.4"
"64","000","00","003","0343","0611","1211","783","428","24","1235","1987","0","62.15","39.41"
"64","000","00","003","0343","0612","1352","895","457","37","1389","2166","0","64.13","41.32"
"64","000","00","003","0343","0613","1122","709","413","40","1162","1856","0","62.61","38.2"
"64","000","00","003","0343","0614","1412","871","541","28","1440","2289","0","62.91","38.05"
"64","000","00","003","0343","0615","1179","788","391","36","1215","1973","0","61.58","39.94"
"64","000","00","003","0343","0616","1084","696","388","44","1128","1818","0","62.05","38.28"
"64","000","00","003","0343","0617","923","565","358","20","943","1565","0","60.26","36.1"
"64","000","00","003","0343","0618","1040","682","358","24","1064","1608","0","66.17","42.41"
"64","000","00","003","0344","0000","20294","13497","6797","505","20799","33421","0","62.23","40.38"
"64","000","00","003","0344","0619","1147","719","428","36","1183","1812","0","65.29","39.68"
"64","000","00","003","0344","0620","1056","692","364","16","1072","1821","0","58.87","38.0"
"64","000","00","003","0344","0621","1135","729","406","41","1176","1907","0","61.67","38.23"
"64","000","00","003","0344","0622","1165","891","274","30","1195","1812","0","65.95","49.17"
"64","000","00","003","0344","0623","1151","940","211","26","1177","1833","0","64.21","51.28"
"64","000","00","003","0344","0624","1118","678","440","35","1153","1850","0","62.32","36.65"
"64","000","00","003","0344","0625","1009","658","351","29","1038","1738","0","59.72","37.86"
"64","000","00","003","0344","0626","1193","771","422","33","1226","1864","0","65.77","41.36"
"64","000","00","003","0344","0627","1170","744","426","27","1197","1887","0","63.43","39.43"
"64","000","00","003","0344","0628","1051","694","357","25","1076","1870","0","57.54","37.11"
"64","000","00","003","0344","0629","1116","738","378","20","1136","1866","0","60.88","39.55"
"64","000","00","003","0344","0630","1104","707","397","16","1120","1862","0","60.15","37.97"
"64","000","00","003","0344","0631","1117","730","387","24","1141","1816","0","62.83","40.2"
"64","000","00","003","0344","0632","1136","766","370","30","1166","1833","0","63.61","41.79"
"64","000","00","003","0344","0633","1033","665","368","31","1064","1676","0","63.48","39.68"
"64","000","00","003","0344","0634","1107","722","385","34","1141","1843","0","61.91","39.18"
"64","000","00","003","0344","0635","1162","761","401","21","1183","1872","0","63.19","40.65"
"64","000","00","003","0344","0636","1324","892","432","31","1355","2259","0","59.98","39.49"
"64","000","00","004","0000","0000","87728","55883","31845","3809","91537","153132","185318","59.78","36.49"
"64","000","00","004","0401","0000","11555","7348","4207","337","11892","20704","0","57.44","35.49"
"64","000","00","004","0401","0435","814","534","280","25","839","1309","0","64.09","40.79"
"64","000","00","004","0401","0436","848","533","315","26","874","1408","0","62.07","37.86"
"64","000","00","004","0401","0437","1077","698","379","47","1124","1851","0","60.72","37.71"
"64","000","00","004","0401","0438","949","600","349","34","983","1578","0","62.29","38.02"
"64","000","00","004","0401","0439","938","587","351","22","960","1715","0","55.98","34.23"
"64","000","00","004","0401","0440","898","597","301","13","911","1611","0","56.55","37.06"
"64","000","00","004","0401","0441","1085","711","374","29","1114","2024","0","55.04","35.13"
"64","000","00","004","0401","0442","1003","626","377","21","1024","1890","0","54.18","33.12"
"64","000","00","004","0401","0443","907","558","349","23","930","1762","0","52.78","31.67"
"64","000","00","004","0401","0444","1014","630","384","34","1048","1888","0","55.51","33.37"
"64","000","00","004","0401","0445","1001","628","373","39","1040","1822","0","57.08","34.47"
"64","000","00","004","0401","0446","1021","646","375","24","1045","1846","0","56.61","34.99"
"64","000","00","004","0402","0000","2409","1516","893","92","2501","3940","0","63.48","38.48"
"64","000","00","004","0402","0447","756","472","284","42","798","1268","0","62.93","37.22"
"64","000","00","004","0402","0448","784","496","288","26","810","1240","0","65.32","40.0"
"64","000","00","004","0402","0449","869","548","321","24","893","1432","0","62.36","38.27"
"64","000","00","004","0403","0000","3418","2129","1289","142","3560","5991","0","59.42","35.54"
"64","000","00","004","0403","0450","876","512","364","30","906","1490","0","60.81","34.36"
"64","000","00","004","0403","0451","895","575","320","33","928","1464","0","63.39","39.28"
"64","000","00","004","0403","0452","780","486","294","41","821","1435","0","57.21","33.87"
"64","000","00","004","0403","0453","867","556","311","38","905","1602","0","56.49","34.71"
"64","000","00","004","0404","0000","1760","1104","656","102","1862","3091","0","60.24","35.72"
"64","000","00","004","0404","0454","840","539","301","30","870","1500","0","58.0","35.93"
"64","000","00","004","0404","0455","920","565","355","72","992","1591","0","62.35","35.51"
"64","000","00","004","0405","0000","1724","1057","667","107","1831","3197","0","57.27","33.06"
"64","000","00","004","0405","0458","849","495","354","52","901","1559","0","57.79","31.75"
"64","000","00","004","0405","0459","875","562","313","55","930","1638","0","56.78","34.31"
"64","000","00","004","0406","0000","1521","913","608","54","1575","3138","0","50.19","29.09"
"64","000","00","004","0406","0456","641","361","280","25","666","1669","0","39.9","21.63"
"64","000","00","004","0406","0457","880","552","328","29","909","1469","0","61.88","37.58"
"64","000","00","004","0407","0000","2252","1416","836","109","2361","3872","0","60.98","36.57"
"64","000","00","004","0407","0460","1153","754","399","51","1204","1960","0","61.43","38.47"
"64","000","00","004","0407","0461","1099","662","437","58","1157","1912","0","60.51","34.62"
"64","000","00","004","0408","0000","2585","1580","1005","76","2661","4678","0","56.88","33.78"
"64","000","00","004","0408","0462","890","565","325","23","913","1559","0","58.56","36.24"
"64","000","00","004","0408","0463","775","465","310","31","806","1423","0","56.64","32.68"
"64","000","00","004","0408","0464","920","550","370","22","942","1696","0","55.54","32.43"
"64","000","00","004","0409","0000","1698","1076","622","120","1818","3020","0","60.2","35.63"
"64","000","00","004","0409","0465","821","524","297","68","889","1493","0","59.54","35.1"
"64","000","00","004","0409","0466","877","552","325","52","929","1527","0","60.84","36.15"
"64","000","00","004","0410","0000","1297","786","511","88","1385","2217","0","62.47","35.45"
"64","000","00","004","0410","0467","609","374","235","45","654","1020","0","64.12","36.67"
"64","000","00","004","0410","0468","688","412","276","43","731","1197","0","61.07","34.42"
"64","000","00","004","0411","0000","1765","1090","675","93","1858","3446","0","53.92","31.63"
"64","000","00","004","0411","0469","823","517","306","36","859","1528","0","56.22","33.84"
"64","000","00","004","0411","0470","942","573","369","57","999","1918","0","52.09","29.87"
"64","000","00","004","0412","0000","821","524","297","96","917","1458","0","62.89","35.94"
"64","000","00","004","0412","0471","821","524","297","96","917","1458","0","62.89","35.94"
"64","000","00","004","0413","0000","2154","1368","786","108","2262","3635","0","62.23","37.63"
"64","000","00","004","0413","0472","1062","692","370","48","1110","1790","0","62.01","38.66"
"64","000","00","004","0413","0473","1092","676","416","60","1152","1845","0","62.44","36.64"
"64","000","00","004","0414","0000","8441","5208","3233","310","8751","15761","0","55.52","33.04"
"64","000","00","004","0414","0474","696","268","428","43","739","2037","0","36.28","13.16"
"64","000","00","004","0414","0475","1086","684","402","31","1117","1964","0","56.87","34.83"
"64","000","00","004","0414","0476","1142","732","410","26","1168","2006","0","58.23","36.49"
"64","000","00","004","0414","0477","1078","688","390","34","1112","1951","0","57.0","35.26"
"64","000","00","004","0414","0478","1029","630","399","54","1083","1951","0","55.51","32.29"
"64","000","00","004","0414","0479","1178","787","391","36","1214","2008","0","60.46","39.19"
"64","000","00","004","0414","0480","1115","723","392","52","1167","1923","0","60.69","37.6"
"64","000","00","004","0414","0481","1117","696","421","34","1151","1921","0","59.92","36.23"
"64","000","00","004","0415","0000","561","371","190","23","584","832","0","70.19","44.59"
"64","000","00","004","0415","0482","561","371","190","23","584","832","0","70.19","44.59"
"64","000","00","004","0416","0000","1330","851","479","77","1407","2281","0","61.68","37.31"
"64","000","00","004","0416","0483","658","439","219","35","693","1156","0","59.95","37.98"
"64","000","00","004","0416","0484","672","412","260","42","714","1125","0","63.47","36.62"
"64","000","00","004","0417","0000","1540","1009","531","73","1613","2562","0","62.96","39.38"
"64","000","00","004","0417","0485","656","419","237","31","687","1060","0","64.81","39.53"
"64","000","00","004","0417","0486","884","590","294","42","926","1502","0","61.65","39.28"
"64","000","00","004","0418","0000","1560","994","566","99","1659","2956","0","56.12","33.63"
"64","000","00","004","0418","0487","800","520","280","58","858","1404","0","61.11","37.04"
"64","000","00","004","0418","0488","760","474","286","41","801","1552","0","51.61","30.54"
"64","000","00","004","0419","0000","1496","1006","490","72","1568","2775","0","56.5","36.25"
"64","000","00","004","0419","0489","803","513","290","36","839","1460","0","57.47","35.14"
"64","000","00","004","0419","0490","693","493","200","36","729","1315","0","55.44","37.49"
"64","000","00","004","0420","0000","1250","818","432","84","1334","2140","0","62.34","38.22"
"64","000","00","004","0420","0491","624","419","205","48","672","1062","0","63.28","39.45"
"64","000","00","004","0420","0492","626","399","227","36","662","1078","0","61.41","37.01"
"64","000","00","004","0421","0000","1235","859","376","86","1321","1978","0","66.78","43.43"
"64","000","00","004","0421","0493","568","393","175","47","615","914","0","67.29","43.0"
"64","000","00","004","0421","0494","667","466","201","39","706","1064","0","66.35","43.8"
"64","000","00","004","0422","0000","3205","2116","1089","98","3303","5350","0","61.74","39.55"
"64","000","00","004","0422","0495","1021","683","338","32","1053","1705","0","61.76","40.06"
"64","000","00","004","0422","0496","1029","675","354","40","1069","1728","0","61.86","39.06"
"64","000","00","004","0422","0497","1155","758","397","26","1181","1917","0","61.61","39.54"
"64","000","00","004","0423","0000","794","572","222","44","838","1439","0","58.23","39.75"
"64","000","00","004","0423","0498","794","572","222","44","838","1439","0","58.23","39.75"
"64","000","00","004","0424","0000","2530","1684","846","133","2663","4196","0","63.47","40.13"
"64","000","00","004","0424","0499","758","485","273","48","806","1287","0","62.63","37.68"
"64","000","00","004","0424","0500","933","602","331","38","971","1504","0","64.56","40.03"
"64","000","00","004","0424","0501","839","597","242","47","886","1405","0","63.06","42.49"
"64","000","00","004","0425","0000","1530","977","553","81","1611","2582","0","62.39","37.84"
"64","000","00","004","0425","0502","738","472","266","56","794","1287","0","61.69","36.67"
"64","000","00","004","0425","0503","792","505","287","25","817","1295","0","63.09","39.0"
"64","000","00","004","0426","0000","1946","1235","711","68","2014","3132","0","64.3","39.43"
"64","000","00","004","0426","0504","877","533","344","33","910","1483","0","61.36","35.94"
"64","000","00","004","0426","0505","1069","702","367","35","1104","1649","0","66.95","42.57"
"64","000","00","004","0427","0000","1261","791","470","70","1331","2023","0","65.79","39.1"
"64","000","00","004","0427","0506","621","377","244","34","655","998","0","65.63","37.78"
"64","000","00","004","0427","0507","640","414","226","36","676","1025","0","65.95","40.39"
"64","000","00","004","0428","0000","1969","1310","659","96","2065","3124","0","66.1","41.93"
"64","000","00","004","0428","0508","1067","690","377","42","1109","1671","0","66.37","41.29"
"64","000","00","004","0428","0509","902","620","282","54","956","1453","0","65.79","42.67"
"64","000","00","004","0429","0000","1922","1272","650","85","2007","3326","0","60.34","38.24"
"64","000","00","004","0429","0510","973","651","322","49","1022","1673","0","61.09","38.91"
"64","000","00","004","0429","0511","949","621","328","36","985","1653","0","59.59","37.57"
"64","000","00","004","0430","0000","1346","863","483","74","1420","2161","0","65.71","39.94"
"64","000","00","004","0430","0512","611","382","229","32","643","1034","0","62.19","36.94"
"64","000","00","004","0430","0513","735","481","254","42","777","1127","0","68.94","42.68"
"64","000","00","004","0431","0000","2584","1633","951","104","2688","4512","0","59.57","36.19"
"64","000","00","004","0431","0514","892","560","332","34","926","1575","0","58.79","35.56"
"64","000","00","004","0431","0515","913","581","332","44","957","1559","0","61.39","37.27"
"64","000","00","004","0431","0516","779","492","287","26","805","1378","0","58.42","35.7"
"64","000","00","004","0432","0000","2043","1338","705","77","2120","3435","0","61.72","38.95"
"64","000","00","004","0432","0517","1023","650","373","32","1055","1714","0","61.55","37.92"
"64","000","00","004","0432","0518","1020","688","332","45","1065","1721","0","61.88","39.98"
"64","000","00","004","0433","0000","5066","3271","1795","189","5255","8227","0","63.88","39.76"
"64","000","00","004","0433","0519","960","608","352","33","993","1628","0","61.0","37.35"
"64","000","00","004","0433","0520","1021","660","361","51","1072","1590","0","67.42","41.51"
"64","000","00","004","0433","0521","953","636","317","44","997","1628","0","61.24","39.07"
"64","000","00","004","0433","0522","1104","715","389","26","1130","1739","0","64.98","41.12"
"64","000","00","004","0433","0523","1028","652","376","35","1063","1642","0","64.74","39.71"
"64","000","00","004","0434","0000","2672","1718","954","104","2776","4997","0","55.55","34.38"
"64","000","00","004","0434","0524","941","608","333","47","988","1766","0","55.95","34.43"
"64","000","00","004","0434","0525","831","537","294","34","865","1482","0","58.37","36.23"
"64","000","00","004","0434","0526","900","573","327","23","923","1749","0","52.77","32.76"
"64","000","00","004","0435","0000","3968","2506","1462","109","4077","6433","0","63.38","38.96"
"64","000","00","004","0435","0527","937","579","358","29","966","1591","0","60.72","36.39"
"64","000","00","004","0435","0528","979","598","381","19","998","1545","0","64.6","38.71"
"64","000","00","004","0435","0529","1051","678","373","24","1075","1651","0","65.11","41.07"
"64","000","00","004","0435","0530","1001","651","350","37","1038","1646","0","63.06","39.55"
"64","000","00","004","0436","0000","920","584","336","50","970","1496","0","64.84","39.04"
"64","000","00","004","0436","0531","920","584","336","50","970","1496","0","64.84","39.04"
"64","000","00","004","0437","0000","1600","990","610","79","1679","3027","0","55.47","32.71"
"64","000","00","004","0437","0532","794","548","246","49","843","1403","0","60.09","39.06"
"64","000","00","004","0437","0533","806","442","364","30","836","1624","0","51.48","27.22"
"64","000","00","005","0000","0000","168646","105825","62821","6010","174656","289519","341230","60.33","36.55"
"64","000","00","005","0501","0000","2080","1297","783","127","2207","3875","0","56.95","33.47"
"64","000","00","005","0501","0887","1056","660","396","59","1115","1893","0","58.9","34.87"
"64","000","00","005","0501","0888","1024","637","387","68","1092","1982","0","55.1","32.14"
"64","000","00","005","0502","0000","4124","2602","1522","148","4272","7408","0","57.67","35.12"
"64","000","00","005","0502","0889","923","593","330","54","977","1661","0","58.82","35.7"
"64","000","00","005","0502","0890","1070","636","434","19","1089","1894","0","57.5","33.58"
"64","000","00","005","0502","0891","1026","655","371","29","1055","1839","0","57.37","35.62"
"64","000","00","005","0502","0892","1105","718","387","46","1151","2014","0","57.15","35.65"
"64","000","00","005","0503","0000","2138","1371","767","97","2235","3913","0","57.12","35.04"
"64","000","00","005","0503","0893","1075","701","374","68","1143","1897","0","60.25","36.95"
"64","000","00","005","0503","0894","1063","670","393","29","1092","2016","0","54.17","33.23"
"64","000","00","005","0504","0000","2077","1231","846","67","2144","3673","0","58.37","33.51"
"64","000","00","005","0504","0895","1076","693","383","28","1104","1924","0","57.38","36.02"
"64","000","00","005","0504","0896","1001","538","463","39","1040","1749","0","59.46","30.76"
"64","000","00","005","0505","0000","4117","2569","1548","145","4262","7080","0","60.2","36.29"
"64","000","00","005","0505","0897","1134","705","429","47","1181","1845","0","64.01","38.21"
"64","000","00","005","0505","0898","971","587","384","33","1004","1724","0","58.24","34.05"
"64","000","00","005","0505","0899","1078","679","399","34","1112","1889","0","58.87","35.94"
"64","000","00","005","0505","0900","934","598","336","31","965","1622","0","59.49","36.87"
"64","000","00","005","0506","0000","2076","1151","925","54","2130","3393","0","62.78","33.92"
"64","000","00","005","0506","0901","1144","577","567","12","1156","1870","0","61.82","30.86"
"64","000","00","005","0506","0902","932","574","358","42","974","1523","0","63.95","37.69"
"64","000","00","005","0507","0000","11915","7581","4334","327","12242","20639","0","59.31","36.73"
"64","000","00","005","0507","0903","1069","691","378","46","1115","2006","0","55.58","34.45"
"64","000","00","005","0507","0904","1270","759","511","45","1315","2076","0","63.34","36.56"
"64","000","00","005","0507","0905","1185","723","462","16","1201","2073","0","57.94","34.88"
"64","000","00","005","0507","0906","1191","897","294","30","1221","2045","0","59.71","43.86"
"64","000","00","005","0507","0907","1012","617","395","45","1057","2070","0","51.06","29.81"
"64","000","00","005","0507","0908","1129","682","447","29","1158","2035","0","56.9","33.51"
"64","000","00","005","0507","0909","1273","767","506","29","1302","2075","0","62.75","36.96"
"64","000","00","005","0507","0910","1193","774","419","26","1219","2053","0","59.38","37.7"
"64","000","00","005","0507","0911","1283","846","437","24","1307","2063","0","63.35","41.01"
"64","000","00","005","0507","0912","1310","825","485","37","1347","2143","0","62.86","38.5"
"64","000","00","005","0508","0000","4790","2956","1834","173","4963","8519","0","58.26","34.7"
"64","000","00","005","0508","0913","1061","649","412","45","1106","1746","0","63.34","37.17"
"64","000","00","005","0508","0914","940","609","331","14","954","1735","0","54.99","35.1"
"64","000","00","005","0508","0915","895","564","331","36","931","1655","0","56.25","34.08"
"64","000","00","005","0508","0916","898","534","364","47","945","1583","0","59.7","33.73"
"64","000","00","005","0508","0917","996","600","396","31","1027","1800","0","57.06","33.33"
"64","000","00","005","0509","0000","4121","2510","1611","107","4228","7001","0","60.39","35.85"
"64","000","00","005","0509","0918","1043","682","361","20","1063","1730","0","61.45","39.42"
"64","000","00","005","0509","0919","998","535","463","22","1020","1715","0","59.48","31.2"
"64","000","00","005","0509","0920","997","626","371","34","1031","1691","0","60.97","37.02"
"64","000","00","005","0509","0921","1083","667","416","31","1114","1865","0","59.73","35.76"
"64","000","00","005","0510","0000","1282","793","489","70","1352","1990","0","67.94","39.85"
"64","000","00","005","0510","0922","676","423","253","29","705","1073","0","65.7","39.42"
"64","000","00","005","0510","0923","606","370","236","41","647","917","0","70.56","40.35"
"64","000","00","005","0511","0000","958","613","345","31","989","1647","0","60.05","37.22"
"64","000","00","005","0511","0924","958","613","345","31","989","1647","0","60.05","37.22"
"64","000","00","005","0512","0000","3044","1975","1069","110","3154","5126","0","61.53","38.53"
"64","000","00","005","0512","0925","974","634","340","43","1017","1654","0","61.49","38.33"
"64","000","00","005","0512","0926","997","645","352","35","1032","1639","0","62.97","39.35"
"64","000","00","005","0512","0927","1073","696","377","32","1105","1833","0","60.28","37.97"
"64","000","00","005","0513","0000","2696","1714","982","100","2796","4401","0","63.53","38.95"
"64","000","00","005","0513","0928","880","523","357","34","914","1362","0","67.11","38.4"
"64","000","00","005","0513","0929","952","600","352","39","991","1557","0","63.65","38.54"
"64","000","00","005","0513","0930","864","591","273","27","891","1482","0","60.12","39.88"
"64","000","00","005","0514","0000","2862","1751","1111","78","2940","4583","0","64.15","38.21"
"64","000","00","005","0514","0931","966","630","336","29","995","1563","0","63.66","40.31"
"64","000","00","005","0514","0932","921","545","376","27","948","1497","0","63.33","36.41"
"64","000","00","005","0514","0933","975","576","399","22","997","1523","0","65.46","37.82"
"64","000","00","005","0515","0000","4554","2867","1687","141","4695","7198","0","65.23","39.83"
"64","000","00","005","0515","0934","845","531","314","23","868","1293","0","67.13","41.07"
"64","000","00","005","0515","0935","1030","612","418","29","1059","1662","0","63.72","36.82"
"64","000","00","005","0515","0936","845","553","292","29","874","1441","0","60.65","38.38"
"64","000","00","005","0515","0937","885","575","310","27","912","1326","0","68.78","43.36"
"64","000","00","005","0515","0938","949","596","353","33","982","1476","0","66.53","40.38"
"64","000","00","005","0516","0000","1951","1205","746","54","2005","3586","0","55.91","33.6"
"64","000","00","005","0516","0939","1068","664","404","29","1097","1968","0","55.74","33.74"
"64","000","00","005","0516","0940","883","541","342","25","908","1618","0","56.12","33.44"
"64","000","00","005","0517","0000","2887","1783","1104","98","2985","5000","0","59.7","35.66"
"64","000","00","005","0517","0941","1054","616","438","35","1089","1873","0","58.14","32.89"
"64","000","00","005","0517","0942","862","541","321","44","906","1487","0","60.93","36.38"
"64","000","00","005","0517","0943","971","626","345","19","990","1640","0","60.37","38.17"
"64","000","00","005","0518","0000","2163","1375","788","58","2221","3858","0","57.57","35.64"
"64","000","00","005","0518","0944","1075","685","390","21","1096","1889","0","58.02","36.26"
"64","000","00","005","0518","0945","1088","690","398","37","1125","1969","0","57.14","35.04"
"64","000","00","005","0519","0000","3818","2391","1427","143","3961","6475","0","61.17","36.93"
"64","000","00","005","0519","0946","845","541","304","41","886","1466","0","60.44","36.9"
"64","000","00","005","0519","0947","1021","656","365","39","1060","1697","0","62.46","38.66"
"64","000","00","005","0519","0948","999","628","371","31","1030","1663","0","61.94","37.76"
"64","000","00","005","0519","0949","953","566","387","32","985","1649","0","59.73","34.32"
"64","000","00","005","0520","0000","1760","1146","614","51","1811","2981","0","60.75","38.44"
"64","000","00","005","0520","0950","860","548","312","33","893","1486","0","60.09","36.88"
"64","000","00","005","0520","0951","900","598","302","18","918","1495","0","61.4","40.0"
"64","000","00","005","0521","0000","1867","1130","737","53","1920","3041","0","63.14","37.16"
"64","000","00","005","0521","0952","981","595","386","28","1009","1548","0","65.18","38.44"
"64","000","00","005","0521","0953","886","535","351","25","911","1493","0","61.02","35.83"
"64","000","00","005","0522","0000","4670","2949","1721","132","4802","7649","0","62.78","38.55"
"64","000","00","005","0522","0954","910","568","342","15","925","1445","0","64.01","39.31"
"64","000","00","005","0522","0955","886","568","318","24","910","1529","0","59.52","37.15"
"64","000","00","005","0522","0956","897","566","331","19","916","1506","0","60.82","37.58"
"64","000","00","005","0522","0957","960","605","355","26","986","1549","0","63.65","39.06"
"64","000","00","005","0522","0958","1017","642","375","48","1065","1620","0","65.74","39.63"
"64","000","00","005","0523","0000","1871","1159","712","67","1938","3038","0","63.79","38.15"
"64","000","00","005","0523","0959","952","570","382","39","991","1550","0","63.94","36.77"
"64","000","00","005","0523","0960","919","589","330","28","947","1488","0","63.64","39.58"
"64","000","00","005","0524","0000","1601","993","608","65","1666","2667","0","62.47","37.23"
"64","000","00","005","0524","0961","808","481","327","36","844","1335","0","63.22","36.03"
"64","000","00","005","0524","0962","793","512","281","29","822","1332","0","61.71","38.44"
"64","000","00","005","0525","0000","3136","1965","1171","133","3269","5268","0","62.05","37.3"
"64","000","00","005","0525","0963","1032","641","391","55","1087","1764","0","61.62","36.34"
"64","000","00","005","0525","0964","1066","694","372","30","1096","1811","0","60.52","38.32"
"64","000","00","005","0525","0965","1038","630","408","48","1086","1693","0","64.15","37.21"
"64","000","00","005","0526","0000","2992","1875","1117","116","3108","4867","0","63.86","38.52"
"64","000","00","005","0526","0966","1055","683","372","50","1105","1684","0","65.62","40.56"
"64","000","00","005","0526","0967","837","518","319","40","877","1464","0","59.9","35.38"
"64","000","00","005","0526","0968","1100","674","426","26","1126","1719","0","65.5","39.21"
"64","000","00","005","0527","0000","3979","2203","1776","108","4087","6858","0","59.59","32.12"
"64","000","00","005","0527","0969","1033","641","392","22","1055","1749","0","60.32","36.65"
"64","000","00","005","0527","0970","1078","381","697","25","1103","1908","0","57.81","19.97"
"64","000","00","005","0527","0971","943","596","347","35","978","1573","0","62.17","37.89"
"64","000","00","005","0527","0972","925","585","340","26","951","1628","0","58.42","35.93"
"64","000","00","005","0528","0000","2400","1537","863","88","2488","4095","0","60.76","37.53"
"64","000","00","005","0528","0973","744","478","266","31","775","1377","0","56.28","34.71"
"64","000","00","005","0528","0974","957","607","350","25","982","1530","0","64.18","39.67"
"64","000","00","005","0528","0975","699","452","247","32","731","1188","0","61.53","38.05"
"64","000","00","005","0529","0000","2910","1830","1080","123","3033","6302","0","48.13","29.04"
"64","000","00","005","0529","0976","843","521","322","30","873","2791","0","31.28","18.67"
"64","000","00","005","0529","0977","1066","685","381","41","1107","1840","0","60.16","37.23"
"64","000","00","005","0529","0978","1001","624","377","52","1053","1671","0","63.02","37.34"
"64","000","00","005","0530","0000","4890","3033","1857","150","5040","7969","0","63.25","38.06"
"64","000","00","005","0530","0979","952","584","368","33","985","1624","0","60.65","35.96"
"64","000","00","005","0530","0980","1034","647","387","29","1063","1555","0","68.36","41.61"
"64","000","00","005","0530","0981","958","585","373","30","988","1489","0","66.35","39.29"
"64","000","00","005","0530","0982","1006","610","396","36","1042","1662","0","62.7","36.7"
"64","000","00","005","0530","0983","940","607","333","22","962","1639","0","58.69","37.03"
"64","000","00","005","0531","0000","2169","1413","756","77","2246","3840","0","58.49","36.8"
"64","000","00","005","0531","0984","1065","711","354","36","1101","1872","0","58.81","37.98"
"64","000","00","005","0531","0985","1104","702","402","41","1145","1968","0","58.18","35.67"
"64","000","00","005","0532","0000","1591","1097","494","92","1683","3005","0","56.01","36.51"
"64","000","00","005","0532","0986","729","497","232","57","786","1471","0","53.43","33.79"
"64","000","00","005","0532","0987","862","600","262","35","897","1534","0","58.47","39.11"
"64","000","00","005","0533","0000","2769","1678","1091","121","2890","5282","0","54.71","31.77"
"64","000","00","005","0533","0988","862","556","306","56","918","1659","0","55.33","33.51"
"64","000","00","005","0533","0989","935","518","417","27","962","1815","0","53.0","28.54"
"64","000","00","005","0533","0990","972","604","368","38","1010","1808","0","55.86","33.41"
"64","000","00","005","0534","0000","1471","932","539","51","1522","2630","0","57.87","35.44"
"64","000","00","005","0534","0991","668","412","256","28","696","1224","0","56.86","33.66"
"64","000","00","005","0534","0992","803","520","283","23","826","1406","0","58.75","36.98"
"64","000","00","005","0535","0000","1154","719","435","47","1201","1889","0","63.58","38.06"
"64","000","00","005","0535","0993","553","357","196","25","578","945","0","61.16","37.78"
"64","000","00","005","0535","0994","601","362","239","22","623","944","0","66.0","38.35"
"64","000","00","005","0536","0000","1881","1171","710","82","1963","3142","0","62.48","37.27"
"64","000","00","005","0536","0995","971","581","390","47","1018","1669","0","60.99","34.81"
"64","000","00","005","0536","0996","910","590","320","35","945","1473","0","64.15","40.05"
"64","000","00","005","0537","0000","1564","945","619","70","1634","3558","0","45.92","26.56"
"64","000","00","005","0537","0997","918","525","393","39","957","1876","0","51.01","27.99"
"64","000","00","005","0537","0998","646","420","226","31","677","1682","0","40.25","24.97"
"64","000","00","005","0538","0000","6504","4058","2446","165","6669","11459","0","58.2","35.41"
"64","000","00","005","0538","0999","949","589","360","25","974","1791","0","54.38","32.89"
"64","000","00","005","0538","1000","1064","670","394","39","1103","1808","0","61.01","37.06"
"64","000","00","005","0538","1001","986","613","373","29","1015","1798","0","56.45","34.09"
"64","000","00","005","0538","1002","1168","713","455","21","1189","2030","0","58.57","35.12"
"64","000","00","005","0538","1003","1179","751","428","25","1204","2034","0","59.19","36.92"
"64","000","00","005","0538","1004","1158","722","436","26","1184","1998","0","59.26","36.14"
"64","000","00","005","0539","0000","2169","1376","793","63","2232","3879","0","57.54","35.47"
"64","000","00","005","0539","1005","1049","670","379","35","1084","1914","0","56.64","35.01"
"64","000","00","005","0539","1006","1120","706","414","28","1148","1965","0","58.42","35.93"
"64","000","00","005","0540","0000","1029","643","386","60","1089","1885","0","57.77","34.11"
"64","000","00","005","0540","1007","1029","643","386","60","1089","1885","0","57.77","34.11"
"64","000","00","005","0541","0000","1376","897","479","62","1438","2277","0","63.15","39.39"
"64","000","00","005","0541","1008","767","489","278","20","787","1220","0","64.51","40.08"
"64","000","00","005","0541","1009","609","408","201","42","651","1057","0","61.59","38.6"
"64","000","00","005","0542","0000","1412","872","540","51","1463","2784","0","52.55","31.32"
"64","000","00","005","0542","1010","721","432","289","25","746","1434","0","52.02","30.13"
"64","000","00","005","0542","1011","691","440","251","26","717","1350","0","53.11","32.59"
"64","000","00","005","0543","0000","991","660","331","30","1021","1826","0","55.91","36.14"
"64","000","00","005","0543","1012","478","325","153","10","488","872","0","55.96","37.27"
"64","000","00","005","0543","1013","513","335","178","20","533","954","0","55.87","35.12"
"64","000","00","005","0544","0000","2629","1626","1003","90","2719","4415","0","61.59","36.83"
"64","000","00","005","0544","1014","1020","632","388","24","1044","1689","0","61.81","37.42"
"64","000","00","005","0544","1015","811","490","321","25","836","1390","0","60.14","35.25"
"64","000","00","005","0544","1016","798","504","294","41","839","1336","0","62.8","37.72"
"64","000","00","005","0545","0000","2707","1668","1039","99","2806","4402","0","63.74","37.89"
"64","000","00","005","0545","1017","932","570","362","34","966","1437","0","67.22","39.67"
"64","000","00","005","0545","1018","875","540","335","22","897","1452","0","61.78","37.19"
"64","000","00","005","0545","1019","900","558","342","43","943","1513","0","62.33","36.88"
"64","000","00","005","0546","0000","1835","1166","669","93","1928","2848","0","67.7","40.94"
"64","000","00","005","0546","1020","928","583","345","42","970","1467","0","66.12","39.74"
"64","000","00","005","0546","1021","907","583","324","51","958","1381","0","69.37","42.22"
"64","000","00","005","0547","0000","1501","937","564","53","1554","2444","0","63.58","38.34"
"64","000","00","005","0547","1022","653","428","225","32","685","1117","0","61.32","38.32"
"64","000","00","005","0547","1023","848","509","339","21","869","1327","0","65.49","38.36"
"64","000","00","005","0548","0000","819","527","292","24","843","1304","0","64.65","40.41"
"64","000","00","005","0548","1024","819","527","292","24","843","1304","0","64.65","40.41"
"64","000","00","005","0549","0000","850","551","299","24","874","1483","0","58.93","37.15"
"64","000","00","005","0549","1025","850","551","299","24","874","1483","0","58.93","37.15"
"64","000","00","005","0550","0000","934","595","339","31","965","1473","0","65.51","40.39"
"64","000","00","005","0550","1026","934","595","339","31","965","1473","0","65.51","40.39"
"64","000","00","005","0551","0000","575","347","228","28","603","980","0","61.53","35.41"
"64","000","00","005","0551","1027","575","347","228","28","603","980","0","61.53","35.41"
"64","000","00","005","0552","0000","1603","1067","536","53","1656","2639","0","62.75","40.43"
"64","000","00","005","0552","1028","855","587","268","25","880","1409","0","62.46","41.66"
"64","000","00","005","0552","1029","748","480","268","28","776","1230","0","63.09","39.02"
"64","000","00","005","0553","0000","1333","855","478","61","1394","2154","0","64.72","39.69"
"64","000","00","005","0553","1030","657","413","244","24","681","1024","0","66.5","40.33"
"64","000","00","005","0553","1031","676","442","234","37","713","1130","0","63.1","39.12"
"64","000","00","005","0554","0000","1008","637","371","31","1039","1889","0","55.0","33.72"
"64","000","00","005","0554","1032","1008","637","371","31","1039","1889","0","55.0","33.72"
"64","000","00","005","0555","0000","857","589","268","25","882","1427","0","61.81","41.28"
"64","000","00","005","0555","1033","857","589","268","25","882","1427","0","61.81","41.28"
"64","000","00","005","0556","0000","518","362","156","15","533","791","0","67.38","45.76"
"64","000","00","005","0556","1034","518","362","156","15","533","791","0","67.38","45.76"
"64","000","00","005","0557","0000","740","502","238","35","775","1079","0","71.83","46.52"
"64","000","00","005","0557","1035","740","502","238","35","775","1079","0","71.83","46.52"
"64","000","00","005","0558","0000","865","555","310","43","908","1492","0","60.86","37.2"
"64","000","00","005","0558","1036","865","555","310","43","908","1492","0","60.86","37.2"
"64","000","00","005","0559","0000","1288","811","477","39","1327","2021","0","65.66","40.13"
"64","000","00","005","0559","1037","639","409","230","30","669","1020","0","65.59","40.1"
"64","000","00","005","0559","1038","649","402","247","9","658","1001","0","65.73","40.16"
"64","000","00","005","0560","0000","1849","1183","666","56","1905","3052","0","62.42","38.76"
"64","000","00","005","0560","1039","979","644","335","27","1006","1581","0","63.63","40.73"
"64","000","00","005","0560","1040","870","539","331","29","899","1471","0","61.11","36.64"
"64","000","00","005","0561","0000","2339","1525","814","77","2416","3760","0","64.26","40.56"
"64","000","00","005","0561","1041","741","497","244","18","759","1151","0","65.94","43.18"
"64","000","00","005","0561","1042","837","549","288","36","873","1334","0","65.44","41.15"
"64","000","00","005","0561","1043","761","479","282","23","784","1275","0","61.49","37.57"
"64","000","00","005","0562","0000","2238","1390","848","81","2319","4051","0","57.25","34.31"
"64","000","00","005","0562","1044","760","476","284","27","787","1688","0","46.62","28.2"
"64","000","00","005","0562","1045","732","451","281","28","760","1214","0","62.6","37.15"
"64","000","00","005","0562","1046","746","463","283","26","772","1149","0","67.19","40.3"
"64","000","00","005","0563","0000","956","594","362","57","1013","1667","0","60.77","35.63"
"64","000","00","005","0563","1047","956","594","362","57","1013","1667","0","60.77","35.63"
"64","000","00","005","0564","0000","975","606","369","31","1006","1786","0","56.33","33.93"
"64","000","00","005","0564","1048","975","606","369","31","1006","1786","0","56.33","33.93"
"64","000","00","005","0565","0000","1106","720","386","38","1144","1821","0","62.82","39.54"
"64","000","00","005","0565","1049","544","353","191","16","560","896","0","62.5","39.4"
"64","000","00","005","0565","1050","562","367","195","22","584","925","0","63.14","39.68"
"64","000","00","005","0566","0000","448","292","156","29","477","684","0","69.74","42.69"
"64","000","00","005","0566","1051","448","292","156","29","477","684","0","69.74","42.69"
"64","000","00","005","0567","0000","624","371","253","36","660","981","0","67.28","37.82"
"64","000","00","005","0567","1052","624","371","253","36","660","981","0","67.28","37.82"
"64","000","00","005","0568","0000","736","484","252","40","776","1383","0","56.11","35.0"
"64","000","00","005","0568","1053","736","484","252","40","776","1383","0","56.11","35.0"
"64","000","00","005","0569","0000","822","501","321","34","856","1382","0","61.94","36.25"
"64","000","00","005","0569","1054","822","501","321","34","856","1382","0","61.94","36.25"
"64","000","00","005","0570","0000","456","280","176","23","479","808","0","59.28","34.65"
"64","000","00","005","0570","1055","456","280","176","23","479","808","0","59.28","34.65"
"64","000","00","005","0572","0000","728","455","273","22","750","1197","0","62.66","38.01"
"64","000","00","005","0572","1056","728","455","273","22","750","1197","0","62.66","38.01"
"64","000","00","005","0573","0000","2424","1546","878","88","2512","4047","0","62.07","38.2"
"64","000","00","005","0573","1057","777","520","257","33","810","1344","0","60.27","38.69"
"64","000","00","005","0573","1058","818","531","287","34","852","1344","0","63.39","39.51"
"64","000","00","005","0573","1059","829","495","334","21","850","1359","0","62.55","36.42"
"64","000","00","005","0574","0000","655","403","252","34","689","1073","0","64.21","37.56"
"64","000","00","005","0574","1060","655","403","252","34","689","1073","0","64.21","37.56"
"64","000","00","005","0575","0000","655","415","240","28","683","1186","0","57.59","34.99"
"64","000","00","005","0575","1061","655","415","240","28","683","1186","0","57.59","34.99"
"64","000","00","005","0576","0000","1008","636","372","51","1059","1749","0","60.55","36.36"
"64","000","00","005","0576","1062","1008","636","372","51","1059","1749","0","60.55","36.36"
"64","000","00","005","0577","0000","544","361","183","13","557","877","0","63.51","41.16"
"64","000","00","005","0577","1063","544","361","183","13","557","877","0","63.51","41.16"
"64","000","00","005","0578","0000","894","598","296","36","930","1402","0","66.33","42.65"
"64","000","00","005","0578","1064","894","598","296","36","930","1402","0","66.33","42.65"
"64","000","00","005","0579","0000","499","298","201","21","520","769","0","67.62","38.75"
"64","000","00","005","0579","1065","499","298","201","21","520","769","0","67.62","38.75"
"64","000","00","005","0581","0000","1415","906","509","67","1482","2477","0","59.83","36.58"
"64","000","00","005","0581","1066","745","466","279","32","777","1207","0","64.37","38.61"
"64","000","00","005","0581","1067","670","440","230","35","705","1270","0","55.51","34.65"
"64","000","00","005","0582","0000","722","445","277","33","755","1248","0","60.5","35.66"
"64","000","00","005","0582","1068","722","445","277","33","755","1248","0","60.5","35.66"
"64","000","00","005","0583","0000","748","481","267","44","792","1263","0","62.71","38.08"
"64","000","00","005","0583","1069","748","481","267","44","792","1263","0","62.71","38.08"
"64","000","00","005","0584","0000","675","422","253","32","707","1101","0","64.21","38.33"
"64","000","00","005","0584","1070","675","422","253","32","707","1101","0","64.21","38.33"
"64","000","00","005","0585","0000","720","458","262","21","741","1116","0","66.4","41.04"
"64","000","00","005","0585","1071","720","458","262","21","741","1116","0","66.4","41.04"
"64","000","00","005","0586","0000","716","483","233","22","738","1152","0","64.06","41.93"
"64","000","00","005","0586","1072","716","483","233","22","738","1152","0","64.06","41.93"
"64","000","00","005","0587","0000","647","427","220","29","676","1057","0","63.95","40.4"
"64","000","00","005","0587","1073","647","427","220","29","676","1057","0","63.95","40.4"
"64","000","00","005","0588","0000","1176","734","442","38","1214","2033","0","59.71","36.1"
"64","000","00","005","0588","1074","551","351","200","21","572","971","0","58.91","36.15"
"64","000","00","005","0588","1075","625","383","242","17","642","1062","0","60.45","36.06"
"64","000","00","006","0000","0000","26752","16846","9906","1008","27760","44355","50942","62.59","37.98"
"64","000","00","006","0601","0000","1082","693","389","58","1140","1791","0","63.65","38.69"
"64","000","00","006","0601","1098","477","291","186","24","501","828","0","60.51","35.14"
"64","000","00","006","0601","1099","605","402","203","34","639","963","0","66.36","41.74"
"64","000","00","006","0602","0000","604","366","238","19","623","1075","0","57.95","34.05"
"64","000","00","006","0602","1100","604","366","238","19","623","1075","0","57.95","34.05"
"64","000","00","006","0603","0000","1739","1030","709","45","1784","2926","0","60.97","35.2"
"64","000","00","006","0603","1101","886","540","346","16","902","1488","0","60.62","36.29"
"64","000","00","006","0603","1102","853","490","363","29","882","1438","0","61.34","34.08"
"64","000","00","006","0604","0000","620","358","262","27","647","1049","0","61.68","34.13"
"64","000","00","006","0604","1103","620","358","262","27","647","1049","0","61.68","34.13"
"64","000","00","006","0605","0000","872","539","333","55","927","1378","0","67.27","39.11"
"64","000","00","006","0605","1104","872","539","333","55","927","1378","0","67.27","39.11"
"64","000","00","006","0606","0000","420","263","157","27","447","666","0","67.12","39.49"
"64","000","00","006","0606","1105","420","263","157","27","447","666","0","67.12","39.49"
"64","000","00","006","0607","0000","591","348","243","12","603","981","0","61.47","35.47"
"64","000","00","006","0607","1106","591","348","243","12","603","981","0","61.47","35.47"
"64","000","00","006","0608","0000","1176","744","432","41","1217","1920","0","63.39","38.75"
"64","000","00","006","0608","1107","598","364","234","22","620","933","0","66.45","39.01"
"64","000","00","006","0608","1108","578","380","198","19","597","987","0","60.49","38.5"
"64","000","00","006","0609","0000","613","399","214","21","634","988","0","64.17","40.38"
"64","000","00","006","0609","1109","613","399","214","21","634","988","0","64.17","40.38"
"64","000","00","006","0610","0000","471","302","169","25","496","735","0","67.48","41.09"
"64","000","00","006","0610","1110","471","302","169","25","496","735","0","67.48","41.09"
"64","000","00","006","0611","0000","787","489","298","21","808","1317","0","61.35","37.13"
"64","000","00","006","0611","1111","787","489","298","21","808","1317","0","61.35","37.13"
"64","000","00","006","0612","0000","462","293","169","21","483","800","0","60.38","36.63"
"64","000","00","006","0612","1112","462","293","169","21","483","800","0","60.38","36.63"
"64","000","00","006","0613","0000","1180","806","374","37","1217","1881","0","64.7","42.85"
"64","000","00","006","0613","1113","607","411","196","26","633","968","0","65.39","42.46"
"64","000","00","006","0613","1114","573","395","178","11","584","913","0","63.96","43.26"
"64","000","00","006","0614","0000","1710","1030","680","45","1755","2617","0","67.06","39.36"
"64","000","00","006","0614","1115","897","547","350","20","917","1389","0","66.02","39.38"
"64","000","00","006","0614","1116","813","483","330","25","838","1228","0","68.24","39.33"
"64","000","00","006","0615","0000","1442","950","492","45","1487","2312","0","64.32","41.09"
"64","000","00","006","0615","1117","748","492","256","29","777","1211","0","64.16","40.63"
"64","000","00","006","0615","1118","694","458","236","16","710","1101","0","64.49","41.6"
"64","000","00","006","0616","0000","1074","694","380","38","1112","1625","0","68.43","42.71"
"64","000","00","006","0616","1119","480","308","172","11","491","752","0","65.29","40.96"
"64","000","00","006","0616","1120","594","386","208","27","621","873","0","71.13","44.22"
"64","000","00","006","0617","0000","2083","1271","812","51","2134","3345","0","63.8","38.0"
"64","000","00","006","0617","1121","1002","602","400","22","1024","1609","0","63.64","37.41"
"64","000","00","006","0617","1122","1081","669","412","29","1110","1736","0","63.94","38.54"
"64","000","00","006","0618","0000","738","467","271","18","756","1258","0","60.1","37.12"
"64","000","00","006","0618","1123","738","467","271","18","756","1258","0","60.1","37.12"
"64","000","00","006","0619","0000","676","421","255","25","701","1105","0","63.44","38.1"
"64","000","00","006","0619","1124","676","421","255","25","701","1105","0","63.44","38.1"
"64","000","00","006","0620","0000","517","331","186","33","550","851","0","64.63","38.9"
"64","000","00","006","0620","1125","517","331","186","33","550","851","0","64.63","38.9"
"64","000","00","006","0621","0000","615","379","236","34","649","1011","0","64.19","37.49"
"64","000","00","006","0621","1126","615","379","236","34","649","1011","0","64.19","37.49"
"64","000","00","006","0622","0000","1203","750","453","65","1268","1893","0","66.98","39.62"
"64","000","00","006","0622","1127","597","373","224","42","639","888","0","71.96","42.0"
"64","000","00","006","0622","1128","606","377","229","23","629","1005","0","62.59","37.51"
"64","000","00","006","0623","0000","1459","928","531","51","1510","2763","0","54.65","33.59"
"64","000","00","006","0623","1129","625","410","215","21","646","1375","0","46.98","29.82"
"64","000","00","006","0623","1130","834","518","316","30","864","1388","0","62.25","37.32"
"64","000","00","006","0624","0000","420","262","158","24","444","719","0","61.75","36.44"
"64","000","00","006","0624","1131","420","262","158","24","444","719","0","61.75","36.44"
"64","000","00","006","0625","0000","619","392","227","42","661","1077","0","61.37","36.4"
"64","000","00","006","0625","1132","619","392","227","42","661","1077","0","61.37","36.4"
"64","000","00","006","0626","0000","461","306","155","11","472","875","0","53.94","34.97"
"64","000","00","006","0626","1133","461","306","155","11","472","875","0","53.94","34.97"
"64","000","00","006","0627","0000","534","347","187","19","553","936","0","59.08","37.07"
"64","000","00","006","0627","1134","534","347","187","19","553","936","0","59.08","37.07"
"64","000","00","006","0628","0000","545","371","174","27","572","944","0","60.59","39.3"
"64","000","00","006","0628","1135","545","371","174","27","572","944","0","60.59","39.3"
"64","000","00","006","0629","0000","475","314","161","19","494","833","0","59.3","37.7"
"64","000","00","006","0629","1136","475","314","161","19","494","833","0","59.3","37.7"
"64","000","00","006","0630","0000","443","298","145","14","457","708","0","64.55","42.09"
"64","000","00","006","0630","1137","443","298","145","14","457","708","0","64.55","42.09"
"64","000","00","006","0631","0000","426","262","164","15","441","741","0","59.51","35.36"
"64","000","00","006","0631","1138","426","262","164","15","441","741","0","59.51","35.36"
"64","000","00","006","0632","0000","695","443","252","23","718","1235","0","58.14","35.87"
"64","000","00","006","0632","1139","695","443","252","23","718","1235","0","58.14","35.87"
"64","000","00","007","0000","0000","14066","8879","5187","568","14634","23928","26732","61.16","37.11"
"64","000","00","007","0701","0000","409","257","152","13","422","673","0","62.7","38.19"
"64","000","00","007","0701","1076","409","257","152","13","422","673","0","62.7","38.19"
"64","000","00","007","0702","0000","619","372","247","24","643","1022","0","62.92","36.4"
"64","000","00","007","0702","1077","619","372","247","24","643","1022","0","62.92","36.4"
"64","000","00","007","0703","0000","776","526","250","19","795","1324","0","60.05","39.73"
"64","000","00","007","0703","1078","776","526","250","19","795","1324","0","60.05","39.73"
"64","000","00","007","0704","0000","396","221","175","28","424","839","0","50.54","26.34"
"64","000","00","007","0704","1079","396","221","175","28","424","839","0","50.54","26.34"
"64","000","00","007","0705","0000","468","343","125","33","501","975","0","51.38","35.18"
"64","000","00","007","0705","1080","468","343","125","33","501","975","0","51.38","35.18"
"64","000","00","007","0706","0000","2082","1355","727","76","2158","3587","0","60.16","37.78"
"64","000","00","007","0706","1081","1032","669","363","46","1078","1806","0","59.69","37.04"
"64","000","00","007","0706","1082","1050","686","364","30","1080","1781","0","60.64","38.52"
"64","000","00","007","0707","0000","437","274","163","24","461","717","0","64.3","38.21"
"64","000","00","007","0707","1083","437","274","163","24","461","717","0","64.3","38.21"
"64","000","00","007","0708","0000","648","409","239","13","661","1097","0","60.26","37.28"
"64","000","00","007","0708","1084","648","409","239","13","661","1097","0","60.26","37.28"
"64","000","00","007","0709","0000","965","601","364","20","985","1633","0","60.32","36.8"
"64","000","00","007","0709","1085","965","601","364","20","985","1633","0","60.32","36.8"
"64","000","00","007","0710","0000","501","312","189","18","519","759","0","68.38","41.11"
"64","000","00","007","0710","1086","501","312","189","18","519","759","0","68.38","41.11"
"64","000","00","007","0711","0000","592","365","227","34","626","948","0","66.03","38.5"
"64","000","00","007","0711","1087","592","365","227","34","626","948","0","66.03","38.5"
"64","000","00","007","0712","0000","537","327","210","31","568","1009","0","56.29","32.41"
"64","000","00","007","0712","1088","537","327","210","31","568","1009","0","56.29","32.41"
"64","000","00","007","0713","0000","568","343","225","29","597","945","0","63.17","36.3"
"64","000","00","007","0713","1089","568","343","225","29","597","945","0","63.17","36.3"
"64","000","00","007","0714","0000","950","566","384","36","986","1529","0","64.49","37.02"
"64","000","00","007","0714","1090","480","295","185","12","492","772","0","63.73","38.21"
"64","000","00","007","0714","1091","470","271","199","24","494","757","0","65.26","35.8"
"64","000","00","007","0715","0000","655","413","242","29","684","1047","0","65.33","39.45"
"64","000","00","007","0715","1092","655","413","242","29","684","1047","0","65.33","39.45"
"64","000","00","007","0716","0000","606","379","227","27","633","985","0","64.26","38.48"
"64","000","00","007","0716","1093","606","379","227","27","633","985","0","64.26","38.48"
"64","000","00","007","0717","0000","943","600","343","21","964","1674","0","57.59","35.84"
"64","000","00","007","0717","1094","943","600","343","21","964","1674","0","57.59","35.84"
"64","000","00","007","0718","0000","628","402","226","32","660","1088","0","60.66","36.95"
"64","000","00","007","0718","1095","628","402","226","32","660","1088","0","60.66","36.95"
"64","000","00","007","0719","0000","565","352","213","44","609","893","0","68.2","39.42"
"64","000","00","007","0719","1096","565","352","213","44","609","893","0","68.2","39.42"
"64","000","00","007","0720","0000","721","462","259","17","738","1184","0","62.33","39.02"
"64","000","00","007","0720","1097","721","462","259","17","738","1184","0","62.33","39.02"
"64","000","00","008","0000","0000","88393","56526","31867","3280","91673","146786","169840","62.45","38.51"
"64","000","00","008","0801","0000","445","300","145","14","459","718","0","63.93","41.78"
"64","000","00","008","0801","1140","445","300","145","14","459","718","0","63.93","41.78"
"64","000","00","008","0802","0000","845","565","280","40","885","1492","0","59.32","37.87"
"64","000","00","008","0802","1141","845","565","280","40","885","1492","0","59.32","37.87"
"64","000","00","008","0803","0000","731","462","269","33","764","1210","0","63.14","38.18"
"64","000","00","008","0803","1142","731","462","269","33","764","1210","0","63.14","38.18"
"64","000","00","008","0804","0000","893","602","291","26","919","1617","0","56.83","37.23"
"64","000","00","008","0804","1143","893","602","291","26","919","1617","0","56.83","37.23"
"64","000","00","008","0805","0000","847","552","295","53","900","1428","0","63.03","38.66"
"64","000","00","008","0805","1144","847","552","295","53","900","1428","0","63.03","38.66"
"64","000","00","008","0806","0000","782","497","285","35","817","1444","0","56.58","34.42"
"64","000","00","008","0806","1145","782","497","285","35","817","1444","0","56.58","34.42"
"64","000","00","008","0807","0000","818","537","281","51","869","1452","0","59.85","36.98"
"64","000","00","008","0807","1146","818","537","281","51","869","1452","0","59.85","36.98"
"64","000","00","008","0808","0000","346","239","107","14","360","554","0","64.98","43.14"
"64","000","00","008","0808","1147","346","239","107","14","360","554","0","64.98","43.14"
"64","000","00","008","0809","0000","1096","698","398","39","1135","1928","0","58.87","36.2"
"64","000","00","008","0809","1148","548","334","214","21","569","950","0","59.89","35.16"
"64","000","00","008","0809","1149","548","364","184","18","566","978","0","57.87","37.22"
"64","000","00","008","0810","0000","2004","1274","730","61","2065","3718","0","55.54","34.27"
"64","000","00","008","0810","1150","906","593","313","25","931","1673","0","55.65","35.45"
"64","000","00","008","0810","1151","1098","681","417","36","1134","2045","0","55.45","33.3"
"64","000","00","008","0811","0000","572","383","189","35","607","939","0","64.64","40.79"
"64","000","00","008","0811","1152","572","383","189","35","607","939","0","64.64","40.79"
"64","000","00","008","0812","0000","701","434","267","23","724","1284","0","56.39","33.8"
"64","000","00","008","0812","1153","701","434","267","23","724","1284","0","56.39","33.8"
"64","000","00","008","0813","0000","1034","655","379","31","1065","1746","0","61.0","37.51"
"64","000","00","008","0813","1154","559","377","182","15","574","908","0","63.22","41.52"
"64","000","00","008","0813","1155","475","278","197","16","491","838","0","58.59","33.17"
"64","000","00","008","0814","0000","762","469","293","30","792","1267","0","62.51","37.02"
"64","000","00","008","0814","1156","762","469","293","30","792","1267","0","62.51","37.02"
"64","000","00","008","0815","0000","1092","728","364","56","1148","1768","0","64.93","41.18"
"64","000","00","008","0815","1157","630","427","203","36","666","994","0","67.0","42.96"
"64","000","00","008","0815","1158","462","301","161","20","482","774","0","62.27","38.89"
"64","000","00","008","0816","0000","673","423","250","23","696","1121","0","62.09","37.73"
"64","000","00","008","0816","1159","673","423","250","23","696","1121","0","62.09","37.73"
"64","000","00","008","0817","0000","1778","1090","688","67","1845","2999","0","61.52","36.35"
"64","000","00","008","0817","1160","869","526","343","32","901","1474","0","61.13","35.69"
"64","000","00","008","0817","1161","909","564","345","35","944","1525","0","61.9","36.98"
"64","000","00","008","0818","0000","1336","840","496","55","1391","2161","0","64.37","38.87"
"64","000","00","008","0818","1162","702","438","264","23","725","1147","0","63.21","38.19"
"64","000","00","008","0818","1163","634","402","232","32","666","1014","0","65.68","39.64"
"64","000","00","008","0819","0000","1796","1129","667","88","1884","2995","0","62.9","37.7"
"64","000","00","008","0819","1164","887","537","350","36","923","1496","0","61.7","35.9"
"64","000","00","008","0819","1165","909","592","317","52","961","1499","0","64.11","39.49"
"64","000","00","008","0820","0000","1264","840","424","60","1324","1977","0","66.97","42.49"
"64","000","00","008","0820","1166","705","460","245","32","737","1138","0","64.76","40.42"
"64","000","00","008","0820","1167","559","380","179","28","587","839","0","69.96","45.29"
"64","000","00","008","0821","0000","727","428","299","29","756","2088","0","36.21","20.5"
"64","000","00","008","0821","1168","727","428","299","29","756","2088","0","36.21","20.5"
"64","000","00","008","0822","0000","1936","1207","729","52","1988","3271","0","60.78","36.9"
"64","000","00","008","0822","1169","1002","622","380","24","1026","1648","0","62.26","37.74"
"64","000","00","008","0822","1170","934","585","349","28","962","1623","0","59.27","36.04"
"64","000","00","008","0823","0000","1213","777","436","47","1260","1932","0","65.22","40.22"
"64","000","00","008","0823","1171","1213","777","436","47","1260","1932","0","65.22","40.22"
"64","000","00","008","0824","0000","1536","975","561","38","1574","2283","0","68.94","42.71"
"64","000","00","008","0824","1172","727","442","285","21","748","1127","0","66.37","39.22"
"64","000","00","008","0824","1173","809","533","276","17","826","1156","0","71.45","46.11"
"64","000","00","008","0825","0000","941","613","328","26","967","1465","0","66.01","41.84"
"64","000","00","008","0825","1174","941","613","328","26","967","1465","0","66.01","41.84"
"64","000","00","008","0826","0000","389","265","124","16","405","690","0","58.7","38.41"
"64","000","00","008","0826","1175","389","265","124","16","405","690","0","58.7","38.41"
"64","000","00","008","0827","0000","749","504","245","49","798","1283","0","62.2","39.28"
"64","000","00","008","0827","1176","749","504","245","49","798","1283","0","62.2","39.28"
"64","000","00","008","0828","0000","1657","1073","584","55","1712","2745","0","62.37","39.09"
"64","000","00","008","0828","1177","844","534","310","40","884","1432","0","61.73","37.29"
"64","000","00","008","0828","1178","813","539","274","15","828","1313","0","63.06","41.05"
"64","000","00","008","0829","0000","891","568","323","34","925","1579","0","58.58","35.97"
"64","000","00","008","0829","1179","891","568","323","34","925","1579","0","58.58","35.97"
"64","000","00","008","0830","0000","1737","1148","589","73","1810","2834","0","63.87","40.51"
"64","000","00","008","0830","1180","837","542","295","43","880","1385","0","63.54","39.13"
"64","000","00","008","0830","1181","900","606","294","30","930","1449","0","64.18","41.82"
"64","000","00","008","0831","0000","1128","700","428","35","1163","1834","0","63.41","38.17"
"64","000","00","008","0831","1182","1128","700","428","35","1163","1834","0","63.41","38.17"
"64","000","00","008","0832","0000","1784","1152","632","75","1859","2867","0","64.84","40.18"
"64","000","00","008","0832","1183","893","573","320","33","926","1436","0","64.48","39.9"
"64","000","00","008","0832","1184","891","579","312","42","933","1431","0","65.2","40.46"
"64","000","00","008","0833","0000","1719","1093","626","57","1776","2718","0","65.34","40.21"
"64","000","00","008","0833","1185","809","523","286","23","832","1248","0","66.67","41.91"
"64","000","00","008","0833","1186","910","570","340","34","944","1470","0","64.22","38.78"
"64","000","00","008","0834","0000","987","642","345","36","1023","1540","0","66.43","41.69"
"64","000","00","008","0834","1187","987","642","345","36","1023","1540","0","66.43","41.69"
"64","000","00","008","0835","0000","1433","925","508","39","1472","2213","0","66.52","41.8"
"64","000","00","008","0835","1188","881","576","305","23","904","1374","0","65.79","41.92"
"64","000","00","008","0835","1189","552","349","203","16","568","839","0","67.7","41.6"
"64","000","00","008","0836","0000","1368","847","521","26","1394","2084","0","66.89","40.64"
"64","000","00","008","0836","1190","673","405","268","20","693","1022","0","67.81","39.63"
"64","000","00","008","0836","1191","695","442","253","6","701","1062","0","66.01","41.62"
"64","000","00","008","0837","0000","1408","892","516","29","1437","2195","0","65.47","40.64"
"64","000","00","008","0837","1192","675","400","275","13","688","1078","0","63.82","37.11"
"64","000","00","008","0837","1193","733","492","241","16","749","1117","0","67.05","44.05"
"64","000","00","008","0838","0000","940","630","310","40","980","1516","0","64.64","41.56"
"64","000","00","008","0838","1194","940","630","310","40","980","1516","0","64.64","41.56"
"64","000","00","008","0839","0000","822","514","308","75","897","1440","0","62.29","35.69"
"64","000","00","008","0839","1195","822","514","308","75","897","1440","0","62.29","35.69"
"64","000","00","008","0840","0000","1029","630","399","41","1070","1727","0","61.96","36.48"
"64","000","00","008","0840","1196","506","311","195","24","530","839","0","63.17","37.07"
"64","000","00","008","0840","1197","523","319","204","17","540","888","0","60.81","35.92"
"64","000","00","008","0841","0000","1409","898","511","45","1454","2105","0","69.07","42.66"
"64","000","00","008","0841","1198","716","448","268","16","732","1101","0","66.49","40.69"
"64","000","00","008","0841","1199","693","450","243","29","722","1004","0","71.91","44.82"
"64","000","00","008","0842","0000","2362","1502","860","77","2439","3779","0","64.54","39.75"
"64","000","00","008","0842","1200","874","551","323","28","902","1427","0","63.21","38.61"
"64","000","00","008","0842","1201","721","470","251","19","740","1168","0","63.36","40.24"
"64","000","00","008","0842","1202","767","481","286","30","797","1184","0","67.31","40.63"
"64","000","00","008","0843","0000","1109","709","400","24","1133","1823","0","62.15","38.89"
"64","000","00","008","0843","1203","635","421","214","14","649","974","0","66.63","43.22"
"64","000","00","008","0843","1204","474","288","186","10","484","849","0","57.01","33.92"
"64","000","00","008","0844","0000","1089","708","381","31","1120","1821","0","61.5","38.88"
"64","000","00","008","0844","1205","1089","708","381","31","1120","1821","0","61.5","38.88"
"64","000","00","008","0845","0000","2403","1504","899","73","2476","3906","0","63.39","38.5"
"64","000","00","008","0845","1206","798","494","304","32","830","1306","0","63.55","37.83"
"64","000","00","008","0845","1207","763","471","292","12","775","1185","0","65.4","39.75"
"64","000","00","008","0845","1208","842","539","303","29","871","1415","0","61.55","38.09"
"64","000","00","008","0846","0000","1200","726","474","52","1252","1926","0","65.01","37.69"
"64","000","00","008","0846","1209","625","369","256","26","651","962","0","67.67","38.36"
"64","000","00","008","0846","1210","575","357","218","26","601","964","0","62.34","37.03"
"64","000","00","008","0847","0000","926","589","337","28","954","1524","0","62.6","38.65"
"64","000","00","008","0847","1211","926","589","337","28","954","1524","0","62.6","38.65"
"64","000","00","008","0848","0000","897","550","347","26","923","1455","0","63.44","37.8"
"64","000","00","008","0848","1212","897","550","347","26","923","1455","0","63.44","37.8"
"64","000","00","008","0849","0000","1458","957","501","44","1502","2528","0","59.41","37.86"
"64","000","00","008","0849","1213","711","476","235","26","737","1272","0","57.94","37.42"
"64","000","00","008","0849","1214","747","481","266","18","765","1256","0","60.91","38.3"
"64","000","00","008","0850","0000","707","484","223","25","732","1203","0","60.85","40.23"
"64","000","00","008","0850","1215","707","484","223","25","732","1203","0","60.85","40.23"
"64","000","00","008","0851","0000","668","436","232","27","695","1062","0","65.44","41.05"
"64","000","00","008","0851","1216","668","436","232","27","695","1062","0","65.44","41.05"
"64","000","00","008","0852","0000","1176","742","434","101","1277","1860","0","68.66","39.89"
"64","000","00","008","0852","1217","535","336","199","44","579","850","0","68.12","39.53"
"64","000","00","008","0852","1218","641","406","235","57","698","1010","0","69.11","40.2"
"64","000","00","008","0853","0000","1220","777","443","54","1274","2055","0","62.0","37.81"
"64","000","00","008","0853","1219","646","402","244","22","668","1118","0","59.75","35.96"
"64","000","00","008","0853","1220","574","375","199","32","606","937","0","64.67","40.02"
"64","000","00","008","0854","0000","1567","973","594","45","1612","2676","0","60.24","36.36"
"64","000","00","008","0854","1221","834","538","296","15","849","1493","0","56.87","36.03"
"64","000","00","008","0854","1222","733","435","298","30","763","1183","0","64.5","36.77"
"64","000","00","008","0855","0000","1543","953","590","62","1605","2680","0","59.89","35.56"
"64","000","00","008","0855","1223","740","458","282","28","768","1318","0","58.27","34.75"
"64","000","00","008","0855","1224","803","495","308","34","837","1362","0","61.45","36.34"
"64","000","00","008","0856","0000","1513","941","572","78","1591","2583","0","61.6","36.43"
"64","000","00","008","0856","1225","645","408","237","45","690","1102","0","62.61","37.02"
"64","000","00","008","0856","1226","868","533","335","33","901","1481","0","60.84","35.99"
"64","000","00","008","0857","0000","1078","706","372","44","1122","1786","0","62.82","39.53"
"64","000","00","008","0857","1227","561","347","214","28","589","878","0","67.08","39.52"
"64","000","00","008","0857","1228","517","359","158","16","533","908","0","58.7","39.54"
"64","000","00","008","0858","0000","1314","844","470","46","1360","2147","0","63.34","39.31"
"64","000","00","008","0858","1229","677","417","260","26","703","1056","0","66.57","39.49"
"64","000","00","008","0858","1230","637","427","210","20","657","1091","0","60.22","39.14"
"64","000","00","008","0859","0000","1304","816","488","48","1352","2039","0","66.31","40.02"
"64","000","00","008","0859","1231","611","387","224","23","634","976","0","64.96","39.65"
"64","000","00","008","0859","1232","693","429","264","25","718","1063","0","67.54","40.36"
"64","000","00","008","0860","0000","1702","1091","611","58","1760","2774","0","63.45","39.33"
"64","000","00","008","0860","1233","912","579","333","34","946","1484","0","63.75","39.02"
"64","000","00","008","0860","1234","790","512","278","24","814","1290","0","63.1","39.69"
"64","000","00","008","0861","0000","2946","1848","1098","84","3030","4982","0","60.82","37.09"
"64","000","00","008","0861","1235","1045","664","381","35","1080","1740","0","62.07","38.16"
"64","000","00","008","0861","1236","948","617","331","31","979","1594","0","61.42","38.71"
"64","000","00","008","0861","1237","953","567","386","18","971","1648","0","58.92","34.41"
"64","000","00","008","0862","0000","2304","1502","802","73","2377","3730","0","63.73","40.27"
"64","000","00","008","0862","1238","779","523","256","33","812","1236","0","65.7","42.31"
"64","000","00","008","0862","1239","747","473","274","19","766","1211","0","63.25","39.06"
"64","000","00","008","0862","1240","778","506","272","21","799","1283","0","62.28","39.44"
"64","000","00","008","0863","0000","2153","1384","769","77","2230","3522","0","63.32","39.3"
"64","000","00","008","0863","1241","1114","730","384","41","1155","1804","0","64.02","40.47"
"64","000","00","008","0863","1242","1039","654","385","36","1075","1718","0","62.57","38.07"
"64","000","00","008","0864","0000","2416","1557","859","108","2524","4053","0","62.27","38.42"
"64","000","00","008","0864","1243","789","505","284","35","824","1297","0","63.53","38.94"
"64","000","00","008","0864","1244","843","541","302","57","900","1449","0","62.11","37.34"
"64","000","00","008","0864","1245","784","511","273","16","800","1307","0","61.21","39.1"
"64","000","00","008","0865","0000","1533","958","575","64","1597","2434","0","65.61","39.36"
"64","000","00","008","0865","1246","731","472","259","26","757","1184","0","63.94","39.86"
"64","000","00","008","0865","1247","802","486","316","38","840","1250","0","67.2","38.88"
"64","000","00","008","0866","0000","1515","960","555","39","1554","2531","0","61.4","37.93"
"64","000","00","008","0866","1248","722","440","282","20","742","1248","0","59.46","35.26"
"64","000","00","008","0866","1249","793","520","273","19","812","1283","0","63.29","40.53"
"64","000","00","008","0867","0000","2321","1526","795","61","2382","3718","0","64.07","41.04"
"64","000","00","008","0867","1250","729","481","248","17","746","1121","0","66.55","42.91"
"64","000","00","008","0867","1251","773","512","261","24","797","1258","0","63.35","40.7"
"64","000","00","008","0867","1252","819","533","286","20","839","1339","0","62.66","39.81"
"64","000","00","008","0868","0000","1130","720","410","46","1176","1986","0","59.21","36.25"
"64","000","00","008","0868","1253","1130","720","410","46","1176","1986","0","59.21","36.25"
"64","000","00","008","0869","0000","1221","865","356","34","1255","1976","0","63.51","43.78"
"64","000","00","008","0869","1254","623","427","196","22","645","1028","0","62.74","41.54"
"64","000","00","008","0869","1255","598","438","160","12","610","948","0","64.35","46.2"
"64","000","00","009","0000","0000","92201","58902","33299","4172","96373","161797","188516","59.56","36.4"
"64","000","00","009","0901","0000","4637","2915","1722","246","4883","9323","0","52.38","31.27"
"64","000","00","009","0901","1484","994","655","339","68","1062","1809","0","58.71","36.21"
"64","000","00","009","0901","1485","943","616","327","48","991","1835","0","54.01","33.57"
"64","000","00","009","0901","1486","795","501","294","46","841","1890","0","44.5","26.51"
"64","000","00","009","0901","1487","991","583","408","46","1037","2013","0","51.52","28.96"
"64","000","00","009","0901","1488","914","560","354","38","952","1776","0","53.6","31.53"
"64","000","00","009","0902","0000","1169","705","464","95","1264","2377","0","53.18","29.66"
"64","000","00","009","0902","1489","793","464","329","50","843","1705","0","49.44","27.21"
"64","000","00","009","0902","1490","376","241","135","45","421","672","0","62.65","35.86"
"64","000","00","009","0903","0000","2702","1671","1031","115","2817","5013","0","56.19","33.33"
"64","000","00","009","0903","1491","827","521","306","45","872","1726","0","50.52","30.19"
"64","000","00","009","0903","1492","920","532","388","20","940","1597","0","58.86","33.31"
"64","000","00","009","0903","1493","955","618","337","50","1005","1690","0","59.47","36.57"
"64","000","00","009","0904","0000","1376","881","495","87","1463","2239","0","65.34","39.35"
"64","000","00","009","0904","1494","634","413","221","51","685","1080","0","63.43","38.24"
"64","000","00","009","0904","1495","742","468","274","36","778","1159","0","67.13","40.38"
"64","000","00","009","0905","0000","726","472","254","41","767","1314","0","58.37","35.92"
"64","000","00","009","0905","1496","726","472","254","41","767","1314","0","58.37","35.92"
"64","000","00","009","0906","0000","1121","689","432","60","1181","1898","0","62.22","36.3"
"64","000","00","009","0906","1497","542","350","192","33","575","896","0","64.17","39.06"
"64","000","00","009","0906","1498","579","339","240","27","606","1002","0","60.48","33.83"
"64","000","00","009","0907","0000","1040","679","361","62","1102","2765","0","39.86","24.56"
"64","000","00","009","0907","1499","1040","679","361","62","1102","2765","0","39.86","24.56"
"64","000","00","009","0908","0000","354","225","129","32","386","600","0","64.33","37.5"
"64","000","00","009","0908","1500","354","225","129","32","386","600","0","64.33","37.5"
"64","000","00","009","0909","0000","570","388","182","29","599","1466","0","40.86","26.47"
"64","000","00","009","0909","1501","570","388","182","29","599","1466","0","40.86","26.47"
"64","000","00","009","0910","0000","832","537","295","39","871","1449","0","60.11","37.06"
"64","000","00","009","0910","1502","832","537","295","39","871","1449","0","60.11","37.06"
"64","000","00","009","0911","0000","1265","841","424","75","1340","2239","0","59.85","37.56"
"64","000","00","009","0911","1503","546","366","180","25","571","991","0","57.62","36.93"
"64","000","00","009","0911","1504","719","475","244","50","769","1248","0","61.62","38.06"
"64","000","00","009","0912","0000","646","414","232","54","700","1066","0","65.67","38.84"
"64","000","00","009","0912","1505","646","414","232","54","700","1066","0","65.67","38.84"
"64","000","00","009","0913","0000","411","266","145","18","429","706","0","60.76","37.68"
"64","000","00","009","0913","1506","411","266","145","18","429","706","0","60.76","37.68"
"64","000","00","009","0914","0000","396","234","162","20","416","713","0","58.35","32.82"
"64","000","00","009","0914","1507","396","234","162","20","416","713","0","58.35","32.82"
"64","000","00","009","0915","0000","743","479","264","32","775","1344","0","57.66","35.64"
"64","000","00","009","0915","1508","743","479","264","32","775","1344","0","57.66","35.64"
"64","000","00","009","0916","0000","995","627","368","59","1054","1729","0","60.96","36.26"
"64","000","00","009","0916","1509","507","328","179","36","543","856","0","63.43","38.32"
"64","000","00","009","0916","1510","488","299","189","23","511","873","0","58.53","34.25"
"64","000","00","009","0917","0000","1236","813","423","50","1286","2226","0","57.77","36.52"
"64","000","00","009","0917","1511","621","409","212","33","654","1114","0","58.71","36.71"
"64","000","00","009","0917","1512","615","404","211","17","632","1112","0","56.83","36.33"
"64","000","00","009","0918","0000","1092","673","419","55","1147","1984","0","57.81","33.92"
"64","000","00","009","0918","1513","588","363","225","31","619","1044","0","59.29","34.77"
"64","000","00","009","0918","1514","504","310","194","24","528","940","0","56.17","32.98"
"64","000","00","009","0919","0000","2370","1427","943","110","2480","4064","0","61.02","35.11"
"64","000","00","009","0919","1515","682","407","275","43","725","1342","0","54.02","30.33"
"64","000","00","009","0919","1516","895","547","348","39","934","1402","0","66.62","39.02"
"64","000","00","009","0919","1517","793","473","320","28","821","1320","0","62.2","35.83"
"64","000","00","009","0920","0000","541","333","208","39","580","958","0","60.54","34.76"
"64","000","00","009","0920","1518","541","333","208","39","580","958","0","60.54","34.76"
"64","000","00","009","0921","0000","1747","1140","607","59","1806","2735","0","66.03","41.68"
"64","000","00","009","0921","1519","861","558","303","20","881","1276","0","69.04","43.73"
"64","000","00","009","0921","1520","886","582","304","39","925","1459","0","63.4","39.89"
"64","000","00","009","0922","0000","393","250","143","18","411","761","0","54.01","32.85"
"64","000","00","009","0922","1521","393","250","143","18","411","761","0","54.01","32.85"
"64","000","00","009","0923","0000","622","374","248","19","641","1093","0","58.65","34.22"
"64","000","00","009","0923","1522","622","374","248","19","641","1093","0","58.65","34.22"
"64","000","00","009","0924","0000","2837","1969","868","95","2932","4899","0","59.85","40.19"
"64","000","00","009","0924","1523","931","679","252","38","969","1521","0","63.71","44.64"
"64","000","00","009","0924","1524","947","661","286","26","973","1557","0","62.49","42.45"
"64","000","00","009","0924","1525","959","629","330","31","990","1821","0","54.37","34.54"
"64","000","00","009","0925","0000","1370","997","373","47","1417","2112","0","67.09","47.21"
"64","000","00","009","0925","1526","701","504","197","36","737","1066","0","69.14","47.28"
"64","000","00","009","0925","1527","669","493","176","11","680","1046","0","65.01","47.13"
"64","000","00","009","0928","0000","1988","1251","737","87","2075","3432","0","60.46","36.45"
"64","000","00","009","0928","1528","973","597","376","38","1011","1709","0","59.16","34.93"
"64","000","00","009","0928","1529","1015","654","361","49","1064","1723","0","61.75","37.96"
"64","000","00","009","0929","0000","2572","1602","970","78","2650","3994","0","66.35","40.11"
"64","000","00","009","0929","1530","765","463","302","26","791","1202","0","65.81","38.52"
"64","000","00","009","0929","1531","851","524","327","28","879","1279","0","68.73","40.97"
"64","000","00","009","0929","1532","956","615","341","24","980","1513","0","64.77","40.65"
"64","000","00","009","0930","0000","748","473","275","21","769","1260","0","61.03","37.54"
"64","000","00","009","0930","1533","748","473","275","21","769","1260","0","61.03","37.54"
"64","000","00","009","0931","0000","1449","919","530","83","1532","2279","0","67.22","40.32"
"64","000","00","009","0931","1534","713","450","263","51","764","1139","0","67.08","39.51"
"64","000","00","009","0931","1535","736","469","267","32","768","1140","0","67.37","41.14"
"64","000","00","009","0932","0000","1712","1032","680","80","1792","2821","0","63.52","36.58"
"64","000","00","009","0932","1536","893","501","392","46","939","1462","0","64.23","34.27"
"64","000","00","009","0932","1537","819","531","288","34","853","1359","0","62.77","39.07"
"64","000","00","009","0933","0000","1040","670","370","51","1091","2037","0","53.56","32.89"
"64","000","00","009","0933","1538","1040","670","370","51","1091","2037","0","53.56","32.89"
"64","000","00","009","0934","0000","1565","983","582","34","1599","2717","0","58.85","36.18"
"64","000","00","009","0934","1539","803","504","299","19","822","1410","0","58.3","35.74"
"64","000","00","009","0934","1540","762","479","283","15","777","1307","0","59.45","36.65"
"64","000","00","009","0935","0000","1709","1052","657","95","1804","3003","0","60.07","35.03"
"64","000","00","009","0935","1541","829","514","315","59","888","1512","0","58.73","33.99"
"64","000","00","009","0935","1542","880","538","342","36","916","1491","0","61.44","36.08"
"64","000","00","009","0936","0000","1708","1110","598","68","1776","3143","0","56.51","35.32"
"64","000","00","009","0936","1543","912","601","311","43","955","1621","0","58.91","37.08"
"64","000","00","009","0936","1544","796","509","287","25","821","1522","0","53.94","33.44"
"64","000","00","009","0937","0000","3142","1984","1158","149","3291","5348","0","61.54","37.1"
"64","000","00","009","0937","1545","916","553","363","52","968","1593","0","60.77","34.71"
"64","000","00","009","0937","1546","1122","729","393","50","1172","1885","0","62.18","38.67"
"64","000","00","009","0937","1547","1104","702","402","47","1151","1870","0","61.55","37.54"
"64","000","00","009","0938","0000","1644","1053","591","65","1709","2736","0","62.46","38.49"
"64","000","00","009","0938","1548","835","535","300","30","865","1388","0","62.32","38.54"
"64","000","00","009","0938","1549","809","518","291","35","844","1348","0","62.61","38.43"
"64","000","00","009","0939","0000","1586","1039","547","90","1676","2705","0","61.96","38.41"
"64","000","00","009","0939","1550","727","495","232","59","786","1341","0","58.61","36.91"
"64","000","00","009","0939","1551","859","544","315","31","890","1364","0","65.25","39.88"
"64","000","00","009","0940","0000","1562","994","568","86","1648","2693","0","61.2","36.91"
"64","000","00","009","0940","1552","794","505","289","46","840","1367","0","61.45","36.94"
"64","000","00","009","0940","1553","768","489","279","40","808","1326","0","60.94","36.88"
"64","000","00","009","0941","0000","1304","1000","304","45","1349","2178","0","61.94","45.91"
"64","000","00","009","0941","1554","615","478","137","31","646","1059","0","61.0","45.14"
"64","000","00","009","0941","1555","689","522","167","14","703","1119","0","62.82","46.65"
"64","000","00","009","0942","0000","3921","2459","1462","114","4035","6642","0","60.75","37.02"
"64","000","00","009","0942","1556","876","512","364","26","902","1565","0","57.64","32.72"
"64","000","00","009","0942","1557","884","564","320","44","928","1549","0","59.91","36.41"
"64","000","00","009","0942","1558","1080","683","397","21","1101","1691","0","65.11","40.39"
"64","000","00","009","0942","1559","1081","700","381","23","1104","1837","0","60.1","38.11"
"64","000","00","009","0943","0000","1366","874","492","56","1422","2218","0","64.11","39.4"
"64","000","00","009","0943","1560","689","451","238","18","707","1092","0","64.74","41.3"
"64","000","00","009","0943","1561","677","423","254","38","715","1126","0","63.5","37.57"
"64","000","00","009","0944","0000","2528","1572","956","87","2615","4106","0","63.69","38.29"
"64","000","00","009","0944","1562","669","419","250","48","717","1215","0","59.01","34.49"
"64","000","00","009","0944","1563","872","537","335","24","896","1443","0","62.09","37.21"
"64","000","00","009","0944","1564","987","616","371","15","1002","1448","0","69.2","42.54"
"64","000","00","009","0945","0000","1556","1000","556","84","1640","3251","0","50.45","30.76"
"64","000","00","009","0945","1565","974","634","340","43","1017","1648","0","61.71","38.47"
"64","000","00","009","0945","1566","582","366","216","41","623","1603","0","38.86","22.83"
"64","000","00","009","0946","0000","804","523","281","32","836","1596","0","52.38","32.77"
"64","000","00","009","0946","1567","804","523","281","32","836","1596","0","52.38","32.77"
"64","000","00","009","0947","0000","2566","1689","877","147","2713","4607","0","58.89","36.66"
"64","000","00","009","0947","1568","778","516","262","34","812","1450","0","56.0","35.59"
"64","000","00","009","0947","1569","796","530","266","61","857","1510","0","56.75","35.1"
"64","000","00","009","0947","1570","992","643","349","52","1044","1647","0","63.39","39.04"
"64","000","00","009","0948","0000","1512","987","525","65","1577","2726","0","57.85","36.21"
"64","000","00","009","0948","1571","755","493","262","35","790","1342","0","58.87","36.74"
"64","000","00","009","0948","1572","757","494","263","30","787","1384","0","56.86","35.69"
"64","000","00","009","0949","0000","2675","1719","956","110","2785","4620","0","60.28","37.21"
"64","000","00","009","0949","1573","818","558","260","44","862","1479","0","58.28","37.73"
"64","000","00","009","0949","1574","919","604","315","22","941","1546","0","60.87","39.07"
"64","000","00","009","0949","1575","938","557","381","44","982","1595","0","61.57","34.92"
"64","000","00","009","0950","0000","1329","880","449","58","1387","2283","0","60.75","38.55"
"64","000","00","009","0950","1576","719","467","252","35","754","1201","0","62.78","38.88"
"64","000","00","009","0950","1577","610","413","197","23","633","1082","0","58.5","38.17"
"64","000","00","009","0951","0000","1109","626","483","55","1164","1928","0","60.37","32.47"
"64","000","00","009","0951","1578","544","342","202","26","570","996","0","57.23","34.34"
"64","000","00","009","0951","1579","565","284","281","29","594","932","0","63.73","30.47"
"64","000","00","009","0952","0000","2195","1357","838","71","2266","3574","0","63.4","37.97"
"64","000","00","009","0952","1580","672","408","264","33","705","1146","0","61.52","35.6"
"64","000","00","009","0952","1581","654","414","240","26","680","1096","0","62.04","37.77"
"64","000","00","009","0952","1582","869","535","334","12","881","1332","0","66.14","40.17"
"64","000","00","009","0953","0000","2041","1271","770","115","2156","3477","0","62.01","36.55"
"64","000","00","009","0953","1583","700","421","279","24","724","1175","0","61.62","35.83"
"64","000","00","009","0953","1584","567","363","204","39","606","986","0","61.46","36.82"
"64","000","00","009","0953","1585","774","487","287","52","826","1316","0","62.77","37.01"
"64","000","00","009","0954","0000","1775","1108","667","87","1862","3181","0","58.54","34.83"
"64","000","00","009","0954","1586","819","482","337","40","859","1559","0","55.1","30.92"
"64","000","00","009","0954","1587","956","626","330","47","1003","1622","0","61.84","38.59"
"64","000","00","009","0955","0000","1588","1093","495","74","1662","2609","0","63.7","41.89"
"64","000","00","009","0955","1588","782","557","225","25","807","1310","0","61.6","42.52"
"64","000","00","009","0955","1589","806","536","270","49","855","1299","0","65.82","41.26"
"64","000","00","009","0956","0000","1552","1037","515","58","1610","2566","0","62.74","40.41"
"64","000","00","009","0956","1590","769","522","247","32","801","1191","0","67.25","43.83"
"64","000","00","009","0956","1591","783","515","268","26","809","1375","0","58.84","37.45"
"64","000","00","009","0957","0000","1461","906","555","56","1517","2513","0","60.37","36.05"
"64","000","00","009","0957","1592","785","494","291","33","818","1338","0","61.14","36.92"
"64","000","00","009","0957","1593","676","412","264","23","699","1175","0","59.49","35.06"
"64","000","00","009","0958","0000","1530","951","579","57","1587","2544","0","62.38","37.38"
"64","000","00","009","0958","1594","769","473","296","18","787","1357","0","58.0","34.86"
"64","000","00","009","0958","1595","761","478","283","39","800","1187","0","67.4","40.27"
"64","000","00","009","0959","0000","1423","907","516","74","1497","2383","0","62.82","38.06"
"64","000","00","009","0959","1596","686","457","229","27","713","1164","0","61.25","39.26"
"64","000","00","009","0959","1597","737","450","287","47","784","1219","0","64.32","36.92"
"64","000","00","009","0960","0000","2597","1638","959","94","2691","4454","0","60.42","36.78"
"64","000","00","009","0960","1598","805","524","281","19","824","1428","0","57.7","36.69"
"64","000","00","009","0960","1599","847","540","307","45","892","1495","0","59.67","36.12"
"64","000","00","009","0960","1600","945","574","371","30","975","1531","0","63.68","37.49"
"64","000","00","009","0961","0000","1753","1144","609","90","1843","3100","0","59.45","36.9"
"64","000","00","009","0961","1601","864","556","308","44","908","1509","0","60.17","36.85"
"64","000","00","009","0961","1602","889","588","301","46","935","1591","0","58.77","36.96"
"64","000","00","010","0000","0000","12799","8235","4564","698","13497","24860","28533","54.29","33.13"
"64","000","00","010","1001","0000","707","447","260","43","750","1177","0","63.72","37.98"
"64","000","00","010","1001","0869","707","447","260","43","750","1177","0","63.72","37.98"
"64","000","00","010","1002","0000","575","390","185","33","608","1109","0","54.82","35.17"
"64","000","00","010","1002","0870","575","390","185","33","608","1109","0","54.82","35.17"
"64","000","00","010","1003","0000","816","502","314","22","838","1642","0","51.04","30.57"
"64","000","00","010","1003","0871","816","502","314","22","838","1642","0","51.04","30.57"
"64","000","00","010","1004","0000","1173","768","405","94","1267","2321","0","54.59","33.09"
"64","000","00","010","1004","0872","614","409","205","59","673","1209","0","55.67","33.83"
"64","000","00","010","1004","0873","559","359","200","35","594","1112","0","53.42","32.28"
"64","000","00","010","1005","0000","1545","1034","511","76","1621","2943","0","55.08","35.13"
"64","000","00","010","1005","0874","843","571","272","44","887","1483","0","59.81","38.5"
"64","000","00","010","1005","0875","702","463","239","32","734","1460","0","50.27","31.71"
"64","000","00","010","1006","0000","905","574","331","96","1001","1572","0","63.68","36.51"
"64","000","00","010","1006","0876","905","574","331","96","1001","1572","0","63.68","36.51"
"64","000","00","010","1007","0000","674","443","231","25","699","1384","0","50.51","32.01"
"64","000","00","010","1007","0877","674","443","231","25","699","1384","0","50.51","32.01"
"64","000","00","010","1008","0000","1296","815","481","55","1351","2629","0","51.39","31.0"
"64","000","00","010","1008","0878","701","447","254","22","723","1390","0","52.01","32.16"
"64","000","00","010","1008","0879","595","368","227","33","628","1239","0","50.69","29.7"
"64","000","00","010","1009","0000","1073","664","409","51","1124","2045","0","54.96","32.47"
"64","000","00","010","1009","0880","1073","664","409","51","1124","2045","0","54.96","32.47"
"64","000","00","010","1010","0000","1387","892","495","82","1469","2759","0","53.24","32.33"
"64","000","00","010","1010","0881","458","307","151","24","482","893","0","53.98","34.38"
"64","000","00","010","1010","0882","929","585","344","58","987","1866","0","52.89","31.35"
"64","000","00","010","1011","0000","852","548","304","29","881","1874","0","47.01","29.24"
"64","000","00","010","1011","0883","852","548","304","29","881","1874","0","47.01","29.24"
"64","000","00","010","1012","0000","425","257","168","37","462","893","0","51.74","28.78"
"64","000","00","010","1012","0884","425","257","168","37","462","893","0","51.74","28.78"
"64","000","00","010","1013","0000","1371","901","470","55","1426","2512","0","56.77","35.87"
"64","000","00","010","1013","0885","704","456","248","30","734","1215","0","60.41","37.53"
"64","000","00","010","1013","0886","667","445","222","25","692","1297","0","53.35","34.31"
"64","000","00","011","0000","0000","76001","47424","28577","3188","79189","132733","157685","59.66","35.73"
"64","000","00","011","1101","0000","1405","910","495","63","1468","2279","0","64.41","39.93"
"64","000","00","011","1101","1603","700","465","235","21","721","1108","0","65.07","41.97"
"64","000","00","011","1101","1604","705","445","260","42","747","1171","0","63.79","38.0"
"64","000","00","011","1102","0000","1854","1104","750","38","1892","3225","0","58.67","34.23"
"64","000","00","011","1102","1605","952","546","406","20","972","1557","0","62.43","35.07"
"64","000","00","011","1102","1606","902","558","344","18","920","1668","0","55.16","33.45"
"64","000","00","011","1103","0000","1571","1018","553","48","1619","2555","0","63.37","39.84"
"64","000","00","011","1103","1607","757","515","242","20","777","1183","0","65.68","43.53"
"64","000","00","011","1103","1608","814","503","311","28","842","1372","0","61.37","36.66"
"64","000","00","011","1104","0000","1023","644","379","51","1074","1737","0","61.83","37.08"
"64","000","00","011","1104","1609","1023","644","379","51","1074","1737","0","61.83","37.08"
"64","000","00","011","1105","0000","1693","985","708","81","1774","3144","0","56.42","31.33"
"64","000","00","011","1105","1610","863","455","408","46","909","1586","0","57.31","28.69"
"64","000","00","011","1105","1611","830","530","300","35","865","1558","0","55.52","34.02"
"64","000","00","011","1106","0000","1568","988","580","74","1642","2533","0","64.82","39.01"
"64","000","00","011","1106","1612","826","534","292","38","864","1284","0","67.29","41.59"
"64","000","00","011","1106","1613","742","454","288","36","778","1249","0","62.29","36.35"
"64","000","00","011","1107","0000","1087","667","420","54","1141","2400","0","47.54","27.79"
"64","000","00","011","1107","1614","1087","667","420","54","1141","2400","0","47.54","27.79"
"64","000","00","011","1108","0000","1388","925","463","62","1450","2260","0","64.16","40.93"
"64","000","00","011","1108","1615","748","497","251","24","772","1181","0","65.37","42.08"
"64","000","00","011","1108","1616","640","428","212","38","678","1079","0","62.84","39.67"
"64","000","00","011","1109","0000","1489","893","596","71","1560","2576","0","60.56","34.67"
"64","000","00","011","1109","1617","758","438","320","34","792","1335","0","59.33","32.81"
"64","000","00","011","1109","1618","731","455","276","37","768","1241","0","61.89","36.66"
"64","000","00","011","1110","0000","3360","2116","1244","133","3493","5796","0","60.27","36.51"
"64","000","00","011","1110","1619","849","540","309","35","884","1513","0","58.43","35.69"
"64","000","00","011","1110","1620","808","509","299","50","858","1349","0","63.6","37.73"
"64","000","00","011","1110","1621","834","528","306","38","872","1483","0","58.8","35.6"
"64","000","00","011","1110","1622","869","539","330","10","879","1451","0","60.58","37.15"
"64","000","00","011","1111","0000","1483","914","569","66","1549","2503","0","61.89","36.52"
"64","000","00","011","1111","1623","675","416","259","22","697","1241","0","56.16","33.52"
"64","000","00","011","1111","1624","808","498","310","44","852","1262","0","67.51","39.46"
"64","000","00","011","1112","0000","2066","1304","762","72","2138","3690","0","57.94","35.34"
"64","000","00","011","1112","1625","1071","669","402","42","1113","1813","0","61.39","36.9"
"64","000","00","011","1112","1626","995","635","360","30","1025","1877","0","54.61","33.83"
"64","000","00","011","1113","0000","1705","1043","662","46","1751","2844","0","61.57","36.67"
"64","000","00","011","1113","1627","809","477","332","21","830","1391","0","59.67","34.29"
"64","000","00","011","1113","1628","896","566","330","25","921","1453","0","63.39","38.95"
"64","000","00","011","1114","0000","2386","1535","851","92","2478","4056","0","61.09","37.85"
"64","000","00","011","1114","1629","789","508","281","34","823","1374","0","59.9","36.97"
"64","000","00","011","1114","1630","786","511","275","21","807","1348","0","59.87","37.91"
"64","000","00","011","1114","1631","811","516","295","37","848","1334","0","63.57","38.68"
"64","000","00","011","1115","0000","2534","1532","1002","90","2624","4369","0","60.06","35.07"
"64","000","00","011","1115","1632","831","488","343","23","854","1433","0","59.6","34.05"
"64","000","00","011","1115","1633","790","473","317","17","807","1448","0","55.73","32.67"
"64","000","00","011","1115","1634","913","571","342","50","963","1488","0","64.72","38.37"
"64","000","00","011","1116","0000","1644","1046","598","71","1715","2584","0","66.37","40.48"
"64","000","00","011","1116","1635","760","491","269","43","803","1278","0","62.83","38.42"
"64","000","00","011","1116","1636","884","555","329","28","912","1306","0","69.83","42.5"
"64","000","00","011","1117","0000","1942","1205","737","104","2046","3265","0","62.66","36.91"
"64","000","00","011","1117","1637","942","605","337","49","991","1625","0","60.98","37.23"
"64","000","00","011","1117","1638","1000","600","400","55","1055","1640","0","64.33","36.59"
"64","000","00","011","1118","0000","1619","1060","559","83","1702","2944","0","57.81","36.01"
"64","000","00","011","1118","1639","852","552","300","40","892","1506","0","59.23","36.65"
"64","000","00","011","1118","1640","767","508","259","43","810","1438","0","56.33","35.33"
"64","000","00","011","1119","0000","1373","915","458","46","1419","2272","0","62.46","40.27"
"64","000","00","011","1119","1641","722","485","237","28","750","1105","0","67.87","43.89"
"64","000","00","011","1119","1642","651","430","221","18","669","1167","0","57.33","36.85"
"64","000","00","011","1120","0000","2440","1506","934","107","2547","4039","0","63.06","37.29"
"64","000","00","011","1120","1643","866","539","327","28","894","1420","0","62.96","37.96"
"64","000","00","011","1120","1644","857","507","350","55","912","1380","0","66.09","36.74"
"64","000","00","011","1120","1645","717","460","257","24","741","1239","0","59.81","37.13"
"64","000","00","011","1121","0000","1889","1234","655","84","1973","3207","0","61.52","38.48"
"64","000","00","011","1121","1646","935","644","291","41","976","1563","0","62.44","41.2"
"64","000","00","011","1121","1647","954","590","364","43","997","1644","0","60.64","35.89"
"64","000","00","011","1122","0000","6172","3892","2280","259","6431","11107","0","57.9","35.04"
"64","000","00","011","1122","1648","1064","705","359","44","1108","1895","0","58.47","37.2"
"64","000","00","011","1122","1649","962","608","354","55","1017","1748","0","58.18","34.78"
"64","000","00","011","1122","1650","922","573","349","48","970","1579","0","61.43","36.29"
"64","000","00","011","1122","1651","1171","739","432","32","1203","2135","0","56.35","34.61"
"64","000","00","011","1122","1652","986","621","365","39","1025","1728","0","59.32","35.94"
"64","000","00","011","1122","1653","1067","646","421","41","1108","2022","0","54.8","31.95"
"64","000","00","011","1123","0000","2184","1393","791","86","2270","3916","0","57.97","35.57"
"64","000","00","011","1123","1654","671","460","211","24","695","1329","0","52.29","34.61"
"64","000","00","011","1123","1655","765","481","284","23","788","1320","0","59.7","36.44"
"64","000","00","011","1123","1656","748","452","296","39","787","1267","0","62.12","35.67"
"64","000","00","011","1124","0000","1607","994","613","60","1667","2587","0","64.44","38.42"
"64","000","00","011","1124","1657","794","488","306","40","834","1298","0","64.25","37.6"
"64","000","00","011","1124","1658","813","506","307","20","833","1289","0","64.62","39.26"
"64","000","00","011","1125","0000","1817","1163","654","71","1888","3028","0","62.35","38.41"
"64","000","00","011","1125","1659","936","589","347","36","972","1534","0","63.36","38.4"
"64","000","00","011","1125","1660","881","574","307","35","916","1494","0","61.31","38.42"
"64","000","00","011","1126","0000","1652","1045","607","67","1719","2721","0","63.18","38.4"
"64","000","00","011","1126","1661","818","522","296","39","857","1377","0","62.24","37.91"
"64","000","00","011","1126","1662","834","523","311","28","862","1344","0","64.14","38.91"
"64","000","00","011","1127","0000","3288","2030","1258","109","3397","5757","0","59.01","35.26"
"64","000","00","011","1127","1663","860","515","345","33","893","1508","0","59.22","34.15"
"64","000","00","011","1127","1664","787","501","286","25","812","1400","0","58.0","35.79"
"64","000","00","011","1127","1665","871","532","339","31","902","1457","0","61.91","36.51"
"64","000","00","011","1127","1666","770","482","288","20","790","1392","0","56.75","34.63"
"64","000","00","011","1128","0000","2491","1537","954","116","2607","4487","0","58.1","34.25"
"64","000","00","011","1128","1667","1040","662","378","73","1113","1983","0","56.13","33.38"
"64","000","00","011","1128","1668","701","432","269","19","720","1204","0","59.8","35.88"
"64","000","00","011","1128","1669","750","443","307","24","774","1300","0","59.54","34.08"
"64","000","00","011","1129","0000","1992","1257","735","82","2074","3423","0","60.59","36.72"
"64","000","00","011","1129","1670","1100","677","423","61","1161","1857","0","62.52","36.46"
"64","000","00","011","1129","1671","892","580","312","21","913","1566","0","58.3","37.04"
"64","000","00","011","1130","0000","1610","981","629","99","1709","2579","0","66.27","38.04"
"64","000","00","011","1130","1672","836","500","336","46","882","1343","0","65.67","37.23"
"64","000","00","011","1130","1673","774","481","293","53","827","1236","0","66.91","38.92"
"64","000","00","011","1131","0000","4531","2807","1724","156","4687","7715","0","60.75","36.38"
"64","000","00","011","1131","1674","937","593","344","59","996","1564","0","63.68","37.92"
"64","000","00","011","1131","1675","871","560","311","25","896","1484","0","60.38","37.74"
"64","000","00","011","1131","1676","878","540","338","19","897","1477","0","60.73","36.56"
"64","000","00","011","1131","1677","906","525","381","24","930","1482","0","62.75","35.43"
"64","000","00","011","1131","1678","939","589","350","29","968","1708","0","56.67","34.48"
"64","000","00","011","1132","0000","1958","1145","813","75","2033","3576","0","56.85","32.02"
"64","000","00","011","1132","1679","1029","597","432","49","1078","1867","0","57.74","31.98"
"64","000","00","011","1132","1680","929","548","381","26","955","1709","0","55.88","32.07"
"64","000","00","011","1133","0000","1578","978","600","77","1655","3121","0","53.03","31.34"
"64","000","00","011","1133","1681","768","460","308","45","813","1425","0","57.05","32.28"
"64","000","00","011","1133","1682","810","518","292","32","842","1696","0","49.65","30.54"
"64","000","00","011","1134","0000","1605","960","645","92","1697","3053","0","55.58","31.44"
"64","000","00","011","1134","1683","765","452","313","28","793","1522","0","52.1","29.7"
"64","000","00","011","1134","1684","840","508","332","64","904","1531","0","59.05","33.18"
"64","000","00","011","1135","0000","1159","740","419","75","1234","2215","0","55.71","33.41"
"64","000","00","011","1135","1685","1159","740","419","75","1234","2215","0","55.71","33.41"
"64","000","00","011","1136","0000","1712","1052","660","60","1772","3050","0","58.1","34.49"
"64","000","00","011","1136","1686","879","555","324","32","911","1515","0","60.13","36.63"
"64","000","00","011","1136","1687","833","497","336","28","861","1535","0","56.09","32.38"
"64","000","00","011","1137","0000","1337","794","543","49","1386","2493","0","55.6","31.85"
"64","000","00","011","1137","1688","713","423","290","18","731","1276","0","57.29","33.15"
"64","000","00","011","1137","1689","624","371","253","31","655","1217","0","53.82","30.48"
"64","000","00","011","1138","0000","1789","1112","677","119","1908","3627","0","52.61","30.66"
"64","000","00","011","1138","1690","821","526","295","48","869","1707","0","50.91","30.81"
"64","000","00","011","1138","1691","968","586","382","71","1039","1920","0","54.11","30.52"
"64","000","00","012","0000","0000","174924","112232","62692","6965","181889","300510","359100","60.53","37.35"
"64","000","00","012","1201","0000","269","180","89","7","276","423","0","65.25","42.55"
"64","000","00","012","1201","1306","269","180","89","7","276","423","0","65.25","42.55"
"64","000","00","012","1202","0000","368","231","137","19","387","618","0","62.62","37.38"
"64","000","00","012","1202","1305","368","231","137","19","387","618","0","62.62","37.38"
"64","000","00","012","1203","0000","753","478","275","48","801","1312","0","61.05","36.43"
"64","000","00","012","1203","1307","753","478","275","48","801","1312","0","61.05","36.43"
"64","000","00","012","1204","0000","592","368","224","35","627","875","0","71.66","42.06"
"64","000","00","012","1204","1321","592","368","224","35","627","875","0","71.66","42.06"
"64","000","00","012","1205","0000","541","366","175","17","558","882","0","63.27","41.5"
"64","000","00","012","1205","1314","541","366","175","17","558","882","0","63.27","41.5"
"64","000","00","012","1206","0000","1236","765","471","43","1279","1982","0","64.53","38.6"
"64","000","00","012","1206","1308","453","275","178","24","477","769","0","62.03","35.76"
"64","000","00","012","1206","1309","783","490","293","19","802","1213","0","66.12","40.4"
"64","000","00","012","1207","0000","683","421","262","40","723","1080","0","66.94","38.98"
"64","000","00","012","1207","1256","683","421","262","40","723","1080","0","66.94","38.98"
"64","000","00","012","1208","0000","2145","1373","772","99","2244","3395","0","66.1","40.44"
"64","000","00","012","1208","1334","730","453","277","41","771","1159","0","66.52","39.09"
"64","000","00","012","1208","1335","643","429","214","30","673","1127","0","59.72","38.07"
"64","000","00","012","1208","1336","772","491","281","28","800","1109","0","72.14","44.27"
"64","000","00","012","1209","0000","4580","2889","1691","175","4755","8473","0","56.12","34.1"
"64","000","00","012","1209","1268","864","532","332","39","903","1496","0","60.36","35.56"
"64","000","00","012","1209","1269","1016","617","399","39","1055","2094","0","50.38","29.47"
"64","000","00","012","1209","1270","915","577","338","28","943","1672","0","56.4","34.51"
"64","000","00","012","1209","1271","962","622","340","18","980","1761","0","55.65","35.32"
"64","000","00","012","1209","1272","823","541","282","51","874","1450","0","60.28","37.31"
"64","000","00","012","1210","0000","497","331","166","25","522","819","0","63.74","40.42"
"64","000","00","012","1210","1257","497","331","166","25","522","819","0","63.74","40.42"
"64","000","00","012","1211","0000","2127","1330","797","75","2202","3533","0","62.33","37.65"
"64","000","00","012","1211","1277","744","478","266","32","776","1247","0","62.23","38.33"
"64","000","00","012","1211","1278","660","387","273","20","680","1087","0","62.56","35.6"
"64","000","00","012","1211","1279","723","465","258","23","746","1199","0","62.22","38.78"
"64","000","00","012","1212","0000","2819","1814","1005","111","2930","4957","0","59.11","36.59"
"64","000","00","012","1212","1260","753","483","270","24","777","1223","0","63.53","39.49"
"64","000","00","012","1212","1261","725","486","239","30","755","1207","0","62.55","40.27"
"64","000","00","012","1212","1262","718","472","246","31","749","1339","0","55.94","35.25"
"64","000","00","012","1212","1263","623","373","250","26","649","1188","0","54.63","31.4"
"64","000","00","012","1213","0000","1398","913","485","50","1448","2465","0","58.74","37.04"
"64","000","00","012","1213","1340","780","510","270","38","818","1432","0","57.12","35.61"
"64","000","00","012","1213","1341","618","403","215","12","630","1033","0","60.99","39.01"
"64","000","00","012","1214","0000","3277","2186","1091","108","3385","5972","0","56.68","36.6"
"64","000","00","012","1214","1362","834","552","282","31","865","1521","0","56.87","36.29"
"64","000","00","012","1214","1363","733","473","260","24","757","1407","0","53.8","33.62"
"64","000","00","012","1214","1364","902","623","279","39","941","1542","0","61.02","40.4"
"64","000","00","012","1214","1365","808","538","270","14","822","1502","0","54.73","35.82"
"64","000","00","012","1215","0000","2404","1727","677","93","2497","4111","0","60.74","42.01"
"64","000","00","012","1215","1366","792","525","267","34","826","1320","0","62.58","39.77"
"64","000","00","012","1215","1367","812","612","200","28","840","1507","0","55.74","40.61"
"64","000","00","012","1215","1368","800","590","210","31","831","1284","0","64.72","45.95"
"64","000","00","012","1216","0000","2681","1731","950","112","2793","4722","0","59.15","36.66"
"64","000","00","012","1216","1445","616","380","236","29","645","1058","0","60.96","35.92"
"64","000","00","012","1216","1446","600","409","191","33","633","976","0","64.86","41.91"
"64","000","00","012","1216","1447","811","523","288","22","833","1545","0","53.92","33.85"
"64","000","00","012","1216","1448","654","419","235","28","682","1143","0","59.67","36.66"
"64","000","00","012","1217","0000","3680","2380","1300","196","3876","6769","0","57.26","35.16"
"64","000","00","012","1217","1407","686","474","212","30","716","1314","0","54.49","36.07"
"64","000","00","012","1217","1408","861","525","336","25","886","1649","0","53.73","31.84"
"64","000","00","012","1217","1409","838","515","323","81","919","1601","0","57.4","32.17"
"64","000","00","012","1217","1410","679","446","233","22","701","1155","0","60.69","38.61"
"64","000","00","012","1217","1411","616","420","196","38","654","1050","0","62.29","40.0"
"64","000","00","012","1218","0000","3017","1999","1018","121","3138","4988","0","62.91","40.08"
"64","000","00","012","1218","1342","764","511","253","39","803","1253","0","64.09","40.78"
"64","000","00","012","1218","1343","731","473","258","19","750","1217","0","61.63","38.87"
"64","000","00","012","1218","1344","799","541","258","28","827","1267","0","65.27","42.7"
"64","000","00","012","1218","1345","723","474","249","35","758","1251","0","60.59","37.89"
"64","000","00","012","1219","0000","2824","1804","1020","99","2923","4562","0","64.07","39.54"
"64","000","00","012","1219","1325","640","410","230","25","665","974","0","68.28","42.09"
"64","000","00","012","1219","1326","582","364","218","29","611","987","0","61.9","36.88"
"64","000","00","012","1219","1327","789","528","261","13","802","1210","0","66.28","43.64"
"64","000","00","012","1219","1328","813","502","311","32","845","1391","0","60.75","36.09"
"64","000","00","012","1220","0000","2316","1521","795","71","2387","3682","0","64.83","41.31"
"64","000","00","012","1220","1337","1156","751","405","34","1190","1879","0","63.33","39.97"
"64","000","00","012","1220","1338","1160","770","390","37","1197","1803","0","66.39","42.71"
"64","000","00","012","1221","0000","961","618","343","69","1030","2513","0","40.99","24.59"
"64","000","00","012","1221","1316","498","322","176","43","541","853","0","63.42","37.75"
"64","000","00","012","1221","1317","463","296","167","26","489","1660","0","29.46","17.83"
"64","000","00","012","1222","0000","1692","1157","535","61","1753","2926","0","59.91","39.54"
"64","000","00","012","1222","1369","803","515","288","18","821","1441","0","56.97","35.74"
"64","000","00","012","1222","1370","889","642","247","43","932","1485","0","62.76","43.23"
"64","000","00","012","1224","0000","1963","1274","689","79","2042","3411","0","59.87","37.35"
"64","000","00","012","1224","1275","1032","668","364","44","1076","1713","0","62.81","39.0"
"64","000","00","012","1224","1276","931","606","325","35","966","1698","0","56.89","35.69"
"64","000","00","012","1225","0000","1635","1028","607","44","1679","2870","0","58.5","35.82"
"64","000","00","012","1225","1387","857","532","325","20","877","1525","0","57.51","34.89"
"64","000","00","012","1225","1388","778","496","282","24","802","1345","0","59.63","36.88"
"64","000","00","012","1226","0000","2872","1798","1074","102","2974","4708","0","63.17","38.19"
"64","000","00","012","1226","1383","561","336","225","27","588","942","0","62.42","35.67"
"64","000","00","012","1226","1384","716","482","234","22","738","1206","0","61.19","39.97"
"64","000","00","012","1226","1385","741","465","276","22","763","1159","0","65.83","40.12"
"64","000","00","012","1226","1386","854","515","339","31","885","1401","0","63.17","36.76"
"64","000","00","012","1227","0000","3784","2454","1330","169","3953","6189","0","63.87","39.65"
"64","000","00","012","1227","1429","842","518","324","40","882","1405","0","62.78","36.87"
"64","000","00","012","1227","1430","693","469","224","32","725","1097","0","66.09","42.75"
"64","000","00","012","1227","1431","778","487","291","46","824","1248","0","66.03","39.02"
"64","000","00","012","1227","1432","734","483","251","30","764","1225","0","62.37","39.43"
"64","000","00","012","1227","1433","737","497","240","21","758","1214","0","62.44","40.94"
"64","000","00","012","1228","0000","1841","1177","664","107","1948","3269","0","59.59","36.0"
"64","000","00","012","1228","1437","540","352","188","38","578","968","0","59.71","36.36"
"64","000","00","012","1228","1438","659","424","235","35","694","1200","0","57.83","35.33"
"64","000","00","012","1228","1439","642","401","241","34","676","1101","0","61.4","36.42"
"64","000","00","012","1229","0000","3252","2090","1162","176","3428","5759","0","59.52","36.29"
"64","000","00","012","1229","1474","614","383","231","36","650","1042","0","62.38","36.76"
"64","000","00","012","1229","1475","636","411","225","33","669","1098","0","60.93","37.43"
"64","000","00","012","1229","1476","683","457","226","23","706","1284","0","54.98","35.59"
"64","000","00","012","1229","1477","672","421","251","39","711","1242","0","57.25","33.9"
"64","000","00","012","1229","1478","647","418","229","45","692","1093","0","63.31","38.24"
"64","000","00","012","1230","0000","3090","2059","1031","167","3257","5398","0","60.34","38.14"
"64","000","00","012","1230","1349","864","557","307","31","895","1588","0","56.36","35.08"
"64","000","00","012","1230","1350","759","549","210","37","796","1255","0","63.43","43.75"
"64","000","00","012","1230","1351","724","477","247","45","769","1264","0","60.84","37.74"
"64","000","00","012","1230","1352","743","476","267","54","797","1291","0","61.74","36.87"
"64","000","00","012","1231","0000","2846","1794","1052","113","2959","4819","0","61.4","37.23"
"64","000","00","012","1231","1346","918","593","325","45","963","1563","0","61.61","37.94"
"64","000","00","012","1231","1347","1126","711","415","34","1160","1888","0","61.44","37.66"
"64","000","00","012","1231","1348","802","490","312","34","836","1368","0","61.11","35.82"
"64","000","00","012","1232","0000","1949","1275","674","84","2033","3455","0","58.84","36.9"
"64","000","00","012","1232","1465","664","434","230","24","688","1154","0","59.62","37.61"
"64","000","00","012","1232","1466","667","437","230","41","708","1153","0","61.41","37.9"
"64","000","00","012","1232","1467","618","404","214","19","637","1148","0","55.49","35.19"
"64","000","00","012","1233","0000","3146","2060","1086","115","3261","5211","0","62.58","39.53"
"64","000","00","012","1233","1397","762","494","268","23","785","1388","0","56.56","35.59"
"64","000","00","012","1233","1398","749","510","239","47","796","1241","0","64.14","41.1"
"64","000","00","012","1233","1399","853","560","293","33","886","1394","0","63.56","40.17"
"64","000","00","012","1233","1400","782","496","286","12","794","1188","0","66.84","41.75"
"64","000","00","012","1234","0000","2218","1475","743","95","2313","3815","0","60.63","38.66"
"64","000","00","012","1234","1371","693","486","207","38","731","1205","0","60.66","40.33"
"64","000","00","012","1234","1372","724","485","239","20","744","1284","0","57.94","37.77"
"64","000","00","012","1234","1373","801","504","297","37","838","1326","0","63.2","38.01"
"64","000","00","012","1235","0000","3447","2292","1155","122","3569","5984","0","59.64","38.3"
"64","000","00","012","1235","1359","1207","794","413","46","1253","2173","0","57.66","36.54"
"64","000","00","012","1235","1360","1286","876","410","46","1332","2255","0","59.07","38.85"
"64","000","00","012","1235","1361","954","622","332","30","984","1556","0","63.24","39.97"
"64","000","00","012","1236","0000","2271","1464","807","80","2351","3999","0","58.79","36.61"
"64","000","00","012","1236","1404","688","442","246","31","719","1216","0","59.13","36.35"
"64","000","00","012","1236","1405","730","473","257","22","752","1318","0","57.06","35.89"
"64","000","00","012","1236","1406","853","549","304","27","880","1465","0","60.07","37.47"
"64","000","00","012","1237","0000","2044","1128","916","111","2155","3295","0","65.4","34.23"
"64","000","00","012","1237","1374","652","418","234","31","683","1096","0","62.32","38.14"
"64","000","00","012","1237","1375","727","471","256","42","769","1182","0","65.06","39.85"
"64","000","00","012","1237","1376","665","239","426","38","703","1017","0","69.12","23.5"
"64","000","00","012","1238","0000","1386","859","527","74","1460","2479","0","58.89","34.65"
"64","000","00","012","1238","1377","680","415","265","42","722","1198","0","60.27","34.64"
"64","000","00","012","1238","1378","706","444","262","32","738","1281","0","57.61","34.66"
"64","000","00","012","1239","0000","5082","3401","1681","134","5216","8716","0","59.84","39.02"
"64","000","00","012","1239","1291","1049","679","370","29","1078","1751","0","61.56","38.78"
"64","000","00","012","1239","1292","1063","652","411","22","1085","1758","0","61.72","37.09"
"64","000","00","012","1239","1293","1006","678","328","39","1045","1749","0","59.75","38.77"
"64","000","00","012","1239","1294","972","630","342","16","988","1746","0","56.59","36.08"
"64","000","00","012","1239","1295","992","762","230","28","1020","1712","0","59.58","44.51"
"64","000","00","012","1240","0000","7440","4756","2684","213","7653","12977","0","58.97","36.65"
"64","000","00","012","1240","1421","901","591","310","30","931","1688","0","55.15","35.01"
"64","000","00","012","1240","1422","964","667","297","34","998","1657","0","60.23","40.25"
"64","000","00","012","1240","1423","896","565","331","31","927","1729","0","53.61","32.68"
"64","000","00","012","1240","1424","969","600","369","27","996","1628","0","61.18","36.86"
"64","000","00","012","1240","1425","972","621","351","15","987","1891","0","52.19","32.84"
"64","000","00","012","1240","1426","960","606","354","31","991","1594","0","62.17","38.02"
"64","000","00","012","1240","1427","858","554","304","19","877","1342","0","65.35","41.28"
"64","000","00","012","1240","1428","920","552","368","26","946","1448","0","65.33","38.12"
"64","000","00","012","1241","0000","1169","731","438","55","1224","1926","0","63.55","37.95"
"64","000","00","012","1241","1258","508","341","167","32","540","851","0","63.45","40.07"
"64","000","00","012","1241","1259","661","390","271","23","684","1075","0","63.63","36.28"
"64","000","00","012","1242","0000","1978","1271","707","109","2087","3418","0","61.06","37.19"
"64","000","00","012","1242","1318","666","435","231","37","703","1124","0","62.54","38.7"
"64","000","00","012","1242","1319","655","422","233","44","699","1112","0","62.86","37.95"
"64","000","00","012","1242","1320","657","414","243","28","685","1182","0","57.95","35.03"
"64","000","00","012","1243","0000","1860","1211","649","106","1966","2966","0","66.28","40.83"
"64","000","00","012","1243","1471","650","431","219","20","670","1026","0","65.3","42.01"
"64","000","00","012","1243","1472","630","403","227","49","679","993","0","68.38","40.58"
"64","000","00","012","1243","1473","580","377","203","37","617","947","0","65.15","39.81"
"64","000","00","012","1244","0000","3342","2179","1163","131","3473","5672","0","61.23","38.42"
"64","000","00","012","1244","1329","636","394","242","17","653","1241","0","52.62","31.75"
"64","000","00","012","1244","1330","626","390","236","28","654","1000","0","65.4","39.0"
"64","000","00","012","1244","1331","664","446","218","20","684","1092","0","62.64","40.84"
"64","000","00","012","1244","1332","804","537","267","28","832","1308","0","63.61","41.06"
"64","000","00","012","1244","1333","612","412","200","38","650","1031","0","63.05","39.96"
"64","000","00","012","1245","0000","1074","730","344","48","1122","2045","0","54.87","35.7"
"64","000","00","012","1245","1339","1074","730","344","48","1122","2045","0","54.87","35.7"
"64","000","00","012","1246","0000","2927","1902","1025","108","3035","4742","0","64.0","40.11"
"64","000","00","012","1246","1310","727","501","226","24","751","1107","0","67.84","45.26"
"64","000","00","012","1246","1311","716","460","256","27","743","1188","0","62.54","38.72"
"64","000","00","012","1246","1312","731","443","288","24","755","1183","0","63.82","37.45"
"64","000","00","012","1246","1313","753","498","255","33","786","1264","0","62.18","39.4"
"64","000","00","012","1247","0000","2060","1248","812","83","2143","3351","0","63.95","37.24"
"64","000","00","012","1247","1322","623","372","251","32","655","1040","0","62.98","35.77"
"64","000","00","012","1247","1323","707","436","271","15","722","1094","0","66.0","39.85"
"64","000","00","012","1247","1324","730","440","290","36","766","1217","0","62.94","36.15"
"64","000","00","012","1248","0000","3485","2209","1276","136","3621","6178","0","58.61","35.76"
"64","000","00","012","1248","1286","664","426","238","26","690","1247","0","55.33","34.16"
"64","000","00","012","1248","1287","835","523","312","28","863","1538","0","56.11","34.01"
"64","000","00","012","1248","1288","641","409","232","19","660","1097","0","60.16","37.28"
"64","000","00","012","1248","1289","653","419","234","22","675","1221","0","55.28","34.32"
"64","000","00","012","1248","1290","692","432","260","41","733","1075","0","68.19","40.19"
"64","000","00","012","1249","0000","2509","1589","920","126","2635","4308","0","61.17","36.88"
"64","000","00","012","1249","1481","772","499","273","31","803","1309","0","61.34","38.12"
"64","000","00","012","1249","1482","933","568","365","46","979","1627","0","60.17","34.91"
"64","000","00","012","1249","1483","804","522","282","49","853","1372","0","62.17","38.05"
"64","000","00","012","1250","0000","1487","967","520","33","1520","2520","0","60.32","38.37"
"64","000","00","012","1250","1353","738","501","237","14","752","1224","0","61.44","40.93"
"64","000","00","012","1250","1354","749","466","283","19","768","1296","0","59.26","35.96"
"64","000","00","012","1251","0000","671","425","246","37","708","1007","0","70.31","42.2"
"64","000","00","012","1251","1315","671","425","246","37","708","1007","0","70.31","42.2"
"64","000","00","012","1253","0000","2382","1564","818","134","2516","4102","0","61.34","38.13"
"64","000","00","012","1253","1264","616","391","225","29","645","1055","0","61.14","37.06"
"64","000","00","012","1253","1265","616","414","202","38","654","1109","0","58.97","37.33"
"64","000","00","012","1253","1266","494","334","160","34","528","756","0","69.84","44.18"
"64","000","00","012","1253","1267","656","425","231","33","689","1182","0","58.29","35.96"
"64","000","00","012","1254","0000","1037","653","384","35","1072","2551","0","42.02","25.6"
"64","000","00","012","1254","1449","366","233","133","7","373","1301","0","28.67","17.91"
"64","000","00","012","1254","1450","671","420","251","28","699","1250","0","55.92","33.6"
"64","000","00","012","1255","0000","4687","2966","1721","200","4887","7753","0","63.03","38.26"
"64","000","00","012","1255","1459","804","505","299","24","828","1291","0","64.14","39.12"
"64","000","00","012","1255","1460","574","376","198","34","608","938","0","64.82","40.09"
"64","000","00","012","1255","1461","1048","654","394","29","1077","1783","0","60.4","36.68"
"64","000","00","012","1255","1462","678","404","274","30","708","1105","0","64.07","36.56"
"64","000","00","012","1255","1463","785","519","266","49","834","1392","0","59.91","37.28"
"64","000","00","012","1255","1464","798","508","290","34","832","1244","0","66.88","40.84"
"64","000","00","012","1256","0000","4814","2869","1945","160","4974","8179","0","60.81","35.08"
"64","000","00","012","1256","1280","859","616","243","44","903","1559","0","57.92","39.51"
"64","000","00","012","1256","1281","735","470","265","33","768","1233","0","62.29","38.12"
"64","000","00","012","1256","1282","700","470","230","29","729","1277","0","57.09","36.81"
"64","000","00","012","1256","1283","867","303","564","11","878","1481","0","59.28","20.46"
"64","000","00","012","1256","1284","743","452","291","16","759","1154","0","65.77","39.17"
"64","000","00","012","1256","1285","910","558","352","27","937","1475","0","63.53","37.83"
"64","000","00","012","1257","0000","2237","1462","775","98","2335","4340","0","53.8","33.69"
"64","000","00","012","1257","1468","767","533","234","60","827","1432","0","57.75","37.22"
"64","000","00","012","1257","1469","639","407","232","19","658","1429","0","46.05","28.48"
"64","000","00","012","1257","1470","831","522","309","19","850","1479","0","57.47","35.29"
"64","000","00","012","1258","0000","1463","911","552","60","1523","2689","0","56.64","33.88"
"64","000","00","012","1258","1273","753","461","292","28","781","1455","0","53.68","31.68"
"64","000","00","012","1258","1274","710","450","260","32","742","1234","0","60.13","36.47"
"64","000","00","012","1259","0000","2466","1484","982","85","2551","4003","0","63.73","37.07"
"64","000","00","012","1259","1296","740","478","262","23","763","1247","0","61.19","38.33"
"64","000","00","012","1259","1297","934","536","398","36","970","1409","0","68.84","38.04"
"64","000","00","012","1259","1298","792","470","322","26","818","1347","0","60.73","34.89"
"64","000","00","012","1260","0000","5409","3416","1993","149","5558","9265","0","59.99","36.87"
"64","000","00","012","1260","1299","1009","636","373","22","1031","1771","0","58.22","35.91"
"64","000","00","012","1260","1300","915","550","365","15","930","1537","0","60.51","35.78"
"64","000","00","012","1260","1301","962","621","341","23","985","1605","0","61.37","38.69"
"64","000","00","012","1260","1302","817","522","295","24","841","1375","0","61.16","37.96"
"64","000","00","012","1260","1303","849","556","293","35","884","1393","0","63.46","39.91"
"64","000","00","012","1260","1304","857","531","326","30","887","1584","0","56.0","33.52"
"64","000","00","012","1261","0000","1258","867","391","56","1314","2055","0","63.94","42.19"
"64","000","00","012","1261","1355","529","351","178","30","559","826","0","67.68","42.49"
"64","000","00","012","1261","1356","729","516","213","26","755","1229","0","61.43","41.99"
"64","000","00","012","1262","0000","1591","1024","567","60","1651","2685","0","61.49","38.14"
"64","000","00","012","1262","1357","869","544","325","31","900","1467","0","61.35","37.08"
"64","000","00","012","1262","1358","722","480","242","29","751","1218","0","61.66","39.41"
"64","000","00","012","1263","0000","1661","1029","632","54","1715","2584","0","66.37","39.82"
"64","000","00","012","1263","1379","858","512","346","24","882","1358","0","64.95","37.7"
"64","000","00","012","1263","1380","803","517","286","30","833","1226","0","67.94","42.17"
"64","000","00","012","1264","0000","1416","915","501","57","1473","2298","0","64.1","39.82"
"64","000","00","012","1264","1381","688","459","229","30","718","1098","0","65.39","41.8"
"64","000","00","012","1264","1382","728","456","272","27","755","1200","0","62.92","38.0"
"64","000","00","012","1265","0000","2312","1462","850","72","2384","3785","0","62.99","38.63"
"64","000","00","012","1265","1401","710","469","241","21","731","1112","0","65.74","42.18"
"64","000","00","012","1265","1402","758","461","297","28","786","1198","0","65.61","38.48"
"64","000","00","012","1265","1403","844","532","312","23","867","1475","0","58.78","36.07"
"64","000","00","012","1266","0000","1374","896","478","44","1418","2286","0","62.03","39.2"
"64","000","00","012","1266","1389","745","469","276","26","771","1180","0","65.34","39.75"
"64","000","00","012","1266","1390","629","427","202","18","647","1106","0","58.5","38.61"
"64","000","00","012","1267","0000","2671","1673","998","77","2748","4313","0","63.71","38.79"
"64","000","00","012","1267","1394","818","516","302","20","838","1361","0","61.57","37.91"
"64","000","00","012","1267","1395","863","553","310","27","890","1416","0","62.85","39.05"
"64","000","00","012","1267","1396","990","604","386","30","1020","1536","0","66.41","39.32"
"64","000","00","012","1268","0000","2462","1579","883","95","2557","4061","0","62.96","38.88"
"64","000","00","012","1268","1391","881","572","309","44","925","1442","0","64.15","39.67"
"64","000","00","012","1268","1392","832","523","309","27","859","1376","0","62.43","38.01"
"64","000","00","012","1268","1393","749","484","265","24","773","1243","0","62.19","38.94"
"64","000","00","012","1269","0000","1427","912","515","44","1471","2515","0","58.49","36.26"
"64","000","00","012","1269","1415","688","437","251","24","712","1190","0","59.83","36.72"
"64","000","00","012","1269","1416","739","475","264","20","759","1325","0","57.28","35.85"
"64","000","00","012","1270","0000","2626","1701","925","114","2740","4481","0","61.15","37.96"
"64","000","00","012","1270","1417","636","404","232","30","666","1049","0","63.49","38.51"
"64","000","00","012","1270","1418","626","407","219","23","649","1026","0","63.26","39.67"
"64","000","00","012","1270","1419","683","441","242","46","729","1152","0","63.28","38.28"
"64","000","00","012","1270","1420","681","449","232","15","696","1254","0","55.5","35.81"
"64","000","00","012","1271","0000","2529","1677","852","96","2625","4456","0","58.91","37.63"
"64","000","00","012","1271","1412","766","504","262","23","789","1417","0","55.68","35.57"
"64","000","00","012","1271","1413","859","574","285","40","899","1525","0","58.95","37.64"
"64","000","00","012","1271","1414","904","599","305","33","937","1514","0","61.89","39.56"
"64","000","00","012","1272","0000","2556","1645","911","121","2677","4447","0","60.2","36.99"
"64","000","00","012","1272","1440","745","474","271","25","770","1369","0","56.25","34.62"
"64","000","00","012","1272","1441","897","572","325","42","939","1542","0","60.89","37.09"
"64","000","00","012","1272","1442","914","599","315","54","968","1536","0","63.02","39.0"
"64","000","00","012","1273","0000","1618","1005","613","75","1693","2834","0","59.74","35.46"
"64","000","00","012","1273","1443","783","495","288","22","805","1382","0","58.25","35.82"
"64","000","00","012","1273","1444","835","510","325","53","888","1452","0","61.16","35.12"
"64","000","00","012","1274","0000","1501","842","659","48","1549","2432","0","63.69","34.62"
"64","000","00","012","1274","1455","715","446","269","32","747","1125","0","66.4","39.64"
"64","000","00","012","1274","1456","786","396","390","16","802","1307","0","61.36","30.3"
"64","000","00","012","1275","0000","3060","1920","1140","136","3196","5431","0","58.85","35.35"
"64","000","00","012","1275","1451","694","432","262","24","718","1208","0","59.44","35.76"
"64","000","00","012","1275","1452","707","455","252","36","743","1202","0","61.81","37.85"
"64","000","00","012","1275","1453","820","485","335","54","874","1499","0","58.31","32.35"
"64","000","00","012","1275","1454","839","548","291","22","861","1522","0","56.57","36.01"
"64","000","00","012","1276","0000","1552","1013","539","81","1633","2657","0","61.46","38.13"
"64","000","00","012","1276","1457","810","528","282","40","850","1405","0","60.5","37.58"
"64","000","00","012","1276","1458","742","485","257","41","783","1252","0","62.54","38.74"
"64","000","00","012","1277","0000","1502","939","563","53","1555","2706","0","57.46","34.7"
"64","000","00","012","1277","1479","746","452","294","37","783","1353","0","57.87","33.41"
"64","000","00","012","1277","1480","756","487","269","16","772","1353","0","57.06","35.99"
"64","000","00","012","1278","0000","3625","2380","1245","130","3755","6056","0","62.0","39.3"
"64","000","00","012","1278","1434","1235","785","450","50","1285","2032","0","63.24","38.63"
"64","000","00","012","1278","1435","1124","758","366","39","1163","1927","0","60.35","39.34"
"64","000","00","012","1278","1436","1266","837","429","41","1307","2097","0","62.33","39.91"
"64","000","00","013","0000","0000","31890","19699","12191","1675","33565","59129","69829","56.77","33.32"
"64","000","00","013","1301","0000","1537","946","591","95","1632","2824","0","57.79","33.5"
"64","000","00","013","1301","1773","736","458","278","39","775","1262","0","61.41","36.29"
"64","000","00","013","1301","1774","801","488","313","56","857","1562","0","54.87","31.24"
"64","000","00","013","1302","0000","1856","1134","722","96","1952","3252","0","60.02","34.87"
"64","000","00","013","1302","1775","619","392","227","22","641","1078","0","59.46","36.36"
"64","000","00","013","1302","1776","593","355","238","35","628","979","0","64.15","36.26"
"64","000","00","013","1302","1777","644","387","257","39","683","1195","0","57.15","32.38"
"64","000","00","013","1303","0000","2058","1260","798","128","2186","3929","0","55.64","32.07"
"64","000","00","013","1303","1778","710","448","262","48","758","1380","0","54.93","32.46"
"64","000","00","013","1303","1779","684","428","256","48","732","1280","0","57.19","33.44"
"64","000","00","013","1303","1780","664","384","280","32","696","1269","0","54.85","30.26"
"64","000","00","013","1304","0000","1398","864","534","51","1449","2794","0","51.86","30.92"
"64","000","00","013","1304","1781","691","445","246","17","708","1568","0","45.15","28.38"
"64","000","00","013","1304","1782","707","419","288","34","741","1226","0","60.44","34.18"
"64","000","00","013","1305","0000","1595","1060","535","93","1688","2939","0","57.43","36.07"
"64","000","00","013","1305","1783","780","515","265","45","825","1480","0","55.74","34.8"
"64","000","00","013","1305","1784","815","545","270","48","863","1459","0","59.15","37.35"
"64","000","00","013","1306","0000","1307","803","504","118","1425","2488","0","57.27","32.27"
"64","000","00","013","1306","1785","831","511","320","46","877","1593","0","55.05","32.08"
"64","000","00","013","1306","1786","476","292","184","72","548","895","0","61.23","32.63"
"64","000","00","013","1307","0000","2420","1475","945","147","2567","4455","0","57.62","33.11"
"64","000","00","013","1307","1787","565","360","205","14","579","1110","0","52.16","32.43"
"64","000","00","013","1307","1788","687","410","277","44","731","1348","0","54.23","30.42"
"64","000","00","013","1307","1789","514","304","210","38","552","912","0","60.53","33.33"
"64","000","00","013","1307","1790","654","401","253","51","705","1085","0","64.98","36.96"
"64","000","00","013","1308","0000","1046","678","368","57","1103","1834","0","60.14","36.97"
"64","000","00","013","1308","1791","537","346","191","21","558","955","0","58.43","36.23"
"64","000","00","013","1308","1792","509","332","177","36","545","879","0","62.0","37.77"
"64","000","00","013","1309","0000","1889","1148","741","118","2007","3449","0","58.19","33.29"
"64","000","00","013","1309","1793","598","357","241","49","647","1103","0","58.66","32.37"
"64","000","00","013","1309","1794","637","392","245","49","686","1054","0","65.09","37.19"
"64","000","00","013","1309","1795","654","399","255","20","674","1292","0","52.17","30.88"
"64","000","00","013","1310","0000","807","502","305","25","832","1683","0","49.44","29.83"
"64","000","00","013","1310","1796","807","502","305","25","832","1683","0","49.44","29.83"
"64","000","00","013","1311","0000","871","539","332","77","948","1619","0","58.55","33.29"
"64","000","00","013","1311","1797","329","208","121","24","353","607","0","58.15","34.27"
"64","000","00","013","1311","1798","542","331","211","53","595","1012","0","58.79","32.71"
"64","000","00","013","1312","0000","1011","634","377","57","1068","1960","0","54.49","32.35"
"64","000","00","013","1312","1799","581","371","210","39","620","1046","0","59.27","35.47"
"64","000","00","013","1312","1800","430","263","167","18","448","914","0","49.02","28.77"
"64","000","00","013","1313","0000","2199","1311","888","88","2287","3874","0","59.03","33.84"
"64","000","00","013","1313","1801","792","483","309","44","836","1405","0","59.5","34.38"
"64","000","00","013","1313","1802","748","405","343","12","760","1299","0","58.51","31.18"
"64","000","00","013","1313","1803","659","423","236","32","691","1170","0","59.06","36.15"
"64","000","00","013","1314","0000","612","358","254","24","636","1299","0","48.96","27.56"
"64","000","00","013","1314","1804","612","358","254","24","636","1299","0","48.96","27.56"
"64","000","00","013","1315","0000","1048","667","381","31","1079","1880","0","57.39","35.48"
"64","000","00","013","1315","1805","574","369","205","22","596","1031","0","57.81","35.79"
"64","000","00","013","1315","1806","474","298","176","9","483","849","0","56.89","35.1"
"64","000","00","013","1316","0000","988","614","374","65","1053","1776","0","59.29","34.57"
"64","000","00","013","1316","1807","448","269","179","43","491","838","0","58.59","32.1"
"64","000","00","013","1316","1808","540","345","195","22","562","938","0","59.91","36.78"
"64","000","00","013","1317","0000","1016","642","374","45","1061","1837","0","57.76","34.95"
"64","000","00","013","1317","1809","555","371","184","20","575","1051","0","54.71","35.3"
"64","000","00","013","1317","1810","461","271","190","25","486","786","0","61.83","34.48"
"64","000","00","013","1318","0000","519","332","187","43","562","894","0","62.86","37.14"
"64","000","00","013","1318","1811","519","332","187","43","562","894","0","62.86","37.14"
"64","000","00","013","1319","0000","316","197","119","22","338","749","0","45.13","26.3"
"64","000","00","013","1319","1812","316","197","119","22","338","749","0","45.13","26.3"
"64","000","00","013","1320","0000","1726","1050","676","87","1813","2963","0","61.19","35.44"
"64","000","00","013","1320","1813","872","535","337","29","901","1485","0","60.67","36.03"
"64","000","00","013","1320","1814","854","515","339","58","912","1478","0","61.71","34.84"
"64","000","00","013","1321","0000","1387","827","560","60","1447","2383","0","60.72","34.7"
"64","000","00","013","1321","1815","838","490","348","34","872","1345","0","64.83","36.43"
"64","000","00","013","1321","1816","549","337","212","26","575","1038","0","55.39","32.47"
"64","000","00","013","1322","0000","1851","1141","710","43","1894","3366","0","56.27","33.9"
"64","000","00","013","1322","1817","688","407","281","13","701","1203","0","58.27","33.83"
"64","000","00","013","1322","1818","640","391","249","21","661","1138","0","58.08","34.36"
"64","000","00","013","1322","1819","523","343","180","9","532","1025","0","51.9","33.46"
"64","000","00","013","1323","0000","1318","810","508","71","1389","2559","0","54.28","31.65"
"64","000","00","013","1323","1820","741","444","297","54","795","1341","0","59.28","33.11"
"64","000","00","013","1323","1821","577","366","211","17","594","1218","0","48.77","30.05"
"64","000","00","013","1324","0000","1115","707","408","34","1149","2323","0","49.46","30.43"
"64","000","00","013","1324","1822","543","331","212","12","555","1147","0","48.39","28.86"
"64","000","00","013","1324","1823","572","376","196","22","594","1176","0","50.51","31.97"
"64","000","00","014","0000","0000","54090","34853","19237","2508","56598","97309","112334","58.16","35.82"
"64","000","00","014","1401","0000","728","438","290","38","766","1445","0","53.01","30.31"
"64","000","00","014","1401","1692","371","226","145","23","394","727","0","54.2","31.09"
"64","000","00","014","1401","1693","357","212","145","15","372","718","0","51.81","29.53"
"64","000","00","014","1402","0000","2703","1686","1017","114","2817","5733","0","49.14","29.41"
"64","000","00","014","1402","1694","703","462","241","30","733","1340","0","54.7","34.48"
"64","000","00","014","1402","1695","728","446","282","28","756","1575","0","48.0","28.32"
"64","000","00","014","1402","1696","245","143","102","18","263","444","0","59.23","32.21"
"64","000","00","014","1402","1697","1027","635","392","38","1065","2374","0","44.86","26.75"
"64","000","00","014","1403","0000","3553","2214","1339","213","3766","6681","0","56.37","33.14"
"64","000","00","014","1403","1698","685","433","252","43","728","1291","0","56.39","33.54"
"64","000","00","014","1403","1699","756","494","262","65","821","1400","0","58.64","35.29"
"64","000","00","014","1403","1700","768","468","300","22","790","1390","0","56.83","33.67"
"64","000","00","014","1403","1701","730","430","300","55","785","1401","0","56.03","30.69"
"64","000","00","014","1403","1702","614","389","225","28","642","1199","0","53.54","32.44"
"64","000","00","014","1404","0000","1261","795","466","58","1319","2405","0","54.84","33.06"
"64","000","00","014","1404","1703","608","371","237","28","636","1210","0","52.56","30.66"
"64","000","00","014","1404","1704","653","424","229","30","683","1195","0","57.15","35.48"
"64","000","00","014","1405","0000","2533","1615","918","114","2647","4595","0","57.61","35.15"
"64","000","00","014","1405","1705","664","427","237","29","693","1166","0","59.43","36.62"
"64","000","00","014","1405","1706","767","489","278","17","784","1353","0","57.95","36.14"
"64","000","00","014","1405","1707","600","372","228","45","645","1052","0","61.31","35.36"
"64","000","00","014","1405","1708","502","327","175","23","525","1024","0","51.27","31.93"
"64","000","00","014","1406","0000","2404","1709","695","114","2518","4334","0","58.1","39.43"
"64","000","00","014","1406","1709","693","468","225","21","714","1189","0","60.05","39.36"
"64","000","00","014","1406","1710","870","715","155","47","917","1512","0","60.65","47.29"
"64","000","00","014","1406","1711","841","526","315","46","887","1633","0","54.32","32.21"
"64","000","00","014","1407","0000","2373","1613","760","102","2475","3795","0","65.22","42.5"
"64","000","00","014","1407","1712","735","470","265","37","772","1214","0","63.59","38.71"
"64","000","00","014","1407","1713","797","544","253","44","841","1258","0","66.85","43.24"
"64","000","00","014","1407","1714","841","599","242","21","862","1323","0","65.15","45.28"
"64","000","00","014","1408","0000","1379","897","482","62","1441","2288","0","62.98","39.2"
"64","000","00","014","1408","1715","751","490","261","30","781","1253","0","62.33","39.11"
"64","000","00","014","1408","1716","628","407","221","32","660","1035","0","63.77","39.32"
"64","000","00","014","1409","0000","6073","3866","2207","283","6356","10761","0","59.07","35.93"
"64","000","00","014","1409","1717","623","405","218","32","655","1106","0","59.22","36.62"
"64","000","00","014","1409","1718","664","415","249","25","689","1195","0","57.66","34.73"
"64","000","00","014","1409","1719","635","416","219","27","662","1051","0","62.99","39.58"
"64","000","00","014","1409","1720","809","498","311","50","859","1425","0","60.28","34.95"
"64","000","00","014","1409","1721","874","550","324","44","918","1635","0","56.15","33.64"
"64","000","00","014","1409","1722","787","523","264","27","814","1359","0","59.9","38.48"
"64","000","00","014","1409","1723","768","482","286","49","817","1361","0","60.03","35.42"
"64","000","00","014","1409","1724","913","577","336","29","942","1629","0","57.83","35.42"
"64","000","00","014","1410","0000","4207","2692","1515","131","4338","7606","0","57.03","35.39"
"64","000","00","014","1410","1725","862","561","301","24","886","1518","0","58.37","36.96"
"64","000","00","014","1410","1726","882","572","310","30","912","1620","0","56.3","35.31"
"64","000","00","014","1410","1727","884","586","298","22","906","1648","0","54.98","35.56"
"64","000","00","014","1410","1728","799","492","307","33","832","1385","0","60.07","35.52"
"64","000","00","014","1410","1729","780","481","299","22","802","1435","0","55.89","33.52"
"64","000","00","014","1411","0000","1000","650","350","48","1048","1835","0","57.11","35.42"
"64","000","00","014","1411","1730","596","391","205","24","620","1046","0","59.27","37.38"
"64","000","00","014","1411","1731","404","259","145","24","428","789","0","54.25","32.83"
"64","000","00","014","1412","0000","889","553","336","47","936","1642","0","57.0","33.68"
"64","000","00","014","1412","1732","469","297","172","23","492","909","0","54.13","32.67"
"64","000","00","014","1412","1733","420","256","164","24","444","733","0","60.57","34.92"
"64","000","00","014","1413","0000","1331","829","502","53","1384","2475","0","55.92","33.49"
"64","000","00","014","1413","1734","825","518","307","32","857","1553","0","55.18","33.35"
"64","000","00","014","1413","1735","506","311","195","21","527","922","0","57.16","33.73"
"64","000","00","014","1414","0000","1663","1089","574","115","1778","3001","0","59.25","36.29"
"64","000","00","014","1414","1736","543","364","179","51","594","1012","0","58.7","35.97"
"64","000","00","014","1414","1737","506","318","188","44","550","968","0","56.82","32.85"
"64","000","00","014","1414","1738","614","407","207","20","634","1021","0","62.1","39.86"
"64","000","00","014","1415","0000","732","480","252","44","776","1554","0","49.94","30.89"
"64","000","00","014","1415","1739","732","480","252","44","776","1554","0","49.94","30.89"
"64","000","00","014","1416","0000","3223","2073","1150","152","3375","6101","0","55.32","33.98"
"64","000","00","014","1416","1740","651","425","226","39","690","1120","0","61.61","37.95"
"64","000","00","014","1416","1741","735","454","281","31","766","1225","0","62.53","37.06"
"64","000","00","014","1416","1742","498","322","176","17","515","1320","0","39.02","24.39"
"64","000","00","014","1416","1743","724","476","248","40","764","1317","0","58.01","36.14"
"64","000","00","014","1416","1744","615","396","219","25","640","1119","0","57.19","35.39"
"64","000","00","014","1417","0000","4414","2834","1580","178","4592","7467","0","61.5","37.95"
"64","000","00","014","1417","1745","704","454","250","25","729","1190","0","61.26","38.15"
"64","000","00","014","1417","1746","722","446","276","36","758","1229","0","61.68","36.29"
"64","000","00","014","1417","1747","725","479","246","31","756","1178","0","64.18","40.66"
"64","000","00","014","1417","1748","758","478","280","39","797","1272","0","62.66","37.58"
"64","000","00","014","1417","1749","794","526","268","17","811","1413","0","57.4","37.23"
"64","000","00","014","1417","1750","711","451","260","30","741","1185","0","62.53","38.06"
"64","000","00","014","1418","0000","321","225","96","12","333","553","0","60.22","40.69"
"64","000","00","014","1418","1751","321","225","96","12","333","553","0","60.22","40.69"
"64","000","00","014","1419","0000","3926","2460","1466","165","4091","6837","0","59.84","35.98"
"64","000","00","014","1419","1752","592","387","205","46","638","1121","0","56.91","34.52"
"64","000","00","014","1419","1753","696","419","277","29","725","1227","0","59.09","34.15"
"64","000","00","014","1419","1754","686","449","237","33","719","1058","0","67.96","42.44"
"64","000","00","014","1419","1755","677","426","251","19","696","1209","0","57.57","35.24"
"64","000","00","014","1419","1756","669","413","256","15","684","1100","0","62.18","37.55"
"64","000","00","014","1419","1757","606","366","240","23","629","1122","0","56.06","32.62"
"64","000","00","014","1420","0000","1237","791","446","57","1294","2175","0","59.49","36.37"
"64","000","00","014","1420","1758","603","374","229","45","648","983","0","65.92","38.05"
"64","000","00","014","1420","1759","634","417","217","12","646","1192","0","54.19","34.98"
"64","000","00","014","1421","0000","944","618","326","43","987","1548","0","63.76","39.92"
"64","000","00","014","1421","1760","434","294","140","28","462","719","0","64.26","40.89"
"64","000","00","014","1421","1761","510","324","186","15","525","829","0","63.33","39.08"
"64","000","00","014","1422","0000","1163","764","399","59","1222","1846","0","66.2","41.39"
"64","000","00","014","1422","1762","501","345","156","32","533","771","0","69.13","44.75"
"64","000","00","014","1422","1763","662","419","243","27","689","1075","0","64.09","38.98"
"64","000","00","014","1423","0000","2035","1299","736","149","2184","3669","0","59.53","35.4"
"64","000","00","014","1423","1764","743","475","268","57","800","1280","0","62.5","37.11"
"64","000","00","014","1423","1765","631","408","223","70","701","1179","0","59.46","34.61"
"64","000","00","014","1423","1766","661","416","245","22","683","1210","0","56.45","34.38"
"64","000","00","014","1424","0000","115","74","41","5","120","189","0","63.49","39.15"
"64","000","00","014","1424","1767","115","74","41","5","120","189","0","63.49","39.15"
"64","000","00","014","1425","0000","3883","2589","1294","152","4035","6774","0","59.57","38.22"
"64","000","00","014","1425","1768","718","486","232","32","750","1228","0","61.07","39.58"
"64","000","00","014","1425","1769","649","460","189","27","676","1170","0","57.78","39.32"
"64","000","00","014","1425","1770","854","574","280","28","882","1416","0","62.29","40.54"
"64","000","00","014","1425","1771","873","554","319","29","902","1482","0","60.86","37.38"
"64","000","00","014","1425","1772","789","515","274","36","825","1478","0","55.82","34.84"
"64","000","00","015","0000","0000","19776","12360","7416","1194","20970","36772","42431","57.03","33.61"
"64","000","00","015","1501","0000","1605","1000","605","49","1654","2701","0","61.24","37.02"
"64","000","00","015","1501","0736","773","447","326","19","792","1386","0","57.14","32.25"
"64","000","00","015","1501","0737","832","553","279","30","862","1315","0","65.55","42.05"
"64","000","00","015","1502","0000","2701","1679","1022","118","2819","5000","0","56.38","33.58"
"64","000","00","015","1502","0738","1325","818","507","40","1365","2461","0","55.47","33.24"
"64","000","00","015","1502","0739","708","427","281","31","739","1274","0","58.01","33.52"
"64","000","00","015","1502","0740","668","434","234","47","715","1265","0","56.52","34.31"
"64","000","00","015","1503","0000","2199","1384","815","107","2306","4126","0","55.89","33.54"
"64","000","00","015","1503","0741","810","512","298","45","855","1504","0","56.85","34.04"
"64","000","00","015","1503","0742","551","330","221","20","571","1049","0","54.43","31.46"
"64","000","00","015","1503","0743","838","542","296","42","880","1573","0","55.94","34.46"
"64","000","00","015","1504","0000","1263","839","424","61","1324","2328","0","56.87","36.04"
"64","000","00","015","1504","0744","554","363","191","27","581","1121","0","51.83","32.38"
"64","000","00","015","1504","0745","709","476","233","34","743","1207","0","61.56","39.44"
"64","000","00","015","1505","0000","1310","821","489","41","1351","2258","0","59.83","36.36"
"64","000","00","015","1505","0746","631","397","234","19","650","1134","0","57.32","35.01"
"64","000","00","015","1505","0747","679","424","255","22","701","1124","0","62.37","37.72"
"64","000","00","015","1506","0000","1892","1152","740","178","2070","3492","0","59.28","32.99"
"64","000","00","015","1506","0748","651","407","244","73","724","1259","0","57.51","32.33"
"64","000","00","015","1506","0749","636","381","255","58","694","1105","0","62.81","34.48"
"64","000","00","015","1506","0750","605","364","241","47","652","1128","0","57.8","32.27"
"64","000","00","015","1507","0000","533","317","216","74","607","1079","0","56.26","29.38"
"64","000","00","015","1507","0751","533","317","216","74","607","1079","0","56.26","29.38"
"64","000","00","015","1508","0000","498","307","191","46","544","1025","0","53.07","29.95"
"64","000","00","015","1508","0752","498","307","191","46","544","1025","0","53.07","29.95"
"64","000","00","015","1509","0000","487","302","185","46","533","950","0","56.11","31.79"
"64","000","00","015","1509","0753","487","302","185","46","533","950","0","56.11","31.79"
"64","000","00","015","1510","0000","729","455","274","79","808","1433","0","56.39","31.75"
"64","000","00","015","1510","0754","729","455","274","79","808","1433","0","56.39","31.75"
"64","000","00","015","1511","0000","766","464","302","39","805","1575","0","51.11","29.46"
"64","000","00","015","1511","0755","403","238","165","28","431","794","0","54.28","29.97"
"64","000","00","015","1511","0756","363","226","137","11","374","781","0","47.89","28.94"
"64","000","00","015","1512","0000","638","413","225","24","662","1318","0","50.23","31.34"
"64","000","00","015","1512","0757","638","413","225","24","662","1318","0","50.23","31.34"
"64","000","00","015","1513","0000","894","552","342","42","936","1783","0","52.5","30.96"
"64","000","00","015","1513","0758","397","263","134","21","418","736","0","56.79","35.73"
"64","000","00","015","1513","0759","497","289","208","21","518","1047","0","49.47","27.6"
"64","000","00","015","1514","0000","1279","746","533","95","1374","2457","0","55.92","30.36"
"64","000","00","015","1514","0760","685","391","294","69","754","1271","0","59.32","30.76"
"64","000","00","015","1514","0761","594","355","239","26","620","1186","0","52.28","29.93"
"64","000","00","015","1515","0000","544","347","197","44","588","1007","0","58.39","34.46"
"64","000","00","015","1515","0762","544","347","197","44","588","1007","0","58.39","34.46"
"64","000","00","015","1516","0000","853","471","382","49","902","1594","0","56.59","29.55"
"64","000","00","015","1516","0763","486","257","229","35","521","859","0","60.65","29.92"
"64","000","00","015","1516","0764","367","214","153","14","381","735","0","51.84","29.12"
"64","000","00","015","1517","0000","1218","863","355","85","1303","1926","0","67.65","44.81"
"64","000","00","015","1517","0765","600","387","213","51","651","1046","0","62.24","37.0"
"64","000","00","015","1517","0766","618","476","142","34","652","880","0","74.09","54.09"
"64","000","00","015","1518","0000","367","248","119","17","384","720","0","53.33","34.44"
"64","000","00","015","1518","0767","367","248","119","17","384","720","0","53.33","34.44"
"64","000","00","016","0000","0000","16774","10157","6617","811","17585","30046","34591","58.53","33.8"
"64","000","00","016","1601","0000","487","270","217","53","540","950","0","56.84","28.42"
"64","000","00","016","1601","0637","487","270","217","53","540","950","0","56.84","28.42"
"64","000","00","016","1602","0000","1531","972","559","44","1575","3162","0","49.81","30.74"
"64","000","00","016","1602","0638","702","438","264","20","722","1306","0","55.28","33.54"
"64","000","00","016","1602","0639","829","534","295","24","853","1856","0","45.96","28.77"
"64","000","00","016","1603","0000","2868","1768","1100","148","3016","4968","0","60.71","35.59"
"64","000","00","016","1603","0640","623","361","262","27","650","986","0","65.92","36.61"
"64","000","00","016","1603","0641","538","313","225","35","573","1116","0","51.34","28.05"
"64","000","00","016","1603","0642","765","485","280","50","815","1253","0","65.04","38.71"
"64","000","00","016","1603","0643","942","609","333","36","978","1613","0","60.63","37.76"
"64","000","00","016","1604","0000","917","543","374","30","947","1679","0","56.4","32.34"
"64","000","00","016","1604","0659","361","222","139","13","374","745","0","50.2","29.8"
"64","000","00","016","1604","0660","556","321","235","17","573","934","0","61.35","34.37"
"64","000","00","016","1605","0000","1526","923","603","85","1611","2661","0","60.54","34.69"
"64","000","00","016","1605","0646","578","370","208","42","620","1004","0","61.75","36.85"
"64","000","00","016","1605","0647","518","319","199","24","542","879","0","61.66","36.29"
"64","000","00","016","1605","0648","430","234","196","19","449","778","0","57.71","30.08"
"64","000","00","016","1606","0000","3163","1921","1242","160","3323","5391","0","61.64","35.63"
"64","000","00","016","1606","0649","642","408","234","37","679","1110","0","61.17","36.76"
"64","000","00","016","1606","0650","782","461","321","36","818","1432","0","57.12","32.19"
"64","000","00","016","1606","0651","875","527","348","36","911","1466","0","62.14","35.95"
"64","000","00","016","1606","0652","864","525","339","51","915","1383","0","66.16","37.96"
"64","000","00","016","1607","0000","2733","1600","1133","100","2833","4950","0","57.23","32.32"
"64","000","00","016","1607","0653","952","571","381","24","976","1645","0","59.33","34.71"
"64","000","00","016","1607","0654","781","462","319","33","814","1555","0","52.35","29.71"
"64","000","00","016","1607","0655","1000","567","433","43","1043","1750","0","59.6","32.4"
"64","000","00","016","1608","0000","1799","1093","706","122","1921","3156","0","60.87","34.63"
"64","000","00","016","1608","0656","619","377","242","49","668","1111","0","60.13","33.93"
"64","000","00","016","1608","0657","655","390","265","43","698","1133","0","61.61","34.42"
"64","000","00","016","1608","0658","525","326","199","30","555","912","0","60.86","35.75"
"64","000","00","016","1609","0000","1750","1067","683","69","1819","3129","0","58.13","34.1"
"64","000","00","016","1609","0644","756","461","295","28","784","1455","0","53.88","31.68"
"64","000","00","016","1609","0645","994","606","388","41","1035","1674","0","61.83","36.2"
"64","000","00","017","0000","0000","42257","26855","15402","1566","43823","73611","87415","59.53","36.48"
"64","000","00","017","1701","0000","2525","1626","899","74","2599","4050","0","64.17","40.15"
"64","000","00","017","1701","0661","1166","781","385","27","1193","1777","0","67.14","43.95"
"64","000","00","017","1701","0662","1359","845","514","47","1406","2273","0","61.86","37.18"
"64","000","00","017","1702","0000","4554","2913","1641","171","4725","7511","0","62.91","38.78"
"64","000","00","017","1702","0663","876","556","320","49","925","1384","0","66.84","40.17"
"64","000","00","017","1702","0664","660","418","242","36","696","1170","0","59.49","35.73"
"64","000","00","017","1702","0665","784","515","269","37","821","1216","0","67.52","42.35"
"64","000","00","017","1702","0666","900","570","330","15","915","1598","0","57.26","35.67"
"64","000","00","017","1702","0667","1334","854","480","34","1368","2143","0","63.84","39.85"
"64","000","00","017","1703","0000","1489","923","566","94","1583","2638","0","60.01","34.99"
"64","000","00","017","1703","0668","721","449","272","36","757","1300","0","58.23","34.54"
"64","000","00","017","1703","0669","768","474","294","58","826","1338","0","61.73","35.43"
"64","000","00","017","1704","0000","2006","1248","758","97","2103","3823","0","55.01","32.64"
"64","000","00","017","1704","0670","672","417","255","17","689","1217","0","56.61","34.26"
"64","000","00","017","1704","0671","580","380","200","43","623","1202","0","51.83","31.61"
"64","000","00","017","1704","0672","754","451","303","37","791","1404","0","56.34","32.12"
"64","000","00","017","1705","0000","458","284","174","24","482","830","0","58.07","34.22"
"64","000","00","017","1705","0673","458","284","174","24","482","830","0","58.07","34.22"
"64","000","00","017","1706","0000","2604","1659","945","102","2706","5417","0","49.95","30.63"
"64","000","00","017","1706","0674","803","526","277","27","830","1802","0","46.06","29.19"
"64","000","00","017","1706","0675","968","595","373","52","1020","1877","0","54.34","31.7"
"64","000","00","017","1706","0676","833","538","295","23","856","1738","0","49.25","30.96"
"64","000","00","017","1707","0000","4993","3154","1839","188","5181","8679","0","59.7","36.34"
"64","000","00","017","1707","0677","870","523","347","41","911","1549","0","58.81","33.76"
"64","000","00","017","1707","0678","909","568","341","42","951","1579","0","60.23","35.97"
"64","000","00","017","1707","0679","778","500","278","31","809","1406","0","57.54","35.56"
"64","000","00","017","1707","0680","856","552","304","28","884","1461","0","60.51","37.78"
"64","000","00","017","1707","0681","796","511","285","27","823","1311","0","62.78","38.98"
"64","000","00","017","1707","0682","784","500","284","19","803","1373","0","58.49","36.42"
"64","000","00","017","1708","0000","1250","774","476","38","1288","2216","0","58.12","34.93"
"64","000","00","017","1708","0683","574","349","225","21","595","1035","0","57.49","33.72"
"64","000","00","017","1708","0684","676","425","251","17","693","1181","0","58.68","35.99"
"64","000","00","017","1709","0000","9432","6002","3430","295","9727","15899","0","61.18","37.75"
"64","000","00","017","1709","0685","915","574","341","34","949","1670","0","56.83","34.37"
"64","000","00","017","1709","0686","887","584","303","28","915","1576","0","58.06","37.06"
"64","000","00","017","1709","0687","936","580","356","45","981","1576","0","62.25","36.8"
"64","000","00","017","1709","0688","1158","741","417","24","1182","1915","0","61.72","38.69"
"64","000","00","017","1709","0689","990","624","366","30","1020","1758","0","58.02","35.49"
"64","000","00","017","1709","0690","1164","760","404","33","1197","1892","0","63.27","40.17"
"64","000","00","017","1709","0691","1190","735","455","41","1231","2025","0","60.79","36.3"
"64","000","00","017","1709","0692","1221","796","425","35","1256","2014","0","62.36","39.52"
"64","000","00","017","1709","0693","971","608","363","25","996","1473","0","67.62","41.28"
"64","000","00","017","1710","0000","1132","762","370","39","1171","1923","0","60.89","39.63"
"64","000","00","017","1710","0694","564","363","201","22","586","979","0","59.86","37.08"
"64","000","00","017","1710","0695","568","399","169","17","585","944","0","61.97","42.27"
"64","000","00","017","1711","0000","1376","877","499","88","1464","2481","0","59.01","35.35"
"64","000","00","017","1711","0696","658","410","248","45","703","1153","0","60.97","35.56"
"64","000","00","017","1711","0697","718","467","251","43","761","1328","0","57.3","35.17"
"64","000","00","017","1712","0000","954","591","363","47","1001","1657","0","60.41","35.67"
"64","000","00","017","1712","0698","954","591","363","47","1001","1657","0","60.41","35.67"
"64","000","00","017","1713","0000","2672","1687","985","96","2768","4564","0","60.65","36.96"
"64","000","00","017","1713","0699","800","491","309","33","833","1545","0","53.92","31.78"
"64","000","00","017","1713","0700","871","572","299","30","901","1417","0","63.59","40.37"
"64","000","00","017","1713","0701","1001","624","377","33","1034","1602","0","64.54","38.95"
"64","000","00","017","1714","0000","2248","1446","802","90","2338","3737","0","62.56","38.69"
"64","000","00","017","1714","0702","1141","749","392","63","1204","1823","0","66.04","41.09"
"64","000","00","017","1714","0703","1107","697","410","27","1134","1914","0","59.25","36.42"
"64","000","00","017","1715","0000","3410","2171","1239","88","3498","6019","0","58.12","36.07"
"64","000","00","017","1715","0704","1161","736","425","33","1194","1992","0","59.94","36.95"
"64","000","00","017","1715","0705","1048","691","357","26","1074","2045","0","52.52","33.79"
"64","000","00","017","1715","0706","1201","744","457","29","1230","1982","0","62.06","37.54"
"64","000","00","017","1716","0000","1154","738","416","35","1189","2167","0","54.87","34.06"
"64","000","00","017","1716","0707","1154","738","416","35","1189","2167","0","54.87","34.06"
"64","000","00","018","0000","0000","23042","14437","8605","1027","24069","39191","44387","61.41","36.84"
"64","000","00","018","1801","0000","5703","3516","2187","242","5945","10030","0","59.27","35.05"
"64","000","00","018","1801","0708","950","612","338","50","1000","1678","0","59.59","36.47"
"64","000","00","018","1801","0709","892","578","314","39","931","1682","0","55.35","34.36"
"64","000","00","018","1801","0710","755","474","281","37","792","1225","0","64.65","38.69"
"64","000","00","018","1801","0711","697","442","255","39","736","1322","0","55.67","33.43"
"64","000","00","018","1801","0712","715","458","257","24","739","1215","0","60.82","37.7"
"64","000","00","018","1801","0713","969","568","401","33","1002","1779","0","56.32","31.93"
"64","000","00","018","1801","0714","725","384","341","20","745","1129","0","65.99","34.01"
"64","000","00","018","1802","0000","2794","1730","1064","114","2908","4682","0","62.11","36.95"
"64","000","00","018","1802","0715","827","543","284","41","868","1374","0","63.17","39.52"
"64","000","00","018","1802","0716","646","384","262","25","671","1089","0","61.62","35.26"
"64","000","00","018","1802","0717","1321","803","518","48","1369","2219","0","61.69","36.19"
"64","000","00","018","1803","0000","5979","3668","2311","247","6226","9817","0","63.42","37.36"
"64","000","00","018","1803","0718","951","598","353","33","984","1634","0","60.22","36.6"
"64","000","00","018","1803","0719","941","592","349","53","994","1553","0","64.01","38.12"
"64","000","00","018","1803","0720","959","596","363","52","1011","1572","0","64.31","37.91"
"64","000","00","018","1803","0721","1042","613","429","32","1074","1688","0","63.63","36.32"
"64","000","00","018","1803","0722","1001","607","394","33","1034","1626","0","63.59","37.33"
"64","000","00","018","1803","0723","1085","662","423","44","1129","1744","0","64.74","37.96"
"64","000","00","018","1804","0000","2096","1320","776","120","2216","3548","0","62.46","37.2"
"64","000","00","018","1804","0724","662","436","226","37","699","1230","0","56.83","35.45"
"64","000","00","018","1804","0725","725","427","298","52","777","1201","0","64.7","35.55"
"64","000","00","018","1804","0726","709","457","252","31","740","1117","0","66.25","40.91"
"64","000","00","018","1805","0000","3633","2430","1203","179","3812","6462","0","58.99","37.6"
"64","000","00","018","1805","0727","720","501","219","32","752","1255","0","59.92","39.92"
"64","000","00","018","1805","0728","742","489","253","34","776","1432","0","54.19","34.15"
"64","000","00","018","1805","0729","723","486","237","25","748","1370","0","54.6","35.47"
"64","000","00","018","1805","0730","812","519","293","44","856","1364","0","62.76","38.05"
"64","000","00","018","1805","0731","636","435","201","44","680","1041","0","65.32","41.79"
"64","000","00","018","1806","0000","479","322","157","32","511","702","0","72.79","45.87"
"64","000","00","018","1806","0732","479","322","157","32","511","702","0","72.79","45.87"
"64","000","00","018","1807","0000","2358","1451","907","93","2451","3950","0","62.05","36.73"
"64","000","00","018","1807","0733","709","423","286","36","745","1212","0","61.47","34.9"
"64","000","00","018","1807","0734","722","465","257","41","763","1289","0","59.19","36.07"
"64","000","00","018","1807","0735","927","563","364","16","943","1449","0","65.08","38.85"
"64","000","00","019","0000","0000","48484","31396","17088","2081","50565","81244","97072","62.24","38.64"
"64","000","00","019","1901","0000","738","474","264","42","780","1159","0","67.3","40.9"
"64","000","00","019","1901","0268","738","474","264","42","780","1159","0","67.3","40.9"
"64","000","00","019","1902","0000","2548","1594","954","83","2631","4358","0","60.37","36.58"
"64","000","00","019","1902","0261","869","569","300","23","892","1345","0","66.32","42.3"
"64","000","00","019","1902","0262","499","315","184","17","516","1045","0","49.38","30.14"
"64","000","00","019","1902","0263","621","388","233","24","645","1051","0","61.37","36.92"
"64","000","00","019","1902","0264","559","322","237","19","578","917","0","63.03","35.11"
"64","000","00","019","1903","0000","2030","1376","654","82","2112","3239","0","65.21","42.48"
"64","000","00","019","1903","0265","586","375","211","25","611","934","0","65.42","40.15"
"64","000","00","019","1903","0266","661","467","194","32","693","1097","0","63.17","42.57"
"64","000","00","019","1903","0267","783","534","249","25","808","1208","0","66.89","44.21"
"64","000","00","019","1904","0000","599","375","224","29","628","1018","0","61.69","36.84"
"64","000","00","019","1904","0269","599","375","224","29","628","1018","0","61.69","36.84"
"64","000","00","019","1905","0000","2442","1621","821","57","2499","4091","0","61.09","39.62"
"64","000","00","019","1905","0274","766","497","269","28","794","1328","0","59.79","37.42"
"64","000","00","019","1905","0275","838","581","257","16","854","1382","0","61.79","42.04"
"64","000","00","019","1905","0276","838","543","295","13","851","1381","0","61.62","39.32"
"64","000","00","019","1906","0000","708","455","253","22","730","1316","0","55.47","34.57"
"64","000","00","019","1906","0270","708","455","253","22","730","1316","0","55.47","34.57"
"64","000","00","019","1907","0000","1813","1289","524","47","1860","2895","0","64.25","44.53"
"64","000","00","019","1907","0325","788","559","229","31","819","1336","0","61.3","41.84"
"64","000","00","019","1907","0326","772","575","197","11","783","1218","0","64.29","47.21"
"64","000","00","019","1907","0327","253","155","98","5","258","341","0","75.66","45.45"
"64","000","00","019","1908","0000","234","140","94","7","241","318","0","75.79","44.03"
"64","000","00","019","1908","0332","234","140","94","7","241","318","0","75.79","44.03"
"64","000","00","019","1909","0000","1595","1034","561","56","1651","2795","0","59.07","36.99"
"64","000","00","019","1909","0293","746","469","277","33","779","1283","0","60.72","36.55"
"64","000","00","019","1909","0294","849","565","284","23","872","1512","0","57.67","37.37"
"64","000","00","019","1910","0000","794","536","258","19","813","1413","0","57.54","37.93"
"64","000","00","019","1910","0309","794","536","258","19","813","1413","0","57.54","37.93"
"64","000","00","019","1911","0000","2149","1321","828","118","2267","3607","0","62.85","36.62"
"64","000","00","019","1911","0304","755","451","304","32","787","1272","0","61.87","35.46"
"64","000","00","019","1911","0305","664","425","239","34","698","1080","0","64.63","39.35"
"64","000","00","019","1911","0306","730","445","285","52","782","1255","0","62.31","35.46"
"64","000","00","019","1912","0000","3359","2230","1129","128","3487","5535","0","63.0","40.29"
"64","000","00","019","1912","0300","831","551","280","30","861","1360","0","63.31","40.51"
"64","000","00","019","1912","0301","854","567","287","29","883","1363","0","64.78","41.6"
"64","000","00","019","1912","0302","833","541","292","41","874","1352","0","64.64","40.01"
"64","000","00","019","1912","0303","841","571","270","28","869","1460","0","59.52","39.11"
"64","000","00","019","1913","0000","1083","757","326","35","1118","1613","0","69.31","46.93"
"64","000","00","019","1913","0330","558","381","177","18","576","851","0","67.69","44.77"
"64","000","00","019","1913","0331","525","376","149","17","542","762","0","71.13","49.34"
"64","000","00","019","1914","0000","454","258","196","63","517","756","0","68.39","34.13"
"64","000","00","019","1914","0320","454","258","196","63","517","756","0","68.39","34.13"
"64","000","00","019","1915","0000","432","267","165","19","451","866","0","52.08","30.83"
"64","000","00","019","1915","0323","432","267","165","19","451","866","0","52.08","30.83"
"64","000","00","019","1916","0000","1922","1232","690","83","2005","3350","0","59.85","36.78"
"64","000","00","019","1916","0297","656","432","224","33","689","1096","0","62.86","39.42"
"64","000","00","019","1916","0298","621","391","230","28","649","1066","0","60.88","36.68"
"64","000","00","019","1916","0299","645","409","236","22","667","1188","0","56.14","34.43"
"64","000","00","019","1917","0000","2221","1448","773","92","2313","3849","0","60.09","37.62"
"64","000","00","019","1917","0277","732","465","267","45","777","1282","0","60.61","36.27"
"64","000","00","019","1917","0278","712","479","233","17","729","1240","0","58.79","38.63"
"64","000","00","019","1917","0279","777","504","273","30","807","1327","0","60.81","37.98"
"64","000","00","019","1918","0000","2361","1529","832","106","2467","4065","0","60.69","37.61"
"64","000","00","019","1918","0271","776","497","279","34","810","1345","0","60.22","36.95"
"64","000","00","019","1918","0272","773","523","250","36","809","1295","0","62.47","40.39"
"64","000","00","019","1918","0273","812","509","303","36","848","1425","0","59.51","35.72"
"64","000","00","019","1919","0000","3675","2319","1356","153","3828","6674","0","57.36","34.75"
"64","000","00","019","1919","0280","933","561","372","37","970","1736","0","55.88","32.32"
"64","000","00","019","1919","0281","910","585","325","31","941","1566","0","60.09","37.36"
"64","000","00","019","1919","0282","942","600","342","30","972","1779","0","54.64","33.73"
"64","000","00","019","1919","0283","890","573","317","55","945","1593","0","59.32","35.97"
"64","000","00","019","1920","0000","3275","2161","1114","150","3425","5402","0","63.4","40.0"
"64","000","00","019","1920","0284","879","577","302","50","929","1480","0","62.77","38.99"
"64","000","00","019","1920","0285","800","548","252","35","835","1364","0","61.22","40.18"
"64","000","00","019","1920","0286","830","537","293","40","870","1410","0","61.7","38.09"
"64","000","00","019","1920","0287","766","499","267","25","791","1148","0","68.9","43.47"
"64","000","00","019","1921","0000","1120","679","441","40","1160","1830","0","63.39","37.1"
"64","000","00","019","1921","0289","579","323","256","24","603","969","0","62.23","33.33"
"64","000","00","019","1921","0290","541","356","185","16","557","861","0","64.69","41.35"
"64","000","00","019","1922","0000","1137","712","425","36","1173","1808","0","64.88","39.38"
"64","000","00","019","1922","0310","466","295","171","12","478","765","0","62.48","38.56"
"64","000","00","019","1922","0311","671","417","254","24","695","1043","0","66.63","39.98"
"64","000","00","019","1923","0000","1182","753","429","57","1239","1837","0","67.45","40.99"
"64","000","00","019","1923","0312","483","326","157","25","508","844","0","60.19","38.63"
"64","000","00","019","1923","0313","699","427","272","32","731","993","0","73.62","43.0"
"64","000","00","019","1924","0000","621","387","234","52","673","1038","0","64.84","37.28"
"64","000","00","019","1924","0314","621","387","234","52","673","1038","0","64.84","37.28"
"64","000","00","019","1925","0000","1015","626","389","54","1069","1712","0","62.44","36.57"
"64","000","00","019","1925","0291","451","273","178","16","467","823","0","56.74","33.17"
"64","000","00","019","1925","0292","564","353","211","38","602","889","0","67.72","39.71"
"64","000","00","019","1926","0000","2069","1271","798","119","2188","3442","0","63.57","36.93"
"64","000","00","019","1926","0315","627","381","246","44","671","1070","0","62.71","35.61"
"64","000","00","019","1926","0316","647","393","254","50","697","1023","0","68.13","38.42"
"64","000","00","019","1926","0317","795","497","298","25","820","1349","0","60.79","36.84"
"64","000","00","019","1927","0000","966","595","371","50","1016","1753","0","57.96","33.94"
"64","000","00","019","1927","0318","775","488","287","35","810","1452","0","55.79","33.61"
"64","000","00","019","1927","0319","191","107","84","15","206","301","0","68.44","35.55"
"64","000","00","019","1928","0000","941","582","359","64","1005","1587","0","63.33","36.67"
"64","000","00","019","1928","0321","393","247","146","10","403","733","0","54.98","33.7"
"64","000","00","019","1928","0322","548","335","213","54","602","854","0","70.49","39.23"
"64","000","00","019","1929","0000","539","349","190","32","571","978","0","58.38","35.69"
"64","000","00","019","1929","0324","539","349","190","32","571","978","0","58.38","35.69"
"64","000","00","019","1930","0000","1377","941","436","50","1427","2175","0","65.61","43.26"
"64","000","00","019","1930","0307","604","407","197","25","629","938","0","67.06","43.39"
"64","000","00","019","1930","0308","773","534","239","25","798","1237","0","64.51","43.17"
"64","000","00","019","1931","0000","389","232","157","29","418","625","0","66.88","37.12"
"64","000","00","019","1931","0288","389","232","157","29","418","625","0","66.88","37.12"
"64","000","00","019","1932","0000","1377","849","528","56","1433","2245","0","63.83","37.82"
"64","000","00","019","1932","0295","638","389","249","34","672","983","0","68.36","39.57"
"64","000","00","019","1932","0296","739","460","279","22","761","1262","0","60.3","36.45"
"64","000","00","019","1933","0000","1319","1004","315","51","1370","1895","0","72.3","52.98"
"64","000","00","019","1933","0328","686","532","154","29","715","955","0","74.87","55.71"
"64","000","00","019","1933","0329","633","472","161","22","655","940","0","69.68","50.21"
"64","000","00","020","0000","0000","19519","12605","6914","1173","20692","32565","37647","63.54","38.71"
"64","000","00","020","2001","0000","1268","790","478","96","1364","2078","0","65.64","38.02"
"64","000","00","020","2001","0404","626","398","228","54","680","1005","0","67.66","39.6"
"64","000","00","020","2001","0405","642","392","250","42","684","1073","0","63.75","36.53"
"64","000","00","020","2002","0000","715","474","241","24","739","1129","0","65.46","41.98"
"64","000","00","020","2002","0406","715","474","241","24","739","1129","0","65.46","41.98"
"64","000","00","020","2003","0000","1389","877","512","78","1467","2335","0","62.83","37.56"
"64","000","00","020","2003","0407","746","460","286","57","803","1244","0","64.55","36.98"
"64","000","00","020","2003","0408","643","417","226","21","664","1091","0","60.86","38.22"
"64","000","00","020","2004","0000","1532","1001","531","71","1603","2469","0","64.93","40.54"
"64","000","00","020","2004","0409","842","556","286","42","884","1329","0","66.52","41.84"
"64","000","00","020","2004","0410","690","445","245","29","719","1140","0","63.07","39.04"
"64","000","00","020","2005","0000","704","443","261","64","768","1220","0","62.95","36.31"
"64","000","00","020","2005","0411","704","443","261","64","768","1220","0","62.95","36.31"
"64","000","00","020","2006","0000","1411","874","537","102","1513","2362","0","64.06","37.0"
"64","000","00","020","2006","0412","674","421","253","41","715","1047","0","68.29","40.21"
"64","000","00","020","2006","0413","737","453","284","61","798","1315","0","60.68","34.45"
"64","000","00","020","2007","0000","860","563","297","62","922","1411","0","65.34","39.9"
"64","000","00","020","2007","0414","411","266","145","25","436","691","0","63.1","38.49"
"64","000","00","020","2007","0415","449","297","152","37","486","720","0","67.5","41.25"
"64","000","00","020","2008","0000","1940","1218","722","156","2096","3271","0","64.08","37.24"
"64","000","00","020","2008","0416","692","433","259","59","751","1192","0","63.0","36.33"
"64","000","00","020","2008","0417","787","488","299","62","849","1318","0","64.42","37.03"
"64","000","00","020","2008","0418","461","297","164","35","496","761","0","65.18","39.03"
"64","000","00","020","2009","0000","928","565","363","49","977","1560","0","62.63","36.22"
"64","000","00","020","2009","0419","586","356","230","25","611","973","0","62.8","36.59"
"64","000","00","020","2009","0420","342","209","133","24","366","587","0","62.35","35.6"
"64","000","00","020","2010","0000","1525","933","592","51","1576","2421","0","65.1","38.54"
"64","000","00","020","2010","0421","505","311","194","27","532","812","0","65.52","38.3"
"64","000","00","020","2010","0422","219","132","87","6","225","343","0","65.6","38.48"
"64","000","00","020","2010","0423","801","490","311","18","819","1266","0","64.69","38.7"
"64","000","00","020","2011","0000","1214","941","273","101","1315","2012","0","65.36","46.77"
"64","000","00","020","2011","0424","673","566","107","73","746","1128","0","66.13","50.18"
"64","000","00","020","2011","0425","541","375","166","28","569","884","0","64.37","42.42"
"64","000","00","020","2012","0000","1409","945","464","69","1478","2446","0","60.43","38.63"
"64","000","00","020","2012","0426","659","419","240","38","697","1187","0","58.72","35.3"
"64","000","00","020","2012","0427","750","526","224","31","781","1259","0","62.03","41.78"
"64","000","00","020","2013","0000","710","485","225","49","759","1361","0","55.77","35.64"
"64","000","00","020","2013","0428","710","485","225","49","759","1361","0","55.77","35.64"
"64","000","00","020","2014","0000","377","244","133","16","393","671","0","58.57","36.36"
"64","000","00","020","2014","0429","377","244","133","16","393","671","0","58.57","36.36"
"64","000","00","020","2015","0000","2242","1411","831","141","2383","3689","0","64.6","38.25"
"64","000","00","020","2015","0430","731","452","279","50","781","1215","0","64.28","37.2"
"64","000","00","020","2015","0431","764","487","277","51","815","1255","0","64.94","38.8"
"64","000","00","020","2015","0432","747","472","275","40","787","1219","0","64.56","38.72"
"64","000","00","020","2016","0000","823","513","310","27","850","1372","0","61.95","37.39"
"64","000","00","020","2016","0433","823","513","310","27","850","1372","0","61.95","37.39"
"64","000","00","020","2017","0000","472","328","144","17","489","758","0","64.51","43.27"
"64","000","00","020","2017","0434","472","328","144","17","489","758","0","64.51","43.27"
"64","000","00","021","0000","0000","14163","8895","5268","924","15087","26012","29809","58.0","34.2"
"64","000","00","021","2101","0000","606","369","237","59","665","1152","0","57.73","32.03"
"64","000","00","021","2101","0333","606","369","237","59","665","1152","0","57.73","32.03"
"64","000","00","021","2102","0000","1270","797","473","56","1326","2094","0","63.32","38.06"
"64","000","00","021","2102","0334","649","412","237","24","673","1120","0","60.09","36.79"
"64","000","00","021","2102","0335","621","385","236","32","653","974","0","67.04","39.53"
"64","000","00","021","2103","0000","1692","1100","592","85","1777","3353","0","53.0","32.81"
"64","000","00","021","2103","0336","583","377","206","10","593","1019","0","58.19","37.0"
"64","000","00","021","2103","0337","572","362","210","41","613","1058","0","57.94","34.22"
"64","000","00","021","2103","0338","493","328","165","31","524","1017","0","51.52","32.25"
"64","000","00","021","2103","0339","44","33","11","3","47","259","0","18.15","12.74"
"64","000","00","021","2104","0000","1589","1049","540","101","1690","2652","0","63.73","39.56"
"64","000","00","021","2104","0340","583","387","196","40","623","926","0","67.28","41.79"
"64","000","00","021","2104","0341","328","209","119","15","343","624","0","54.97","33.49"
"64","000","00","021","2104","0342","678","453","225","46","724","1102","0","65.7","41.11"
"64","000","00","021","2105","0000","1276","764","512","103","1379","2433","0","56.68","31.4"
"64","000","00","021","2105","0343","546","358","188","36","582","1072","0","54.29","33.4"
"64","000","00","021","2105","0344","730","406","324","67","797","1361","0","58.56","29.83"
"64","000","00","021","2106","0000","263","163","100","26","289","472","0","61.23","34.53"
"64","000","00","021","2106","0345","263","163","100","26","289","472","0","61.23","34.53"
"64","000","00","021","2107","0000","1283","791","492","98","1381","2331","0","59.24","33.93"
"64","000","00","021","2107","0346","600","365","235","45","645","1197","0","53.88","30.49"
"64","000","00","021","2107","0347","683","426","257","53","736","1134","0","64.9","37.57"
"64","000","00","021","2108","0000","2093","1328","765","123","2216","3757","0","58.98","35.35"
"64","000","00","021","2108","0348","627","408","219","35","662","1148","0","57.67","35.54"
"64","000","00","021","2108","0349","604","395","209","52","656","1207","0","54.35","32.73"
"64","000","00","021","2108","0350","862","525","337","36","898","1402","0","64.05","37.45"
"64","000","00","021","2109","0000","1918","1169","749","120","2038","3401","0","59.92","34.37"
"64","000","00","021","2109","0351","572","352","220","38","610","1000","0","61.0","35.2"
"64","000","00","021","2109","0352","639","386","253","40","679","1110","0","61.17","34.77"
"64","000","00","021","2109","0353","707","431","276","42","749","1291","0","58.02","33.38"
"64","000","00","021","2110","0000","978","615","363","86","1064","1895","0","56.15","32.45"
"64","000","00","021","2110","0354","438","269","169","49","487","797","0","61.1","33.75"
"64","000","00","021","2110","0355","540","346","194","37","577","1098","0","52.55","31.51"
"64","000","00","021","2111","0000","1195","750","445","67","1262","2472","0","51.05","30.34"
"64","000","00","021","2111","0356","706","425","281","43","749","1393","0","53.77","30.51"
"64","000","00","021","2111","0357","489","325","164","24","513","1079","0","47.54","30.12"
"64","000","00","022","0000","0000","3044","1881","1163","265","3309","6671","7196","49.6","28.2"
"64","000","00","022","2201","0000","166","99","67","6","172","369","0","46.61","26.83"
"64","000","00","022","2201","0237","166","99","67","6","172","369","0","46.61","26.83"
"64","000","00","022","2202","0000","387","219","168","27","414","1062","0","38.98","20.62"
"64","000","00","022","2202","0238","265","152","113","19","284","656","0","43.29","23.17"
"64","000","00","022","2202","0239","122","67","55","8","130","406","0","32.02","16.5"
"64","000","00","022","2203","0000","184","114","70","14","198","380","0","52.11","30.0"
"64","000","00","022","2203","0240","184","114","70","14","198","380","0","52.11","30.0"
"64","000","00","022","2204","0000","201","116","85","18","219","379","0","57.78","30.61"
"64","000","00","022","2204","0241","201","116","85","18","219","379","0","57.78","30.61"
"64","000","00","022","2205","0000","319","208","111","41","360","625","0","57.6","33.28"
"64","000","00","022","2205","0242","319","208","111","41","360","625","0","57.6","33.28"
"64","000","00","022","2206","0000","459","279","180","25","484","946","0","51.16","29.49"
"64","000","00","022","2206","0243","459","279","180","25","484","946","0","51.16","29.49"
"64","000","00","022","2207","0000","347","228","119","38","385","794","0","48.49","28.72"
"64","000","00","022","2207","0244","347","228","119","38","385","794","0","48.49","28.72"
"64","000","00","022","2208","0000","150","103","47","19","169","382","0","44.24","26.96"
"64","000","00","022","2208","0245","150","103","47","19","169","382","0","44.24","26.96"
"64","000","00","022","2209","0000","178","107","71","27","205","513","0","39.96","20.86"
"64","000","00","022","2209","0246","178","107","71","27","205","513","0","39.96","20.86"
"64","000","00","022","2210","0000","653","408","245","50","703","1221","0","57.58","33.42"
"64","000","00","022","2210","0247","309","195","114","17","326","601","0","54.24","32.45"
"64","000","00","022","2210","0248","344","213","131","33","377","620","0","60.81","34.35"
"64","000","00","023","0000","0000","12841","7823","5018","656","13497","24534","28676","55.01","31.89"
"64","000","00","023","2301","0000","613","360","253","30","643","1299","0","49.5","27.71"
"64","000","00","023","2301","0216","613","360","253","30","643","1299","0","49.5","27.71"
"64","000","00","023","2302","0000","1079","721","358","43","1122","2005","0","55.96","35.96"
"64","000","00","023","2302","0217","611","395","216","26","637","1107","0","57.54","35.68"
"64","000","00","023","2302","0218","468","326","142","17","485","898","0","54.01","36.3"
"64","000","00","023","2303","0000","638","407","231","57","695","1259","0","55.2","32.33"
"64","000","00","023","2303","0219","638","407","231","57","695","1259","0","55.2","32.33"
"64","000","00","023","2304","0000","1120","668","452","50","1170","2143","0","54.6","31.17"
"64","000","00","023","2304","0220","800","469","331","42","842","1579","0","53.32","29.7"
"64","000","00","023","2304","0221","320","199","121","8","328","564","0","58.16","35.28"
"64","000","00","023","2305","0000","460","257","203","38","498","768","0","64.84","33.46"
"64","000","00","023","2305","0222","460","257","203","38","498","768","0","64.84","33.46"
"64","000","00","023","2306","0000","2619","1547","1072","112","2731","4886","0","55.89","31.66"
"64","000","00","023","2306","0223","609","348","261","34","643","1092","0","58.88","31.87"
"64","000","00","023","2306","0224","593","354","239","36","629","1099","0","57.23","32.21"
"64","000","00","023","2306","0225","624","375","249","16","640","1134","0","56.44","33.07"
"64","000","00","023","2306","0226","793","470","323","26","819","1561","0","52.47","30.11"
"64","000","00","023","2307","0000","1405","820","585","76","1481","2649","0","55.91","30.96"
"64","000","00","023","2307","0227","850","481","369","53","903","1533","0","58.9","31.38"
"64","000","00","023","2307","0228","555","339","216","23","578","1116","0","51.79","30.38"
"64","000","00","023","2308","0000","1232","779","453","60","1292","2314","0","55.83","33.66"
"64","000","00","023","2308","0229","565","357","208","34","599","1054","0","56.83","33.87"
"64","000","00","023","2308","0230","667","422","245","26","693","1260","0","55.0","33.49"
"64","000","00","023","2309","0000","738","432","306","59","797","1504","0","52.99","28.72"
"64","000","00","023","2309","0231","738","432","306","59","797","1504","0","52.99","28.72"
"64","000","00","023","2310","0000","849","534","315","36","885","1671","0","52.96","31.96"
"64","000","00","023","2310","0232","411","256","155","17","428","848","0","50.47","30.19"
"64","000","00","023","2310","0233","438","278","160","19","457","823","0","55.53","33.78"
"64","000","00","023","2311","0000","576","371","205","28","604","1021","0","59.16","36.34"
"64","000","00","023","2311","0234","576","371","205","28","604","1021","0","59.16","36.34"
"64","000","00","023","2312","0000","1512","927","585","67","1579","3015","0","52.37","30.75"
"64","000","00","023","2312","0235","850","492","358","28","878","1715","0","51.2","28.69"
"64","000","00","023","2312","0236","662","435","227","39","701","1300","0","53.92","33.46"
"64","000","00","024","0000","0000","24709","15241","9468","1503","26212","43850","52578","59.78","34.76"
"64","000","00","024","2401","0000","1763","1096","667","122","1885","3222","0","58.5","34.02"
"64","000","00","024","2401","0175","544","343","201","17","561","1026","0","54.68","33.43"
"64","000","00","024","2401","0176","579","364","215","54","633","1069","0","59.21","34.05"
"64","000","00","024","2401","0177","640","389","251","51","691","1127","0","61.31","34.52"
"64","000","00","024","2402","0000","652","438","214","30","682","1179","0","57.85","37.15"
"64","000","00","024","2402","0178","652","438","214","30","682","1179","0","57.85","37.15"
"64","000","00","024","2403","0000","630","410","220","72","702","1237","0","56.75","33.14"
"64","000","00","024","2403","0179","630","410","220","72","702","1237","0","56.75","33.14"
"64","000","00","024","2404","0000","620","356","264","38","658","1096","0","60.04","32.48"
"64","000","00","024","2404","0180","620","356","264","38","658","1096","0","60.04","32.48"
"64","000","00","024","2405","0000","766","522","244","43","809","1272","0","63.6","41.04"
"64","000","00","024","2405","0181","766","522","244","43","809","1272","0","63.6","41.04"
"64","000","00","024","2406","0000","1285","807","478","77","1362","2309","0","58.99","34.95"
"64","000","00","024","2406","0182","668","410","258","38","706","1182","0","59.73","34.69"
"64","000","00","024","2406","0183","617","397","220","39","656","1127","0","58.21","35.23"
"64","000","00","024","2407","0000","1156","704","452","89","1245","2088","0","59.63","33.72"
"64","000","00","024","2407","0184","541","343","198","36","577","956","0","60.36","35.88"
"64","000","00","024","2407","0185","615","361","254","53","668","1132","0","59.01","31.89"
"64","000","00","024","2408","0000","1804","1089","715","128","1932","3333","0","57.97","32.67"
"64","000","00","024","2408","0186","597","360","237","61","658","1025","0","64.2","35.12"
"64","000","00","024","2408","0187","547","318","229","25","572","1007","0","56.8","31.58"
"64","000","00","024","2408","0188","660","411","249","42","702","1301","0","53.96","31.59"
"64","000","00","024","2409","0000","1445","850","595","81","1526","2652","0","57.54","32.05"
"64","000","00","024","2409","0189","499","303","196","31","530","885","0","59.89","34.24"
"64","000","00","024","2409","0190","414","237","177","15","429","837","0","51.25","28.32"
"64","000","00","024","2409","0191","532","310","222","35","567","930","0","60.97","33.33"
"64","000","00","024","2410","0000","963","601","362","72","1035","1804","0","57.37","33.31"
"64","000","00","024","2410","0192","390","259","131","32","422","781","0","54.03","33.16"
"64","000","00","024","2410","0193","573","342","231","40","613","1023","0","59.92","33.43"
"64","000","00","024","2411","0000","1912","1162","750","100","2012","3400","0","59.18","34.18"
"64","000","00","024","2411","0194","1013","615","398","53","1066","1763","0","60.47","34.88"
"64","000","00","024","2411","0195","899","547","352","47","946","1637","0","57.79","33.41"
"64","000","00","024","2412","0000","1284","802","482","79","1363","2247","0","60.66","35.69"
"64","000","00","024","2412","0196","592","378","214","42","634","1070","0","59.25","35.33"
"64","000","00","024","2412","0197","692","424","268","37","729","1177","0","61.94","36.02"
"64","000","00","024","2413","0000","1707","1030","677","99","1806","3050","0","59.21","33.77"
"64","000","00","024","2413","0198","570","341","229","30","600","1007","0","59.58","33.86"
"64","000","00","024","2413","0199","564","340","224","38","602","1026","0","58.67","33.14"
"64","000","00","024","2413","0200","573","349","224","31","604","1017","0","59.39","34.32"
"64","000","00","024","2414","0000","1345","814","531","70","1415","2353","0","60.14","34.59"
"64","000","00","024","2414","0201","712","414","298","30","742","1264","0","58.7","32.75"
"64","000","00","024","2414","0202","633","400","233","40","673","1089","0","61.8","36.73"
"64","000","00","024","2415","0000","469","283","186","32","501","851","0","58.87","33.25"
"64","000","00","024","2415","0203","469","283","186","32","501","851","0","58.87","33.25"
"64","000","00","024","2416","0000","1171","720","451","83","1254","1948","0","64.37","36.96"
"64","000","00","024","2416","0204","573","362","211","65","638","1011","0","63.11","35.81"
"64","000","00","024","2416","0205","598","358","240","18","616","937","0","65.74","38.21"
"64","000","00","024","2417","0000","988","603","385","35","1023","1730","0","59.13","34.86"
"64","000","00","024","2417","0206","420","249","171","12","432","820","0","52.68","30.37"
"64","000","00","024","2417","0207","568","354","214","23","591","910","0","64.95","38.9"
"64","000","00","024","2418","0000","455","255","200","39","494","867","0","56.98","29.41"
"64","000","00","024","2418","0208","455","255","200","39","494","867","0","56.98","29.41"
"64","000","00","024","2419","0000","1577","1001","576","84","1661","2737","0","60.69","36.57"
"64","000","00","024","2419","0209","542","359","183","25","567","937","0","60.51","38.31"
"64","000","00","024","2419","0210","514","314","200","20","534","900","0","59.33","34.89"
"64","000","00","024","2419","0211","521","328","193","39","560","900","0","62.22","36.44"
"64","000","00","024","2420","0000","2717","1698","1019","130","2847","4475","0","63.62","37.94"
"64","000","00","024","2420","0212","543","328","215","25","568","918","0","61.87","35.73"
"64","000","00","024","2420","0213","535","316","219","33","568","870","0","65.29","36.32"
"64","000","00","024","2420","0214","702","438","264","24","726","1150","0","63.13","38.09"
"64","000","00","024","2420","0215","937","616","321","48","985","1537","0","64.09","40.08"
"64","000","00","025","0000","0000","13885","8678","5207","732","14617","25729","29812","56.81","33.73"
"64","000","00","025","2501","0000","577","377","200","39","616","1112","0","55.4","33.9"
"64","000","00","025","2501","0151","577","377","200","39","616","1112","0","55.4","33.9"
"64","000","00","025","2502","0000","538","344","194","55","593","1017","0","58.31","33.82"
"64","000","00","025","2502","0152","538","344","194","55","593","1017","0","58.31","33.82"
"64","000","00","025","2503","0000","422","265","157","12","434","796","0","54.52","33.29"
"64","000","00","025","2503","0153","422","265","157","12","434","796","0","54.52","33.29"
"64","000","00","025","2504","0000","1292","801","491","47","1339","2194","0","61.03","36.51"
"64","000","00","025","2504","0154","646","396","250","29","675","1079","0","62.56","36.7"
"64","000","00","025","2504","0155","646","405","241","18","664","1115","0","59.55","36.32"
"64","000","00","025","2505","0000","1374","865","509","57","1431","2630","0","54.41","32.89"
"64","000","00","025","2505","0156","690","409","281","35","725","1311","0","55.3","31.2"
"64","000","00","025","2505","0157","684","456","228","22","706","1319","0","53.53","34.57"
"64","000","00","025","2506","0000","2155","1361","794","129","2284","3634","0","62.85","37.45"
"64","000","00","025","2506","0158","749","452","297","41","790","1244","0","63.5","36.33"
"64","000","00","025","2506","0159","743","486","257","37","780","1227","0","63.57","39.61"
"64","000","00","025","2506","0160","663","423","240","51","714","1163","0","61.39","36.37"
"64","000","00","025","2507","0000","567","346","221","29","596","981","0","60.75","35.27"
"64","000","00","025","2507","0161","567","346","221","29","596","981","0","60.75","35.27"
"64","000","00","025","2508","0000","2083","1260","823","114","2197","3680","0","59.7","34.24"
"64","000","00","025","2508","0162","425","240","185","17","442","780","0","56.67","30.77"
"64","000","00","025","2508","0163","449","300","149","39","488","832","0","58.65","36.06"
"64","000","00","025","2508","0164","611","374","237","31","642","1017","0","63.13","36.77"
"64","000","00","025","2508","0165","598","346","252","27","625","1051","0","59.47","32.92"
"64","000","00","025","2509","0000","975","644","331","55","1030","1804","0","57.1","35.7"
"64","000","00","025","2509","0166","519","332","187","22","541","941","0","57.49","35.28"
"64","000","00","025","2509","0167","456","312","144","33","489","863","0","56.66","36.15"
"64","000","00","025","2510","0000","600","349","251","32","632","1160","0","54.48","30.09"
"64","000","00","025","2510","0168","600","349","251","32","632","1160","0","54.48","30.09"
"64","000","00","025","2511","0000","1089","666","423","60","1149","2212","0","51.94","30.11"
"64","000","00","025","2511","0169","472","290","182","22","494","1090","0","45.32","26.61"
"64","000","00","025","2511","0170","617","376","241","38","655","1122","0","58.38","33.51"
"64","000","00","025","2512","0000","540","328","212","25","565","1123","0","50.31","29.21"
"64","000","00","025","2512","0171","540","328","212","25","565","1123","0","50.31","29.21"
"64","000","00","025","2513","0000","367","238","129","24","391","684","0","57.16","34.8"
"64","000","00","025","2513","0172","367","238","129","24","391","684","0","57.16","34.8"
"64","000","00","025","2514","0000","1306","834","472","54","1360","2702","0","50.33","30.87"
"64","000","00","025","2514","0173","615","379","236","22","637","1249","0","51.0","30.34"
"64","000","00","025","2514","0174","691","455","236","32","723","1453","0","49.76","31.31"
"64","000","00","026","0000","0000","13595","8596","4999","832","14427","26212","30055","55.04","32.79"
"64","000","00","026","2601","0000","489","302","187","14","503","976","0","51.54","30.94"
"64","000","00","026","2601","0130","489","302","187","14","503","976","0","51.54","30.94"
"64","000","00","026","2602","0000","449","283","166","38","487","887","0","54.9","31.91"
"64","000","00","026","2602","0131","449","283","166","38","487","887","0","54.9","31.91"
"64","000","00","026","2603","0000","884","533","351","35","919","1710","0","53.74","31.17"
"64","000","00","026","2603","0132","884","533","351","35","919","1710","0","53.74","31.17"
"64","000","00","026","2604","0000","2063","1324","739","83","2146","3751","0","57.21","35.3"
"64","000","00","026","2604","0133","585","382","203","29","614","1280","0","47.97","29.84"
"64","000","00","026","2604","0134","771","489","282","24","795","1314","0","60.5","37.21"
"64","000","00","026","2604","0135","707","453","254","30","737","1157","0","63.7","39.15"
"64","000","00","026","2605","0000","926","600","326","65","991","1785","0","55.52","33.61"
"64","000","00","026","2605","0136","926","600","326","65","991","1785","0","55.52","33.61"
"64","000","00","026","2606","0000","572","330","242","53","625","1139","0","54.87","28.97"
"64","000","00","026","2606","0142","572","330","242","53","625","1139","0","54.87","28.97"
"64","000","00","026","2607","0000","1594","1019","575","143","1737","2961","0","58.66","34.41"
"64","000","00","026","2607","0143","698","457","241","75","773","1363","0","56.71","33.53"
"64","000","00","026","2607","0144","896","562","334","68","964","1598","0","60.33","35.17"
"64","000","00","026","2608","0000","427","282","145","19","446","925","0","48.22","30.49"
"64","000","00","026","2608","0146","427","282","145","19","446","925","0","48.22","30.49"
"64","000","00","026","2609","0000","553","341","212","44","597","1111","0","53.74","30.69"
"64","000","00","026","2609","0145","553","341","212","44","597","1111","0","53.74","30.69"
"64","000","00","026","2610","0000","592","368","224","37","629","1148","0","54.79","32.06"
"64","000","00","026","2610","0147","592","368","224","37","629","1148","0","54.79","32.06"
"64","000","00","026","2611","0000","1228","825","403","87","1315","2087","0","63.01","39.53"
"64","000","00","026","2611","0137","453","295","158","37","490","838","0","58.47","35.2"
"64","000","00","026","2611","0138","775","530","245","50","825","1249","0","66.05","42.43"
"64","000","00","026","2612","0000","567","366","201","47","614","1116","0","55.02","32.8"
"64","000","00","026","2612","0139","567","366","201","47","614","1116","0","55.02","32.8"
"64","000","00","026","2613","0000","493","303","190","34","527","978","0","53.89","30.98"
"64","000","00","026","2613","0140","493","303","190","34","527","978","0","53.89","30.98"
"64","000","00","026","2614","0000","521","342","179","26","547","1125","0","48.62","30.4"
"64","000","00","026","2614","0141","521","342","179","26","547","1125","0","48.62","30.4"
"64","000","00","026","2615","0000","2237","1378","859","107","2344","4513","0","51.94","30.53"
"64","000","00","026","2615","0148","683","403","280","21","704","1353","0","52.03","29.79"
"64","000","00","026","2615","0149","697","440","257","43","740","1331","0","55.6","33.06"
"64","000","00","026","2615","0150","857","535","322","43","900","1829","0","49.21","29.25"
"64","000","00","027","0000","0000","7232","4384","2848","408","7640","12001","13888","63.66","36.53"
"64","000","00","027","2701","0000","971","634","337","58","1029","1574","0","65.37","40.28"
"64","000","00","027","2701","0249","481","331","150","23","504","756","0","66.67","43.78"
"64","000","00","027","2701","0250","490","303","187","35","525","818","0","64.18","37.04"
"64","000","00","027","2702","0000","1145","727","418","72","1217","1817","0","66.98","40.01"
"64","000","00","027","2702","0251","577","363","214","24","601","866","0","69.4","41.92"
"64","000","00","027","2702","0252","568","364","204","48","616","951","0","64.77","38.28"
"64","000","00","027","2703","0000","1300","596","704","84","1384","2339","0","59.17","25.48"
"64","000","00","027","2703","0253","590","165","425","48","638","992","0","64.31","16.63"
"64","000","00","027","2703","0254","324","184","140","15","339","682","0","49.71","26.98"
"64","000","00","027","2703","0255","386","247","139","21","407","665","0","61.2","37.14"
"64","000","00","027","2704","0000","204","122","82","8","212","371","0","57.14","32.88"
"64","000","00","027","2704","0256","204","122","82","8","212","371","0","57.14","32.88"
"64","000","00","027","2705","0000","1554","991","563","72","1626","2532","0","64.22","39.14"
"64","000","00","027","2705","0257","691","414","277","47","738","1114","0","66.25","37.16"
"64","000","00","027","2705","0258","863","577","286","25","888","1418","0","62.62","40.69"
"64","000","00","027","2706","0000","2058","1314","744","114","2172","3368","0","64.49","39.01"
"64","000","00","027","2706","0259","921","598","323","58","979","1477","0","66.28","40.49"
"64","000","00","027","2706","0260","1137","716","421","56","1193","1891","0","63.09","37.86"
"64","000","00","028","0000","0000","9785","6341","3444","556","10341","16487","19266","62.72","38.46"
"64","000","00","028","2801","0000","719","445","274","38","757","1246","0","60.75","35.71"
"64","000","00","028","2801","0358","719","445","274","38","757","1246","0","60.75","35.71"
"64","000","00","028","2802","0000","1160","740","420","54","1214","1840","0","65.98","40.22"
"64","000","00","028","2802","0359","528","341","187","28","556","885","0","62.82","38.53"
"64","000","00","028","2802","0360","632","399","233","26","658","955","0","68.9","41.78"
"64","000","00","028","2803","0000","301","173","128","21","322","534","0","60.3","32.4"
"64","000","00","028","2803","0361","301","173","128","21","322","534","0","60.3","32.4"
"64","000","00","028","2804","0000","425","281","144","28","453","738","0","61.38","38.08"
"64","000","00","028","2804","0362","425","281","144","28","453","738","0","61.38","38.08"
"64","000","00","028","2805","0000","1099","718","381","57","1156","1732","0","66.74","41.45"
"64","000","00","028","2805","0363","559","355","204","28","587","855","0","68.65","41.52"
"64","000","00","028","2805","0364","540","363","177","29","569","877","0","64.88","41.39"
"64","000","00","028","2806","0000","946","649","297","58","1004","1589","0","63.18","40.84"
"64","000","00","028","2806","0365","477","346","131","33","510","781","0","65.3","44.3"
"64","000","00","028","2806","0366","469","303","166","25","494","808","0","61.14","37.5"
"64","000","00","028","2807","0000","916","565","351","60","976","1729","0","56.45","32.68"
"64","000","00","028","2807","0367","454","281","173","18","472","904","0","52.21","31.08"
"64","000","00","028","2807","0368","462","284","178","42","504","825","0","61.09","34.42"
"64","000","00","028","2808","0000","1218","771","447","60","1278","2037","0","62.74","37.85"
"64","000","00","028","2808","0370","579","358","221","24","603","1013","0","59.53","35.34"
"64","000","00","028","2808","0371","639","413","226","36","675","1024","0","65.92","40.33"
"64","000","00","028","2809","0000","486","310","176","49","535","941","0","56.85","32.94"
"64","000","00","028","2809","0369","486","310","176","49","535","941","0","56.85","32.94"
"64","000","00","028","2810","0000","463","310","153","13","476","861","0","55.28","36.0"
"64","000","00","028","2810","0372","463","310","153","13","476","861","0","55.28","36.0"
"64","000","00","028","2811","0000","689","440","249","46","735","1163","0","63.2","37.83"
"64","000","00","028","2811","0373","689","440","249","46","735","1163","0","63.2","37.83"
"64","000","00","028","2812","0000","1363","939","424","72","1435","2077","0","69.09","45.21"
"64","000","00","028","2812","0374","771","526","245","35","806","1216","0","66.28","43.26"
"64","000","00","028","2812","0375","592","413","179","37","629","861","0","73.05","47.97"
"64","000","00","029","0000","0000","17907","11724","6183","843","18750","31025","35896","60.44","37.79"
"64","000","00","029","2901","0000","1229","801","428","77","1306","2124","0","61.49","37.71"
"64","000","00","029","2901","0376","627","412","215","41","668","1061","0","62.96","38.83"
"64","000","00","029","2901","0377","602","389","213","36","638","1063","0","60.02","36.59"
"64","000","00","029","2902","0000","1153","724","429","39","1192","2047","0","58.23","35.37"
"64","000","00","029","2902","0378","587","377","210","19","606","969","0","62.54","38.91"
"64","000","00","029","2902","0379","566","347","219","20","586","1078","0","54.36","32.19"
"64","000","00","029","2903","0000","1367","878","489","74","1441","2231","0","64.59","39.35"
"64","000","00","029","2903","0380","496","310","186","32","528","838","0","63.01","36.99"
"64","000","00","029","2903","0381","388","258","130","24","412","611","0","67.43","42.23"
"64","000","00","029","2903","0382","483","310","173","18","501","782","0","64.07","39.64"
"64","000","00","029","2904","0000","910","564","346","42","952","1451","0","65.61","38.87"
"64","000","00","029","2904","0383","910","564","346","42","952","1451","0","65.61","38.87"
"64","000","00","029","2905","0000","655","436","219","21","676","1144","0","59.09","38.11"
"64","000","00","029","2905","0384","655","436","219","21","676","1144","0","59.09","38.11"
"64","000","00","029","2906","0000","980","635","345","53","1033","1827","0","56.54","34.76"
"64","000","00","029","2906","0389","593","404","189","27","620","1112","0","55.76","36.33"
"64","000","00","029","2906","0390","387","231","156","26","413","715","0","57.76","32.31"
"64","000","00","029","2907","0000","1280","867","413","87","1367","2072","0","65.97","41.84"
"64","000","00","029","2907","0394","667","439","228","44","711","1052","0","67.59","41.73"
"64","000","00","029","2907","0395","613","428","185","43","656","1020","0","64.31","41.96"
"64","000","00","029","2908","0000","1566","1051","515","57","1623","2855","0","56.85","36.81"
"64","000","00","029","2908","0396","701","455","246","32","733","1260","0","58.17","36.11"
"64","000","00","029","2908","0397","865","596","269","25","890","1595","0","55.8","37.37"
"64","000","00","029","2909","0000","1350","889","461","50","1400","2361","0","59.3","37.65"
"64","000","00","029","2909","0398","491","312","179","22","513","829","0","61.88","37.64"
"64","000","00","029","2909","0399","859","577","282","28","887","1532","0","57.9","37.66"
"64","000","00","029","2910","0000","534","354","180","12","546","975","0","56.0","36.31"
"64","000","00","029","2910","0385","534","354","180","12","546","975","0","56.0","36.31"
"64","000","00","029","2911","0000","2119","1398","721","113","2232","3608","0","61.86","38.75"
"64","000","00","029","2911","0386","775","505","270","30","805","1317","0","61.12","38.34"
"64","000","00","029","2911","0387","716","489","227","50","766","1218","0","62.89","40.15"
"64","000","00","029","2911","0388","628","404","224","33","661","1073","0","61.6","37.65"
"64","000","00","029","2912","0000","1285","818","467","52","1337","2250","0","59.42","36.36"
"64","000","00","029","2912","0391","729","474","255","30","759","1311","0","57.89","36.16"
"64","000","00","029","2912","0392","556","344","212","22","578","939","0","61.55","36.63"
"64","000","00","029","2913","0000","505","335","170","15","520","824","0","63.11","40.66"
"64","000","00","029","2913","0393","505","335","170","15","520","824","0","63.11","40.66"
"64","000","00","029","2914","0000","1419","966","453","87","1506","2338","0","64.41","41.32"
"64","000","00","029","2914","0400","756","517","239","36","792","1195","0","66.28","43.26"
"64","000","00","029","2914","0401","663","449","214","51","714","1143","0","62.47","39.28"
"64","000","00","029","2915","0000","1555","1008","547","64","1619","2918","0","55.48","34.54"
"64","000","00","029","2915","0402","710","447","263","38","748","1186","0","63.07","37.69"
"64","000","00","029","2915","0403","845","561","284","26","871","1732","0","50.29","32.39"
"64","000","00","030","0000","0000","17123","10513","6610","1209","18332","31996","36695","57.29","32.86"
"64","000","00","030","3001","0000","1175","742","433","59","1234","2185","0","56.48","33.96"
"64","000","00","030","3001","0060","614","368","246","25","639","1060","0","60.28","34.72"
"64","000","00","030","3001","0061","561","374","187","34","595","1125","0","52.89","33.24"
"64","000","00","030","3002","0000","1397","850","547","53","1450","2338","0","62.02","36.36"
"64","000","00","030","3002","0062","649","391","258","32","681","1100","0","61.91","35.55"
"64","000","00","030","3002","0063","748","459","289","21","769","1238","0","62.12","37.08"
"64","000","00","030","3003","0000","947","531","416","35","982","1660","0","59.16","31.99"
"64","000","00","030","3003","0064","525","309","216","18","543","933","0","58.2","33.12"
"64","000","00","030","3003","0065","422","222","200","17","439","727","0","60.39","30.54"
"64","000","00","030","3004","0000","956","589","367","56","1012","1815","0","55.76","32.45"
"64","000","00","030","3004","0066","576","367","209","34","610","1071","0","56.96","34.27"
"64","000","00","030","3004","0067","380","222","158","22","402","744","0","54.03","29.84"
"64","000","00","030","3005","0000","727","446","281","50","777","1469","0","52.89","30.36"
"64","000","00","030","3005","0068","542","322","220","38","580","1100","0","52.73","29.27"
"64","000","00","030","3005","0069","185","124","61","12","197","369","0","53.39","33.6"
"64","000","00","030","3006","0000","652","436","216","22","674","1398","0","48.21","31.19"
"64","000","00","030","3006","0070","414","273","141","13","427","888","0","48.09","30.74"
"64","000","00","030","3006","0071","238","163","75","9","247","510","0","48.43","31.96"
"64","000","00","030","3007","0000","584","353","231","66","650","1042","0","62.38","33.88"
"64","000","00","030","3007","0072","584","353","231","66","650","1042","0","62.38","33.88"
"64","000","00","030","3008","0000","402","245","157","36","438","791","0","55.37","30.97"
"64","000","00","030","3008","0073","402","245","157","36","438","791","0","55.37","30.97"
"64","000","00","030","3009","0000","1046","623","423","87","1133","2157","0","52.53","28.88"
"64","000","00","030","3009","0074","512","321","191","56","568","939","0","60.49","34.19"
"64","000","00","030","3009","0075","534","302","232","31","565","1218","0","46.39","24.79"
"64","000","00","030","3010","0000","83","49","34","16","99","178","0","55.62","27.53"
"64","000","00","030","3010","0076","83","49","34","16","99","178","0","55.62","27.53"
"64","000","00","030","3011","0000","1113","683","430","63","1176","1971","0","59.67","34.65"
"64","000","00","030","3011","0077","554","350","204","36","590","946","0","62.37","37.0"
"64","000","00","030","3011","0078","559","333","226","27","586","1025","0","57.17","32.49"
"64","000","00","030","3012","0000","586","381","205","114","700","1040","0","67.31","36.63"
"64","000","00","030","3012","0079","586","381","205","114","700","1040","0","67.31","36.63"
"64","000","00","030","3013","0000","877","565","312","69","946","1563","0","60.52","36.15"
"64","000","00","030","3013","0080","538","339","199","49","587","900","0","65.22","37.67"
"64","000","00","030","3013","0081","339","226","113","20","359","663","0","54.15","34.09"
"64","000","00","030","3014","0000","1081","673","408","61","1142","2014","0","56.7","33.42"
"64","000","00","030","3014","0082","512","303","209","34","546","954","0","57.23","31.76"
"64","000","00","030","3014","0083","569","370","199","27","596","1060","0","56.23","34.91"
"64","000","00","030","3015","0000","1859","1136","723","117","1976","3323","0","59.46","34.19"
"64","000","00","030","3015","0084","629","387","242","48","677","1110","0","60.99","34.86"
"64","000","00","030","3015","0085","590","337","253","41","631","1062","0","59.42","31.73"
"64","000","00","030","3015","0086","640","412","228","28","668","1151","0","58.04","35.79"
"64","000","00","030","3016","0000","1160","730","430","71","1231","2206","0","55.8","33.09"
"64","000","00","030","3016","0087","151","80","71","16","167","266","0","62.78","30.08"
"64","000","00","030","3016","0088","374","252","122","19","393","633","0","62.09","39.81"
"64","000","00","030","3016","0089","635","398","237","36","671","1307","0","51.34","30.45"
"64","000","00","030","3017","0000","387","227","160","46","433","754","0","57.43","30.11"
"64","000","00","030","3017","0090","387","227","160","46","433","754","0","57.43","30.11"
"64","000","00","030","3018","0000","649","390","259","98","747","1296","0","57.64","30.09"
"64","000","00","030","3018","0091","649","390","259","98","747","1296","0","57.64","30.09"
"64","000","00","030","3019","0000","370","211","159","21","391","839","0","46.6","25.15"
"64","000","00","030","3019","0092","370","211","159","21","391","839","0","46.6","25.15"
"64","000","00","030","3020","0000","718","424","294","50","768","1329","0","57.79","31.9"
"64","000","00","030","3020","0093","718","424","294","50","768","1329","0","57.79","31.9"
"64","000","00","030","3021","0000","354","229","125","19","373","628","0","59.39","36.46"
"64","000","00","030","3021","0094","354","229","125","19","373","628","0","59.39","36.46"
"64","000","00","031","0000","0000","18162","11579","6583","1388","19550","35311","39630","55.37","32.79"
"64","000","00","031","3101","0000","1344","867","477","80","1424","2613","0","54.5","33.18"
"64","000","00","031","3101","0095","629","434","195","60","689","1175","0","58.64","36.94"
"64","000","00","031","3101","0096","715","433","282","20","735","1438","0","51.11","30.11"
"64","000","00","031","3102","0000","1224","857","367","84","1308","2416","0","54.14","35.47"
"64","000","00","031","3102","0097","476","330","146","31","507","989","0","51.26","33.37"
"64","000","00","031","3102","0098","748","527","221","53","801","1427","0","56.13","36.93"
"64","000","00","031","3103","0000","1395","862","533","122","1517","2572","0","58.98","33.51"
"64","000","00","031","3103","0099","685","414","271","58","743","1309","0","56.76","31.63"
"64","000","00","031","3103","0100","710","448","262","64","774","1263","0","61.28","35.47"
"64","000","00","031","3104","0000","1123","710","413","102","1225","2061","0","59.44","34.45"
"64","000","00","031","3104","0101","562","369","193","48","610","997","0","61.18","37.01"
"64","000","00","031","3104","0102","561","341","220","54","615","1064","0","57.8","32.05"
"64","000","00","031","3105","0000","781","502","279","55","836","1498","0","55.81","33.51"
"64","000","00","031","3105","0103","781","502","279","55","836","1498","0","55.81","33.51"
"64","000","00","031","3106","0000","1149","739","410","115","1264","2150","0","58.79","34.37"
"64","000","00","031","3106","0104","595","381","214","63","658","1119","0","58.8","34.05"
"64","000","00","031","3106","0105","554","358","196","52","606","1031","0","58.78","34.72"
"64","000","00","031","3107","0000","1269","766","503","106","1375","2508","0","54.82","30.54"
"64","000","00","031","3107","0106","703","412","291","64","767","1437","0","53.38","28.67"
"64","000","00","031","3107","0107","566","354","212","42","608","1071","0","56.77","33.05"
"64","000","00","031","3108","0000","708","474","234","50","758","1462","0","51.85","32.42"
"64","000","00","031","3108","0108","367","254","113","25","392","687","0","57.06","36.97"
"64","000","00","031","3108","0109","341","220","121","25","366","775","0","47.23","28.39"
"64","000","00","031","3109","0000","651","427","224","48","699","1353","0","51.66","31.56"
"64","000","00","031","3109","0110","651","427","224","48","699","1353","0","51.66","31.56"
"64","000","00","031","3110","0000","577","368","209","36","613","1191","0","51.47","30.9"
"64","000","00","031","3110","0111","577","368","209","36","613","1191","0","51.47","30.9"
"64","000","00","031","3111","0000","1094","709","385","61","1155","2084","0","55.42","34.02"
"64","000","00","031","3111","0112","428","288","140","33","461","906","0","50.88","31.79"
"64","000","00","031","3111","0113","666","421","245","28","694","1178","0","58.91","35.74"
"64","000","00","031","3112","0000","597","369","228","42","639","1252","0","51.04","29.47"
"64","000","00","031","3112","0114","597","369","228","42","639","1252","0","51.04","29.47"
"64","000","00","031","3113","0000","859","547","312","36","895","1549","0","57.78","35.31"
"64","000","00","031","3113","0115","859","547","312","36","895","1549","0","57.78","35.31"
"64","000","00","031","3114","0000","1148","746","402","64","1212","2204","0","54.99","33.85"
"64","000","00","031","3114","0116","549","375","174","26","575","1088","0","52.85","34.47"
"64","000","00","031","3114","0117","599","371","228","38","637","1116","0","57.08","33.24"
"64","000","00","031","3115","0000","980","597","383","59","1039","1793","0","57.95","33.3"
"64","000","00","031","3115","0118","509","317","192","18","527","977","0","53.94","32.45"
"64","000","00","031","3115","0119","471","280","191","41","512","816","0","62.75","34.31"
"64","000","00","031","3116","0000","915","597","318","80","995","1898","0","52.42","31.45"
"64","000","00","031","3116","0120","423","275","148","26","449","955","0","47.02","28.8"
"64","000","00","031","3116","0121","492","322","170","54","546","943","0","57.9","34.15"
"64","000","00","031","3117","0000","699","440","259","40","739","1371","0","53.9","32.09"
"64","000","00","031","3117","0122","699","440","259","40","739","1371","0","53.9","32.09"
"64","000","00","031","3118","0000","980","598","382","101","1081","1834","0","58.94","32.61"
"64","000","00","031","3118","0123","461","272","189","53","514","919","0","55.93","29.6"
"64","000","00","031","3118","0124","519","326","193","48","567","915","0","61.97","35.63"
"64","000","00","031","3119","0000","669","404","265","107","776","1502","0","51.66","26.9"
"64","000","00","031","3119","0125","392","236","156","63","455","828","0","54.95","28.5"
"64","000","00","031","3119","0126","277","168","109","44","321","674","0","47.63","24.93"
"64","000","00","032","0000","0000","4990","3037","1953","511","5501","11501","12984","47.83","26.41"
"64","000","00","032","3201","0000","358","222","136","28","386","760","0","50.79","29.21"
"64","000","00","032","3201","0020","358","222","136","28","386","760","0","50.79","29.21"
"64","000","00","032","3202","0000","280","169","111","27","307","666","0","46.1","25.38"
"64","000","00","032","3202","0021","280","169","111","27","307","666","0","46.1","25.38"
"64","000","00","032","3203","0000","372","230","142","40","412","704","0","58.52","32.67"
"64","000","00","032","3203","0022","372","230","142","40","412","704","0","58.52","32.67"
"64","000","00","032","3204","0000","474","302","172","40","514","1003","0","51.25","30.11"
"64","000","00","032","3204","0023","474","302","172","40","514","1003","0","51.25","30.11"
"64","000","00","032","3205","0000","572","326","246","94","666","1382","0","48.19","23.59"
"64","000","00","032","3205","0024","572","326","246","94","666","1382","0","48.19","23.59"
"64","000","00","032","3206","0000","371","218","153","45","416","986","0","42.19","22.11"
"64","000","00","032","3206","0025","371","218","153","45","416","986","0","42.19","22.11"
"64","000","00","032","3207","0000","501","293","208","37","538","1046","0","51.43","28.01"
"64","000","00","032","3207","0026","501","293","208","37","538","1046","0","51.43","28.01"
"64","000","00","032","3208","0000","353","211","142","29","382","812","0","47.04","25.99"
"64","000","00","032","3208","0027","353","211","142","29","382","812","0","47.04","25.99"
"64","000","00","032","3209","0000","579","371","208","65","644","1431","0","45.0","25.93"
"64","000","00","032","3209","0028","579","371","208","65","644","1431","0","45.0","25.93"
"64","000","00","032","3210","0000","431","289","142","51","482","912","0","52.85","31.69"
"64","000","00","032","3210","0029","431","289","142","51","482","912","0","52.85","31.69"
"64","000","00","032","3211","0000","566","328","238","43","609","1472","0","41.37","22.28"
"64","000","00","032","3211","0030","566","328","238","43","609","1472","0","41.37","22.28"
"64","000","00","032","3212","0000","133","78","55","12","145","327","0","44.34","23.85"
"64","000","00","032","3212","0031","133","78","55","12","145","327","0","44.34","23.85"
"64","000","00","033","0000","0000","2520","1563","957","207","2727","5417","6051","50.34","28.85"
"64","000","00","033","3301","0000","178","121","57","9","187","472","0","39.62","25.64"
"64","000","00","033","3301","0013","178","121","57","9","187","472","0","39.62","25.64"
"64","000","00","033","3302","0000","522","348","174","40","562","882","0","63.72","39.46"
"64","000","00","033","3302","0014","522","348","174","40","562","882","0","63.72","39.46"
"64","000","00","033","3303","0000","337","204","133","19","356","668","0","53.29","30.54"
"64","000","00","033","3303","0015","337","204","133","19","356","668","0","53.29","30.54"
"64","000","00","033","3304","0000","713","438","275","81","794","1581","0","50.22","27.7"
"64","000","00","033","3304","0016","713","438","275","81","794","1581","0","50.22","27.7"
"64","000","00","033","3305","0000","247","144","103","11","258","673","0","38.34","21.4"
"64","000","00","033","3305","0017","247","144","103","11","258","673","0","38.34","21.4"
"64","000","00","033","3306","0000","268","164","104","28","296","607","0","48.76","27.02"
"64","000","00","033","3306","0018","268","164","104","28","296","607","0","48.76","27.02"
"64","000","00","033","3307","0000","255","144","111","19","274","534","0","51.31","26.97"
"64","000","00","033","3307","0019","255","144","111","19","274","534","0","51.31","26.97"
"64","000","00","034","0000","0000","4688","2899","1789","364","5052","10607","11828","47.63","27.33"
"64","000","00","034","3401","0000","287","174","113","32","319","640","0","49.84","27.19"
"64","000","00","034","3401","0032","287","174","113","32","319","640","0","49.84","27.19"
"64","000","00","034","3402","0000","311","184","127","26","337","696","0","48.42","26.44"
"64","000","00","034","3402","0033","311","184","127","26","337","696","0","48.42","26.44"
"64","000","00","034","3403","0000","457","275","182","35","492","1284","0","38.32","21.42"
"64","000","00","034","3403","0034","457","275","182","35","492","1284","0","38.32","21.42"
"64","000","00","034","3404","0000","649","394","255","57","706","1509","0","46.79","26.11"
"64","000","00","034","3404","0035","418","246","172","41","459","1027","0","44.69","23.95"
"64","000","00","034","3404","0036","231","148","83","16","247","482","0","51.24","30.71"
"64","000","00","034","3405","0000","834","514","320","80","914","1627","0","56.18","31.59"
"64","000","00","034","3405","0037","834","514","320","80","914","1627","0","56.18","31.59"
"64","000","00","034","3406","0000","745","484","261","27","772","1630","0","47.36","29.69"
"64","000","00","034","3406","0038","745","484","261","27","772","1630","0","47.36","29.69"
"64","000","00","034","3407","0000","601","381","220","67","668","1261","0","52.97","30.21"
"64","000","00","034","3407","0041","601","381","220","67","668","1261","0","52.97","30.21"
"64","000","00","034","3408","0000","804","493","311","40","844","1960","0","43.06","25.15"
"64","000","00","034","3408","0039","382","227","155","22","404","973","0","41.52","23.33"
"64","000","00","034","3408","0040","422","266","156","18","440","987","0","44.58","26.95"
"64","000","00","035","0000","0000","6093","3884","2209","452","6545","13002","14465","50.34","29.87"
"64","000","00","035","3501","0000","448","286","162","36","484","969","0","49.95","29.51"
"64","000","00","035","3501","0042","448","286","162","36","484","969","0","49.95","29.51"
"64","000","00","035","3502","0000","291","190","101","15","306","652","0","46.93","29.14"
"64","000","00","035","3502","0043","291","190","101","15","306","652","0","46.93","29.14"
"64","000","00","035","3503","0000","466","318","148","48","514","961","0","53.49","33.09"
"64","000","00","035","3503","0044","466","318","148","48","514","961","0","53.49","33.09"
"64","000","00","035","3504","0000","205","145","60","10","215","426","0","50.47","34.04"
"64","000","00","035","3504","0045","205","145","60","10","215","426","0","50.47","34.04"
"64","000","00","035","3505","0000","178","120","58","9","187","398","0","46.98","30.15"
"64","000","00","035","3505","0046","178","120","58","9","187","398","0","46.98","30.15"
"64","000","00","035","3506","0000","229","133","96","12","241","508","0","47.44","26.18"
"64","000","00","035","3506","0047","229","133","96","12","241","508","0","47.44","26.18"
"64","000","00","035","3507","0000","539","354","185","42","581","980","0","59.29","36.12"
"64","000","00","035","3507","0048","539","354","185","42","581","980","0","59.29","36.12"
"64","000","00","035","3508","0000","507","315","192","32","539","1225","0","44.0","25.71"
"64","000","00","035","3508","0049","507","315","192","32","539","1225","0","44.0","25.71"
"64","000","00","035","3509","0000","872","518","354","100","972","1722","0","56.45","30.08"
"64","000","00","035","3509","0050","872","518","354","100","972","1722","0","56.45","30.08"
"64","000","00","035","3510","0000","249","156","93","26","275","560","0","49.11","27.86"
"64","000","00","035","3510","0051","249","156","93","26","275","560","0","49.11","27.86"
"64","000","00","035","3511","0000","348","203","145","14","362","801","0","45.19","25.34"
"64","000","00","035","3511","0052","348","203","145","14","362","801","0","45.19","25.34"
"64","000","00","035","3512","0000","209","117","92","11","220","423","0","52.01","27.66"
"64","000","00","035","3512","0053","209","117","92","11","220","423","0","52.01","27.66"
"64","000","00","035","3513","0000","218","140","78","19","237","497","0","47.69","28.17"
"64","000","00","035","3513","0054","218","140","78","19","237","497","0","47.69","28.17"
"64","000","00","035","3514","0000","327","215","112","18","345","677","0","50.96","31.76"
"64","000","00","035","3514","0055","327","215","112","18","345","677","0","50.96","31.76"
"64","000","00","035","3515","0000","246","178","68","7","253","593","0","42.66","30.02"
"64","000","00","035","3515","0056","246","178","68","7","253","593","0","42.66","30.02"
"64","000","00","035","3516","0000","269","184","85","22","291","597","0","48.74","30.82"
"64","000","00","035","3516","0057","269","184","85","22","291","597","0","48.74","30.82"
"64","000","00","035","3517","0000","152","101","51","0","152","343","0","44.31","29.45"
"64","000","00","035","3517","0058","152","101","51","0","152","343","0","44.31","29.45"
"64","000","00","035","3518","0000","340","211","129","31","371","670","0","55.37","31.49"
"64","000","00","035","3518","0059","340","211","129","31","371","670","0","55.37","31.49"
"64","000","00","036","0000","0000","1077","701","376","46","1123","1615","1999","69.54","43.41"
"64","000","00","036","3601","0000","468","315","153","17","485","726","0","66.8","43.39"
"64","000","00","036","3601","0129","468","315","153","17","485","726","0","66.8","43.39"
"64","000","00","036","3602","0000","273","192","81","9","282","382","0","73.82","50.26"
"64","000","00","036","3602","0128","273","192","81","9","282","382","0","73.82","50.26"
"64","000","00","036","3603","0000","336","194","142","20","356","507","0","70.22","38.26"
"64","000","00","036","3603","0127","336","194","142","20","356","507","0","70.22","38.26"
"64","000","00","037","0000","0000","2163","1448","715","62","2225","3498","4310","63.61","41.4"
"64","000","00","037","3701","0000","480","330","150","10","490","783","0","62.58","42.15"
"64","000","00","037","3701","0005","480","330","150","10","490","783","0","62.58","42.15"
"64","000","00","037","3702","0000","251","171","80","17","268","472","0","56.78","36.23"
"64","000","00","037","3702","0008","251","171","80","17","268","472","0","56.78","36.23"
"64","000","00","037","3703","0000","403","254","149","17","420","612","0","68.63","41.5"
"64","000","00","037","3703","0007","403","254","149","17","420","612","0","68.63","41.5"
"64","000","00","037","3704","0000","395","284","111","7","402","632","0","63.61","44.94"
"64","000","00","037","3704","0006","395","284","111","7","402","632","0","63.61","44.94"
"64","000","00","037","3705","0000","163","118","45","2","165","223","0","73.99","52.91"
"64","000","00","037","3705","0004","163","118","45","2","165","223","0","73.99","52.91"
"64","000","00","037","3706","0000","181","114","67","5","186","279","0","66.67","40.86"
"64","000","00","037","3706","0003","181","114","67","5","186","279","0","66.67","40.86"
"64","000","00","037","3707","0000","169","110","59","3","172","233","0","73.82","47.21"
"64","000","00","037","3707","0002","169","110","59","3","172","233","0","73.82","47.21"
"64","000","00","037","3708","0000","121","67","54","1","122","264","0","46.21","25.38"
"64","000","00","037","3708","0001","121","67","54","1","122","264","0","46.21","25.38"
"64","000","00","038","0000","0000","1597","1091","506","82","1679","2424","3143","69.27","45.01"
"64","000","00","038","3801","0000","869","557","312","52","921","1326","0","69.46","42.01"
"64","000","00","038","3801","0009","472","319","153","21","493","741","0","66.53","43.05"
"64","000","00","038","3801","0010","397","238","159","31","428","585","0","73.16","40.68"
"64","000","00","038","3802","0000","456","327","129","18","474","609","0","77.83","53.69"
"64","000","00","038","3802","0011","456","327","129","18","474","609","0","77.83","53.69"
"64","000","00","038","3803","0000","272","207","65","12","284","489","0","58.08","42.33"
"64","000","00","038","3803","0012","272","207","65","12","284","489","0","58.08","42.33"
"10","004","00","000","0000","0000","242889","150580","92309","10969","253858","445051","556307","57.04","33.83"
"10","004","00","001","0000","0000","77314","47451","29863","2796","80110","137129","186411","58.42","34.6"
"10","004","00","001","0101","0000","3488","2155","1333","80","3568","5988","0","59.59","35.99"
"10","004","00","001","0101","0041","749","453","296","10","759","1301","0","58.34","34.82"
"10","004","00","001","0101","0042","1015","589","426","33","1048","1798","0","58.29","32.76"
"10","004","00","001","0101","0043","833","525","308","18","851","1427","0","59.64","36.79"
"10","004","00","001","0101","0044","891","588","303","19","910","1462","0","62.24","40.22"
"10","004","00","001","0102","0000","5603","3395","2208","120","5723","9417","0","60.77","36.05"
"10","004","00","001","0102","0001","834","524","310","19","853","1319","0","64.67","39.73"
"10","004","00","001","0102","0002","784","408","376","21","805","1321","0","60.94","30.89"
"10","004","00","001","0102","0003","784","481","303","23","807","1272","0","63.44","37.81"
"10","004","00","001","0102","0004","826","523","303","24","850","1467","0","57.94","35.65"
"10","004","00","001","0102","0005","704","405","299","8","712","1226","0","58.08","33.03"
"10","004","00","001","0102","0006","800","512","288","12","812","1412","0","57.51","36.26"
"10","004","00","001","0102","0007","871","542","329","13","884","1400","0","63.14","38.71"
"10","004","00","001","0103","0000","5781","3342","2439","169","5950","10185","0","58.42","32.81"
"10","004","00","001","0103","0008","848","515","333","30","878","1415","0","62.05","36.4"
"10","004","00","001","0103","0009","785","460","325","22","807","1361","0","59.29","33.8"
"10","004","00","001","0103","0010","821","477","344","17","838","1515","0","55.31","31.49"
"10","004","00","001","0103","0011","874","517","357","22","896","1495","0","59.93","34.58"
"10","004","00","001","0103","0012","814","469","345","26","840","1417","0","59.28","33.1"
"10","004","00","001","0103","0013","860","470","390","33","893","1548","0","57.69","30.36"
"10","004","00","001","0103","0014","779","434","345","19","798","1434","0","55.65","30.26"
"10","004","00","001","0104","0000","3800","2272","1528","142","3942","6515","0","60.51","34.87"
"10","004","00","001","0104","0015","780","472","308","36","816","1385","0","58.92","34.08"
"10","004","00","001","0104","0016","764","481","283","30","794","1247","0","63.67","38.57"
"10","004","00","001","0104","0017","770","448","322","28","798","1373","0","58.12","32.63"
"10","004","00","001","0104","0018","844","472","372","15","859","1345","0","63.87","35.09"
"10","004","00","001","0104","0019","642","399","243","33","675","1165","0","57.94","34.25"
"10","004","00","001","0105","0000","1452","847","605","59","1511","2376","0","63.59","35.65"
"10","004","00","001","0105","0020","728","426","302","26","754","1164","0","64.78","36.6"
"10","004","00","001","0105","0021","724","421","303","33","757","1212","0","62.46","34.74"
"10","004","00","001","0106","0000","1535","983","552","77","1612","3083","0","52.29","31.88"
"10","004","00","001","0106","0022","739","468","271","32","771","1507","0","51.16","31.06"
"10","004","00","001","0106","0023","796","515","281","45","841","1576","0","53.36","32.68"
"10","004","00","001","0107","0000","3366","2146","1220","113","3479","6111","0","56.93","35.12"
"10","004","00","001","0107","0056","768","503","265","22","790","1477","0","53.49","34.06"
"10","004","00","001","0107","0057","949","609","340","28","977","1611","0","60.65","37.8"
"10","004","00","001","0107","0058","877","563","314","34","911","1555","0","58.59","36.21"
"10","004","00","001","0107","0059","772","471","301","29","801","1468","0","54.56","32.08"
"10","004","00","001","0108","0000","4957","3344","1613","195","5152","8856","0","58.18","37.76"
"10","004","00","001","0108","0060","862","558","304","37","899","1509","0","59.58","36.98"
"10","004","00","001","0108","0061","863","633","230","27","890","1602","0","55.56","39.51"
"10","004","00","001","0108","0062","847","571","276","24","871","1448","0","60.15","39.43"
"10","004","00","001","0108","0063","780","490","290","22","802","1318","0","60.85","37.18"
"10","004","00","001","0108","0064","970","605","365","39","1009","1634","0","61.75","37.03"
"10","004","00","001","0108","0065","635","487","148","46","681","1345","0","50.63","36.21"
"10","004","00","001","0109","0000","2891","1786","1105","111","3002","5746","0","52.25","31.08"
"10","004","00","001","0109","0069","832","504","328","33","865","1483","0","58.33","33.99"
"10","004","00","001","0109","0070","714","442","272","36","750","1332","0","56.31","33.18"
"10","004","00","001","0109","0071","743","472","271","21","764","1482","0","51.55","31.85"
"10","004","00","001","0109","0072","602","368","234","21","623","1449","0","43.0","25.4"
"10","004","00","001","0110","0000","2991","1872","1119","100","3091","5703","0","54.2","32.82"
"10","004","00","001","0110","0073","699","465","234","22","721","1319","0","54.66","35.25"
"10","004","00","001","0110","0074","702","431","271","28","730","1332","0","54.8","32.36"
"10","004","00","001","0110","0075","732","432","300","22","754","1412","0","53.4","30.59"
"10","004","00","001","0110","0076","858","544","314","28","886","1640","0","54.02","33.17"
"10","004","00","001","0111","0000","3747","2310","1437","166","3913","6849","0","57.13","33.73"
"10","004","00","001","0111","0077","727","451","276","32","759","1323","0","57.37","34.09"
"10","004","00","001","0111","0078","805","491","314","48","853","1428","0","59.73","34.38"
"10","004","00","001","0111","0079","869","518","351","26","895","1533","0","58.38","33.79"
"10","004","00","001","0111","0080","711","429","282","26","737","1346","0","54.75","31.87"
"10","004","00","001","0111","0081","635","421","214","34","669","1219","0","54.88","34.54"
"10","004","00","001","0112","0000","2463","1502","961","99","2562","4458","0","57.47","33.69"
"10","004","00","001","0112","0086","786","474","312","45","831","1383","0","60.09","34.27"
"10","004","00","001","0112","0087","887","512","375","29","916","1569","0","58.38","32.63"
"10","004","00","001","0112","0088","790","516","274","25","815","1506","0","54.12","34.26"
"10","004","00","001","0113","0000","1093","664","429","43","1136","1951","0","58.23","34.03"
"10","004","00","001","0113","0089","491","312","179","17","508","877","0","57.92","35.58"
"10","004","00","001","0113","0090","602","352","250","26","628","1074","0","58.47","32.77"
"10","004","00","001","0114","0000","1429","888","541","73","1502","2425","0","61.94","36.62"
"10","004","00","001","0114","0091","679","429","250","30","709","1089","0","65.11","39.39"
"10","004","00","001","0114","0092","750","459","291","43","793","1336","0","59.36","34.36"
"10","004","00","001","0115","0000","1236","759","477","79","1315","2143","0","61.36","35.42"
"10","004","00","001","0115","0094","582","360","222","43","625","937","0","66.7","38.42"
"10","004","00","001","0115","0095","654","399","255","36","690","1206","0","57.21","33.08"
"10","004","00","001","0116","0000","688","392","296","33","721","1205","0","59.83","32.53"
"10","004","00","001","0116","0096","688","392","296","33","721","1205","0","59.83","32.53"
"10","004","00","001","0117","0000","887","549","338","52","939","1585","0","59.24","34.64"
"10","004","00","001","0117","0098","500","309","191","30","530","917","0","57.8","33.7"
"10","004","00","001","0117","0099","387","240","147","22","409","668","0","61.23","35.93"
"10","004","00","001","0118","0000","1033","641","392","72","1105","1914","0","57.73","33.49"
"10","004","00","001","0118","0102","551","352","199","48","599","977","0","61.31","36.03"
"10","004","00","001","0118","0103","482","289","193","24","506","937","0","54.0","30.84"
"10","004","00","001","0119","0000","974","563","411","57","1031","1718","0","60.01","32.77"
"10","004","00","001","0119","0097","974","563","411","57","1031","1718","0","60.01","32.77"
"10","004","00","001","0120","0000","880","538","342","65","945","1606","0","58.84","33.5"
"10","004","00","001","0120","0100","453","261","192","24","477","824","0","57.89","31.67"
"10","004","00","001","0120","0101","427","277","150","41","468","782","0","59.85","35.42"
"10","004","00","001","0121","0000","3589","2209","1380","103","3692","6176","0","59.78","35.77"
"10","004","00","001","0121","0030","724","448","276","18","742","1196","0","62.04","37.46"
"10","004","00","001","0121","0031","717","461","256","26","743","1235","0","60.16","37.33"
"10","004","00","001","0121","0032","672","412","260","14","686","1204","0","56.98","34.22"
"10","004","00","001","0121","0033","779","470","309","26","805","1308","0","61.54","35.93"
"10","004","00","001","0121","0034","697","418","279","19","716","1233","0","58.07","33.9"
"10","004","00","001","0122","0000","3016","1864","1152","154","3170","5664","0","55.97","32.91"
"10","004","00","001","0122","0082","848","539","309","50","898","1466","0","61.26","36.77"
"10","004","00","001","0122","0083","600","340","260","32","632","1147","0","55.1","29.64"
"10","004","00","001","0122","0084","720","431","289","39","759","1529","0","49.64","28.19"
"10","004","00","001","0122","0085","848","554","294","33","881","1522","0","57.88","36.4"
"10","004","00","001","0123","0000","573","362","211","34","607","1058","0","57.37","34.22"
"10","004","00","001","0123","0093","573","362","211","34","607","1058","0","57.37","34.22"
"10","004","00","001","0124","0000","2322","1415","907","73","2395","3738","0","64.07","37.85"
"10","004","00","001","0124","0049","701","418","283","22","723","1181","0","61.22","35.39"
"10","004","00","001","0124","0050","845","503","342","31","876","1329","0","65.91","37.85"
"10","004","00","001","0124","0051","776","494","282","20","796","1228","0","64.82","40.23"
"10","004","00","001","0125","0000","3306","1967","1339","103","3409","5989","0","56.92","32.84"
"10","004","00","001","0125","0052","849","503","346","27","876","1552","0","56.44","32.41"
"10","004","00","001","0125","0053","873","520","353","22","895","1480","0","60.47","35.14"
"10","004","00","001","0125","0054","804","459","345","25","829","1487","0","55.75","30.87"
"10","004","00","001","0125","0055","780","485","295","29","809","1470","0","55.03","32.99"
"10","004","00","001","0126","0000","1948","1264","684","71","2019","3204","0","63.01","39.45"
"10","004","00","001","0126","0066","634","427","207","8","642","958","0","67.01","44.57"
"10","004","00","001","0126","0067","680","432","248","25","705","1112","0","63.4","38.85"
"10","004","00","001","0126","0068","634","405","229","38","672","1134","0","59.26","35.71"
"10","004","00","001","0127","0000","3129","1768","1361","97","3226","5749","0","56.11","30.75"
"10","004","00","001","0127","0024","817","473","344","18","835","1464","0","57.04","32.31"
"10","004","00","001","0127","0025","795","445","350","23","818","1428","0","57.28","31.16"
"10","004","00","001","0127","0026","712","367","345","15","727","1442","0","50.42","25.45"
"10","004","00","001","0127","0027","805","483","322","41","846","1415","0","59.79","34.13"
"10","004","00","001","0128","0000","1755","1039","716","40","1795","3417","0","52.53","30.41"
"10","004","00","001","0128","0028","839","493","346","16","855","1666","0","51.32","29.59"
"10","004","00","001","0128","0029","916","546","370","24","940","1751","0","53.68","31.18"
"10","004","00","001","0129","0000","1995","1320","675","55","2050","3312","0","61.9","39.86"
"10","004","00","001","0129","0035","659","453","206","18","677","1129","0","59.96","40.12"
"10","004","00","001","0129","0036","640","414","226","19","659","1069","0","61.65","38.73"
"10","004","00","001","0129","0037","696","453","243","18","714","1114","0","64.09","40.66"
"10","004","00","001","0130","0000","2022","1270","752","69","2091","3265","0","64.04","38.9"
"10","004","00","001","0130","0038","672","420","252","22","694","1103","0","62.92","38.08"
"10","004","00","001","0130","0039","646","393","253","24","670","1029","0","65.11","38.19"
"10","004","00","001","0130","0040","704","457","247","23","727","1133","0","64.17","40.34"
"10","004","00","001","0131","0000","3365","2025","1340","92","3457","5723","0","60.41","35.38"
"10","004","00","001","0131","0045","831","501","330","26","857","1342","0","63.86","37.33"
"10","004","00","001","0131","0046","845","516","329","24","869","1480","0","58.72","34.86"
"10","004","00","001","0131","0047","910","551","359","20","930","1645","0","56.53","33.5"
"10","004","00","001","0131","0048","779","457","322","22","801","1256","0","63.77","36.39"
"10","004","00","002","0000","0000","41013","25690","15323","1817","42830","78794","96358","54.36","32.6"
"10","004","00","002","0201","0000","149","85","64","6","155","309","0","50.16","27.51"
"10","004","00","002","0201","0104","149","85","64","6","155","309","0","50.16","27.51"
"10","004","00","002","0202","0000","198","119","79","20","218","416","0","52.4","28.61"
"10","004","00","002","0202","0105","198","119","79","20","218","416","0","52.4","28.61"
"10","004","00","002","0203","0000","196","107","89","7","203","386","0","52.59","27.72"
"10","004","00","002","0203","0106","196","107","89","7","203","386","0","52.59","27.72"
"10","004","00","002","0204","0000","1125","846","279","47","1172","2225","0","52.67","38.02"
"10","004","00","002","0204","0107","469","409","60","23","492","950","0","51.79","43.05"
"10","004","00","002","0204","0108","656","437","219","24","680","1275","0","53.33","34.27"
"10","004","00","002","0205","0000","1745","1079","666","97","1842","3283","0","56.11","32.87"
"10","004","00","002","0205","0116","688","417","271","40","728","1292","0","56.35","32.28"
"10","004","00","002","0205","0117","564","360","204","20","584","1111","0","52.57","32.4"
"10","004","00","002","0205","0118","493","302","191","37","530","880","0","60.23","34.32"
"10","004","00","002","0206","0000","4721","2905","1816","207","4928","9177","0","53.7","31.66"
"10","004","00","002","0206","0109","629","384","245","28","657","1213","0","54.16","31.66"
"10","004","00","002","0206","0110","843","534","309","32","875","1548","0","56.52","34.5"
"10","004","00","002","0206","0111","631","395","236","31","662","1246","0","53.13","31.7"
"10","004","00","002","0206","0112","553","318","235","28","581","1252","0","46.41","25.4"
"10","004","00","002","0206","0113","696","437","259","27","723","1359","0","53.2","32.16"
"10","004","00","002","0206","0114","649","391","258","29","678","1255","0","54.02","31.16"
"10","004","00","002","0206","0115","720","446","274","32","752","1304","0","57.67","34.2"
"10","004","00","002","0207","0000","2431","1506","925","129","2560","4569","0","56.03","32.96"
"10","004","00","002","0207","0121","575","346","229","35","610","1126","0","54.17","30.73"
"10","004","00","002","0207","0122","544","344","200","48","592","1073","0","55.17","32.06"
"10","004","00","002","0207","0123","665","402","263","31","696","1215","0","57.28","33.09"
"10","004","00","002","0207","0124","647","414","233","15","662","1155","0","57.32","35.84"
"10","004","00","002","0208","0000","370","233","137","19","389","704","0","55.26","33.1"
"10","004","00","002","0208","0128","370","233","137","19","389","704","0","55.26","33.1"
"10","004","00","002","0209","0000","1409","865","544","52","1461","3048","0","47.93","28.38"
"10","004","00","002","0209","0129","356","229","127","26","382","951","0","40.17","24.08"
"10","004","00","002","0209","0130","562","334","228","11","573","984","0","58.23","33.94"
"10","004","00","002","0209","0131","491","302","189","15","506","1113","0","45.46","27.13"
"10","004","00","002","0210","0000","773","501","272","53","826","1357","0","60.87","36.92"
"10","004","00","002","0210","0132","336","228","108","20","356","595","0","59.83","38.32"
"10","004","00","002","0210","0133","437","273","164","33","470","762","0","61.68","35.83"
"10","004","00","002","0211","0000","801","486","315","50","851","1400","0","60.79","34.71"
"10","004","00","002","0211","0142","410","251","159","30","440","715","0","61.54","35.1"
"10","004","00","002","0211","0143","391","235","156","20","411","685","0","60.0","34.31"
"10","004","00","002","0212","0000","1901","1137","764","88","1989","3875","0","51.33","29.34"
"10","004","00","002","0212","0136","608","390","218","30","638","1310","0","48.7","29.77"
"10","004","00","002","0212","0137","672","351","321","33","705","1434","0","49.16","24.48"
"10","004","00","002","0212","0138","621","396","225","25","646","1131","0","57.12","35.01"
"10","004","00","002","0213","0000","1740","1079","661","62","1802","3317","0","54.33","32.53"
"10","004","00","002","0213","0139","518","300","218","14","532","967","0","55.02","31.02"
"10","004","00","002","0213","0140","584","369","215","29","613","1196","0","51.25","30.85"
"10","004","00","002","0213","0141","638","410","228","19","657","1154","0","56.93","35.53"
"10","004","00","002","0214","0000","3740","2262","1478","131","3871","7555","0","51.24","29.94"
"10","004","00","002","0214","0149","633","375","258","20","653","1248","0","52.32","30.05"
"10","004","00","002","0214","0150","573","339","234","11","584","1263","0","46.24","26.84"
"10","004","00","002","0214","0151","597","351","246","24","621","1232","0","50.41","28.49"
"10","004","00","002","0214","0152","517","321","196","24","541","1143","0","47.33","28.08"
"10","004","00","002","0214","0153","820","515","305","24","844","1529","0","55.2","33.68"
"10","004","00","002","0214","0154","600","361","239","28","628","1140","0","55.09","31.67"
"10","004","00","002","0215","0000","3228","2037","1191","141","3369","6204","0","54.3","32.83"
"10","004","00","002","0215","0156","648","412","236","24","672","1345","0","49.96","30.63"
"10","004","00","002","0215","0157","701","437","264","41","742","1381","0","53.73","31.64"
"10","004","00","002","0215","0158","737","445","292","28","765","1379","0","55.47","32.27"
"10","004","00","002","0215","0159","580","386","194","23","603","1033","0","58.37","37.37"
"10","004","00","002","0215","0160","562","357","205","25","587","1066","0","55.07","33.49"
"10","004","00","002","0216","0000","2290","1448","842","92","2382","4350","0","54.76","33.29"
"10","004","00","002","0216","0169","595","367","228","30","625","1083","0","57.71","33.89"
"10","004","00","002","0216","0170","590","322","268","20","610","1102","0","55.35","29.22"
"10","004","00","002","0216","0171","498","374","124","23","521","1068","0","48.78","35.02"
"10","004","00","002","0216","0172","607","385","222","19","626","1097","0","57.06","35.1"
"10","004","00","002","0217","0000","1026","628","398","36","1062","1871","0","56.76","33.56"
"10","004","00","002","0217","0173","509","327","182","19","528","962","0","54.89","33.99"
"10","004","00","002","0217","0174","517","301","216","17","534","909","0","58.75","33.11"
"10","004","00","002","0218","0000","285","170","115","18","303","603","0","50.25","28.19"
"10","004","00","002","0218","0175","285","170","115","18","303","603","0","50.25","28.19"
"10","004","00","002","0219","0000","5389","3374","2015","207","5596","10396","0","53.83","32.45"
"10","004","00","002","0219","0161","527","358","169","29","556","938","0","59.28","38.17"
"10","004","00","002","0219","0162","559","365","194","30","589","952","0","61.87","38.34"
"10","004","00","002","0219","0163","846","561","285","36","882","1468","0","60.08","38.22"
"10","004","00","002","0219","0164","963","513","450","21","984","1915","0","51.38","26.79"
"10","004","00","002","0219","0165","624","393","231","25","649","1220","0","53.2","32.21"
"10","004","00","002","0219","0166","517","319","198","17","534","1166","0","45.8","27.36"
"10","004","00","002","0219","0167","715","460","255","18","733","1492","0","49.13","30.83"
"10","004","00","002","0219","0168","638","405","233","31","669","1245","0","53.73","32.53"
"10","004","00","002","0220","0000","974","602","372","43","1017","1727","0","58.89","34.86"
"10","004","00","002","0220","0125","466","271","195","24","490","852","0","57.51","31.81"
"10","004","00","002","0220","0126","508","331","177","19","527","875","0","60.23","37.83"
"10","004","00","002","0221","0000","1066","661","405","55","1121","1914","0","58.57","34.54"
"10","004","00","002","0221","0119","375","236","139","20","395","670","0","58.96","35.22"
"10","004","00","002","0221","0120","691","425","266","35","726","1244","0","58.36","34.16"
"10","004","00","002","0222","0000","628","424","204","26","654","1070","0","61.12","39.63"
"10","004","00","002","0222","0127","628","424","204","26","654","1070","0","61.12","39.63"
"10","004","00","002","0223","0000","3656","2413","1243","179","3835","6892","0","55.64","35.01"
"10","004","00","002","0223","0144","685","433","252","33","718","1352","0","53.11","32.03"
"10","004","00","002","0223","0145","759","493","266","47","806","1407","0","57.29","35.04"
"10","004","00","002","0223","0146","730","496","234","23","753","1362","0","55.29","36.42"
"10","004","00","002","0223","0147","743","510","233","31","774","1330","0","58.2","38.35"
"10","004","00","002","0223","0148","739","481","258","45","784","1441","0","54.41","33.38"
"10","004","00","002","0224","0000","823","515","308","35","858","1576","0","54.44","32.68"
"10","004","00","002","0224","0134","408","250","158","18","426","763","0","55.83","32.77"
"10","004","00","002","0224","0135","415","265","150","17","432","813","0","53.14","32.6"
"10","004","00","002","0225","0000","349","208","141","17","366","570","0","64.21","36.49"
"10","004","00","002","0225","0155","349","208","141","17","366","570","0","64.21","36.49"
"10","004","00","003","0000","0000","15540","9575","5965","831","16371","28894","33106","56.66","33.14"
"10","004","00","003","0301","0000","624","382","242","35","659","1139","0","57.86","33.54"
"10","004","00","003","0301","0194","624","382","242","35","659","1139","0","57.86","33.54"
"10","004","00","003","0302","0000","474","304","170","16","490","861","0","56.91","35.31"
"10","004","00","003","0302","0195","474","304","170","16","490","861","0","56.91","35.31"
"10","004","00","003","0303","0000","2085","1294","791","108","2193","4271","0","51.35","30.3"
"10","004","00","003","0303","0196","533","299","234","28","561","1093","0","51.33","27.36"
"10","004","00","003","0303","0197","473","294","179","31","504","978","0","51.53","30.06"
"10","004","00","003","0303","0198","486","320","166","21","507","1040","0","48.75","30.77"
"10","004","00","003","0303","0199","593","381","212","28","621","1160","0","53.53","32.84"
"10","004","00","003","0304","0000","1066","689","377","61","1127","1965","0","57.35","35.06"
"10","004","00","003","0304","0184","516","342","174","23","539","948","0","56.86","36.08"
"10","004","00","003","0304","0185","550","347","203","38","588","1017","0","57.82","34.12"
"10","004","00","003","0305","0000","1835","1133","702","79","1914","3320","0","57.65","34.13"
"10","004","00","003","0305","0186","692","444","248","30","722","1176","0","61.39","37.76"
"10","004","00","003","0305","0187","666","423","243","32","698","1122","0","62.21","37.7"
"10","004","00","003","0305","0188","477","266","211","17","494","1022","0","48.34","26.03"
"10","004","00","003","0306","0000","937","542","395","53","990","1829","0","54.13","29.63"
"10","004","00","003","0306","0182","494","294","200","34","528","924","0","57.14","31.82"
"10","004","00","003","0306","0183","443","248","195","19","462","905","0","51.05","27.4"
"10","004","00","003","0307","0000","1486","941","545","67","1553","2526","0","61.48","37.25"
"10","004","00","003","0307","0179","540","365","175","24","564","935","0","60.32","39.04"
"10","004","00","003","0307","0180","418","255","163","19","437","753","0","58.03","33.86"
"10","004","00","003","0307","0181","528","321","207","24","552","838","0","65.87","38.31"
"10","004","00","003","0308","0000","564","364","200","25","589","983","0","59.92","37.03"
"10","004","00","003","0308","0176","564","364","200","25","589","983","0","59.92","37.03"
"10","004","00","003","0309","0000","351","209","142","18","369","597","0","61.81","35.01"
"10","004","00","003","0309","0177","351","209","142","18","369","597","0","61.81","35.01"
"10","004","00","003","0310","0000","590","378","212","21","611","1070","0","57.1","35.33"
"10","004","00","003","0310","0178","590","378","212","21","611","1070","0","57.1","35.33"
"10","004","00","003","0311","0000","1031","643","388","50","1081","1832","0","59.01","35.1"
"10","004","00","003","0311","0200","554","341","213","26","580","950","0","61.05","35.89"
"10","004","00","003","0311","0201","477","302","175","24","501","882","0","56.8","34.24"
"10","004","00","003","0312","0000","1321","801","520","71","1392","2493","0","55.84","32.13"
"10","004","00","003","0312","0202","701","425","276","41","742","1281","0","57.92","33.18"
"10","004","00","003","0312","0203","620","376","244","30","650","1212","0","53.63","31.02"
"10","004","00","003","0313","0000","455","311","144","31","486","1013","0","47.98","30.7"
"10","004","00","003","0313","0204","455","311","144","31","486","1013","0","47.98","30.7"
"10","004","00","003","0314","0000","375","226","149","27","402","630","0","63.81","35.87"
"10","004","00","003","0314","0205","375","226","149","27","402","630","0","63.81","35.87"
"10","004","00","003","0315","0000","635","365","270","49","684","1144","0","59.79","31.91"
"10","004","00","003","0315","0193","635","365","270","49","684","1144","0","59.79","31.91"
"10","004","00","003","0316","0000","674","393","281","40","714","1429","0","49.97","27.5"
"10","004","00","003","0316","0189","674","393","281","40","714","1429","0","49.97","27.5"
"10","004","00","003","0317","0000","277","171","106","28","305","451","0","67.63","37.92"
"10","004","00","003","0317","0190","277","171","106","28","305","451","0","67.63","37.92"
"10","004","00","003","0318","0000","399","220","179","18","417","724","0","57.6","30.39"
"10","004","00","003","0318","0191","399","220","179","18","417","724","0","57.6","30.39"
"10","004","00","003","0319","0000","361","209","152","34","395","617","0","64.02","33.87"
"10","004","00","003","0319","0192","361","209","152","34","395","617","0","64.02","33.87"
"10","004","00","004","0000","0000","13350","8351","4999","783","14133","24712","28659","57.19","33.79"
"10","004","00","004","0401","0000","295","175","120","13","308","480","0","64.17","36.46"
"10","004","00","004","0401","0206","295","175","120","13","308","480","0","64.17","36.46"
"10","004","00","004","0402","0000","1079","675","404","58","1137","1923","0","59.13","35.1"
"10","004","00","004","0402","0207","518","341","177","25","543","903","0","60.13","37.76"
"10","004","00","004","0402","0208","561","334","227","33","594","1020","0","58.24","32.75"
"10","004","00","004","0403","0000","404","275","129","11","415","705","0","58.87","39.01"
"10","004","00","004","0403","0209","404","275","129","11","415","705","0","58.87","39.01"
"10","004","00","004","0404","0000","1927","1183","744","100","2027","3618","0","56.03","32.7"
"10","004","00","004","0404","0210","550","341","209","26","576","1056","0","54.55","32.29"
"10","004","00","004","0404","0211","663","401","262","32","695","1275","0","54.51","31.45"
"10","004","00","004","0404","0212","714","441","273","42","756","1287","0","58.74","34.27"
"10","004","00","004","0405","0000","530","325","205","42","572","1046","0","54.68","31.07"
"10","004","00","004","0405","0214","530","325","205","42","572","1046","0","54.68","31.07"
"10","004","00","004","0406","0000","420","259","161","46","466","771","0","60.44","33.59"
"10","004","00","004","0406","0213","420","259","161","46","466","771","0","60.44","33.59"
"10","004","00","004","0407","0000","575","374","201","29","604","1030","0","58.64","36.31"
"10","004","00","004","0407","0215","575","374","201","29","604","1030","0","58.64","36.31"
"10","004","00","004","0408","0000","1845","1176","669","105","1950","3653","0","53.38","32.19"
"10","004","00","004","0408","0216","654","410","244","34","688","1208","0","56.95","33.94"
"10","004","00","004","0408","0217","531","357","174","16","547","1095","0","49.95","32.6"
"10","004","00","004","0408","0218","660","409","251","55","715","1350","0","52.96","30.3"
"10","004","00","004","0409","0000","701","453","248","46","747","1362","0","54.85","33.26"
"10","004","00","004","0409","0220","701","453","248","46","747","1362","0","54.85","33.26"
"10","004","00","004","0410","0000","252","148","104","19","271","551","0","49.18","26.86"
"10","004","00","004","0410","0222","252","148","104","19","271","551","0","49.18","26.86"
"10","004","00","004","0411","0000","294","185","109","25","319","572","0","55.77","32.34"
"10","004","00","004","0411","0224","294","185","109","25","319","572","0","55.77","32.34"
"10","004","00","004","0412","0000","475","259","216","36","511","943","0","54.19","27.47"
"10","004","00","004","0412","0225","475","259","216","36","511","943","0","54.19","27.47"
"10","004","00","004","0413","0000","175","102","73","16","191","461","0","41.43","22.13"
"10","004","00","004","0413","0223","175","102","73","16","191","461","0","41.43","22.13"
"10","004","00","004","0414","0000","437","270","167","36","473","808","0","58.54","33.42"
"10","004","00","004","0414","0226","437","270","167","36","473","808","0","58.54","33.42"
"10","004","00","004","0415","0000","1098","687","411","41","1139","1826","0","62.38","37.62"
"10","004","00","004","0415","0227","582","374","208","20","602","923","0","65.22","40.52"
"10","004","00","004","0415","0228","516","313","203","21","537","903","0","59.47","34.66"
"10","004","00","004","0416","0000","483","304","179","34","517","824","0","62.74","36.89"
"10","004","00","004","0416","0230","483","304","179","34","517","824","0","62.74","36.89"
"10","004","00","004","0417","0000","346","217","129","16","362","559","0","64.76","38.82"
"10","004","00","004","0417","0231","346","217","129","16","362","559","0","64.76","38.82"
"10","004","00","004","0418","0000","506","303","203","28","534","854","0","62.53","35.48"
"10","004","00","004","0418","0232","506","303","203","28","534","854","0","62.53","35.48"
"10","004","00","004","0419","0000","512","335","177","25","537","846","0","63.48","39.6"
"10","004","00","004","0419","0219","512","335","177","25","537","846","0","63.48","39.6"
"10","004","00","004","0420","0000","456","287","169","21","477","903","0","52.82","31.78"
"10","004","00","004","0420","0221","456","287","169","21","477","903","0","52.82","31.78"
"10","004","00","004","0421","0000","540","359","181","36","576","977","0","58.96","36.75"
"10","004","00","004","0421","0229","540","359","181","36","576","977","0","58.96","36.75"
"10","004","00","005","0000","0000","34264","21141","13123","1569","35833","63511","77604","56.42","33.29"
"10","004","00","005","0501","0000","722","443","279","44","766","1272","0","60.22","34.83"
"10","004","00","005","0501","0245","722","443","279","44","766","1272","0","60.22","34.83"
"10","004","00","005","0502","0000","495","311","184","23","518","851","0","60.87","36.55"
"10","004","00","005","0502","0244","495","311","184","23","518","851","0","60.87","36.55"
"10","004","00","005","0503","0000","2292","1446","846","94","2386","3993","0","59.75","36.21"
"10","004","00","005","0503","0241","796","496","300","32","828","1444","0","57.34","34.35"
"10","004","00","005","0503","0242","793","517","276","45","838","1347","0","62.21","38.38"
"10","004","00","005","0503","0243","703","433","270","17","720","1202","0","59.9","36.02"
"10","004","00","005","0504","0000","2871","1746","1125","158","3029","5202","0","58.23","33.56"
"10","004","00","005","0504","0250","718","448","270","38","756","1402","0","53.92","31.95"
"10","004","00","005","0504","0251","666","410","256","39","705","1183","0","59.59","34.66"
"10","004","00","005","0504","0252","733","430","303","29","762","1282","0","59.44","33.54"
"10","004","00","005","0504","0253","754","458","296","52","806","1335","0","60.37","34.31"
"10","004","00","005","0505","0000","1634","1122","512","67","1701","2835","0","60.0","39.58"
"10","004","00","005","0505","0246","701","453","248","28","729","1275","0","57.18","35.53"
"10","004","00","005","0505","0247","933","669","264","39","972","1560","0","62.31","42.88"
"10","004","00","005","0506","0000","2500","1491","1009","122","2622","4714","0","55.62","31.63"
"10","004","00","005","0506","0238","956","576","380","42","998","1719","0","58.06","33.51"
"10","004","00","005","0506","0239","689","413","276","33","722","1162","0","62.13","35.54"
"10","004","00","005","0506","0240","855","502","353","47","902","1833","0","49.21","27.39"
"10","004","00","005","0507","0000","1528","919","609","69","1597","2898","0","55.11","31.71"
"10","004","00","005","0507","0233","688","409","279","36","724","1393","0","51.97","29.36"
"10","004","00","005","0507","0234","840","510","330","33","873","1505","0","58.01","33.89"
"10","004","00","005","0508","0000","1591","971","620","83","1674","3140","0","53.31","30.92"
"10","004","00","005","0508","0258","592","356","236","36","628","1193","0","52.64","29.84"
"10","004","00","005","0508","0259","999","615","384","47","1046","1947","0","53.72","31.59"
"10","004","00","005","0509","0000","639","363","276","38","677","1125","0","60.18","32.27"
"10","004","00","005","0509","0260","639","363","276","38","677","1125","0","60.18","32.27"
"10","004","00","005","0510","0000","1541","916","625","74","1615","2783","0","58.03","32.91"
"10","004","00","005","0510","0261","566","342","224","43","609","1050","0","58.0","32.57"
"10","004","00","005","0510","0262","975","574","401","31","1006","1733","0","58.05","33.12"
"10","004","00","005","0511","0000","1327","841","486","65","1392","2346","0","59.34","35.85"
"10","004","00","005","0511","0263","724","443","281","34","758","1284","0","59.03","34.5"
"10","004","00","005","0511","0264","603","398","205","31","634","1062","0","59.7","37.48"
"10","004","00","005","0512","0000","844","542","302","38","882","1547","0","57.01","35.04"
"10","004","00","005","0512","0265","844","542","302","38","882","1547","0","57.01","35.04"
"10","004","00","005","0513","0000","1257","789","468","93","1350","2197","0","61.45","35.91"
"10","004","00","005","0513","0256","619","406","213","44","663","1082","0","61.28","37.52"
"10","004","00","005","0513","0257","638","383","255","49","687","1115","0","61.61","34.35"
"10","004","00","005","0514","0000","2530","1520","1010","123","2653","5072","0","52.31","29.97"
"10","004","00","005","0514","0270","573","347","226","28","601","1058","0","56.81","32.8"
"10","004","00","005","0514","0271","511","308","203","24","535","1220","0","43.85","25.25"
"10","004","00","005","0514","0272","722","432","290","28","750","1333","0","56.26","32.41"
"10","004","00","005","0514","0273","724","433","291","43","767","1461","0","52.5","29.64"
"10","004","00","005","0515","0000","1648","1015","633","76","1724","3233","0","53.33","31.39"
"10","004","00","005","0515","0277","713","448","265","28","741","1495","0","49.57","29.97"
"10","004","00","005","0515","0278","408","265","143","27","435","752","0","57.85","35.24"
"10","004","00","005","0515","0279","527","302","225","21","548","986","0","55.58","30.63"
"10","004","00","005","0516","0000","2838","1755","1083","88","2926","5896","0","49.63","29.77"
"10","004","00","005","0516","0266","729","475","254","26","755","1494","0","50.54","31.79"
"10","004","00","005","0516","0267","751","467","284","28","779","1634","0","47.67","28.58"
"10","004","00","005","0516","0268","666","387","279","20","686","1444","0","47.51","26.8"
"10","004","00","005","0516","0269","692","426","266","14","706","1324","0","53.32","32.18"
"10","004","00","005","0517","0000","1915","1170","745","38","1953","3370","0","57.95","34.72"
"10","004","00","005","0517","0254","911","554","357","23","934","1493","0","62.56","37.11"
"10","004","00","005","0517","0255","1004","616","388","15","1019","1877","0","54.29","32.82"
"10","004","00","005","0518","0000","1616","1021","595","98","1714","2876","0","59.6","35.5"
"10","004","00","005","0518","0248","681","420","261","56","737","1147","0","64.25","36.62"
"10","004","00","005","0518","0249","935","601","334","42","977","1729","0","56.51","34.76"
"10","004","00","005","0519","0000","2369","1448","921","92","2461","4123","0","59.69","35.12"
"10","004","00","005","0519","0235","735","446","289","33","768","1188","0","64.65","37.54"
"10","004","00","005","0519","0236","703","434","269","35","738","1267","0","58.25","34.25"
"10","004","00","005","0519","0237","931","568","363","24","955","1668","0","57.25","34.05"
"10","004","00","005","0520","0000","2107","1312","795","86","2193","4038","0","54.31","32.49"
"10","004","00","005","0520","0274","774","475","299","29","803","1429","0","56.19","33.24"
"10","004","00","005","0520","0275","698","416","282","21","719","1506","0","47.74","27.62"
"10","004","00","005","0520","0276","635","421","214","36","671","1103","0","60.83","38.17"
"10","004","00","006","0000","0000","24602","15412","9190","1075","25677","45790","56957","56.08","33.66"
"10","004","00","006","0601","0000","542","336","206","36","578","1080","0","53.52","31.11"
"10","004","00","006","0601","0280","542","336","206","36","578","1080","0","53.52","31.11"
"10","004","00","006","0602","0000","909","536","373","53","962","1799","0","53.47","29.79"
"10","004","00","006","0602","0288","451","251","200","22","473","824","0","57.4","30.46"
"10","004","00","006","0602","0289","458","285","173","31","489","975","0","50.15","29.23"
"10","004","00","006","0603","0000","955","552","403","51","1006","1841","0","54.64","29.98"
"10","004","00","006","0603","0281","450","272","178","20","470","887","0","52.99","30.67"
"10","004","00","006","0603","0282","505","280","225","31","536","954","0","56.18","29.35"
"10","004","00","006","0604","0000","1421","830","591","88","1509","2743","0","55.01","30.26"
"10","004","00","006","0604","0291","791","471","320","45","836","1477","0","56.6","31.89"
"10","004","00","006","0604","0292","630","359","271","43","673","1266","0","53.16","28.36"
"10","004","00","006","0605","0000","908","517","391","59","967","1765","0","54.79","29.29"
"10","004","00","006","0605","0286","487","275","212","41","528","891","0","59.26","30.86"
"10","004","00","006","0605","0287","421","242","179","18","439","874","0","50.23","27.69"
"10","004","00","006","0606","0000","488","300","188","30","518","847","0","61.16","35.42"
"10","004","00","006","0606","0290","488","300","188","30","518","847","0","61.16","35.42"
"10","004","00","006","0607","0000","1747","1062","685","88","1835","3232","0","56.78","32.86"
"10","004","00","006","0607","0283","549","350","199","27","576","1003","0","57.43","34.9"
"10","004","00","006","0607","0284","581","340","241","23","604","1106","0","54.61","30.74"
"10","004","00","006","0607","0285","617","372","245","38","655","1123","0","58.33","33.13"
"10","004","00","006","0608","0000","2804","1860","944","104","2908","5237","0","55.53","35.52"
"10","004","00","006","0608","0305","759","517","242","29","788","1302","0","60.52","39.71"
"10","004","00","006","0608","0306","762","483","279","31","793","1410","0","56.24","34.26"
"10","004","00","006","0608","0307","674","462","212","21","695","1267","0","54.85","36.46"
"10","004","00","006","0608","0308","609","398","211","23","632","1258","0","50.24","31.64"
"10","004","00","006","0609","0000","1068","657","411","71","1139","2092","0","54.45","31.41"
"10","004","00","006","0609","0293","516","313","203","44","560","1029","0","54.42","30.42"
"10","004","00","006","0609","0294","552","344","208","27","579","1063","0","54.47","32.36"
"10","004","00","006","0610","0000","1394","859","535","34","1428","2500","0","57.12","34.36"
"10","004","00","006","0610","0295","601","364","237","14","615","1055","0","58.29","34.5"
"10","004","00","006","0610","0296","793","495","298","20","813","1445","0","56.26","34.26"
"10","004","00","006","0611","0000","2464","1625","839","76","2540","4382","0","57.96","37.08"
"10","004","00","006","0611","0311","655","425","230","24","679","1157","0","58.69","36.73"
"10","004","00","006","0611","0312","557","387","170","21","578","1089","0","53.08","35.54"
"10","004","00","006","0611","0313","653","407","246","16","669","1160","0","57.67","35.09"
"10","004","00","006","0611","0314","599","406","193","15","614","976","0","62.91","41.6"
"10","004","00","006","0612","0000","751","453","298","20","771","1486","0","51.88","30.48"
"10","004","00","006","0612","0303","751","453","298","20","771","1486","0","51.88","30.48"
"10","004","00","006","0613","0000","637","389","248","33","670","1067","0","62.79","36.46"
"10","004","00","006","0613","0304","637","389","248","33","670","1067","0","62.79","36.46"
"10","004","00","006","0614","0000","2107","1315","792","69","2176","3519","0","61.84","37.37"
"10","004","00","006","0614","0297","849","517","332","19","868","1413","0","61.43","36.59"
"10","004","00","006","0614","0298","594","383","211","28","622","971","0","64.06","39.44"
"10","004","00","006","0614","0299","664","415","249","22","686","1135","0","60.44","36.56"
"10","004","00","006","0615","0000","2266","1433","833","96","2362","4188","0","56.4","34.22"
"10","004","00","006","0615","0300","646","410","236","35","681","1269","0","53.66","32.31"
"10","004","00","006","0615","0301","686","428","258","29","715","1257","0","56.88","34.05"
"10","004","00","006","0615","0302","934","595","339","32","966","1662","0","58.12","35.8"
"10","004","00","006","0616","0000","2859","1813","1046","120","2979","5339","0","55.8","33.96"
"10","004","00","006","0616","0315","783","478","305","32","815","1443","0","56.48","33.13"
"10","004","00","006","0616","0316","613","377","236","21","634","1247","0","50.84","30.23"
"10","004","00","006","0616","0317","770","492","278","24","794","1411","0","56.27","34.87"
"10","004","00","006","0616","0318","693","466","227","43","736","1238","0","59.45","37.64"
"10","004","00","006","0617","0000","1282","875","407","47","1329","2673","0","49.72","32.73"
"10","004","00","006","0617","0309","506","385","121","21","527","1217","0","43.3","31.64"
"10","004","00","006","0617","0310","776","490","286","26","802","1456","0","55.08","33.65"
"10","004","00","007","0000","0000","9698","6128","3570","545","10243","17293","20043","59.23","35.44"
"10","004","00","007","0701","0000","356","206","150","24","380","534","0","71.16","38.58"
"10","004","00","007","0701","0320","356","206","150","24","380","534","0","71.16","38.58"
"10","004","00","007","0702","0000","232","140","92","15","247","417","0","59.23","33.57"
"10","004","00","007","0702","0319","232","140","92","15","247","417","0","59.23","33.57"
"10","004","00","007","0703","0000","539","331","208","27","566","963","0","58.77","34.37"
"10","004","00","007","0703","0321","539","331","208","27","566","963","0","58.77","34.37"
"10","004","00","007","0704","0000","255","154","101","17","272","418","0","65.07","36.84"
"10","004","00","007","0704","0322","255","154","101","17","272","418","0","65.07","36.84"
"10","004","00","007","0705","0000","1355","828","527","59","1414","2666","0","53.04","31.06"
"10","004","00","007","0705","0323","699","443","256","29","728","1312","0","55.49","33.77"
"10","004","00","007","0705","0324","656","385","271","30","686","1354","0","50.66","28.43"
"10","004","00","007","0706","0000","871","521","350","95","966","1582","0","61.06","32.93"
"10","004","00","007","0706","0325","451","261","190","26","477","785","0","60.76","33.25"
"10","004","00","007","0706","0326","420","260","160","69","489","797","0","61.36","32.62"
"10","004","00","007","0707","0000","381","245","136","21","402","623","0","64.53","39.33"
"10","004","00","007","0707","0327","381","245","136","21","402","623","0","64.53","39.33"
"10","004","00","007","0708","0000","439","335","104","15","454","759","0","59.82","44.14"
"10","004","00","007","0708","0328","439","335","104","15","454","759","0","59.82","44.14"
"10","004","00","007","0709","0000","1246","800","446","78","1324","2401","0","55.14","33.32"
"10","004","00","007","0709","0329","604","382","222","45","649","1272","0","51.02","30.03"
"10","004","00","007","0709","0330","642","418","224","33","675","1129","0","59.79","37.02"
"10","004","00","007","0710","0000","920","600","320","48","968","1552","0","62.37","38.66"
"10","004","00","007","0710","0331","421","279","142","24","445","713","0","62.41","39.13"
"10","004","00","007","0710","0332","499","321","178","24","523","839","0","62.34","38.26"
"10","004","00","007","0711","0000","2488","1597","891","106","2594","4276","0","60.66","37.35"
"10","004","00","007","0711","0333","716","466","250","28","744","1123","0","66.25","41.5"
"10","004","00","007","0711","0334","580","376","204","15","595","981","0","60.65","38.33"
"10","004","00","007","0711","0335","618","383","235","40","658","1078","0","61.04","35.53"
"10","004","00","007","0711","0336","574","372","202","23","597","1094","0","54.57","34.0"
"10","004","00","007","0712","0000","616","371","245","40","656","1102","0","59.53","33.67"
"10","004","00","007","0712","0337","616","371","245","40","656","1102","0","59.53","33.67"
"10","004","00","008","0000","0000","6283","3721","2562","459","6742","11346","13013","59.42","32.8"
"10","004","00","008","0801","0000","1928","1122","806","139","2067","3404","0","60.72","32.96"
"10","004","00","008","0801","0338","689","403","286","62","751","1231","0","61.01","32.74"
"10","004","00","008","0801","0339","586","357","229","44","630","1041","0","60.52","34.29"
"10","004","00","008","0801","0340","653","362","291","33","686","1132","0","60.6","31.98"
"10","004","00","008","0802","0000","502","313","189","34","536","859","0","62.4","36.44"
"10","004","00","008","0802","0341","502","313","189","34","536","859","0","62.4","36.44"
"10","004","00","008","0803","0000","114","70","44","7","121","204","0","59.31","34.31"
"10","004","00","008","0803","0342","114","70","44","7","121","204","0","59.31","34.31"
"10","004","00","008","0804","0000","97","55","42","5","102","222","0","45.95","24.77"
"10","004","00","008","0804","0343","97","55","42","5","102","222","0","45.95","24.77"
"10","004","00","008","0805","0000","188","109","79","31","219","338","0","64.79","32.25"
"10","004","00","008","0805","0344","188","109","79","31","219","338","0","64.79","32.25"
"10","004","00","008","0806","0000","474","248","226","21","495","916","0","54.04","27.07"
"10","004","00","008","0806","0345","474","248","226","21","495","916","0","54.04","27.07"
"10","004","00","008","0807","0000","213","137","76","16","229","463","0","49.46","29.59"
"10","004","00","008","0807","0348","213","137","76","16","229","463","0","49.46","29.59"
"10","004","00","008","0808","0000","547","326","221","46","593","978","0","60.63","33.33"
"10","004","00","008","0808","0349","407","238","169","35","442","690","0","64.06","34.49"
"10","004","00","008","0808","0350","140","88","52","11","151","288","0","52.43","30.56"
"10","004","00","008","0809","0000","907","547","360","74","981","1553","0","63.17","35.22"
"10","004","00","008","0809","0351","404","249","155","40","444","685","0","64.82","36.35"
"10","004","00","008","0809","0352","503","298","205","34","537","868","0","61.87","34.33"
"10","004","00","008","0810","0000","905","554","351","61","966","1561","0","61.88","35.49"
"10","004","00","008","0810","0353","905","554","351","61","966","1561","0","61.88","35.49"
"10","004","00","008","0811","0000","408","240","168","25","433","848","0","51.06","28.3"
"10","004","00","008","0811","0346","229","145","84","13","242","573","0","42.23","25.31"
"10","004","00","008","0811","0347","179","95","84","12","191","275","0","69.45","34.55"
"10","004","00","009","0000","0000","4415","2705","1710","247","4662","8180","9352","56.99","33.07"
"10","004","00","009","0901","0000","592","377","215","21","613","1158","0","52.94","32.56"
"10","004","00","009","0901","0354","592","377","215","21","613","1158","0","52.94","32.56"
"10","004","00","009","0902","0000","702","425","277","39","741","1238","0","59.85","34.33"
"10","004","00","009","0902","0355","702","425","277","39","741","1238","0","59.85","34.33"
"10","004","00","009","0903","0000","1407","874","533","76","1483","2584","0","57.39","33.82"
"10","004","00","009","0903","0357","522","322","200","27","549","931","0","58.97","34.59"
"10","004","00","009","0903","0358","885","552","333","49","934","1653","0","56.5","33.39"
"10","004","00","009","0904","0000","448","248","200","37","485","845","0","57.4","29.35"
"10","004","00","009","0904","0359","448","248","200","37","485","845","0","57.4","29.35"
"10","004","00","009","0905","0000","211","137","74","11","222","384","0","57.81","35.68"
"10","004","00","009","0905","0360","211","137","74","11","222","384","0","57.81","35.68"
"10","004","00","009","0906","0000","412","265","147","17","429","763","0","56.23","34.73"
"10","004","00","009","0906","0361","412","265","147","17","429","763","0","56.23","34.73"
"10","004","00","009","0907","0000","325","180","145","17","342","580","0","58.97","31.03"
"10","004","00","009","0907","0356","325","180","145","17","342","580","0","58.97","31.03"
"10","004","00","009","0908","0000","169","102","67","16","185","333","0","55.56","30.63"
"10","004","00","009","0908","0362","169","102","67","16","185","333","0","55.56","30.63"
"10","004","00","009","0909","0000","149","97","52","13","162","295","0","54.92","32.88"
"10","004","00","009","0909","0363","149","97","52","13","162","295","0","54.92","32.88"
"10","004","00","010","0000","0000","7312","4360","2952","373","7685","12973","14681","59.24","33.61"
"10","004","00","010","1001","0000","1473","858","615","69","1542","2595","0","59.42","33.06"
"10","004","00","010","1001","0364","638","390","248","47","685","1158","0","59.15","33.68"
"10","004","00","010","1001","0365","835","468","367","22","857","1437","0","59.64","32.57"
"10","004","00","010","1002","0000","1057","654","403","47","1104","1900","0","58.11","34.42"
"10","004","00","010","1002","0368","1057","654","403","47","1104","1900","0","58.11","34.42"
"10","004","00","010","1003","0000","523","324","199","19","542","1056","0","51.33","30.68"
"10","004","00","010","1003","0369","523","324","199","19","542","1056","0","51.33","30.68"
"10","004","00","010","1004","0000","719","443","276","39","758","1205","0","62.9","36.76"
"10","004","00","010","1004","0370","719","443","276","39","758","1205","0","62.9","36.76"
"10","004","00","010","1005","0000","488","281","207","31","519","846","0","61.35","33.22"
"10","004","00","010","1005","0372","488","281","207","31","519","846","0","61.35","33.22"
"10","004","00","010","1006","0000","409","248","161","32","441","766","0","57.57","32.38"
"10","004","00","010","1006","0371","409","248","161","32","441","766","0","57.57","32.38"
"10","004","00","010","1007","0000","354","208","146","10","364","554","0","65.7","37.55"
"10","004","00","010","1007","0375","354","208","146","10","364","554","0","65.7","37.55"
"10","004","00","010","1008","0000","459","269","190","34","493","804","0","61.32","33.46"
"10","004","00","010","1008","0373","459","269","190","34","493","804","0","61.32","33.46"
"10","004","00","010","1009","0000","361","213","148","13","374","607","0","61.61","35.09"
"10","004","00","010","1009","0374","361","213","148","13","374","607","0","61.61","35.09"
"10","004","00","010","1010","0000","1469","862","607","79","1548","2640","0","58.64","32.65"
"10","004","00","010","1010","0366","799","463","336","39","838","1470","0","57.01","31.5"
"10","004","00","010","1010","0367","670","399","271","40","710","1170","0","60.68","34.1"
"10","004","00","011","0000","0000","2859","1841","1018","215","3074","5068","5638","60.66","36.33"
"10","004","00","011","1101","0000","536","341","195","39","575","879","0","65.42","38.79"
"10","004","00","011","1101","0376","536","341","195","39","575","879","0","65.42","38.79"
"10","004","00","011","1102","0000","396","255","141","37","433","683","0","63.4","37.34"
"10","004","00","011","1102","0377","396","255","141","37","433","683","0","63.4","37.34"
"10","004","00","011","1103","0000","337","210","127","30","367","604","0","60.76","34.77"
"10","004","00","011","1103","0378","337","210","127","30","367","604","0","60.76","34.77"
"10","004","00","011","1104","0000","797","542","255","61","858","1406","0","61.02","38.55"
"10","004","00","011","1104","0381","797","542","255","61","858","1406","0","61.02","38.55"
"10","004","00","011","1105","0000","313","207","106","11","324","615","0","52.68","33.66"
"10","004","00","011","1105","0379","193","137","56","6","199","339","0","58.7","40.41"
"10","004","00","011","1105","0380","120","70","50","5","125","276","0","45.29","25.36"
"10","004","00","011","1106","0000","480","286","194","37","517","881","0","58.68","32.46"
"10","004","00","011","1106","0382","267","177","90","22","289","462","0","62.55","38.31"
"10","004","00","011","1106","0383","213","109","104","15","228","419","0","54.42","26.01"
"10","004","00","012","0000","0000","4126","2848","1278","169","4295","7364","9683","58.32","38.67"
"10","004","00","012","1201","0000","312","219","93","26","338","599","0","56.43","36.56"
"10","004","00","012","1201","0386","94","63","31","17","111","225","0","49.33","28.0"
"10","004","00","012","1201","0387","218","156","62","9","227","374","0","60.7","41.71"
"10","004","00","012","1202","0000","450","304","146","10","460","831","0","55.35","36.58"
"10","004","00","012","1202","0384","246","156","90","5","251","474","0","52.95","32.91"
"10","004","00","012","1202","0385","204","148","56","5","209","357","0","58.54","41.46"
"10","004","00","012","1203","0000","764","567","197","21","785","1263","0","62.15","44.89"
"10","004","00","012","1203","0388","421","298","123","13","434","773","0","56.14","38.55"
"10","004","00","012","1203","0389","343","269","74","8","351","490","0","71.63","54.9"
"10","004","00","012","1204","0000","412","301","111","19","431","613","0","70.31","49.1"
"10","004","00","012","1204","0392","412","301","111","19","431","613","0","70.31","49.1"
"10","004","00","012","1205","0000","656","456","200","22","678","1191","0","56.93","38.29"
"10","004","00","012","1205","0390","263","185","78","7","270","531","0","50.85","34.84"
"10","004","00","012","1205","0391","393","271","122","15","408","660","0","61.82","41.06"
"10","004","00","012","1206","0000","718","471","247","25","743","1294","0","57.42","36.4"
"10","004","00","012","1206","0393","317","202","115","3","320","593","0","53.96","34.06"
"10","004","00","012","1206","0394","323","210","113","16","339","575","0","58.96","36.52"
"10","004","00","012","1206","0395","78","59","19","6","84","126","0","66.67","46.83"
"10","004","00","012","1207","0000","814","530","284","46","860","1573","0","54.67","33.69"
"10","004","00","012","1207","0396","272","204","68","8","280","499","0","56.11","40.88"
"10","004","00","012","1207","0397","351","207","144","28","379","785","0","48.28","26.37"
"10","004","00","012","1207","0398","191","119","72","10","201","289","0","69.55","41.18"
"10","004","00","013","0000","0000","2113","1357","756","90","2203","3997","4802","55.12","33.95"
"10","004","00","013","1301","0000","763","499","264","32","795","1385","0","57.4","36.03"
"10","004","00","013","1301","0399","417","287","130","15","432","672","0","64.29","42.71"
"10","004","00","013","1301","0400","346","212","134","17","363","713","0","50.91","29.73"
"10","004","00","013","1302","0000","399","275","124","9","408","727","0","56.12","37.83"
"10","004","00","013","1302","0403","399","275","124","9","408","727","0","56.12","37.83"
"10","004","00","013","1303","0000","235","120","115","7","242","395","0","61.27","30.38"
"10","004","00","013","1303","0404","235","120","115","7","242","395","0","61.27","30.38"
"10","004","00","013","1304","0000","716","463","253","42","758","1490","0","50.87","31.07"
"10","004","00","013","1304","0401","264","163","101","10","274","594","0","46.13","27.44"
"10","004","00","013","1304","0402","452","300","152","32","484","896","0","54.02","33.48"
"10","005","00","000","0000","0000","248819","153026","95793","14539","263358","461580","549798","57.06","33.15"
"10","005","00","001","0000","0000","41049","25845","15204","1875","42924","74249","88300","57.81","34.81"
"10","005","00","001","0101","0000","602","381","221","25","627","1087","0","57.68","35.05"
"10","005","00","001","0101","0001","602","381","221","25","627","1087","0","57.68","35.05"
"10","005","00","001","0102","0000","2245","1405","840","102","2347","4075","0","57.6","34.48"
"10","005","00","001","0102","0049","615","409","206","28","643","1003","0","64.11","40.78"
"10","005","00","001","0102","0050","571","345","226","14","585","1000","0","58.5","34.5"
"10","005","00","001","0102","0051","456","259","197","34","490","1047","0","46.8","24.74"
"10","005","00","001","0102","0052","603","392","211","26","629","1025","0","61.37","38.24"
"10","005","00","001","0103","0000","543","361","182","28","571","1018","0","56.09","35.46"
"10","005","00","001","0103","0002","543","361","182","28","571","1018","0","56.09","35.46"
"10","005","00","001","0104","0000","1292","839","453","53","1345","2234","0","60.21","37.56"
"10","005","00","001","0104","0009","644","403","241","15","659","1115","0","59.1","36.14"
"10","005","00","001","0104","0010","648","436","212","38","686","1119","0","61.3","38.96"
"10","005","00","001","0105","0000","2100","1289","811","97","2197","3685","0","59.62","34.98"
"10","005","00","001","0105","0011","669","400","269","27","696","1132","0","61.48","35.34"
"10","005","00","001","0105","0012","707","457","250","38","745","1289","0","57.8","35.45"
"10","005","00","001","0105","0013","724","432","292","32","756","1264","0","59.81","34.18"
"10","005","00","001","0106","0000","2116","1332","784","109","2225","3702","0","60.1","35.98"
"10","005","00","001","0106","0006","676","398","278","41","717","1203","0","59.6","33.08"
"10","005","00","001","0106","0007","751","509","242","36","787","1306","0","60.26","38.97"
"10","005","00","001","0106","0008","689","425","264","32","721","1193","0","60.44","35.62"
"10","005","00","001","0107","0000","1804","1142","662","84","1888","3358","0","56.22","34.01"
"10","005","00","001","0107","0003","620","375","245","18","638","1156","0","55.19","32.44"
"10","005","00","001","0107","0004","587","385","202","29","616","1118","0","55.1","34.44"
"10","005","00","001","0107","0005","597","382","215","37","634","1084","0","58.49","35.24"
"10","005","00","001","0108","0000","473","331","142","22","495","870","0","56.9","38.05"
"10","005","00","001","0108","0014","473","331","142","22","495","870","0","56.9","38.05"
"10","005","00","001","0109","0000","1669","1034","635","71","1740","3163","0","55.01","32.69"
"10","005","00","001","0109","0015","484","306","178","29","513","1008","0","50.89","30.36"
"10","005","00","001","0109","0016","552","342","210","20","572","1078","0","53.06","31.73"
"10","005","00","001","0109","0017","633","386","247","22","655","1077","0","60.82","35.84"
"10","005","00","001","0110","0000","472","294","178","31","503","894","0","56.26","32.89"
"10","005","00","001","0110","0019","472","294","178","31","503","894","0","56.26","32.89"
"10","005","00","001","0111","0000","283","187","96","22","305","522","0","58.43","35.82"
"10","005","00","001","0111","0020","283","187","96","22","305","522","0","58.43","35.82"
"10","005","00","001","0112","0000","492","322","170","27","519","880","0","58.98","36.59"
"10","005","00","001","0112","0018","492","322","170","27","519","880","0","58.98","36.59"
"10","005","00","001","0113","0000","2311","1477","834","101","2412","3964","0","60.85","37.26"
"10","005","00","001","0113","0024","685","424","261","26","711","1272","0","55.9","33.33"
"10","005","00","001","0113","0025","680","459","221","36","716","1112","0","64.39","41.28"
"10","005","00","001","0113","0026","526","326","200","21","547","813","0","67.28","40.1"
"10","005","00","001","0113","0027","420","268","152","18","438","767","0","57.11","34.94"
"10","005","00","001","0114","0000","821","519","302","47","868","1376","0","63.08","37.72"
"10","005","00","001","0114","0021","821","519","302","47","868","1376","0","63.08","37.72"
"10","005","00","001","0115","0000","944","594","350","35","979","1597","0","61.3","37.19"
"10","005","00","001","0115","0031","354","224","130","11","365","607","0","60.13","36.9"
"10","005","00","001","0115","0032","590","370","220","24","614","990","0","62.02","37.37"
"10","005","00","001","0116","0000","2724","1728","996","166","2890","5087","0","56.81","33.97"
"10","005","00","001","0116","0033","593","379","214","61","654","1230","0","53.17","30.81"
"10","005","00","001","0116","0034","763","476","287","35","798","1372","0","58.16","34.69"
"10","005","00","001","0116","0035","674","421","253","39","713","1213","0","58.78","34.71"
"10","005","00","001","0116","0036","694","452","242","31","725","1272","0","57.0","35.53"
"10","005","00","001","0117","0000","1739","1118","621","61","1800","3157","0","57.02","35.41"
"10","005","00","001","0117","0028","561","342","219","17","578","1010","0","57.23","33.86"
"10","005","00","001","0117","0029","641","426","215","25","666","1182","0","56.35","36.04"
"10","005","00","001","0117","0030","537","350","187","19","556","965","0","57.62","36.27"
"10","005","00","001","0118","0000","1942","1239","703","86","2028","3496","0","58.01","35.44"
"10","005","00","001","0118","0037","723","494","229","28","751","1221","0","61.51","40.46"
"10","005","00","001","0118","0038","601","371","230","46","647","1104","0","58.61","33.61"
"10","005","00","001","0118","0039","618","374","244","12","630","1171","0","53.8","31.94"
"10","005","00","001","0119","0000","2283","1420","863","106","2389","4135","0","57.78","34.34"
"10","005","00","001","0119","0040","752","471","281","34","786","1392","0","56.47","33.84"
"10","005","00","001","0119","0041","765","468","297","31","796","1356","0","58.7","34.51"
"10","005","00","001","0119","0042","766","481","285","41","807","1387","0","58.18","34.68"
"10","005","00","001","0120","0000","617","386","231","30","647","1180","0","54.83","32.71"
"10","005","00","001","0120","0063","617","386","231","30","647","1180","0","54.83","32.71"
"10","005","00","001","0121","0000","2064","1308","756","95","2159","3644","0","59.25","35.89"
"10","005","00","001","0121","0057","666","424","242","27","693","1125","0","61.6","37.69"
"10","005","00","001","0121","0058","661","408","253","34","695","1241","0","56.0","32.88"
"10","005","00","001","0121","0059","737","476","261","34","771","1278","0","60.33","37.25"
"10","005","00","001","0122","0000","2704","1689","1015","105","2809","5200","0","54.02","32.48"
"10","005","00","001","0122","0053","594","333","261","17","611","1130","0","54.07","29.47"
"10","005","00","001","0122","0054","626","388","238","26","652","1146","0","56.89","33.86"
"10","005","00","001","0122","0055","806","505","301","26","832","1432","0","58.1","35.27"
"10","005","00","001","0122","0056","678","463","215","36","714","1492","0","47.86","31.03"
"10","005","00","001","0123","0000","1362","852","510","61","1423","2472","0","57.56","34.47"
"10","005","00","001","0123","0022","739","463","276","31","770","1391","0","55.36","33.29"
"10","005","00","001","0123","0023","623","389","234","30","653","1081","0","60.41","35.99"
"10","005","00","001","0124","0000","824","498","326","42","866","1665","0","52.01","29.91"
"10","005","00","001","0124","0066","403","258","145","23","426","796","0","53.52","32.41"
"10","005","00","001","0124","0067","421","240","181","19","440","869","0","50.63","27.62"
"10","005","00","001","0125","0000","1920","1171","749","69","1989","3412","0","58.29","34.32"
"10","005","00","001","0125","0043","649","409","240","25","674","1206","0","55.89","33.91"
"10","005","00","001","0125","0044","615","362","253","25","640","1004","0","63.75","36.06"
"10","005","00","001","0125","0045","656","400","256","19","675","1202","0","56.16","33.28"
"10","005","00","001","0126","0000","1754","1116","638","81","1835","2900","0","63.28","38.48"
"10","005","00","001","0126","0046","615","375","240","26","641","1052","0","60.93","35.65"
"10","005","00","001","0126","0047","522","334","188","20","542","873","0","62.08","38.26"
"10","005","00","001","0126","0048","617","407","210","35","652","975","0","66.87","41.74"
"10","005","00","001","0127","0000","1094","656","438","50","1144","1984","0","57.66","33.06"
"10","005","00","001","0127","0064","616","361","255","20","636","1072","0","59.33","33.68"
"10","005","00","001","0127","0065","478","295","183","30","508","912","0","55.7","32.35"
"10","005","00","001","0128","0000","1855","1157","698","69","1924","3492","0","55.1","33.13"
"10","005","00","001","0128","0060","712","446","266","18","730","1293","0","56.46","34.49"
"10","005","00","001","0128","0061","691","438","253","25","716","1342","0","53.35","32.64"
"10","005","00","001","0128","0062","452","273","179","26","478","857","0","55.78","31.86"
"10","005","00","002","0000","0000","21041","12787","8254","1412","22453","38890","45367","57.73","32.88"
"10","005","00","002","0201","0000","1244","777","467","74","1318","2219","0","59.4","35.02"
"10","005","00","002","0201","0183","489","319","170","34","523","873","0","59.91","36.54"
"10","005","00","002","0201","0184","755","458","297","40","795","1346","0","59.06","34.03"
"10","005","00","002","0202","0000","939","623","316","51","990","1566","0","63.22","39.78"
"10","005","00","002","0202","0185","595","384","211","38","633","951","0","66.56","40.38"
"10","005","00","002","0202","0186","344","239","105","13","357","615","0","58.05","38.86"
"10","005","00","002","0203","0000","512","338","174","44","556","878","0","63.33","38.5"
"10","005","00","002","0203","0187","512","338","174","44","556","878","0","63.33","38.5"
"10","005","00","002","0204","0000","869","556","313","52","921","1543","0","59.69","36.03"
"10","005","00","002","0204","0188","446","294","152","27","473","767","0","61.67","38.33"
"10","005","00","002","0204","0189","423","262","161","25","448","776","0","57.73","33.76"
"10","005","00","002","0205","0000","604","393","211","65","669","1231","0","54.35","31.93"
"10","005","00","002","0205","0190","604","393","211","65","669","1231","0","54.35","31.93"
"10","005","00","002","0206","0000","1099","676","423","63","1162","1995","0","58.25","33.88"
"10","005","00","002","0206","0191","649","395","254","37","686","1145","0","59.91","34.5"
"10","005","00","002","0206","0192","450","281","169","26","476","850","0","56.0","33.06"
"10","005","00","002","0207","0000","549","333","216","38","587","1052","0","55.8","31.65"
"10","005","00","002","0207","0193","549","333","216","38","587","1052","0","55.8","31.65"
"10","005","00","002","0208","0000","1221","716","505","96","1317","2250","0","58.53","31.82"
"10","005","00","002","0208","0194","592","349","243","47","639","1114","0","57.36","31.33"
"10","005","00","002","0208","0195","629","367","262","49","678","1136","0","59.68","32.31"
"10","005","00","002","0209","0000","2164","1360","804","142","2306","3922","0","58.8","34.68"
"10","005","00","002","0209","0196","639","394","245","44","683","1194","0","57.2","33.0"
"10","005","00","002","0209","0197","858","545","313","53","911","1579","0","57.69","34.52"
"10","005","00","002","0209","0198","667","421","246","45","712","1149","0","61.97","36.64"
"10","005","00","002","0210","0000","1140","655","485","69","1209","2158","0","56.02","30.35"
"10","005","00","002","0210","0199","598","360","238","45","643","1057","0","60.83","34.06"
"10","005","00","002","0210","0200","542","295","247","24","566","1101","0","51.41","26.79"
"10","005","00","002","0211","0000","412","245","167","35","447","912","0","49.01","26.86"
"10","005","00","002","0211","0201","412","245","167","35","447","912","0","49.01","26.86"
"10","005","00","002","0212","0000","340","202","138","27","367","652","0","56.29","30.98"
"10","005","00","002","0212","0202","340","202","138","27","367","652","0","56.29","30.98"
"10","005","00","002","0213","0000","735","432","303","45","780","1348","0","57.86","32.05"
"10","005","00","002","0213","0203","735","432","303","45","780","1348","0","57.86","32.05"
"10","005","00","002","0214","0000","700","414","286","27","727","1395","0","52.11","29.68"
"10","005","00","002","0214","0204","367","209","158","16","383","733","0","52.25","28.51"
"10","005","00","002","0214","0205","333","205","128","11","344","662","0","51.96","30.97"
"10","005","00","002","0215","0000","1003","606","397","60","1063","1803","0","58.96","33.61"
"10","005","00","002","0215","0206","486","302","184","29","515","893","0","57.67","33.82"
"10","005","00","002","0215","0207","517","304","213","31","548","910","0","60.22","33.41"
"10","005","00","002","0216","0000","656","398","258","53","709","1270","0","55.83","31.34"
"10","005","00","002","0216","0208","656","398","258","53","709","1270","0","55.83","31.34"
"10","005","00","002","0217","0000","271","166","105","21","292","545","0","53.58","30.46"
"10","005","00","002","0217","0209","271","166","105","21","292","545","0","53.58","30.46"
"10","005","00","002","0218","0000","461","302","159","42","503","792","0","63.51","38.13"
"10","005","00","002","0218","0210","461","302","159","42","503","792","0","63.51","38.13"
"10","005","00","002","0219","0000","1312","759","553","78","1390","2316","0","60.02","32.77"
"10","005","00","002","0219","0218","612","354","258","30","642","1082","0","59.33","32.72"
"10","005","00","002","0219","0219","700","405","295","48","748","1234","0","60.62","32.82"
"10","005","00","002","0220","0000","795","472","323","47","842","1609","0","52.33","29.33"
"10","005","00","002","0220","0212","355","217","138","16","371","827","0","44.86","26.24"
"10","005","00","002","0220","0213","440","255","185","31","471","782","0","60.23","32.61"
"10","005","00","002","0221","0000","842","502","340","61","903","1634","0","55.26","30.72"
"10","005","00","002","0221","0214","408","256","152","28","436","788","0","55.33","32.49"
"10","005","00","002","0221","0215","434","246","188","33","467","846","0","55.2","29.08"
"10","005","00","002","0222","0000","968","568","400","88","1056","1771","0","59.63","32.07"
"10","005","00","002","0222","0216","464","267","197","41","505","828","0","60.99","32.25"
"10","005","00","002","0222","0217","504","301","203","47","551","943","0","58.43","31.92"
"10","005","00","002","0223","0000","403","224","179","14","417","726","0","57.44","30.85"
"10","005","00","002","0223","0211","403","224","179","14","417","726","0","57.44","30.85"
"10","005","00","002","0224","0000","734","420","314","54","788","1434","0","54.95","29.29"
"10","005","00","002","0224","0220","734","420","314","54","788","1434","0","54.95","29.29"
"10","005","00","002","0225","0000","1068","650","418","66","1134","1869","0","60.67","34.78"
"10","005","00","002","0225","0221","544","339","205","27","571","987","0","57.85","34.35"
"10","005","00","002","0225","0222","524","311","213","39","563","882","0","63.83","35.26"
"10","005","00","003","0000","0000","15336","9439","5897","979","16315","29709","34122","54.92","31.77"
"10","005","00","003","0301","0000","631","384","247","41","672","1142","0","58.84","33.63"
"10","005","00","003","0301","0149","631","384","247","41","672","1142","0","58.84","33.63"
"10","005","00","003","0302","0000","1104","707","397","80","1184","1952","0","60.66","36.22"
"10","005","00","003","0302","0150","541","345","196","36","577","884","0","65.27","39.03"
"10","005","00","003","0302","0151","563","362","201","44","607","1068","0","56.84","33.9"
"10","005","00","003","0303","0000","1172","737","435","41","1213","1868","0","64.94","39.45"
"10","005","00","003","0303","0152","626","378","248","24","650","1009","0","64.42","37.46"
"10","005","00","003","0303","0153","546","359","187","17","563","859","0","65.54","41.79"
"10","005","00","003","0304","0000","898","581","317","40","938","1551","0","60.48","37.46"
"10","005","00","003","0304","0157","493","315","178","28","521","761","0","68.46","41.39"
"10","005","00","003","0304","0158","405","266","139","12","417","790","0","52.78","33.67"
"10","005","00","003","0305","0000","382","237","145","26","408","686","0","59.48","34.55"
"10","005","00","003","0305","0156","382","237","145","26","408","686","0","59.48","34.55"
"10","005","00","003","0306","0000","1399","911","488","85","1484","2709","0","54.78","33.63"
"10","005","00","003","0306","0159","512","311","201","22","534","966","0","55.28","32.19"
"10","005","00","003","0306","0160","472","314","158","33","505","972","0","51.95","32.3"
"10","005","00","003","0306","0161","415","286","129","30","445","771","0","57.72","37.09"
"10","005","00","003","0307","0000","345","175","170","14","359","684","0","52.49","25.58"
"10","005","00","003","0307","0168","345","175","170","14","359","684","0","52.49","25.58"
"10","005","00","003","0308","0000","406","281","125","34","440","943","0","46.66","29.8"
"10","005","00","003","0308","0169","406","281","125","34","440","943","0","46.66","29.8"
"10","005","00","003","0309","0000","442","267","175","38","480","790","0","60.76","33.8"
"10","005","00","003","0309","0170","442","267","175","38","480","790","0","60.76","33.8"
"10","005","00","003","0310","0000","288","187","101","9","297","673","0","44.13","27.79"
"10","005","00","003","0310","0171","288","187","101","9","297","673","0","44.13","27.79"
"10","005","00","003","0311","0000","599","358","241","53","652","1232","0","52.92","29.06"
"10","005","00","003","0311","0172","599","358","241","53","652","1232","0","52.92","29.06"
"10","005","00","003","0312","0000","710","454","256","48","758","1286","0","58.94","35.3"
"10","005","00","003","0312","0173","710","454","256","48","758","1286","0","58.94","35.3"
"10","005","00","003","0313","0000","721","444","277","55","776","1418","0","54.72","31.31"
"10","005","00","003","0313","0174","365","224","141","23","388","649","0","59.78","34.51"
"10","005","00","003","0313","0175","356","220","136","32","388","769","0","50.46","28.61"
"10","005","00","003","0314","0000","891","522","369","59","950","1836","0","51.74","28.43"
"10","005","00","003","0314","0162","345","191","154","20","365","758","0","48.15","25.2"
"10","005","00","003","0314","0163","546","331","215","39","585","1078","0","54.27","30.71"
"10","005","00","003","0315","0000","179","105","74","20","199","459","0","43.36","22.88"
"10","005","00","003","0315","0164","179","105","74","20","199","459","0","43.36","22.88"
"10","005","00","003","0316","0000","405","255","150","44","449","894","0","50.22","28.52"
"10","005","00","003","0316","0165","405","255","150","44","449","894","0","50.22","28.52"
"10","005","00","003","0317","0000","151","92","59","8","159","402","0","39.55","22.89"
"10","005","00","003","0317","0166","151","92","59","8","159","402","0","39.55","22.89"
"10","005","00","003","0318","0000","411","249","162","24","435","802","0","54.24","31.05"
"10","005","00","003","0318","0167","411","249","162","24","435","802","0","54.24","31.05"
"10","005","00","003","0319","0000","1103","641","462","104","1207","2286","0","52.8","28.04"
"10","005","00","003","0319","0176","580","343","237","52","632","1148","0","55.05","29.88"
"10","005","00","003","0319","0177","523","298","225","52","575","1138","0","50.53","26.19"
"10","005","00","003","0320","0000","573","339","234","14","587","1121","0","52.36","30.24"
"10","005","00","003","0320","0178","573","339","234","14","587","1121","0","52.36","30.24"
"10","005","00","003","0321","0000","405","224","181","22","427","769","0","55.53","29.13"
"10","005","00","003","0321","0179","405","224","181","22","427","769","0","55.53","29.13"
"10","005","00","003","0322","0000","691","407","284","59","750","1415","0","53.0","28.76"
"10","005","00","003","0322","0180","294","157","137","18","312","616","0","50.65","25.49"
"10","005","00","003","0322","0181","397","250","147","41","438","799","0","54.82","31.29"
"10","005","00","003","0323","0000","365","220","145","20","385","743","0","51.82","29.61"
"10","005","00","003","0323","0182","365","220","145","20","385","743","0","51.82","29.61"
"10","005","00","003","0324","0000","1065","662","403","41","1106","2048","0","54.0","32.32"
"10","005","00","003","0324","0154","587","361","226","22","609","1040","0","58.56","34.71"
"10","005","00","003","0324","0155","478","301","177","19","497","1008","0","49.31","29.86"
"10","005","00","004","0000","0000","36820","22781","14039","1791","38611","68528","86056","56.34","33.24"
"10","005","00","004","0401","0000","1094","646","448","54","1148","1912","0","60.04","33.79"
"10","005","00","004","0401","0270","635","374","261","22","657","1086","0","60.5","34.44"
"10","005","00","004","0401","0271","459","272","187","32","491","826","0","59.44","32.93"
"10","005","00","004","0402","0000","1786","1136","650","124","1910","3302","0","57.84","34.4"
"10","005","00","004","0402","0272","528","318","210","32","560","1051","0","53.28","30.26"
"10","005","00","004","0402","0273","696","465","231","35","731","1235","0","59.19","37.65"
"10","005","00","004","0402","0274","562","353","209","57","619","1016","0","60.93","34.74"
"10","005","00","004","0403","0000","1393","886","507","55","1448","2773","0","52.22","31.95"
"10","005","00","004","0403","0275","764","475","289","33","797","1472","0","54.14","32.27"
"10","005","00","004","0403","0276","629","411","218","22","651","1301","0","50.04","31.59"
"10","005","00","004","0404","0000","2298","1417","881","101","2399","4519","0","53.09","31.36"
"10","005","00","004","0404","0277","752","460","292","34","786","1544","0","50.91","29.79"
"10","005","00","004","0404","0278","806","488","318","24","830","1512","0","54.89","32.28"
"10","005","00","004","0404","0279","740","469","271","43","783","1463","0","53.52","32.06"
"10","005","00","004","0405","0000","2946","1853","1093","91","3037","5258","0","57.76","35.24"
"10","005","00","004","0405","0280","537","318","219","21","558","1073","0","52.0","29.64"
"10","005","00","004","0405","0281","825","508","317","22","847","1453","0","58.29","34.96"
"10","005","00","004","0405","0282","722","478","244","21","743","1245","0","59.68","38.39"
"10","005","00","004","0405","0283","862","549","313","27","889","1487","0","59.78","36.92"
"10","005","00","004","0406","0000","1867","1122","745","99","1966","3445","0","57.07","32.57"
"10","005","00","004","0406","0284","570","354","216","33","603","1018","0","59.23","34.77"
"10","005","00","004","0406","0285","629","364","265","29","658","1105","0","59.55","32.94"
"10","005","00","004","0406","0286","668","404","264","37","705","1322","0","53.33","30.56"
"10","005","00","004","0407","0000","1945","1244","701","86","2031","3343","0","60.75","37.21"
"10","005","00","004","0407","0287","642","409","233","18","660","1140","0","57.89","35.88"
"10","005","00","004","0407","0288","622","408","214","33","655","1067","0","61.39","38.24"
"10","005","00","004","0407","0289","681","427","254","35","716","1136","0","63.03","37.59"
"10","005","00","004","0408","0000","1634","964","670","90","1724","3237","0","53.26","29.78"
"10","005","00","004","0408","0290","631","392","239","22","653","1253","0","52.11","31.28"
"10","005","00","004","0408","0291","479","295","184","35","514","963","0","53.37","30.63"
"10","005","00","004","0408","0292","524","277","247","33","557","1021","0","54.55","27.13"
"10","005","00","004","0409","0000","1179","726","453","63","1242","2111","0","58.83","34.39"
"10","005","00","004","0409","0297","529","305","224","34","563","989","0","56.93","30.84"
"10","005","00","004","0409","0298","650","421","229","29","679","1122","0","60.52","37.52"
"10","005","00","004","0410","0000","2303","1501","802","99","2402","4607","0","52.14","32.58"
"10","005","00","004","0410","0299","504","302","202","20","524","1111","0","47.16","27.18"
"10","005","00","004","0410","0300","573","392","181","42","615","1036","0","59.36","37.84"
"10","005","00","004","0410","0301","533","349","184","27","560","1112","0","50.36","31.38"
"10","005","00","004","0410","0302","693","458","235","10","703","1348","0","52.15","33.98"
"10","005","00","004","0411","0000","622","383","239","32","654","1059","0","61.76","36.17"
"10","005","00","004","0411","0306","622","383","239","32","654","1059","0","61.76","36.17"
"10","005","00","004","0412","0000","1597","984","613","88","1685","2834","0","59.46","34.72"
"10","005","00","004","0412","0307","497","298","199","27","524","869","0","60.3","34.29"
"10","005","00","004","0412","0308","425","253","172","25","450","800","0","56.25","31.63"
"10","005","00","004","0412","0309","675","433","242","36","711","1165","0","61.03","37.17"
"10","005","00","004","0413","0000","805","530","275","49","854","1468","0","58.17","36.1"
"10","005","00","004","0413","0310","434","288","146","29","463","791","0","58.53","36.41"
"10","005","00","004","0413","0311","371","242","129","20","391","677","0","57.75","35.75"
"10","005","00","004","0414","0000","1131","687","444","57","1188","1988","0","59.76","34.56"
"10","005","00","004","0414","0312","486","282","204","35","521","797","0","65.37","35.38"
"10","005","00","004","0414","0313","645","405","240","22","667","1191","0","56.0","34.01"
"10","005","00","004","0415","0000","528","330","198","21","549","1027","0","53.46","32.13"
"10","005","00","004","0415","0314","528","330","198","21","549","1027","0","53.46","32.13"
"10","005","00","004","0416","0000","2086","1300","786","88","2174","3935","0","55.25","33.04"
"10","005","00","004","0416","0315","761","450","311","28","789","1341","0","58.84","33.56"
"10","005","00","004","0416","0316","674","440","234","30","704","1378","0","51.09","31.93"
"10","005","00","004","0416","0317","651","410","241","30","681","1216","0","56.0","33.72"
"10","005","00","004","0417","0000","1139","738","401","48","1187","2108","0","56.31","35.01"
"10","005","00","004","0417","0318","818","546","272","31","849","1570","0","54.08","34.78"
"10","005","00","004","0417","0319","321","192","129","17","338","538","0","62.83","35.69"
"10","005","00","004","0418","0000","563","362","201","23","586","1166","0","50.26","31.05"
"10","005","00","004","0418","0320","563","362","201","23","586","1166","0","50.26","31.05"
"10","005","00","004","0419","0000","2088","1250","838","88","2176","4119","0","52.83","30.35"
"10","005","00","004","0419","0321","758","445","313","23","781","1488","0","52.49","29.91"
"10","005","00","004","0419","0322","706","416","290","25","731","1449","0","50.45","28.71"
"10","005","00","004","0419","0323","624","389","235","40","664","1182","0","56.18","32.91"
"10","005","00","004","0420","0000","1152","659","493","88","1240","2158","0","57.46","30.54"
"10","005","00","004","0420","0324","616","341","275","54","670","1175","0","57.02","29.02"
"10","005","00","004","0420","0325","536","318","218","34","570","983","0","57.99","32.35"
"10","005","00","004","0421","0000","1971","1178","793","122","2093","3715","0","56.34","31.71"
"10","005","00","004","0421","0326","291","173","118","18","309","492","0","62.8","35.16"
"10","005","00","004","0421","0327","579","343","236","44","623","1074","0","58.01","31.94"
"10","005","00","004","0421","0328","439","248","191","35","474","852","0","55.63","29.11"
"10","005","00","004","0421","0329","662","414","248","25","687","1297","0","52.97","31.92"
"10","005","00","004","0422","0000","526","295","231","33","559","1028","0","54.38","28.7"
"10","005","00","004","0422","0330","526","295","231","33","559","1028","0","54.38","28.7"
"10","005","00","004","0423","0000","1743","1096","647","85","1828","3111","0","58.76","35.23"
"10","005","00","004","0423","0303","630","369","261","24","654","1114","0","58.71","33.12"
"10","005","00","004","0423","0304","638","409","229","36","674","1119","0","60.23","36.55"
"10","005","00","004","0423","0305","475","318","157","25","500","878","0","56.95","36.22"
"10","005","00","004","0424","0000","1189","754","435","44","1233","2109","0","58.46","35.75"
"10","005","00","004","0424","0295","717","452","265","28","745","1293","0","57.62","34.96"
"10","005","00","004","0424","0296","472","302","170","16","488","816","0","59.8","37.01"
"10","005","00","004","0425","0000","1235","740","495","63","1298","2196","0","59.11","33.7"
"10","005","00","004","0425","0293","664","398","266","34","698","1154","0","60.49","34.49"
"10","005","00","004","0425","0294","571","342","229","29","600","1042","0","57.58","32.82"
"10","005","00","005","0000","0000","45354","28607","16747","2239","47593","83617","103007","56.92","34.21"
"10","005","00","005","0501","0000","1129","739","390","105","1234","2207","0","55.91","33.48"
"10","005","00","005","0501","0331","450","301","149","48","498","915","0","54.43","32.9"
"10","005","00","005","0501","0332","679","438","241","57","736","1292","0","56.97","33.9"
"10","005","00","005","0502","0000","960","620","340","40","1000","1763","0","56.72","35.17"
"10","005","00","005","0502","0333","527","321","206","26","553","928","0","59.59","34.59"
"10","005","00","005","0502","0334","433","299","134","14","447","835","0","53.53","35.81"
"10","005","00","005","0503","0000","1542","969","573","53","1595","2988","0","53.38","32.43"
"10","005","00","005","0503","0335","570","357","213","19","589","1070","0","55.05","33.36"
"10","005","00","005","0503","0336","450","279","171","13","463","879","0","52.67","31.74"
"10","005","00","005","0503","0337","522","333","189","21","543","1039","0","52.26","32.05"
"10","005","00","005","0504","0000","1914","1190","724","119","2033","3716","0","54.71","32.02"
"10","005","00","005","0504","0338","625","398","227","35","660","1129","0","58.46","35.25"
"10","005","00","005","0504","0339","533","318","215","39","572","1041","0","54.95","30.55"
"10","005","00","005","0504","0340","756","474","282","45","801","1546","0","51.81","30.66"
"10","005","00","005","0505","0000","2270","1397","873","119","2389","4361","0","54.78","32.03"
"10","005","00","005","0505","0341","542","341","201","43","585","935","0","62.57","36.47"
"10","005","00","005","0505","0342","583","354","229","36","619","1180","0","52.46","30.0"
"10","005","00","005","0505","0343","748","459","289","31","779","1499","0","51.97","30.62"
"10","005","00","005","0505","0344","397","243","154","9","406","747","0","54.35","32.53"
"10","005","00","005","0506","0000","1379","847","532","74","1453","2599","0","55.91","32.59"
"10","005","00","005","0506","0345","744","472","272","34","778","1406","0","55.33","33.57"
"10","005","00","005","0506","0346","635","375","260","40","675","1193","0","56.58","31.43"
"10","005","00","005","0507","0000","517","327","190","41","558","948","0","58.86","34.49"
"10","005","00","005","0507","0347","517","327","190","41","558","948","0","58.86","34.49"
"10","005","00","005","0508","0000","1779","1091","688","77","1856","3297","0","56.29","33.09"
"10","005","00","005","0508","0348","458","293","165","17","475","869","0","54.66","33.72"
"10","005","00","005","0508","0349","633","391","242","34","667","1142","0","58.41","34.24"
"10","005","00","005","0508","0350","688","407","281","26","714","1286","0","55.52","31.65"
"10","005","00","005","0509","0000","1803","1136","667","76","1879","3105","0","60.52","36.59"
"10","005","00","005","0509","0351","513","315","198","27","540","903","0","59.8","34.88"
"10","005","00","005","0509","0352","699","439","260","36","735","1186","0","61.97","37.02"
"10","005","00","005","0509","0353","591","382","209","13","604","1016","0","59.45","37.6"
"10","005","00","005","0510","0000","873","548","325","60","933","1536","0","60.74","35.68"
"10","005","00","005","0510","0357","493","313","180","28","521","890","0","58.54","35.17"
"10","005","00","005","0510","0358","380","235","145","32","412","646","0","63.78","36.38"
"10","005","00","005","0511","0000","442","372","70","22","464","947","0","49.0","39.28"
"10","005","00","005","0511","0356","442","372","70","22","464","947","0","49.0","39.28"
"10","005","00","005","0512","0000","635","424","211","37","672","1030","0","65.24","41.17"
"10","005","00","005","0512","0363","635","424","211","37","672","1030","0","65.24","41.17"
"10","005","00","005","0513","0000","1030","631","399","42","1072","1968","0","54.47","32.06"
"10","005","00","005","0513","0384","563","354","209","22","585","1121","0","52.19","31.58"
"10","005","00","005","0513","0385","467","277","190","20","487","847","0","57.5","32.7"
"10","005","00","005","0514","0000","1735","1176","559","108","1843","3454","0","53.36","34.05"
"10","005","00","005","0514","0388","819","601","218","34","853","1655","0","51.54","36.31"
"10","005","00","005","0514","0389","916","575","341","74","990","1799","0","55.03","31.96"
"10","005","00","005","0515","0000","2241","1379","862","91","2332","3884","0","60.04","35.5"
"10","005","00","005","0515","0367","769","481","288","30","799","1326","0","60.26","36.27"
"10","005","00","005","0515","0368","778","477","301","24","802","1270","0","63.15","37.56"
"10","005","00","005","0515","0369","694","421","273","37","731","1288","0","56.75","32.69"
"10","005","00","005","0516","0000","2114","1346","768","74","2188","3830","0","57.13","35.14"
"10","005","00","005","0516","0364","741","460","281","37","778","1338","0","58.15","34.38"
"10","005","00","005","0516","0365","778","504","274","21","799","1450","0","55.1","34.76"
"10","005","00","005","0516","0366","595","382","213","16","611","1042","0","58.64","36.66"
"10","005","00","005","0517","0000","1621","1020","601","68","1689","3125","0","54.05","32.64"
"10","005","00","005","0517","0376","857","526","331","20","877","1551","0","56.54","33.91"
"10","005","00","005","0517","0377","764","494","270","48","812","1574","0","51.59","31.39"
"10","005","00","005","0518","0000","2033","1258","775","96","2129","3984","0","53.44","31.58"
"10","005","00","005","0518","0390","627","401","226","36","663","1141","0","58.11","35.14"
"10","005","00","005","0518","0391","752","472","280","32","784","1431","0","54.79","32.98"
"10","005","00","005","0518","0392","654","385","269","28","682","1412","0","48.3","27.27"
"10","005","00","005","0519","0000","751","401","350","51","802","1344","0","59.67","29.84"
"10","005","00","005","0519","0395","751","401","350","51","802","1344","0","59.67","29.84"
"10","005","00","005","0520","0000","916","744","172","60","976","1990","0","49.05","37.39"
"10","005","00","005","0520","0359","530","512","18","49","579","975","0","59.38","52.51"
"10","005","00","005","0520","0360","386","232","154","11","397","1015","0","39.11","22.86"
"10","005","00","005","0521","0000","1468","903","565","97","1565","2542","0","61.57","35.52"
"10","005","00","005","0521","0361","823","532","291","56","879","1399","0","62.83","38.03"
"10","005","00","005","0521","0362","645","371","274","41","686","1143","0","60.02","32.46"
"10","005","00","005","0522","0000","776","470","306","66","842","1363","0","61.78","34.48"
"10","005","00","005","0522","0396","776","470","306","66","842","1363","0","61.78","34.48"
"10","005","00","005","0523","0000","1410","888","522","88","1498","2595","0","57.73","34.22"
"10","005","00","005","0523","0398","653","393","260","62","715","1182","0","60.49","33.25"
"10","005","00","005","0523","0399","757","495","262","26","783","1413","0","55.41","35.03"
"10","005","00","005","0524","0000","539","336","203","34","573","898","0","63.81","37.42"
"10","005","00","005","0524","0397","539","336","203","34","573","898","0","63.81","37.42"
"10","005","00","005","0525","0000","1260","741","519","52","1312","2171","0","60.43","34.13"
"10","005","00","005","0525","0400","601","354","247","15","616","991","0","62.16","35.72"
"10","005","00","005","0525","0401","659","387","272","37","696","1180","0","58.98","32.8"
"10","005","00","005","0526","0000","1132","682","450","47","1179","2048","0","57.57","33.3"
"10","005","00","005","0526","0386","578","333","245","21","599","993","0","60.32","33.53"
"10","005","00","005","0526","0387","554","349","205","26","580","1055","0","54.98","33.08"
"10","005","00","005","0527","0000","1251","758","493","58","1309","2319","0","56.45","32.69"
"10","005","00","005","0527","0393","546","329","217","20","566","1074","0","52.7","30.63"
"10","005","00","005","0527","0394","705","429","276","38","743","1245","0","59.68","34.46"
"10","005","00","005","0528","0000","2018","1276","742","97","2115","3507","0","60.31","36.38"
"10","005","00","005","0528","0378","691","423","268","37","728","1262","0","57.69","33.52"
"10","005","00","005","0528","0379","655","427","228","33","688","1171","0","58.75","36.46"
"10","005","00","005","0528","0380","672","426","246","27","699","1074","0","65.08","39.66"
"10","005","00","005","0529","0000","2018","1229","789","68","2086","3586","0","58.17","34.27"
"10","005","00","005","0529","0381","669","428","241","21","690","1141","0","60.47","37.51"
"10","005","00","005","0529","0382","707","410","297","28","735","1259","0","58.38","32.57"
"10","005","00","005","0529","0383","642","391","251","19","661","1186","0","55.73","32.97"
"10","005","00","005","0530","0000","1070","653","417","53","1123","2022","0","55.54","32.29"
"10","005","00","005","0530","0354","536","330","206","23","559","985","0","56.75","33.5"
"10","005","00","005","0530","0355","534","323","211","30","564","1037","0","54.39","31.15"
"10","005","00","005","0531","0000","1467","983","484","43","1510","2523","0","59.85","38.96"
"10","005","00","005","0531","0370","732","488","244","22","754","1243","0","60.66","39.26"
"10","005","00","005","0531","0371","735","495","240","21","756","1280","0","59.06","38.67"
"10","005","00","005","0532","0000","1787","1151","636","74","1861","3377","0","55.11","34.08"
"10","005","00","005","0532","0372","880","573","307","34","914","1618","0","56.49","35.41"
"10","005","00","005","0532","0373","907","578","329","40","947","1759","0","53.84","32.86"
"10","005","00","005","0533","0000","1474","922","552","49","1523","2590","0","58.8","35.6"
"10","005","00","005","0533","0374","724","481","243","31","755","1264","0","59.73","38.05"
"10","005","00","005","0533","0375","750","441","309","18","768","1326","0","57.92","33.26"
"10","005","00","006","0000","0000","15960","9377","6583","1180","17140","30948","36332","55.38","30.3"
"10","005","00","006","0601","0000","849","518","331","68","917","1473","0","62.25","35.17"
"10","005","00","006","0601","0223","324","206","118","25","349","590","0","59.15","34.92"
"10","005","00","006","0601","0224","525","312","213","43","568","883","0","64.33","35.33"
"10","005","00","006","0602","0000","467","262","205","30","497","793","0","62.67","33.04"
"10","005","00","006","0602","0225","467","262","205","30","497","793","0","62.67","33.04"
"10","005","00","006","0603","0000","768","465","303","38","806","1324","0","60.88","35.12"
"10","005","00","006","0603","0226","421","252","169","21","442","732","0","60.38","34.43"
"10","005","00","006","0603","0227","347","213","134","17","364","592","0","61.49","35.98"
"10","005","00","006","0604","0000","2295","1364","931","132","2427","4218","0","57.54","32.34"
"10","005","00","006","0604","0228","620","355","265","47","667","1113","0","59.93","31.9"
"10","005","00","006","0604","0229","647","385","262","30","677","1195","0","56.65","32.22"
"10","005","00","006","0604","0230","588","368","220","34","622","997","0","62.39","36.91"
"10","005","00","006","0604","0231","440","256","184","21","461","913","0","50.49","28.04"
"10","005","00","006","0605","0000","1175","687","488","96","1271","2304","0","55.16","29.82"
"10","005","00","006","0605","0246","582","352","230","43","625","1107","0","56.46","31.8"
"10","005","00","006","0605","0247","593","335","258","53","646","1197","0","53.97","27.99"
"10","005","00","006","0606","0000","801","481","320","51","852","1216","0","70.07","39.56"
"10","005","00","006","0606","0236","801","481","320","51","852","1216","0","70.07","39.56"
"10","005","00","006","0607","0000","504","301","203","27","531","977","0","54.35","30.81"
"10","005","00","006","0607","0237","504","301","203","27","531","977","0","54.35","30.81"
"10","005","00","006","0608","0000","1361","823","538","111","1472","2704","0","54.44","30.44"
"10","005","00","006","0608","0238","443","285","158","33","476","943","0","50.48","30.22"
"10","005","00","006","0608","0239","478","283","195","44","522","910","0","57.36","31.1"
"10","005","00","006","0608","0240","440","255","185","34","474","851","0","55.7","29.96"
"10","005","00","006","0609","0000","810","471","339","43","853","1375","0","62.04","34.25"
"10","005","00","006","0609","0241","441","257","184","22","463","725","0","63.86","35.45"
"10","005","00","006","0609","0242","369","214","155","21","390","650","0","60.0","32.92"
"10","005","00","006","0610","0000","335","198","137","34","369","706","0","52.27","28.05"
"10","005","00","006","0610","0243","335","198","137","34","369","706","0","52.27","28.05"
"10","005","00","006","0611","0000","722","392","330","70","792","1489","0","53.19","26.33"
"10","005","00","006","0611","0232","306","163","143","34","340","641","0","53.04","25.43"
"10","005","00","006","0611","0233","416","229","187","36","452","848","0","53.3","27.0"
"10","005","00","006","0612","0000","758","415","343","56","814","1549","0","52.55","26.79"
"10","005","00","006","0612","0244","408","220","188","29","437","748","0","58.42","29.41"
"10","005","00","006","0612","0245","350","195","155","27","377","801","0","47.07","24.34"
"10","005","00","006","0613","0000","636","387","249","65","701","1264","0","55.46","30.62"
"10","005","00","006","0613","0234","636","387","249","65","701","1264","0","55.46","30.62"
"10","005","00","006","0614","0000","475","265","210","28","503","965","0","52.12","27.46"
"10","005","00","006","0614","0235","475","265","210","28","503","965","0","52.12","27.46"
"10","005","00","006","0615","0000","480","288","192","48","528","1036","0","50.97","27.8"
"10","005","00","006","0615","0248","480","288","192","48","528","1036","0","50.97","27.8"
"10","005","00","006","0616","0000","390","229","161","36","426","913","0","46.66","25.08"
"10","005","00","006","0616","0249","390","229","161","36","426","913","0","46.66","25.08"
"10","005","00","006","0617","0000","401","248","153","39","440","719","0","61.2","34.49"
"10","005","00","006","0617","0250","401","248","153","39","440","719","0","61.2","34.49"
"10","005","00","006","0618","0000","545","333","212","54","599","1037","0","57.76","32.11"
"10","005","00","006","0618","0251","545","333","212","54","599","1037","0","57.76","32.11"
"10","005","00","006","0619","0000","292","166","126","15","307","601","0","51.08","27.62"
"10","005","00","006","0619","0252","292","166","126","15","307","601","0","51.08","27.62"
"10","005","00","006","0620","0000","540","285","255","43","583","1269","0","45.94","22.46"
"10","005","00","006","0620","0253","540","285","255","43","583","1269","0","45.94","22.46"
"10","005","00","006","0621","0000","332","186","146","35","367","735","0","49.93","25.31"
"10","005","00","006","0621","0254","332","186","146","35","367","735","0","49.93","25.31"
"10","005","00","006","0622","0000","483","274","209","28","511","1047","0","48.81","26.17"
"10","005","00","006","0622","0255","136","69","67","12","148","422","0","35.07","16.35"
"10","005","00","006","0622","0256","347","205","142","16","363","625","0","58.08","32.8"
"10","005","00","006","0623","0000","541","339","202","33","574","1234","0","46.52","27.47"
"10","005","00","006","0623","0257","541","339","202","33","574","1234","0","46.52","27.47"
"10","005","00","007","0000","0000","8089","4969","3120","602","8691","14772","16818","58.83","33.64"
"10","005","00","007","0701","0000","439","285","154","21","460","745","0","61.74","38.26"
"10","005","00","007","0701","0445","439","285","154","21","460","745","0","61.74","38.26"
"10","005","00","007","0702","0000","756","473","283","51","807","1528","0","52.81","30.96"
"10","005","00","007","0702","0446","396","240","156","37","433","783","0","55.3","30.65"
"10","005","00","007","0702","0447","360","233","127","14","374","745","0","50.2","31.28"
"10","005","00","007","0703","0000","1204","762","442","110","1314","2079","0","63.2","36.65"
"10","005","00","007","0703","0451","504","318","186","38","542","865","0","62.66","36.76"
"10","005","00","007","0703","0452","486","315","171","41","527","828","0","63.65","38.04"
"10","005","00","007","0703","0453","214","129","85","31","245","386","0","63.47","33.42"
"10","005","00","007","0704","0000","486","313","173","26","512","999","0","51.25","31.33"
"10","005","00","007","0704","0448","486","313","173","26","512","999","0","51.25","31.33"
"10","005","00","007","0705","0000","426","268","158","39","465","757","0","61.43","35.4"
"10","005","00","007","0705","0449","380","235","145","38","418","671","0","62.3","35.02"
"10","005","00","007","0705","0459","46","33","13","1","47","86","0","54.65","38.37"
"10","005","00","007","0706","0000","497","302","195","19","516","940","0","54.89","32.13"
"10","005","00","007","0706","0460","497","302","195","19","516","940","0","54.89","32.13"
"10","005","00","007","0707","0000","1083","750","333","78","1161","1978","0","58.7","37.92"
"10","005","00","007","0707","0442","545","431","114","39","584","961","0","60.77","44.85"
"10","005","00","007","0707","0443","538","319","219","39","577","1017","0","56.74","31.37"
"10","005","00","007","0708","0000","651","378","273","55","706","1095","0","64.47","34.52"
"10","005","00","007","0708","0444","651","378","273","55","706","1095","0","64.47","34.52"
"10","005","00","007","0709","0000","1276","716","560","91","1367","2209","0","61.88","32.41"
"10","005","00","007","0709","0454","413","229","184","31","444","688","0","64.53","33.28"
"10","005","00","007","0709","0455","458","256","202","34","492","792","0","62.12","32.32"
"10","005","00","007","0709","0456","405","231","174","26","431","729","0","59.12","31.69"
"10","005","00","007","0710","0000","431","232","199","52","483","734","0","65.8","31.61"
"10","005","00","007","0710","0450","431","232","199","52","483","734","0","65.8","31.61"
"10","005","00","007","0711","0000","840","490","350","60","900","1708","0","52.69","28.69"
"10","005","00","007","0711","0457","499","277","222","35","534","1093","0","48.86","25.34"
"10","005","00","007","0711","0458","341","213","128","25","366","615","0","59.51","34.63"
"10","005","00","008","0000","0000","6277","3818","2459","492","6769","12653","14521","53.5","30.17"
"10","005","00","008","0801","0000","843","527","316","50","893","1625","0","54.95","32.43"
"10","005","00","008","0801","0420","383","239","144","23","406","744","0","54.57","32.12"
"10","005","00","008","0801","0421","460","288","172","27","487","881","0","55.28","32.69"
"10","005","00","008","0802","0000","314","196","118","26","340","596","0","57.05","32.89"
"10","005","00","008","0802","0422","314","196","118","26","340","596","0","57.05","32.89"
"10","005","00","008","0803","0000","922","581","341","55","977","1790","0","54.58","32.46"
"10","005","00","008","0803","0424","433","271","162","24","457","867","0","52.71","31.26"
"10","005","00","008","0803","0425","489","310","179","31","520","923","0","56.34","33.59"
"10","005","00","008","0804","0000","672","425","247","64","736","1395","0","52.76","30.47"
"10","005","00","008","0804","0426","672","425","247","64","736","1395","0","52.76","30.47"
"10","005","00","008","0805","0000","195","122","73","17","212","561","0","37.79","21.75"
"10","005","00","008","0805","0427","195","122","73","17","212","561","0","37.79","21.75"
"10","005","00","008","0806","0000","598","353","245","57","655","1260","0","51.98","28.02"
"10","005","00","008","0806","0423","598","353","245","57","655","1260","0","51.98","28.02"
"10","005","00","008","0807","0000","348","225","123","24","372","638","0","58.31","35.27"
"10","005","00","008","0807","0428","348","225","123","24","372","638","0","58.31","35.27"
"10","005","00","008","0808","0000","727","405","322","48","775","1495","0","51.84","27.09"
"10","005","00","008","0808","0431","340","192","148","20","360","652","0","55.21","29.45"
"10","005","00","008","0808","0432","387","213","174","28","415","843","0","49.23","25.27"
"10","005","00","008","0809","0000","368","219","149","32","400","754","0","53.05","29.05"
"10","005","00","008","0809","0429","368","219","149","32","400","754","0","53.05","29.05"
"10","005","00","008","0810","0000","244","141","103","8","252","501","0","50.3","28.14"
"10","005","00","008","0810","0430","244","141","103","8","252","501","0","50.3","28.14"
"10","005","00","008","0811","0000","505","295","210","73","578","1020","0","56.67","28.92"
"10","005","00","008","0811","0433","505","295","210","73","578","1020","0","56.67","28.92"
"10","005","00","008","0812","0000","541","329","212","38","579","1018","0","56.88","32.32"
"10","005","00","008","0812","0434","541","329","212","38","579","1018","0","56.88","32.32"
"10","005","00","009","0000","0000","15638","9209","6429","1092","16730","28318","33327","59.08","32.52"
"10","005","00","009","0901","0000","994","604","390","54","1048","1581","0","66.29","38.2"
"10","005","00","009","0901","0068","493","298","195","30","523","789","0","66.29","37.77"
"10","005","00","009","0901","0069","501","306","195","24","525","792","0","66.29","38.64"
"10","005","00","009","0902","0000","1412","863","549","96","1508","2372","0","63.58","36.38"
"10","005","00","009","0902","0070","666","411","255","51","717","1117","0","64.19","36.79"
"10","005","00","009","0902","0071","746","452","294","45","791","1255","0","63.03","36.02"
"10","005","00","009","0903","0000","1960","1131","829","106","2066","3413","0","60.53","33.14"
"10","005","00","009","0903","0072","651","373","278","31","682","1141","0","59.77","32.69"
"10","005","00","009","0903","0073","649","376","273","38","687","1172","0","58.62","32.08"
"10","005","00","009","0903","0074","660","382","278","37","697","1100","0","63.36","34.73"
"10","005","00","009","0904","0000","501","288","213","52","553","964","0","57.37","29.88"
"10","005","00","009","0904","0079","501","288","213","52","553","964","0","57.37","29.88"
"10","005","00","009","0905","0000","1143","682","461","82","1225","2313","0","52.96","29.49"
"10","005","00","009","0905","0075","613","363","250","38","651","1232","0","52.84","29.46"
"10","005","00","009","0905","0076","530","319","211","44","574","1081","0","53.1","29.51"
"10","005","00","009","0906","0000","1338","829","509","71","1409","2331","0","60.45","35.56"
"10","005","00","009","0906","0077","737","460","277","41","778","1250","0","62.24","36.8"
"10","005","00","009","0906","0078","601","369","232","30","631","1081","0","58.37","34.14"
"10","005","00","009","0907","0000","796","482","314","68","864","1507","0","57.33","31.98"
"10","005","00","009","0907","0084","399","246","153","30","429","719","0","59.67","34.21"
"10","005","00","009","0907","0085","397","236","161","38","435","788","0","55.2","29.95"
"10","005","00","009","0908","0000","580","356","224","48","628","1038","0","60.5","34.3"
"10","005","00","009","0908","0080","580","356","224","48","628","1038","0","60.5","34.3"
"10","005","00","009","0909","0000","1091","649","442","59","1150","2031","0","56.62","31.95"
"10","005","00","009","0909","0082","463","278","185","35","498","865","0","57.57","32.14"
"10","005","00","009","0909","0083","628","371","257","24","652","1166","0","55.92","31.82"
"10","005","00","009","0910","0000","184","97","87","18","202","303","0","66.67","32.01"
"10","005","00","009","0910","0086","184","97","87","18","202","303","0","66.67","32.01"
"10","005","00","009","0911","0000","214","122","92","13","227","360","0","63.06","33.89"
"10","005","00","009","0911","0081","214","122","92","13","227","360","0","63.06","33.89"
"10","005","00","009","0912","0000","1238","703","535","93","1331","2255","0","59.02","31.18"
"10","005","00","009","0912","0087","748","441","307","49","797","1322","0","60.29","33.36"
"10","005","00","009","0912","0088","490","262","228","44","534","933","0","57.23","28.08"
"10","005","00","009","0913","0000","728","428","300","62","790","1455","0","54.3","29.42"
"10","005","00","009","0913","0089","728","428","300","62","790","1455","0","54.3","29.42"
"10","005","00","009","0914","0000","909","512","397","89","998","1615","0","61.8","31.7"
"10","005","00","009","0914","0090","909","512","397","89","998","1615","0","61.8","31.7"
"10","005","00","009","0915","0000","743","466","277","63","806","1451","0","55.55","32.12"
"10","005","00","009","0915","0091","743","466","277","63","806","1451","0","55.55","32.12"
"10","005","00","009","0916","0000","696","373","323","41","737","1317","0","55.96","28.32"
"10","005","00","009","0916","0093","696","373","323","41","737","1317","0","55.96","28.32"
"10","005","00","009","0917","0000","823","447","376","59","882","1462","0","60.33","30.57"
"10","005","00","009","0917","0092","823","447","376","59","882","1462","0","60.33","30.57"
"10","005","00","009","0918","0000","123","77","46","8","131","221","0","59.28","34.84"
"10","005","00","009","0918","0094","123","77","46","8","131","221","0","59.28","34.84"
"10","005","00","009","0919","0000","165","100","65","10","175","329","0","53.19","30.4"
"10","005","00","009","0919","0095","165","100","65","10","175","329","0","53.19","30.4"
"10","005","00","010","0000","0000","8088","4785","3303","556","8644","15424","17922","56.04","31.02"
"10","005","00","010","1001","0000","569","351","218","28","597","1029","0","58.02","34.11"
"10","005","00","010","1001","0114","569","351","218","28","597","1029","0","58.02","34.11"
"10","005","00","010","1002","0000","2509","1489","1020","159","2668","4463","0","59.78","33.36"
"10","005","00","010","1002","0108","514","313","201","34","548","887","0","61.78","35.29"
"10","005","00","010","1002","0109","577","353","224","54","631","1052","0","59.98","33.56"
"10","005","00","010","1002","0110","788","472","316","35","823","1347","0","61.1","35.04"
"10","005","00","010","1002","0111","630","351","279","36","666","1177","0","56.58","29.82"
"10","005","00","010","1003","0000","939","588","351","52","991","1655","0","59.88","35.53"
"10","005","00","010","1003","0115","494","321","173","29","523","905","0","57.79","35.47"
"10","005","00","010","1003","0116","445","267","178","23","468","750","0","62.4","35.6"
"10","005","00","010","1004","0000","650","369","281","31","681","1268","0","53.71","29.1"
"10","005","00","010","1004","0112","650","369","281","31","681","1268","0","53.71","29.1"
"10","005","00","010","1005","0000","548","324","224","36","584","1185","0","49.28","27.34"
"10","005","00","010","1005","0113","548","324","224","36","584","1185","0","49.28","27.34"
"10","005","00","010","1006","0000","520","335","185","39","559","1080","0","51.76","31.02"
"10","005","00","010","1006","0117","520","335","185","39","559","1080","0","51.76","31.02"
"10","005","00","010","1007","0000","1592","899","693","117","1709","3186","0","53.64","28.22"
"10","005","00","010","1007","0118","550","326","224","56","606","1108","0","54.69","29.42"
"10","005","00","010","1007","0119","423","226","197","34","457","862","0","53.02","26.22"
"10","005","00","010","1007","0120","619","347","272","27","646","1216","0","53.13","28.54"
"10","005","00","010","1008","0000","278","160","118","25","303","588","0","51.53","27.21"
"10","005","00","010","1008","0121","278","160","118","25","303","588","0","51.53","27.21"
"10","005","00","010","1009","0000","200","110","90","35","235","429","0","54.78","25.64"
"10","005","00","010","1009","0122","200","110","90","35","235","429","0","54.78","25.64"
"10","005","00","010","1010","0000","283","160","123","34","317","541","0","58.6","29.57"
"10","005","00","010","1010","0123","283","160","123","34","317","541","0","58.6","29.57"
"10","005","00","011","0000","0000","4060","2369","1691","283","4343","8784","10130","49.44","26.97"
"10","005","00","011","1101","0000","601","331","270","41","642","1155","0","55.58","28.66"
"10","005","00","011","1101","0411","601","331","270","41","642","1155","0","55.58","28.66"
"10","005","00","011","1102","0000","339","180","159","34","373","650","0","57.38","27.69"
"10","005","00","011","1102","0412","339","180","159","34","373","650","0","57.38","27.69"
"10","005","00","011","1103","0000","655","402","253","44","699","1353","0","51.66","29.71"
"10","005","00","011","1103","0413","655","402","253","44","699","1353","0","51.66","29.71"
"10","005","00","011","1104","0000","326","181","145","29","355","813","0","43.67","22.26"
"10","005","00","011","1104","0414","326","181","145","29","355","813","0","43.67","22.26"
"10","005","00","011","1105","0000","339","207","132","21","360","837","0","43.01","24.73"
"10","005","00","011","1105","0415","339","207","132","21","360","837","0","43.01","24.73"
"10","005","00","011","1106","0000","547","333","214","31","578","1093","0","52.88","30.47"
"10","005","00","011","1106","0416","547","333","214","31","578","1093","0","52.88","30.47"
"10","005","00","011","1107","0000","531","320","211","44","575","1048","0","54.87","30.53"
"10","005","00","011","1107","0417","531","320","211","44","575","1048","0","54.87","30.53"
"10","005","00","011","1108","0000","421","244","177","25","446","872","0","51.15","27.98"
"10","005","00","011","1108","0418","421","244","177","25","446","872","0","51.15","27.98"
"10","005","00","011","1109","0000","301","171","130","14","315","963","0","32.71","17.76"
"10","005","00","011","1109","0419","301","171","130","14","315","963","0","32.71","17.76"
"10","005","00","012","0000","0000","5774","3572","2202","346","6120","9390","10711","65.18","38.04"
"10","005","00","012","1201","0000","1589","1034","555","134","1723","2503","0","68.84","41.31"
"10","005","00","012","1201","0096","835","551","284","59","894","1335","0","66.97","41.27"
"10","005","00","012","1201","0097","754","483","271","75","829","1168","0","70.98","41.35"
"10","005","00","012","1202","0000","1078","624","454","40","1118","1851","0","60.4","33.71"
"10","005","00","012","1202","0103","489","282","207","15","504","844","0","59.72","33.41"
"10","005","00","012","1202","0104","589","342","247","25","614","1007","0","60.97","33.96"
"10","005","00","012","1203","0000","437","273","164","28","465","725","0","64.14","37.66"
"10","005","00","012","1203","0100","437","273","164","28","465","725","0","64.14","37.66"
"10","005","00","012","1204","0000","1124","703","421","53","1177","1710","0","68.83","41.11"
"10","005","00","012","1204","0098","490","312","178","29","519","792","0","65.53","39.39"
"10","005","00","012","1204","0099","634","391","243","24","658","918","0","71.68","42.59"
"10","005","00","012","1205","0000","527","300","227","28","555","899","0","61.74","33.37"
"10","005","00","012","1205","0101","527","300","227","28","555","899","0","61.74","33.37"
"10","005","00","012","1206","0000","175","122","53","8","183","369","0","49.59","33.06"
"10","005","00","012","1206","0102","175","122","53","8","183","369","0","49.59","33.06"
"10","005","00","012","1207","0000","624","383","241","36","660","1005","0","65.67","38.11"
"10","005","00","012","1207","0105","481","289","192","22","503","794","0","63.35","36.4"
"10","005","00","012","1207","0106","143","94","49","14","157","211","0","74.41","44.55"
"10","005","00","012","1208","0000","220","133","87","19","239","328","0","72.87","40.55"
"10","005","00","012","1208","0107","220","133","87","19","239","328","0","72.87","40.55"
"10","005","00","013","0000","0000","7716","4765","2951","437","8153","13889","16277","58.7","34.31"
"10","005","00","013","1301","0000","2304","1485","819","129","2433","4132","0","58.88","35.94"
"10","005","00","013","1301","0124","490","327","163","34","524","853","0","61.43","38.34"
"10","005","00","013","1301","0125","592","401","191","20","612","983","0","62.26","40.79"
"10","005","00","013","1301","0126","597","351","246","51","648","1080","0","60.0","32.5"
"10","005","00","013","1301","0127","625","406","219","24","649","1216","0","53.37","33.39"
"10","005","00","013","1302","0000","969","592","377","44","1013","1825","0","55.51","32.44"
"10","005","00","013","1302","0132","503","297","206","20","523","991","0","52.77","29.97"
"10","005","00","013","1302","0133","466","295","171","24","490","834","0","58.75","35.37"
"10","005","00","013","1303","0000","756","431","325","71","827","1371","0","60.32","31.44"
"10","005","00","013","1303","0134","342","199","143","25","367","622","0","59.0","31.99"
"10","005","00","013","1303","0135","414","232","182","46","460","749","0","61.42","30.97"
"10","005","00","013","1304","0000","1852","1166","686","70","1922","3395","0","56.61","34.34"
"10","005","00","013","1304","0128","580","356","224","25","605","1017","0","59.49","35.0"
"10","005","00","013","1304","0129","603","388","215","30","633","1180","0","53.64","32.88"
"10","005","00","013","1304","0130","669","422","247","15","684","1198","0","57.1","35.23"
"10","005","00","013","1305","0000","932","572","360","63","995","1451","0","68.57","39.42"
"10","005","00","013","1305","0136","437","261","176","23","460","692","0","66.47","37.72"
"10","005","00","013","1305","0137","495","311","184","40","535","759","0","70.49","40.97"
"10","005","00","013","1306","0000","226","131","95","15","241","417","0","57.79","31.41"
"10","005","00","013","1306","0131","226","131","95","15","241","417","0","57.79","31.41"
"10","005","00","013","1307","0000","677","388","289","45","722","1298","0","55.62","29.89"
"10","005","00","013","1307","0138","321","180","141","15","336","629","0","53.42","28.62"
"10","005","00","013","1307","0139","356","208","148","30","386","669","0","57.7","31.09"
"10","005","00","014","0000","0000","3312","1975","1337","223","3535","6382","7072","55.39","30.95"
"10","005","00","014","1401","0000","319","167","152","23","342","601","0","56.91","27.79"
"10","005","00","014","1401","0140","319","167","152","23","342","601","0","56.91","27.79"
"10","005","00","014","1402","0000","322","190","132","19","341","566","0","60.25","33.57"
"10","005","00","014","1402","0141","322","190","132","19","341","566","0","60.25","33.57"
"10","005","00","014","1403","0000","450","263","187","26","476","843","0","56.47","31.2"
"10","005","00","014","1403","0142","450","263","187","26","476","843","0","56.47","31.2"
"10","005","00","014","1404","0000","323","195","128","19","342","648","0","52.78","30.09"
"10","005","00","014","1404","0143","323","195","128","19","342","648","0","52.78","30.09"
"10","005","00","014","1405","0000","281","183","98","17","298","515","0","57.86","35.53"
"10","005","00","014","1405","0146","281","183","98","17","298","515","0","57.86","35.53"
"10","005","00","014","1406","0000","240","133","107","8","248","461","0","53.8","28.85"
"10","005","00","014","1406","0145","240","133","107","8","248","461","0","53.8","28.85"
"10","005","00","014","1407","0000","431","255","176","46","477","936","0","50.96","27.24"
"10","005","00","014","1407","0144","431","255","176","46","477","936","0","50.96","27.24"
"10","005","00","014","1408","0000","574","365","209","41","615","1141","0","53.9","31.99"
"10","005","00","014","1408","0147","574","365","209","41","615","1141","0","53.9","31.99"
"10","005","00","014","1409","0000","372","224","148","24","396","671","0","59.02","33.38"
"10","005","00","014","1409","0148","372","224","148","24","396","671","0","59.02","33.38"
"10","005","00","015","0000","0000","5975","3616","2359","448","6423","11027","12728","58.25","32.79"
"10","005","00","015","1501","0000","1226","776","450","74","1300","2060","0","63.11","37.67"
"10","005","00","015","1501","0258","725","471","254","45","770","1171","0","65.76","40.22"
"10","005","00","015","1501","0259","501","305","196","29","530","889","0","59.62","34.31"
"10","005","00","015","1502","0000","230","144","86","9","239","479","0","49.9","30.06"
"10","005","00","015","1502","0260","230","144","86","9","239","479","0","49.9","30.06"
"10","005","00","015","1503","0000","573","393","180","31","604","1024","0","58.98","38.38"
"10","005","00","015","1503","0261","573","393","180","31","604","1024","0","58.98","38.38"
"10","005","00","015","1504","0000","1680","983","697","147","1827","3442","0","53.08","28.56"
"10","005","00","015","1504","0262","601","337","264","57","658","1214","0","54.2","27.76"
"10","005","00","015","1504","0263","522","301","221","39","561","1071","0","52.38","28.1"
"10","005","00","015","1504","0264","557","345","212","51","608","1157","0","52.55","29.82"
"10","005","00","015","1505","0000","283","183","100","19","302","512","0","58.98","35.74"
"10","005","00","015","1505","0265","283","183","100","19","302","512","0","58.98","35.74"
"10","005","00","015","1506","0000","289","154","135","20","309","491","0","62.93","31.36"
"10","005","00","015","1506","0266","289","154","135","20","309","491","0","62.93","31.36"
"10","005","00","015","1507","0000","720","415","305","47","767","1272","0","60.3","32.63"
"10","005","00","015","1507","0267","720","415","305","47","767","1272","0","60.3","32.63"
"10","005","00","015","1508","0000","425","256","169","27","452","785","0","57.58","32.61"
"10","005","00","015","1508","0268","425","256","169","27","452","785","0","57.58","32.61"
"10","005","00","015","1509","0000","549","312","237","74","623","962","0","64.76","32.43"
"10","005","00","015","1509","0269","549","312","237","74","623","962","0","64.76","32.43"
"10","005","00","016","0000","0000","3183","1914","1269","227","3410","5852","6662","58.27","32.71"
"10","005","00","016","1601","0000","1245","784","461","67","1312","2201","0","59.61","35.62"
"10","005","00","016","1601","0402","571","344","227","25","596","996","0","59.84","34.54"
"10","005","00","016","1601","0403","674","440","234","42","716","1205","0","59.42","36.51"
"10","005","00","016","1602","0000","362","205","157","26","388","635","0","61.1","32.28"
"10","005","00","016","1602","0404","362","205","157","26","388","635","0","61.1","32.28"
"10","005","00","016","1603","0000","456","296","160","40","496","862","0","57.54","34.34"
"10","005","00","016","1603","0405","456","296","160","40","496","862","0","57.54","34.34"
"10","005","00","016","1604","0000","106","67","39","12","118","238","0","49.58","28.15"
"10","005","00","016","1604","0406","106","67","39","12","118","238","0","49.58","28.15"
"10","005","00","016","1605","0000","276","147","129","18","294","541","0","54.34","27.17"
"10","005","00","016","1605","0407","276","147","129","18","294","541","0","54.34","27.17"
"10","005","00","016","1606","0000","272","150","122","27","299","578","0","51.73","25.95"
"10","005","00","016","1606","0408","272","150","122","27","299","578","0","51.73","25.95"
"10","005","00","016","1607","0000","257","155","102","22","279","405","0","68.89","38.27"
"10","005","00","016","1607","0409","257","155","102","22","279","405","0","68.89","38.27"
"10","005","00","016","1608","0000","209","110","99","15","224","392","0","57.14","28.06"
"10","005","00","016","1608","0410","209","110","99","15","224","392","0","57.14","28.06"
"10","005","00","017","0000","0000","1866","1166","700","177","2043","3968","4370","51.49","29.39"
"10","005","00","017","1701","0000","123","77","46","7","130","328","0","39.63","23.48"
"10","005","00","017","1701","0435","123","77","46","7","130","328","0","39.63","23.48"
"10","005","00","017","1702","0000","224","135","89","28","252","565","0","44.6","23.89"
"10","005","00","017","1702","0436","224","135","89","28","252","565","0","44.6","23.89"
"10","005","00","017","1703","0000","464","293","171","60","524","911","0","57.52","32.16"
"10","005","00","017","1703","0437","464","293","171","60","524","911","0","57.52","32.16"
"10","005","00","017","1704","0000","253","146","107","18","271","568","0","47.71","25.7"
"10","005","00","017","1704","0438","253","146","107","18","271","568","0","47.71","25.7"
"10","005","00","017","1705","0000","304","180","124","37","341","580","0","58.79","31.03"
"10","005","00","017","1705","0439","304","180","124","37","341","580","0","58.79","31.03"
"10","005","00","017","1706","0000","164","107","57","7","171","333","0","51.35","32.13"
"10","005","00","017","1706","0440","164","107","57","7","171","333","0","51.35","32.13"
"10","005","00","017","1707","0000","334","228","106","20","354","683","0","51.83","33.38"
"10","005","00","017","1707","0441","334","228","106","20","354","683","0","51.83","33.38"
"10","005","00","018","0000","0000","3281","2032","1249","180","3461","5180","6076","66.81","39.23"
"10","005","00","018","1801","0000","142","72","70","7","149","325","0","45.85","22.15"
"10","005","00","018","1801","0461","142","72","70","7","149","325","0","45.85","22.15"
"10","005","00","018","1802","0000","715","431","284","59","774","1150","0","67.3","37.48"
"10","005","00","018","1802","0462","270","154","116","16","286","484","0","59.09","31.82"
"10","005","00","018","1802","0463","445","277","168","43","488","666","0","73.27","41.59"
"10","005","00","018","1803","0000","526","350","176","39","565","907","0","62.29","38.59"
"10","005","00","018","1803","0464","358","242","116","31","389","574","0","67.77","42.16"
"10","005","00","018","1803","0465","168","108","60","8","176","333","0","52.85","32.43"
"10","005","00","018","1804","0000","340","223","117","9","349","495","0","70.51","45.05"
"10","005","00","018","1804","0466","340","223","117","9","349","495","0","70.51","45.05"
"10","005","00","018","1805","0000","378","225","153","22","400","544","0","73.53","41.36"
"10","005","00","018","1805","0467","378","225","153","22","400","544","0","73.53","41.36"
"10","005","00","018","1806","0000","294","167","127","22","316","500","0","63.2","33.4"
"10","005","00","018","1806","0468","294","167","127","22","316","500","0","63.2","33.4"
"10","005","00","018","1807","0000","464","318","146","16","480","670","0","71.64","47.46"
"10","005","00","018","1807","0469","464","318","146","16","480","670","0","71.64","47.46"
"10","005","00","018","1808","0000","422","246","176","6","428","589","0","72.67","41.77"
"10","005","00","018","1808","0470","422","246","176","6","428","589","0","72.67","41.77"
"10","007","00","000","0000","0000","581295","356924","224371","35062","616357","1066994","1278437","57.77","33.45"
"10","007","00","001","0000","0000","110518","68788","41730","5319","115837","190995","232709","60.65","36.02"
"10","007","00","001","0101","0000","805","535","270","33","838","1295","0","64.71","41.31"
"10","007","00","001","0101","0117","411","275","136","20","431","662","0","65.11","41.54"
"10","007","00","001","0101","0118","394","260","134","13","407","633","0","64.3","41.07"
"10","007","00","001","0102","0000","3005","2002","1003","125","3130","5001","0","62.59","40.03"
"10","007","00","001","0102","0125","742","482","260","32","774","1263","0","61.28","38.16"
"10","007","00","001","0102","0126","785","543","242","43","828","1268","0","65.3","42.82"
"10","007","00","001","0102","0127","735","492","243","34","769","1258","0","61.13","39.11"
"10","007","00","001","0102","0128","743","485","258","16","759","1212","0","62.62","40.02"
"10","007","00","001","0103","0000","967","564","403","41","1008","1656","0","60.87","34.06"
"10","007","00","001","0103","0112","467","258","209","17","484","781","0","61.97","33.03"
"10","007","00","001","0103","0113","500","306","194","24","524","875","0","59.89","34.97"
"10","007","00","001","0104","0000","465","287","178","21","486","816","0","59.56","35.17"
"10","007","00","001","0104","0114","465","287","178","21","486","816","0","59.56","35.17"
"10","007","00","001","0105","0000","871","606","265","51","922","1414","0","65.21","42.86"
"10","007","00","001","0105","0115","420","319","101","27","447","687","0","65.07","46.43"
"10","007","00","001","0105","0116","451","287","164","24","475","727","0","65.34","39.48"
"10","007","00","001","0106","0000","1029","658","371","57","1086","1759","0","61.74","37.41"
"10","007","00","001","0106","0119","563","353","210","31","594","906","0","65.56","38.96"
"10","007","00","001","0106","0120","466","305","161","26","492","853","0","57.68","35.76"
"10","007","00","001","0107","0000","2401","1530","871","113","2514","3986","0","63.07","38.38"
"10","007","00","001","0107","0121","619","384","235","31","650","1027","0","63.29","37.39"
"10","007","00","001","0107","0122","607","406","201","30","637","993","0","64.15","40.89"
"10","007","00","001","0107","0123","490","299","191","32","522","848","0","61.56","35.26"
"10","007","00","001","0107","0124","685","441","244","20","705","1118","0","63.06","39.45"
"10","007","00","001","0108","0000","2977","1860","1117","102","3079","5156","0","59.72","36.07"
"10","007","00","001","0108","0106","735","453","282","12","747","1156","0","64.62","39.19"
"10","007","00","001","0108","0107","719","430","289","36","755","1235","0","61.13","34.82"
"10","007","00","001","0108","0108","745","473","272","40","785","1376","0","57.05","34.38"
"10","007","00","001","0108","0109","778","504","274","14","792","1389","0","57.02","36.29"
"10","007","00","001","0109","0000","1064","668","396","53","1117","1705","0","65.51","39.18"
"10","007","00","001","0109","0110","527","324","203","32","559","846","0","66.08","38.3"
"10","007","00","001","0109","0111","537","344","193","21","558","859","0","64.96","40.05"
"10","007","00","001","0110","0000","1048","674","374","45","1093","1883","0","58.05","35.79"
"10","007","00","001","0110","0104","514","324","190","18","532","975","0","54.56","33.23"
"10","007","00","001","0110","0105","534","350","184","27","561","908","0","61.78","38.55"
"10","007","00","001","0111","0000","479","313","166","27","506","773","0","65.46","40.49"
"10","007","00","001","0111","0103","479","313","166","27","506","773","0","65.46","40.49"
"10","007","00","001","0112","0000","831","494","337","59","890","1420","0","62.68","34.79"
"10","007","00","001","0112","0101","420","261","159","27","447","692","0","64.6","37.72"
"10","007","00","001","0112","0102","411","233","178","32","443","728","0","60.85","32.01"
"10","007","00","001","0113","0000","536","334","202","40","576","893","0","64.5","37.4"
"10","007","00","001","0113","0099","536","334","202","40","576","893","0","64.5","37.4"
"10","007","00","001","0114","0000","447","279","168","19","466","691","0","67.44","40.38"
"10","007","00","001","0114","0098","447","279","168","19","466","691","0","67.44","40.38"
"10","007","00","001","0115","0000","422","279","143","38","460","733","0","62.76","38.06"
"10","007","00","001","0115","0100","422","279","143","38","460","733","0","62.76","38.06"
"10","007","00","001","0116","0000","584","304","280","38","622","910","0","68.35","33.41"
"10","007","00","001","0116","0054","584","304","280","38","622","910","0","68.35","33.41"
"10","007","00","001","0117","0000","472","294","178","27","499","771","0","64.72","38.13"
"10","007","00","001","0117","0051","472","294","178","27","499","771","0","64.72","38.13"
"10","007","00","001","0118","0000","510","295","215","26","536","868","0","61.75","33.99"
"10","007","00","001","0118","0052","510","295","215","26","536","868","0","61.75","33.99"
"10","007","00","001","0119","0000","643","401","242","45","688","1135","0","60.62","35.33"
"10","007","00","001","0119","0053","643","401","242","45","688","1135","0","60.62","35.33"
"10","007","00","001","0120","0000","2066","1306","760","90","2156","3360","0","64.17","38.87"
"10","007","00","001","0120","0056","644","382","262","29","673","1077","0","62.49","35.47"
"10","007","00","001","0120","0057","794","500","294","35","829","1258","0","65.9","39.75"
"10","007","00","001","0120","0058","628","424","204","26","654","1025","0","63.8","41.37"
"10","007","00","001","0121","0000","2122","1342","780","113","2235","3648","0","61.27","36.79"
"10","007","00","001","0121","0059","715","445","270","38","753","1177","0","63.98","37.81"
"10","007","00","001","0121","0060","697","436","261","31","728","1262","0","57.69","34.55"
"10","007","00","001","0121","0061","710","461","249","44","754","1209","0","62.37","38.13"
"10","007","00","001","0122","0000","668","407","261","37","705","1203","0","58.6","33.83"
"10","007","00","001","0122","0065","668","407","261","37","705","1203","0","58.6","33.83"
"10","007","00","001","0123","0000","1861","1221","640","78","1939","3145","0","61.65","38.82"
"10","007","00","001","0123","0062","631","393","238","29","660","1041","0","63.4","37.75"
"10","007","00","001","0123","0063","656","445","211","24","680","1075","0","63.26","41.4"
"10","007","00","001","0123","0064","574","383","191","25","599","1029","0","58.21","37.22"
"10","007","00","001","0124","0000","2274","1463","811","89","2363","4157","0","56.84","35.19"
"10","007","00","001","0124","0066","562","376","186","29","591","1014","0","58.28","37.08"
"10","007","00","001","0124","0067","621","395","226","25","646","1069","0","60.43","36.95"
"10","007","00","001","0124","0068","514","330","184","15","529","969","0","54.59","34.06"
"10","007","00","001","0124","0069","577","362","215","20","597","1105","0","54.03","32.76"
"10","007","00","001","0125","0000","619","368","251","21","640","1004","0","63.75","36.65"
"10","007","00","001","0125","0055","619","368","251","21","640","1004","0","63.75","36.65"
"10","007","00","001","0126","0000","1967","1170","797","126","2093","3496","0","59.87","33.47"
"10","007","00","001","0126","0090","665","407","258","30","695","1201","0","57.87","33.89"
"10","007","00","001","0126","0091","620","357","263","47","667","1057","0","63.1","33.77"
"10","007","00","001","0126","0092","682","406","276","49","731","1238","0","59.05","32.79"
"10","007","00","001","0127","0000","1206","779","427","85","1291","2130","0","60.61","36.57"
"10","007","00","001","0127","0088","641","418","223","40","681","1153","0","59.06","36.25"
"10","007","00","001","0127","0089","565","361","204","45","610","977","0","62.44","36.95"
"10","007","00","001","0128","0000","1030","672","358","63","1093","1799","0","60.76","37.35"
"10","007","00","001","0128","0086","437","291","146","32","469","799","0","58.7","36.42"
"10","007","00","001","0128","0087","593","381","212","31","624","1000","0","62.4","38.1"
"10","007","00","001","0129","0000","1629","1085","544","109","1738","3091","0","56.23","35.1"
"10","007","00","001","0129","0083","508","300","208","41","549","890","0","61.69","33.71"
"10","007","00","001","0129","0084","506","406","100","47","553","1104","0","50.09","36.78"
"10","007","00","001","0129","0085","615","379","236","21","636","1097","0","57.98","34.55"
"10","007","00","001","0130","0000","1961","1223","738","104","2065","3297","0","62.63","37.09"
"10","007","00","001","0130","0093","706","453","253","41","747","1210","0","61.74","37.44"
"10","007","00","001","0130","0094","610","389","221","28","638","1026","0","62.18","37.91"
"10","007","00","001","0130","0095","645","381","264","35","680","1061","0","64.09","35.91"
"10","007","00","001","0131","0000","2553","1546","1007","111","2664","4213","0","63.23","36.7"
"10","007","00","001","0131","0070","603","376","227","32","635","981","0","64.73","38.33"
"10","007","00","001","0131","0071","661","393","268","39","700","1095","0","63.93","35.89"
"10","007","00","001","0131","0072","655","431","224","23","678","1087","0","62.37","39.65"
"10","007","00","001","0131","0073","634","346","288","17","651","1050","0","62.0","32.95"
"10","007","00","001","0132","0000","1336","859","477","73","1409","2545","0","55.36","33.75"
"10","007","00","001","0132","0001","416","315","101","17","433","871","0","49.71","36.17"
"10","007","00","001","0132","0002","339","210","129","26","365","751","0","48.6","27.96"
"10","007","00","001","0132","0003","581","334","247","30","611","923","0","66.2","36.19"
"10","007","00","001","0133","0000","1439","901","538","62","1501","2477","0","60.6","36.37"
"10","007","00","001","0133","0096","687","430","257","38","725","1213","0","59.77","35.45"
"10","007","00","001","0133","0097","752","471","281","24","776","1264","0","61.39","37.26"
"10","007","00","001","0134","0000","906","543","363","57","963","1558","0","61.81","34.85"
"10","007","00","001","0134","0004","453","276","177","31","484","779","0","62.13","35.43"
"10","007","00","001","0134","0005","453","267","186","26","479","779","0","61.49","34.27"
"10","007","00","001","0135","0000","552","336","216","37","589","1027","0","57.35","32.72"
"10","007","00","001","0135","0010","552","336","216","37","589","1027","0","57.35","32.72"
"10","007","00","001","0136","0000","677","433","244","35","712","1249","0","57.01","34.67"
"10","007","00","001","0136","0011","677","433","244","35","712","1249","0","57.01","34.67"
"10","007","00","001","0137","0000","1093","685","408","74","1167","1814","0","64.33","37.76"
"10","007","00","001","0137","0008","470","290","180","34","504","767","0","65.71","37.81"
"10","007","00","001","0137","0009","623","395","228","40","663","1047","0","63.32","37.73"
"10","007","00","001","0138","0000","844","521","323","39","883","1469","0","60.11","35.47"
"10","007","00","001","0138","0006","419","260","159","17","436","720","0","60.56","36.11"
"10","007","00","001","0138","0007","425","261","164","22","447","749","0","59.68","34.85"
"10","007","00","001","0139","0000","4402","2703","1699","155","4557","7563","0","60.25","35.74"
"10","007","00","001","0139","0035","577","357","220","17","594","1045","0","56.84","34.16"
"10","007","00","001","0139","0036","639","386","253","11","650","1097","0","59.25","35.19"
"10","007","00","001","0139","0037","669","420","249","28","697","1190","0","58.57","35.29"
"10","007","00","001","0139","0038","673","418","255","20","693","1106","0","62.66","37.79"
"10","007","00","001","0139","0039","638","384","254","25","663","1097","0","60.44","35.0"
"10","007","00","001","0139","0040","609","354","255","33","642","1048","0","61.26","33.78"
"10","007","00","001","0139","0041","597","384","213","21","618","980","0","63.06","39.18"
"10","007","00","001","0140","0000","898","544","354","41","939","1516","0","61.94","35.88"
"10","007","00","001","0140","0042","433","259","174","15","448","707","0","63.37","36.63"
"10","007","00","001","0140","0043","465","285","180","26","491","809","0","60.69","35.23"
"10","007","00","001","0141","0000","2779","1732","1047","120","2899","4896","0","59.21","35.38"
"10","007","00","001","0141","0025","667","430","237","34","701","1207","0","58.08","35.63"
"10","007","00","001","0141","0026","664","424","240","30","694","1161","0","59.78","36.52"
"10","007","00","001","0141","0027","641","388","253","28","669","1166","0","57.38","33.28"
"10","007","00","001","0141","0028","807","490","317","28","835","1362","0","61.31","35.98"
"10","007","00","001","0142","0000","4156","2573","1583","166","4322","7131","0","60.61","36.08"
"10","007","00","001","0142","0029","736","447","289","36","772","1236","0","62.46","36.17"
"10","007","00","001","0142","0030","612","373","239","31","643","1065","0","60.38","35.02"
"10","007","00","001","0142","0031","691","428","263","32","723","1199","0","60.3","35.7"
"10","007","00","001","0142","0032","726","433","293","16","742","1233","0","60.18","35.12"
"10","007","00","001","0142","0033","700","462","238","24","724","1245","0","58.15","37.11"
"10","007","00","001","0142","0034","691","430","261","27","718","1153","0","62.27","37.29"
"10","007","00","001","0143","0000","1636","1000","636","76","1712","2928","0","58.47","34.15"
"10","007","00","001","0143","0045","484","292","192","30","514","901","0","57.05","32.41"
"10","007","00","001","0143","0046","531","327","204","20","551","951","0","57.94","34.38"
"10","007","00","001","0143","0047","621","381","240","26","647","1076","0","60.13","35.41"
"10","007","00","001","0144","0000","1681","1079","602","75","1756","2932","0","59.89","36.8"
"10","007","00","001","0144","0048","555","353","202","19","574","1022","0","56.16","34.54"
"10","007","00","001","0144","0049","522","337","185","28","550","894","0","61.52","37.7"
"10","007","00","001","0144","0050","604","389","215","28","632","1016","0","62.2","38.29"
"10","007","00","001","0145","0000","846","572","274","34","880","1409","0","62.46","40.6"
"10","007","00","001","0145","0014","470","296","174","18","488","766","0","63.71","38.64"
"10","007","00","001","0145","0015","376","276","100","16","392","643","0","60.96","42.92"
"10","007","00","001","0146","0000","1201","768","433","54","1255","2552","0","49.18","30.09"
"10","007","00","001","0146","0016","719","466","253","28","747","1251","0","59.71","37.25"
"10","007","00","001","0146","0017","482","302","180","26","508","1301","0","39.05","23.21"
"10","007","00","001","0147","0000","5068","3172","1896","171","5239","8589","0","61.0","36.93"
"10","007","00","001","0147","0018","749","471","278","28","777","1280","0","60.7","36.8"
"10","007","00","001","0147","0019","708","467","241","24","732","1179","0","62.09","39.61"
"10","007","00","001","0147","0020","658","426","232","31","689","1168","0","58.99","36.47"
"10","007","00","001","0147","0021","690","436","254","28","718","1218","0","58.95","35.8"
"10","007","00","001","0147","0022","866","551","315","17","883","1351","0","65.36","40.78"
"10","007","00","001","0147","0023","705","384","321","20","725","1204","0","60.22","31.89"
"10","007","00","001","0147","0024","692","437","255","23","715","1189","0","60.13","36.75"
"10","007","00","001","0148","0000","1350","905","445","55","1405","2305","0","60.95","39.26"
"10","007","00","001","0148","0012","658","442","216","21","679","1136","0","59.77","38.91"
"10","007","00","001","0148","0013","692","463","229","34","726","1169","0","62.1","39.61"
"10","007","00","001","0149","0000","598","361","237","35","633","1008","0","62.8","35.81"
"10","007","00","001","0149","0044","598","361","237","35","633","1008","0","62.8","35.81"
"10","007","00","001","0150","0000","1829","1147","682","90","1919","3262","0","58.83","35.16"
"10","007","00","001","0150","0177","590","364","226","33","623","1002","0","62.18","36.33"
"10","007","00","001","0150","0178","629","406","223","21","650","1148","0","56.62","35.37"
"10","007","00","001","0150","0179","610","377","233","36","646","1112","0","58.09","33.9"
"10","007","00","001","0151","0000","981","561","420","62","1043","1685","0","61.9","33.29"
"10","007","00","001","0151","0153","470","272","198","37","507","800","0","63.38","34.0"
"10","007","00","001","0151","0154","511","289","222","25","536","885","0","60.56","32.66"
"10","007","00","001","0152","0000","1104","698","406","50","1154","1903","0","60.64","36.68"
"10","007","00","001","0152","0174","526","340","186","23","549","930","0","59.03","36.56"
"10","007","00","001","0152","0175","578","358","220","27","605","973","0","62.18","36.79"
"10","007","00","001","0153","0000","1860","1002","858","65","1925","3282","0","58.65","30.53"
"10","007","00","001","0153","0155","615","370","245","16","631","1000","0","63.1","37.0"
"10","007","00","001","0153","0156","629","386","243","23","652","1159","0","56.26","33.3"
"10","007","00","001","0153","0157","616","246","370","26","642","1123","0","57.17","21.91"
"10","007","00","001","0154","0000","1698","1032","666","109","1807","2908","0","62.14","35.49"
"10","007","00","001","0154","0158","561","334","227","41","602","907","0","66.37","36.82"
"10","007","00","001","0154","0159","530","344","186","34","564","989","0","57.03","34.78"
"10","007","00","001","0154","0160","607","354","253","34","641","1012","0","63.34","34.98"
"10","007","00","001","0155","0000","3767","2311","1456","215","3982","6789","0","58.65","34.04"
"10","007","00","001","0155","0168","568","326","242","44","612","1120","0","54.64","29.11"
"10","007","00","001","0155","0169","672","422","250","27","699","1269","0","55.08","33.25"
"10","007","00","001","0155","0170","678","410","268","28","706","1159","0","60.91","35.38"
"10","007","00","001","0155","0171","680","429","251","46","726","1184","0","61.32","36.23"
"10","007","00","001","0155","0172","603","377","226","31","634","1089","0","58.22","34.62"
"10","007","00","001","0155","0173","566","347","219","39","605","968","0","62.5","35.85"
"10","007","00","001","0156","0000","1387","870","517","67","1454","2485","0","58.51","35.01"
"10","007","00","001","0156","0151","729","440","289","44","773","1372","0","56.34","32.07"
"10","007","00","001","0156","0152","658","430","228","23","681","1113","0","61.19","38.63"
"10","007","00","001","0157","0000","590","349","241","31","621","1184","0","52.45","29.48"
"10","007","00","001","0157","0176","590","349","241","31","621","1184","0","52.45","29.48"
"10","007","00","001","0158","0000","1461","881","580","110","1571","2445","0","64.25","36.03"
"10","007","00","001","0158","0165","480","297","183","31","511","770","0","66.36","38.57"
"10","007","00","001","0158","0166","520","301","219","37","557","889","0","62.65","33.86"
"10","007","00","001","0158","0167","461","283","178","42","503","786","0","63.99","36.01"
"10","007","00","001","0159","0000","738","463","275","46","784","1249","0","62.77","37.07"
"10","007","00","001","0159","0133","738","463","275","46","784","1249","0","62.77","37.07"
"10","007","00","001","0160","0000","529","336","193","44","573","924","0","62.01","36.36"
"10","007","00","001","0160","0129","529","336","193","44","573","924","0","62.01","36.36"
"10","007","00","001","0161","0000","1823","1119","704","74","1897","2873","0","66.03","38.95"
"10","007","00","001","0161","0130","579","353","226","22","601","939","0","64.0","37.59"
"10","007","00","001","0161","0131","616","379","237","32","648","953","0","68.0","39.77"
"10","007","00","001","0161","0132","628","387","241","20","648","981","0","66.06","39.45"
"10","007","00","001","0162","0000","4713","2996","1717","229","4942","8267","0","59.78","36.24"
"10","007","00","001","0162","0137","701","474","227","29","730","1156","0","63.15","41.0"
"10","007","00","001","0162","0138","720","432","288","24","744","1291","0","57.63","33.46"
"10","007","00","001","0162","0139","645","405","240","27","672","1139","0","59.0","35.56"
"10","007","00","001","0162","0140","668","426","242","34","702","1125","0","62.4","37.87"
"10","007","00","001","0162","0141","681","441","240","42","723","1258","0","57.47","35.06"
"10","007","00","001","0162","0142","637","403","234","31","668","1123","0","59.48","35.89"
"10","007","00","001","0162","0143","661","415","246","42","703","1175","0","59.83","35.32"
"10","007","00","001","0163","0000","1383","835","548","83","1466","2378","0","61.65","35.11"
"10","007","00","001","0163","0134","492","308","184","26","518","817","0","63.4","37.7"
"10","007","00","001","0163","0135","505","296","209","33","538","872","0","61.7","33.94"
"10","007","00","001","0163","0136","386","231","155","24","410","689","0","59.51","33.53"
"10","007","00","001","0164","0000","2370","1465","905","109","2479","4160","0","59.59","35.22"
"10","007","00","001","0164","0147","556","345","211","24","580","1003","0","57.83","34.4"
"10","007","00","001","0164","0148","527","342","185","19","546","915","0","59.67","37.38"
"10","007","00","001","0164","0149","635","400","235","33","668","1158","0","57.69","34.54"
"10","007","00","001","0164","0150","652","378","274","33","685","1084","0","63.19","34.87"
"10","007","00","001","0165","0000","1606","978","628","68","1674","2631","0","63.63","37.17"
"10","007","00","001","0165","0144","549","329","220","22","571","862","0","66.24","38.17"
"10","007","00","001","0165","0145","498","279","219","27","525","872","0","60.21","32.0"
"10","007","00","001","0165","0146","559","370","189","19","578","897","0","64.44","41.25"
"10","007","00","001","0166","0000","645","418","227","26","671","1161","0","57.8","36.0"
"10","007","00","001","0166","0184","645","418","227","26","671","1161","0","57.8","36.0"
"10","007","00","001","0167","0000","701","429","272","62","763","1276","0","59.8","33.62"
"10","007","00","001","0167","0183","701","429","272","62","763","1276","0","59.8","33.62"
"10","007","00","001","0168","0000","429","252","177","29","458","823","0","55.65","30.62"
"10","007","00","001","0168","0182","429","252","177","29","458","823","0","55.65","30.62"
"10","007","00","001","0169","0000","590","326","264","39","629","907","0","69.35","35.94"
"10","007","00","001","0169","0180","590","326","264","39","629","907","0","69.35","35.94"
"10","007","00","001","0170","0000","630","388","242","52","682","1112","0","61.33","34.89"
"10","007","00","001","0170","0181","630","388","242","52","682","1112","0","61.33","34.89"
"10","007","00","001","0171","0000","2535","1557","978","93","2628","4367","0","60.18","35.65"
"10","007","00","001","0171","0161","554","362","192","21","575","1033","0","55.66","35.04"
"10","007","00","001","0171","0162","650","387","263","32","682","1116","0","61.11","34.68"
"10","007","00","001","0171","0163","696","429","267","16","712","1154","0","61.7","37.18"
"10","007","00","001","0171","0164","635","379","256","24","659","1064","0","61.94","35.62"
"10","007","00","001","0172","0000","3092","1875","1217","126","3218","5370","0","59.93","34.92"
"10","007","00","001","0172","0074","745","444","301","26","771","1252","0","61.58","35.46"
"10","007","00","001","0172","0075","615","387","228","22","637","1113","0","57.23","34.77"
"10","007","00","001","0172","0076","608","365","243","28","636","1009","0","63.03","36.17"
"10","007","00","001","0172","0077","559","346","213","28","587","999","0","58.76","34.63"
"10","007","00","001","0172","0078","565","333","232","22","587","997","0","58.88","33.4"
"10","007","00","001","0173","0000","3083","1854","1229","95","3178","5178","0","61.38","35.81"
"10","007","00","001","0173","0079","721","424","297","22","743","1145","0","64.89","37.03"
"10","007","00","001","0173","0080","718","436","282","29","747","1227","0","60.88","35.53"
"10","007","00","001","0173","0081","736","434","302","23","759","1208","0","62.83","35.93"
"10","007","00","001","0173","0082","908","560","348","21","929","1598","0","58.14","35.04"
"10","007","00","002","0000","0000","38910","23865","15045","2357","41267","70505","86762","58.53","33.85"
"10","007","00","002","0201","0000","686","411","275","33","719","1140","0","63.07","36.05"
"10","007","00","002","0201","0243","686","411","275","33","719","1140","0","63.07","36.05"
"10","007","00","002","0202","0000","288","175","113","18","306","511","0","59.88","34.25"
"10","007","00","002","0202","0244","288","175","113","18","306","511","0","59.88","34.25"
"10","007","00","002","0203","0000","419","265","154","21","440","857","0","51.34","30.92"
"10","007","00","002","0203","0245","419","265","154","21","440","857","0","51.34","30.92"
"10","007","00","002","0204","0000","579","359","220","35","614","946","0","64.9","37.95"
"10","007","00","002","0204","0246","579","359","220","35","614","946","0","64.9","37.95"
"10","007","00","002","0205","0000","4255","2606","1649","247","4502","7584","0","59.36","34.36"
"10","007","00","002","0205","0302","671","424","247","61","732","1299","0","56.35","32.64"
"10","007","00","002","0205","0303","781","474","307","27","808","1298","0","62.25","36.52"
"10","007","00","002","0205","0304","805","520","285","33","838","1458","0","57.48","35.67"
"10","007","00","002","0205","0305","647","403","244","45","692","1138","0","60.81","35.41"
"10","007","00","002","0205","0306","640","362","278","46","686","1170","0","58.63","30.94"
"10","007","00","002","0205","0307","711","423","288","35","746","1221","0","61.1","34.64"
"10","007","00","002","0206","0000","2765","1743","1022","164","2929","5161","0","56.75","33.77"
"10","007","00","002","0206","0298","690","439","251","42","732","1227","0","59.66","35.78"
"10","007","00","002","0206","0299","676","438","238","44","720","1187","0","60.66","36.9"
"10","007","00","002","0206","0300","690","440","250","28","718","1296","0","55.4","33.95"
"10","007","00","002","0206","0301","709","426","283","50","759","1451","0","52.31","29.36"
"10","007","00","002","0207","0000","2692","1616","1076","131","2823","4946","0","57.08","32.67"
"10","007","00","002","0207","0247","536","315","221","29","565","945","0","59.79","33.33"
"10","007","00","002","0207","0248","628","384","244","31","659","1097","0","60.07","35.0"
"10","007","00","002","0207","0249","726","437","289","23","749","1479","0","50.64","29.55"
"10","007","00","002","0207","0250","802","480","322","48","850","1425","0","59.65","33.68"
"10","007","00","002","0208","0000","2399","1420","979","130","2529","4335","0","58.34","32.76"
"10","007","00","002","0208","0253","604","365","239","45","649","1047","0","61.99","34.86"
"10","007","00","002","0208","0254","594","334","260","16","610","1097","0","55.61","30.45"
"10","007","00","002","0208","0255","554","343","211","39","593","1030","0","57.57","33.3"
"10","007","00","002","0208","0256","647","378","269","30","677","1161","0","58.31","32.56"
"10","007","00","002","0209","0000","311","192","119","33","344","540","0","63.7","35.56"
"10","007","00","002","0209","0257","311","192","119","33","344","540","0","63.7","35.56"
"10","007","00","002","0210","0000","495","304","191","63","558","880","0","63.41","34.55"
"10","007","00","002","0210","0251","495","304","191","63","558","880","0","63.41","34.55"
"10","007","00","002","0211","0000","633","388","245","42","675","1183","0","57.06","32.8"
"10","007","00","002","0211","0252","633","388","245","42","675","1183","0","57.06","32.8"
"10","007","00","002","0212","0000","612","389","223","54","666","1127","0","59.09","34.52"
"10","007","00","002","0212","0262","612","389","223","54","666","1127","0","59.09","34.52"
"10","007","00","002","0213","0000","735","467","268","28","763","1178","0","64.77","39.64"
"10","007","00","002","0213","0263","735","467","268","28","763","1178","0","64.77","39.64"
"10","007","00","002","0214","0000","164","108","56","5","169","284","0","59.51","38.03"
"10","007","00","002","0214","0264","164","108","56","5","169","284","0","59.51","38.03"
"10","007","00","002","0215","0000","413","274","139","24","437","659","0","66.31","41.58"
"10","007","00","002","0215","0266","413","274","139","24","437","659","0","66.31","41.58"
"10","007","00","002","0216","0000","329","194","135","21","350","584","0","59.93","33.22"
"10","007","00","002","0216","0265","329","194","135","21","350","584","0","59.93","33.22"
"10","007","00","002","0217","0000","533","339","194","18","551","915","0","60.22","37.05"
"10","007","00","002","0217","0267","533","339","194","18","551","915","0","60.22","37.05"
"10","007","00","002","0218","0000","1336","840","496","75","1411","2208","0","63.9","38.04"
"10","007","00","002","0218","0268","649","410","239","29","678","1079","0","62.84","38.0"
"10","007","00","002","0218","0269","687","430","257","46","733","1129","0","64.92","38.09"
"10","007","00","002","0219","0000","2017","1181","836","150","2167","3820","0","56.73","30.92"
"10","007","00","002","0219","0286","765","469","296","54","819","1505","0","54.42","31.16"
"10","007","00","002","0219","0287","562","299","263","44","606","1092","0","55.49","27.38"
"10","007","00","002","0219","0288","690","413","277","52","742","1223","0","60.67","33.77"
"10","007","00","002","0220","0000","1342","828","514","65","1407","2575","0","54.64","32.16"
"10","007","00","002","0220","0289","762","488","274","23","785","1572","0","49.94","31.04"
"10","007","00","002","0220","0290","580","340","240","42","622","1003","0","62.01","33.9"
"10","007","00","002","0221","0000","2293","1442","851","97","2390","4070","0","58.72","35.43"
"10","007","00","002","0221","0295","843","499","344","41","884","1397","0","63.28","35.72"
"10","007","00","002","0221","0296","676","436","240","32","708","1229","0","57.61","35.48"
"10","007","00","002","0221","0297","774","507","267","24","798","1444","0","55.26","35.11"
"10","007","00","002","0222","0000","2321","1452","869","108","2429","4152","0","58.5","34.97"
"10","007","00","002","0222","0291","539","329","210","24","563","933","0","60.34","35.26"
"10","007","00","002","0222","0292","628","383","245","35","663","1093","0","60.66","35.04"
"10","007","00","002","0222","0293","498","307","191","19","517","907","0","57.0","33.85"
"10","007","00","002","0222","0294","656","433","223","30","686","1219","0","56.28","35.52"
"10","007","00","002","0223","0000","1750","1078","672","106","1856","3167","0","58.6","34.04"
"10","007","00","002","0223","0278","528","331","197","30","558","984","0","56.71","33.64"
"10","007","00","002","0223","0279","619","387","232","33","652","1018","0","64.05","38.02"
"10","007","00","002","0223","0280","603","360","243","43","646","1165","0","55.45","30.9"
"10","007","00","002","0224","0000","1090","666","424","89","1179","2181","0","54.06","30.54"
"10","007","00","002","0224","0281","566","338","228","51","617","1161","0","53.14","29.11"
"10","007","00","002","0224","0282","524","328","196","38","562","1020","0","55.1","32.16"
"10","007","00","002","0225","0000","1765","1131","634","128","1893","3066","0","61.74","36.89"
"10","007","00","002","0225","0283","579","372","207","37","616","1068","0","57.68","34.83"
"10","007","00","002","0225","0284","639","420","219","28","667","1024","0","65.14","41.02"
"10","007","00","002","0225","0285","547","339","208","63","610","974","0","62.63","34.8"
"10","007","00","002","0226","0000","1813","1105","708","145","1958","3557","0","55.05","31.07"
"10","007","00","002","0226","0272","563","329","234","69","632","1137","0","55.58","28.94"
"10","007","00","002","0226","0273","636","391","245","27","663","1195","0","55.48","32.72"
"10","007","00","002","0226","0274","614","385","229","49","663","1225","0","54.12","31.43"
"10","007","00","002","0227","0000","1019","651","368","71","1090","1979","0","55.08","32.9"
"10","007","00","002","0227","0270","664","416","248","44","708","1273","0","55.62","32.68"
"10","007","00","002","0227","0271","355","235","120","27","382","706","0","54.11","33.29"
"10","007","00","002","0228","0000","1351","721","630","121","1472","2438","0","60.38","29.57"
"10","007","00","002","0228","0275","584","254","330","46","630","957","0","65.83","26.54"
"10","007","00","002","0228","0276","355","221","134","46","401","758","0","52.9","29.16"
"10","007","00","002","0228","0277","412","246","166","29","441","723","0","61.0","34.02"
"10","007","00","002","0229","0000","2505","1520","985","135","2640","4462","0","59.17","34.07"
"10","007","00","002","0229","0258","615","365","250","31","646","1135","0","56.92","32.16"
"10","007","00","002","0229","0259","631","399","232","40","671","1155","0","58.1","34.55"
"10","007","00","002","0229","0260","669","395","274","30","699","1127","0","62.02","35.05"
"10","007","00","002","0229","0261","590","361","229","34","624","1045","0","59.71","34.55"
"10","007","00","003","0000","0000","40901","24610","16291","2138","43039","75286","90786","57.17","32.69"
"10","007","00","003","0301","0000","3106","1929","1177","147","3253","6061","0","53.67","31.83"
"10","007","00","003","0301","0373","705","432","273","36","741","1341","0","55.26","32.21"
"10","007","00","003","0301","0374","724","462","262","48","772","1480","0","52.16","31.22"
"10","007","00","003","0301","0375","819","507","312","40","859","1529","0","56.18","33.16"
"10","007","00","003","0301","0376","858","528","330","23","881","1711","0","51.49","30.86"
"10","007","00","003","0302","0000","2487","1495","992","117","2604","4313","0","60.38","34.66"
"10","007","00","003","0302","0377","597","347","250","23","620","1057","0","58.66","32.83"
"10","007","00","003","0302","0378","588","342","246","33","621","1032","0","60.17","33.14"
"10","007","00","003","0302","0379","599","370","229","29","628","1015","0","61.87","36.45"
"10","007","00","003","0302","0380","703","436","267","32","735","1209","0","60.79","36.06"
"10","007","00","003","0303","0000","243","153","90","9","252","430","0","58.6","35.58"
"10","007","00","003","0303","0381","243","153","90","9","252","430","0","58.6","35.58"
"10","007","00","003","0304","0000","1025","668","357","42","1067","1822","0","58.56","36.66"
"10","007","00","003","0304","0382","466","292","174","18","484","856","0","56.54","34.11"
"10","007","00","003","0304","0383","559","376","183","24","583","966","0","60.35","38.92"
"10","007","00","003","0305","0000","1716","1044","672","95","1811","3242","0","55.86","32.2"
"10","007","00","003","0305","0384","554","350","204","30","584","1059","0","55.15","33.05"
"10","007","00","003","0305","0385","602","355","247","34","636","1117","0","56.94","31.78"
"10","007","00","003","0305","0386","560","339","221","31","591","1066","0","55.44","31.8"
"10","007","00","003","0306","0000","1424","868","556","66","1490","2780","0","53.6","31.22"
"10","007","00","003","0306","0387","653","395","258","32","685","1252","0","54.71","31.55"
"10","007","00","003","0306","0388","771","473","298","34","805","1528","0","52.68","30.96"
"10","007","00","003","0307","0000","936","539","397","46","982","1680","0","58.45","32.08"
"10","007","00","003","0307","0389","470","261","209","26","496","826","0","60.05","31.6"
"10","007","00","003","0307","0390","466","278","188","20","486","854","0","56.91","32.55"
"10","007","00","003","0308","0000","492","293","199","28","520","860","0","60.47","34.07"
"10","007","00","003","0308","0429","492","293","199","28","520","860","0","60.47","34.07"
"10","007","00","003","0309","0000","1163","694","469","66","1229","2152","0","57.11","32.25"
"10","007","00","003","0309","0391","701","400","301","46","747","1387","0","53.86","28.84"
"10","007","00","003","0309","0392","462","294","168","20","482","765","0","63.01","38.43"
"10","007","00","003","0310","0000","1493","941","552","91","1584","2834","0","55.89","33.2"
"10","007","00","003","0310","0393","709","451","258","43","752","1438","0","52.29","31.36"
"10","007","00","003","0310","0394","784","490","294","48","832","1396","0","59.6","35.1"
"10","007","00","003","0311","0000","863","521","342","40","903","1467","0","61.55","35.51"
"10","007","00","003","0311","0395","372","222","150","16","388","658","0","58.97","33.74"
"10","007","00","003","0311","0396","491","299","192","24","515","809","0","63.66","36.96"
"10","007","00","003","0312","0000","971","632","339","35","1006","1820","0","55.27","34.73"
"10","007","00","003","0312","0397","510","332","178","9","519","932","0","55.69","35.62"
"10","007","00","003","0312","0398","461","300","161","26","487","888","0","54.84","33.78"
"10","007","00","003","0313","0000","1245","765","480","69","1314","2221","0","59.16","34.44"
"10","007","00","003","0313","0399","661","411","250","39","700","1144","0","61.19","35.93"
"10","007","00","003","0313","0400","584","354","230","30","614","1077","0","57.01","32.87"
"10","007","00","003","0314","0000","671","398","273","43","714","1349","0","52.93","29.5"
"10","007","00","003","0314","0401","671","398","273","43","714","1349","0","52.93","29.5"
"10","007","00","003","0315","0000","2783","1678","1105","116","2899","5134","0","56.47","32.68"
"10","007","00","003","0315","0402","691","401","290","31","722","1155","0","62.51","34.72"
"10","007","00","003","0315","0403","671","436","235","27","698","1253","0","55.71","34.8"
"10","007","00","003","0315","0404","666","407","259","27","693","1252","0","55.35","32.51"
"10","007","00","003","0315","0405","755","434","321","31","786","1474","0","53.32","29.44"
"10","007","00","003","0316","0000","1123","648","475","62","1185","1910","0","62.04","33.93"
"10","007","00","003","0316","0408","590","334","256","30","620","999","0","62.06","33.43"
"10","007","00","003","0316","0409","533","314","219","32","565","911","0","62.02","34.47"
"10","007","00","003","0317","0000","1448","890","558","68","1516","2632","0","57.6","33.81"
"10","007","00","003","0317","0412","738","447","291","28","766","1308","0","58.56","34.17"
"10","007","00","003","0317","0413","710","443","267","40","750","1324","0","56.65","33.46"
"10","007","00","003","0318","0000","1113","683","430","51","1164","1972","0","59.03","34.63"
"10","007","00","003","0318","0410","582","346","236","16","598","1005","0","59.5","34.43"
"10","007","00","003","0318","0411","531","337","194","35","566","967","0","58.53","34.85"
"10","007","00","003","0319","0000","1869","1122","747","121","1990","3437","0","57.9","32.64"
"10","007","00","003","0319","0414","617","356","261","42","659","1102","0","59.8","32.3"
"10","007","00","003","0319","0415","592","378","214","34","626","1124","0","55.69","33.63"
"10","007","00","003","0319","0416","660","388","272","45","705","1211","0","58.22","32.04"
"10","007","00","003","0320","0000","569","361","208","29","598","884","0","67.65","40.84"
"10","007","00","003","0320","0417","569","361","208","29","598","884","0","67.65","40.84"
"10","007","00","003","0321","0000","1309","605","704","79","1388","2419","0","57.38","25.01"
"10","007","00","003","0321","0418","613","303","310","37","650","1119","0","58.09","27.08"
"10","007","00","003","0321","0419","696","302","394","42","738","1300","0","56.77","23.23"
"10","007","00","003","0322","0000","1276","779","497","74","1350","2317","0","58.26","33.62"
"10","007","00","003","0322","0420","573","339","234","30","603","1104","0","54.62","30.71"
"10","007","00","003","0322","0421","703","440","263","44","747","1213","0","61.58","36.27"
"10","007","00","003","0323","0000","562","416","146","15","577","1127","0","51.2","36.91"
"10","007","00","003","0323","0422","562","416","146","15","577","1127","0","51.2","36.91"
"10","007","00","003","0324","0000","1633","949","684","85","1718","2864","0","59.99","33.14"
"10","007","00","003","0324","0423","503","282","221","25","528","919","0","57.45","30.69"
"10","007","00","003","0324","0424","566","351","215","32","598","987","0","60.59","35.56"
"10","007","00","003","0324","0425","564","316","248","28","592","958","0","61.8","32.99"
"10","007","00","003","0325","0000","2331","1442","889","85","2416","4228","0","57.14","34.11"
"10","007","00","003","0325","0426","760","490","270","32","792","1362","0","58.15","35.98"
"10","007","00","003","0325","0427","783","478","305","29","812","1461","0","55.58","32.72"
"10","007","00","003","0325","0428","788","474","314","24","812","1405","0","57.79","33.74"
"10","007","00","003","0326","0000","940","546","394","60","1000","1746","0","57.27","31.27"
"10","007","00","003","0326","0430","467","297","170","24","491","875","0","56.11","33.94"
"10","007","00","003","0326","0431","473","249","224","36","509","871","0","58.44","28.59"
"10","007","00","003","0327","0000","511","297","214","40","551","883","0","62.4","33.64"
"10","007","00","003","0327","0432","511","297","214","40","551","883","0","62.4","33.64"
"10","007","00","003","0328","0000","627","356","271","54","681","1224","0","55.64","29.08"
"10","007","00","003","0328","0433","627","356","271","54","681","1224","0","55.64","29.08"
"10","007","00","003","0329","0000","1075","622","453","69","1144","2031","0","56.33","30.63"
"10","007","00","003","0329","0434","571","328","243","30","601","1075","0","55.91","30.51"
"10","007","00","003","0329","0435","504","294","210","39","543","956","0","56.8","30.75"
"10","007","00","003","0330","0000","1663","951","712","95","1758","3071","0","57.25","30.97"
"10","007","00","003","0330","0436","553","304","249","37","590","1037","0","56.89","29.32"
"10","007","00","003","0330","0437","556","338","218","22","578","1011","0","57.17","33.43"
"10","007","00","003","0330","0438","554","309","245","36","590","1023","0","57.67","30.21"
"10","007","00","003","0331","0000","847","474","373","66","913","1632","0","55.94","29.04"
"10","007","00","003","0331","0439","365","209","156","30","395","719","0","54.94","29.07"
"10","007","00","003","0331","0440","482","265","217","36","518","913","0","56.74","29.03"
"10","007","00","003","0332","0000","1387","851","536","75","1462","2744","0","53.28","31.01"
"10","007","00","003","0332","0406","684","415","269","47","731","1396","0","52.36","29.73"
"10","007","00","003","0332","0407","703","436","267","28","731","1348","0","54.23","32.34"
"10","007","00","004","0000","0000","7868","4751","3117","566","8434","14065","16872","59.96","33.78"
"10","007","00","004","0401","0000","1273","824","449","59","1332","2237","0","59.54","36.84"
"10","007","00","004","0401","0469","607","391","216","24","631","1071","0","58.92","36.51"
"10","007","00","004","0401","0470","666","433","233","35","701","1166","0","60.12","37.14"
"10","007","00","004","0402","0000","717","424","293","38","755","1269","0","59.5","33.41"
"10","007","00","004","0402","0471","717","424","293","38","755","1269","0","59.5","33.41"
"10","007","00","004","0403","0000","1276","769","507","97","1373","2266","0","60.59","33.94"
"10","007","00","004","0403","0472","607","381","226","44","651","1138","0","57.21","33.48"
"10","007","00","004","0403","0473","669","388","281","53","722","1128","0","64.01","34.4"
"10","007","00","004","0404","0000","694","409","285","78","772","1275","0","60.55","32.08"
"10","007","00","004","0404","0474","694","409","285","78","772","1275","0","60.55","32.08"
"10","007","00","004","0405","0000","661","390","271","48","709","1187","0","59.73","32.86"
"10","007","00","004","0405","0475","661","390","271","48","709","1187","0","59.73","32.86"
"10","007","00","004","0406","0000","1076","643","433","95","1171","1929","0","60.71","33.33"
"10","007","00","004","0406","0476","546","320","226","59","605","991","0","61.05","32.29"
"10","007","00","004","0406","0477","530","323","207","36","566","938","0","60.34","34.43"
"10","007","00","004","0407","0000","1346","796","550","97","1443","2561","0","56.35","31.08"
"10","007","00","004","0407","0478","632","376","256","51","683","1276","0","53.53","29.47"
"10","007","00","004","0407","0479","714","420","294","46","760","1285","0","59.14","32.68"
"10","007","00","004","0408","0000","825","496","329","54","879","1341","0","65.55","36.99"
"10","007","00","004","0408","0480","825","496","329","54","879","1341","0","65.55","36.99"
"10","007","00","005","0000","0000","16153","9720","6433","1105","17258","30407","37062","56.76","31.97"
"10","007","00","005","0501","0000","831","513","318","77","908","1700","0","53.41","30.18"
"10","007","00","005","0501","0456","436","274","162","42","478","854","0","55.97","32.08"
"10","007","00","005","0501","0457","395","239","156","35","430","846","0","50.83","28.25"
"10","007","00","005","0502","0000","531","308","223","80","611","1143","0","53.46","26.95"
"10","007","00","005","0502","0458","531","308","223","80","611","1143","0","53.46","26.95"
"10","007","00","005","0503","0000","736","446","290","40","776","1317","0","58.92","33.86"
"10","007","00","005","0503","0463","736","446","290","40","776","1317","0","58.92","33.86"
"10","007","00","005","0504","0000","987","573","414","83","1070","1912","0","55.96","29.97"
"10","007","00","005","0504","0447","466","264","202","44","510","904","0","56.42","29.2"
"10","007","00","005","0504","0448","521","309","212","39","560","1008","0","55.56","30.65"
"10","007","00","005","0505","0000","1115","678","437","77","1192","1993","0","59.81","34.02"
"10","007","00","005","0505","0453","598","359","239","51","649","1085","0","59.82","33.09"
"10","007","00","005","0505","0454","517","319","198","26","543","908","0","59.8","35.13"
"10","007","00","005","0506","0000","721","432","289","35","756","1264","0","59.81","34.18"
"10","007","00","005","0506","0455","721","432","289","35","756","1264","0","59.81","34.18"
"10","007","00","005","0507","0000","996","617","379","59","1055","1839","0","57.37","33.55"
"10","007","00","005","0507","0443","537","330","207","26","563","966","0","58.28","34.16"
"10","007","00","005","0507","0444","459","287","172","33","492","873","0","56.36","32.88"
"10","007","00","005","0508","0000","914","552","362","70","984","1687","0","58.33","32.72"
"10","007","00","005","0508","0445","455","293","162","38","493","812","0","60.71","36.08"
"10","007","00","005","0508","0446","459","259","200","32","491","875","0","56.11","29.6"
"10","007","00","005","0509","0000","1349","847","502","117","1466","2640","0","55.53","32.08"
"10","007","00","005","0509","0449","630","381","249","53","683","1154","0","59.19","33.02"
"10","007","00","005","0509","0450","719","466","253","64","783","1486","0","52.69","31.36"
"10","007","00","005","0510","0000","2733","1593","1140","151","2884","5139","0","56.12","31.0"
"10","007","00","005","0510","0459","734","425","309","27","761","1357","0","56.08","31.32"
"10","007","00","005","0510","0460","707","390","317","45","752","1349","0","55.74","28.91"
"10","007","00","005","0510","0461","628","391","237","48","676","1154","0","58.58","33.88"
"10","007","00","005","0510","0462","664","387","277","31","695","1279","0","54.34","30.26"
"10","007","00","005","0511","0000","1113","671","442","53","1166","2182","0","53.44","30.75"
"10","007","00","005","0511","0451","574","351","223","36","610","1095","0","55.71","32.05"
"10","007","00","005","0511","0452","539","320","219","17","556","1087","0","51.15","29.44"
"10","007","00","005","0512","0000","1245","742","503","84","1329","2348","0","56.6","31.6"
"10","007","00","005","0512","0441","560","321","239","49","609","1182","0","51.52","27.16"
"10","007","00","005","0512","0442","685","421","264","35","720","1166","0","61.75","36.11"
"10","007","00","005","0513","0000","1719","1048","671","74","1793","3020","0","59.37","34.7"
"10","007","00","005","0513","0464","569","347","222","38","607","990","0","61.31","35.05"
"10","007","00","005","0513","0465","486","308","178","20","506","852","0","59.39","36.15"
"10","007","00","005","0513","0466","664","393","271","16","680","1178","0","57.72","33.36"
"10","007","00","005","0514","0000","1163","700","463","105","1268","2223","0","57.04","31.49"
"10","007","00","005","0514","0467","558","335","223","60","618","1088","0","56.8","30.79"
"10","007","00","005","0514","0468","605","365","240","45","650","1135","0","57.27","32.16"
"10","007","00","006","0000","0000","20459","12923","7536","1253","21712","39745","47166","54.63","32.51"
"10","007","00","006","0601","0000","759","479","280","41","800","1492","0","53.62","32.1"
"10","007","00","006","0601","0319","759","479","280","41","800","1492","0","53.62","32.1"
"10","007","00","006","0602","0000","658","408","250","28","686","1458","0","47.05","27.98"
"10","007","00","006","0602","0318","658","408","250","28","686","1458","0","47.05","27.98"
"10","007","00","006","0603","0000","621","343","278","41","662","1251","0","52.92","27.42"
"10","007","00","006","0603","0313","621","343","278","41","662","1251","0","52.92","27.42"
"10","007","00","006","0604","0000","722","436","286","46","768","1464","0","52.46","29.78"
"10","007","00","006","0604","0312","722","436","286","46","768","1464","0","52.46","29.78"
"10","007","00","006","0605","0000","580","328","252","59","639","1166","0","54.8","28.13"
"10","007","00","006","0605","0311","580","328","252","59","639","1166","0","54.8","28.13"
"10","007","00","006","0606","0000","602","382","220","66","668","1256","0","53.18","30.41"
"10","007","00","006","0606","0310","602","382","220","66","668","1256","0","53.18","30.41"
"10","007","00","006","0607","0000","728","402","326","39","767","1363","0","56.27","29.49"
"10","007","00","006","0607","0308","728","402","326","39","767","1363","0","56.27","29.49"
"10","007","00","006","0608","0000","446","256","190","23","469","821","0","57.13","31.18"
"10","007","00","006","0608","0309","446","256","190","23","469","821","0","57.13","31.18"
"10","007","00","006","0609","0000","1199","702","497","58","1257","2425","0","51.84","28.95"
"10","007","00","006","0609","0314","742","435","307","37","779","1465","0","53.17","29.69"
"10","007","00","006","0609","0315","457","267","190","21","478","960","0","49.79","27.81"
"10","007","00","006","0610","0000","1375","886","489","94","1469","2688","0","54.65","32.96"
"10","007","00","006","0610","0316","662","422","240","53","715","1323","0","54.04","31.9"
"10","007","00","006","0610","0317","713","464","249","41","754","1365","0","55.24","33.99"
"10","007","00","006","0611","0000","1251","763","488","62","1313","2477","0","53.01","30.8"
"10","007","00","006","0611","0324","538","309","229","36","574","1085","0","52.9","28.48"
"10","007","00","006","0611","0325","713","454","259","26","739","1392","0","53.09","32.61"
"10","007","00","006","0612","0000","654","432","222","42","696","1216","0","57.24","35.53"
"10","007","00","006","0612","0331","654","432","222","42","696","1216","0","57.24","35.53"
"10","007","00","006","0613","0000","535","342","193","29","564","1063","0","53.06","32.17"
"10","007","00","006","0613","0332","535","342","193","29","564","1063","0","53.06","32.17"
"10","007","00","006","0614","0000","1184","790","394","93","1277","2229","0","57.29","35.44"
"10","007","00","006","0614","0339","623","414","209","49","672","1079","0","62.28","38.37"
"10","007","00","006","0614","0340","561","376","185","44","605","1150","0","52.61","32.7"
"10","007","00","006","0615","0000","1022","633","389","55","1077","1921","0","56.06","32.95"
"10","007","00","006","0615","0337","534","347","187","24","558","926","0","60.26","37.47"
"10","007","00","006","0615","0338","488","286","202","31","519","995","0","52.16","28.74"
"10","007","00","006","0616","0000","1222","804","418","76","1298","2305","0","56.31","34.88"
"10","007","00","006","0616","0335","532","335","197","26","558","994","0","56.14","33.7"
"10","007","00","006","0616","0336","690","469","221","50","740","1311","0","56.45","35.77"
"10","007","00","006","0617","0000","573","371","202","41","614","1287","0","47.71","28.83"
"10","007","00","006","0617","0334","573","371","202","41","614","1287","0","47.71","28.83"
"10","007","00","006","0618","0000","656","406","250","48","704","1306","0","53.91","31.09"
"10","007","00","006","0618","0333","656","406","250","48","704","1306","0","53.91","31.09"
"10","007","00","006","0619","0000","2111","1371","740","99","2210","3672","0","60.19","37.34"
"10","007","00","006","0619","0326","730","500","230","45","775","1316","0","58.89","37.99"
"10","007","00","006","0619","0327","731","463","268","29","760","1255","0","60.56","36.89"
"10","007","00","006","0619","0328","650","408","242","25","675","1101","0","61.31","37.06"
"10","007","00","006","0620","0000","1306","835","471","84","1390","2560","0","54.3","32.62"
"10","007","00","006","0620","0329","602","406","196","50","652","1167","0","55.87","34.79"
"10","007","00","006","0620","0330","704","429","275","34","738","1393","0","52.98","30.8"
"10","007","00","006","0621","0000","1187","738","449","75","1262","2383","0","52.96","30.97"
"10","007","00","006","0621","0322","495","311","184","27","522","1043","0","50.05","29.82"
"10","007","00","006","0621","0323","692","427","265","48","740","1340","0","55.22","31.87"
"10","007","00","006","0622","0000","1068","816","252","54","1122","1942","0","57.78","42.02"
"10","007","00","006","0622","0320","468","316","152","20","488","888","0","54.95","35.59"
"10","007","00","006","0622","0321","600","500","100","34","634","1054","0","60.15","47.44"
"10","007","00","007","0000","0000","18221","11216","7005","1120","19341","32394","39300","59.71","34.62"
"10","007","00","007","0701","0000","968","798","170","96","1064","1686","0","63.11","47.33"
"10","007","00","007","0701","0341","599","572","27","68","667","1066","0","62.57","53.66"
"10","007","00","007","0701","0342","369","226","143","28","397","620","0","64.03","36.45"
"10","007","00","007","0702","0000","1155","723","432","38","1193","2072","0","57.58","34.89"
"10","007","00","007","0702","0343","449","278","171","9","458","876","0","52.28","31.74"
"10","007","00","007","0702","0344","706","445","261","29","735","1196","0","61.45","37.21"
"10","007","00","007","0703","0000","1458","883","575","88","1546","2642","0","58.52","33.42"
"10","007","00","007","0703","0345","753","449","304","36","789","1369","0","57.63","32.8"
"10","007","00","007","0703","0346","705","434","271","52","757","1273","0","59.47","34.09"
"10","007","00","007","0704","0000","1085","664","421","41","1126","1888","0","59.64","35.17"
"10","007","00","007","0704","0348","548","333","215","26","574","967","0","59.36","34.44"
"10","007","00","007","0704","0349","537","331","206","15","552","921","0","59.93","35.94"
"10","007","00","007","0705","0000","761","439","322","44","805","1433","0","56.18","30.64"
"10","007","00","007","0705","0347","761","439","322","44","805","1433","0","56.18","30.64"
"10","007","00","007","0706","0000","2250","1343","907","135","2385","3910","0","61.0","34.35"
"10","007","00","007","0706","0350","408","262","146","27","435","689","0","63.13","38.03"
"10","007","00","007","0706","0351","389","237","152","32","421","688","0","61.19","34.45"
"10","007","00","007","0706","0352","740","432","308","42","782","1252","0","62.46","34.5"
"10","007","00","007","0706","0353","713","412","301","34","747","1281","0","58.31","32.16"
"10","007","00","007","0707","0000","1713","1058","655","93","1806","3211","0","56.24","32.95"
"10","007","00","007","0707","0354","405","242","163","22","427","754","0","56.63","32.1"
"10","007","00","007","0707","0355","536","348","188","51","587","1024","0","57.32","33.98"
"10","007","00","007","0707","0356","772","468","304","20","792","1433","0","55.27","32.66"
"10","007","00","007","0708","0000","1335","777","558","90","1425","2261","0","63.03","34.37"
"10","007","00","007","0708","0357","832","483","349","49","881","1366","0","64.49","35.36"
"10","007","00","007","0708","0358","503","294","209","41","544","895","0","60.78","32.85"
"10","007","00","007","0709","0000","713","407","306","41","754","1386","0","54.4","29.37"
"10","007","00","007","0709","0359","713","407","306","41","754","1386","0","54.4","29.37"
"10","007","00","007","0710","0000","2638","1599","1039","183","2821","4454","0","63.34","35.9"
"10","007","00","007","0710","0360","486","312","174","58","544","896","0","60.71","34.82"
"10","007","00","007","0710","0361","510","309","201","30","540","804","0","67.16","38.43"
"10","007","00","007","0710","0362","504","316","188","20","524","827","0","63.36","38.21"
"10","007","00","007","0710","0363","564","339","225","29","593","996","0","59.54","34.04"
"10","007","00","007","0710","0364","574","323","251","46","620","931","0","66.6","34.69"
"10","007","00","007","0711","0000","1116","670","446","61","1177","1944","0","60.55","34.47"
"10","007","00","007","0711","0365","386","229","157","23","409","715","0","57.2","32.03"
"10","007","00","007","0711","0366","730","441","289","38","768","1229","0","62.49","35.88"
"10","007","00","007","0712","0000","909","523","386","63","972","1701","0","57.14","30.75"
"10","007","00","007","0712","0367","437","266","171","26","463","890","0","52.02","29.89"
"10","007","00","007","0712","0368","472","257","215","37","509","811","0","62.76","31.69"
"10","007","00","007","0713","0000","973","592","381","59","1032","1717","0","60.1","34.48"
"10","007","00","007","0713","0369","455","280","175","34","489","786","0","62.21","35.62"
"10","007","00","007","0713","0370","518","312","206","25","543","931","0","58.32","33.51"
"10","007","00","007","0714","0000","1147","740","407","88","1235","2089","0","59.12","35.42"
"10","007","00","007","0714","0371","728","463","265","45","773","1265","0","61.11","36.6"
"10","007","00","007","0714","0372","419","277","142","43","462","824","0","56.07","33.62"
"10","007","00","008","0000","0000","22094","14186","7908","1169","23263","38924","45922","59.77","36.45"
"10","007","00","008","0801","0000","1868","1181","687","73","1941","3257","0","59.59","36.26"
"10","007","00","008","0801","0185","527","356","171","26","553","901","0","61.38","39.51"
"10","007","00","008","0801","0186","621","371","250","34","655","1042","0","62.86","35.6"
"10","007","00","008","0801","0187","720","454","266","13","733","1314","0","55.78","34.55"
"10","007","00","008","0802","0000","1043","692","351","62","1105","1827","0","60.48","37.88"
"10","007","00","008","0802","0188","484","319","165","32","516","808","0","63.86","39.48"
"10","007","00","008","0802","0189","559","373","186","30","589","1019","0","57.8","36.6"
"10","007","00","008","0803","0000","1353","1004","349","104","1457","2384","0","61.12","42.11"
"10","007","00","008","0803","0190","663","434","229","49","712","1144","0","62.24","37.94"
"10","007","00","008","0803","0191","690","570","120","55","745","1240","0","60.08","45.97"
"10","007","00","008","0804","0000","680","452","228","29","709","1095","0","64.75","41.28"
"10","007","00","008","0804","0193","680","452","228","29","709","1095","0","64.75","41.28"
"10","007","00","008","0805","0000","837","591","246","43","880","1425","0","61.75","41.47"
"10","007","00","008","0805","0192","837","591","246","43","880","1425","0","61.75","41.47"
"10","007","00","008","0806","0000","1099","751","348","65","1164","1892","0","61.52","39.69"
"10","007","00","008","0806","0194","512","339","173","37","549","910","0","60.33","37.25"
"10","007","00","008","0806","0195","587","412","175","28","615","982","0","62.63","41.96"
"10","007","00","008","0807","0000","478","305","173","28","506","764","0","66.23","39.92"
"10","007","00","008","0807","0198","478","305","173","28","506","764","0","66.23","39.92"
"10","007","00","008","0808","0000","965","581","384","37","1002","1770","0","56.61","32.82"
"10","007","00","008","0808","0196","580","345","235","20","600","1070","0","56.07","32.24"
"10","007","00","008","0808","0197","385","236","149","17","402","700","0","57.43","33.71"
"10","007","00","008","0809","0000","2801","1858","943","129","2930","4967","0","58.99","37.41"
"10","007","00","008","0809","0207","608","378","230","29","637","1169","0","54.49","32.34"
"10","007","00","008","0809","0208","727","475","252","44","771","1274","0","60.52","37.28"
"10","007","00","008","0809","0209","760","514","246","29","789","1280","0","61.64","40.16"
"10","007","00","008","0809","0210","706","491","215","27","733","1244","0","58.92","39.47"
"10","007","00","008","0810","0000","1715","1100","615","96","1811","3038","0","59.61","36.21"
"10","007","00","008","0810","0199","575","361","214","32","607","953","0","63.69","37.88"
"10","007","00","008","0810","0200","539","337","202","18","557","974","0","57.19","34.6"
"10","007","00","008","0810","0201","601","402","199","46","647","1111","0","58.24","36.18"
"10","007","00","008","0811","0000","2558","1626","932","131","2689","4576","0","58.76","35.53"
"10","007","00","008","0811","0202","633","434","199","43","676","1101","0","61.4","39.42"
"10","007","00","008","0811","0203","598","368","230","26","624","1110","0","56.22","33.15"
"10","007","00","008","0811","0204","695","442","253","41","736","1262","0","58.32","35.02"
"10","007","00","008","0811","0205","632","382","250","21","653","1103","0","59.2","34.63"
"10","007","00","008","0812","0000","668","419","249","42","710","1347","0","52.71","31.11"
"10","007","00","008","0812","0206","668","419","249","42","710","1347","0","52.71","31.11"
"10","007","00","008","0813","0000","1873","1040","833","101","1974","3312","0","59.6","31.4"
"10","007","00","008","0813","0211","643","265","378","43","686","1159","0","59.19","22.86"
"10","007","00","008","0813","0212","629","392","237","29","658","1042","0","63.15","37.62"
"10","007","00","008","0813","0213","601","383","218","29","630","1111","0","56.71","34.47"
"10","007","00","008","0814","0000","538","335","203","33","571","893","0","63.94","37.51"
"10","007","00","008","0814","0214","538","335","203","33","571","893","0","63.94","37.51"
"10","007","00","008","0815","0000","533","329","204","34","567","953","0","59.5","34.52"
"10","007","00","008","0815","0215","533","329","204","34","567","953","0","59.5","34.52"
"10","007","00","008","0816","0000","1100","668","432","73","1173","1912","0","61.35","34.94"
"10","007","00","008","0816","0216","533","321","212","31","564","987","0","57.14","32.52"
"10","007","00","008","0816","0217","567","347","220","42","609","925","0","65.84","37.51"
"10","007","00","008","0817","0000","1063","677","386","45","1108","1906","0","58.13","35.52"
"10","007","00","008","0817","0218","537","345","192","24","561","951","0","58.99","36.28"
"10","007","00","008","0817","0219","526","332","194","21","547","955","0","57.28","34.76"
"10","007","00","008","0818","0000","922","577","345","44","966","1606","0","60.15","35.93"
"10","007","00","008","0818","0220","516","336","180","30","546","895","0","61.01","37.54"
"10","007","00","008","0818","0221","406","241","165","14","420","711","0","59.07","33.9"
"10","007","00","009","0000","0000","10674","6526","4148","743","11417","20408","23594","55.94","31.98"
"10","007","00","009","0901","0000","943","594","349","52","995","1752","0","56.79","33.9"
"10","007","00","009","0901","0222","519","345","174","19","538","958","0","56.16","36.01"
"10","007","00","009","0901","0223","424","249","175","33","457","794","0","57.56","31.36"
"10","007","00","009","0902","0000","682","390","292","65","747","1415","0","52.79","27.56"
"10","007","00","009","0902","0224","682","390","292","65","747","1415","0","52.79","27.56"
"10","007","00","009","0903","0000","979","614","365","60","1039","1758","0","59.1","34.93"
"10","007","00","009","0903","0225","533","336","197","32","565","927","0","60.95","36.25"
"10","007","00","009","0903","0226","446","278","168","28","474","831","0","57.04","33.45"
"10","007","00","009","0904","0000","1249","747","502","90","1339","2465","0","54.32","30.3"
"10","007","00","009","0904","0228","615","354","261","41","656","1227","0","53.46","28.85"
"10","007","00","009","0904","0229","634","393","241","49","683","1238","0","55.17","31.74"
"10","007","00","009","0905","0000","1263","781","482","112","1375","2351","0","58.49","33.22"
"10","007","00","009","0905","0230","720","426","294","67","787","1362","0","57.78","31.28"
"10","007","00","009","0905","0231","543","355","188","45","588","989","0","59.45","35.89"
"10","007","00","009","0906","0000","1007","636","371","67","1074","1661","0","64.66","38.29"
"10","007","00","009","0906","0232","631","386","245","42","673","1054","0","63.85","36.62"
"10","007","00","009","0906","0233","376","250","126","25","401","607","0","66.06","41.19"
"10","007","00","009","0907","0000","507","298","209","29","536","882","0","60.77","33.79"
"10","007","00","009","0907","0234","507","298","209","29","536","882","0","60.77","33.79"
"10","007","00","009","0908","0000","533","342","191","27","560","1143","0","48.99","29.92"
"10","007","00","009","0908","0235","533","342","191","27","560","1143","0","48.99","29.92"
"10","007","00","009","0909","0000","324","207","117","19","343","661","0","51.89","31.32"
"10","007","00","009","0909","0236","324","207","117","19","343","661","0","51.89","31.32"
"10","007","00","009","0910","0000","849","523","326","25","874","1685","0","51.87","31.04"
"10","007","00","009","0910","0237","423","286","137","5","428","838","0","51.07","34.13"
"10","007","00","009","0910","0238","426","237","189","20","446","847","0","52.66","27.98"
"10","007","00","009","0911","0000","554","335","219","38","592","987","0","59.98","33.94"
"10","007","00","009","0911","0239","554","335","219","38","592","987","0","59.98","33.94"
"10","007","00","009","0912","0000","589","364","225","52","641","1217","0","52.67","29.91"
"10","007","00","009","0912","0240","589","364","225","52","641","1217","0","52.67","29.91"
"10","007","00","009","0913","0000","393","234","159","56","449","865","0","51.91","27.05"
"10","007","00","009","0913","0241","393","234","159","56","449","865","0","51.91","27.05"
"10","007","00","009","0914","0000","478","268","210","38","516","996","0","51.81","26.91"
"10","007","00","009","0914","0242","478","268","210","38","516","996","0","51.81","26.91"
"10","007","00","009","0915","0000","324","193","131","13","337","570","0","59.12","33.86"
"10","007","00","009","0915","0227","324","193","131","13","337","570","0","59.12","33.86"
"10","007","00","010","0000","0000","55420","33660","21760","2842","58262","102028","124755","57.1","32.99"
"10","007","00","010","1001","0000","585","353","232","33","618","1063","0","58.14","33.21"
"10","007","00","010","1001","0504","585","353","232","33","618","1063","0","58.14","33.21"
"10","007","00","010","1002","0000","1552","971","581","73","1625","2788","0","58.29","34.83"
"10","007","00","010","1002","0505","503","303","200","15","518","925","0","56.0","32.76"
"10","007","00","010","1002","0506","528","337","191","31","559","947","0","59.03","35.59"
"10","007","00","010","1002","0507","521","331","190","27","548","916","0","59.83","36.14"
"10","007","00","010","1003","0000","1759","1156","603","33","1792","3174","0","56.46","36.42"
"10","007","00","010","1003","0528","481","316","165","10","491","867","0","56.63","36.45"
"10","007","00","010","1003","0529","656","431","225","23","679","1201","0","56.54","35.89"
"10","007","00","010","1003","0530","622","409","213","0","622","1106","0","56.24","36.98"
"10","007","00","010","1004","0000","1444","973","471","90","1534","2588","0","59.27","37.6"
"10","007","00","010","1004","0531","471","291","180","35","506","845","0","59.88","34.44"
"10","007","00","010","1004","0532","497","392","105","29","526","894","0","58.84","43.85"
"10","007","00","010","1004","0533","476","290","186","26","502","849","0","59.13","34.16"
"10","007","00","010","1005","0000","447","279","168","28","475","747","0","63.59","37.35"
"10","007","00","010","1005","0534","447","279","168","28","475","747","0","63.59","37.35"
"10","007","00","010","1006","0000","1490","918","572","77","1567","2824","0","55.49","32.51"
"10","007","00","010","1006","0535","516","308","208","32","548","884","0","61.99","34.84"
"10","007","00","010","1006","0536","445","287","158","28","473","900","0","52.56","31.89"
"10","007","00","010","1006","0537","529","323","206","17","546","1040","0","52.5","31.06"
"10","007","00","010","1007","0000","460","270","190","15","475","831","0","57.16","32.49"
"10","007","00","010","1007","0538","460","270","190","15","475","831","0","57.16","32.49"
"10","007","00","010","1008","0000","358","213","145","34","392","591","0","66.33","36.04"
"10","007","00","010","1008","0539","358","213","145","34","392","591","0","66.33","36.04"
"10","007","00","010","1009","0000","995","489","506","47","1042","1849","0","56.35","26.45"
"10","007","00","010","1009","0508","448","150","298","30","478","862","0","55.45","17.4"
"10","007","00","010","1009","0509","547","339","208","17","564","987","0","57.14","34.35"
"10","007","00","010","1010","0000","3119","1876","1243","142","3261","5677","0","57.44","33.05"
"10","007","00","010","1010","0510","564","349","215","32","596","1085","0","54.93","32.17"
"10","007","00","010","1010","0511","613","368","245","25","638","1110","0","57.48","33.15"
"10","007","00","010","1010","0512","572","354","218","16","588","1095","0","53.7","32.33"
"10","007","00","010","1010","0513","753","446","307","31","784","1278","0","61.35","34.9"
"10","007","00","010","1010","0514","617","359","258","38","655","1109","0","59.06","32.37"
"10","007","00","010","1011","0000","1252","753","499","84","1336","2487","0","53.72","30.28"
"10","007","00","010","1011","0561","578","373","205","55","633","1131","0","55.97","32.98"
"10","007","00","010","1011","0562","674","380","294","29","703","1356","0","51.84","28.02"
"10","007","00","010","1012","0000","2361","1370","991","130","2491","4191","0","59.44","32.69"
"10","007","00","010","1012","0563","725","427","298","50","775","1370","0","56.57","31.17"
"10","007","00","010","1012","0564","597","323","274","39","636","1090","0","58.35","29.63"
"10","007","00","010","1012","0565","517","301","216","19","536","821","0","65.29","36.66"
"10","007","00","010","1012","0566","522","319","203","22","544","910","0","59.78","35.05"
"10","007","00","010","1013","0000","2775","1664","1111","119","2894","4993","0","57.96","33.33"
"10","007","00","010","1013","0567","656","413","243","32","688","1203","0","57.19","34.33"
"10","007","00","010","1013","0568","745","413","332","32","777","1378","0","56.39","29.97"
"10","007","00","010","1013","0569","737","438","299","33","770","1352","0","56.95","32.4"
"10","007","00","010","1013","0570","637","400","237","22","659","1060","0","62.17","37.74"
"10","007","00","010","1014","0000","2374","1486","888","142","2516","4559","0","55.19","32.59"
"10","007","00","010","1014","0571","687","415","272","38","725","1317","0","55.05","31.51"
"10","007","00","010","1014","0572","581","364","217","27","608","1120","0","54.29","32.5"
"10","007","00","010","1014","0573","515","343","172","37","552","1025","0","53.85","33.46"
"10","007","00","010","1014","0574","591","364","227","40","631","1097","0","57.52","33.18"
"10","007","00","010","1015","0000","937","525","412","67","1004","1696","0","59.2","30.96"
"10","007","00","010","1015","0575","487","256","231","45","532","859","0","61.93","29.8"
"10","007","00","010","1015","0576","450","269","181","22","472","837","0","56.39","32.14"
"10","007","00","010","1016","0000","1132","647","485","74","1206","2163","0","55.76","29.91"
"10","007","00","010","1016","0577","652","398","254","34","686","1090","0","62.94","36.51"
"10","007","00","010","1016","0578","480","249","231","40","520","1073","0","48.46","23.21"
"10","007","00","010","1017","0000","1405","814","591","56","1461","2625","0","55.66","31.01"
"10","007","00","010","1017","0540","698","402","296","26","724","1330","0","54.44","30.23"
"10","007","00","010","1017","0541","707","412","295","30","737","1295","0","56.91","31.81"
"10","007","00","010","1018","0000","3371","2077","1294","144","3515","6205","0","56.65","33.47"
"10","007","00","010","1018","0545","664","407","257","30","694","1176","0","59.01","34.61"
"10","007","00","010","1018","0546","445","296","149","11","456","867","0","52.6","34.14"
"10","007","00","010","1018","0547","584","320","264","35","619","1121","0","55.22","28.55"
"10","007","00","010","1018","0548","610","374","236","23","633","1190","0","53.19","31.43"
"10","007","00","010","1018","0549","543","353","190","23","566","945","0","59.89","37.35"
"10","007","00","010","1018","0550","525","327","198","22","547","906","0","60.38","36.09"
"10","007","00","010","1019","0000","1822","1194","628","96","1918","2876","0","66.69","41.52"
"10","007","00","010","1019","0551","562","332","230","38","600","978","0","61.35","33.95"
"10","007","00","010","1019","0552","709","527","182","34","743","949","0","78.29","55.53"
"10","007","00","010","1019","0553","551","335","216","24","575","949","0","60.59","35.3"
"10","007","00","010","1020","0000","1043","650","393","76","1119","1931","0","57.95","33.66"
"10","007","00","010","1020","0515","565","348","217","40","605","1055","0","57.35","32.99"
"10","007","00","010","1020","0516","478","302","176","36","514","876","0","58.68","34.47"
"10","007","00","010","1021","0000","1198","750","448","48","1246","2301","0","54.15","32.59"
"10","007","00","010","1021","0517","530","325","205","27","557","1115","0","49.96","29.15"
"10","007","00","010","1021","0518","668","425","243","21","689","1186","0","58.09","35.83"
"10","007","00","010","1022","0000","1729","1047","682","79","1808","3195","0","56.59","32.77"
"10","007","00","010","1022","0519","564","356","208","37","601","995","0","60.4","35.78"
"10","007","00","010","1022","0520","530","319","211","17","547","999","0","54.75","31.93"
"10","007","00","010","1022","0521","635","372","263","25","660","1201","0","54.95","30.97"
"10","007","00","010","1023","0000","1305","806","499","52","1357","2428","0","55.89","33.2"
"10","007","00","010","1023","0522","724","446","278","30","754","1342","0","56.18","33.23"
"10","007","00","010","1023","0523","581","360","221","22","603","1086","0","55.52","33.15"
"10","007","00","010","1024","0000","2056","1252","804","101","2157","3624","0","59.52","34.55"
"10","007","00","010","1024","0524","428","259","169","31","459","854","0","53.75","30.33"
"10","007","00","010","1024","0525","580","369","211","25","605","1064","0","56.86","34.68"
"10","007","00","010","1024","0526","515","312","203","16","531","879","0","60.41","35.49"
"10","007","00","010","1024","0527","533","312","221","29","562","827","0","67.96","37.73"
"10","007","00","010","1025","0000","1230","756","474","53","1283","2440","0","52.58","30.98"
"10","007","00","010","1025","0481","547","361","186","16","563","1087","0","51.79","33.21"
"10","007","00","010","1025","0482","683","395","288","37","720","1353","0","53.22","29.19"
"10","007","00","010","1026","0000","1275","801","474","73","1348","2641","0","51.04","30.33"
"10","007","00","010","1026","0483","658","416","242","44","702","1313","0","53.47","31.68"
"10","007","00","010","1026","0484","617","385","232","29","646","1328","0","48.64","28.99"
"10","007","00","010","1027","0000","1492","888","604","89","1581","2786","0","56.75","31.87"
"10","007","00","010","1027","0485","569","334","235","28","597","1055","0","56.59","31.66"
"10","007","00","010","1027","0486","502","302","200","30","532","959","0","55.47","31.49"
"10","007","00","010","1027","0487","421","252","169","31","452","772","0","58.55","32.64"
"10","007","00","010","1028","0000","861","415","446","41","902","1685","0","53.53","24.63"
"10","007","00","010","1028","0488","483","200","283","31","514","831","0","61.85","24.07"
"10","007","00","010","1028","0489","378","215","163","10","388","854","0","45.43","25.18"
"10","007","00","010","1029","0000","507","329","178","28","535","1190","0","44.96","27.65"
"10","007","00","010","1029","0490","507","329","178","28","535","1190","0","44.96","27.65"
"10","007","00","010","1030","0000","374","210","164","23","397","726","0","54.68","28.93"
"10","007","00","010","1030","0491","374","210","164","23","397","726","0","54.68","28.93"
"10","007","00","010","1031","0000","1015","599","416","73","1088","1984","0","54.84","30.19"
"10","007","00","010","1031","0492","590","343","247","42","632","1124","0","56.23","30.52"
"10","007","00","010","1031","0493","425","256","169","31","456","860","0","53.02","29.77"
"10","007","00","010","1032","0000","1200","759","441","87","1287","2197","0","58.58","34.55"
"10","007","00","010","1032","0494","632","391","241","41","673","1122","0","59.98","34.85"
"10","007","00","010","1032","0495","568","368","200","46","614","1075","0","57.12","34.23"
"10","007","00","010","1033","0000","1003","610","393","69","1072","1960","0","54.69","31.12"
"10","007","00","010","1033","0496","511","308","203","39","550","993","0","55.39","31.02"
"10","007","00","010","1033","0497","492","302","190","30","522","967","0","53.98","31.23"
"10","007","00","010","1034","0000","974","602","372","63","1037","1812","0","57.23","33.22"
"10","007","00","010","1034","0498","544","338","206","37","581","1008","0","57.64","33.53"
"10","007","00","010","1034","0499","430","264","166","26","456","804","0","56.72","32.84"
"10","007","00","010","1035","0000","926","550","376","42","968","1752","0","55.25","31.39"
"10","007","00","010","1035","0500","465","272","193","22","487","867","0","56.17","31.37"
"10","007","00","010","1035","0501","461","278","183","20","481","885","0","54.35","31.41"
"10","007","00","010","1036","0000","1159","662","497","50","1209","2352","0","51.4","28.15"
"10","007","00","010","1036","0502","510","292","218","17","527","1097","0","48.04","26.62"
"10","007","00","010","1036","0503","649","370","279","33","682","1255","0","54.34","29.48"
"10","007","00","010","1037","0000","1595","989","606","78","1673","2818","0","59.37","35.1"
"10","007","00","010","1037","0554","544","340","204","26","570","1006","0","56.66","33.8"
"10","007","00","010","1037","0555","495","312","183","33","528","889","0","59.39","35.1"
"10","007","00","010","1037","0556","556","337","219","19","575","923","0","62.3","36.51"
"10","007","00","010","1038","0000","1332","836","496","61","1393","2284","0","60.99","36.6"
"10","007","00","010","1038","0557","712","452","260","32","744","1209","0","61.54","37.39"
"10","007","00","010","1038","0558","620","384","236","29","649","1075","0","60.37","35.72"
"10","007","00","010","1039","0000","1470","860","610","58","1528","2381","0","64.17","36.12"
"10","007","00","010","1039","0559","801","482","319","34","835","1342","0","62.22","35.92"
"10","007","00","010","1039","0560","669","378","291","24","693","1039","0","66.7","36.38"
"10","007","00","010","1040","0000","810","507","303","52","862","1388","0","62.1","36.53"
"10","007","00","010","1040","0544","810","507","303","52","862","1388","0","62.1","36.53"
"10","007","00","010","1041","0000","1228","754","474","62","1290","2226","0","57.95","33.87"
"10","007","00","010","1041","0542","676","409","267","41","717","1283","0","55.88","31.88"
"10","007","00","010","1041","0543","552","345","207","21","573","943","0","60.76","36.59"
"10","007","00","011","0000","0000","25010","15354","9656","1558","26568","45147","55412","58.85","34.01"
"10","007","00","011","1101","0000","645","380","265","29","674","1221","0","55.2","31.12"
"10","007","00","011","1101","0640","645","380","265","29","674","1221","0","55.2","31.12"
"10","007","00","011","1102","0000","388","241","147","21","409","638","0","64.11","37.77"
"10","007","00","011","1102","0641","388","241","147","21","409","638","0","64.11","37.77"
"10","007","00","011","1103","0000","1009","636","373","64","1073","1785","0","60.11","35.63"
"10","007","00","011","1103","0642","445","274","171","42","487","817","0","59.61","33.54"
"10","007","00","011","1103","0643","564","362","202","22","586","968","0","60.54","37.4"
"10","007","00","011","1104","0000","284","178","106","11","295","448","0","65.85","39.73"
"10","007","00","011","1104","0644","284","178","106","11","295","448","0","65.85","39.73"
"10","007","00","011","1105","0000","1836","1153","683","101","1937","3275","0","59.15","35.21"
"10","007","00","011","1105","0654","587","390","197","28","615","1072","0","57.37","36.38"
"10","007","00","011","1105","0655","628","399","229","39","667","1113","0","59.93","35.85"
"10","007","00","011","1105","0656","621","364","257","34","655","1090","0","60.09","33.39"
"10","007","00","011","1106","0000","1237","763","474","80","1317","2145","0","61.4","35.57"
"10","007","00","011","1106","0657","680","402","278","39","719","1193","0","60.27","33.7"
"10","007","00","011","1106","0658","557","361","196","41","598","952","0","62.82","37.92"
"10","007","00","011","1107","0000","2014","1171","843","103","2117","3387","0","62.5","34.57"
"10","007","00","011","1107","0659","742","390","352","37","779","1172","0","66.47","33.28"
"10","007","00","011","1107","0660","554","328","226","38","592","1027","0","57.64","31.94"
"10","007","00","011","1107","0661","718","453","265","28","746","1188","0","62.79","38.13"
"10","007","00","011","1108","0000","720","441","279","35","755","1403","0","53.81","31.43"
"10","007","00","011","1108","0662","720","441","279","35","755","1403","0","53.81","31.43"
"10","007","00","011","1109","0000","1553","942","611","107","1660","3033","0","54.73","31.06"
"10","007","00","011","1109","0663","669","395","274","55","724","1397","0","51.83","28.27"
"10","007","00","011","1109","0664","884","547","337","52","936","1636","0","57.21","33.44"
"10","007","00","011","1110","0000","1466","1007","459","101","1567","2512","0","62.38","40.09"
"10","007","00","011","1110","0665","819","593","226","50","869","1298","0","66.95","45.69"
"10","007","00","011","1110","0666","647","414","233","51","698","1214","0","57.5","34.1"
"10","007","00","011","1111","0000","1328","804","524","53","1381","2265","0","60.97","35.5"
"10","007","00","011","1111","0667","751","455","296","25","776","1297","0","59.83","35.08"
"10","007","00","011","1111","0668","577","349","228","28","605","968","0","62.5","36.05"
"10","007","00","011","1112","0000","469","283","186","37","506","839","0","60.31","33.73"
"10","007","00","011","1112","0669","469","283","186","37","506","839","0","60.31","33.73"
"10","007","00","011","1113","0000","971","584","387","57","1028","1805","0","56.95","32.35"
"10","007","00","011","1113","0670","517","297","220","34","551","907","0","60.75","32.75"
"10","007","00","011","1113","0671","454","287","167","23","477","898","0","53.12","31.96"
"10","007","00","011","1114","0000","1304","823","481","95","1399","2345","0","59.66","35.1"
"10","007","00","011","1114","0649","650","398","252","33","683","1146","0","59.6","34.73"
"10","007","00","011","1114","0650","654","425","229","62","716","1199","0","59.72","35.45"
"10","007","00","011","1115","0000","484","271","213","27","511","851","0","60.05","31.84"
"10","007","00","011","1115","0653","484","271","213","27","511","851","0","60.05","31.84"
"10","007","00","011","1116","0000","799","471","328","68","867","1365","0","63.52","34.51"
"10","007","00","011","1116","0681","799","471","328","68","867","1365","0","63.52","34.51"
"10","007","00","011","1117","0000","1048","623","425","62","1110","1859","0","59.71","33.51"
"10","007","00","011","1117","0651","477","273","204","44","521","895","0","58.21","30.5"
"10","007","00","011","1117","0652","571","350","221","18","589","964","0","61.1","36.31"
"10","007","00","011","1118","0000","2526","1550","976","136","2662","4689","0","56.77","33.06"
"10","007","00","011","1118","0645","590","363","227","39","629","1123","0","56.01","32.32"
"10","007","00","011","1118","0646","623","364","259","36","659","1166","0","56.52","31.22"
"10","007","00","011","1118","0647","612","378","234","40","652","1151","0","56.65","32.84"
"10","007","00","011","1118","0648","701","445","256","21","722","1249","0","57.81","35.63"
"10","007","00","011","1119","0000","420","248","172","29","449","650","0","69.08","38.15"
"10","007","00","011","1119","0672","420","248","172","29","449","650","0","69.08","38.15"
"10","007","00","011","1120","0000","683","421","262","54","737","1279","0","57.62","32.92"
"10","007","00","011","1120","0673","683","421","262","54","737","1279","0","57.62","32.92"
"10","007","00","011","1121","0000","441","292","149","30","471","730","0","64.52","40.0"
"10","007","00","011","1121","0674","441","292","149","30","471","730","0","64.52","40.0"
"10","007","00","011","1122","0000","773","470","303","55","828","1407","0","58.85","33.4"
"10","007","00","011","1122","0675","773","470","303","55","828","1407","0","58.85","33.4"
"10","007","00","011","1123","0000","586","378","208","53","639","1273","0","50.2","29.69"
"10","007","00","011","1123","0676","586","378","208","53","639","1273","0","50.2","29.69"
"10","007","00","011","1124","0000","1070","638","432","78","1148","2201","0","52.16","28.99"
"10","007","00","011","1124","0679","488","277","211","39","527","1052","0","50.1","26.33"
"10","007","00","011","1124","0680","582","361","221","39","621","1149","0","54.05","31.42"
"10","007","00","011","1125","0000","956","586","370","72","1028","1742","0","59.01","33.64"
"10","007","00","011","1125","0677","504","313","191","43","547","988","0","55.36","31.68"
"10","007","00","011","1125","0678","452","273","179","29","481","754","0","63.79","36.21"
"10","007","00","012","0000","0000","19506","12217","7289","1162","20668","35391","41599","58.4","34.52"
"10","007","00","012","1201","0000","445","279","166","36","481","854","0","56.32","32.67"
"10","007","00","012","1201","0742","445","279","166","36","481","854","0","56.32","32.67"
"10","007","00","012","1202","0000","507","316","191","30","537","1138","0","47.19","27.77"
"10","007","00","012","1202","0743","467","289","178","25","492","963","0","51.09","30.01"
"10","007","00","012","1202","0744","40","27","13","5","45","175","0","25.71","15.43"
"10","007","00","012","1203","0000","381","233","148","15","396","739","0","53.59","31.53"
"10","007","00","012","1203","0745","381","233","148","15","396","739","0","53.59","31.53"
"10","007","00","012","1204","0000","858","567","291","42","900","1567","0","57.43","36.18"
"10","007","00","012","1204","0746","428","279","149","22","450","826","0","54.48","33.78"
"10","007","00","012","1204","0747","430","288","142","20","450","741","0","60.73","38.87"
"10","007","00","012","1205","0000","808","512","296","64","872","1507","0","57.86","33.97"
"10","007","00","012","1205","0748","235","130","105","17","252","506","0","49.8","25.69"
"10","007","00","012","1205","0749","573","382","191","47","620","1001","0","61.94","38.16"
"10","007","00","012","1206","0000","694","441","253","49","743","1281","0","58.0","34.43"
"10","007","00","012","1206","0750","694","441","253","49","743","1281","0","58.0","34.43"
"10","007","00","012","1207","0000","998","621","377","56","1054","1757","0","59.99","35.34"
"10","007","00","012","1207","0753","497","311","186","26","523","844","0","61.97","36.85"
"10","007","00","012","1207","0754","501","310","191","30","531","913","0","58.16","33.95"
"10","007","00","012","1208","0000","377","248","129","29","406","613","0","66.23","40.46"
"10","007","00","012","1208","0755","377","248","129","29","406","613","0","66.23","40.46"
"10","007","00","012","1209","0000","2002","1309","693","110","2112","3351","0","63.03","39.06"
"10","007","00","012","1209","0756","769","501","268","51","820","1382","0","59.33","36.25"
"10","007","00","012","1209","0757","637","416","221","38","675","1034","0","65.28","40.23"
"10","007","00","012","1209","0758","596","392","204","21","617","935","0","65.99","41.93"
"10","007","00","012","1210","0000","1336","817","519","67","1403","2401","0","58.43","34.03"
"10","007","00","012","1210","0759","709","446","263","45","754","1301","0","57.96","34.28"
"10","007","00","012","1210","0760","627","371","256","22","649","1100","0","59.0","33.73"
"10","007","00","012","1211","0000","621","375","246","33","654","1071","0","61.06","35.01"
"10","007","00","012","1211","0761","621","375","246","33","654","1071","0","61.06","35.01"
"10","007","00","012","1212","0000","674","436","238","45","719","1163","0","61.82","37.49"
"10","007","00","012","1212","0762","674","436","238","45","719","1163","0","61.82","37.49"
"10","007","00","012","1213","0000","1203","850","353","54","1257","1964","0","64.0","43.28"
"10","007","00","012","1213","0763","517","326","191","21","538","809","0","66.5","40.3"
"10","007","00","012","1213","0764","686","524","162","33","719","1155","0","62.25","45.37"
"10","007","00","012","1214","0000","1311","857","454","66","1377","2362","0","58.3","36.28"
"10","007","00","012","1214","0751","571","356","215","27","598","1035","0","57.78","34.4"
"10","007","00","012","1214","0752","740","501","239","39","779","1327","0","58.7","37.75"
"10","007","00","012","1215","0000","844","521","323","75","919","1606","0","57.22","32.44"
"10","007","00","012","1215","0766","455","262","193","37","492","870","0","56.55","30.11"
"10","007","00","012","1215","0767","389","259","130","38","427","736","0","58.02","35.19"
"10","007","00","012","1216","0000","660","393","267","40","700","1335","0","52.43","29.44"
"10","007","00","012","1216","0768","660","393","267","40","700","1335","0","52.43","29.44"
"10","007","00","012","1217","0000","928","520","408","74","1002","1774","0","56.48","29.31"
"10","007","00","012","1217","0769","467","252","215","34","501","876","0","57.19","28.77"
"10","007","00","012","1217","0770","461","268","193","40","501","898","0","55.79","29.84"
"10","007","00","012","1218","0000","2326","1376","950","100","2426","4224","0","57.43","32.58"
"10","007","00","012","1218","0771","743","460","283","24","767","1298","0","59.09","35.44"
"10","007","00","012","1218","0772","773","454","319","45","818","1451","0","56.37","31.29"
"10","007","00","012","1218","0773","810","462","348","31","841","1475","0","57.02","31.32"
"10","007","00","012","1219","0000","690","434","256","41","731","1270","0","57.56","34.17"
"10","007","00","012","1219","0765","690","434","256","41","731","1270","0","57.56","34.17"
"10","007","00","012","1220","0000","783","473","310","63","846","1576","0","53.68","30.01"
"10","007","00","012","1220","0774","365","223","142","36","401","766","0","52.35","29.11"
"10","007","00","012","1220","0775","418","250","168","27","445","810","0","54.94","30.86"
"10","007","00","012","1221","0000","534","292","242","35","569","953","0","59.71","30.64"
"10","007","00","012","1221","0776","534","292","242","35","569","953","0","59.71","30.64"
"10","007","00","012","1222","0000","526","347","179","38","564","885","0","63.73","39.21"
"10","007","00","012","1222","0777","526","347","179","38","564","885","0","63.73","39.21"
"10","007","00","013","0000","0000","17554","10702","6852","1069","18623","31492","36907","59.14","33.98"
"10","007","00","013","1301","0000","1869","1101","768","115","1984","3152","0","62.94","34.93"
"10","007","00","013","1301","0579","854","493","361","53","907","1426","0","63.6","34.57"
"10","007","00","013","1301","0580","1015","608","407","62","1077","1726","0","62.4","35.23"
"10","007","00","013","1302","0000","904","577","327","52","956","1542","0","62.0","37.42"
"10","007","00","013","1302","0581","472","298","174","39","511","797","0","64.12","37.39"
"10","007","00","013","1302","0582","432","279","153","13","445","745","0","59.73","37.45"
"10","007","00","013","1303","0000","777","464","313","57","834","1426","0","58.49","32.54"
"10","007","00","013","1303","0585","777","464","313","57","834","1426","0","58.49","32.54"
"10","007","00","013","1304","0000","644","417","227","50","694","1125","0","61.69","37.07"
"10","007","00","013","1304","0583","644","417","227","50","694","1125","0","61.69","37.07"
"10","007","00","013","1305","0000","599","367","232","41","640","1161","0","55.12","31.61"
"10","007","00","013","1305","0591","599","367","232","41","640","1161","0","55.12","31.61"
"10","007","00","013","1306","0000","1554","923","631","78","1632","2813","0","58.02","32.81"
"10","007","00","013","1306","0594","779","453","326","42","821","1412","0","58.14","32.08"
"10","007","00","013","1306","0595","775","470","305","36","811","1401","0","57.89","33.55"
"10","007","00","013","1307","0000","1694","1006","688","108","1802","3028","0","59.51","33.22"
"10","007","00","013","1307","0597","561","314","247","36","597","996","0","59.94","31.53"
"10","007","00","013","1307","0598","581","350","231","32","613","1047","0","58.55","33.43"
"10","007","00","013","1307","0599","552","342","210","40","592","985","0","60.1","34.72"
"10","007","00","013","1308","0000","1339","755","584","76","1415","2494","0","56.74","30.27"
"10","007","00","013","1308","0604","666","372","294","45","711","1189","0","59.8","31.29"
"10","007","00","013","1308","0605","673","383","290","31","704","1305","0","53.95","29.35"
"10","007","00","013","1309","0000","815","470","345","54","869","1486","0","58.48","31.63"
"10","007","00","013","1309","0584","815","470","345","54","869","1486","0","58.48","31.63"
"10","007","00","013","1310","0000","823","484","339","59","882","1478","0","59.68","32.75"
"10","007","00","013","1310","0588","823","484","339","59","882","1478","0","59.68","32.75"
"10","007","00","013","1311","0000","809","494","315","39","848","1395","0","60.79","35.41"
"10","007","00","013","1311","0596","809","494","315","39","848","1395","0","60.79","35.41"
"10","007","00","013","1312","0000","1076","665","411","74","1150","2001","0","57.47","33.23"
"10","007","00","013","1312","0586","491","307","184","34","525","824","0","63.71","37.26"
"10","007","00","013","1312","0587","585","358","227","40","625","1177","0","53.1","30.42"
"10","007","00","013","1313","0000","892","529","363","53","945","1591","0","59.4","33.25"
"10","007","00","013","1313","0589","405","238","167","18","423","779","0","54.3","30.55"
"10","007","00","013","1313","0590","487","291","196","35","522","812","0","64.29","35.84"
"10","007","00","013","1314","0000","1339","814","525","64","1403","2497","0","56.19","32.6"
"10","007","00","013","1314","0592","653","390","263","22","675","1238","0","54.52","31.5"
"10","007","00","013","1314","0593","686","424","262","42","728","1259","0","57.82","33.68"
"10","007","00","013","1315","0000","1311","795","516","62","1373","2254","0","60.91","35.27"
"10","007","00","013","1315","0600","625","367","258","35","660","1054","0","62.62","34.82"
"10","007","00","013","1315","0601","686","428","258","27","713","1200","0","59.42","35.67"
"10","007","00","013","1316","0000","1109","841","268","87","1196","2049","0","58.37","41.04"
"10","007","00","013","1316","0602","565","333","232","53","618","1003","0","61.62","33.2"
"10","007","00","013","1316","0603","544","508","36","34","578","1046","0","55.26","48.57"
"10","007","00","014","0000","0000","15894","9874","6020","1024","16918","28026","32517","60.37","35.23"
"10","007","00","014","1401","0000","1029","655","374","48","1077","1712","0","62.91","38.26"
"10","007","00","014","1401","0682","567","356","211","29","596","958","0","62.21","37.16"
"10","007","00","014","1401","0683","462","299","163","19","481","754","0","63.79","39.66"
"10","007","00","014","1402","0000","967","569","398","39","1006","1563","0","64.36","36.4"
"10","007","00","014","1402","0684","484","294","190","17","501","757","0","66.18","38.84"
"10","007","00","014","1402","0685","483","275","208","22","505","806","0","62.66","34.12"
"10","007","00","014","1403","0000","733","435","298","29","762","1280","0","59.53","33.98"
"10","007","00","014","1403","0686","733","435","298","29","762","1280","0","59.53","33.98"
"10","007","00","014","1404","0000","520","309","211","30","550","928","0","59.27","33.3"
"10","007","00","014","1404","0687","520","309","211","30","550","928","0","59.27","33.3"
"10","007","00","014","1405","0000","1036","633","403","84","1120","1710","0","65.5","37.02"
"10","007","00","014","1405","0688","554","313","241","38","592","895","0","66.15","34.97"
"10","007","00","014","1405","0689","482","320","162","46","528","815","0","64.79","39.26"
"10","007","00","014","1406","0000","528","318","210","32","560","957","0","58.52","33.23"
"10","007","00","014","1406","0690","528","318","210","32","560","957","0","58.52","33.23"
"10","007","00","014","1407","0000","741","485","256","56","797","1338","0","59.57","36.25"
"10","007","00","014","1407","0691","741","485","256","56","797","1338","0","59.57","36.25"
"10","007","00","014","1408","0000","585","353","232","55","640","1106","0","57.87","31.92"
"10","007","00","014","1408","0692","585","353","232","55","640","1106","0","57.87","31.92"
"10","007","00","014","1409","0000","481","300","181","20","501","690","0","72.61","43.48"
"10","007","00","014","1409","0693","481","300","181","20","501","690","0","72.61","43.48"
"10","007","00","014","1410","0000","661","399","262","0","661","1230","0","53.74","32.44"
"10","007","00","014","1410","0694","661","399","262","0","661","1230","0","53.74","32.44"
"10","007","00","014","1411","0000","1027","636","391","45","1072","1744","0","61.47","36.47"
"10","007","00","014","1411","0695","487","280","207","23","510","847","0","60.21","33.06"
"10","007","00","014","1411","0696","540","356","184","22","562","897","0","62.65","39.69"
"10","007","00","014","1412","0000","1169","731","438","78","1247","2062","0","60.48","35.45"
"10","007","00","014","1412","0697","487","282","205","44","531","882","0","60.2","31.97"
"10","007","00","014","1412","0698","682","449","233","34","716","1180","0","60.68","38.05"
"10","007","00","014","1413","0000","655","404","251","50","705","1215","0","58.02","33.25"
"10","007","00","014","1413","0699","655","404","251","50","705","1215","0","58.02","33.25"
"10","007","00","014","1414","0000","259","170","89","23","282","422","0","66.82","40.28"
"10","007","00","014","1414","0700","259","170","89","23","282","422","0","66.82","40.28"
"10","007","00","014","1415","0000","576","378","198","43","619","1106","0","55.97","34.18"
"10","007","00","014","1415","0701","576","378","198","43","619","1106","0","55.97","34.18"
"10","007","00","014","1416","0000","521","338","183","46","567","874","0","64.87","38.67"
"10","007","00","014","1416","0702","521","338","183","46","567","874","0","64.87","38.67"
"10","007","00","014","1417","0000","757","466","291","99","856","1445","0","59.24","32.25"
"10","007","00","014","1417","0703","757","466","291","99","856","1445","0","59.24","32.25"
"10","007","00","014","1418","0000","500","303","197","46","546","875","0","62.4","34.63"
"10","007","00","014","1418","0704","500","303","197","46","546","875","0","62.4","34.63"
"10","007","00","014","1419","0000","816","539","277","47","863","1522","0","56.7","35.41"
"10","007","00","014","1419","0705","426","274","152","24","450","837","0","53.76","32.74"
"10","007","00","014","1419","0706","390","265","125","23","413","685","0","60.29","38.69"
"10","007","00","014","1420","0000","913","565","348","58","971","1531","0","63.42","36.9"
"10","007","00","014","1420","0707","446","270","176","24","470","733","0","64.12","36.83"
"10","007","00","014","1420","0708","467","295","172","34","501","798","0","62.78","36.97"
"10","007","00","014","1421","0000","749","479","270","45","794","1381","0","57.49","34.69"
"10","007","00","014","1421","0709","749","479","270","45","794","1381","0","57.49","34.69"
"10","007","00","014","1422","0000","671","409","262","51","722","1335","0","54.08","30.64"
"10","007","00","014","1422","0710","671","409","262","51","722","1335","0","54.08","30.64"
"10","007","00","015","0000","0000","17202","10317","6885","1169","18371","29642","34739","61.98","34.81"
"10","007","00","015","1501","0000","2095","1221","874","126","2221","3604","0","61.63","33.88"
"10","007","00","015","1501","0711","667","374","293","47","714","1139","0","62.69","32.84"
"10","007","00","015","1501","0712","687","402","285","42","729","1217","0","59.9","33.03"
"10","007","00","015","1501","0713","741","445","296","37","778","1248","0","62.34","35.66"
"10","007","00","015","1502","0000","742","442","300","65","807","1248","0","64.66","35.42"
"10","007","00","015","1502","0714","742","442","300","65","807","1248","0","64.66","35.42"
"10","007","00","015","1503","0000","936","569","367","42","978","1541","0","63.47","36.92"
"10","007","00","015","1503","0715","541","346","195","26","567","916","0","61.9","37.77"
"10","007","00","015","1503","0716","395","223","172","16","411","625","0","65.76","35.68"
"10","007","00","015","1504","0000","668","371","297","59","727","1271","0","57.2","29.19"
"10","007","00","015","1504","0717","668","371","297","59","727","1271","0","57.2","29.19"
"10","007","00","015","1505","0000","1045","644","401","83","1128","1740","0","64.83","37.01"
"10","007","00","015","1505","0718","371","239","132","26","397","608","0","65.3","39.31"
"10","007","00","015","1505","0719","674","405","269","57","731","1132","0","64.58","35.78"
"10","007","00","015","1506","0000","1144","702","442","98","1242","1953","0","63.59","35.94"
"10","007","00","015","1506","0720","601","374","227","49","650","1027","0","63.29","36.42"
"10","007","00","015","1506","0721","543","328","215","49","592","926","0","63.93","35.42"
"10","007","00","015","1507","0000","849","502","347","64","913","1438","0","63.49","34.91"
"10","007","00","015","1507","0722","440","241","199","42","482","778","0","61.95","30.98"
"10","007","00","015","1507","0723","409","261","148","22","431","660","0","65.3","39.55"
"10","007","00","015","1508","0000","1147","683","464","58","1205","2019","0","59.68","33.83"
"10","007","00","015","1508","0726","584","364","220","29","613","985","0","62.23","36.95"
"10","007","00","015","1508","0727","563","319","244","29","592","1034","0","57.25","30.85"
"10","007","00","015","1509","0000","1335","756","579","73","1408","2321","0","60.66","32.57"
"10","007","00","015","1509","0724","764","439","325","49","813","1330","0","61.13","33.01"
"10","007","00","015","1509","0725","571","317","254","24","595","991","0","60.04","31.99"
"10","007","00","015","1510","0000","366","213","153","36","402","612","0","65.69","34.8"
"10","007","00","015","1510","0728","366","213","153","36","402","612","0","65.69","34.8"
"10","007","00","015","1511","0000","737","408","329","53","790","1236","0","63.92","33.01"
"10","007","00","015","1511","0729","737","408","329","53","790","1236","0","63.92","33.01"
"10","007","00","015","1512","0000","925","527","398","62","987","1513","0","65.23","34.83"
"10","007","00","015","1512","0730","457","269","188","34","491","775","0","63.35","34.71"
"10","007","00","015","1512","0731","468","258","210","28","496","738","0","67.21","34.96"
"10","007","00","015","1513","0000","609","353","256","31","640","1036","0","61.78","34.07"
"10","007","00","015","1513","0732","609","353","256","31","640","1036","0","61.78","34.07"
"10","007","00","015","1514","0000","525","325","200","41","566","975","0","58.05","33.33"
"10","007","00","015","1514","0733","525","325","200","41","566","975","0","58.05","33.33"
"10","007","00","015","1515","0000","776","492","284","47","823","1348","0","61.05","36.5"
"10","007","00","015","1515","0736","399","250","149","20","419","689","0","60.81","36.28"
"10","007","00","015","1515","0737","377","242","135","27","404","659","0","61.31","36.72"
"10","007","00","015","1516","0000","1033","591","442","84","1117","1824","0","61.24","32.4"
"10","007","00","015","1516","0734","486","291","195","36","522","885","0","58.98","32.88"
"10","007","00","015","1516","0735","547","300","247","48","595","939","0","63.37","31.95"
"10","007","00","015","1517","0000","847","494","353","47","894","1352","0","66.12","36.54"
"10","007","00","015","1517","0739","847","494","353","47","894","1352","0","66.12","36.54"
"10","007","00","015","1518","0000","491","287","204","22","513","910","0","56.37","31.54"
"10","007","00","015","1518","0738","491","287","204","22","513","910","0","56.37","31.54"
"10","007","00","015","1519","0000","410","249","161","32","442","759","0","58.23","32.81"
"10","007","00","015","1519","0740","410","249","161","32","442","759","0","58.23","32.81"
"10","007","00","015","1520","0000","522","488","34","46","568","942","0","60.3","51.8"
"10","007","00","015","1520","0741","522","488","34","46","568","942","0","60.3","51.8"
"10","007","00","016","0000","0000","17660","10584","7076","1094","18754","31239","37055","60.03","33.88"
"10","007","00","016","1601","0000","517","301","216","31","548","792","0","69.19","38.01"
"10","007","00","016","1601","0616","517","301","216","31","548","792","0","69.19","38.01"
"10","007","00","016","1602","0000","923","553","370","36","959","1516","0","63.26","36.48"
"10","007","00","016","1602","0617","431","246","185","19","450","695","0","64.75","35.4"
"10","007","00","016","1602","0618","492","307","185","17","509","821","0","62.0","37.39"
"10","007","00","016","1603","0000","1072","631","441","88","1160","1904","0","60.92","33.14"
"10","007","00","016","1603","0619","615","346","269","58","673","1064","0","63.25","32.52"
"10","007","00","016","1603","0620","457","285","172","30","487","840","0","57.98","33.93"
"10","007","00","016","1604","0000","1264","780","484","56","1320","2127","0","62.06","36.67"
"10","007","00","016","1604","0621","637","382","255","28","665","1079","0","61.63","35.4"
"10","007","00","016","1604","0622","627","398","229","28","655","1048","0","62.5","37.98"
"10","007","00","016","1605","0000","1069","598","471","49","1118","1758","0","63.59","34.02"
"10","007","00","016","1605","0623","593","338","255","27","620","960","0","64.58","35.21"
"10","007","00","016","1605","0624","476","260","216","22","498","798","0","62.41","32.58"
"10","007","00","016","1606","0000","842","473","369","71","913","1458","0","62.62","32.44"
"10","007","00","016","1606","0625","488","252","236","40","528","796","0","66.33","31.66"
"10","007","00","016","1606","0626","354","221","133","31","385","662","0","58.16","33.38"
"10","007","00","016","1607","0000","577","346","231","33","610","1040","0","58.65","33.27"
"10","007","00","016","1607","0627","577","346","231","33","610","1040","0","58.65","33.27"
"10","007","00","016","1608","0000","561","315","246","31","592","1025","0","57.76","30.73"
"10","007","00","016","1608","0628","561","315","246","31","592","1025","0","57.76","30.73"
"10","007","00","016","1609","0000","1543","954","589","87","1630","2593","0","62.86","36.79"
"10","007","00","016","1609","0629","834","525","309","42","876","1357","0","64.55","38.69"
"10","007","00","016","1609","0630","709","429","280","45","754","1236","0","61.0","34.71"
"10","007","00","016","1610","0000","804","457","347","48","852","1393","0","61.16","32.81"
"10","007","00","016","1610","0611","396","236","160","24","420","659","0","63.73","35.81"
"10","007","00","016","1610","0612","408","221","187","24","432","734","0","58.86","30.11"
"10","007","00","016","1611","0000","615","366","249","49","664","1255","0","52.91","29.16"
"10","007","00","016","1611","0606","615","366","249","49","664","1255","0","52.91","29.16"
"10","007","00","016","1612","0000","924","562","362","81","1005","1648","0","60.98","34.1"
"10","007","00","016","1612","0609","422","260","162","30","452","724","0","62.43","35.91"
"10","007","00","016","1612","0610","502","302","200","51","553","924","0","59.85","32.68"
"10","007","00","016","1613","0000","1066","658","408","64","1130","1915","0","59.01","34.36"
"10","007","00","016","1613","0607","505","325","180","43","548","889","0","61.64","36.56"
"10","007","00","016","1613","0608","561","333","228","21","582","1026","0","56.73","32.46"
"10","007","00","016","1614","0000","886","548","338","47","933","1606","0","58.09","34.12"
"10","007","00","016","1614","0613","367","221","146","12","379","758","0","50.0","29.16"
"10","007","00","016","1614","0614","519","327","192","35","554","848","0","65.33","38.56"
"10","007","00","016","1615","0000","691","411","280","62","753","1404","0","53.63","29.27"
"10","007","00","016","1615","0615","691","411","280","62","753","1404","0","53.63","29.27"
"10","007","00","016","1616","0000","514","287","227","29","543","871","0","62.34","32.95"
"10","007","00","016","1616","0631","514","287","227","29","543","871","0","62.34","32.95"
"10","007","00","016","1617","0000","360","219","141","26","386","706","0","54.67","31.02"
"10","007","00","016","1617","0632","360","219","141","26","386","706","0","54.67","31.02"
"10","007","00","016","1618","0000","464","259","205","33","497","770","0","64.55","33.64"
"10","007","00","016","1618","0633","464","259","205","33","497","770","0","64.55","33.64"
"10","007","00","016","1619","0000","426","268","158","21","447","669","0","66.82","40.06"
"10","007","00","016","1619","0634","426","268","158","21","447","669","0","66.82","40.06"
"10","007","00","016","1620","0000","483","288","195","26","509","862","0","59.05","33.41"
"10","007","00","016","1620","0635","483","288","195","26","509","862","0","59.05","33.41"
"10","007","00","016","1621","0000","451","279","172","28","479","847","0","56.55","32.94"
"10","007","00","016","1621","0636","451","279","172","28","479","847","0","56.55","32.94"
"10","007","00","016","1622","0000","381","241","140","49","430","668","0","64.37","36.08"
"10","007","00","016","1622","0637","381","241","140","49","430","668","0","64.37","36.08"
"10","007","00","016","1623","0000","559","357","202","21","580","1073","0","54.05","33.27"
"10","007","00","016","1623","0638","559","357","202","21","580","1073","0","54.05","33.27"
"10","007","00","016","1624","0000","668","433","235","28","696","1339","0","51.98","32.34"
"10","007","00","016","1624","0639","668","433","235","28","696","1339","0","51.98","32.34"
"10","007","00","017","0000","0000","19993","11701","8292","1153","21146","36306","42917","58.24","32.23"
"10","007","00","017","1701","0000","1496","841","655","73","1569","2765","0","56.75","30.42"
"10","007","00","017","1701","0778","440","228","212","27","467","791","0","59.04","28.82"
"10","007","00","017","1701","0779","529","313","216","32","561","984","0","57.01","31.81"
"10","007","00","017","1701","0780","527","300","227","14","541","990","0","54.65","30.3"
"10","007","00","017","1702","0000","766","468","298","49","815","1478","0","55.14","31.66"
"10","007","00","017","1702","0785","405","237","168","22","427","753","0","56.71","31.47"
"10","007","00","017","1702","0786","361","231","130","27","388","725","0","53.52","31.86"
"10","007","00","017","1703","0000","735","490","245","46","781","1165","0","67.04","42.06"
"10","007","00","017","1703","0805","735","490","245","46","781","1165","0","67.04","42.06"
"10","007","00","017","1704","0000","2543","1534","1009","158","2701","4546","0","59.41","33.74"
"10","007","00","017","1704","0781","590","389","201","42","632","1016","0","62.2","38.29"
"10","007","00","017","1704","0782","619","355","264","40","659","1091","0","60.4","32.54"
"10","007","00","017","1704","0783","690","401","289","53","743","1236","0","60.11","32.44"
"10","007","00","017","1704","0784","644","389","255","23","667","1203","0","55.44","32.34"
"10","007","00","017","1705","0000","531","307","224","31","562","933","0","60.24","32.9"
"10","007","00","017","1705","0790","531","307","224","31","562","933","0","60.24","32.9"
"10","007","00","017","1706","0000","585","348","237","27","612","1092","0","56.04","31.87"
"10","007","00","017","1706","0812","585","348","237","27","612","1092","0","56.04","31.87"
"10","007","00","017","1707","0000","1535","978","557","59","1594","2698","0","59.08","36.25"
"10","007","00","017","1707","0798","395","253","142","18","413","688","0","60.03","36.77"
"10","007","00","017","1707","0799","472","312","160","21","493","870","0","56.67","35.86"
"10","007","00","017","1707","0800","668","413","255","20","688","1140","0","60.35","36.23"
"10","007","00","017","1708","0000","1142","657","485","56","1198","2066","0","57.99","31.8"
"10","007","00","017","1708","0791","574","313","261","31","605","990","0","61.11","31.62"
"10","007","00","017","1708","0792","568","344","224","25","593","1076","0","55.11","31.97"
"10","007","00","017","1709","0000","435","237","198","24","459","724","0","63.4","32.73"
"10","007","00","017","1709","0807","435","237","198","24","459","724","0","63.4","32.73"
"10","007","00","017","1710","0000","519","318","201","35","554","937","0","59.12","33.94"
"10","007","00","017","1710","0803","519","318","201","35","554","937","0","59.12","33.94"
"10","007","00","017","1711","0000","879","528","351","62","941","1645","0","57.2","32.1"
"10","007","00","017","1711","0796","424","250","174","29","453","750","0","60.4","33.33"
"10","007","00","017","1711","0797","455","278","177","33","488","895","0","54.53","31.06"
"10","007","00","017","1712","0000","554","325","229","41","595","992","0","59.98","32.76"
"10","007","00","017","1712","0811","554","325","229","41","595","992","0","59.98","32.76"
"10","007","00","017","1713","0000","739","137","602","49","788","1266","0","62.24","10.82"
"10","007","00","017","1713","0802","739","137","602","49","788","1266","0","62.24","10.82"
"10","007","00","017","1714","0000","817","491","326","30","847","1414","0","59.9","34.72"
"10","007","00","017","1714","0793","442","264","178","16","458","742","0","61.73","35.58"
"10","007","00","017","1714","0794","375","227","148","14","389","672","0","57.89","33.78"
"10","007","00","017","1715","0000","559","359","200","33","592","1015","0","58.33","35.37"
"10","007","00","017","1715","0808","559","359","200","33","592","1015","0","58.33","35.37"
"10","007","00","017","1716","0000","549","350","199","33","582","985","0","59.09","35.53"
"10","007","00","017","1716","0801","549","350","199","33","582","985","0","59.09","35.53"
"10","007","00","017","1717","0000","600","377","223","29","629","1235","0","50.93","30.53"
"10","007","00","017","1717","0795","600","377","223","29","629","1235","0","50.93","30.53"
"10","007","00","017","1718","0000","478","293","185","31","509","828","0","61.47","35.39"
"10","007","00","017","1718","0813","478","293","185","31","509","828","0","61.47","35.39"
"10","007","00","017","1719","0000","927","538","389","48","975","1611","0","60.52","33.4"
"10","007","00","017","1719","0788","362","201","161","21","383","562","0","68.15","35.77"
"10","007","00","017","1719","0789","565","337","228","27","592","1049","0","56.43","32.13"
"10","007","00","017","1720","0000","546","332","214","45","591","986","0","59.94","33.67"
"10","007","00","017","1720","0806","546","332","214","45","591","986","0","59.94","33.67"
"10","007","00","017","1721","0000","733","434","299","56","789","1506","0","52.39","28.82"
"10","007","00","017","1721","0814","391","231","160","33","424","787","0","53.88","29.35"
"10","007","00","017","1721","0815","342","203","139","23","365","719","0","50.76","28.23"
"10","007","00","017","1722","0000","568","324","244","56","624","1023","0","61.0","31.67"
"10","007","00","017","1722","0787","568","324","244","56","624","1023","0","61.0","31.67"
"10","007","00","017","1723","0000","662","383","279","29","691","1219","0","56.69","31.42"
"10","007","00","017","1723","0804","662","383","279","29","691","1219","0","56.69","31.42"
"10","007","00","017","1724","0000","1095","652","443","53","1148","2177","0","52.73","29.95"
"10","007","00","017","1724","0809","545","334","211","26","571","1116","0","51.16","29.93"
"10","007","00","017","1724","0810","550","318","232","27","577","1061","0","54.38","29.97"
"10","007","00","018","0000","0000","7594","4983","2611","547","8141","13339","15193","61.03","37.36"
"10","007","00","018","1801","0000","435","281","154","42","477","871","0","54.76","32.26"
"10","007","00","018","1801","0818","435","281","154","42","477","871","0","54.76","32.26"
"10","007","00","018","1802","0000","539","453","86","34","573","953","0","60.13","47.53"
"10","007","00","018","1802","0819","539","453","86","34","573","953","0","60.13","47.53"
"10","007","00","018","1803","0000","320","207","113","27","347","624","0","55.61","33.17"
"10","007","00","018","1803","0820","320","207","113","27","347","624","0","55.61","33.17"
"10","007","00","018","1804","0000","402","244","158","30","432","645","0","66.98","37.83"
"10","007","00","018","1804","0821","402","244","158","30","432","645","0","66.98","37.83"
"10","007","00","018","1805","0000","580","399","181","44","624","943","0","66.17","42.31"
"10","007","00","018","1805","0823","580","399","181","44","624","943","0","66.17","42.31"
"10","007","00","018","1806","0000","614","401","213","37","651","986","0","66.02","40.67"
"10","007","00","018","1806","0822","614","401","213","37","651","986","0","66.02","40.67"
"10","007","00","018","1807","0000","550","500","50","30","580","831","0","69.8","60.17"
"10","007","00","018","1807","0825","550","500","50","30","580","831","0","69.8","60.17"
"10","007","00","018","1808","0000","278","185","93","5","283","455","0","62.2","40.66"
"10","007","00","018","1808","0824","278","185","93","5","283","455","0","62.2","40.66"
"10","007","00","018","1809","0000","550","353","197","27","577","1013","0","56.96","34.85"
"10","007","00","018","1809","0827","550","353","197","27","577","1013","0","56.96","34.85"
"10","007","00","018","1810","0000","494","280","214","25","519","831","0","62.45","33.69"
"10","007","00","018","1810","0826","494","280","214","25","519","831","0","62.45","33.69"
"10","007","00","018","1811","0000","473","304","169","32","505","796","0","63.44","38.19"
"10","007","00","018","1811","0828","473","304","169","32","505","796","0","63.44","38.19"
"10","007","00","018","1812","0000","414","240","174","38","452","781","0","57.87","30.73"
"10","007","00","018","1812","0829","414","240","174","38","452","781","0","57.87","30.73"
"10","007","00","018","1813","0000","351","212","139","20","371","692","0","53.61","30.64"
"10","007","00","018","1813","0830","351","212","139","20","371","692","0","53.61","30.64"
"10","007","00","018","1814","0000","348","198","150","26","374","635","0","58.9","31.18"
"10","007","00","018","1814","0831","348","198","150","26","374","635","0","58.9","31.18"
"10","007","00","018","1815","0000","310","195","115","24","334","566","0","59.01","34.45"
"10","007","00","018","1815","0832","310","195","115","24","334","566","0","59.01","34.45"
"10","007","00","018","1816","0000","544","306","238","65","609","1028","0","59.24","29.77"
"10","007","00","018","1816","0816","544","306","238","65","609","1028","0","59.24","29.77"
"10","007","00","018","1817","0000","392","225","167","41","433","689","0","62.84","32.66"
"10","007","00","018","1817","0817","392","225","167","41","433","689","0","62.84","32.66"
"10","007","00","019","0000","0000","15213","9465","5748","968","16181","27593","33335","58.64","34.3"
"10","007","00","019","1901","0000","1036","656","380","48","1084","1790","0","60.56","36.65"
"10","007","00","019","1901","0844","489","325","164","25","514","833","0","61.7","39.02"
"10","007","00","019","1901","0845","547","331","216","23","570","957","0","59.56","34.59"
"10","007","00","019","1902","0000","420","259","161","28","448","783","0","57.22","33.08"
"10","007","00","019","1902","0846","420","259","161","28","448","783","0","57.22","33.08"
"10","007","00","019","1903","0000","296","162","134","25","321","573","0","56.02","28.27"
"10","007","00","019","1903","0847","296","162","134","25","321","573","0","56.02","28.27"
"10","007","00","019","1904","0000","351","206","145","29","380","672","0","56.55","30.65"
"10","007","00","019","1904","0848","351","206","145","29","380","672","0","56.55","30.65"
"10","007","00","019","1905","0000","723","436","287","60","783","1442","0","54.3","30.24"
"10","007","00","019","1905","0849","351","218","133","30","381","695","0","54.82","31.37"
"10","007","00","019","1905","0850","372","218","154","30","402","747","0","53.82","29.18"
"10","007","00","019","1906","0000","765","465","300","47","812","1305","0","62.22","35.63"
"10","007","00","019","1906","0851","393","243","150","20","413","643","0","64.23","37.79"
"10","007","00","019","1906","0852","372","222","150","27","399","662","0","60.27","33.53"
"10","007","00","019","1907","0000","1283","857","426","83","1366","2206","0","61.92","38.85"
"10","007","00","019","1907","0853","658","422","236","39","697","1085","0","64.24","38.89"
"10","007","00","019","1907","0854","625","435","190","44","669","1121","0","59.68","38.8"
"10","007","00","019","1908","0000","1635","994","641","85","1720","3017","0","57.01","32.95"
"10","007","00","019","1908","0855","481","307","174","29","510","830","0","61.45","36.99"
"10","007","00","019","1908","0856","515","307","208","29","544","975","0","55.79","31.49"
"10","007","00","019","1908","0857","639","380","259","27","666","1212","0","54.95","31.35"
"10","007","00","019","1909","0000","738","478","260","43","781","1302","0","59.98","36.71"
"10","007","00","019","1909","0858","738","478","260","43","781","1302","0","59.98","36.71"
"10","007","00","019","1910","0000","2554","1568","986","158","2712","4597","0","58.99","34.11"
"10","007","00","019","1910","0838","642","402","240","36","678","1124","0","60.32","35.77"
"10","007","00","019","1910","0839","637","379","258","36","673","1096","0","61.41","34.58"
"10","007","00","019","1910","0840","682","428","254","33","715","1213","0","58.94","35.28"
"10","007","00","019","1910","0841","593","359","234","53","646","1164","0","55.5","30.84"
"10","007","00","019","1911","0000","870","531","339","42","912","1608","0","56.72","33.02"
"10","007","00","019","1911","0842","397","247","150","20","417","730","0","57.12","33.84"
"10","007","00","019","1911","0843","473","284","189","22","495","878","0","56.38","32.35"
"10","007","00","019","1912","0000","1494","993","501","113","1607","2649","0","60.66","37.49"
"10","007","00","019","1912","0833","477","331","146","45","522","925","0","56.43","35.78"
"10","007","00","019","1912","0834","493","328","165","39","532","869","0","61.22","37.74"
"10","007","00","019","1912","0835","524","334","190","29","553","855","0","64.68","39.06"
"10","007","00","019","1913","0000","1098","690","408","83","1181","1893","0","62.39","36.45"
"10","007","00","019","1913","0836","636","412","224","39","675","1065","0","63.38","38.69"
"10","007","00","019","1913","0837","462","278","184","44","506","828","0","61.11","33.57"
"10","007","00","019","1914","0000","975","592","383","73","1048","1994","0","52.56","29.69"
"10","007","00","019","1914","0859","506","313","193","33","539","1077","0","50.05","29.06"
"10","007","00","019","1914","0860","469","279","190","40","509","917","0","55.51","30.43"
"10","007","00","019","1915","0000","975","578","397","51","1026","1762","0","58.23","32.8"
"10","007","00","019","1915","0861","446","257","189","21","467","825","0","56.61","31.15"
"10","007","00","019","1915","0862","529","321","208","30","559","937","0","59.66","34.26"
"10","007","00","020","0000","0000","21326","13211","8115","1492","22818","42976","50709","53.09","30.74"
"10","007","00","020","2001","0000","1181","738","443","70","1251","2148","0","58.24","34.36"
"10","007","00","020","2001","0945","490","315","175","28","518","892","0","58.07","35.31"
"10","007","00","020","2001","0946","691","423","268","42","733","1256","0","58.36","33.68"
"10","007","00","020","2002","0000","1757","1016","741","107","1864","3201","0","58.23","31.74"
"10","007","00","020","2002","0947","532","314","218","41","573","1043","0","54.94","30.11"
"10","007","00","020","2002","0948","620","349","271","29","649","1076","0","60.32","32.43"
"10","007","00","020","2002","0949","605","353","252","37","642","1082","0","59.33","32.62"
"10","007","00","020","2003","0000","737","640","97","41","778","1427","0","54.52","44.85"
"10","007","00","020","2003","0950","737","640","97","41","778","1427","0","54.52","44.85"
"10","007","00","020","2004","0000","1489","859","630","117","1606","3040","0","52.83","28.26"
"10","007","00","020","2004","0951","485","290","195","42","527","1030","0","51.17","28.16"
"10","007","00","020","2004","0952","499","280","219","37","536","1033","0","51.89","27.11"
"10","007","00","020","2004","0953","505","289","216","38","543","977","0","55.58","29.58"
"10","007","00","020","2005","0000","783","494","289","82","865","1658","0","52.17","29.79"
"10","007","00","020","2005","0954","334","204","130","19","353","683","0","51.68","29.87"
"10","007","00","020","2005","0955","449","290","159","63","512","975","0","52.51","29.74"
"10","007","00","020","2006","0000","556","342","214","49","605","1336","0","45.28","25.6"
"10","007","00","020","2006","0956","556","342","214","49","605","1336","0","45.28","25.6"
"10","007","00","020","2007","0000","437","248","189","48","485","1019","0","47.6","24.34"
"10","007","00","020","2007","0957","437","248","189","48","485","1019","0","47.6","24.34"
"10","007","00","020","2008","0000","407","217","190","37","444","1003","0","44.27","21.64"
"10","007","00","020","2008","0958","407","217","190","37","444","1003","0","44.27","21.64"
"10","007","00","020","2009","0000","606","386","220","44","650","1151","0","56.47","33.54"
"10","007","00","020","2009","0959","606","386","220","44","650","1151","0","56.47","33.54"
"10","007","00","020","2010","0000","841","521","320","69","910","1598","0","56.95","32.6"
"10","007","00","020","2010","0960","841","521","320","69","910","1598","0","56.95","32.6"
"10","007","00","020","2011","0000","1692","1079","613","101","1793","3259","0","55.02","33.11"
"10","007","00","020","2011","0961","753","470","283","50","803","1488","0","53.97","31.59"
"10","007","00","020","2011","0962","939","609","330","51","990","1771","0","55.9","34.39"
"10","007","00","020","2012","0000","1275","757","518","93","1368","2540","0","53.86","29.8"
"10","007","00","020","2012","0942","293","182","111","31","324","731","0","44.32","24.9"
"10","007","00","020","2012","0943","549","329","220","40","589","1025","0","57.46","32.1"
"10","007","00","020","2012","0944","433","246","187","22","455","784","0","58.04","31.38"
"10","007","00","020","2013","0000","552","321","231","35","587","1360","0","43.16","23.6"
"10","007","00","020","2013","0963","552","321","231","35","587","1360","0","43.16","23.6"
"10","007","00","020","2014","0000","708","436","272","50","758","1613","0","46.99","27.03"
"10","007","00","020","2014","0964","708","436","272","50","758","1613","0","46.99","27.03"
"10","007","00","020","2015","0000","577","362","215","64","641","1228","0","52.2","29.48"
"10","007","00","020","2015","0965","577","362","215","64","641","1228","0","52.2","29.48"
"10","007","00","020","2016","0000","423","264","159","16","439","771","0","56.94","34.24"
"10","007","00","020","2016","0966","423","264","159","16","439","771","0","56.94","34.24"
"10","007","00","020","2017","0000","786","485","301","25","811","1519","0","53.39","31.93"
"10","007","00","020","2017","0967","487","302","185","21","508","858","0","59.21","35.2"
"10","007","00","020","2017","0968","299","183","116","4","303","661","0","45.84","27.69"
"10","007","00","020","2018","0000","583","353","230","56","639","1268","0","50.39","27.84"
"10","007","00","020","2018","0969","583","353","230","56","639","1268","0","50.39","27.84"
"10","007","00","020","2019","0000","508","321","187","22","530","1081","0","49.03","29.69"
"10","007","00","020","2019","0970","508","321","187","22","530","1081","0","49.03","29.69"
"10","007","00","020","2020","0000","1757","1076","681","111","1868","3659","0","51.05","29.41"
"10","007","00","020","2020","0971","567","351","216","27","594","1213","0","48.97","28.94"
"10","007","00","020","2020","0972","711","427","284","29","740","1328","0","55.72","32.15"
"10","007","00","020","2020","0973","479","298","181","55","534","1118","0","47.76","26.65"
"10","007","00","020","2021","0000","449","285","164","30","479","972","0","49.28","29.32"
"10","007","00","020","2021","0975","449","285","164","30","479","972","0","49.28","29.32"
"10","007","00","020","2022","0000","595","399","196","40","635","1157","0","54.88","34.49"
"10","007","00","020","2022","0974","595","399","196","40","635","1157","0","54.88","34.49"
"10","007","00","020","2023","0000","452","269","183","33","485","902","0","53.77","29.82"
"10","007","00","020","2023","0976","452","269","183","33","485","902","0","53.77","29.82"
"10","007","00","020","2024","0000","767","489","278","37","804","1273","0","63.16","38.41"
"10","007","00","020","2024","0977","767","489","278","37","804","1273","0","63.16","38.41"
"10","007","00","020","2025","0000","558","329","229","29","587","1087","0","54.0","30.27"
"10","007","00","020","2025","0978","558","329","229","29","587","1087","0","54.0","30.27"
"10","007","00","020","2026","0000","525","327","198","64","589","987","0","59.68","33.13"
"10","007","00","020","2026","0979","525","327","198","64","589","987","0","59.68","33.13"
"10","007","00","020","2027","0000","325","198","127","22","347","719","0","48.26","27.54"
"10","007","00","020","2027","0980","325","198","127","22","347","719","0","48.26","27.54"
"10","007","00","021","0000","0000","12899","7969","4930","879","13778","23179","27346","59.44","34.38"
"10","007","00","021","2101","0000","626","378","248","45","671","1284","0","52.26","29.44"
"10","007","00","021","2101","0863","626","378","248","45","671","1284","0","52.26","29.44"
"10","007","00","021","2102","0000","561","353","208","45","606","874","0","69.34","40.39"
"10","007","00","021","2102","0873","561","353","208","45","606","874","0","69.34","40.39"
"10","007","00","021","2103","0000","1489","974","515","89","1578","2562","0","61.59","38.02"
"10","007","00","021","2103","0871","789","507","282","52","841","1376","0","61.12","36.85"
"10","007","00","021","2103","0872","700","467","233","37","737","1186","0","62.14","39.38"
"10","007","00","021","2104","0000","629","394","235","60","689","1079","0","63.86","36.52"
"10","007","00","021","2104","0882","629","394","235","60","689","1079","0","63.86","36.52"
"10","007","00","021","2105","0000","395","223","172","19","414","760","0","54.47","29.34"
"10","007","00","021","2105","0886","395","223","172","19","414","760","0","54.47","29.34"
"10","007","00","021","2106","0000","635","355","280","66","701","1084","0","64.67","32.75"
"10","007","00","021","2106","0887","635","355","280","66","701","1084","0","64.67","32.75"
"10","007","00","021","2107","0000","615","367","248","37","652","1198","0","54.42","30.63"
"10","007","00","021","2107","0884","615","367","248","37","652","1198","0","54.42","30.63"
"10","007","00","021","2108","0000","320","190","130","35","355","621","0","57.17","30.6"
"10","007","00","021","2108","0885","320","190","130","35","355","621","0","57.17","30.6"
"10","007","00","021","2109","0000","725","407","318","52","777","1336","0","58.16","30.46"
"10","007","00","021","2109","0883","725","407","318","52","777","1336","0","58.16","30.46"
"10","007","00","021","2110","0000","686","439","247","44","730","1337","0","54.6","32.83"
"10","007","00","021","2110","0870","686","439","247","44","730","1337","0","54.6","32.83"
"10","007","00","021","2111","0000","881","526","355","55","936","1555","0","60.19","33.83"
"10","007","00","021","2111","0868","355","213","142","22","377","680","0","55.44","31.32"
"10","007","00","021","2111","0869","526","313","213","33","559","875","0","63.89","35.77"
"10","007","00","021","2112","0000","676","417","259","51","727","1187","0","61.25","35.13"
"10","007","00","021","2112","0864","676","417","259","51","727","1187","0","61.25","35.13"
"10","007","00","021","2113","0000","991","647","344","66","1057","1729","0","61.13","37.42"
"10","007","00","021","2113","0865","588","367","221","42","630","1033","0","60.99","35.53"
"10","007","00","021","2113","0866","403","280","123","24","427","696","0","61.35","40.23"
"10","007","00","021","2114","0000","582","368","214","20","602","938","0","64.18","39.23"
"10","007","00","021","2114","0878","582","368","214","20","602","938","0","64.18","39.23"
"10","007","00","021","2115","0000","523","327","196","41","564","880","0","64.09","37.16"
"10","007","00","021","2115","0879","523","327","196","41","564","880","0","64.09","37.16"
"10","007","00","021","2116","0000","718","420","298","41","759","1396","0","54.37","30.09"
"10","007","00","021","2116","0880","407","249","158","23","430","804","0","53.48","30.97"
"10","007","00","021","2116","0881","311","171","140","18","329","592","0","55.57","28.89"
"10","007","00","021","2117","0000","900","567","333","41","941","1606","0","58.59","35.31"
"10","007","00","021","2117","0874","347","207","140","19","366","647","0","56.57","31.99"
"10","007","00","021","2117","0875","553","360","193","22","575","959","0","59.96","37.54"
"10","007","00","021","2118","0000","130","82","48","14","144","263","0","54.75","31.18"
"10","007","00","021","2118","0876","130","82","48","14","144","263","0","54.75","31.18"
"10","007","00","021","2119","0000","308","202","106","29","337","618","0","54.53","32.69"
"10","007","00","021","2119","0877","308","202","106","29","337","618","0","54.53","32.69"
"10","007","00","021","2120","0000","509","333","176","29","538","872","0","61.7","38.19"
"10","007","00","021","2120","0867","509","333","176","29","538","872","0","61.7","38.19"
"10","007","00","022","0000","0000","12861","7832","5029","1146","14007","25677","30536","54.55","30.5"
"10","007","00","022","2201","0000","1172","721","451","83","1255","2468","0","50.85","29.21"
"10","007","00","022","2201","0888","526","340","186","45","571","1178","0","48.47","28.86"
"10","007","00","022","2201","0889","646","381","265","38","684","1290","0","53.02","29.53"
"10","007","00","022","2202","0000","871","491","380","83","954","1756","0","54.33","27.96"
"10","007","00","022","2202","0890","482","258","224","52","534","973","0","54.88","26.52"
"10","007","00","022","2202","0891","389","233","156","31","420","783","0","53.64","29.76"
"10","007","00","022","2203","0000","848","478","370","99","947","1632","0","58.03","29.29"
"10","007","00","022","2203","0892","377","215","162","41","418","733","0","57.03","29.33"
"10","007","00","022","2203","0893","471","263","208","58","529","899","0","58.84","29.25"
"10","007","00","022","2204","0000","1155","717","438","103","1258","2321","0","54.2","30.89"
"10","007","00","022","2204","0894","487","277","210","57","544","965","0","56.37","28.7"
"10","007","00","022","2204","0895","668","440","228","46","714","1356","0","52.65","32.45"
"10","007","00","022","2205","0000","651","395","256","43","694","1265","0","54.86","31.23"
"10","007","00","022","2205","0896","651","395","256","43","694","1265","0","54.86","31.23"
"10","007","00","022","2206","0000","849","553","296","75","924","1582","0","58.41","34.96"
"10","007","00","022","2206","0897","503","342","161","39","542","877","0","61.8","39.0"
"10","007","00","022","2206","0898","346","211","135","36","382","705","0","54.18","29.93"
"10","007","00","022","2207","0000","1824","1173","651","123","1947","3285","0","59.27","35.71"
"10","007","00","022","2207","0899","623","387","236","34","657","1062","0","61.86","36.44"
"10","007","00","022","2207","0900","709","463","246","41","750","1300","0","57.69","35.62"
"10","007","00","022","2207","0901","492","323","169","48","540","923","0","58.5","34.99"
"10","007","00","022","2208","0000","1124","692","432","101","1225","2188","0","55.99","31.63"
"10","007","00","022","2208","0902","528","335","193","43","571","1085","0","52.63","30.88"
"10","007","00","022","2208","0903","596","357","239","58","654","1103","0","59.29","32.37"
"10","007","00","022","2209","0000","366","216","150","22","388","735","0","52.79","29.39"
"10","007","00","022","2209","0904","366","216","150","22","388","735","0","52.79","29.39"
"10","007","00","022","2210","0000","287","145","142","29","316","574","0","55.05","25.26"
"10","007","00","022","2210","0905","287","145","142","29","316","574","0","55.05","25.26"
"10","007","00","022","2211","0000","721","453","268","73","794","1504","0","52.79","30.12"
"10","007","00","022","2211","0906","348","219","129","39","387","767","0","50.46","28.55"
"10","007","00","022","2211","0907","373","234","139","34","407","737","0","55.22","31.75"
"10","007","00","022","2212","0000","385","194","191","53","438","1058","0","41.4","18.34"
"10","007","00","022","2212","0908","385","194","191","53","438","1058","0","41.4","18.34"
"10","007","00","022","2213","0000","364","219","145","63","427","826","0","51.69","26.51"
"10","007","00","022","2213","0909","364","219","145","63","427","826","0","51.69","26.51"
"10","007","00","022","2214","0000","484","302","182","66","550","1082","0","50.83","27.91"
"10","007","00","022","2214","0910","484","302","182","66","550","1082","0","50.83","27.91"
"10","007","00","022","2215","0000","764","459","305","58","822","1448","0","56.77","31.7"
"10","007","00","022","2215","0911","406","252","154","42","448","737","0","60.79","34.19"
"10","007","00","022","2215","0912","358","207","151","16","374","711","0","52.6","29.11"
"10","007","00","022","2216","0000","552","349","203","48","600","1043","0","57.53","33.46"
"10","007","00","022","2216","0913","552","349","203","48","600","1043","0","57.53","33.46"
"10","007","00","022","2217","0000","444","275","169","24","468","910","0","51.43","30.22"
"10","007","00","022","2217","0914","444","275","169","24","468","910","0","51.43","30.22"
"10","007","00","023","0000","0000","13251","8085","5166","1238","14489","29291","33549","49.47","27.6"
"10","007","00","023","2301","0000","300","183","117","37","337","940","0","35.85","19.47"
"10","007","00","023","2301","0998","300","183","117","37","337","940","0","35.85","19.47"
"10","007","00","023","2302","0000","147","97","50","23","170","403","0","42.18","24.07"
"10","007","00","023","2302","0999","147","97","50","23","170","403","0","42.18","24.07"
"10","007","00","023","2303","0000","350","215","135","30","380","756","0","50.26","28.44"
"10","007","00","023","2303","1000","350","215","135","30","380","756","0","50.26","28.44"
"10","007","00","023","2304","0000","157","97","60","21","178","548","0","32.48","17.7"
"10","007","00","023","2304","1001","157","97","60","21","178","548","0","32.48","17.7"
"10","007","00","023","2305","0000","482","294","188","40","522","997","0","52.36","29.49"
"10","007","00","023","2305","1002","482","294","188","40","522","997","0","52.36","29.49"
"10","007","00","023","2306","0000","945","530","415","92","1037","2159","0","48.03","24.55"
"10","007","00","023","2306","1003","542","307","235","52","594","1300","0","45.69","23.62"
"10","007","00","023","2306","1004","403","223","180","40","443","859","0","51.57","25.96"
"10","007","00","023","2307","0000","652","375","277","38","690","1370","0","50.36","27.37"
"10","007","00","023","2307","1005","371","220","151","14","385","734","0","52.45","29.97"
"10","007","00","023","2307","1006","281","155","126","24","305","636","0","47.96","24.37"
"10","007","00","023","2308","0000","183","118","65","15","198","470","0","42.13","25.11"
"10","007","00","023","2308","1022","183","118","65","15","198","470","0","42.13","25.11"
"10","007","00","023","2309","0000","262","143","119","33","295","668","0","44.16","21.41"
"10","007","00","023","2309","1008","262","143","119","33","295","668","0","44.16","21.41"
"10","007","00","023","2310","0000","344","184","160","34","378","744","0","50.81","24.73"
"10","007","00","023","2310","1009","344","184","160","34","378","744","0","50.81","24.73"
"10","007","00","023","2311","0000","487","311","176","59","546","1026","0","53.22","30.31"
"10","007","00","023","2311","1010","487","311","176","59","546","1026","0","53.22","30.31"
"10","007","00","023","2312","0000","231","138","93","14","245","586","0","41.81","23.55"
"10","007","00","023","2312","1011","231","138","93","14","245","586","0","41.81","23.55"
"10","007","00","023","2313","0000","280","161","119","35","315","593","0","53.12","27.15"
"10","007","00","023","2313","1012","280","161","119","35","315","593","0","53.12","27.15"
"10","007","00","023","2314","0000","334","196","138","49","383","808","0","47.4","24.26"
"10","007","00","023","2314","1007","334","196","138","49","383","808","0","47.4","24.26"
"10","007","00","023","2315","0000","931","581","350","97","1028","2131","0","48.24","27.26"
"10","007","00","023","2315","1013","524","353","171","44","568","1071","0","53.03","32.96"
"10","007","00","023","2315","1014","407","228","179","53","460","1060","0","43.4","21.51"
"10","007","00","023","2316","0000","374","252","122","18","392","708","0","55.37","35.59"
"10","007","00","023","2316","1015","374","252","122","18","392","708","0","55.37","35.59"
"10","007","00","023","2317","0000","329","209","120","36","365","735","0","49.66","28.44"
"10","007","00","023","2317","1016","329","209","120","36","365","735","0","49.66","28.44"
"10","007","00","023","2318","0000","323","219","104","35","358","674","0","53.12","32.49"
"10","007","00","023","2318","1019","323","219","104","35","358","674","0","53.12","32.49"
"10","007","00","023","2319","0000","600","374","226","60","660","1300","0","50.77","28.77"
"10","007","00","023","2319","1017","306","181","125","30","336","571","0","58.84","31.7"
"10","007","00","023","2319","1018","294","193","101","30","324","729","0","44.44","26.47"
"10","007","00","023","2320","0000","858","541","317","53","911","1652","0","55.15","32.75"
"10","007","00","023","2320","1020","411","242","169","24","435","846","0","51.42","28.61"
"10","007","00","023","2320","1021","447","299","148","29","476","806","0","59.06","37.1"
"10","007","00","023","2321","0000","707","434","273","61","768","1441","0","53.3","30.12"
"10","007","00","023","2321","1023","572","351","221","44","616","1124","0","54.8","31.23"
"10","007","00","023","2321","1024","135","83","52","17","152","317","0","47.95","26.18"
"10","007","00","023","2322","0000","445","248","197","36","481","1086","0","44.29","22.84"
"10","007","00","023","2322","1028","445","248","197","36","481","1086","0","44.29","22.84"
"10","007","00","023","2323","0000","879","558","321","83","962","2125","0","45.27","26.26"
"10","007","00","023","2323","1025","445","272","173","54","499","1158","0","43.09","23.49"
"10","007","00","023","2323","1026","434","286","148","29","463","967","0","47.88","29.58"
"10","007","00","023","2324","0000","365","217","148","44","409","762","0","53.67","28.48"
"10","007","00","023","2324","1027","365","217","148","44","409","762","0","53.67","28.48"
"10","007","00","023","2325","0000","582","353","229","52","634","1400","0","45.29","25.21"
"10","007","00","023","2325","1029","338","210","128","30","368","747","0","49.26","28.11"
"10","007","00","023","2325","1030","244","143","101","22","266","653","0","40.74","21.9"
"10","007","00","023","2326","0000","1704","1057","647","143","1847","3209","0","57.56","32.94"
"10","007","00","023","2326","1031","470","306","164","44","514","872","0","58.94","35.09"
"10","007","00","023","2326","1032","691","423","268","54","745","1235","0","60.32","34.25"
"10","007","00","023","2326","1033","543","328","215","45","588","1102","0","53.36","29.76"
"10","007","00","024","0000","0000","5266","3240","2026","488","5754","14713","16781","39.11","22.02"
"10","007","00","024","2401","0000","377","232","145","51","428","1104","0","38.77","21.01"
"10","007","00","024","2401","0982","377","232","145","51","428","1104","0","38.77","21.01"
"10","007","00","024","2402","0000","395","244","151","39","434","1092","0","39.74","22.34"
"10","007","00","024","2402","0986","167","108","59","17","184","518","0","35.52","20.85"
"10","007","00","024","2402","0987","228","136","92","22","250","574","0","43.55","23.69"
"10","007","00","024","2403","0000","553","351","202","55","608","1312","0","46.34","26.75"
"10","007","00","024","2403","0984","553","351","202","55","608","1312","0","46.34","26.75"
"10","007","00","024","2404","0000","322","208","114","44","366","853","0","42.91","24.38"
"10","007","00","024","2404","0985","322","208","114","44","366","853","0","42.91","24.38"
"10","007","00","024","2405","0000","502","328","174","39","541","964","0","56.12","34.02"
"10","007","00","024","2405","0983","502","328","174","39","541","964","0","56.12","34.02"
"10","007","00","024","2406","0000","394","254","140","31","425","1103","0","38.53","23.03"
"10","007","00","024","2406","0993","394","254","140","31","425","1103","0","38.53","23.03"
"10","007","00","024","2407","0000","429","263","166","26","455","1288","0","35.33","20.42"
"10","007","00","024","2407","0981","429","263","166","26","455","1288","0","35.33","20.42"
"10","007","00","024","2408","0000","239","130","109","29","268","702","0","38.18","18.52"
"10","007","00","024","2408","0988","239","130","109","29","268","702","0","38.18","18.52"
"10","007","00","024","2409","0000","212","137","75","18","230","686","0","33.53","19.97"
"10","007","00","024","2409","0996","212","137","75","18","230","686","0","33.53","19.97"
"10","007","00","024","2410","0000","308","190","118","28","336","1069","0","31.43","17.77"
"10","007","00","024","2410","0989","109","55","54","10","119","376","0","31.65","14.63"
"10","007","00","024","2410","0990","199","135","64","18","217","693","0","31.31","19.48"
"10","007","00","024","2411","0000","272","164","108","20","292","899","0","32.48","18.24"
"10","007","00","024","2411","0997","272","164","108","20","292","899","0","32.48","18.24"
"10","007","00","024","2412","0000","390","221","169","27","417","1192","0","34.98","18.54"
"10","007","00","024","2412","0994","390","221","169","27","417","1192","0","34.98","18.54"
"10","007","00","024","2413","0000","339","211","128","22","361","917","0","39.37","23.01"
"10","007","00","024","2413","0995","339","211","128","22","361","917","0","39.37","23.01"
"10","007","00","024","2414","0000","346","206","140","41","387","877","0","44.13","23.49"
"10","007","00","024","2414","0991","346","206","140","41","387","877","0","44.13","23.49"
"10","007","00","024","2415","0000","188","101","87","18","206","655","0","31.45","15.42"
"10","007","00","024","2415","0992","188","101","87","18","206","655","0","31.45","15.42"
"10","007","00","025","0000","0000","6472","3755","2717","558","7030","12821","15117","54.83","29.29"
"10","007","00","025","2501","0000","632","388","244","48","680","1168","0","58.22","33.22"
"10","007","00","025","2501","1034","632","388","244","48","680","1168","0","58.22","33.22"
"10","007","00","025","2502","0000","1118","675","443","59","1177","1925","0","61.14","35.06"
"10","007","00","025","2502","1035","558","336","222","17","575","965","0","59.59","34.82"
"10","007","00","025","2502","1036","560","339","221","42","602","960","0","62.71","35.31"
"10","007","00","025","2503","0000","439","161","278","42","481","743","0","64.74","21.67"
"10","007","00","025","2503","1037","439","161","278","42","481","743","0","64.74","21.67"
"10","007","00","025","2504","0000","307","172","135","36","343","751","0","45.67","22.9"
"10","007","00","025","2504","1038","307","172","135","36","343","751","0","45.67","22.9"
"10","007","00","025","2505","0000","695","426","269","46","741","1525","0","48.59","27.93"
"10","007","00","025","2505","1039","354","230","124","31","385","792","0","48.61","29.04"
"10","007","00","025","2505","1040","341","196","145","15","356","733","0","48.57","26.74"
"10","007","00","025","2506","0000","330","207","123","29","359","657","0","54.64","31.51"
"10","007","00","025","2506","1041","330","207","123","29","359","657","0","54.64","31.51"
"10","007","00","025","2507","0000","531","329","202","40","571","1063","0","53.72","30.95"
"10","007","00","025","2507","1042","531","329","202","40","571","1063","0","53.72","30.95"
"10","007","00","025","2508","0000","580","328","252","60","640","1114","0","57.45","29.44"
"10","007","00","025","2508","1043","580","328","252","60","640","1114","0","57.45","29.44"
"10","007","00","025","2509","0000","317","198","119","22","339","506","0","67.0","39.13"
"10","007","00","025","2509","1044","317","198","119","22","339","506","0","67.0","39.13"
"10","007","00","025","2510","0000","383","193","190","44","427","823","0","51.88","23.45"
"10","007","00","025","2510","1045","383","193","190","44","427","823","0","51.88","23.45"
"10","007","00","025","2511","0000","314","184","130","23","337","654","0","51.53","28.13"
"10","007","00","025","2511","1046","314","184","130","23","337","654","0","51.53","28.13"
"10","007","00","025","2512","0000","257","170","87","15","272","577","0","47.14","29.46"
"10","007","00","025","2512","1047","257","170","87","15","272","577","0","47.14","29.46"
"10","007","00","025","2513","0000","364","205","159","47","411","772","0","53.24","26.55"
"10","007","00","025","2513","1048","364","205","159","47","411","772","0","53.24","26.55"
"10","007","00","025","2514","0000","205","119","86","47","252","543","0","46.41","21.92"
"10","007","00","025","2514","1049","205","119","86","47","252","543","0","46.41","21.92"
"10","007","00","026","0000","0000","12376","7390","4986","905","13281","25405","29797","52.28","29.09"
"10","007","00","026","2601","0000","909","562","347","51","960","1839","0","52.2","30.56"
"10","007","00","026","2601","0915","405","264","141","27","432","778","0","55.53","33.93"
"10","007","00","026","2601","0916","504","298","206","24","528","1061","0","49.76","28.09"
"10","007","00","026","2602","0000","601","374","227","50","651","1409","0","46.2","26.54"
"10","007","00","026","2602","0925","601","374","227","50","651","1409","0","46.2","26.54"
"10","007","00","026","2603","0000","482","288","194","48","530","1157","0","45.81","24.89"
"10","007","00","026","2603","0930","482","288","194","48","530","1157","0","45.81","24.89"
"10","007","00","026","2604","0000","782","446","336","49","831","1490","0","55.77","29.93"
"10","007","00","026","2604","0941","782","446","336","49","831","1490","0","55.77","29.93"
"10","007","00","026","2605","0000","343","225","118","24","367","701","0","52.35","32.1"
"10","007","00","026","2605","0917","343","225","118","24","367","701","0","52.35","32.1"
"10","007","00","026","2606","0000","764","476","288","47","811","1506","0","53.85","31.61"
"10","007","00","026","2606","0926","414","266","148","11","425","792","0","53.66","33.59"
"10","007","00","026","2606","0927","350","210","140","36","386","714","0","54.06","29.41"
"10","007","00","026","2607","0000","399","235","164","41","440","843","0","52.19","27.88"
"10","007","00","026","2607","0936","399","235","164","41","440","843","0","52.19","27.88"
"10","007","00","026","2608","0000","518","337","181","30","548","879","0","62.34","38.34"
"10","007","00","026","2608","0918","518","337","181","30","548","879","0","62.34","38.34"
"10","007","00","026","2609","0000","893","502","391","83","976","2071","0","47.13","24.24"
"10","007","00","026","2609","0928","496","292","204","45","541","1109","0","48.78","26.33"
"10","007","00","026","2609","0929","397","210","187","38","435","962","0","45.22","21.83"
"10","007","00","026","2610","0000","257","148","109","15","272","711","0","38.26","20.82"
"10","007","00","026","2610","0937","257","148","109","15","272","711","0","38.26","20.82"
"10","007","00","026","2611","0000","887","456","431","50","937","1532","0","61.16","29.77"
"10","007","00","026","2611","0919","403","160","243","29","432","654","0","66.06","24.46"
"10","007","00","026","2611","0920","484","296","188","21","505","878","0","57.52","33.71"
"10","007","00","026","2612","0000","897","523","374","78","975","1839","0","53.02","28.44"
"10","007","00","026","2612","0931","460","278","182","38","498","952","0","52.31","29.2"
"10","007","00","026","2612","0932","437","245","192","40","477","887","0","53.78","27.62"
"10","007","00","026","2613","0000","422","272","150","50","472","851","0","55.46","31.96"
"10","007","00","026","2613","0938","422","272","150","50","472","851","0","55.46","31.96"
"10","007","00","026","2614","0000","1013","638","375","53","1066","1813","0","58.8","35.19"
"10","007","00","026","2614","0921","554","344","210","28","582","942","0","61.78","36.52"
"10","007","00","026","2614","0922","459","294","165","25","484","871","0","55.57","33.75"
"10","007","00","026","2615","0000","788","426","362","85","873","1876","0","46.54","22.71"
"10","007","00","026","2615","0933","349","185","164","36","385","866","0","44.46","21.36"
"10","007","00","026","2615","0934","439","241","198","49","488","1010","0","48.32","23.86"
"10","007","00","026","2616","0000","591","384","207","43","634","1247","0","50.84","30.79"
"10","007","00","026","2616","0940","591","384","207","43","634","1247","0","50.84","30.79"
"10","007","00","026","2617","0000","1008","628","380","57","1065","1905","0","55.91","32.97"
"10","007","00","026","2617","0923","534","364","170","23","557","1047","0","53.2","34.77"
"10","007","00","026","2617","0924","474","264","210","34","508","858","0","59.21","30.77"
"10","007","00","026","2618","0000","409","220","189","19","428","853","0","50.18","25.79"
"10","007","00","026","2618","0935","409","220","189","19","428","853","0","50.18","25.79"
"10","007","00","026","2619","0000","413","250","163","32","445","883","0","50.4","28.31"
"10","007","00","026","2619","0939","413","250","163","32","445","883","0","50.4","28.31"
"10","008","00","000","0000","0000","234921","143356","91565","14026","248947","427089","497876","58.29","33.57"
"10","008","00","001","0000","0000","48921","30688","18233","2370","51291","84328","99538","60.82","36.39"
"10","008","00","001","0101","0000","548","343","205","21","569","927","0","61.38","37.0"
"10","008","00","001","0101","0001","548","343","205","21","569","927","0","61.38","37.0"
"10","008","00","001","0102","0000","909","567","342","42","951","1440","0","66.04","39.38"
"10","008","00","001","0102","0002","431","282","149","24","455","667","0","68.22","42.28"
"10","008","00","001","0102","0003","478","285","193","18","496","773","0","64.17","36.87"
"10","008","00","001","0103","0000","489","304","185","29","518","818","0","63.33","37.16"
"10","008","00","001","0103","0004","489","304","185","29","518","818","0","63.33","37.16"
"10","008","00","001","0104","0000","336","211","125","20","356","525","0","67.81","40.19"
"10","008","00","001","0104","0005","336","211","125","20","356","525","0","67.81","40.19"
"10","008","00","001","0105","0000","361","218","143","22","383","575","0","66.61","37.91"
"10","008","00","001","0105","0006","361","218","143","22","383","575","0","66.61","37.91"
"10","008","00","001","0106","0000","249","161","88","7","256","368","0","69.57","43.75"
"10","008","00","001","0106","0007","249","161","88","7","256","368","0","69.57","43.75"
"10","008","00","001","0107","0000","602","420","182","31","633","956","0","66.21","43.93"
"10","008","00","001","0107","0008","602","420","182","31","633","956","0","66.21","43.93"
"10","008","00","001","0108","0000","1627","1033","594","72","1699","2632","0","64.55","39.25"
"10","008","00","001","0108","0058","854","534","320","39","893","1387","0","64.38","38.5"
"10","008","00","001","0108","0059","773","499","274","33","806","1245","0","64.74","40.08"
"10","008","00","001","0109","0000","4131","2744","1387","188","4319","7018","0","61.54","39.1"
"10","008","00","001","0109","0060","679","590","89","28","707","1199","0","58.97","49.21"
"10","008","00","001","0109","0061","753","487","266","42","795","1288","0","61.72","37.81"
"10","008","00","001","0109","0062","593","370","223","30","623","1040","0","59.9","35.58"
"10","008","00","001","0109","0063","634","375","259","29","663","1070","0","61.96","35.05"
"10","008","00","001","0109","0064","792","481","311","27","819","1299","0","63.05","37.03"
"10","008","00","001","0109","0065","680","441","239","32","712","1122","0","63.46","39.3"
"10","008","00","001","0110","0000","2454","1499","955","117","2571","4543","0","56.59","33.0"
"10","008","00","001","0110","0032","756","488","268","33","789","1356","0","58.19","35.99"
"10","008","00","001","0110","0033","714","396","318","40","754","1373","0","54.92","28.84"
"10","008","00","001","0110","0034","781","485","296","34","815","1452","0","56.13","33.4"
"10","008","00","001","0110","0035","203","130","73","10","213","362","0","58.84","35.91"
"10","008","00","001","0111","0000","213","114","99","22","235","389","0","60.41","29.31"
"10","008","00","001","0111","0036","213","114","99","22","235","389","0","60.41","29.31"
"10","008","00","001","0112","0000","3509","2243","1266","169","3678","5992","0","61.38","37.43"
"10","008","00","001","0112","0022","531","352","179","20","551","960","0","57.4","36.67"
"10","008","00","001","0112","0023","523","344","179","35","558","906","0","61.59","37.97"
"10","008","00","001","0112","0024","568","367","201","30","598","957","0","62.49","38.35"
"10","008","00","001","0112","0025","624","394","230","31","655","997","0","65.7","39.52"
"10","008","00","001","0112","0026","600","378","222","30","630","1008","0","62.5","37.5"
"10","008","00","001","0112","0027","663","408","255","23","686","1164","0","58.93","35.05"
"10","008","00","001","0113","0000","1112","651","461","86","1198","2045","0","58.58","31.83"
"10","008","00","001","0113","0028","336","197","139","14","350","587","0","59.63","33.56"
"10","008","00","001","0113","0029","387","216","171","29","416","734","0","56.68","29.43"
"10","008","00","001","0113","0030","389","238","151","43","432","724","0","59.67","32.87"
"10","008","00","001","0114","0000","572","376","196","27","599","1003","0","59.72","37.49"
"10","008","00","001","0114","0031","572","376","196","27","599","1003","0","59.72","37.49"
"10","008","00","001","0115","0000","3113","1967","1146","104","3217","5426","0","59.29","36.25"
"10","008","00","001","0115","0009","652","412","240","20","672","1245","0","53.98","33.09"
"10","008","00","001","0115","0010","830","527","303","12","842","1484","0","56.74","35.51"
"10","008","00","001","0115","0011","755","491","264","28","783","1191","0","65.74","41.23"
"10","008","00","001","0115","0012","876","537","339","44","920","1506","0","61.09","35.66"
"10","008","00","001","0116","0000","1715","1059","656","89","1804","2790","0","64.66","37.96"
"10","008","00","001","0116","0013","644","376","268","31","675","1070","0","63.08","35.14"
"10","008","00","001","0116","0014","407","265","142","21","428","670","0","63.88","39.55"
"10","008","00","001","0116","0015","664","418","246","37","701","1050","0","66.76","39.81"
"10","008","00","001","0117","0000","1111","637","474","63","1174","2106","0","55.75","30.25"
"10","008","00","001","0117","0016","582","352","230","34","616","1122","0","54.9","31.37"
"10","008","00","001","0117","0017","529","285","244","29","558","984","0","56.71","28.96"
"10","008","00","001","0118","0000","2600","1520","1080","147","2747","4411","0","62.28","34.46"
"10","008","00","001","0118","0018","678","405","273","31","709","1062","0","66.76","38.14"
"10","008","00","001","0118","0019","595","359","236","46","641","1053","0","60.87","34.09"
"10","008","00","001","0118","0020","663","373","290","39","702","1104","0","63.59","33.79"
"10","008","00","001","0118","0021","664","383","281","31","695","1192","0","58.31","32.13"
"10","008","00","001","0119","0000","1027","761","266","71","1098","1930","0","56.89","39.43"
"10","008","00","001","0119","0083","521","477","44","45","566","950","0","59.58","50.21"
"10","008","00","001","0119","0084","506","284","222","26","532","980","0","54.29","28.98"
"10","008","00","001","0120","0000","378","228","150","22","400","790","0","50.63","28.86"
"10","008","00","001","0120","0081","378","228","150","22","400","790","0","50.63","28.86"
"10","008","00","001","0121","0000","289","164","125","18","307","647","0","47.45","25.35"
"10","008","00","001","0121","0082","289","164","125","18","307","647","0","47.45","25.35"
"10","008","00","001","0122","0000","507","285","222","87","594","1122","0","52.94","25.4"
"10","008","00","001","0122","0080","507","285","222","87","594","1122","0","52.94","25.4"
"10","008","00","001","0123","0000","2989","1888","1101","127","3116","5362","0","58.11","35.21"
"10","008","00","001","0123","0066","810","506","304","34","844","1414","0","59.69","35.79"
"10","008","00","001","0123","0067","637","403","234","33","670","1121","0","59.77","35.95"
"10","008","00","001","0123","0068","808","498","310","21","829","1434","0","57.81","34.73"
"10","008","00","001","0123","0069","734","481","253","39","773","1393","0","55.49","34.53"
"10","008","00","001","0124","0000","2642","1533","1109","81","2723","4907","0","55.49","31.24"
"10","008","00","001","0124","0070","595","387","208","19","614","1059","0","57.98","36.54"
"10","008","00","001","0124","0071","688","434","254","23","711","1218","0","58.37","35.63"
"10","008","00","001","0124","0072","705","296","409","17","722","1293","0","55.84","22.89"
"10","008","00","001","0124","0073","654","416","238","22","676","1337","0","50.56","31.11"
"10","008","00","001","0125","0000","1647","1075","572","75","1722","2859","0","60.23","37.6"
"10","008","00","001","0125","0074","539","326","213","26","565","876","0","64.5","37.21"
"10","008","00","001","0125","0075","536","410","126","26","562","971","0","57.88","42.22"
"10","008","00","001","0125","0076","572","339","233","23","595","1012","0","58.79","33.5"
"10","008","00","001","0126","0000","1724","1042","682","90","1814","2999","0","60.49","34.74"
"10","008","00","001","0126","0077","525","333","192","30","555","973","0","57.04","34.22"
"10","008","00","001","0126","0078","623","397","226","23","646","1002","0","64.47","39.62"
"10","008","00","001","0126","0079","576","312","264","37","613","1024","0","59.86","30.47"
"10","008","00","001","0127","0000","3717","2329","1388","166","3883","5880","0","66.04","39.61"
"10","008","00","001","0127","0039","549","325","224","44","593","921","0","64.39","35.29"
"10","008","00","001","0127","0040","606","387","219","14","620","892","0","69.51","43.39"
"10","008","00","001","0127","0041","666","421","245","29","695","1050","0","66.19","40.1"
"10","008","00","001","0127","0042","652","419","233","31","683","1078","0","63.36","38.87"
"10","008","00","001","0127","0043","652","411","241","16","668","1078","0","61.97","38.13"
"10","008","00","001","0127","0044","592","366","226","32","624","861","0","72.47","42.51"
"10","008","00","001","0128","0000","1451","860","591","93","1544","2365","0","65.29","36.36"
"10","008","00","001","0128","0037","787","450","337","43","830","1276","0","65.05","35.27"
"10","008","00","001","0128","0038","664","410","254","50","714","1089","0","65.56","37.65"
"10","008","00","001","0129","0000","3960","2536","1424","161","4121","6589","0","62.54","38.49"
"10","008","00","001","0129","0045","695","454","241","41","736","1221","0","60.28","37.18"
"10","008","00","001","0129","0046","647","432","215","23","670","1105","0","60.63","39.1"
"10","008","00","001","0129","0047","734","447","287","23","757","1230","0","61.54","36.34"
"10","008","00","001","0129","0048","651","424","227","24","675","1092","0","61.81","38.83"
"10","008","00","001","0129","0049","804","511","293","22","826","1286","0","64.23","39.74"
"10","008","00","001","0129","0050","429","268","161","28","457","655","0","69.77","40.92"
"10","008","00","001","0130","0000","878","511","367","35","913","1439","0","63.45","35.51"
"10","008","00","001","0130","0051","453","273","180","18","471","719","0","65.51","37.97"
"10","008","00","001","0130","0052","425","238","187","17","442","720","0","61.39","33.06"
"10","008","00","001","0131","0000","495","341","154","16","511","848","0","60.26","40.21"
"10","008","00","001","0131","0057","495","341","154","16","511","848","0","60.26","40.21"
"10","008","00","001","0132","0000","630","436","194","28","658","1108","0","59.39","39.35"
"10","008","00","001","0132","0054","268","187","81","15","283","492","0","57.52","38.01"
"10","008","00","001","0132","0055","362","249","113","13","375","616","0","60.88","40.42"
"10","008","00","001","0133","0000","610","421","189","28","638","1010","0","63.17","41.68"
"10","008","00","001","0133","0056","610","421","189","28","638","1010","0","63.17","41.68"
"10","008","00","001","0134","0000","326","211","115","16","342","509","0","67.19","41.45"
"10","008","00","001","0134","0053","326","211","115","16","342","509","0","67.19","41.45"
"10","008","00","002","0000","0000","37562","22909","14653","2218","39780","68763","80408","57.85","33.32"
"10","008","00","002","0201","0000","1510","930","580","93","1603","2676","0","59.9","34.75"
"10","008","00","002","0201","0085","469","277","192","33","502","828","0","60.63","33.45"
"10","008","00","002","0201","0086","461","283","178","31","492","786","0","62.6","36.01"
"10","008","00","002","0201","0087","580","370","210","29","609","1062","0","57.34","34.84"
"10","008","00","002","0202","0000","526","346","180","29","555","838","0","66.23","41.29"
"10","008","00","002","0202","0105","526","346","180","29","555","838","0","66.23","41.29"
"10","008","00","002","0203","0000","1640","1011","629","94","1734","3107","0","55.81","32.54"
"10","008","00","002","0203","0102","495","309","186","13","508","901","0","56.38","34.3"
"10","008","00","002","0203","0103","500","310","190","44","544","997","0","54.56","31.09"
"10","008","00","002","0203","0104","645","392","253","37","682","1209","0","56.41","32.42"
"10","008","00","002","0204","0000","1322","811","511","86","1408","2489","0","56.57","32.58"
"10","008","00","002","0204","0106","581","357","224","33","614","1226","0","50.08","29.12"
"10","008","00","002","0204","0107","741","454","287","53","794","1263","0","62.87","35.95"
"10","008","00","002","0205","0000","1170","713","457","76","1246","2233","0","55.8","31.93"
"10","008","00","002","0205","0121","598","363","235","44","642","1133","0","56.66","32.04"
"10","008","00","002","0205","0122","572","350","222","32","604","1100","0","54.91","31.82"
"10","008","00","002","0206","0000","629","399","230","35","664","1023","0","64.91","39.0"
"10","008","00","002","0206","0126","629","399","230","35","664","1023","0","64.91","39.0"
"10","008","00","002","0207","0000","1940","1302","638","128","2068","3705","0","55.82","35.14"
"10","008","00","002","0207","0123","658","417","241","39","697","1155","0","60.35","36.1"
"10","008","00","002","0207","0124","623","482","141","49","672","1254","0","53.59","38.44"
"10","008","00","002","0207","0125","659","403","256","40","699","1296","0","53.94","31.1"
"10","008","00","002","0208","0000","3238","1907","1331","163","3401","5777","0","58.87","33.01"
"10","008","00","002","0208","0127","485","279","206","17","502","964","0","52.07","28.94"
"10","008","00","002","0208","0128","557","329","228","26","583","986","0","59.13","33.37"
"10","008","00","002","0208","0129","589","341","248","27","616","1016","0","60.63","33.56"
"10","008","00","002","0208","0130","505","311","194","32","537","898","0","59.8","34.63"
"10","008","00","002","0208","0131","565","317","248","30","595","980","0","60.71","32.35"
"10","008","00","002","0208","0132","537","330","207","31","568","933","0","60.88","35.37"
"10","008","00","002","0209","0000","620","349","271","33","653","929","0","70.29","37.57"
"10","008","00","002","0209","0133","620","349","271","33","653","929","0","70.29","37.57"
"10","008","00","002","0210","0000","3963","2404","1559","204","4167","7458","0","55.87","32.23"
"10","008","00","002","0210","0090","701","415","286","24","725","1282","0","56.55","32.37"
"10","008","00","002","0210","0091","472","313","159","40","512","859","0","59.6","36.44"
"10","008","00","002","0210","0092","692","423","269","56","748","1288","0","58.07","32.84"
"10","008","00","002","0210","0093","736","429","307","25","761","1330","0","57.22","32.26"
"10","008","00","002","0210","0094","733","434","299","36","769","1416","0","54.31","30.65"
"10","008","00","002","0210","0095","629","390","239","23","652","1283","0","50.82","30.4"
"10","008","00","002","0211","0000","2050","1180","870","141","2191","3815","0","57.43","30.93"
"10","008","00","002","0211","0096","657","341","316","47","704","1151","0","61.16","29.63"
"10","008","00","002","0211","0097","605","366","239","30","635","1193","0","53.23","30.68"
"10","008","00","002","0211","0098","788","473","315","64","852","1471","0","57.92","32.15"
"10","008","00","002","0212","0000","469","282","187","64","533","1044","0","51.05","27.01"
"10","008","00","002","0212","0099","469","282","187","64","533","1044","0","51.05","27.01"
"10","008","00","002","0213","0000","625","393","232","40","665","1122","0","59.27","35.03"
"10","008","00","002","0213","0100","625","393","232","40","665","1122","0","59.27","35.03"
"10","008","00","002","0214","0000","700","482","218","29","729","1129","0","64.57","42.69"
"10","008","00","002","0214","0101","700","482","218","29","729","1129","0","64.57","42.69"
"10","008","00","002","0215","0000","562","340","222","31","593","1032","0","57.46","32.95"
"10","008","00","002","0215","0134","562","340","222","31","593","1032","0","57.46","32.95"
"10","008","00","002","0216","0000","147","93","54","4","151","315","0","47.94","29.52"
"10","008","00","002","0216","0135","147","93","54","4","151","315","0","47.94","29.52"
"10","008","00","002","0217","0000","681","406","275","52","733","1363","0","53.78","29.79"
"10","008","00","002","0217","0136","681","406","275","52","733","1363","0","53.78","29.79"
"10","008","00","002","0218","0000","821","502","319","49","870","1430","0","60.84","35.1"
"10","008","00","002","0218","0137","415","257","158","28","443","725","0","61.1","35.45"
"10","008","00","002","0218","0138","406","245","161","21","427","705","0","60.57","34.75"
"10","008","00","002","0219","0000","950","679","271","49","999","1683","0","59.36","40.34"
"10","008","00","002","0219","0139","438","281","157","27","465","751","0","61.92","37.42"
"10","008","00","002","0219","0140","512","398","114","22","534","932","0","57.3","42.7"
"10","008","00","002","0220","0000","747","416","331","41","788","1332","0","59.16","31.23"
"10","008","00","002","0220","0141","542","303","239","30","572","956","0","59.83","31.69"
"10","008","00","002","0220","0142","205","113","92","11","216","376","0","57.45","30.05"
"10","008","00","002","0221","0000","369","209","160","38","407","682","0","59.68","30.65"
"10","008","00","002","0221","0143","369","209","160","38","407","682","0","59.68","30.65"
"10","008","00","002","0222","0000","606","470","136","40","646","990","0","65.25","47.47"
"10","008","00","002","0222","0144","606","470","136","40","646","990","0","65.25","47.47"
"10","008","00","002","0223","0000","585","354","231","72","657","1170","0","56.15","30.26"
"10","008","00","002","0223","0147","585","354","231","72","657","1170","0","56.15","30.26"
"10","008","00","002","0224","0000","343","180","163","18","361","604","0","59.77","29.8"
"10","008","00","002","0224","0148","343","180","163","18","361","604","0","59.77","29.8"
"10","008","00","002","0225","0000","516","302","214","37","553","999","0","55.36","30.23"
"10","008","00","002","0225","0149","516","302","214","37","553","999","0","55.36","30.23"
"10","008","00","002","0226","0000","1478","860","618","74","1552","2791","0","55.61","30.81"
"10","008","00","002","0226","0150","459","273","186","20","479","923","0","51.9","29.58"
"10","008","00","002","0226","0151","505","304","201","32","537","887","0","60.54","34.27"
"10","008","00","002","0226","0152","514","283","231","22","536","981","0","54.64","28.85"
"10","008","00","002","0227","0000","916","475","441","61","977","1630","0","59.94","29.14"
"10","008","00","002","0227","0116","394","180","214","35","429","725","0","59.17","24.83"
"10","008","00","002","0227","0117","522","295","227","26","548","905","0","60.55","32.6"
"10","008","00","002","0228","0000","1326","816","510","81","1407","2588","0","54.37","31.53"
"10","008","00","002","0228","0118","611","373","238","30","641","1179","0","54.37","31.64"
"10","008","00","002","0228","0119","477","291","186","20","497","944","0","52.65","30.83"
"10","008","00","002","0228","0120","238","152","86","31","269","465","0","57.85","32.69"
"10","008","00","002","0229","0000","732","422","310","82","814","1622","0","50.18","26.02"
"10","008","00","002","0229","0145","600","352","248","66","666","1324","0","50.3","26.59"
"10","008","00","002","0229","0146","132","70","62","16","148","298","0","49.66","23.49"
"10","008","00","002","0230","0000","1948","1193","755","85","2033","3227","0","63.0","36.97"
"10","008","00","002","0230","0108","621","380","241","16","637","1045","0","60.96","36.36"
"10","008","00","002","0230","0109","670","415","255","33","703","1120","0","62.77","37.05"
"10","008","00","002","0230","0110","657","398","259","36","693","1062","0","65.25","37.48"
"10","008","00","002","0231","0000","1482","880","602","62","1544","2616","0","59.02","33.64"
"10","008","00","002","0231","0088","715","416","299","36","751","1201","0","62.53","34.64"
"10","008","00","002","0231","0089","767","464","303","26","793","1415","0","56.04","32.79"
"10","008","00","002","0232","0000","1738","1060","678","84","1822","3179","0","57.31","33.34"
"10","008","00","002","0232","0111","563","343","220","37","600","1022","0","58.71","33.56"
"10","008","00","002","0232","0112","575","363","212","22","597","1051","0","56.8","34.54"
"10","008","00","002","0232","0113","600","354","246","25","625","1106","0","56.51","32.01"
"10","008","00","002","0233","0000","1213","743","470","43","1256","2165","0","58.01","34.32"
"10","008","00","002","0233","0114","599","374","225","25","624","1098","0","56.83","34.06"
"10","008","00","002","0233","0115","614","369","245","18","632","1067","0","59.23","34.58"
"10","008","00","003","0000","0000","46140","27781","18359","2277","48417","82922","97223","58.39","33.5"
"10","008","00","003","0301","0000","1214","740","474","44","1258","2125","0","59.2","34.82"
"10","008","00","003","0301","0153","610","385","225","18","628","998","0","62.93","38.58"
"10","008","00","003","0301","0154","604","355","249","26","630","1127","0","55.9","31.5"
"10","008","00","003","0302","0000","1144","700","444","66","1210","2077","0","58.26","33.7"
"10","008","00","003","0302","0158","514","334","180","26","540","936","0","57.69","35.68"
"10","008","00","003","0302","0159","630","366","264","40","670","1141","0","58.72","32.08"
"10","008","00","003","0303","0000","696","457","239","17","713","1121","0","63.6","40.77"
"10","008","00","003","0303","0161","696","457","239","17","713","1121","0","63.6","40.77"
"10","008","00","003","0304","0000","3645","2218","1427","170","3815","6455","0","59.1","34.36"
"10","008","00","003","0304","0164","669","437","232","31","700","1267","0","55.25","34.49"
"10","008","00","003","0304","0165","674","393","281","47","721","1214","0","59.39","32.37"
"10","008","00","003","0304","0166","708","410","298","44","752","1259","0","59.73","32.57"
"10","008","00","003","0304","0167","852","520","332","24","876","1442","0","60.75","36.06"
"10","008","00","003","0304","0168","742","458","284","24","766","1273","0","60.17","35.98"
"10","008","00","003","0305","0000","4301","2637","1664","176","4477","7422","0","60.32","35.53"
"10","008","00","003","0305","0169","633","381","252","27","660","1145","0","57.64","33.28"
"10","008","00","003","0305","0170","706","448","258","23","729","1279","0","57.0","35.03"
"10","008","00","003","0305","0171","619","384","235","34","653","1158","0","56.39","33.16"
"10","008","00","003","0305","0172","846","530","316","34","880","1335","0","65.92","39.7"
"10","008","00","003","0305","0173","737","461","276","31","768","1178","0","65.2","39.13"
"10","008","00","003","0305","0174","760","433","327","27","787","1327","0","59.31","32.63"
"10","008","00","003","0306","0000","3527","2121","1406","156","3683","6403","0","57.52","33.13"
"10","008","00","003","0306","0208","783","448","335","47","830","1466","0","56.62","30.56"
"10","008","00","003","0306","0209","642","403","239","38","680","1180","0","57.63","34.15"
"10","008","00","003","0306","0210","609","385","224","16","625","1006","0","62.13","38.27"
"10","008","00","003","0306","0211","479","290","189","26","505","1000","0","50.5","29.0"
"10","008","00","003","0306","0212","671","386","285","20","691","1128","0","61.26","34.22"
"10","008","00","003","0306","0213","343","209","134","9","352","623","0","56.5","33.55"
"10","008","00","003","0307","0000","3061","1752","1309","125","3186","6046","0","52.7","28.98"
"10","008","00","003","0307","0190","659","409","250","14","673","1395","0","48.24","29.32"
"10","008","00","003","0307","0191","660","397","263","27","687","1101","0","62.4","36.06"
"10","008","00","003","0307","0192","676","375","301","24","700","1297","0","53.97","28.91"
"10","008","00","003","0307","0193","387","215","172","27","414","877","0","47.21","24.52"
"10","008","00","003","0307","0194","679","356","323","33","712","1376","0","51.74","25.87"
"10","008","00","003","0308","0000","2338","1336","1002","154","2492","4066","0","61.29","32.86"
"10","008","00","003","0308","0195","603","352","251","41","644","1008","0","63.89","34.92"
"10","008","00","003","0308","0196","628","367","261","40","668","1080","0","61.85","33.98"
"10","008","00","003","0308","0197","522","288","234","46","568","1017","0","55.85","28.32"
"10","008","00","003","0308","0198","585","329","256","27","612","961","0","63.68","34.24"
"10","008","00","003","0309","0000","2329","1400","929","105","2434","4392","0","55.42","31.88"
"10","008","00","003","0309","0181","531","303","228","22","553","1048","0","52.77","28.91"
"10","008","00","003","0309","0182","560","331","229","28","588","1009","0","58.28","32.8"
"10","008","00","003","0309","0183","591","380","211","31","622","1138","0","54.66","33.39"
"10","008","00","003","0309","0184","647","386","261","24","671","1197","0","56.06","32.25"
"10","008","00","003","0310","0000","1373","848","525","80","1453","2423","0","59.97","35.0"
"10","008","00","003","0310","0185","772","483","289","41","813","1364","0","59.6","35.41"
"10","008","00","003","0310","0186","601","365","236","39","640","1059","0","60.43","34.47"
"10","008","00","003","0311","0000","1635","999","636","98","1733","2944","0","58.87","33.93"
"10","008","00","003","0311","0187","620","344","276","41","661","1108","0","59.66","31.05"
"10","008","00","003","0311","0188","484","304","180","21","505","879","0","57.45","34.58"
"10","008","00","003","0311","0189","531","351","180","36","567","957","0","59.25","36.68"
"10","008","00","003","0312","0000","1782","1099","683","63","1845","3143","0","58.7","34.97"
"10","008","00","003","0312","0178","597","361","236","24","621","1121","0","55.4","32.2"
"10","008","00","003","0312","0179","594","359","235","27","621","1043","0","59.54","34.42"
"10","008","00","003","0312","0180","591","379","212","12","603","979","0","61.59","38.71"
"10","008","00","003","0313","0000","2004","1115","889","92","2096","3524","0","59.48","31.64"
"10","008","00","003","0313","0199","688","371","317","27","715","1160","0","61.64","31.98"
"10","008","00","003","0313","0200","627","374","253","33","660","1121","0","58.88","33.36"
"10","008","00","003","0313","0201","689","370","319","32","721","1243","0","58.0","29.77"
"10","008","00","003","0314","0000","1646","979","667","89","1735","2919","0","59.44","33.54"
"10","008","00","003","0314","0205","556","324","232","26","582","923","0","63.06","35.1"
"10","008","00","003","0314","0206","504","310","194","36","540","970","0","55.67","31.96"
"10","008","00","003","0314","0207","586","345","241","27","613","1026","0","59.75","33.63"
"10","008","00","003","0315","0000","755","469","286","45","800","1518","0","52.7","30.9"
"10","008","00","003","0315","0204","755","469","286","45","800","1518","0","52.7","30.9"
"10","008","00","003","0316","0000","1352","804","548","73","1425","2255","0","63.19","35.65"
"10","008","00","003","0316","0202","540","319","221","25","565","932","0","60.62","34.23"
"10","008","00","003","0316","0203","812","485","327","48","860","1323","0","65.0","36.66"
"10","008","00","003","0317","0000","1012","598","414","74","1086","1953","0","55.61","30.62"
"10","008","00","003","0317","0214","392","226","166","30","422","707","0","59.69","31.97"
"10","008","00","003","0317","0215","381","233","148","24","405","719","0","56.33","32.41"
"10","008","00","003","0317","0216","239","139","100","20","259","527","0","49.15","26.38"
"10","008","00","003","0318","0000","1168","818","350","72","1240","2052","0","60.43","39.86"
"10","008","00","003","0318","0217","657","410","247","43","700","1183","0","59.17","34.66"
"10","008","00","003","0318","0218","511","408","103","29","540","869","0","62.14","46.95"
"10","008","00","003","0319","0000","2237","1313","924","108","2345","4114","0","57.0","31.92"
"10","008","00","003","0319","0219","570","346","224","23","593","1132","0","52.39","30.57"
"10","008","00","003","0319","0220","536","310","226","36","572","949","0","60.27","32.67"
"10","008","00","003","0319","0221","568","322","246","19","587","965","0","60.83","33.37"
"10","008","00","003","0319","0222","563","335","228","30","593","1068","0","55.52","31.37"
"10","008","00","003","0320","0000","835","509","326","56","891","1659","0","53.71","30.68"
"10","008","00","003","0320","0224","330","209","121","22","352","642","0","54.83","32.55"
"10","008","00","003","0320","0225","505","300","205","34","539","1017","0","53.0","29.5"
"10","008","00","003","0321","0000","570","334","236","55","625","1024","0","61.04","32.62"
"10","008","00","003","0321","0223","570","334","236","55","625","1024","0","61.04","32.62"
"10","008","00","003","0322","0000","1240","710","530","92","1332","2276","0","58.52","31.2"
"10","008","00","003","0322","0227","613","361","252","49","662","1170","0","56.58","30.85"
"10","008","00","003","0322","0228","627","349","278","43","670","1106","0","60.58","31.56"
"10","008","00","003","0323","0000","605","375","230","25","630","1092","0","57.69","34.34"
"10","008","00","003","0323","0226","605","375","230","25","630","1092","0","57.69","34.34"
"10","008","00","003","0324","0000","432","270","162","12","444","705","0","62.98","38.3"
"10","008","00","003","0324","0160","432","270","162","12","444","705","0","62.98","38.3"
"10","008","00","003","0325","0000","1328","808","520","72","1400","2278","0","61.46","35.47"
"10","008","00","003","0325","0162","559","346","213","21","580","877","0","66.13","39.45"
"10","008","00","003","0325","0163","769","462","307","51","820","1401","0","58.53","32.98"
"10","008","00","003","0326","0000","2063","1223","840","85","2148","3796","0","56.59","32.22"
"10","008","00","003","0326","0155","736","446","290","20","756","1401","0","53.96","31.83"
"10","008","00","003","0326","0156","601","357","244","30","631","1110","0","56.85","32.16"
"10","008","00","003","0326","0157","726","420","306","35","761","1285","0","59.22","32.68"
"10","008","00","003","0327","0000","1848","1149","699","73","1921","3140","0","61.18","36.59"
"10","008","00","003","0327","0175","586","369","217","23","609","1000","0","60.9","36.9"
"10","008","00","003","0327","0176","707","431","276","34","741","1257","0","58.95","34.29"
"10","008","00","003","0327","0177","555","349","206","16","571","883","0","64.67","39.52"
"10","008","00","004","0000","0000","24505","14445","10060","1530","26035","47034","54689","55.35","30.71"
"10","008","00","004","0401","0000","1149","711","438","91","1240","2020","0","61.39","35.2"
"10","008","00","004","0401","0229","655","408","247","50","705","1170","0","60.26","34.87"
"10","008","00","004","0401","0230","494","303","191","41","535","850","0","62.94","35.65"
"10","008","00","004","0402","0000","320","188","132","23","343","621","0","55.23","30.27"
"10","008","00","004","0402","0231","320","188","132","23","343","621","0","55.23","30.27"
"10","008","00","004","0403","0000","2343","1378","965","156","2499","4505","0","55.47","30.59"
"10","008","00","004","0403","0232","484","284","200","28","512","905","0","56.57","31.38"
"10","008","00","004","0403","0233","513","309","204","43","556","1099","0","50.59","28.12"
"10","008","00","004","0403","0234","610","363","247","42","652","1214","0","53.71","29.9"
"10","008","00","004","0403","0235","736","422","314","43","779","1287","0","60.53","32.79"
"10","008","00","004","0404","0000","1842","1224","618","108","1950","3587","0","54.36","34.12"
"10","008","00","004","0404","0236","635","416","219","44","679","1191","0","57.01","34.93"
"10","008","00","004","0404","0237","598","367","231","40","638","1118","0","57.07","32.83"
"10","008","00","004","0404","0238","609","441","168","24","633","1278","0","49.53","34.51"
"10","008","00","004","0405","0000","966","553","413","45","1011","1715","0","58.95","32.24"
"10","008","00","004","0405","0270","456","267","189","32","488","793","0","61.54","33.67"
"10","008","00","004","0405","0271","510","286","224","13","523","922","0","56.72","31.02"
"10","008","00","004","0406","0000","657","391","266","36","693","1193","0","58.09","32.77"
"10","008","00","004","0406","0244","291","186","105","30","321","511","0","62.82","36.4"
"10","008","00","004","0406","0245","366","205","161","6","372","682","0","54.55","30.06"
"10","008","00","004","0407","0000","1945","1164","781","108","2053","3710","0","55.34","31.37"
"10","008","00","004","0407","0241","693","410","283","44","737","1308","0","56.35","31.35"
"10","008","00","004","0407","0242","708","417","291","32","740","1358","0","54.49","30.71"
"10","008","00","004","0407","0243","544","337","207","32","576","1044","0","55.17","32.28"
"10","008","00","004","0408","0000","488","278","210","26","514","989","0","51.97","28.11"
"10","008","00","004","0408","0246","488","278","210","26","514","989","0","51.97","28.11"
"10","008","00","004","0409","0000","731","429","302","41","772","1378","0","56.02","31.13"
"10","008","00","004","0409","0247","731","429","302","41","772","1378","0","56.02","31.13"
"10","008","00","004","0410","0000","408","211","197","21","429","875","0","49.03","24.11"
"10","008","00","004","0410","0272","182","110","72","15","197","366","0","53.83","30.05"
"10","008","00","004","0410","0273","226","101","125","6","232","509","0","45.58","19.84"
"10","008","00","004","0411","0000","1498","859","639","81","1579","2882","0","54.79","29.81"
"10","008","00","004","0411","0260","734","420","314","33","767","1320","0","58.11","31.82"
"10","008","00","004","0411","0261","473","284","189","33","506","967","0","52.33","29.37"
"10","008","00","004","0411","0262","291","155","136","15","306","595","0","51.43","26.05"
"10","008","00","004","0412","0000","786","412","374","67","853","1729","0","49.33","23.83"
"10","008","00","004","0412","0258","411","230","181","21","432","908","0","47.58","25.33"
"10","008","00","004","0412","0259","375","182","193","46","421","821","0","51.28","22.17"
"10","008","00","004","0413","0000","411","241","170","66","477","859","0","55.53","28.06"
"10","008","00","004","0413","0263","411","241","170","66","477","859","0","55.53","28.06"
"10","008","00","004","0414","0000","2714","1590","1124","129","2843","4873","0","58.34","32.63"
"10","008","00","004","0414","0251","776","443","333","35","811","1437","0","56.44","30.83"
"10","008","00","004","0414","0252","740","428","312","35","775","1286","0","60.26","33.28"
"10","008","00","004","0414","0253","625","392","233","33","658","1080","0","60.93","36.3"
"10","008","00","004","0414","0254","573","327","246","26","599","1070","0","55.98","30.56"
"10","008","00","004","0415","0000","958","580","378","64","1022","1845","0","55.39","31.44"
"10","008","00","004","0415","0264","616","381","235","35","651","1196","0","54.43","31.86"
"10","008","00","004","0415","0265","342","199","143","29","371","649","0","57.16","30.66"
"10","008","00","004","0416","0000","701","394","307","55","756","1341","0","56.38","29.38"
"10","008","00","004","0416","0266","701","394","307","55","756","1341","0","56.38","29.38"
"10","008","00","004","0417","0000","602","383","219","41","643","1222","0","52.62","31.34"
"10","008","00","004","0417","0267","602","383","219","41","643","1222","0","52.62","31.34"
"10","008","00","004","0418","0000","331","188","143","19","350","602","0","58.14","31.23"
"10","008","00","004","0418","0268","331","188","143","19","350","602","0","58.14","31.23"
"10","008","00","004","0419","0000","204","122","82","10","214","430","0","49.77","28.37"
"10","008","00","004","0419","0250","204","122","82","10","214","430","0","49.77","28.37"
"10","008","00","004","0420","0000","325","169","156","21","346","617","0","56.08","27.39"
"10","008","00","004","0420","0269","325","169","156","21","346","617","0","56.08","27.39"
"10","008","00","004","0421","0000","347","179","168","16","363","599","0","60.6","29.88"
"10","008","00","004","0421","0274","108","63","45","3","111","193","0","57.51","32.64"
"10","008","00","004","0421","0275","239","116","123","13","252","406","0","62.07","28.57"
"10","008","00","004","0422","0000","340","200","140","28","368","802","0","45.89","24.94"
"10","008","00","004","0422","0276","236","134","102","16","252","495","0","50.91","27.07"
"10","008","00","004","0422","0277","104","66","38","12","116","307","0","37.79","21.5"
"10","008","00","004","0423","0000","287","165","122","27","314","577","0","54.42","28.6"
"10","008","00","004","0423","0279","287","165","122","27","314","577","0","54.42","28.6"
"10","008","00","004","0424","0000","204","124","80","32","236","440","0","53.64","28.18"
"10","008","00","004","0424","0278","204","124","80","32","236","440","0","53.64","28.18"
"10","008","00","004","0425","0000","328","181","147","38","366","889","0","41.17","20.36"
"10","008","00","004","0425","0280","191","104","87","24","215","486","0","44.24","21.4"
"10","008","00","004","0425","0281","137","77","60","14","151","403","0","37.47","19.11"
"10","008","00","004","0426","0000","382","194","188","21","403","696","0","57.9","27.87"
"10","008","00","004","0426","0248","112","58","54","3","115","217","0","53.0","26.73"
"10","008","00","004","0426","0249","270","136","134","18","288","479","0","60.13","28.39"
"10","008","00","004","0427","0000","1986","1211","775","69","2055","3642","0","56.43","33.25"
"10","008","00","004","0427","0255","715","430","285","30","745","1295","0","57.53","33.2"
"10","008","00","004","0427","0256","565","364","201","39","604","1047","0","57.69","34.77"
"10","008","00","004","0427","0257","706","417","289","0","706","1300","0","54.31","32.08"
"10","008","00","004","0428","0000","1252","726","526","91","1343","2396","0","56.05","30.3"
"10","008","00","004","0428","0239","623","374","249","51","674","1153","0","58.46","32.44"
"10","008","00","004","0428","0240","629","352","277","40","669","1243","0","53.82","28.32"
"10","008","00","005","0000","0000","5203","2990","2213","387","5590","9611","10871","58.16","31.11"
"10","008","00","005","0501","0000","621","355","266","30","651","1070","0","60.84","33.18"
"10","008","00","005","0501","0282","621","355","266","30","651","1070","0","60.84","33.18"
"10","008","00","005","0502","0000","525","318","207","33","558","918","0","60.78","34.64"
"10","008","00","005","0502","0283","525","318","207","33","558","918","0","60.78","34.64"
"10","008","00","005","0503","0000","324","196","128","28","352","581","0","60.59","33.73"
"10","008","00","005","0503","0284","324","196","128","28","352","581","0","60.59","33.73"
"10","008","00","005","0504","0000","682","408","274","38","720","1194","0","60.3","34.17"
"10","008","00","005","0504","0285","682","408","274","38","720","1194","0","60.3","34.17"
"10","008","00","005","0505","0000","210","120","90","15","225","488","0","46.11","24.59"
"10","008","00","005","0505","0286","210","120","90","15","225","488","0","46.11","24.59"
"10","008","00","005","0506","0000","290","167","123","25","315","504","0","62.5","33.13"
"10","008","00","005","0506","0287","290","167","123","25","315","504","0","62.5","33.13"
"10","008","00","005","0507","0000","479","300","179","84","563","910","0","61.87","32.97"
"10","008","00","005","0507","0288","479","300","179","84","563","910","0","61.87","32.97"
"10","008","00","005","0508","0000","839","403","436","49","888","1482","0","59.92","27.19"
"10","008","00","005","0508","0289","450","178","272","36","486","773","0","62.87","23.03"
"10","008","00","005","0508","0290","389","225","164","13","402","709","0","56.7","31.73"
"10","008","00","005","0509","0000","529","313","216","27","556","960","0","57.92","32.6"
"10","008","00","005","0509","0291","529","313","216","27","556","960","0","57.92","32.6"
"10","008","00","005","0510","0000","255","156","99","20","275","582","0","47.25","26.8"
"10","008","00","005","0510","0294","255","156","99","20","275","582","0","47.25","26.8"
"10","008","00","005","0511","0000","449","254","195","38","487","922","0","52.82","27.55"
"10","008","00","005","0511","0292","258","151","107","17","275","503","0","54.67","30.02"
"10","008","00","005","0511","0293","191","103","88","21","212","419","0","50.6","24.58"
"10","008","00","006","0000","0000","18775","11518","7257","1354","20129","33408","38376","60.25","34.48"
"10","008","00","006","0601","0000","698","388","310","34","732","1050","0","69.71","36.95"
"10","008","00","006","0601","0295","698","388","310","34","732","1050","0","69.71","36.95"
"10","008","00","006","0602","0000","1994","1223","771","121","2115","3405","0","62.11","35.92"
"10","008","00","006","0602","0296","512","323","189","49","561","920","0","60.98","35.11"
"10","008","00","006","0602","0297","452","254","198","23","475","727","0","65.34","34.94"
"10","008","00","006","0602","0298","529","327","202","25","554","861","0","64.34","37.98"
"10","008","00","006","0602","0299","501","319","182","24","525","897","0","58.53","35.56"
"10","008","00","006","0603","0000","1267","771","496","79","1346","2239","0","60.12","34.44"
"10","008","00","006","0603","0300","619","369","250","30","649","1055","0","61.52","34.98"
"10","008","00","006","0603","0301","648","402","246","49","697","1184","0","58.87","33.95"
"10","008","00","006","0604","0000","866","542","324","68","934","1564","0","59.72","34.65"
"10","008","00","006","0604","0302","406","250","156","40","446","783","0","56.96","31.93"
"10","008","00","006","0604","0303","460","292","168","28","488","781","0","62.48","37.39"
"10","008","00","006","0605","0000","545","337","208","30","575","1015","0","56.65","33.2"
"10","008","00","006","0605","0305","545","337","208","30","575","1015","0","56.65","33.2"
"10","008","00","006","0606","0000","523","326","197","36","559","977","0","57.22","33.37"
"10","008","00","006","0606","0304","523","326","197","36","559","977","0","57.22","33.37"
"10","008","00","006","0607","0000","2404","1442","962","131","2535","4234","0","59.87","34.06"
"10","008","00","006","0607","0306","543","321","222","21","564","914","0","61.71","35.12"
"10","008","00","006","0607","0307","568","358","210","26","594","1028","0","57.78","34.82"
"10","008","00","006","0607","0308","578","343","235","39","617","1018","0","60.61","33.69"
"10","008","00","006","0607","0309","715","420","295","45","760","1274","0","59.65","32.97"
"10","008","00","006","0608","0000","958","555","403","88","1046","1650","0","63.39","33.64"
"10","008","00","006","0608","0310","417","242","175","37","454","755","0","60.13","32.05"
"10","008","00","006","0608","0311","541","313","228","51","592","895","0","66.15","34.97"
"10","008","00","006","0609","0000","508","294","214","44","552","951","0","58.04","30.91"
"10","008","00","006","0609","0313","508","294","214","44","552","951","0","58.04","30.91"
"10","008","00","006","0610","0000","683","410","273","43","726","1261","0","57.57","32.51"
"10","008","00","006","0610","0314","683","410","273","43","726","1261","0","57.57","32.51"
"10","008","00","006","0611","0000","1030","606","424","91","1121","1829","0","61.29","33.13"
"10","008","00","006","0611","0316","545","318","227","41","586","962","0","60.91","33.06"
"10","008","00","006","0611","0317","485","288","197","50","535","867","0","61.71","33.22"
"10","008","00","006","0612","0000","510","318","192","56","566","930","0","60.86","34.19"
"10","008","00","006","0612","0318","510","318","192","56","566","930","0","60.86","34.19"
"10","008","00","006","0613","0000","412","242","170","31","443","768","0","57.68","31.51"
"10","008","00","006","0613","0315","412","242","170","31","443","768","0","57.68","31.51"
"10","008","00","006","0614","0000","506","307","199","52","558","931","0","59.94","32.98"
"10","008","00","006","0614","0321","506","307","199","52","558","931","0","59.94","32.98"
"10","008","00","006","0615","0000","613","358","255","61","674","1171","0","57.56","30.57"
"10","008","00","006","0615","0319","347","206","141","42","389","641","0","60.69","32.14"
"10","008","00","006","0615","0320","266","152","114","19","285","530","0","53.77","28.68"
"10","008","00","006","0616","0000","885","506","379","63","948","1570","0","60.38","32.23"
"10","008","00","006","0616","0322","609","346","263","43","652","1127","0","57.85","30.7"
"10","008","00","006","0616","0323","276","160","116","20","296","443","0","66.82","36.12"
"10","008","00","006","0617","0000","859","530","329","68","927","1491","0","62.17","35.55"
"10","008","00","006","0617","0324","498","321","177","36","534","870","0","61.38","36.9"
"10","008","00","006","0617","0325","361","209","152","32","393","621","0","63.29","33.66"
"10","008","00","006","0618","0000","605","392","213","39","644","1179","0","54.62","33.25"
"10","008","00","006","0618","0326","605","392","213","39","644","1179","0","54.62","33.25"
"10","008","00","006","0619","0000","553","364","189","43","596","876","0","68.04","41.55"
"10","008","00","006","0619","0328","553","364","189","43","596","876","0","68.04","41.55"
"10","008","00","006","0620","0000","514","335","179","49","563","881","0","63.9","38.02"
"10","008","00","006","0620","0327","514","335","179","49","563","881","0","63.9","38.02"
"10","008","00","006","0621","0000","440","273","167","36","476","783","0","60.79","34.87"
"10","008","00","006","0621","0329","440","273","167","36","476","783","0","60.79","34.87"
"10","008","00","006","0622","0000","897","549","348","66","963","1761","0","54.68","31.18"
"10","008","00","006","0622","0330","395","243","152","30","425","778","0","54.63","31.23"
"10","008","00","006","0622","0331","502","306","196","36","538","983","0","54.73","31.13"
"10","008","00","006","0623","0000","505","450","55","25","530","892","0","59.42","50.45"
"10","008","00","006","0623","0312","505","450","55","25","530","892","0","59.42","50.45"
"10","008","00","007","0000","0000","8005","4657","3348","616","8621","15941","17698","54.08","29.21"
"10","008","00","007","0701","0000","951","577","374","74","1025","1874","0","54.7","30.79"
"10","008","00","007","0701","0332","448","293","155","38","486","934","0","52.03","31.37"
"10","008","00","007","0701","0333","503","284","219","36","539","940","0","57.34","30.21"
"10","008","00","007","0702","0000","663","386","277","49","712","1430","0","49.79","26.99"
"10","008","00","007","0702","0348","355","213","142","21","376","713","0","52.73","29.87"
"10","008","00","007","0702","0349","308","173","135","28","336","717","0","46.86","24.13"
"10","008","00","007","0703","0000","623","338","285","50","673","1303","0","51.65","25.94"
"10","008","00","007","0703","0334","424","224","200","34","458","852","0","53.76","26.29"
"10","008","00","007","0703","0335","199","114","85","16","215","451","0","47.67","25.28"
"10","008","00","007","0704","0000","1131","674","457","78","1209","1952","0","61.94","34.53"
"10","008","00","007","0704","0336","470","276","194","26","496","810","0","61.23","34.07"
"10","008","00","007","0704","0337","661","398","263","52","713","1142","0","62.43","34.85"
"10","008","00","007","0705","0000","536","308","228","38","574","1045","0","54.93","29.47"
"10","008","00","007","0705","0342","272","160","112","23","295","578","0","51.04","27.68"
"10","008","00","007","0705","0343","264","148","116","15","279","467","0","59.74","31.69"
"10","008","00","007","0706","0000","757","446","311","60","817","1507","0","54.21","29.6"
"10","008","00","007","0706","0345","358","205","153","26","384","740","0","51.89","27.7"
"10","008","00","007","0706","0346","399","241","158","34","433","767","0","56.45","31.42"
"10","008","00","007","0707","0000","494","279","215","38","532","909","0","58.53","30.69"
"10","008","00","007","0707","0347","494","279","215","38","532","909","0","58.53","30.69"
"10","008","00","007","0708","0000","318","213","105","28","346","622","0","55.63","34.24"
"10","008","00","007","0708","0344","318","213","105","28","346","622","0","55.63","34.24"
"10","008","00","007","0709","0000","675","351","324","62","737","1392","0","52.95","25.22"
"10","008","00","007","0709","0340","417","217","200","43","460","811","0","56.72","26.76"
"10","008","00","007","0709","0341","258","134","124","19","277","581","0","47.68","23.06"
"10","008","00","007","0710","0000","836","480","356","60","896","1650","0","54.3","29.09"
"10","008","00","007","0710","0338","359","200","159","19","378","766","0","49.35","26.11"
"10","008","00","007","0710","0339","477","280","197","41","518","884","0","58.6","31.67"
"10","008","00","007","0711","0000","371","222","149","35","406","794","0","51.13","27.96"
"10","008","00","007","0711","0350","371","222","149","35","406","794","0","51.13","27.96"
"10","008","00","007","0712","0000","356","221","135","15","371","726","0","51.1","30.44"
"10","008","00","007","0712","0351","356","221","135","15","371","726","0","51.1","30.44"
"10","008","00","007","0713","0000","294","162","132","29","323","737","0","43.83","21.98"
"10","008","00","007","0713","0352","294","162","132","29","323","737","0","43.83","21.98"
"10","008","00","008","0000","0000","7099","4197","2902","559","7658","13181","14734","58.1","31.84"
"10","008","00","008","0801","0000","461","278","183","44","505","822","0","61.44","33.82"
"10","008","00","008","0801","0353","461","278","183","44","505","822","0","61.44","33.82"
"10","008","00","008","0802","0000","231","148","83","18","249","474","0","52.53","31.22"
"10","008","00","008","0802","0354","144","98","46","11","155","253","0","61.26","38.74"
"10","008","00","008","0802","0355","87","50","37","7","94","221","0","42.53","22.62"
"10","008","00","008","0803","0000","374","203","171","21","395","780","0","50.64","26.03"
"10","008","00","008","0803","0356","153","97","56","5","158","353","0","44.76","27.48"
"10","008","00","008","0803","0357","221","106","115","16","237","427","0","55.5","24.82"
"10","008","00","008","0804","0000","375","218","157","29","404","661","0","61.12","32.98"
"10","008","00","008","0804","0360","375","218","157","29","404","661","0","61.12","32.98"
"10","008","00","008","0805","0000","357","204","153","35","392","713","0","54.98","28.61"
"10","008","00","008","0805","0358","206","120","86","24","230","406","0","56.65","29.56"
"10","008","00","008","0805","0359","151","84","67","11","162","307","0","52.77","27.36"
"10","008","00","008","0806","0000","974","570","404","55","1029","1727","0","59.58","33.01"
"10","008","00","008","0806","0362","540","297","243","31","571","973","0","58.68","30.52"
"10","008","00","008","0806","0363","434","273","161","24","458","754","0","60.74","36.21"
"10","008","00","008","0807","0000","175","102","73","19","194","290","0","66.9","35.17"
"10","008","00","008","0807","0361","175","102","73","19","194","290","0","66.9","35.17"
"10","008","00","008","0808","0000","353","197","156","16","369","662","0","55.74","29.76"
"10","008","00","008","0808","0364","353","197","156","16","369","662","0","55.74","29.76"
"10","008","00","008","0809","0000","236","150","86","17","253","490","0","51.63","30.61"
"10","008","00","008","0809","0365","236","150","86","17","253","490","0","51.63","30.61"
"10","008","00","008","0810","0000","703","430","273","49","752","1325","0","56.75","32.45"
"10","008","00","008","0810","0366","167","101","66","9","176","335","0","52.54","30.15"
"10","008","00","008","0810","0367","536","329","207","40","576","990","0","58.18","33.23"
"10","008","00","008","0811","0000","636","378","258","43","679","1075","0","63.16","35.16"
"10","008","00","008","0811","0368","277","167","110","21","298","461","0","64.64","36.23"
"10","008","00","008","0811","0369","359","211","148","22","381","614","0","62.05","34.36"
"10","008","00","008","0812","0000","456","255","201","58","514","895","0","57.43","28.49"
"10","008","00","008","0812","0370","456","255","201","58","514","895","0","57.43","28.49"
"10","008","00","008","0813","0000","355","192","163","50","405","682","0","59.38","28.15"
"10","008","00","008","0813","0372","355","192","163","50","405","682","0","59.38","28.15"
"10","008","00","008","0814","0000","369","219","150","27","396","643","0","61.59","34.06"
"10","008","00","008","0814","0374","369","219","150","27","396","643","0","61.59","34.06"
"10","008","00","008","0815","0000","251","151","100","17","268","528","0","50.76","28.6"
"10","008","00","008","0815","0376","251","151","100","17","268","528","0","50.76","28.6"
"10","008","00","008","0816","0000","254","170","84","12","266","465","0","57.2","36.56"
"10","008","00","008","0816","0371","254","170","84","12","266","465","0","57.2","36.56"
"10","008","00","008","0817","0000","270","172","98","15","285","459","0","62.09","37.47"
"10","008","00","008","0817","0375","270","172","98","15","285","459","0","62.09","37.47"
"10","008","00","008","0818","0000","269","160","109","34","303","490","0","61.84","32.65"
"10","008","00","008","0818","0373","269","160","109","34","303","490","0","61.84","32.65"
"10","008","00","009","0000","0000","7050","4019","3031","600","7650","13958","15823","54.81","28.79"
"10","008","00","009","0901","0000","830","438","392","65","895","1580","0","56.65","27.72"
"10","008","00","009","0901","0379","360","174","186","27","387","720","0","53.75","24.17"
"10","008","00","009","0901","0380","470","264","206","38","508","860","0","59.07","30.7"
"10","008","00","009","0902","0000","1090","618","472","93","1183","2020","0","58.56","30.59"
"10","008","00","009","0902","0377","495","275","220","37","532","922","0","57.7","29.83"
"10","008","00","009","0902","0378","595","343","252","56","651","1098","0","59.29","31.24"
"10","008","00","009","0903","0000","466","256","210","34","500","1017","0","49.16","25.17"
"10","008","00","009","0903","0394","259","138","121","17","276","578","0","47.75","23.88"
"10","008","00","009","0903","0395","207","118","89","17","224","439","0","51.03","26.88"
"10","008","00","009","0904","0000","684","373","311","85","769","1386","0","55.48","26.91"
"10","008","00","009","0904","0387","412","220","192","33","445","841","0","52.91","26.16"
"10","008","00","009","0904","0388","139","81","58","31","170","270","0","62.96","30.0"
"10","008","00","009","0904","0389","133","72","61","21","154","275","0","56.0","26.18"
"10","008","00","009","0905","0000","508","291","217","46","554","1088","0","50.92","26.75"
"10","008","00","009","0905","0381","233","137","96","30","263","514","0","51.17","26.65"
"10","008","00","009","0905","0382","275","154","121","16","291","574","0","50.7","26.83"
"10","008","00","009","0906","0000","622","369","253","54","676","1249","0","54.12","29.54"
"10","008","00","009","0906","0383","622","369","253","54","676","1249","0","54.12","29.54"
"10","008","00","009","0907","0000","533","273","260","42","575","992","0","57.96","27.52"
"10","008","00","009","0907","0384","184","88","96","10","194","293","0","66.21","30.03"
"10","008","00","009","0907","0385","252","125","127","26","278","513","0","54.19","24.37"
"10","008","00","009","0907","0386","97","60","37","6","103","186","0","55.38","32.26"
"10","008","00","009","0908","0000","300","184","116","27","327","674","0","48.52","27.3"
"10","008","00","009","0908","0390","123","73","50","8","131","282","0","46.45","25.89"
"10","008","00","009","0908","0391","177","111","66","19","196","392","0","50.0","28.32"
"10","008","00","009","0909","0000","369","216","153","33","402","732","0","54.92","29.51"
"10","008","00","009","0909","0392","276","158","118","29","305","556","0","54.86","28.42"
"10","008","00","009","0909","0393","93","58","35","4","97","176","0","55.11","32.95"
"10","008","00","009","0910","0000","471","311","160","26","497","844","0","58.89","36.85"
"10","008","00","009","0910","0396","471","311","160","26","497","844","0","58.89","36.85"
"10","008","00","009","0911","0000","464","288","176","32","496","942","0","52.65","30.57"
"10","008","00","009","0911","0398","180","110","70","10","190","405","0","46.91","27.16"
"10","008","00","009","0911","0399","284","178","106","22","306","537","0","56.98","33.15"
"10","008","00","009","0912","0000","257","147","110","31","288","566","0","50.88","25.97"
"10","008","00","009","0912","0400","171","99","72","13","184","335","0","54.93","29.55"
"10","008","00","009","0912","0401","86","48","38","18","104","231","0","45.02","20.78"
"10","008","00","009","0913","0000","456","255","201","32","488","868","0","56.22","29.38"
"10","008","00","009","0913","0397","456","255","201","32","488","868","0","56.22","29.38"
"10","008","00","010","0000","0000","8679","5242","3437","657","9336","16597","18699","56.25","31.58"
"10","008","00","010","1001","0000","956","574","382","60","1016","1700","0","59.76","33.76"
"10","008","00","010","1001","0402","557","333","224","44","601","964","0","62.34","34.54"
"10","008","00","010","1001","0403","399","241","158","16","415","736","0","56.39","32.74"
"10","008","00","010","1002","0000","976","568","408","48","1024","1765","0","58.02","32.18"
"10","008","00","010","1002","0404","441","253","188","35","476","801","0","59.43","31.59"
"10","008","00","010","1002","0405","535","315","220","13","548","964","0","56.85","32.68"
"10","008","00","010","1003","0000","351","209","142","37","388","686","0","56.56","30.47"
"10","008","00","010","1003","0406","351","209","142","37","388","686","0","56.56","30.47"
"10","008","00","010","1004","0000","920","579","341","67","987","1880","0","52.5","30.8"
"10","008","00","010","1004","0411","527","349","178","48","575","1012","0","56.82","34.49"
"10","008","00","010","1004","0412","393","230","163","19","412","868","0","47.47","26.5"
"10","008","00","010","1005","0000","683","404","279","61","744","1391","0","53.49","29.04"
"10","008","00","010","1005","0407","331","201","130","31","362","661","0","54.77","30.41"
"10","008","00","010","1005","0408","352","203","149","30","382","730","0","52.33","27.81"
"10","008","00","010","1006","0000","406","204","202","13","419","706","0","59.35","28.9"
"10","008","00","010","1006","0410","406","204","202","13","419","706","0","59.35","28.9"
"10","008","00","010","1007","0000","1018","658","360","78","1096","1855","0","59.08","35.47"
"10","008","00","010","1007","0413","532","345","187","25","557","918","0","60.68","37.58"
"10","008","00","010","1007","0414","486","313","173","53","539","937","0","57.52","33.4"
"10","008","00","010","1008","0000","415","242","173","36","451","815","0","55.34","29.69"
"10","008","00","010","1008","0415","415","242","173","36","451","815","0","55.34","29.69"
"10","008","00","010","1009","0000","636","391","245","50","686","1134","0","60.49","34.48"
"10","008","00","010","1009","0416","636","391","245","50","686","1134","0","60.49","34.48"
"10","008","00","010","1010","0000","770","500","270","62","832","1543","0","53.92","32.4"
"10","008","00","010","1010","0418","553","366","187","42","595","1095","0","54.34","33.42"
"10","008","00","010","1010","0419","217","134","83","20","237","448","0","52.9","29.91"
"10","008","00","010","1011","0000","784","481","303","87","871","1634","0","53.3","29.44"
"10","008","00","010","1011","0420","511","317","194","62","573","1064","0","53.85","29.79"
"10","008","00","010","1011","0421","273","164","109","25","298","570","0","52.28","28.77"
"10","008","00","010","1012","0000","358","207","151","28","386","714","0","54.06","28.99"
"10","008","00","010","1012","0417","358","207","151","28","386","714","0","54.06","28.99"
"10","008","00","010","1013","0000","406","225","181","30","436","774","0","56.33","29.07"
"10","008","00","010","1013","0409","406","225","181","30","436","774","0","56.33","29.07"
"10","008","00","011","0000","0000","8112","4880","3232","557","8669","15458","17582","56.08","31.57"
"10","008","00","011","1101","0000","393","242","151","30","423","757","0","55.88","31.97"
"10","008","00","011","1101","0422","393","242","151","30","423","757","0","55.88","31.97"
"10","008","00","011","1102","0000","280","172","108","12","292","480","0","60.83","35.83"
"10","008","00","011","1102","0427","280","172","108","12","292","480","0","60.83","35.83"
"10","008","00","011","1103","0000","832","462","370","60","892","1553","0","57.44","29.75"
"10","008","00","011","1103","0423","286","154","132","27","313","554","0","56.5","27.8"
"10","008","00","011","1103","0424","546","308","238","33","579","999","0","57.96","30.83"
"10","008","00","011","1104","0000","320","212","108","19","339","616","0","55.03","34.42"
"10","008","00","011","1104","0425","320","212","108","19","339","616","0","55.03","34.42"
"10","008","00","011","1105","0000","502","337","165","29","531","875","0","60.69","38.51"
"10","008","00","011","1105","0426","502","337","165","29","531","875","0","60.69","38.51"
"10","008","00","011","1106","0000","564","356","208","26","590","1004","0","58.76","35.46"
"10","008","00","011","1106","0430","564","356","208","26","590","1004","0","58.76","35.46"
"10","008","00","011","1107","0000","602","365","237","38","640","998","0","64.13","36.57"
"10","008","00","011","1107","0433","602","365","237","38","640","998","0","64.13","36.57"
"10","008","00","011","1108","0000","752","404","348","59","811","1389","0","58.39","29.09"
"10","008","00","011","1108","0434","401","220","181","42","443","800","0","55.38","27.5"
"10","008","00","011","1108","0435","351","184","167","17","368","589","0","62.48","31.24"
"10","008","00","011","1109","0000","596","339","257","40","636","1217","0","52.26","27.86"
"10","008","00","011","1109","0437","596","339","257","40","636","1217","0","52.26","27.86"
"10","008","00","011","1110","0000","228","156","72","20","248","450","0","55.11","34.67"
"10","008","00","011","1110","0428","228","156","72","20","248","450","0","55.11","34.67"
"10","008","00","011","1111","0000","321","170","151","35","356","643","0","55.37","26.44"
"10","008","00","011","1111","0429","321","170","151","35","356","643","0","55.37","26.44"
"10","008","00","011","1112","0000","77","51","26","2","79","205","0","38.54","24.88"
"10","008","00","011","1112","0438","77","51","26","2","79","205","0","38.54","24.88"
"10","008","00","011","1113","0000","188","132","56","21","209","330","0","63.33","40.0"
"10","008","00","011","1113","0439","188","132","56","21","209","330","0","63.33","40.0"
"10","008","00","011","1114","0000","548","314","234","35","583","1100","0","53.0","28.55"
"10","008","00","011","1114","0440","548","314","234","35","583","1100","0","53.0","28.55"
"10","008","00","011","1115","0000","425","264","161","46","471","887","0","53.1","29.76"
"10","008","00","011","1115","0436","425","264","161","46","471","887","0","53.1","29.76"
"10","008","00","011","1116","0000","135","80","55","1","136","318","0","42.77","25.16"
"10","008","00","011","1116","0442","135","80","55","1","136","318","0","42.77","25.16"
"10","008","00","011","1117","0000","416","254","162","36","452","818","0","55.26","31.05"
"10","008","00","011","1117","0443","416","254","162","36","452","818","0","55.26","31.05"
"10","008","00","011","1118","0000","99","70","29","4","103","275","0","37.45","25.45"
"10","008","00","011","1118","0441","99","70","29","4","103","275","0","37.45","25.45"
"10","008","00","011","1119","0000","834","500","334","44","878","1543","0","56.9","32.4"
"10","008","00","011","1119","0431","378","231","147","29","407","741","0","54.93","31.17"
"10","008","00","011","1119","0432","456","269","187","15","471","802","0","58.73","33.54"
"10","008","00","012","0000","0000","7992","5655","2337","504","8496","13299","16281","63.88","42.52"
"10","008","00","012","1201","0000","700","511","189","71","771","1203","0","64.09","42.48"
"10","008","00","012","1201","0459","580","436","144","61","641","929","0","69.0","46.93"
"10","008","00","012","1201","0460","120","75","45","10","130","274","0","47.45","27.37"
"10","008","00","012","1202","0000","599","445","154","36","635","900","0","70.56","49.44"
"10","008","00","012","1202","0461","599","445","154","36","635","900","0","70.56","49.44"
"10","008","00","012","1203","0000","366","222","144","26","392","560","0","70.0","39.64"
"10","008","00","012","1203","0463","366","222","144","26","392","560","0","70.0","39.64"
"10","008","00","012","1204","0000","804","564","240","53","857","1530","0","56.01","36.86"
"10","008","00","012","1204","0444","640","445","195","40","680","1201","0","56.62","37.05"
"10","008","00","012","1204","0445","164","119","45","13","177","329","0","53.8","36.17"
"10","008","00","012","1205","0000","259","157","102","15","274","516","0","53.1","30.43"
"10","008","00","012","1205","0446","259","157","102","15","274","516","0","53.1","30.43"
"10","008","00","012","1206","0000","346","210","136","24","370","745","0","49.66","28.19"
"10","008","00","012","1206","0447","182","107","75","18","200","424","0","47.17","25.24"
"10","008","00","012","1206","0448","164","103","61","6","170","321","0","52.96","32.09"
"10","008","00","012","1207","0000","880","707","173","26","906","1376","0","65.84","51.38"
"10","008","00","012","1207","0451","880","707","173","26","906","1376","0","65.84","51.38"
"10","008","00","012","1208","0000","979","711","268","57","1036","1509","0","68.65","47.12"
"10","008","00","012","1208","0452","609","455","154","27","636","979","0","64.96","46.48"
"10","008","00","012","1208","0453","370","256","114","30","400","530","0","75.47","48.3"
"10","008","00","012","1209","0000","738","474","264","35","773","1425","0","54.25","33.26"
"10","008","00","012","1209","0454","493","319","174","23","516","961","0","53.69","33.19"
"10","008","00","012","1209","0455","245","155","90","12","257","464","0","55.39","33.41"
"10","008","00","012","1210","0000","365","213","152","32","397","666","0","59.61","31.98"
"10","008","00","012","1210","0456","281","163","118","27","308","517","0","59.57","31.53"
"10","008","00","012","1210","0457","84","50","34","5","89","149","0","59.73","33.56"
"10","008","00","012","1211","0000","737","578","159","27","764","1020","0","74.9","56.67"
"10","008","00","012","1211","0458","737","578","159","27","764","1020","0","74.9","56.67"
"10","008","00","012","1212","0000","412","266","146","39","451","617","0","73.1","43.11"
"10","008","00","012","1212","0462","412","266","146","39","451","617","0","73.1","43.11"
"10","008","00","012","1213","0000","408","311","97","32","440","584","0","75.34","53.25"
"10","008","00","012","1213","0450","408","311","97","32","440","584","0","75.34","53.25"
"10","008","00","012","1214","0000","399","286","113","31","430","648","0","66.36","44.14"
"10","008","00","012","1214","0449","399","286","113","31","430","648","0","66.36","44.14"
"10","008","00","013","0000","0000","6878","4375","2503","397","7275","12589","15954","57.79","34.75"
"10","008","00","013","1301","0000","356","206","150","15","371","763","0","48.62","27.0"
"10","008","00","013","1301","0484","356","206","150","15","371","763","0","48.62","27.0"
"10","008","00","013","1302","0000","539","388","151","35","574","889","0","64.57","43.64"
"10","008","00","013","1302","0485","539","388","151","35","574","889","0","64.57","43.64"
"10","008","00","013","1303","0000","661","424","237","50","711","1119","0","63.54","37.89"
"10","008","00","013","1303","0486","402","261","141","37","439","672","0","65.33","38.84"
"10","008","00","013","1303","0487","259","163","96","13","272","447","0","60.85","36.47"
"10","008","00","013","1304","0000","280","200","80","24","304","409","0","74.33","48.9"
"10","008","00","013","1304","0488","280","200","80","24","304","409","0","74.33","48.9"
"10","008","00","013","1305","0000","375","239","136","16","391","509","0","76.82","46.95"
"10","008","00","013","1305","0477","375","239","136","16","391","509","0","76.82","46.95"
"10","008","00","013","1306","0000","456","309","147","23","479","769","0","62.29","40.18"
"10","008","00","013","1306","0474","231","146","85","17","248","384","0","64.58","38.02"
"10","008","00","013","1306","0475","61","42","19","1","62","121","0","51.24","34.71"
"10","008","00","013","1306","0476","164","121","43","5","169","264","0","64.02","45.83"
"10","008","00","013","1307","0000","326","99","227","12","338","597","0","56.62","16.58"
"10","008","00","013","1307","0473","326","99","227","12","338","597","0","56.62","16.58"
"10","008","00","013","1308","0000","530","322","208","30","560","1151","0","48.65","27.98"
"10","008","00","013","1308","0480","276","171","105","17","293","613","0","47.8","27.9"
"10","008","00","013","1308","0481","181","104","77","9","190","404","0","47.03","25.74"
"10","008","00","013","1308","0482","73","47","26","4","77","134","0","57.46","35.07"
"10","008","00","013","1309","0000","874","495","379","53","927","1665","0","55.68","29.73"
"10","008","00","013","1309","0466","429","243","186","17","446","900","0","49.56","27.0"
"10","008","00","013","1309","0467","275","152","123","23","298","460","0","64.78","33.04"
"10","008","00","013","1309","0468","170","100","70","13","183","305","0","60.0","32.79"
"10","008","00","013","1310","0000","699","526","173","31","730","1269","0","57.53","41.45"
"10","008","00","013","1310","0464","557","436","121","23","580","973","0","59.61","44.81"
"10","008","00","013","1310","0465","142","90","52","8","150","296","0","50.68","30.41"
"10","008","00","013","1311","0000","459","310","149","17","476","952","0","50.0","32.56"
"10","008","00","013","1311","0470","459","310","149","17","476","952","0","50.0","32.56"
"10","008","00","013","1312","0000","312","212","100","14","326","679","0","48.01","31.22"
"10","008","00","013","1312","0471","312","212","100","14","326","679","0","48.01","31.22"
"10","008","00","013","1313","0000","391","235","156","22","413","630","0","65.56","37.3"
"10","008","00","013","1313","0483","391","235","156","22","413","630","0","65.56","37.3"
"10","008","00","013","1314","0000","18","15","3","2","20","58","0","34.48","25.86"
"10","008","00","013","1314","0469","18","15","3","2","20","58","0","34.48","25.86"
"10","008","00","013","1315","0000","261","160","101","25","286","507","0","56.41","31.56"
"10","008","00","013","1315","0478","186","119","67","21","207","338","0","61.24","35.21"
"10","008","00","013","1315","0479","75","41","34","4","79","169","0","46.75","24.26"
"10","008","00","013","1316","0000","341","235","106","28","369","623","0","59.23","37.72"
"10","008","00","013","1316","0472","341","235","106","28","369","623","0","59.23","37.72"
"10","009","00","000","0000","0000","284494","170393","114101","20533","305027","584480","687195","52.19","29.15"
"10","009","00","001","0000","0000","49519","29976","19543","2309","51828","89761","108487","57.74","33.4"
"10","009","00","001","0101","0000","831","531","300","46","877","1415","0","61.98","37.53"
"10","009","00","001","0101","0431","831","531","300","46","877","1415","0","61.98","37.53"
"10","009","00","001","0102","0000","644","387","257","32","676","1101","0","61.4","35.15"
"10","009","00","001","0102","0432","644","387","257","32","676","1101","0","61.4","35.15"
"10","009","00","001","0103","0000","341","192","149","16","357","644","0","55.43","29.81"
"10","009","00","001","0103","0411","341","192","149","16","357","644","0","55.43","29.81"
"10","009","00","001","0104","0000","335","199","136","17","352","617","0","57.05","32.25"
"10","009","00","001","0104","0412","335","199","136","17","352","617","0","57.05","32.25"
"10","009","00","001","0105","0000","465","277","188","39","504","764","0","65.97","36.26"
"10","009","00","001","0105","0413","465","277","188","39","504","764","0","65.97","36.26"
"10","009","00","001","0106","0000","470","283","187","22","492","784","0","62.76","36.1"
"10","009","00","001","0106","0414","470","283","187","22","492","784","0","62.76","36.1"
"10","009","00","001","0107","0000","425","262","163","22","447","760","0","58.82","34.47"
"10","009","00","001","0107","0415","425","262","163","22","447","760","0","58.82","34.47"
"10","009","00","001","0108","0000","2600","1603","997","109","2709","4634","0","58.46","34.59"
"10","009","00","001","0108","0422","844","527","317","25","869","1529","0","56.83","34.47"
"10","009","00","001","0108","0423","758","474","284","42","800","1335","0","59.93","35.51"
"10","009","00","001","0108","0424","998","602","396","42","1040","1770","0","58.76","34.01"
"10","009","00","001","0109","0000","1729","1083","646","44","1773","3236","0","54.79","33.47"
"10","009","00","001","0109","0433","919","569","350","22","941","1648","0","57.1","34.53"
"10","009","00","001","0109","0434","810","514","296","22","832","1588","0","52.39","32.37"
"10","009","00","001","0110","0000","1628","1022","606","57","1685","2765","0","60.94","36.96"
"10","009","00","001","0110","0427","681","405","276","28","709","1193","0","59.43","33.95"
"10","009","00","001","0110","0428","947","617","330","29","976","1572","0","62.09","39.25"
"10","009","00","001","0111","0000","1022","610","412","51","1073","1747","0","61.42","34.92"
"10","009","00","001","0111","0449","1022","610","412","51","1073","1747","0","61.42","34.92"
"10","009","00","001","0112","0000","1907","1176","731","82","1989","3513","0","56.62","33.48"
"10","009","00","001","0112","0444","591","353","238","25","616","1097","0","56.15","32.18"
"10","009","00","001","0112","0445","708","462","246","32","740","1262","0","58.64","36.61"
"10","009","00","001","0112","0446","608","361","247","25","633","1154","0","54.85","31.28"
"10","009","00","001","0113","0000","2345","1404","941","89","2434","4188","0","58.12","33.52"
"10","009","00","001","0113","0439","846","504","342","33","879","1421","0","61.86","35.47"
"10","009","00","001","0113","0440","702","431","271","26","728","1261","0","57.73","34.18"
"10","009","00","001","0113","0441","797","469","328","30","827","1506","0","54.91","31.14"
"10","009","00","001","0114","0000","1114","679","435","64","1178","2329","0","50.58","29.15"
"10","009","00","001","0114","0437","548","346","202","32","580","1187","0","48.86","29.15"
"10","009","00","001","0114","0438","566","333","233","32","598","1142","0","52.36","29.16"
"10","009","00","001","0115","0000","423","255","168","17","440","669","0","65.77","38.12"
"10","009","00","001","0115","0453","423","255","168","17","440","669","0","65.77","38.12"
"10","009","00","001","0116","0000","1182","706","476","55","1237","2202","0","56.18","32.06"
"10","009","00","001","0116","0454","406","235","171","29","435","752","0","57.85","31.25"
"10","009","00","001","0116","0455","776","471","305","26","802","1450","0","55.31","32.48"
"10","009","00","001","0117","0000","294","189","105","29","323","555","0","58.2","34.05"
"10","009","00","001","0117","0456","294","189","105","29","323","555","0","58.2","34.05"
"10","009","00","001","0118","0000","1335","804","531","61","1396","2414","0","57.83","33.31"
"10","009","00","001","0118","0451","606","373","233","32","638","1112","0","57.37","33.54"
"10","009","00","001","0118","0452","729","431","298","29","758","1302","0","58.22","33.1"
"10","009","00","001","0119","0000","793","473","320","27","820","1418","0","57.83","33.36"
"10","009","00","001","0119","0450","793","473","320","27","820","1418","0","57.83","33.36"
"10","009","00","001","0120","0000","1289","807","482","44","1333","2397","0","55.61","33.67"
"10","009","00","001","0120","0457","744","461","283","28","772","1470","0","52.52","31.36"
"10","009","00","001","0120","0458","545","346","199","16","561","927","0","60.52","37.32"
"10","009","00","001","0121","0000","862","528","334","49","911","1748","0","52.12","30.21"
"10","009","00","001","0121","0466","862","528","334","49","911","1748","0","52.12","30.21"
"10","009","00","001","0122","0000","2998","1821","1177","114","3112","5306","0","58.65","34.32"
"10","009","00","001","0122","0462","804","516","288","34","838","1412","0","59.35","36.54"
"10","009","00","001","0122","0463","808","479","329","41","849","1354","0","62.7","35.38"
"10","009","00","001","0122","0464","705","431","274","19","724","1267","0","57.14","34.02"
"10","009","00","001","0122","0465","681","395","286","20","701","1273","0","55.07","31.03"
"10","009","00","001","0123","0000","2826","1688","1138","148","2974","5374","0","55.34","31.41"
"10","009","00","001","0123","0459","1069","631","438","34","1103","1893","0","58.27","33.33"
"10","009","00","001","0123","0460","923","556","367","63","986","1708","0","57.73","32.55"
"10","009","00","001","0123","0461","834","501","333","51","885","1773","0","49.92","28.26"
"10","009","00","001","0124","0000","1037","631","406","76","1113","1813","0","61.39","34.8"
"10","009","00","001","0124","0472","401","236","165","36","437","702","0","62.25","33.62"
"10","009","00","001","0124","0473","636","395","241","40","676","1111","0","60.85","35.55"
"10","009","00","001","0125","0000","536","309","227","37","573","1123","0","51.02","27.52"
"10","009","00","001","0125","0474","536","309","227","37","573","1123","0","51.02","27.52"
"10","009","00","001","0126","0000","2390","1438","952","143","2533","4406","0","57.49","32.64"
"10","009","00","001","0126","0467","669","412","257","61","730","1238","0","58.97","33.28"
"10","009","00","001","0126","0468","837","517","320","47","884","1648","0","53.64","31.37"
"10","009","00","001","0126","0469","884","509","375","35","919","1520","0","60.46","33.49"
"10","009","00","001","0127","0000","570","345","225","29","599","1087","0","55.11","31.74"
"10","009","00","001","0127","0470","570","345","225","29","599","1087","0","55.11","31.74"
"10","009","00","001","0128","0000","1037","594","443","52","1089","1904","0","57.2","31.2"
"10","009","00","001","0128","0471","1037","594","443","52","1089","1904","0","57.2","31.2"
"10","009","00","001","0129","0000","1644","968","676","99","1743","3095","0","56.32","31.28"
"10","009","00","001","0129","0477","556","324","232","38","594","1023","0","58.06","31.67"
"10","009","00","001","0129","0478","1088","644","444","61","1149","2072","0","55.45","31.08"
"10","009","00","001","0130","0000","1512","853","659","79","1591","2932","0","54.26","29.09"
"10","009","00","001","0130","0475","584","329","255","44","628","1146","0","54.8","28.71"
"10","009","00","001","0130","0476","928","524","404","35","963","1786","0","53.92","29.34"
"10","009","00","001","0131","0000","598","352","246","17","615","1128","0","54.52","31.21"
"10","009","00","001","0131","0479","598","352","246","17","615","1128","0","54.52","31.21"
"10","009","00","001","0132","0000","1446","933","513","53","1499","2345","0","63.92","39.79"
"10","009","00","001","0132","0418","770","488","282","26","796","1255","0","63.43","38.88"
"10","009","00","001","0132","0419","676","445","231","27","703","1090","0","64.5","40.83"
"10","009","00","001","0133","0000","2037","1236","801","107","2144","3710","0","57.79","33.32"
"10","009","00","001","0133","0416","1081","632","449","58","1139","1881","0","60.55","33.6"
"10","009","00","001","0133","0417","956","604","352","49","1005","1829","0","54.95","33.02"
"10","009","00","001","0134","0000","1598","945","653","60","1658","2814","0","58.92","33.58"
"10","009","00","001","0134","0435","797","478","319","30","827","1392","0","59.41","34.34"
"10","009","00","001","0134","0436","801","467","334","30","831","1422","0","58.44","32.84"
"10","009","00","001","0135","0000","1294","773","521","47","1341","2286","0","58.66","33.81"
"10","009","00","001","0135","0447","482","298","184","26","508","847","0","59.98","35.18"
"10","009","00","001","0135","0448","812","475","337","21","833","1439","0","57.89","33.01"
"10","009","00","001","0136","0000","1286","784","502","49","1335","2204","0","60.57","35.57"
"10","009","00","001","0136","0429","563","363","200","17","580","1009","0","57.48","35.98"
"10","009","00","001","0136","0430","723","421","302","32","755","1195","0","63.18","35.23"
"10","009","00","001","0137","0000","1846","1110","736","65","1911","3479","0","54.93","31.91"
"10","009","00","001","0137","0425","724","418","306","20","744","1308","0","56.88","31.96"
"10","009","00","001","0137","0426","1122","692","430","45","1167","2171","0","53.75","31.87"
"10","009","00","001","0138","0000","1517","913","604","82","1599","2576","0","62.07","35.44"
"10","009","00","001","0138","0442","698","413","285","35","733","1214","0","60.38","34.02"
"10","009","00","001","0138","0443","819","500","319","47","866","1362","0","63.58","36.71"
"10","009","00","001","0139","0000","1313","813","500","80","1393","2279","0","61.12","35.67"
"10","009","00","001","0139","0420","636","396","240","39","675","1103","0","61.2","35.9"
"10","009","00","001","0139","0421","677","417","260","41","718","1176","0","61.05","35.46"
"10","009","00","002","0000","0000","20869","12689","8180","1151","22020","38138","44608","57.74","33.27"
"10","009","00","002","0201","0000","684","413","271","30","714","1166","0","61.23","35.42"
"10","009","00","002","0201","0498","684","413","271","30","714","1166","0","61.23","35.42"
"10","009","00","002","0202","0000","1275","799","476","48","1323","2110","0","62.7","37.87"
"10","009","00","002","0202","0499","693","439","254","25","718","1135","0","63.26","38.68"
"10","009","00","002","0202","0500","582","360","222","23","605","975","0","62.05","36.92"
"10","009","00","002","0203","0000","1186","722","464","62","1248","2228","0","56.01","32.41"
"10","009","00","002","0203","0503","711","428","283","37","748","1321","0","56.62","32.4"
"10","009","00","002","0203","0504","475","294","181","25","500","907","0","55.13","32.41"
"10","009","00","002","0204","0000","877","527","350","52","929","1473","0","63.07","35.78"
"10","009","00","002","0204","0505","877","527","350","52","929","1473","0","63.07","35.78"
"10","009","00","002","0205","0000","775","462","313","28","803","1277","0","62.88","36.18"
"10","009","00","002","0205","0506","775","462","313","28","803","1277","0","62.88","36.18"
"10","009","00","002","0206","0000","1474","902","572","70","1544","2673","0","57.76","33.74"
"10","009","00","002","0206","0514","610","391","219","31","641","1042","0","61.52","37.52"
"10","009","00","002","0206","0515","864","511","353","39","903","1631","0","55.36","31.33"
"10","009","00","002","0207","0000","710","413","297","47","757","1333","0","56.79","30.98"
"10","009","00","002","0207","0507","710","413","297","47","757","1333","0","56.79","30.98"
"10","009","00","002","0208","0000","407","254","153","25","432","777","0","55.6","32.69"
"10","009","00","002","0208","0508","407","254","153","25","432","777","0","55.6","32.69"
"10","009","00","002","0209","0000","451","267","184","40","491","899","0","54.62","29.7"
"10","009","00","002","0209","0510","451","267","184","40","491","899","0","54.62","29.7"
"10","009","00","002","0210","0000","311","205","106","23","334","688","0","48.55","29.8"
"10","009","00","002","0210","0511","311","205","106","23","334","688","0","48.55","29.8"
"10","009","00","002","0211","0000","581","382","199","27","608","1147","0","53.01","33.3"
"10","009","00","002","0211","0512","581","382","199","27","608","1147","0","53.01","33.3"
"10","009","00","002","0212","0000","940","538","402","60","1000","1709","0","58.51","31.48"
"10","009","00","002","0212","0513","940","538","402","60","1000","1709","0","58.51","31.48"
"10","009","00","002","0213","0000","512","315","197","26","538","981","0","54.84","32.11"
"10","009","00","002","0213","0525","512","315","197","26","538","981","0","54.84","32.11"
"10","009","00","002","0214","0000","1408","850","558","77","1485","2715","0","54.7","31.31"
"10","009","00","002","0214","0526","528","310","218","16","544","1129","0","48.18","27.46"
"10","009","00","002","0214","0527","880","540","340","61","941","1586","0","59.33","34.05"
"10","009","00","002","0215","0000","1209","759","450","73","1282","2227","0","57.57","34.08"
"10","009","00","002","0215","0528","720","446","274","48","768","1243","0","61.79","35.88"
"10","009","00","002","0215","0529","489","313","176","25","514","984","0","52.24","31.81"
"10","009","00","002","0216","0000","1857","1122","735","111","1968","3266","0","60.26","34.35"
"10","009","00","002","0216","0516","978","587","391","63","1041","1702","0","61.16","34.49"
"10","009","00","002","0216","0517","879","535","344","48","927","1564","0","59.27","34.21"
"10","009","00","002","0217","0000","438","268","170","8","446","897","0","49.72","29.88"
"10","009","00","002","0217","0520","438","268","170","8","446","897","0","49.72","29.88"
"10","009","00","002","0218","0000","424","262","162","27","451","803","0","56.16","32.63"
"10","009","00","002","0218","0521","424","262","162","27","451","803","0","56.16","32.63"
"10","009","00","002","0219","0000","467","286","181","39","506","866","0","58.43","33.03"
"10","009","00","002","0219","0522","467","286","181","39","506","866","0","58.43","33.03"
"10","009","00","002","0220","0000","821","465","356","68","889","1523","0","58.37","30.53"
"10","009","00","002","0220","0523","463","257","206","40","503","852","0","59.04","30.16"
"10","009","00","002","0220","0524","358","208","150","28","386","671","0","57.53","31.0"
"10","009","00","002","0221","0000","846","551","295","46","892","1507","0","59.19","36.56"
"10","009","00","002","0221","0530","846","551","295","46","892","1507","0","59.19","36.56"
"10","009","00","002","0222","0000","456","269","187","28","484","877","0","55.19","30.67"
"10","009","00","002","0222","0509","456","269","187","28","484","877","0","55.19","30.67"
"10","009","00","002","0223","0000","1600","945","655","71","1671","2810","0","59.47","33.63"
"10","009","00","002","0223","0501","845","509","336","31","876","1459","0","60.04","34.89"
"10","009","00","002","0223","0502","755","436","319","40","795","1351","0","58.85","32.27"
"10","009","00","002","0224","0000","1160","713","447","65","1225","2186","0","56.04","32.62"
"10","009","00","002","0224","0518","416","257","159","20","436","910","0","47.91","28.24"
"10","009","00","002","0224","0519","744","456","288","45","789","1276","0","61.83","35.74"
"10","009","00","003","0000","0000","29607","17512","12095","1658","31265","58167","70892","53.75","30.11"
"10","009","00","003","0301","0000","525","279","246","48","573","941","0","60.89","29.65"
"10","009","00","003","0301","0117","525","279","246","48","573","941","0","60.89","29.65"
"10","009","00","003","0302","0000","822","515","307","64","886","1675","0","52.9","30.75"
"10","009","00","003","0302","0111","421","258","163","27","448","785","0","57.07","32.87"
"10","009","00","003","0302","0112","401","257","144","37","438","890","0","49.21","28.88"
"10","009","00","003","0303","0000","1417","849","568","69","1486","2605","0","57.04","32.59"
"10","009","00","003","0303","0109","709","415","294","35","744","1347","0","55.23","30.81"
"10","009","00","003","0303","0110","708","434","274","34","742","1258","0","58.98","34.5"
"10","009","00","003","0304","0000","1634","999","635","88","1722","2844","0","60.55","35.13"
"10","009","00","003","0304","0113","802","501","301","49","851","1413","0","60.23","35.46"
"10","009","00","003","0304","0114","832","498","334","39","871","1431","0","60.87","34.8"
"10","009","00","003","0305","0000","1255","751","504","66","1321","2549","0","51.82","29.46"
"10","009","00","003","0305","0115","621","371","250","39","660","1224","0","53.92","30.31"
"10","009","00","003","0305","0116","634","380","254","27","661","1325","0","49.89","28.68"
"10","009","00","003","0306","0000","1701","1019","682","57","1758","3254","0","54.03","31.32"
"10","009","00","003","0306","0118","863","526","337","23","886","1613","0","54.93","32.61"
"10","009","00","003","0306","0119","838","493","345","34","872","1641","0","53.14","30.04"
"10","009","00","003","0307","0000","853","505","348","33","886","1438","0","61.61","35.12"
"10","009","00","003","0307","0123","853","505","348","33","886","1438","0","61.61","35.12"
"10","009","00","003","0308","0000","2500","1524","976","98","2598","4295","0","60.49","35.48"
"10","009","00","003","0308","0124","761","474","287","28","789","1361","0","57.97","34.83"
"10","009","00","003","0308","0125","833","522","311","38","871","1444","0","60.32","36.15"
"10","009","00","003","0308","0126","906","528","378","32","938","1490","0","62.95","35.44"
"10","009","00","003","0309","0000","1269","718","551","57","1326","2274","0","58.31","31.57"
"10","009","00","003","0309","0127","796","464","332","39","835","1307","0","63.89","35.5"
"10","009","00","003","0309","0128","473","254","219","18","491","967","0","50.78","26.27"
"10","009","00","003","0310","0000","1967","1207","760","64","2031","3745","0","54.23","32.23"
"10","009","00","003","0310","0129","955","594","361","29","984","1865","0","52.76","31.85"
"10","009","00","003","0310","0130","1012","613","399","35","1047","1880","0","55.69","32.61"
"10","009","00","003","0311","0000","1056","642","414","46","1102","2000","0","55.1","32.1"
"10","009","00","003","0311","0131","560","322","238","25","585","1099","0","53.23","29.3"
"10","009","00","003","0311","0132","496","320","176","21","517","901","0","57.38","35.52"
"10","009","00","003","0312","0000","582","329","253","30","612","1120","0","54.64","29.38"
"10","009","00","003","0312","0133","582","329","253","30","612","1120","0","54.64","29.38"
"10","009","00","003","0313","0000","586","342","244","53","639","1272","0","50.24","26.89"
"10","009","00","003","0313","0154","586","342","244","53","639","1272","0","50.24","26.89"
"10","009","00","003","0314","0000","394","231","163","20","414","851","0","48.65","27.14"
"10","009","00","003","0314","0153","394","231","163","20","414","851","0","48.65","27.14"
"10","009","00","003","0315","0000","652","367","285","69","721","1549","0","46.55","23.69"
"10","009","00","003","0315","0152","652","367","285","69","721","1549","0","46.55","23.69"
"10","009","00","003","0316","0000","660","403","257","51","711","1509","0","47.12","26.71"
"10","009","00","003","0316","0150","660","403","257","51","711","1509","0","47.12","26.71"
"10","009","00","003","0317","0000","311","151","160","55","366","855","0","42.81","17.66"
"10","009","00","003","0317","0151","311","151","160","55","366","855","0","42.81","17.66"
"10","009","00","003","0318","0000","1344","779","565","70","1414","2668","0","53.0","29.2"
"10","009","00","003","0318","0135","728","422","306","45","773","1420","0","54.44","29.72"
"10","009","00","003","0318","0136","616","357","259","25","641","1248","0","51.36","28.61"
"10","009","00","003","0319","0000","415","261","154","23","438","799","0","54.82","32.67"
"10","009","00","003","0319","0137","415","261","154","23","438","799","0","54.82","32.67"
"10","009","00","003","0320","0000","817","466","351","81","898","1760","0","51.02","26.48"
"10","009","00","003","0320","0138","402","229","173","45","447","836","0","53.47","27.39"
"10","009","00","003","0320","0139","415","237","178","36","451","924","0","48.81","25.65"
"10","009","00","003","0321","0000","708","431","277","22","730","1648","0","44.3","26.15"
"10","009","00","003","0321","0140","708","431","277","22","730","1648","0","44.3","26.15"
"10","009","00","003","0322","0000","1436","836","600","126","1562","3162","0","49.4","26.44"
"10","009","00","003","0322","0141","698","401","297","80","778","1616","0","48.14","24.81"
"10","009","00","003","0322","0142","738","435","303","46","784","1546","0","50.71","28.14"
"10","009","00","003","0323","0000","1185","688","497","54","1239","2361","0","52.48","29.14"
"10","009","00","003","0323","0143","641","372","269","29","670","1283","0","52.22","28.99"
"10","009","00","003","0323","0144","544","316","228","25","569","1078","0","52.78","29.31"
"10","009","00","003","0324","0000","1216","686","530","71","1287","2597","0","49.56","26.42"
"10","009","00","003","0324","0145","615","359","256","40","655","1313","0","49.89","27.34"
"10","009","00","003","0324","0146","601","327","274","31","632","1284","0","49.22","25.47"
"10","009","00","003","0325","0000","667","385","282","61","728","1356","0","53.69","28.39"
"10","009","00","003","0325","0147","667","385","282","61","728","1356","0","53.69","28.39"
"10","009","00","003","0326","0000","774","461","313","48","822","1504","0","54.65","30.65"
"10","009","00","003","0326","0148","774","461","313","48","822","1504","0","54.65","30.65"
"10","009","00","003","0327","0000","224","112","112","12","236","545","0","43.3","20.55"
"10","009","00","003","0327","0134","224","112","112","12","236","545","0","43.3","20.55"
"10","009","00","003","0328","0000","2109","1279","830","93","2202","3767","0","58.46","33.95"
"10","009","00","003","0328","0120","689","418","271","25","714","1200","0","59.5","34.83"
"10","009","00","003","0328","0121","713","434","279","47","760","1294","0","58.73","33.54"
"10","009","00","003","0328","0122","707","427","280","21","728","1273","0","57.19","33.54"
"10","009","00","003","0329","0000","528","297","231","29","557","1224","0","45.51","24.26"
"10","009","00","003","0329","0149","528","297","231","29","557","1224","0","45.51","24.26"
"10","009","00","004","0000","0000","19095","11288","7807","1400","20495","38142","46135","53.73","29.59"
"10","009","00","004","0401","0000","787","452","335","58","845","1590","0","53.14","28.43"
"10","009","00","004","0401","0340","787","452","335","58","845","1590","0","53.14","28.43"
"10","009","00","004","0402","0000","898","517","381","61","959","1741","0","55.08","29.7"
"10","009","00","004","0402","0341","898","517","381","61","959","1741","0","55.08","29.7"
"10","009","00","004","0403","0000","1280","790","490","90","1370","2120","0","64.62","37.26"
"10","009","00","004","0403","0342","660","398","262","37","697","1080","0","64.54","36.85"
"10","009","00","004","0403","0343","620","392","228","53","673","1040","0","64.71","37.69"
"10","009","00","004","0404","0000","1601","1019","582","84","1685","2971","0","56.71","34.3"
"10","009","00","004","0404","0344","755","469","286","35","790","1346","0","58.69","34.84"
"10","009","00","004","0404","0345","846","550","296","49","895","1625","0","55.08","33.85"
"10","009","00","004","0405","0000","217","139","78","18","235","354","0","66.38","39.27"
"10","009","00","004","0405","0346","217","139","78","18","235","354","0","66.38","39.27"
"10","009","00","004","0406","0000","304","196","108","18","322","580","0","55.52","33.79"
"10","009","00","004","0406","0347","304","196","108","18","322","580","0","55.52","33.79"
"10","009","00","004","0407","0000","360","211","149","14","374","591","0","63.28","35.7"
"10","009","00","004","0407","0348","360","211","149","14","374","591","0","63.28","35.7"
"10","009","00","004","0408","0000","588","343","245","32","620","1050","0","59.05","32.67"
"10","009","00","004","0408","0349","588","343","245","32","620","1050","0","59.05","32.67"
"10","009","00","004","0409","0000","1479","861","618","91","1570","2749","0","57.11","31.32"
"10","009","00","004","0409","0350","665","400","265","42","707","1147","0","61.64","34.87"
"10","009","00","004","0409","0351","814","461","353","49","863","1602","0","53.87","28.78"
"10","009","00","004","0410","0000","2223","1318","905","115","2338","4335","0","53.93","30.4"
"10","009","00","004","0410","0352","746","434","312","33","779","1452","0","53.65","29.89"
"10","009","00","004","0410","0353","838","481","357","49","887","1578","0","56.21","30.48"
"10","009","00","004","0410","0354","639","403","236","33","672","1305","0","51.49","30.88"
"10","009","00","004","0411","0000","606","353","253","34","640","1327","0","48.23","26.6"
"10","009","00","004","0411","0355","606","353","253","34","640","1327","0","48.23","26.6"
"10","009","00","004","0412","0000","758","419","339","46","804","1516","0","53.03","27.64"
"10","009","00","004","0412","0356","758","419","339","46","804","1516","0","53.03","27.64"
"10","009","00","004","0413","0000","499","290","209","49","548","983","0","55.75","29.5"
"10","009","00","004","0413","0369","499","290","209","49","548","983","0","55.75","29.5"
"10","009","00","004","0414","0000","511","300","211","43","554","1014","0","54.64","29.59"
"10","009","00","004","0414","0370","511","300","211","43","554","1014","0","54.64","29.59"
"10","009","00","004","0415","0000","839","482","357","83","922","1805","0","51.08","26.7"
"10","009","00","004","0415","0371","428","242","186","53","481","939","0","51.22","25.77"
"10","009","00","004","0415","0372","411","240","171","30","441","866","0","50.92","27.71"
"10","009","00","004","0416","0000","647","393","254","82","729","1486","0","49.06","26.45"
"10","009","00","004","0416","0373","647","393","254","82","729","1486","0","49.06","26.45"
"10","009","00","004","0417","0000","672","401","271","35","707","1616","0","43.75","24.81"
"10","009","00","004","0417","0357","354","200","154","17","371","828","0","44.81","24.15"
"10","009","00","004","0417","0358","318","201","117","18","336","788","0","42.64","25.51"
"10","009","00","004","0418","0000","416","240","176","45","461","863","0","53.42","27.81"
"10","009","00","004","0418","0359","416","240","176","45","461","863","0","53.42","27.81"
"10","009","00","004","0419","0000","447","272","175","76","523","984","0","53.15","27.64"
"10","009","00","004","0419","0360","447","272","175","76","523","984","0","53.15","27.64"
"10","009","00","004","0420","0000","431","254","177","40","471","870","0","54.14","29.2"
"10","009","00","004","0420","0362","431","254","177","40","471","870","0","54.14","29.2"
"10","009","00","004","0421","0000","759","466","293","66","825","1514","0","54.49","30.78"
"10","009","00","004","0421","0361","759","466","293","66","825","1514","0","54.49","30.78"
"10","009","00","004","0422","0000","471","278","193","51","522","971","0","53.76","28.63"
"10","009","00","004","0422","0363","471","278","193","51","522","971","0","53.76","28.63"
"10","009","00","004","0423","0000","418","231","187","31","449","823","0","54.56","28.07"
"10","009","00","004","0423","0366","418","231","187","31","449","823","0","54.56","28.07"
"10","009","00","004","0424","0000","341","192","149","18","359","726","0","49.45","26.45"
"10","009","00","004","0424","0365","341","192","149","18","359","726","0","49.45","26.45"
"10","009","00","004","0425","0000","557","317","240","50","607","1304","0","46.55","24.31"
"10","009","00","004","0425","0364","557","317","240","50","607","1304","0","46.55","24.31"
"10","009","00","004","0426","0000","360","204","156","12","372","886","0","41.99","23.02"
"10","009","00","004","0426","0367","360","204","156","12","372","886","0","41.99","23.02"
"10","009","00","004","0427","0000","626","350","276","58","684","1373","0","49.82","25.49"
"10","009","00","004","0427","0368","626","350","276","58","684","1373","0","49.82","25.49"
"10","009","00","005","0000","0000","11863","7060","4803","1003","12866","24412","28827","52.7","28.92"
"10","009","00","005","0501","0000","477","273","204","39","516","809","0","63.78","33.75"
"10","009","00","005","0501","0080","477","273","204","39","516","809","0","63.78","33.75"
"10","009","00","005","0502","0000","515","328","187","24","539","896","0","60.16","36.61"
"10","009","00","005","0502","0081","515","328","187","24","539","896","0","60.16","36.61"
"10","009","00","005","0503","0000","826","483","343","55","881","1389","0","63.43","34.77"
"10","009","00","005","0503","0082","375","205","170","31","406","687","0","59.1","29.84"
"10","009","00","005","0503","0083","451","278","173","24","475","702","0","67.66","39.6"
"10","009","00","005","0504","0000","612","384","228","31","643","1032","0","62.31","37.21"
"10","009","00","005","0504","0084","612","384","228","31","643","1032","0","62.31","37.21"
"10","009","00","005","0505","0000","516","282","234","81","597","1124","0","53.11","25.09"
"10","009","00","005","0505","0085","324","174","150","47","371","697","0","53.23","24.96"
"10","009","00","005","0505","0086","192","108","84","34","226","427","0","52.93","25.29"
"10","009","00","005","0506","0000","690","383","307","42","732","1430","0","51.19","26.78"
"10","009","00","005","0506","0089","275","146","129","17","292","634","0","46.06","23.03"
"10","009","00","005","0506","0090","415","237","178","25","440","796","0","55.28","29.77"
"10","009","00","005","0507","0000","562","318","244","59","621","1321","0","47.01","24.07"
"10","009","00","005","0507","0091","302","182","120","31","333","745","0","44.7","24.43"
"10","009","00","005","0507","0092","260","136","124","28","288","576","0","50.0","23.61"
"10","009","00","005","0508","0000","528","291","237","65","593","1277","0","46.44","22.79"
"10","009","00","005","0508","0093","307","169","138","48","355","743","0","47.78","22.75"
"10","009","00","005","0508","0094","221","122","99","17","238","534","0","44.57","22.85"
"10","009","00","005","0509","0000","434","282","152","37","471","843","0","55.87","33.45"
"10","009","00","005","0509","0099","434","282","152","37","471","843","0","55.87","33.45"
"10","009","00","005","0510","0000","1533","895","638","67","1600","2734","0","58.52","32.74"
"10","009","00","005","0510","0087","812","471","341","44","856","1451","0","58.99","32.46"
"10","009","00","005","0510","0088","721","424","297","23","744","1283","0","57.99","33.05"
"10","009","00","005","0511","0000","887","520","367","84","971","1864","0","52.09","27.9"
"10","009","00","005","0511","0100","446","267","179","46","492","916","0","53.71","29.15"
"10","009","00","005","0511","0101","441","253","188","38","479","948","0","50.53","26.69"
"10","009","00","005","0512","0000","807","541","266","76","883","1774","0","49.77","30.5"
"10","009","00","005","0512","0102","472","275","197","28","500","914","0","54.7","30.09"
"10","009","00","005","0512","0103","335","266","69","48","383","860","0","44.53","30.93"
"10","009","00","005","0513","0000","357","219","138","34","391","896","0","43.64","24.44"
"10","009","00","005","0513","0106","357","219","138","34","391","896","0","43.64","24.44"
"10","009","00","005","0514","0000","814","499","315","85","899","1804","0","49.83","27.66"
"10","009","00","005","0514","0104","434","257","177","41","475","929","0","51.13","27.66"
"10","009","00","005","0514","0105","380","242","138","44","424","875","0","48.46","27.66"
"10","009","00","005","0515","0000","972","562","410","121","1093","2276","0","48.02","24.69"
"10","009","00","005","0515","0095","490","287","203","57","547","1199","0","45.62","23.94"
"10","009","00","005","0515","0096","482","275","207","64","546","1077","0","50.7","25.53"
"10","009","00","005","0516","0000","719","462","257","39","758","1503","0","50.43","30.74"
"10","009","00","005","0516","0097","367","248","119","19","386","819","0","47.13","30.28"
"10","009","00","005","0516","0098","352","214","138","20","372","684","0","54.39","31.29"
"10","009","00","005","0517","0000","614","338","276","64","678","1440","0","47.08","23.47"
"10","009","00","005","0517","0107","310","161","149","37","347","757","0","45.84","21.27"
"10","009","00","005","0517","0108","304","177","127","27","331","683","0","48.46","25.92"
"10","009","00","006","0000","0000","17324","10470","6854","1331","18655","33958","39975","54.94","30.83"
"10","009","00","006","0601","0000","383","244","139","45","428","724","0","59.12","33.7"
"10","009","00","006","0601","0256","383","244","139","45","428","724","0","59.12","33.7"
"10","009","00","006","0602","0000","398","227","171","48","446","688","0","64.83","32.99"
"10","009","00","006","0602","0257","398","227","171","48","446","688","0","64.83","32.99"
"10","009","00","006","0603","0000","241","162","79","27","268","452","0","59.29","35.84"
"10","009","00","006","0603","0258","241","162","79","27","268","452","0","59.29","35.84"
"10","009","00","006","0604","0000","464","304","160","35","499","866","0","57.62","35.1"
"10","009","00","006","0604","0259","464","304","160","35","499","866","0","57.62","35.1"
"10","009","00","006","0605","0000","180","118","62","12","192","336","0","57.14","35.12"
"10","009","00","006","0605","0260","180","118","62","12","192","336","0","57.14","35.12"
"10","009","00","006","0606","0000","200","129","71","16","216","395","0","54.68","32.66"
"10","009","00","006","0606","0261","200","129","71","16","216","395","0","54.68","32.66"
"10","009","00","006","0607","0000","220","136","84","19","239","376","0","63.56","36.17"
"10","009","00","006","0607","0262","220","136","84","19","239","376","0","63.56","36.17"
"10","009","00","006","0608","0000","516","307","209","29","545","950","0","57.37","32.32"
"10","009","00","006","0608","0263","516","307","209","29","545","950","0","57.37","32.32"
"10","009","00","006","0609","0000","303","204","99","31","334","512","0","65.23","39.84"
"10","009","00","006","0609","0264","303","204","99","31","334","512","0","65.23","39.84"
"10","009","00","006","0610","0000","174","105","69","27","201","324","0","62.04","32.41"
"10","009","00","006","0610","0265","174","105","69","27","201","324","0","62.04","32.41"
"10","009","00","006","0611","0000","280","182","98","25","305","546","0","55.86","33.33"
"10","009","00","006","0611","0266","280","182","98","25","305","546","0","55.86","33.33"
"10","009","00","006","0612","0000","645","394","251","58","703","1184","0","59.38","33.28"
"10","009","00","006","0612","0267","257","162","95","14","271","433","0","62.59","37.41"
"10","009","00","006","0612","0268","388","232","156","44","432","751","0","57.52","30.89"
"10","009","00","006","0613","0000","254","175","79","19","273","442","0","61.76","39.59"
"10","009","00","006","0613","0269","254","175","79","19","273","442","0","61.76","39.59"
"10","009","00","006","0614","0000","2635","1555","1080","179","2814","4912","0","57.29","31.66"
"10","009","00","006","0614","0270","619","343","276","49","668","1151","0","58.04","29.8"
"10","009","00","006","0614","0271","679","397","282","39","718","1224","0","58.66","32.43"
"10","009","00","006","0614","0272","637","390","247","34","671","1211","0","55.41","32.2"
"10","009","00","006","0614","0273","700","425","275","57","757","1326","0","57.09","32.05"
"10","009","00","006","0615","0000","1045","592","453","64","1109","1721","0","64.44","34.4"
"10","009","00","006","0615","0274","458","243","215","25","483","744","0","64.92","32.66"
"10","009","00","006","0615","0275","587","349","238","39","626","977","0","64.07","35.72"
"10","009","00","006","0616","0000","3364","2006","1358","204","3568","6230","0","57.27","32.2"
"10","009","00","006","0616","0278","753","449","304","37","790","1364","0","57.92","32.92"
"10","009","00","006","0616","0279","612","362","250","50","662","1123","0","58.95","32.24"
"10","009","00","006","0616","0280","788","476","312","38","826","1451","0","56.93","32.8"
"10","009","00","006","0616","0281","654","385","269","44","698","1162","0","60.07","33.13"
"10","009","00","006","0616","0282","557","334","223","35","592","1130","0","52.39","29.56"
"10","009","00","006","0617","0000","570","334","236","37","607","1149","0","52.83","29.07"
"10","009","00","006","0617","0283","570","334","236","37","607","1149","0","52.83","29.07"
"10","009","00","006","0618","0000","334","194","140","24","358","809","0","44.25","23.98"
"10","009","00","006","0618","0287","334","194","140","24","358","809","0","44.25","23.98"
"10","009","00","006","0619","0000","605","371","234","49","654","1397","0","46.81","26.56"
"10","009","00","006","0619","0288","605","371","234","49","654","1397","0","46.81","26.56"
"10","009","00","006","0620","0000","469","279","190","61","530","1145","0","46.29","24.37"
"10","009","00","006","0620","0289","469","279","190","61","530","1145","0","46.29","24.37"
"10","009","00","006","0621","0000","496","287","209","37","533","966","0","55.18","29.71"
"10","009","00","006","0621","0284","223","125","98","17","240","533","0","45.03","23.45"
"10","009","00","006","0621","0285","273","162","111","20","293","433","0","67.67","37.41"
"10","009","00","006","0622","0000","268","158","110","50","318","828","0","38.41","19.08"
"10","009","00","006","0622","0290","268","158","110","50","318","828","0","38.41","19.08"
"10","009","00","006","0623","0000","217","145","72","12","229","557","0","41.11","26.03"
"10","009","00","006","0623","0291","217","145","72","12","229","557","0","41.11","26.03"
"10","009","00","006","0624","0000","731","451","280","64","795","1637","0","48.56","27.55"
"10","009","00","006","0624","0292","478","287","191","30","508","1060","0","47.92","27.08"
"10","009","00","006","0624","0293","253","164","89","34","287","577","0","49.74","28.42"
"10","009","00","006","0625","0000","1468","854","614","102","1570","2981","0","52.67","28.65"
"10","009","00","006","0625","0294","365","205","160","48","413","931","0","44.36","22.02"
"10","009","00","006","0625","0295","518","302","216","35","553","1018","0","54.32","29.67"
"10","009","00","006","0625","0296","585","347","238","19","604","1032","0","58.53","33.62"
"10","009","00","006","0626","0000","493","310","183","42","535","960","0","55.73","32.29"
"10","009","00","006","0626","0276","493","310","183","42","535","960","0","55.73","32.29"
"10","009","00","006","0627","0000","186","117","69","10","196","494","0","39.68","23.68"
"10","009","00","006","0627","0277","186","117","69","10","196","494","0","39.68","23.68"
"10","009","00","006","0628","0000","185","130","55","5","190","377","0","50.4","34.48"
"10","009","00","006","0628","0286","185","130","55","5","190","377","0","50.4","34.48"
"10","009","00","007","0000","0000","13680","8316","5364","1001","14681","27477","31464","53.43","30.27"
"10","009","00","007","0701","0000","583","354","229","73","656","1255","0","52.27","28.21"
"10","009","00","007","0701","0539","583","354","229","73","656","1255","0","52.27","28.21"
"10","009","00","007","0702","0000","618","375","243","35","653","1078","0","60.58","34.79"
"10","009","00","007","0702","0540","618","375","243","35","653","1078","0","60.58","34.79"
"10","009","00","007","0703","0000","608","388","220","74","682","1169","0","58.34","33.19"
"10","009","00","007","0703","0538","608","388","220","74","682","1169","0","58.34","33.19"
"10","009","00","007","0704","0000","695","438","257","59","754","1426","0","52.88","30.72"
"10","009","00","007","0704","0536","588","376","212","56","644","1122","0","57.4","33.51"
"10","009","00","007","0704","0537","107","62","45","3","110","304","0","36.18","20.39"
"10","009","00","007","0705","0000","1536","931","605","92","1628","3074","0","52.96","30.29"
"10","009","00","007","0705","0534","686","433","253","38","724","1302","0","55.61","33.26"
"10","009","00","007","0705","0535","850","498","352","54","904","1772","0","51.02","28.1"
"10","009","00","007","0706","0000","770","443","327","53","823","1517","0","54.25","29.2"
"10","009","00","007","0706","0533","770","443","327","53","823","1517","0","54.25","29.2"
"10","009","00","007","0707","0000","1086","642","444","71","1157","2120","0","54.58","30.28"
"10","009","00","007","0707","0531","599","355","244","30","629","1126","0","55.86","31.53"
"10","009","00","007","0707","0532","487","287","200","41","528","994","0","53.12","28.87"
"10","009","00","007","0708","0000","295","190","105","10","305","734","0","41.55","25.89"
"10","009","00","007","0708","0554","295","190","105","10","305","734","0","41.55","25.89"
"10","009","00","007","0709","0000","110","67","43","11","121","285","0","42.46","23.51"
"10","009","00","007","0709","0553","110","67","43","11","121","285","0","42.46","23.51"
"10","009","00","007","0710","0000","1101","671","430","65","1166","2138","0","54.54","31.38"
"10","009","00","007","0710","0547","478","288","190","34","512","998","0","51.3","28.86"
"10","009","00","007","0710","0548","623","383","240","31","654","1140","0","57.37","33.6"
"10","009","00","007","0711","0000","587","323","264","49","636","1150","0","55.3","28.09"
"10","009","00","007","0711","0555","587","323","264","49","636","1150","0","55.3","28.09"
"10","009","00","007","0712","0000","590","369","221","31","621","1233","0","50.36","29.93"
"10","009","00","007","0712","0552","590","369","221","31","621","1233","0","50.36","29.93"
"10","009","00","007","0713","0000","236","141","95","14","250","453","0","55.19","31.13"
"10","009","00","007","0713","0556","236","141","95","14","250","453","0","55.19","31.13"
"10","009","00","007","0714","0000","259","163","96","19","278","571","0","48.69","28.55"
"10","009","00","007","0714","0557","259","163","96","19","278","571","0","48.69","28.55"
"10","009","00","007","0715","0000","1038","626","412","71","1109","2058","0","53.89","30.42"
"10","009","00","007","0715","0549","560","324","236","42","602","1102","0","54.63","29.4"
"10","009","00","007","0715","0550","478","302","176","29","507","956","0","53.03","31.59"
"10","009","00","007","0716","0000","368","189","179","19","387","695","0","55.68","27.19"
"10","009","00","007","0716","0551","368","189","179","19","387","695","0","55.68","27.19"
"10","009","00","007","0717","0000","1059","671","388","86","1145","2243","0","51.05","29.92"
"10","009","00","007","0717","0541","449","278","171","22","471","943","0","49.95","29.48"
"10","009","00","007","0717","0542","610","393","217","64","674","1300","0","51.85","30.23"
"10","009","00","007","0718","0000","1050","668","382","72","1122","2108","0","53.23","31.69"
"10","009","00","007","0718","0543","462","304","158","40","502","964","0","52.07","31.54"
"10","009","00","007","0718","0544","588","364","224","32","620","1144","0","54.2","31.82"
"10","009","00","007","0719","0000","725","444","281","71","796","1482","0","53.71","29.96"
"10","009","00","007","0719","0545","725","444","281","71","796","1482","0","53.71","29.96"
"10","009","00","007","0720","0000","366","223","143","26","392","688","0","56.98","32.41"
"10","009","00","007","0720","0546","366","223","143","26","392","688","0","56.98","32.41"
"10","009","00","008","0000","0000","8043","4704","3339","570","8613","16509","19083","52.17","28.49"
"10","009","00","008","0801","0000","376","212","164","27","403","750","0","53.73","28.27"
"10","009","00","008","0801","0480","376","212","164","27","403","750","0","53.73","28.27"
"10","009","00","008","0802","0000","1086","619","467","66","1152","2095","0","54.99","29.55"
"10","009","00","008","0802","0484","748","432","316","44","792","1495","0","52.98","28.9"
"10","009","00","008","0802","0485","338","187","151","22","360","600","0","60.0","31.17"
"10","009","00","008","0803","0000","551","307","244","43","594","1004","0","59.16","30.58"
"10","009","00","008","0803","0486","551","307","244","43","594","1004","0","59.16","30.58"
"10","009","00","008","0804","0000","377","222","155","22","399","948","0","42.09","23.42"
"10","009","00","008","0804","0487","377","222","155","22","399","948","0","42.09","23.42"
"10","009","00","008","0805","0000","876","507","369","62","938","1895","0","49.5","26.75"
"10","009","00","008","0805","0489","653","366","287","44","697","1430","0","48.74","25.59"
"10","009","00","008","0805","0490","223","141","82","18","241","465","0","51.83","30.32"
"10","009","00","008","0806","0000","854","530","324","57","911","1781","0","51.15","29.76"
"10","009","00","008","0806","0491","613","385","228","48","661","1307","0","50.57","29.46"
"10","009","00","008","0806","0492","241","145","96","9","250","474","0","52.74","30.59"
"10","009","00","008","0807","0000","781","449","332","50","831","1539","0","54.0","29.17"
"10","009","00","008","0807","0488","781","449","332","50","831","1539","0","54.0","29.17"
"10","009","00","008","0808","0000","679","408","271","56","735","1220","0","60.25","33.44"
"10","009","00","008","0808","0493","679","408","271","56","735","1220","0","60.25","33.44"
"10","009","00","008","0809","0000","351","188","163","22","373","719","0","51.88","26.15"
"10","009","00","008","0809","0481","351","188","163","22","373","719","0","51.88","26.15"
"10","009","00","008","0810","0000","310","192","118","13","323","603","0","53.57","31.84"
"10","009","00","008","0810","0482","310","192","118","13","323","603","0","53.57","31.84"
"10","009","00","008","0811","0000","482","268","214","51","533","1106","0","48.19","24.23"
"10","009","00","008","0811","0483","482","268","214","51","533","1106","0","48.19","24.23"
"10","009","00","008","0812","0000","373","235","138","18","391","733","0","53.34","32.06"
"10","009","00","008","0812","0494","373","235","138","18","391","733","0","53.34","32.06"
"10","009","00","008","0813","0000","353","225","128","24","377","681","0","55.36","33.04"
"10","009","00","008","0813","0495","353","225","128","24","377","681","0","55.36","33.04"
"10","009","00","008","0814","0000","287","162","125","18","305","712","0","42.84","22.75"
"10","009","00","008","0814","0496","287","162","125","18","305","712","0","42.84","22.75"
"10","009","00","008","0815","0000","307","180","127","41","348","723","0","48.13","24.9"
"10","009","00","008","0815","0497","307","180","127","41","348","723","0","48.13","24.9"
"10","009","00","009","0000","0000","12518","7420","5098","1094","13612","24570","28727","55.4","30.2"
"10","009","00","009","0901","0000","2151","1321","830","163","2314","4079","0","56.73","32.39"
"10","009","00","009","0901","0374","800","475","325","50","850","1507","0","56.4","31.52"
"10","009","00","009","0901","0375","672","414","258","36","708","1300","0","54.46","31.85"
"10","009","00","009","0901","0376","679","432","247","77","756","1272","0","59.43","33.96"
"10","009","00","009","0902","0000","423","240","183","41","464","861","0","53.89","27.87"
"10","009","00","009","0902","0377","423","240","183","41","464","861","0","53.89","27.87"
"10","009","00","009","0903","0000","705","409","296","61","766","1565","0","48.95","26.13"
"10","009","00","009","0903","0378","705","409","296","61","766","1565","0","48.95","26.13"
"10","009","00","009","0904","0000","568","353","215","43","611","1213","0","50.37","29.1"
"10","009","00","009","0904","0379","289","183","106","16","305","577","0","52.86","31.72"
"10","009","00","009","0904","0380","279","170","109","27","306","636","0","48.11","26.73"
"10","009","00","009","0905","0000","541","311","230","37","578","1110","0","52.07","28.02"
"10","009","00","009","0905","0381","541","311","230","37","578","1110","0","52.07","28.02"
"10","009","00","009","0906","0000","1026","565","461","119","1145","1958","0","58.48","28.86"
"10","009","00","009","0906","0382","531","284","247","60","591","973","0","60.74","29.19"
"10","009","00","009","0906","0383","495","281","214","59","554","985","0","56.24","28.53"
"10","009","00","009","0907","0000","1622","959","663","132","1754","2991","0","58.64","32.06"
"10","009","00","009","0907","0384","940","550","390","80","1020","1707","0","59.75","32.22"
"10","009","00","009","0907","0385","682","409","273","52","734","1284","0","57.17","31.85"
"10","009","00","009","0908","0000","699","434","265","43","742","1293","0","57.39","33.57"
"10","009","00","009","0908","0386","699","434","265","43","742","1293","0","57.39","33.57"
"10","009","00","009","0909","0000","577","336","241","26","603","1165","0","51.76","28.84"
"10","009","00","009","0909","0389","577","336","241","26","603","1165","0","51.76","28.84"
"10","009","00","009","0910","0000","1021","599","422","110","1131","1940","0","58.3","30.88"
"10","009","00","009","0910","0387","474","282","192","36","510","900","0","56.67","31.33"
"10","009","00","009","0910","0388","547","317","230","74","621","1040","0","59.71","30.48"
"10","009","00","009","0911","0000","933","556","377","104","1037","1756","0","59.05","31.66"
"10","009","00","009","0911","0390","447","259","188","48","495","871","0","56.83","29.74"
"10","009","00","009","0911","0391","486","297","189","56","542","885","0","61.24","33.56"
"10","009","00","009","0912","0000","685","395","290","49","734","1489","0","49.29","26.53"
"10","009","00","009","0912","0392","685","395","290","49","734","1489","0","49.29","26.53"
"10","009","00","009","0913","0000","576","359","217","97","673","1347","0","49.96","26.65"
"10","009","00","009","0913","0393","576","359","217","97","673","1347","0","49.96","26.65"
"10","009","00","009","0914","0000","991","583","408","69","1060","1803","0","58.79","32.33"
"10","009","00","009","0914","0394","622","365","257","46","668","1150","0","58.09","31.74"
"10","009","00","009","0914","0395","369","218","151","23","392","653","0","60.03","33.38"
"10","009","00","010","0000","0000","8126","4885","3241","715","8841","15551","18089","56.85","31.41"
"10","009","00","010","1001","0000","614","393","221","42","656","1036","0","63.32","37.93"
"10","009","00","010","1001","0396","614","393","221","42","656","1036","0","63.32","37.93"
"10","009","00","010","1002","0000","1877","1154","723","124","2001","3652","0","54.79","31.6"
"10","009","00","010","1002","0397","807","472","335","32","839","1490","0","56.31","31.68"
"10","009","00","010","1002","0398","749","474","275","55","804","1491","0","53.92","31.79"
"10","009","00","010","1002","0399","321","208","113","37","358","671","0","53.35","31.0"
"10","009","00","010","1003","0000","1127","657","470","180","1307","2187","0","59.76","30.04"
"10","009","00","010","1003","0400","726","419","307","136","862","1436","0","60.03","29.18"
"10","009","00","010","1003","0401","401","238","163","44","445","751","0","59.25","31.69"
"10","009","00","010","1004","0000","287","174","113","13","300","535","0","56.07","32.52"
"10","009","00","010","1004","0402","287","174","113","13","300","535","0","56.07","32.52"
"10","009","00","010","1005","0000","357","182","175","33","390","811","0","48.09","22.44"
"10","009","00","010","1005","0403","357","182","175","33","390","811","0","48.09","22.44"
"10","009","00","010","1006","0000","1368","856","512","115","1483","2625","0","56.5","32.61"
"10","009","00","010","1006","0404","706","424","282","64","770","1339","0","57.51","31.67"
"10","009","00","010","1006","0405","662","432","230","51","713","1286","0","55.44","33.59"
"10","009","00","010","1007","0000","332","191","141","27","359","646","0","55.57","29.57"
"10","009","00","010","1007","0406","332","191","141","27","359","646","0","55.57","29.57"
"10","009","00","010","1008","0000","609","364","245","42","651","1158","0","56.22","31.43"
"10","009","00","010","1008","0407","609","364","245","42","651","1158","0","56.22","31.43"
"10","009","00","010","1009","0000","574","345","229","44","618","1090","0","56.7","31.65"
"10","009","00","010","1009","0408","574","345","229","44","618","1090","0","56.7","31.65"
"10","009","00","010","1010","0000","981","569","412","95","1076","1811","0","59.41","31.42"
"10","009","00","010","1010","0409","528","320","208","62","590","950","0","62.11","33.68"
"10","009","00","010","1010","0410","453","249","204","33","486","861","0","56.45","28.92"
"10","009","00","011","0000","0000","10265","6035","4230","995","11260","23367","26906","48.19","25.83"
"10","009","00","011","1101","0000","652","354","298","34","686","1463","0","46.89","24.2"
"10","009","00","011","1101","0317","652","354","298","34","686","1463","0","46.89","24.2"
"10","009","00","011","1102","0000","774","466","308","39","813","1738","0","46.78","26.81"
"10","009","00","011","1102","0318","774","466","308","39","813","1738","0","46.78","26.81"
"10","009","00","011","1103","0000","735","427","308","72","807","1643","0","49.12","25.99"
"10","009","00","011","1103","0319","266","158","108","36","302","625","0","48.32","25.28"
"10","009","00","011","1103","0320","469","269","200","36","505","1018","0","49.61","26.42"
"10","009","00","011","1104","0000","539","300","239","55","594","1496","0","39.71","20.05"
"10","009","00","011","1104","0321","176","96","80","7","183","448","0","40.85","21.43"
"10","009","00","011","1104","0322","363","204","159","48","411","1048","0","39.22","19.47"
"10","009","00","011","1105","0000","576","312","264","58","634","1161","0","54.61","26.87"
"10","009","00","011","1105","0323","576","312","264","58","634","1161","0","54.61","26.87"
"10","009","00","011","1106","0000","947","555","392","72","1019","1840","0","55.38","30.16"
"10","009","00","011","1106","0324","487","278","209","29","516","991","0","52.07","28.05"
"10","009","00","011","1106","0325","460","277","183","43","503","849","0","59.25","32.63"
"10","009","00","011","1107","0000","413","236","177","37","450","890","0","50.56","26.52"
"10","009","00","011","1107","0326","413","236","177","37","450","890","0","50.56","26.52"
"10","009","00","011","1108","0000","457","357","100","18","475","891","0","53.31","40.07"
"10","009","00","011","1108","0328","457","357","100","18","475","891","0","53.31","40.07"
"10","009","00","011","1109","0000","304","173","131","26","330","757","0","43.59","22.85"
"10","009","00","011","1109","0329","304","173","131","26","330","757","0","43.59","22.85"
"10","009","00","011","1110","0000","635","394","241","98","733","1497","0","48.96","26.32"
"10","009","00","011","1110","0330","635","394","241","98","733","1497","0","48.96","26.32"
"10","009","00","011","1111","0000","869","516","353","98","967","1857","0","52.07","27.79"
"10","009","00","011","1111","0331","510","301","209","52","562","1171","0","47.99","25.7"
"10","009","00","011","1111","0332","359","215","144","46","405","686","0","59.04","31.34"
"10","009","00","011","1112","0000","307","192","115","80","387","864","0","44.79","22.22"
"10","009","00","011","1112","0333","307","192","115","80","387","864","0","44.79","22.22"
"10","009","00","011","1113","0000","830","483","347","84","914","1769","0","51.67","27.3"
"10","009","00","011","1113","0334","548","318","230","68","616","1073","0","57.41","29.64"
"10","009","00","011","1113","0335","282","165","117","16","298","696","0","42.82","23.71"
"10","009","00","011","1114","0000","456","273","183","39","495","1271","0","38.95","21.48"
"10","009","00","011","1114","0336","456","273","183","39","495","1271","0","38.95","21.48"
"10","009","00","011","1115","0000","373","213","160","37","410","912","0","44.96","23.36"
"10","009","00","011","1115","0337","373","213","160","37","410","912","0","44.96","23.36"
"10","009","00","011","1116","0000","368","211","157","29","397","861","0","46.11","24.51"
"10","009","00","011","1116","0338","368","211","157","29","397","861","0","46.11","24.51"
"10","009","00","011","1117","0000","395","209","186","45","440","1030","0","42.72","20.29"
"10","009","00","011","1117","0339","395","209","186","45","440","1030","0","42.72","20.29"
"10","009","00","011","1118","0000","635","364","271","74","709","1427","0","49.68","25.51"
"10","009","00","011","1118","0327","635","364","271","74","709","1427","0","49.68","25.51"
"10","009","00","012","0000","0000","9579","5759","3820","797","10376","21050","24427","49.29","27.36"
"10","009","00","012","1201","0000","610","375","235","52","662","1176","0","56.29","31.89"
"10","009","00","012","1201","0297","610","375","235","52","662","1176","0","56.29","31.89"
"10","009","00","012","1202","0000","694","414","280","36","730","1439","0","50.73","28.77"
"10","009","00","012","1202","0298","694","414","280","36","730","1439","0","50.73","28.77"
"10","009","00","012","1203","0000","1236","768","468","91","1327","2286","0","58.05","33.6"
"10","009","00","012","1203","0299","563","345","218","50","613","1027","0","59.69","33.59"
"10","009","00","012","1203","0300","673","423","250","41","714","1259","0","56.71","33.6"
"10","009","00","012","1204","0000","933","562","371","50","983","2056","0","47.81","27.33"
"10","009","00","012","1204","0301","491","286","205","25","516","1058","0","48.77","27.03"
"10","009","00","012","1204","0302","442","276","166","25","467","998","0","46.79","27.66"
"10","009","00","012","1205","0000","957","603","354","82","1039","2023","0","51.36","29.81"
"10","009","00","012","1205","0303","451","295","156","34","485","968","0","50.1","30.48"
"10","009","00","012","1205","0304","506","308","198","48","554","1055","0","52.51","29.19"
"10","009","00","012","1206","0000","571","336","235","60","631","1315","0","47.98","25.55"
"10","009","00","012","1206","0305","571","336","235","60","631","1315","0","47.98","25.55"
"10","009","00","012","1207","0000","844","498","346","94","938","2024","0","46.34","24.6"
"10","009","00","012","1207","0306","320","176","144","25","345","1027","0","33.59","17.14"
"10","009","00","012","1207","0307","524","322","202","69","593","997","0","59.48","32.3"
"10","009","00","012","1208","0000","403","253","150","22","425","807","0","52.66","31.35"
"10","009","00","012","1208","0308","403","253","150","22","425","807","0","52.66","31.35"
"10","009","00","012","1209","0000","590","312","278","75","665","1502","0","44.27","20.77"
"10","009","00","012","1209","0309","263","144","119","26","289","698","0","41.4","20.63"
"10","009","00","012","1209","0310","327","168","159","49","376","804","0","46.77","20.9"
"10","009","00","012","1210","0000","760","440","320","57","817","1753","0","46.61","25.1"
"10","009","00","012","1210","0311","408","242","166","28","436","867","0","50.29","27.91"
"10","009","00","012","1210","0312","352","198","154","29","381","886","0","43.0","22.35"
"10","009","00","012","1211","0000","552","308","244","66","618","1476","0","41.87","20.87"
"10","009","00","012","1211","0313","552","308","244","66","618","1476","0","41.87","20.87"
"10","009","00","012","1212","0000","383","233","150","28","411","1159","0","35.46","20.1"
"10","009","00","012","1212","0314","383","233","150","28","411","1159","0","35.46","20.1"
"10","009","00","012","1213","0000","650","426","224","56","706","1220","0","57.87","34.92"
"10","009","00","012","1213","0315","650","426","224","56","706","1220","0","57.87","34.92"
"10","009","00","012","1214","0000","396","231","165","28","424","814","0","52.09","28.38"
"10","009","00","012","1214","0316","396","231","165","28","424","814","0","52.09","28.38"
"10","009","00","013","0000","0000","17067","10179","6888","1232","18299","37119","46004","49.3","27.42"
"10","009","00","013","1301","0000","1796","1042","754","136","1932","4029","0","47.95","25.86"
"10","009","00","013","1301","0005","572","328","244","44","616","1340","0","45.97","24.48"
"10","009","00","013","1301","0006","502","272","230","52","554","1138","0","48.68","23.9"
"10","009","00","013","1301","0007","722","442","280","40","762","1551","0","49.13","28.5"
"10","009","00","013","1302","0000","3170","1959","1211","205","3375","6988","0","48.3","28.03"
"10","009","00","013","1302","0001","601","351","250","57","658","1497","0","43.95","23.45"
"10","009","00","013","1302","0002","829","489","340","45","874","1738","0","50.29","28.14"
"10","009","00","013","1302","0003","905","553","352","52","957","1921","0","49.82","28.79"
"10","009","00","013","1302","0004","835","566","269","51","886","1832","0","48.36","30.9"
"10","009","00","013","1303","0000","760","426","334","69","829","1909","0","43.43","22.32"
"10","009","00","013","1303","0008","289","156","133","28","317","715","0","44.34","21.82"
"10","009","00","013","1303","0009","471","270","201","41","512","1194","0","42.88","22.61"
"10","009","00","013","1304","0000","1025","597","428","70","1095","2581","0","42.43","23.13"
"10","009","00","013","1304","0010","448","260","188","40","488","1023","0","47.7","25.42"
"10","009","00","013","1304","0011","577","337","240","30","607","1558","0","38.96","21.63"
"10","009","00","013","1305","0000","1229","684","545","40","1269","2559","0","49.59","26.73"
"10","009","00","013","1305","0019","622","341","281","0","622","1230","0","50.57","27.72"
"10","009","00","013","1305","0020","607","343","264","40","647","1329","0","48.68","25.81"
"10","009","00","013","1306","0000","1305","764","541","127","1432","2959","0","48.39","25.82"
"10","009","00","013","1306","0014","600","332","268","64","664","1363","0","48.72","24.36"
"10","009","00","013","1306","0015","705","432","273","63","768","1596","0","48.12","27.07"
"10","009","00","013","1307","0000","865","501","364","42","907","2170","0","41.8","23.09"
"10","009","00","013","1307","0012","465","251","214","20","485","1187","0","40.86","21.15"
"10","009","00","013","1307","0013","400","250","150","22","422","983","0","42.93","25.43"
"10","009","00","013","1308","0000","804","490","314","86","890","2002","0","44.46","24.48"
"10","009","00","013","1308","0017","379","216","163","56","435","964","0","45.12","22.41"
"10","009","00","013","1308","0018","425","274","151","30","455","1038","0","43.83","26.4"
"10","009","00","013","1309","0000","1967","1207","760","147","2114","3841","0","55.04","31.42"
"10","009","00","013","1309","0021","555","368","187","54","609","1129","0","53.94","32.6"
"10","009","00","013","1309","0022","652","383","269","47","699","1241","0","56.33","30.86"
"10","009","00","013","1309","0023","760","456","304","46","806","1471","0","54.79","31.0"
"10","009","00","013","1310","0000","577","337","240","59","636","1107","0","57.45","30.44"
"10","009","00","013","1310","0024","577","337","240","59","636","1107","0","57.45","30.44"
"10","009","00","013","1311","0000","1662","1027","635","100","1762","3391","0","51.96","30.29"
"10","009","00","013","1311","0025","847","540","307","59","906","1636","0","55.38","33.01"
"10","009","00","013","1311","0026","815","487","328","41","856","1755","0","48.77","27.75"
"10","009","00","013","1312","0000","1117","686","431","77","1194","2114","0","56.48","32.45"
"10","009","00","013","1312","0027","635","406","229","43","678","1158","0","58.55","35.06"
"10","009","00","013","1312","0028","482","280","202","34","516","956","0","53.97","29.29"
"10","009","00","013","1313","0000","790","459","331","74","864","1469","0","58.82","31.25"
"10","009","00","013","1313","0016","790","459","331","74","864","1469","0","58.82","31.25"
"10","009","00","014","0000","0000","6077","3613","2464","553","6630","13239","14845","50.08","27.29"
"10","009","00","014","1401","0000","831","519","312","53","884","1533","0","57.66","33.86"
"10","009","00","014","1401","0055","831","519","312","53","884","1533","0","57.66","33.86"
"10","009","00","014","1402","0000","666","421","245","54","720","1203","0","59.85","35.0"
"10","009","00","014","1402","0056","666","421","245","54","720","1203","0","59.85","35.0"
"10","009","00","014","1403","0000","743","433","310","50","793","1624","0","48.83","26.66"
"10","009","00","014","1403","0053","376","232","144","23","399","896","0","44.53","25.89"
"10","009","00","014","1403","0054","367","201","166","27","394","728","0","54.12","27.61"
"10","009","00","014","1404","0000","298","174","124","28","326","540","0","60.37","32.22"
"10","009","00","014","1404","0052","298","174","124","28","326","540","0","60.37","32.22"
"10","009","00","014","1405","0000","498","273","225","46","544","1207","0","45.07","22.62"
"10","009","00","014","1405","0051","498","273","225","46","544","1207","0","45.07","22.62"
"10","009","00","014","1406","0000","298","180","118","27","325","546","0","59.52","32.97"
"10","009","00","014","1406","0058","298","180","118","27","325","546","0","59.52","32.97"
"10","009","00","014","1407","0000","343","211","132","49","392","817","0","47.98","25.83"
"10","009","00","014","1407","0057","343","211","132","49","392","817","0","47.98","25.83"
"10","009","00","014","1408","0000","320","198","122","53","373","856","0","43.57","23.13"
"10","009","00","014","1408","0060","320","198","122","53","373","856","0","43.57","23.13"
"10","009","00","014","1409","0000","386","237","149","52","438","853","0","51.35","27.78"
"10","009","00","014","1409","0059","386","237","149","52","438","853","0","51.35","27.78"
"10","009","00","014","1410","0000","903","496","407","74","977","1945","0","50.23","25.5"
"10","009","00","014","1410","0061","408","205","203","40","448","923","0","48.54","22.21"
"10","009","00","014","1410","0062","495","291","204","34","529","1022","0","51.76","28.47"
"10","009","00","014","1411","0000","402","240","162","36","438","1087","0","40.29","22.08"
"10","009","00","014","1411","0065","402","240","162","36","438","1087","0","40.29","22.08"
"10","009","00","014","1412","0000","389","231","158","31","420","1028","0","40.86","22.47"
"10","009","00","014","1412","0063","224","129","95","18","242","634","0","38.17","20.35"
"10","009","00","014","1412","0064","165","102","63","13","178","394","0","45.18","25.89"
"10","009","00","015","0000","0000","5454","3162","2292","428","5882","11381","12992","51.68","27.78"
"10","009","00","015","1501","0000","1032","643","389","76","1108","1916","0","57.83","33.56"
"10","009","00","015","1501","0066","475","293","182","47","522","923","0","56.55","31.74"
"10","009","00","015","1501","0067","557","350","207","29","586","993","0","59.01","35.25"
"10","009","00","015","1502","0000","717","411","306","39","756","1450","0","52.14","28.34"
"10","009","00","015","1502","0068","368","207","161","28","396","748","0","52.94","27.67"
"10","009","00","015","1502","0069","349","204","145","11","360","702","0","51.28","29.06"
"10","009","00","015","1503","0000","774","483","291","29","803","1508","0","53.25","32.03"
"10","009","00","015","1503","0070","372","242","130","16","388","752","0","51.6","32.18"
"10","009","00","015","1503","0071","402","241","161","13","415","756","0","54.89","31.88"
"10","009","00","015","1504","0000","561","296","265","44","605","1207","0","50.12","24.52"
"10","009","00","015","1504","0074","209","106","103","22","231","470","0","49.15","22.55"
"10","009","00","015","1504","0075","352","190","162","22","374","737","0","50.75","25.78"
"10","009","00","015","1505","0000","680","394","286","51","731","1524","0","47.97","25.85"
"10","009","00","015","1505","0072","240","153","87","18","258","490","0","52.65","31.22"
"10","009","00","015","1505","0073","440","241","199","33","473","1034","0","45.74","23.31"
"10","009","00","015","1506","0000","412","235","177","32","444","878","0","50.57","26.77"
"10","009","00","015","1506","0076","412","235","177","32","444","878","0","50.57","26.77"
"10","009","00","015","1507","0000","338","198","140","52","390","778","0","50.13","25.45"
"10","009","00","015","1507","0077","338","198","140","52","390","778","0","50.13","25.45"
"10","009","00","015","1508","0000","575","312","263","39","614","1224","0","50.16","25.49"
"10","009","00","015","1508","0078","575","312","263","39","614","1224","0","50.16","25.49"
"10","009","00","015","1509","0000","365","190","175","66","431","896","0","48.1","21.21"
"10","009","00","015","1509","0079","365","190","175","66","431","896","0","48.1","21.21"
"10","009","00","016","0000","0000","8922","5471","3451","809","9731","21125","23824","46.06","25.9"
"10","009","00","016","1601","0000","637","395","242","47","684","1238","0","55.25","31.91"
"10","009","00","016","1601","0029","637","395","242","47","684","1238","0","55.25","31.91"
"10","009","00","016","1602","0000","527","328","199","54","581","1098","0","52.91","29.87"
"10","009","00","016","1602","0031","527","328","199","54","581","1098","0","52.91","29.87"
"10","009","00","016","1603","0000","484","324","160","35","519","1091","0","47.57","29.7"
"10","009","00","016","1603","0030","484","324","160","35","519","1091","0","47.57","29.7"
"10","009","00","016","1604","0000","884","553","331","64","948","2073","0","45.73","26.68"
"10","009","00","016","1604","0032","429","276","153","22","451","1048","0","43.03","26.34"
"10","009","00","016","1604","0033","455","277","178","42","497","1025","0","48.49","27.02"
"10","009","00","016","1605","0000","592","391","201","53","645","1460","0","44.18","26.78"
"10","009","00","016","1605","0035","592","391","201","53","645","1460","0","44.18","26.78"
"10","009","00","016","1606","0000","607","345","262","73","680","1890","0","35.98","18.25"
"10","009","00","016","1606","0036","388","227","161","53","441","1180","0","37.37","19.24"
"10","009","00","016","1606","0037","219","118","101","20","239","710","0","33.66","16.62"
"10","009","00","016","1607","0000","265","165","100","12","277","620","0","44.68","26.61"
"10","009","00","016","1607","0038","265","165","100","12","277","620","0","44.68","26.61"
"10","009","00","016","1608","0000","244","135","109","38","282","687","0","41.05","19.65"
"10","009","00","016","1608","0040","244","135","109","38","282","687","0","41.05","19.65"
"10","009","00","016","1609","0000","191","105","86","24","215","449","0","47.88","23.39"
"10","009","00","016","1609","0039","191","105","86","24","215","449","0","47.88","23.39"
"10","009","00","016","1610","0000","395","250","145","37","432","850","0","50.82","29.41"
"10","009","00","016","1610","0034","395","250","145","37","432","850","0","50.82","29.41"
"10","009","00","016","1611","0000","661","378","283","70","731","1514","0","48.28","24.97"
"10","009","00","016","1611","0043","456","262","194","55","511","1042","0","49.04","25.14"
"10","009","00","016","1611","0044","205","116","89","15","220","472","0","46.61","24.58"
"10","009","00","016","1612","0000","592","394","198","19","611","1409","0","43.36","27.96"
"10","009","00","016","1612","0045","592","394","198","19","611","1409","0","43.36","27.96"
"10","009","00","016","1613","0000","1332","805","527","161","1493","3067","0","48.68","26.25"
"10","009","00","016","1613","0046","502","310","192","65","567","1061","0","53.44","29.22"
"10","009","00","016","1613","0047","408","245","163","25","433","993","0","43.61","24.67"
"10","009","00","016","1613","0048","422","250","172","71","493","1013","0","48.67","24.68"
"10","009","00","016","1614","0000","801","456","345","64","865","1849","0","46.78","24.66"
"10","009","00","016","1614","0049","559","313","246","42","601","1233","0","48.74","25.39"
"10","009","00","016","1614","0050","242","143","99","22","264","616","0","42.86","23.21"
"10","009","00","016","1615","0000","710","447","263","58","768","1830","0","41.97","24.43"
"10","009","00","016","1615","0041","511","317","194","48","559","1247","0","44.83","25.42"
"10","009","00","016","1615","0042","199","130","69","10","209","583","0","35.85","22.3"
"10","009","00","017","0000","0000","9242","5559","3683","736","9978","22830","25784","43.71","24.35"
"10","009","00","017","1701","0000","1545","980","565","82","1627","3349","0","48.58","29.26"
"10","009","00","017","1701","0180","443","304","139","21","464","915","0","50.71","33.22"
"10","009","00","017","1701","0181","593","380","213","22","615","1284","0","47.9","29.6"
"10","009","00","017","1701","0182","509","296","213","39","548","1150","0","47.65","25.74"
"10","009","00","017","1702","0000","671","430","241","58","729","1534","0","47.52","28.03"
"10","009","00","017","1702","0183","301","190","111","34","335","744","0","45.03","25.54"
"10","009","00","017","1702","0184","370","240","130","24","394","790","0","49.87","30.38"
"10","009","00","017","1703","0000","512","297","215","54","566","1356","0","41.74","21.9"
"10","009","00","017","1703","0185","512","297","215","54","566","1356","0","41.74","21.9"
"10","009","00","017","1704","0000","322","176","146","37","359","739","0","48.58","23.82"
"10","009","00","017","1704","0186","322","176","146","37","359","739","0","48.58","23.82"
"10","009","00","017","1705","0000","367","203","164","33","400","965","0","41.45","21.04"
"10","009","00","017","1705","0187","367","203","164","33","400","965","0","41.45","21.04"
"10","009","00","017","1706","0000","408","223","185","56","464","1080","0","42.96","20.65"
"10","009","00","017","1706","0188","408","223","185","56","464","1080","0","42.96","20.65"
"10","009","00","017","1707","0000","349","199","150","40","389","948","0","41.03","20.99"
"10","009","00","017","1707","0189","349","199","150","40","389","948","0","41.03","20.99"
"10","009","00","017","1708","0000","222","116","106","23","245","762","0","32.15","15.22"
"10","009","00","017","1708","0190","222","116","106","23","245","762","0","32.15","15.22"
"10","009","00","017","1709","0000","254","145","109","19","273","582","0","46.91","24.91"
"10","009","00","017","1709","0191","254","145","109","19","273","582","0","46.91","24.91"
"10","009","00","017","1710","0000","315","190","125","14","329","865","0","38.03","21.97"
"10","009","00","017","1710","0192","315","190","125","14","329","865","0","38.03","21.97"
"10","009","00","017","1711","0000","75","54","21","9","84","362","0","23.2","14.92"
"10","009","00","017","1711","0193","75","54","21","9","84","362","0","23.2","14.92"
"10","009","00","017","1712","0000","450","268","182","23","473","1162","0","40.71","23.06"
"10","009","00","017","1712","0194","450","268","182","23","473","1162","0","40.71","23.06"
"10","009","00","017","1713","0000","635","377","258","14","649","1527","0","42.5","24.69"
"10","009","00","017","1713","0195","635","377","258","14","649","1527","0","42.5","24.69"
"10","009","00","017","1714","0000","432","263","169","58","490","1006","0","48.71","26.14"
"10","009","00","017","1714","0196","432","263","169","58","490","1006","0","48.71","26.14"
"10","009","00","017","1715","0000","352","222","130","17","369","855","0","43.16","25.96"
"10","009","00","017","1715","0197","352","222","130","17","369","855","0","43.16","25.96"
"10","009","00","017","1716","0000","509","303","206","50","559","1181","0","47.33","25.66"
"10","009","00","017","1716","0198","509","303","206","50","559","1181","0","47.33","25.66"
"10","009","00","017","1717","0000","331","208","123","28","359","864","0","41.55","24.07"
"10","009","00","017","1717","0199","331","208","123","28","359","864","0","41.55","24.07"
"10","009","00","017","1718","0000","588","352","236","43","631","1545","0","40.84","22.78"
"10","009","00","017","1718","0200","251","147","104","20","271","667","0","40.63","22.04"
"10","009","00","017","1718","0201","337","205","132","23","360","878","0","41.0","23.35"
"10","009","00","017","1719","0000","218","145","73","6","224","610","0","36.72","23.77"
"10","009","00","017","1719","0202","218","145","73","6","224","610","0","36.72","23.77"
"10","009","00","017","1720","0000","349","221","128","52","401","837","0","47.91","26.4"
"10","009","00","017","1720","0203","349","221","128","52","401","837","0","47.91","26.4"
"10","009","00","017","1721","0000","338","187","151","20","358","701","0","51.07","26.68"
"10","009","00","017","1721","0204","338","187","151","20","358","701","0","51.07","26.68"
"10","009","00","018","0000","0000","7632","4509","3123","766","8398","20983","23317","40.02","21.49"
"10","009","00","018","1801","0000","776","460","316","77","853","1758","0","48.52","26.17"
"10","009","00","018","1801","0155","440","266","174","41","481","1082","0","44.45","24.58"
"10","009","00","018","1801","0156","336","194","142","36","372","676","0","55.03","28.7"
"10","009","00","018","1802","0000","236","129","107","14","250","650","0","38.46","19.85"
"10","009","00","018","1802","0160","236","129","107","14","250","650","0","38.46","19.85"
"10","009","00","018","1803","0000","409","241","168","21","430","969","0","44.38","24.87"
"10","009","00","018","1803","0161","409","241","168","21","430","969","0","44.38","24.87"
"10","009","00","018","1804","0000","320","179","141","55","375","925","0","40.54","19.35"
"10","009","00","018","1804","0162","320","179","141","55","375","925","0","40.54","19.35"
"10","009","00","018","1805","0000","1099","677","422","67","1166","2291","0","50.89","29.55"
"10","009","00","018","1805","0157","409","259","150","21","430","862","0","49.88","30.05"
"10","009","00","018","1805","0158","183","109","74","9","192","477","0","40.25","22.85"
"10","009","00","018","1805","0159","507","309","198","37","544","952","0","57.14","32.46"
"10","009","00","018","1806","0000","419","235","184","51","470","1219","0","38.56","19.28"
"10","009","00","018","1806","0165","419","235","184","51","470","1219","0","38.56","19.28"
"10","009","00","018","1807","0000","205","120","85","38","243","759","0","32.02","15.81"
"10","009","00","018","1807","0164","205","120","85","38","243","759","0","32.02","15.81"
"10","009","00","018","1808","0000","375","182","193","24","399","914","0","43.65","19.91"
"10","009","00","018","1808","0163","375","182","193","24","399","914","0","43.65","19.91"
"10","009","00","018","1809","0000","282","161","121","27","309","876","0","35.27","18.38"
"10","009","00","018","1809","0169","282","161","121","27","309","876","0","35.27","18.38"
"10","009","00","018","1810","0000","124","74","50","15","139","360","0","38.61","20.56"
"10","009","00","018","1810","0170","124","74","50","15","139","360","0","38.61","20.56"
"10","009","00","018","1811","0000","242","149","93","18","260","773","0","33.64","19.28"
"10","009","00","018","1811","0167","242","149","93","18","260","773","0","33.64","19.28"
"10","009","00","018","1812","0000","293","186","107","31","324","937","0","34.58","19.85"
"10","009","00","018","1812","0166","293","186","107","31","324","937","0","34.58","19.85"
"10","009","00","018","1813","0000","502","297","205","52","554","1718","0","32.25","17.29"
"10","009","00","018","1813","0171","241","143","98","27","268","885","0","30.28","16.16"
"10","009","00","018","1813","0172","261","154","107","25","286","833","0","34.33","18.49"
"10","009","00","018","1814","0000","293","184","109","33","326","785","0","41.53","23.44"
"10","009","00","018","1814","0173","293","184","109","33","326","785","0","41.53","23.44"
"10","009","00","018","1815","0000","300","198","102","39","339","705","0","48.09","28.09"
"10","009","00","018","1815","0174","300","198","102","39","339","705","0","48.09","28.09"
"10","009","00","018","1816","0000","307","203","104","31","338","927","0","36.46","21.9"
"10","009","00","018","1816","0175","307","203","104","31","338","927","0","36.46","21.9"
"10","009","00","018","1817","0000","367","224","143","42","409","1071","0","38.19","20.92"
"10","009","00","018","1817","0177","367","224","143","42","409","1071","0","38.19","20.92"
"10","009","00","018","1818","0000","269","137","132","20","289","1022","0","28.28","13.41"
"10","009","00","018","1818","0178","269","137","132","20","289","1022","0","28.28","13.41"
"10","009","00","018","1819","0000","280","160","120","33","313","711","0","44.02","22.5"
"10","009","00","018","1819","0179","280","160","120","33","313","711","0","44.02","22.5"
"10","009","00","018","1820","0000","195","115","80","30","225","555","0","40.54","20.72"
"10","009","00","018","1820","0168","195","115","80","30","225","555","0","40.54","20.72"
"10","009","00","018","1821","0000","339","198","141","48","387","1058","0","36.58","18.71"
"10","009","00","018","1821","0176","339","198","141","48","387","1058","0","36.58","18.71"
"10","009","00","019","0000","0000","10532","6409","4123","1122","11654","24193","27383","48.17","26.49"
"10","009","00","019","1901","0000","584","346","238","82","666","1225","0","54.37","28.24"
"10","009","00","019","1901","0206","584","346","238","82","666","1225","0","54.37","28.24"
"10","009","00","019","1902","0000","561","309","252","48","609","1134","0","53.7","27.25"
"10","009","00","019","1902","0205","561","309","252","48","609","1134","0","53.7","27.25"
"10","009","00","019","1903","0000","248","161","87","28","276","647","0","42.66","24.88"
"10","009","00","019","1903","0207","248","161","87","28","276","647","0","42.66","24.88"
"10","009","00","019","1904","0000","370","225","145","63","433","900","0","48.11","25.0"
"10","009","00","019","1904","0209","370","225","145","63","433","900","0","48.11","25.0"
"10","009","00","019","1905","0000","336","184","152","21","357","709","0","50.35","25.95"
"10","009","00","019","1905","0208","336","184","152","21","357","709","0","50.35","25.95"
"10","009","00","019","1906","0000","460","252","208","51","511","1011","0","50.54","24.93"
"10","009","00","019","1906","0210","460","252","208","51","511","1011","0","50.54","24.93"
"10","009","00","019","1907","0000","591","400","191","28","619","1437","0","43.08","27.84"
"10","009","00","019","1907","0211","591","400","191","28","619","1437","0","43.08","27.84"
"10","009","00","019","1908","0000","744","445","299","38","782","2041","0","38.31","21.8"
"10","009","00","019","1908","0212","280","164","116","12","292","848","0","34.43","19.34"
"10","009","00","019","1908","0213","464","281","183","26","490","1193","0","41.07","23.55"
"10","009","00","019","1909","0000","570","310","260","89","659","1574","0","41.87","19.7"
"10","009","00","019","1909","0214","244","141","103","43","287","759","0","37.81","18.58"
"10","009","00","019","1909","0215","326","169","157","46","372","815","0","45.64","20.74"
"10","009","00","019","1910","0000","670","426","244","59","729","1460","0","49.93","29.18"
"10","009","00","019","1910","0216","670","426","244","59","729","1460","0","49.93","29.18"
"10","009","00","019","1911","0000","188","108","80","11","199","556","0","35.79","19.42"
"10","009","00","019","1911","0217","188","108","80","11","199","556","0","35.79","19.42"
"10","009","00","019","1912","0000","660","395","265","53","713","1532","0","46.54","25.78"
"10","009","00","019","1912","0218","660","395","265","53","713","1532","0","46.54","25.78"
"10","009","00","019","1913","0000","383","235","148","15","398","847","0","46.99","27.74"
"10","009","00","019","1913","0219","383","235","148","15","398","847","0","46.99","27.74"
"10","009","00","019","1914","0000","857","479","378","161","1018","1882","0","54.09","25.45"
"10","009","00","019","1914","0220","170","80","90","12","182","374","0","48.66","21.39"
"10","009","00","019","1914","0221","687","399","288","149","836","1508","0","55.44","26.46"
"10","009","00","019","1915","0000","479","311","168","55","534","951","0","56.15","32.7"
"10","009","00","019","1915","0222","479","311","168","55","534","951","0","56.15","32.7"
"10","009","00","019","1916","0000","376","222","154","26","402","1006","0","39.96","22.07"
"10","009","00","019","1916","0228","376","222","154","26","402","1006","0","39.96","22.07"
"10","009","00","019","1917","0000","431","278","153","48","479","952","0","50.32","29.2"
"10","009","00","019","1917","0226","431","278","153","48","479","952","0","50.32","29.2"
"10","009","00","019","1918","0000","347","306","41","42","389","720","0","54.03","42.5"
"10","009","00","019","1918","0227","347","306","41","42","389","720","0","54.03","42.5"
"10","009","00","019","1919","0000","942","540","402","101","1043","1789","0","58.3","30.18"
"10","009","00","019","1919","0223","461","269","192","65","526","910","0","57.8","29.56"
"10","009","00","019","1919","0224","481","271","210","36","517","879","0","58.82","30.83"
"10","009","00","019","1920","0000","503","314","189","91","594","1213","0","48.97","25.89"
"10","009","00","019","1920","0225","503","314","189","91","594","1213","0","48.97","25.89"
"10","009","00","019","1921","0000","232","163","69","12","244","607","0","40.2","26.85"
"10","009","00","019","1921","0229","232","163","69","12","244","607","0","40.2","26.85"
"10","009","00","020","0000","0000","9080","5377","3703","863","9943","22508","25426","44.18","23.89"
"10","009","00","020","2001","0000","1075","582","493","64","1139","2242","0","50.8","25.96"
"10","009","00","020","2001","0230","629","326","303","47","676","1355","0","49.89","24.06"
"10","009","00","020","2001","0231","446","256","190","17","463","887","0","52.2","28.86"
"10","009","00","020","2002","0000","995","571","424","50","1045","1997","0","52.33","28.59"
"10","009","00","020","2002","0232","637","373","264","34","671","1234","0","54.38","30.23"
"10","009","00","020","2002","0233","358","198","160","16","374","763","0","49.02","25.95"
"10","009","00","020","2003","0000","441","270","171","56","497","1022","0","48.63","26.42"
"10","009","00","020","2003","0253","441","270","171","56","497","1022","0","48.63","26.42"
"10","009","00","020","2004","0000","467","302","165","37","504","1191","0","42.32","25.36"
"10","009","00","020","2004","0254","467","302","165","37","504","1191","0","42.32","25.36"
"10","009","00","020","2005","0000","440","272","168","61","501","1006","0","49.8","27.04"
"10","009","00","020","2005","0240","440","272","168","61","501","1006","0","49.8","27.04"
"10","009","00","020","2006","0000","256","147","109","9","265","651","0","40.71","22.58"
"10","009","00","020","2006","0241","256","147","109","9","265","651","0","40.71","22.58"
"10","009","00","020","2007","0000","232","130","102","18","250","607","0","41.19","21.42"
"10","009","00","020","2007","0242","232","130","102","18","250","607","0","41.19","21.42"
"10","009","00","020","2008","0000","377","214","163","59","436","1033","0","42.21","20.72"
"10","009","00","020","2008","0243","377","214","163","59","436","1033","0","42.21","20.72"
"10","009","00","020","2009","0000","193","124","69","13","206","631","0","32.65","19.65"
"10","009","00","020","2009","0244","193","124","69","13","206","631","0","32.65","19.65"
"10","009","00","020","2010","0000","377","230","147","39","416","961","0","43.29","23.93"
"10","009","00","020","2010","0245","377","230","147","39","416","961","0","43.29","23.93"
"10","009","00","020","2011","0000","273","157","116","35","308","721","0","42.72","21.78"
"10","009","00","020","2011","0234","273","157","116","35","308","721","0","42.72","21.78"
"10","009","00","020","2012","0000","228","100","128","15","243","647","0","37.56","15.46"
"10","009","00","020","2012","0235","228","100","128","15","243","647","0","37.56","15.46"
"10","009","00","020","2013","0000","386","245","141","21","407","1081","0","37.65","22.66"
"10","009","00","020","2013","0238","386","245","141","21","407","1081","0","37.65","22.66"
"10","009","00","020","2014","0000","384","226","158","53","437","989","0","44.19","22.85"
"10","009","00","020","2014","0236","384","226","158","53","437","989","0","44.19","22.85"
"10","009","00","020","2015","0000","311","183","128","23","334","837","0","39.9","21.86"
"10","009","00","020","2015","0237","311","183","128","23","334","837","0","39.9","21.86"
"10","009","00","020","2016","0000","361","223","138","64","425","951","0","44.69","23.45"
"10","009","00","020","2016","0246","361","223","138","64","425","951","0","44.69","23.45"
"10","009","00","020","2017","0000","351","212","139","22","373","838","0","44.51","25.3"
"10","009","00","020","2017","0247","351","212","139","22","373","838","0","44.51","25.3"
"10","009","00","020","2018","0000","436","288","148","67","503","1055","0","47.68","27.3"
"10","009","00","020","2018","0248","436","288","148","67","503","1055","0","47.68","27.3"
"10","009","00","020","2019","0000","156","89","67","22","178","512","0","34.77","17.38"
"10","009","00","020","2019","0249","156","89","67","22","178","512","0","34.77","17.38"
"10","009","00","020","2020","0000","226","133","93","19","245","671","0","36.51","19.82"
"10","009","00","020","2020","0250","226","133","93","19","245","671","0","36.51","19.82"
"10","009","00","020","2021","0000","187","111","76","36","223","693","0","32.18","16.02"
"10","009","00","020","2021","0251","187","111","76","36","223","693","0","32.18","16.02"
"10","009","00","020","2022","0000","219","135","84","26","245","689","0","35.56","19.59"
"10","009","00","020","2022","0252","219","135","84","26","245","689","0","35.56","19.59"
"10","009","00","020","2023","0000","313","191","122","24","337","704","0","47.87","27.13"
"10","009","00","020","2023","0239","313","191","122","24","337","704","0","47.87","27.13"
"10","009","00","020","2024","0000","396","242","154","30","426","779","0","54.69","31.07"
"10","009","00","020","2024","0255","396","242","154","30","426","779","0","54.69","31.07"
"10","010","00","000","0000","0000","214461","132636","81825","13955","228416","442775","507780","51.59","29.96"
"10","010","00","001","0000","0000","16322","9940","6382","830","17152","31568","38048","54.33","31.49"
"10","010","00","001","0101","0000","1220","738","482","68","1288","2286","0","56.34","32.28"
"10","010","00","001","0101","0001","643","391","252","37","680","1210","0","56.2","32.31"
"10","010","00","001","0101","0002","577","347","230","31","608","1076","0","56.51","32.25"
"10","010","00","001","0102","0000","227","138","89","23","250","488","0","51.23","28.28"
"10","010","00","001","0102","0003","227","138","89","23","250","488","0","51.23","28.28"
"10","010","00","001","0103","0000","706","420","286","47","753","1475","0","51.05","28.47"
"10","010","00","001","0103","0004","706","420","286","47","753","1475","0","51.05","28.47"
"10","010","00","001","0104","0000","784","479","305","44","828","1673","0","49.49","28.63"
"10","010","00","001","0104","0005","358","214","144","22","380","790","0","48.1","27.09"
"10","010","00","001","0104","0006","426","265","161","22","448","883","0","50.74","30.01"
"10","010","00","001","0105","0000","529","306","223","28","557","1147","0","48.56","26.68"
"10","010","00","001","0105","0007","362","199","163","24","386","758","0","50.92","26.25"
"10","010","00","001","0105","0008","167","107","60","4","171","389","0","43.96","27.51"
"10","010","00","001","0106","0000","481","296","185","34","515","1101","0","46.78","26.88"
"10","010","00","001","0106","0009","481","296","185","34","515","1101","0","46.78","26.88"
"10","010","00","001","0107","0000","474","327","147","10","484","853","0","56.74","38.34"
"10","010","00","001","0107","0010","474","327","147","10","484","853","0","56.74","38.34"
"10","010","00","001","0108","0000","862","540","322","30","892","1692","0","52.72","31.91"
"10","010","00","001","0108","0014","436","272","164","22","458","913","0","50.16","29.79"
"10","010","00","001","0108","0015","426","268","158","8","434","779","0","55.71","34.4"
"10","010","00","001","0109","0000","646","376","270","70","716","1278","0","56.03","29.42"
"10","010","00","001","0109","0016","646","376","270","70","716","1278","0","56.03","29.42"
"10","010","00","001","0110","0000","1191","699","492","42","1233","2392","0","51.55","29.22"
"10","010","00","001","0110","0017","381","251","130","24","405","819","0","49.45","30.65"
"10","010","00","001","0110","0018","810","448","362","18","828","1573","0","52.64","28.48"
"10","010","00","001","0111","0000","400","233","167","18","418","726","0","57.58","32.09"
"10","010","00","001","0111","0019","256","147","109","14","270","481","0","56.13","30.56"
"10","010","00","001","0111","0020","144","86","58","4","148","245","0","60.41","35.1"
"10","010","00","001","0112","0000","312","188","124","13","325","575","0","56.52","32.7"
"10","010","00","001","0112","0021","175","108","67","9","184","317","0","58.04","34.07"
"10","010","00","001","0112","0022","137","80","57","4","141","258","0","54.65","31.01"
"10","010","00","001","0113","0000","1849","1100","749","70","1919","3333","0","57.58","33.0"
"10","010","00","001","0113","0023","309","204","105","24","333","611","0","54.5","33.39"
"10","010","00","001","0113","0024","870","533","337","32","902","1526","0","59.11","34.93"
"10","010","00","001","0113","0025","670","363","307","14","684","1196","0","57.19","30.35"
"10","010","00","001","0114","0000","2326","1371","955","135","2461","4467","0","55.09","30.69"
"10","010","00","001","0114","0026","778","454","324","57","835","1536","0","54.36","29.56"
"10","010","00","001","0114","0027","784","466","318","44","828","1481","0","55.91","31.47"
"10","010","00","001","0114","0028","764","451","313","34","798","1450","0","55.03","31.1"
"10","010","00","001","0115","0000","1023","651","372","28","1051","1829","0","57.46","35.59"
"10","010","00","001","0115","0029","452","295","157","16","468","840","0","55.71","35.12"
"10","010","00","001","0115","0030","571","356","215","12","583","989","0","58.95","36.0"
"10","010","00","001","0116","0000","1638","1006","632","78","1716","3040","0","56.45","33.09"
"10","010","00","001","0116","0031","819","516","303","41","860","1529","0","56.25","33.75"
"10","010","00","001","0116","0032","819","490","329","37","856","1511","0","56.65","32.43"
"10","010","00","001","0117","0000","330","212","118","24","354","697","0","50.79","30.42"
"10","010","00","001","0117","0033","330","212","118","24","354","697","0","50.79","30.42"
"10","010","00","001","0118","0000","1324","860","464","68","1392","2516","0","55.33","34.18"
"10","010","00","001","0118","0011","86","46","40","6","92","224","0","41.07","20.54"
"10","010","00","001","0118","0012","296","188","108","33","329","662","0","49.7","28.4"
"10","010","00","001","0118","0013","942","626","316","29","971","1630","0","59.57","38.4"
"10","010","00","002","0000","0000","17442","10800","6642","1017","18459","35191","42143","52.45","30.69"
"10","010","00","002","0201","0000","1017","605","412","45","1062","1938","0","54.8","31.22"
"10","010","00","002","0201","0233","628","371","257","18","646","1183","0","54.61","31.36"
"10","010","00","002","0201","0234","389","234","155","27","416","755","0","55.1","30.99"
"10","010","00","002","0202","0000","1258","767","491","76","1334","2331","0","57.23","32.9"
"10","010","00","002","0202","0235","653","396","257","29","682","1253","0","54.43","31.6"
"10","010","00","002","0202","0236","605","371","234","47","652","1078","0","60.48","34.42"
"10","010","00","002","0203","0000","648","394","254","37","685","1117","0","61.32","35.27"
"10","010","00","002","0203","0237","648","394","254","37","685","1117","0","61.32","35.27"
"10","010","00","002","0204","0000","220","144","76","12","232","387","0","59.95","37.21"
"10","010","00","002","0204","0238","220","144","76","12","232","387","0","59.95","37.21"
"10","010","00","002","0205","0000","334","228","106","25","359","633","0","56.71","36.02"
"10","010","00","002","0205","0239","334","228","106","25","359","633","0","56.71","36.02"
"10","010","00","002","0206","0000","356","217","139","15","371","650","0","57.08","33.38"
"10","010","00","002","0206","0240","356","217","139","15","371","650","0","57.08","33.38"
"10","010","00","002","0207","0000","497","317","180","31","528","825","0","64.0","38.42"
"10","010","00","002","0207","0241","497","317","180","31","528","825","0","64.0","38.42"
"10","010","00","002","0208","0000","944","640","304","63","1007","1750","0","57.54","36.57"
"10","010","00","002","0208","0242","419","287","132","34","453","810","0","55.93","35.43"
"10","010","00","002","0208","0243","525","353","172","29","554","940","0","58.94","37.55"
"10","010","00","002","0209","0000","1196","739","457","65","1261","2510","0","50.24","29.44"
"10","010","00","002","0209","0244","455","273","182","36","491","905","0","54.25","30.17"
"10","010","00","002","0209","0245","741","466","275","29","770","1605","0","47.98","29.03"
"10","010","00","002","0210","0000","2311","1405","906","102","2413","4193","0","57.55","33.51"
"10","010","00","002","0210","0246","817","509","308","33","850","1479","0","57.47","34.42"
"10","010","00","002","0210","0247","673","399","274","32","705","1218","0","57.88","32.76"
"10","010","00","002","0210","0248","821","497","324","37","858","1496","0","57.35","33.22"
"10","010","00","002","0211","0000","349","191","158","19","368","667","0","55.17","28.64"
"10","010","00","002","0211","0249","349","191","158","19","368","667","0","55.17","28.64"
"10","010","00","002","0212","0000","245","154","91","12","257","627","0","40.99","24.56"
"10","010","00","002","0212","0250","245","154","91","12","257","627","0","40.99","24.56"
"10","010","00","002","0213","0000","376","245","131","23","399","791","0","50.44","30.97"
"10","010","00","002","0213","0251","376","245","131","23","399","791","0","50.44","30.97"
"10","010","00","002","0214","0000","500","287","213","73","573","1034","0","55.42","27.76"
"10","010","00","002","0214","0252","500","287","213","73","573","1034","0","55.42","27.76"
"10","010","00","002","0215","0000","829","475","354","23","852","1710","0","49.82","27.78"
"10","010","00","002","0215","0253","829","475","354","23","852","1710","0","49.82","27.78"
"10","010","00","002","0216","0000","1470","937","533","64","1534","3218","0","47.67","29.12"
"10","010","00","002","0216","0254","785","508","277","37","822","1671","0","49.19","30.4"
"10","010","00","002","0216","0255","685","429","256","27","712","1547","0","46.02","27.73"
"10","010","00","002","0217","0000","1346","844","502","64","1410","2904","0","48.55","29.06"
"10","010","00","002","0217","0256","630","375","255","38","668","1602","0","41.7","23.41"
"10","010","00","002","0217","0257","716","469","247","26","742","1302","0","56.99","36.02"
"10","010","00","002","0218","0000","356","225","131","25","381","740","0","51.49","30.41"
"10","010","00","002","0218","0258","356","225","131","25","381","740","0","51.49","30.41"
"10","010","00","002","0219","0000","577","346","231","46","623","1054","0","59.11","32.83"
"10","010","00","002","0219","0259","577","346","231","46","623","1054","0","59.11","32.83"
"10","010","00","002","0220","0000","382","233","149","10","392","907","0","43.22","25.69"
"10","010","00","002","0220","0260","382","233","149","10","392","907","0","43.22","25.69"
"10","010","00","002","0221","0000","136","74","62","15","151","251","0","60.16","29.48"
"10","010","00","002","0221","0262","136","74","62","15","151","251","0","60.16","29.48"
"10","010","00","002","0222","0000","301","178","123","13","314","720","0","43.61","24.72"
"10","010","00","002","0222","0261","301","178","123","13","314","720","0","43.61","24.72"
"10","010","00","002","0223","0000","302","184","118","41","343","767","0","44.72","23.99"
"10","010","00","002","0223","0263","302","184","118","41","343","767","0","44.72","23.99"
"10","010","00","002","0224","0000","363","236","127","30","393","702","0","55.98","33.62"
"10","010","00","002","0224","0264","363","236","127","30","393","702","0","55.98","33.62"
"10","010","00","002","0225","0000","469","322","147","32","501","1038","0","48.27","31.02"
"10","010","00","002","0225","0265","469","322","147","32","501","1038","0","48.27","31.02"
"10","010","00","002","0226","0000","434","273","161","25","459","1228","0","37.38","22.23"
"10","010","00","002","0226","0266","434","273","161","25","459","1228","0","37.38","22.23"
"10","010","00","002","0227","0000","226","140","86","31","257","499","0","51.5","28.06"
"10","010","00","002","0227","0267","226","140","86","31","257","499","0","51.5","28.06"
"10","010","00","003","0000","0000","10973","6938","4035","850","11823","23965","26846","49.33","28.95"
"10","010","00","003","0301","0000","297","206","91","13","310","614","0","50.49","33.55"
"10","010","00","003","0301","0325","297","206","91","13","310","614","0","50.49","33.55"
"10","010","00","003","0302","0000","161","103","58","10","171","372","0","45.97","27.69"
"10","010","00","003","0302","0326","161","103","58","10","171","372","0","45.97","27.69"
"10","010","00","003","0303","0000","1066","656","410","92","1158","2112","0","54.83","31.06"
"10","010","00","003","0303","0327","464","272","192","46","510","914","0","55.8","29.76"
"10","010","00","003","0303","0328","602","384","218","46","648","1198","0","54.09","32.05"
"10","010","00","003","0304","0000","474","300","174","54","528","1113","0","47.44","26.95"
"10","010","00","003","0304","0329","474","300","174","54","528","1113","0","47.44","26.95"
"10","010","00","003","0305","0000","834","536","298","68","902","1681","0","53.66","31.89"
"10","010","00","003","0305","0330","496","317","179","49","545","992","0","54.94","31.96"
"10","010","00","003","0305","0331","338","219","119","19","357","689","0","51.81","31.79"
"10","010","00","003","0306","0000","417","256","161","46","463","882","0","52.49","29.02"
"10","010","00","003","0306","0332","417","256","161","46","463","882","0","52.49","29.02"
"10","010","00","003","0307","0000","354","230","124","28","382","731","0","52.26","31.46"
"10","010","00","003","0307","0333","354","230","124","28","382","731","0","52.26","31.46"
"10","010","00","003","0308","0000","410","264","146","21","431","779","0","55.33","33.89"
"10","010","00","003","0308","0334","410","264","146","21","431","779","0","55.33","33.89"
"10","010","00","003","0309","0000","422","256","166","36","458","953","0","48.06","26.86"
"10","010","00","003","0309","0349","422","256","166","36","458","953","0","48.06","26.86"
"10","010","00","003","0310","0000","642","399","243","52","694","1292","0","53.72","30.88"
"10","010","00","003","0310","0350","642","399","243","52","694","1292","0","53.72","30.88"
"10","010","00","003","0311","0000","1136","705","431","66","1202","2371","0","50.7","29.73"
"10","010","00","003","0311","0351","573","356","217","33","606","1127","0","53.77","31.59"
"10","010","00","003","0311","0352","563","349","214","33","596","1244","0","47.91","28.05"
"10","010","00","003","0312","0000","531","335","196","15","546","1106","0","49.37","30.29"
"10","010","00","003","0312","0353","531","335","196","15","546","1106","0","49.37","30.29"
"10","010","00","003","0313","0000","514","346","168","33","547","1145","0","47.77","30.22"
"10","010","00","003","0313","0342","514","346","168","33","547","1145","0","47.77","30.22"
"10","010","00","003","0314","0000","843","507","336","58","901","1894","0","47.57","26.77"
"10","010","00","003","0314","0343","421","251","170","26","447","936","0","47.76","26.82"
"10","010","00","003","0314","0344","422","256","166","32","454","958","0","47.39","26.72"
"10","010","00","003","0315","0000","129","79","50","13","142","298","0","47.65","26.51"
"10","010","00","003","0315","0345","129","79","50","13","142","298","0","47.65","26.51"
"10","010","00","003","0316","0000","233","144","89","24","257","428","0","60.05","33.64"
"10","010","00","003","0316","0346","233","144","89","24","257","428","0","60.05","33.64"
"10","010","00","003","0317","0000","92","58","34","9","101","295","0","34.24","19.66"
"10","010","00","003","0317","0347","47","29","18","3","50","121","0","41.32","23.97"
"10","010","00","003","0317","0348","45","29","16","6","51","174","0","29.31","16.67"
"10","010","00","003","0318","0000","305","191","114","38","343","762","0","45.01","25.07"
"10","010","00","003","0318","0335","305","191","114","38","343","762","0","45.01","25.07"
"10","010","00","003","0319","0000","499","302","197","36","535","1184","0","45.19","25.51"
"10","010","00","003","0319","0336","499","302","197","36","535","1184","0","45.19","25.51"
"10","010","00","003","0320","0000","517","323","194","49","566","1351","0","41.89","23.91"
"10","010","00","003","0320","0338","517","323","194","49","566","1351","0","41.89","23.91"
"10","010","00","003","0321","0000","534","366","168","44","578","1423","0","40.62","25.72"
"10","010","00","003","0321","0337","534","366","168","44","578","1423","0","40.62","25.72"
"10","010","00","003","0322","0000","233","153","80","12","245","518","0","47.3","29.54"
"10","010","00","003","0322","0339","126","91","35","2","128","275","0","46.55","33.09"
"10","010","00","003","0322","0340","107","62","45","10","117","243","0","48.15","25.51"
"10","010","00","003","0323","0000","330","223","107","33","363","661","0","54.92","33.74"
"10","010","00","003","0323","0341","330","223","107","33","363","661","0","54.92","33.74"
"10","010","00","004","0000","0000","13368","8075","5293","815","14183","26922","30954","52.68","29.99"
"10","010","00","004","0401","0000","250","160","90","20","270","483","0","55.9","33.13"
"10","010","00","004","0401","0169","250","160","90","20","270","483","0","55.9","33.13"
"10","010","00","004","0402","0000","988","593","395","42","1030","1823","0","56.5","32.53"
"10","010","00","004","0402","0170","988","593","395","42","1030","1823","0","56.5","32.53"
"10","010","00","004","0403","0000","530","316","214","18","548","955","0","57.38","33.09"
"10","010","00","004","0403","0171","530","316","214","18","548","955","0","57.38","33.09"
"10","010","00","004","0404","0000","3111","1843","1268","172","3283","5874","0","55.89","31.38"
"10","010","00","004","0404","0172","728","427","301","34","762","1436","0","53.06","29.74"
"10","010","00","004","0404","0173","730","415","315","51","781","1390","0","56.19","29.86"
"10","010","00","004","0404","0174","821","500","321","46","867","1512","0","57.34","33.07"
"10","010","00","004","0404","0175","832","501","331","41","873","1536","0","56.84","32.62"
"10","010","00","004","0405","0000","537","320","217","30","567","1165","0","48.67","27.47"
"10","010","00","004","0405","0176","537","320","217","30","567","1165","0","48.67","27.47"
"10","010","00","004","0406","0000","976","548","428","51","1027","1730","0","59.36","31.68"
"10","010","00","004","0406","0177","976","548","428","51","1027","1730","0","59.36","31.68"
"10","010","00","004","0407","0000","265","163","102","8","273","602","0","45.35","27.08"
"10","010","00","004","0407","0178","265","163","102","8","273","602","0","45.35","27.08"
"10","010","00","004","0408","0000","326","179","147","32","358","716","0","50.0","25.0"
"10","010","00","004","0408","0179","326","179","147","32","358","716","0","50.0","25.0"
"10","010","00","004","0409","0000","261","150","111","12","273","625","0","43.68","24.0"
"10","010","00","004","0409","0180","261","150","111","12","273","625","0","43.68","24.0"
"10","010","00","004","0410","0000","71","43","28","4","75","193","0","38.86","22.28"
"10","010","00","004","0410","0181","71","43","28","4","75","193","0","38.86","22.28"
"10","010","00","004","0411","0000","708","454","254","60","768","1642","0","46.77","27.65"
"10","010","00","004","0411","0182","708","454","254","60","768","1642","0","46.77","27.65"
"10","010","00","004","0412","0000","729","464","265","45","774","1465","0","52.83","31.67"
"10","010","00","004","0412","0183","729","464","265","45","774","1465","0","52.83","31.67"
"10","010","00","004","0413","0000","519","318","201","57","576","1289","0","44.69","24.67"
"10","010","00","004","0413","0184","382","238","144","35","417","928","0","44.94","25.65"
"10","010","00","004","0413","0185","137","80","57","22","159","361","0","44.04","22.16"
"10","010","00","004","0414","0000","404","287","117","15","419","814","0","51.47","35.26"
"10","010","00","004","0414","0186","404","287","117","15","419","814","0","51.47","35.26"
"10","010","00","004","0415","0000","741","439","302","33","774","1579","0","49.02","27.8"
"10","010","00","004","0415","0187","741","439","302","33","774","1579","0","49.02","27.8"
"10","010","00","004","0416","0000","1001","577","424","65","1066","2041","0","52.23","28.27"
"10","010","00","004","0416","0188","1001","577","424","65","1066","2041","0","52.23","28.27"
"10","010","00","004","0417","0000","443","276","167","36","479","931","0","51.45","29.65"
"10","010","00","004","0417","0189","443","276","167","36","479","931","0","51.45","29.65"
"10","010","00","004","0418","0000","332","209","123","30","362","675","0","53.63","30.96"
"10","010","00","004","0418","0190","332","209","123","30","362","675","0","53.63","30.96"
"10","010","00","004","0419","0000","327","214","113","18","345","655","0","52.67","32.67"
"10","010","00","004","0419","0191","327","214","113","18","345","655","0","52.67","32.67"
"10","010","00","004","0420","0000","382","241","141","34","416","833","0","49.94","28.93"
"10","010","00","004","0420","0192","382","241","141","34","416","833","0","49.94","28.93"
"10","010","00","004","0421","0000","467","281","186","33","500","832","0","60.1","33.77"
"10","010","00","004","0421","0193","467","281","186","33","500","832","0","60.1","33.77"
"10","010","00","005","0000","0000","31288","19293","11995","1794","33082","61209","71327","54.05","31.52"
"10","010","00","005","0501","0000","1188","727","461","70","1258","2297","0","54.77","31.65"
"10","010","00","005","0501","0093","693","423","270","39","732","1267","0","57.77","33.39"
"10","010","00","005","0501","0094","495","304","191","31","526","1030","0","51.07","29.51"
"10","010","00","005","0502","0000","891","576","315","58","949","1590","0","59.69","36.23"
"10","010","00","005","0502","0095","891","576","315","58","949","1590","0","59.69","36.23"
"10","010","00","005","0503","0000","1803","1076","727","56","1859","3391","0","54.82","31.73"
"10","010","00","005","0503","0096","851","520","331","17","868","1673","0","51.88","31.08"
"10","010","00","005","0503","0097","952","556","396","39","991","1718","0","57.68","32.36"
"10","010","00","005","0504","0000","1150","680","470","65","1215","2140","0","56.78","31.78"
"10","010","00","005","0504","0098","585","347","238","36","621","1040","0","59.71","33.37"
"10","010","00","005","0504","0099","565","333","232","29","594","1100","0","54.0","30.27"
"10","010","00","005","0505","0000","748","449","299","59","807","1559","0","51.76","28.8"
"10","010","00","005","0505","0100","748","449","299","59","807","1559","0","51.76","28.8"
"10","010","00","005","0506","0000","898","513","385","55","953","1862","0","51.18","27.55"
"10","010","00","005","0506","0101","898","513","385","55","953","1862","0","51.18","27.55"
"10","010","00","005","0507","0000","753","438","315","56","809","1435","0","56.38","30.52"
"10","010","00","005","0507","0102","753","438","315","56","809","1435","0","56.38","30.52"
"10","010","00","005","0508","0000","833","528","305","90","923","1751","0","52.71","30.15"
"10","010","00","005","0508","0103","833","528","305","90","923","1751","0","52.71","30.15"
"10","010","00","005","0509","0000","493","304","189","44","537","933","0","57.56","32.58"
"10","010","00","005","0509","0104","493","304","189","44","537","933","0","57.56","32.58"
"10","010","00","005","0510","0000","489","290","199","28","517","827","0","62.52","35.07"
"10","010","00","005","0510","0105","489","290","199","28","517","827","0","62.52","35.07"
"10","010","00","005","0511","0000","397","250","147","28","425","843","0","50.42","29.66"
"10","010","00","005","0511","0106","397","250","147","28","425","843","0","50.42","29.66"
"10","010","00","005","0512","0000","1069","674","395","49","1118","2159","0","51.78","31.22"
"10","010","00","005","0512","0107","898","567","331","38","936","1774","0","52.76","31.96"
"10","010","00","005","0512","0108","171","107","64","11","182","385","0","47.27","27.79"
"10","010","00","005","0513","0000","734","450","284","39","773","1306","0","59.19","34.46"
"10","010","00","005","0513","0109","734","450","284","39","773","1306","0","59.19","34.46"
"10","010","00","005","0514","0000","292","168","124","28","320","535","0","59.81","31.4"
"10","010","00","005","0514","0110","292","168","124","28","320","535","0","59.81","31.4"
"10","010","00","005","0515","0000","581","336","245","41","622","1055","0","58.96","31.85"
"10","010","00","005","0515","0111","581","336","245","41","622","1055","0","58.96","31.85"
"10","010","00","005","0516","0000","899","588","311","60","959","1875","0","51.15","31.36"
"10","010","00","005","0516","0127","899","588","311","60","959","1875","0","51.15","31.36"
"10","010","00","005","0517","0000","1408","834","574","78","1486","2746","0","54.12","30.37"
"10","010","00","005","0517","0128","697","409","288","35","732","1305","0","56.09","31.34"
"10","010","00","005","0517","0129","711","425","286","43","754","1441","0","52.32","29.49"
"10","010","00","005","0518","0000","1066","656","410","54","1120","2004","0","55.89","32.73"
"10","010","00","005","0518","0132","1066","656","410","54","1120","2004","0","55.89","32.73"
"10","010","00","005","0519","0000","1338","836","502","68","1406","2430","0","57.86","34.4"
"10","010","00","005","0519","0133","761","467","294","48","809","1354","0","59.75","34.49"
"10","010","00","005","0519","0134","577","369","208","20","597","1076","0","55.48","34.29"
"10","010","00","005","0520","0000","1834","1183","651","108","1942","3606","0","53.85","32.81"
"10","010","00","005","0520","0135","860","560","300","67","927","1629","0","56.91","34.38"
"10","010","00","005","0520","0136","974","623","351","41","1015","1977","0","51.34","31.51"
"10","010","00","005","0521","0000","649","400","249","47","696","1295","0","53.75","30.89"
"10","010","00","005","0521","0137","649","400","249","47","696","1295","0","53.75","30.89"
"10","010","00","005","0522","0000","2533","1588","945","120","2653","5171","0","51.31","30.71"
"10","010","00","005","0522","0112","768","488","280","39","807","1476","0","54.67","33.06"
"10","010","00","005","0522","0113","770","514","256","29","799","1583","0","50.47","32.47"
"10","010","00","005","0522","0114","347","188","159","23","370","758","0","48.81","24.8"
"10","010","00","005","0522","0115","648","398","250","29","677","1354","0","50.0","29.39"
"10","010","00","005","0523","0000","1268","831","437","88","1356","2377","0","57.05","34.96"
"10","010","00","005","0523","0116","653","433","220","54","707","1202","0","58.82","36.02"
"10","010","00","005","0523","0117","615","398","217","34","649","1175","0","55.23","33.87"
"10","010","00","005","0524","0000","1138","728","410","71","1209","2371","0","50.99","30.7"
"10","010","00","005","0524","0122","468","307","161","34","502","1019","0","49.26","30.13"
"10","010","00","005","0524","0123","670","421","249","37","707","1352","0","52.29","31.14"
"10","010","00","005","0525","0000","1273","713","560","105","1378","2563","0","53.77","27.82"
"10","010","00","005","0525","0124","839","478","361","65","904","1620","0","55.8","29.51"
"10","010","00","005","0525","0125","434","235","199","40","474","943","0","50.27","24.92"
"10","010","00","005","0526","0000","760","456","304","41","801","1720","0","46.57","26.51"
"10","010","00","005","0526","0126","760","456","304","41","801","1720","0","46.57","26.51"
"10","010","00","005","0527","0000","1552","996","556","85","1637","2973","0","55.06","33.5"
"10","010","00","005","0527","0130","760","485","275","39","799","1413","0","56.55","34.32"
"10","010","00","005","0527","0131","792","511","281","46","838","1560","0","53.72","32.76"
"10","010","00","005","0528","0000","3251","2025","1226","103","3354","6395","0","52.45","31.67"
"10","010","00","005","0528","0118","703","432","271","27","730","1423","0","51.3","30.36"
"10","010","00","005","0528","0119","836","538","298","20","856","1612","0","53.1","33.37"
"10","010","00","005","0528","0120","927","552","375","23","950","1695","0","56.05","32.57"
"10","010","00","005","0528","0121","785","503","282","33","818","1665","0","49.13","30.21"
"10","010","00","006","0000","0000","6449","4086","2363","445","6894","13105","14670","52.61","31.18"
"10","010","00","006","0601","0000","713","457","256","52","765","1318","0","58.04","34.67"
"10","010","00","006","0601","0194","713","457","256","52","765","1318","0","58.04","34.67"
"10","010","00","006","0602","0000","371","221","150","29","400","677","0","59.08","32.64"
"10","010","00","006","0602","0195","371","221","150","29","400","677","0","59.08","32.64"
"10","010","00","006","0603","0000","356","223","133","28","384","690","0","55.65","32.32"
"10","010","00","006","0603","0196","210","138","72","12","222","417","0","53.24","33.09"
"10","010","00","006","0603","0197","146","85","61","16","162","273","0","59.34","31.14"
"10","010","00","006","0604","0000","429","265","164","32","461","1003","0","45.96","26.42"
"10","010","00","006","0604","0210","429","265","164","32","461","1003","0","45.96","26.42"
"10","010","00","006","0605","0000","309","209","100","17","326","701","0","46.5","29.81"
"10","010","00","006","0605","0209","309","209","100","17","326","701","0","46.5","29.81"
"10","010","00","006","0606","0000","402","258","144","33","435","786","0","55.34","32.82"
"10","010","00","006","0606","0203","402","258","144","33","435","786","0","55.34","32.82"
"10","010","00","006","0607","0000","411","261","150","15","426","807","0","52.79","32.34"
"10","010","00","006","0607","0204","411","261","150","15","426","807","0","52.79","32.34"
"10","010","00","006","0608","0000","495","337","158","21","516","1168","0","44.18","28.85"
"10","010","00","006","0608","0205","495","337","158","21","516","1168","0","44.18","28.85"
"10","010","00","006","0609","0000","555","370","185","39","594","1052","0","56.46","35.17"
"10","010","00","006","0609","0206","555","370","185","39","594","1052","0","56.46","35.17"
"10","010","00","006","0610","0000","452","288","164","43","495","953","0","51.94","30.22"
"10","010","00","006","0610","0207","260","159","101","25","285","565","0","50.44","28.14"
"10","010","00","006","0610","0208","192","129","63","18","210","388","0","54.12","33.25"
"10","010","00","006","0611","0000","670","414","256","44","714","1294","0","55.18","31.99"
"10","010","00","006","0611","0198","497","314","183","37","534","908","0","58.81","34.58"
"10","010","00","006","0611","0199","173","100","73","7","180","386","0","46.63","25.91"
"10","010","00","006","0612","0000","536","324","212","42","578","1039","0","55.63","31.18"
"10","010","00","006","0612","0200","536","324","212","42","578","1039","0","55.63","31.18"
"10","010","00","006","0613","0000","302","187","115","31","333","708","0","47.03","26.41"
"10","010","00","006","0613","0201","302","187","115","31","333","708","0","47.03","26.41"
"10","010","00","006","0614","0000","448","272","176","19","467","909","0","51.38","29.92"
"10","010","00","006","0614","0202","448","272","176","19","467","909","0","51.38","29.92"
"10","010","00","007","0000","0000","13873","8563","5310","1096","14969","27342","31755","54.75","31.32"
"10","010","00","007","0701","0000","1246","795","451","74","1320","2203","0","59.92","36.09"
"10","010","00","007","0701","0138","572","364","208","30","602","1087","0","55.38","33.49"
"10","010","00","007","0701","0139","674","431","243","44","718","1116","0","64.34","38.62"
"10","010","00","007","0702","0000","788","506","282","65","853","1567","0","54.44","32.29"
"10","010","00","007","0702","0140","394","261","133","19","413","740","0","55.81","35.27"
"10","010","00","007","0702","0141","394","245","149","46","440","827","0","53.2","29.63"
"10","010","00","007","0703","0000","854","539","315","70","924","1472","0","62.77","36.62"
"10","010","00","007","0703","0142","408","275","133","31","439","704","0","62.36","39.06"
"10","010","00","007","0703","0143","446","264","182","39","485","768","0","63.15","34.38"
"10","010","00","007","0704","0000","832","492","340","81","913","1611","0","56.67","30.54"
"10","010","00","007","0704","0144","425","261","164","35","460","761","0","60.45","34.3"
"10","010","00","007","0704","0145","407","231","176","46","453","850","0","53.29","27.18"
"10","010","00","007","0705","0000","655","406","249","56","711","1327","0","53.58","30.6"
"10","010","00","007","0705","0146","655","406","249","56","711","1327","0","53.58","30.6"
"10","010","00","007","0706","0000","834","516","318","56","890","1572","0","56.62","32.82"
"10","010","00","007","0706","0147","411","247","164","12","423","756","0","55.95","32.67"
"10","010","00","007","0706","0148","423","269","154","44","467","816","0","57.23","32.97"
"10","010","00","007","0707","0000","806","490","316","65","871","1609","0","54.13","30.45"
"10","010","00","007","0707","0149","331","206","125","23","354","667","0","53.07","30.88"
"10","010","00","007","0707","0150","475","284","191","42","517","942","0","54.88","30.15"
"10","010","00","007","0708","0000","407","249","158","37","444","918","0","48.37","27.12"
"10","010","00","007","0708","0151","407","249","158","37","444","918","0","48.37","27.12"
"10","010","00","007","0709","0000","264","178","86","11","275","554","0","49.64","32.13"
"10","010","00","007","0709","0152","264","178","86","11","275","554","0","49.64","32.13"
"10","010","00","007","0710","0000","430","270","160","36","466","929","0","50.16","29.06"
"10","010","00","007","0710","0153","430","270","160","36","466","929","0","50.16","29.06"
"10","010","00","007","0711","0000","179","103","76","28","207","487","0","42.51","21.15"
"10","010","00","007","0711","0154","179","103","76","28","207","487","0","42.51","21.15"
"10","010","00","007","0712","0000","242","144","98","28","270","487","0","55.44","29.57"
"10","010","00","007","0712","0155","242","144","98","28","270","487","0","55.44","29.57"
"10","010","00","007","0713","0000","845","491","354","73","918","1681","0","54.61","29.21"
"10","010","00","007","0713","0156","403","236","167","40","443","836","0","52.99","28.23"
"10","010","00","007","0713","0157","442","255","187","33","475","845","0","56.21","30.18"
"10","010","00","007","0714","0000","815","479","336","77","892","1587","0","56.21","30.18"
"10","010","00","007","0714","0158","427","252","175","40","467","834","0","56.0","30.22"
"10","010","00","007","0714","0159","388","227","161","37","425","753","0","56.44","30.15"
"10","010","00","007","0715","0000","653","394","259","52","705","1328","0","53.09","29.67"
"10","010","00","007","0715","0160","653","394","259","52","705","1328","0","53.09","29.67"
"10","010","00","007","0716","0000","801","507","294","44","845","1400","0","60.36","36.21"
"10","010","00","007","0716","0163","801","507","294","44","845","1400","0","60.36","36.21"
"10","010","00","007","0717","0000","580","333","247","44","624","1043","0","59.83","31.93"
"10","010","00","007","0717","0162","580","333","247","44","624","1043","0","59.83","31.93"
"10","010","00","007","0718","0000","521","301","220","37","558","969","0","57.59","31.06"
"10","010","00","007","0718","0161","521","301","220","37","558","969","0","57.59","31.06"
"10","010","00","007","0719","0000","377","258","119","21","398","1017","0","39.13","25.37"
"10","010","00","007","0719","0164","377","258","119","21","398","1017","0","39.13","25.37"
"10","010","00","007","0720","0000","520","354","166","31","551","1132","0","48.67","31.27"
"10","010","00","007","0720","0165","520","354","166","31","551","1132","0","48.67","31.27"
"10","010","00","007","0721","0000","500","294","206","44","544","1037","0","52.46","28.35"
"10","010","00","007","0721","0166","500","294","206","44","544","1037","0","52.46","28.35"
"10","010","00","007","0722","0000","292","192","100","40","332","563","0","58.97","34.1"
"10","010","00","007","0722","0167","292","192","100","40","332","563","0","58.97","34.1"
"10","010","00","007","0723","0000","432","272","160","26","458","849","0","53.95","32.04"
"10","010","00","007","0723","0168","432","272","160","26","458","849","0","53.95","32.04"
"10","010","00","008","0000","0000","8394","5217","3177","643","9037","20821","23049","43.4","25.06"
"10","010","00","008","0801","0000","491","312","179","32","523","1165","0","44.89","26.78"
"10","010","00","008","0801","0268","491","312","179","32","523","1165","0","44.89","26.78"
"10","010","00","008","0802","0000","289","182","107","15","304","825","0","36.85","22.06"
"10","010","00","008","0802","0269","289","182","107","15","304","825","0","36.85","22.06"
"10","010","00","008","0803","0000","365","220","145","30","395","850","0","46.47","25.88"
"10","010","00","008","0803","0270","365","220","145","30","395","850","0","46.47","25.88"
"10","010","00","008","0804","0000","116","73","43","16","132","222","0","59.46","32.88"
"10","010","00","008","0804","0271","116","73","43","16","132","222","0","59.46","32.88"
"10","010","00","008","0805","0000","573","362","211","34","607","1216","0","49.92","29.77"
"10","010","00","008","0805","0272","573","362","211","34","607","1216","0","49.92","29.77"
"10","010","00","008","0806","0000","446","276","170","38","484","1200","0","40.33","23.0"
"10","010","00","008","0806","0273","446","276","170","38","484","1200","0","40.33","23.0"
"10","010","00","008","0807","0000","375","236","139","44","419","877","0","47.78","26.91"
"10","010","00","008","0807","0274","375","236","139","44","419","877","0","47.78","26.91"
"10","010","00","008","0808","0000","247","163","84","31","278","644","0","43.17","25.31"
"10","010","00","008","0808","0275","247","163","84","31","278","644","0","43.17","25.31"
"10","010","00","008","0809","0000","273","152","121","13","286","761","0","37.58","19.97"
"10","010","00","008","0809","0276","225","122","103","11","236","594","0","39.73","20.54"
"10","010","00","008","0809","0277","48","30","18","2","50","167","0","29.94","17.96"
"10","010","00","008","0810","0000","265","164","101","24","289","714","0","40.48","22.97"
"10","010","00","008","0810","0283","265","164","101","24","289","714","0","40.48","22.97"
"10","010","00","008","0811","0000","504","300","204","36","540","1051","0","51.38","28.54"
"10","010","00","008","0811","0284","504","300","204","36","540","1051","0","51.38","28.54"
"10","010","00","008","0812","0000","456","283","173","31","487","934","0","52.14","30.3"
"10","010","00","008","0812","0285","456","283","173","31","487","934","0","52.14","30.3"
"10","010","00","008","0813","0000","480","277","203","39","519","1044","0","49.71","26.53"
"10","010","00","008","0813","0286","480","277","203","39","519","1044","0","49.71","26.53"
"10","010","00","008","0814","0000","635","404","231","36","671","1476","0","45.46","27.37"
"10","010","00","008","0814","0287","635","404","231","36","671","1476","0","45.46","27.37"
"10","010","00","008","0815","0000","216","129","87","19","235","618","0","38.03","20.87"
"10","010","00","008","0815","0288","216","129","87","19","235","618","0","38.03","20.87"
"10","010","00","008","0816","0000","142","108","34","20","162","478","0","33.89","22.59"
"10","010","00","008","0816","0289","142","108","34","20","162","478","0","33.89","22.59"
"10","010","00","008","0817","0000","213","149","64","22","235","642","0","36.6","23.21"
"10","010","00","008","0817","0290","213","149","64","22","235","642","0","36.6","23.21"
"10","010","00","008","0818","0000","299","185","114","5","304","883","0","34.43","20.95"
"10","010","00","008","0818","0291","299","185","114","5","304","883","0","34.43","20.95"
"10","010","00","008","0819","0000","601","368","233","50","651","1391","0","46.8","26.46"
"10","010","00","008","0819","0278","71","33","38","3","74","204","0","36.27","16.18"
"10","010","00","008","0819","0279","92","49","43","2","94","234","0","40.17","20.94"
"10","010","00","008","0819","0280","136","93","43","10","146","361","0","40.44","25.76"
"10","010","00","008","0819","0281","302","193","109","35","337","592","0","56.93","32.6"
"10","010","00","008","0820","0000","290","176","114","26","316","619","0","51.05","28.43"
"10","010","00","008","0820","0282","290","176","114","26","316","619","0","51.05","28.43"
"10","010","00","008","0821","0000","254","159","95","3","257","739","0","34.78","21.52"
"10","010","00","008","0821","0292","254","159","95","3","257","739","0","34.78","21.52"
"10","010","00","008","0822","0000","201","126","75","17","218","554","0","39.35","22.74"
"10","010","00","008","0822","0293","201","126","75","17","218","554","0","39.35","22.74"
"10","010","00","008","0823","0000","213","133","80","19","232","649","0","35.75","20.49"
"10","010","00","008","0823","0294","213","133","80","19","232","649","0","35.75","20.49"
"10","010","00","008","0824","0000","247","165","82","26","273","689","0","39.62","23.95"
"10","010","00","008","0824","0295","247","165","82","26","273","689","0","39.62","23.95"
"10","010","00","008","0825","0000","203","115","88","17","220","580","0","37.93","19.83"
"10","010","00","008","0825","0296","167","95","72","15","182","455","0","40.0","20.88"
"10","010","00","008","0825","0297","36","20","16","2","38","125","0","30.4","16.0"
"10","010","00","009","0000","0000","8437","5453","2984","768","9205","21915","24658","42.0","24.88"
"10","010","00","009","0901","0000","870","569","301","66","936","1915","0","48.88","29.71"
"10","010","00","009","0901","0298","870","569","301","66","936","1915","0","48.88","29.71"
"10","010","00","009","0902","0000","337","191","146","44","381","938","0","40.62","20.36"
"10","010","00","009","0902","0299","337","191","146","44","381","938","0","40.62","20.36"
"10","010","00","009","0903","0000","406","258","148","26","432","1366","0","31.63","18.89"
"10","010","00","009","0903","0300","406","258","148","26","432","1366","0","31.63","18.89"
"10","010","00","009","0904","0000","669","443","226","10","679","1676","0","40.51","26.43"
"10","010","00","009","0904","0301","669","443","226","10","679","1676","0","40.51","26.43"
"10","010","00","009","0905","0000","425","279","146","58","483","1151","0","41.96","24.24"
"10","010","00","009","0905","0302","425","279","146","58","483","1151","0","41.96","24.24"
"10","010","00","009","0906","0000","290","185","105","33","323","716","0","45.11","25.84"
"10","010","00","009","0906","0303","290","185","105","33","323","716","0","45.11","25.84"
"10","010","00","009","0907","0000","147","100","47","7","154","387","0","39.79","25.84"
"10","010","00","009","0907","0304","147","100","47","7","154","387","0","39.79","25.84"
"10","010","00","009","0908","0000","255","159","96","20","275","864","0","31.83","18.4"
"10","010","00","009","0908","0305","255","159","96","20","275","864","0","31.83","18.4"
"10","010","00","009","0909","0000","294","183","111","20","314","910","0","34.51","20.11"
"10","010","00","009","0909","0306","294","183","111","20","314","910","0","34.51","20.11"
"10","010","00","009","0910","0000","283","175","108","15","298","760","0","39.21","23.03"
"10","010","00","009","0910","0307","283","175","108","15","298","760","0","39.21","23.03"
"10","010","00","009","0911","0000","154","110","44","15","169","378","0","44.71","29.1"
"10","010","00","009","0911","0308","83","63","20","6","89","166","0","53.61","37.95"
"10","010","00","009","0911","0309","71","47","24","9","80","212","0","37.74","22.17"
"10","010","00","009","0912","0000","318","212","106","29","347","993","0","34.94","21.35"
"10","010","00","009","0912","0310","318","212","106","29","347","993","0","34.94","21.35"
"10","010","00","009","0913","0000","491","307","184","67","558","1226","0","45.51","25.04"
"10","010","00","009","0913","0314","491","307","184","67","558","1226","0","45.51","25.04"
"10","010","00","009","0914","0000","321","187","134","45","366","843","0","43.42","22.18"
"10","010","00","009","0914","0315","321","187","134","45","366","843","0","43.42","22.18"
"10","010","00","009","0915","0000","282","186","96","20","302","693","0","43.58","26.84"
"10","010","00","009","0915","0316","282","186","96","20","302","693","0","43.58","26.84"
"10","010","00","009","0916","0000","378","260","118","34","412","839","0","49.11","30.99"
"10","010","00","009","0916","0317","378","260","118","34","412","839","0","49.11","30.99"
"10","010","00","009","0917","0000","253","167","86","20","273","684","0","39.91","24.42"
"10","010","00","009","0917","0318","146","98","48","12","158","363","0","43.53","27.0"
"10","010","00","009","0917","0319","107","69","38","8","115","321","0","35.83","21.5"
"10","010","00","009","0918","0000","533","347","186","63","596","1083","0","55.03","32.04"
"10","010","00","009","0918","0320","533","347","186","63","596","1083","0","55.03","32.04"
"10","010","00","009","0919","0000","377","240","137","41","418","901","0","46.39","26.64"
"10","010","00","009","0919","0321","377","240","137","41","418","901","0","46.39","26.64"
"10","010","00","009","0920","0000","426","300","126","29","455","1216","0","37.42","24.67"
"10","010","00","009","0920","0322","426","300","126","29","455","1216","0","37.42","24.67"
"10","010","00","009","0921","0000","362","235","127","49","411","789","0","52.09","29.78"
"10","010","00","009","0921","0323","211","139","72","39","250","418","0","59.81","33.25"
"10","010","00","009","0921","0324","151","96","55","10","161","371","0","43.4","25.88"
"10","010","00","009","0922","0000","111","66","45","11","122","306","0","39.87","21.57"
"10","010","00","009","0922","0311","111","66","45","11","122","306","0","39.87","21.57"
"10","010","00","009","0923","0000","455","294","161","46","501","1281","0","39.11","22.95"
"10","010","00","009","0923","0312","377","250","127","34","411","1046","0","39.29","23.9"
"10","010","00","009","0923","0313","78","44","34","12","90","235","0","38.3","18.72"
"10","010","00","010","0000","0000","7857","4946","2911","681","8538","16647","18297","51.29","29.71"
"10","010","00","010","1001","0000","333","222","111","34","367","705","0","52.06","31.49"
"10","010","00","010","1001","0354","212","147","65","21","233","482","0","48.34","30.5"
"10","010","00","010","1001","0355","121","75","46","13","134","223","0","60.09","33.63"
"10","010","00","010","1002","0000","769","458","311","69","838","1529","0","54.81","29.95"
"10","010","00","010","1002","0356","769","458","311","69","838","1529","0","54.81","29.95"
"10","010","00","010","1003","0000","627","360","267","43","670","1175","0","57.02","30.64"
"10","010","00","010","1003","0357","627","360","267","43","670","1175","0","57.02","30.64"
"10","010","00","010","1004","0000","512","325","187","40","552","886","0","62.3","36.68"
"10","010","00","010","1004","0358","512","325","187","40","552","886","0","62.3","36.68"
"10","010","00","010","1005","0000","313","190","123","23","336","743","0","45.22","25.57"
"10","010","00","010","1005","0359","313","190","123","23","336","743","0","45.22","25.57"
"10","010","00","010","1006","0000","611","364","247","70","681","1236","0","55.1","29.45"
"10","010","00","010","1006","0360","611","364","247","70","681","1236","0","55.1","29.45"
"10","010","00","010","1007","0000","180","106","74","14","194","377","0","51.46","28.12"
"10","010","00","010","1007","0361","180","106","74","14","194","377","0","51.46","28.12"
"10","010","00","010","1008","0000","196","127","69","20","216","440","0","49.09","28.86"
"10","010","00","010","1008","0362","142","87","55","14","156","338","0","46.15","25.74"
"10","010","00","010","1008","0363","54","40","14","6","60","102","0","58.82","39.22"
"10","010","00","010","1009","0000","342","218","124","23","365","763","0","47.84","28.57"
"10","010","00","010","1009","0364","342","218","124","23","365","763","0","47.84","28.57"
"10","010","00","010","1010","0000","232","142","90","20","252","429","0","58.74","33.1"
"10","010","00","010","1010","0365","232","142","90","20","252","429","0","58.74","33.1"
"10","010","00","010","1011","0000","201","130","71","13","214","427","0","50.12","30.44"
"10","010","00","010","1011","0366","201","130","71","13","214","427","0","50.12","30.44"
"10","010","00","010","1012","0000","295","186","109","41","336","607","0","55.35","30.64"
"10","010","00","010","1012","0367","295","186","109","41","336","607","0","55.35","30.64"
"10","010","00","010","1013","0000","653","396","257","46","699","1486","0","47.04","26.65"
"10","010","00","010","1013","0368","653","396","257","46","699","1486","0","47.04","26.65"
"10","010","00","010","1014","0000","439","285","154","45","484","835","0","57.96","34.13"
"10","010","00","010","1014","0369","439","285","154","45","484","835","0","57.96","34.13"
"10","010","00","010","1015","0000","312","189","123","43","355","816","0","43.5","23.16"
"10","010","00","010","1015","0370","312","189","123","43","355","816","0","43.5","23.16"
"10","010","00","010","1016","0000","348","202","146","37","385","833","0","46.22","24.25"
"10","010","00","010","1016","0371","348","202","146","37","385","833","0","46.22","24.25"
"10","010","00","010","1017","0000","199","137","62","14","213","433","0","49.19","31.64"
"10","010","00","010","1017","0372","199","137","62","14","213","433","0","49.19","31.64"
"10","010","00","010","1018","0000","241","139","102","8","249","558","0","44.62","24.91"
"10","010","00","010","1018","0373","241","139","102","8","249","558","0","44.62","24.91"
"10","010","00","010","1019","0000","340","212","128","33","373","742","0","50.27","28.57"
"10","010","00","010","1019","0374","286","175","111","31","317","602","0","52.66","29.07"
"10","010","00","010","1019","0375","54","37","17","2","56","140","0","40.0","26.43"
"10","010","00","010","1020","0000","165","105","60","20","185","393","0","47.07","26.72"
"10","010","00","010","1020","0376","165","105","60","20","185","393","0","47.07","26.72"
"10","010","00","010","1021","0000","276","272","4","18","294","585","0","50.26","46.5"
"10","010","00","010","1021","0377","276","272","4","18","294","585","0","50.26","46.5"
"10","010","00","010","1022","0000","273","181","92","7","280","649","0","43.14","27.89"
"10","010","00","010","1022","0378","199","131","68","4","203","526","0","38.59","24.9"
"10","010","00","010","1022","0379","74","50","24","3","77","123","0","62.6","40.65"
"10","010","00","011","0000","0000","6073","3713","2360","556","6629","13937","15422","47.56","26.64"
"10","010","00","011","1101","0000","210","127","83","34","244","522","0","46.74","24.33"
"10","010","00","011","1101","0034","210","127","83","34","244","522","0","46.74","24.33"
"10","010","00","011","1102","0000","281","154","127","23","304","563","0","54.0","27.35"
"10","010","00","011","1102","0035","281","154","127","23","304","563","0","54.0","27.35"
"10","010","00","011","1103","0000","604","364","240","47","651","1304","0","49.92","27.91"
"10","010","00","011","1103","0036","604","364","240","47","651","1304","0","49.92","27.91"
"10","010","00","011","1104","0000","631","365","266","29","660","1312","0","50.3","27.82"
"10","010","00","011","1104","0037","631","365","266","29","660","1312","0","50.3","27.82"
"10","010","00","011","1105","0000","255","153","102","4","259","738","0","35.09","20.73"
"10","010","00","011","1105","0038","148","95","53","1","149","320","0","46.56","29.69"
"10","010","00","011","1105","0039","107","58","49","3","110","418","0","26.32","13.88"
"10","010","00","011","1106","0000","397","223","174","54","451","1025","0","44.0","21.76"
"10","010","00","011","1106","0040","397","223","174","54","451","1025","0","44.0","21.76"
"10","010","00","011","1107","0000","172","99","73","23","195","451","0","43.24","21.95"
"10","010","00","011","1107","0041","172","99","73","23","195","451","0","43.24","21.95"
"10","010","00","011","1108","0000","383","257","126","61","444","830","0","53.49","30.96"
"10","010","00","011","1108","0042","383","257","126","61","444","830","0","53.49","30.96"
"10","010","00","011","1109","0000","455","307","148","44","499","1050","0","47.52","29.24"
"10","010","00","011","1109","0043","455","307","148","44","499","1050","0","47.52","29.24"
"10","010","00","011","1110","0000","359","211","148","42","401","972","0","41.26","21.71"
"10","010","00","011","1110","0044","359","211","148","42","401","972","0","41.26","21.71"
"10","010","00","011","1111","0000","413","266","147","32","445","962","0","46.26","27.65"
"10","010","00","011","1111","0045","413","266","147","32","445","962","0","46.26","27.65"
"10","010","00","011","1112","0000","440","276","164","48","488","940","0","51.91","29.36"
"10","010","00","011","1112","0046","314","185","129","36","350","678","0","51.62","27.29"
"10","010","00","011","1112","0047","126","91","35","12","138","262","0","52.67","34.73"
"10","010","00","011","1113","0000","469","281","188","39","508","1212","0","41.91","23.18"
"10","010","00","011","1113","0048","364","214","150","34","398","906","0","43.93","23.62"
"10","010","00","011","1113","0049","105","67","38","5","110","306","0","35.95","21.9"
"10","010","00","011","1114","0000","699","442","257","56","755","1435","0","52.61","30.8"
"10","010","00","011","1114","0050","508","324","184","42","550","1062","0","51.79","30.51"
"10","010","00","011","1114","0051","191","118","73","14","205","373","0","54.96","31.64"
"10","010","00","011","1115","0000","305","188","117","20","325","621","0","52.33","30.27"
"10","010","00","011","1115","0052","164","99","65","11","175","324","0","54.01","30.56"
"10","010","00","011","1115","0053","141","89","52","9","150","297","0","50.51","29.97"
"10","010","00","012","0000","0000","22263","13744","8519","1312","23575","43857","49406","53.75","31.34"
"10","010","00","012","1201","0000","1998","1246","752","88","2086","3971","0","52.53","31.38"
"10","010","00","012","1201","0054","502","320","182","19","521","1024","0","50.88","31.25"
"10","010","00","012","1201","0055","586","333","253","29","615","1015","0","60.59","32.81"
"10","010","00","012","1201","0056","910","593","317","40","950","1932","0","49.17","30.69"
"10","010","00","012","1202","0000","1377","824","553","77","1454","2475","0","58.75","33.29"
"10","010","00","012","1202","0057","660","374","286","28","688","1170","0","58.8","31.97"
"10","010","00","012","1202","0058","717","450","267","49","766","1305","0","58.7","34.48"
"10","010","00","012","1203","0000","899","560","339","54","953","1564","0","60.93","35.81"
"10","010","00","012","1203","0066","393","266","127","26","419","626","0","66.93","42.49"
"10","010","00","012","1203","0067","328","192","136","14","342","570","0","60.0","33.68"
"10","010","00","012","1203","0068","178","102","76","14","192","368","0","52.17","27.72"
"10","010","00","012","1204","0000","1027","646","381","95","1122","2102","0","53.38","30.73"
"10","010","00","012","1204","0069","484","305","179","56","540","1037","0","52.07","29.41"
"10","010","00","012","1204","0070","543","341","202","39","582","1065","0","54.65","32.02"
"10","010","00","012","1205","0000","464","281","183","45","509","802","0","63.47","35.04"
"10","010","00","012","1205","0071","464","281","183","45","509","802","0","63.47","35.04"
"10","010","00","012","1206","0000","701","414","287","60","761","1566","0","48.6","26.44"
"10","010","00","012","1206","0059","552","325","227","43","595","1242","0","47.91","26.17"
"10","010","00","012","1206","0060","149","89","60","17","166","324","0","51.23","27.47"
"10","010","00","012","1207","0000","906","570","336","66","972","1838","0","52.88","31.01"
"10","010","00","012","1207","0061","317","206","111","14","331","622","0","53.22","33.12"
"10","010","00","012","1207","0062","589","364","225","52","641","1216","0","52.71","29.93"
"10","010","00","012","1208","0000","1003","601","402","44","1047","1791","0","58.46","33.56"
"10","010","00","012","1208","0063","545","327","218","19","564","1020","0","55.29","32.06"
"10","010","00","012","1208","0064","458","274","184","25","483","771","0","62.65","35.54"
"10","010","00","012","1209","0000","264","162","102","15","279","441","0","63.27","36.73"
"10","010","00","012","1209","0065","264","162","102","15","279","441","0","63.27","36.73"
"10","010","00","012","1210","0000","350","214","136","25","375","641","0","58.5","33.39"
"10","010","00","012","1210","0074","350","214","136","25","375","641","0","58.5","33.39"
"10","010","00","012","1211","0000","233","152","81","13","246","408","0","60.29","37.25"
"10","010","00","012","1211","0075","233","152","81","13","246","408","0","60.29","37.25"
"10","010","00","012","1212","0000","687","406","281","45","732","1363","0","53.71","29.79"
"10","010","00","012","1212","0076","429","263","166","30","459","794","0","57.81","33.12"
"10","010","00","012","1212","0077","258","143","115","15","273","569","0","47.98","25.13"
"10","010","00","012","1213","0000","985","605","380","45","1030","1948","0","52.87","31.06"
"10","010","00","012","1213","0072","985","605","380","45","1030","1948","0","52.87","31.06"
"10","010","00","012","1214","0000","496","333","163","35","531","1028","0","51.65","32.39"
"10","010","00","012","1214","0073","496","333","163","35","531","1028","0","51.65","32.39"
"10","010","00","012","1215","0000","1071","654","417","43","1114","2035","0","54.74","32.14"
"10","010","00","012","1215","0080","1071","654","417","43","1114","2035","0","54.74","32.14"
"10","010","00","012","1216","0000","1034","639","395","57","1091","1987","0","54.91","32.16"
"10","010","00","012","1216","0081","1034","639","395","57","1091","1987","0","54.91","32.16"
"10","010","00","012","1217","0000","941","506","435","72","1013","1766","0","57.36","28.65"
"10","010","00","012","1217","0078","425","225","200","28","453","806","0","56.2","27.92"
"10","010","00","012","1217","0079","516","281","235","44","560","960","0","58.33","29.27"
"10","010","00","012","1218","0000","1981","1197","784","96","2077","4310","0","48.19","27.77"
"10","010","00","012","1218","0083","1069","620","449","60","1129","2208","0","51.13","28.08"
"10","010","00","012","1218","0084","912","577","335","36","948","2102","0","45.1","27.45"
"10","010","00","012","1219","0000","1484","978","506","99","1583","2980","0","53.12","32.82"
"10","010","00","012","1219","0085","624","418","206","50","674","1309","0","51.49","31.93"
"10","010","00","012","1219","0086","860","560","300","49","909","1671","0","54.4","33.51"
"10","010","00","012","1220","0000","972","596","376","49","1021","1919","0","53.2","31.06"
"10","010","00","012","1220","0089","972","596","376","49","1021","1919","0","53.2","31.06"
"10","010","00","012","1221","0000","891","603","288","41","932","1772","0","52.6","34.03"
"10","010","00","012","1221","0088","891","603","288","41","932","1772","0","52.6","34.03"
"10","010","00","012","1222","0000","444","272","172","13","457","912","0","50.11","29.82"
"10","010","00","012","1222","0090","444","272","172","13","457","912","0","50.11","29.82"
"10","010","00","012","1223","0000","498","332","166","20","518","992","0","52.22","33.47"
"10","010","00","012","1223","0091","498","332","166","20","518","992","0","52.22","33.47"
"10","010","00","012","1224","0000","533","305","228","39","572","1270","0","45.04","24.02"
"10","010","00","012","1224","0092","533","305","228","39","572","1270","0","45.04","24.02"
"10","010","00","012","1225","0000","612","403","209","39","651","1154","0","56.41","34.92"
"10","010","00","012","1225","0082","612","403","209","39","651","1154","0","56.41","34.92"
"10","010","00","012","1226","0000","412","245","167","37","449","822","0","54.62","29.81"
"10","010","00","012","1226","0087","412","245","167","37","449","822","0","54.62","29.81"
"10","010","00","013","0000","0000","17784","10814","6970","991","18775","39139","44605","47.97","27.63"
"10","010","00","013","1301","0000","790","482","308","41","831","1809","0","45.94","26.64"
"10","010","00","013","1301","0392","790","482","308","41","831","1809","0","45.94","26.64"
"10","010","00","013","1302","0000","455","282","173","18","473","953","0","49.63","29.59"
"10","010","00","013","1302","0393","455","282","173","18","473","953","0","49.63","29.59"
"10","010","00","013","1303","0000","363","216","147","14","377","828","0","45.53","26.09"
"10","010","00","013","1303","0401","363","216","147","14","377","828","0","45.53","26.09"
"10","010","00","013","1304","0000","418","252","166","24","442","879","0","50.28","28.67"
"10","010","00","013","1304","0400","418","252","166","24","442","879","0","50.28","28.67"
"10","010","00","013","1305","0000","617","384","233","54","671","1441","0","46.56","26.65"
"10","010","00","013","1305","0394","617","384","233","54","671","1441","0","46.56","26.65"
"10","010","00","013","1306","0000","1221","737","484","66","1287","2834","0","45.41","26.01"
"10","010","00","013","1306","0380","424","228","196","18","442","1046","0","42.26","21.8"
"10","010","00","013","1306","0381","797","509","288","48","845","1788","0","47.26","28.47"
"10","010","00","013","1307","0000","1518","926","592","72","1590","3311","0","48.02","27.97"
"10","010","00","013","1307","0382","778","470","308","33","811","1730","0","46.88","27.17"
"10","010","00","013","1307","0383","740","456","284","39","779","1581","0","49.27","28.84"
"10","010","00","013","1308","0000","3254","2043","1211","127","3381","7060","0","47.89","28.94"
"10","010","00","013","1308","0384","652","419","233","28","680","1594","0","42.66","26.29"
"10","010","00","013","1308","0385","892","524","368","31","923","1801","0","51.25","29.09"
"10","010","00","013","1308","0386","878","570","308","45","923","1862","0","49.57","30.61"
"10","010","00","013","1308","0387","832","530","302","23","855","1803","0","47.42","29.4"
"10","010","00","013","1309","0000","2707","1698","1009","142","2849","5642","0","50.5","30.1"
"10","010","00","013","1309","0388","748","495","253","32","780","1481","0","52.67","33.42"
"10","010","00","013","1309","0389","688","404","284","42","730","1366","0","53.44","29.58"
"10","010","00","013","1309","0390","681","434","247","38","719","1599","0","44.97","27.14"
"10","010","00","013","1309","0391","590","365","225","30","620","1196","0","51.84","30.52"
"10","010","00","013","1310","0000","821","512","309","50","871","1882","0","46.28","27.21"
"10","010","00","013","1310","0395","821","512","309","50","871","1882","0","46.28","27.21"
"10","010","00","013","1311","0000","700","432","268","23","723","1470","0","49.18","29.39"
"10","010","00","013","1311","0396","700","432","268","23","723","1470","0","49.18","29.39"
"10","010","00","013","1312","0000","876","488","388","60","936","2121","0","44.13","23.01"
"10","010","00","013","1312","0397","708","402","306","50","758","1699","0","44.61","23.66"
"10","010","00","013","1312","0398","168","86","82","10","178","422","0","42.18","20.38"
"10","010","00","013","1313","0000","484","291","193","34","518","1030","0","50.29","28.25"
"10","010","00","013","1313","0399","484","291","193","34","518","1030","0","50.29","28.25"
"10","010","00","013","1314","0000","620","365","255","35","655","1177","0","55.65","31.01"
"10","010","00","013","1314","0402","480","277","203","27","507","881","0","57.55","31.44"
"10","010","00","013","1314","0403","140","88","52","8","148","296","0","50.0","29.73"
"10","010","00","013","1315","0000","432","252","180","47","479","979","0","48.93","25.74"
"10","010","00","013","1315","0404","432","252","180","47","479","979","0","48.93","25.74"
"10","010","00","013","1316","0000","761","447","314","46","807","1938","0","41.64","23.07"
"10","010","00","013","1316","0405","542","313","229","35","577","1268","0","45.5","24.68"
"10","010","00","013","1316","0406","219","134","85","11","230","670","0","34.33","20.0"
"10","010","00","013","1317","0000","289","141","148","13","302","741","0","40.76","19.03"
"10","010","00","013","1317","0409","289","141","148","13","302","741","0","40.76","19.03"
"10","010","00","013","1318","0000","450","276","174","37","487","1000","0","48.7","27.6"
"10","010","00","013","1318","0410","237","152","85","6","243","518","0","46.91","29.34"
"10","010","00","013","1318","0411","213","124","89","31","244","482","0","50.62","25.73"
"10","010","00","013","1319","0000","330","207","123","28","358","648","0","55.25","31.94"
"10","010","00","013","1319","0408","330","207","123","28","358","648","0","55.25","31.94"
"10","010","00","013","1320","0000","384","223","161","47","431","754","0","57.16","29.58"
"10","010","00","013","1320","0407","384","223","161","47","431","754","0","57.16","29.58"
"10","010","00","013","1321","0000","153","80","73","5","158","348","0","45.4","22.99"
"10","010","00","013","1321","0412","153","80","73","5","158","348","0","45.4","22.99"
"10","010","00","013","1322","0000","141","80","61","8","149","294","0","50.68","27.21"
"10","010","00","013","1322","0413","141","80","61","8","149","294","0","50.68","27.21"
"10","010","00","014","0000","0000","15538","9650","5888","926","16464","31228","35625","52.72","30.9"
"10","010","00","014","1401","0000","1373","847","526","56","1429","2522","0","56.66","33.58"
"10","010","00","014","1401","0414","692","429","263","41","733","1312","0","55.87","32.7"
"10","010","00","014","1401","0415","681","418","263","15","696","1210","0","57.52","34.55"
"10","010","00","014","1402","0000","1133","706","427","73","1206","2198","0","54.87","32.12"
"10","010","00","014","1402","0416","523","314","209","31","554","991","0","55.9","31.69"
"10","010","00","014","1402","0417","610","392","218","42","652","1207","0","54.02","32.48"
"10","010","00","014","1403","0000","361","224","137","11","372","752","0","49.47","29.79"
"10","010","00","014","1403","0418","361","224","137","11","372","752","0","49.47","29.79"
"10","010","00","014","1404","0000","462","295","167","32","494","833","0","59.3","35.41"
"10","010","00","014","1404","0419","462","295","167","32","494","833","0","59.3","35.41"
"10","010","00","014","1405","0000","648","418","230","45","693","1220","0","56.8","34.26"
"10","010","00","014","1405","0420","648","418","230","45","693","1220","0","56.8","34.26"
"10","010","00","014","1406","0000","375","239","136","12","387","616","0","62.82","38.8"
"10","010","00","014","1406","0421","375","239","136","12","387","616","0","62.82","38.8"
"10","010","00","014","1407","0000","477","317","160","54","531","1031","0","51.5","30.75"
"10","010","00","014","1407","0422","477","317","160","54","531","1031","0","51.5","30.75"
"10","010","00","014","1408","0000","2611","1646","965","114","2725","5283","0","51.58","31.16"
"10","010","00","014","1408","0423","644","398","246","27","671","1292","0","51.93","30.8"
"10","010","00","014","1408","0424","1051","655","396","52","1103","1995","0","55.29","32.83"
"10","010","00","014","1408","0425","916","593","323","35","951","1996","0","47.65","29.71"
"10","010","00","014","1409","0000","724","447","277","39","763","1449","0","52.66","30.85"
"10","010","00","014","1409","0426","724","447","277","39","763","1449","0","52.66","30.85"
"10","010","00","014","1410","0000","736","467","269","34","770","1420","0","54.23","32.89"
"10","010","00","014","1410","0427","736","467","269","34","770","1420","0","54.23","32.89"
"10","010","00","014","1411","0000","838","549","289","49","887","1590","0","55.79","34.53"
"10","010","00","014","1411","0428","838","549","289","49","887","1590","0","55.79","34.53"
"10","010","00","014","1412","0000","810","488","322","61","871","1785","0","48.8","27.34"
"10","010","00","014","1412","0429","361","219","142","30","391","771","0","50.71","28.4"
"10","010","00","014","1412","0430","449","269","180","31","480","1014","0","47.34","26.53"
"10","010","00","014","1413","0000","305","181","124","22","327","641","0","51.01","28.24"
"10","010","00","014","1413","0433","305","181","124","22","327","641","0","51.01","28.24"
"10","010","00","014","1414","0000","466","257","209","35","501","1014","0","49.41","25.35"
"10","010","00","014","1414","0431","130","83","47","8","138","327","0","42.2","25.38"
"10","010","00","014","1414","0432","336","174","162","27","363","687","0","52.84","25.33"
"10","010","00","014","1415","0000","441","270","171","16","457","857","0","53.33","31.51"
"10","010","00","014","1415","0434","260","171","89","4","264","474","0","55.7","36.08"
"10","010","00","014","1415","0435","181","99","82","12","193","383","0","50.39","25.85"
"10","010","00","014","1416","0000","349","201","148","30","379","619","0","61.23","32.47"
"10","010","00","014","1416","0436","349","201","148","30","379","619","0","61.23","32.47"
"10","010","00","014","1417","0000","858","502","356","67","925","1782","0","51.91","28.17"
"10","010","00","014","1417","0437","93","57","36","6","99","214","0","46.26","26.64"
"10","010","00","014","1417","0438","765","445","320","61","826","1568","0","52.68","28.38"
"10","010","00","014","1418","0000","298","175","123","17","315","658","0","47.87","26.6"
"10","010","00","014","1418","0439","298","175","123","17","315","658","0","47.87","26.6"
"10","010","00","014","1419","0000","232","138","94","23","255","434","0","58.76","31.8"
"10","010","00","014","1419","0440","232","138","94","23","255","434","0","58.76","31.8"
"10","010","00","014","1420","0000","921","554","367","62","983","1898","0","51.79","29.19"
"10","010","00","014","1420","0441","480","309","171","22","502","917","0","54.74","33.7"
"10","010","00","014","1420","0442","441","245","196","40","481","981","0","49.03","24.97"
"10","010","00","014","1421","0000","380","248","132","19","399","897","0","44.48","27.65"
"10","010","00","014","1421","0443","354","231","123","17","371","789","0","47.02","29.28"
"10","010","00","014","1421","0444","26","17","9","2","28","108","0","25.93","15.74"
"10","010","00","014","1422","0000","73","48","25","2","75","235","0","31.91","20.43"
"10","010","00","014","1422","0445","73","48","25","2","75","235","0","31.91","20.43"
"10","010","00","014","1423","0000","406","249","157","18","424","781","0","54.29","31.88"
"10","010","00","014","1423","0446","137","86","51","5","142","331","0","42.9","25.98"
"10","010","00","014","1423","0447","269","163","106","13","282","450","0","62.67","36.22"
"10","010","00","014","1424","0000","261","184","77","35","296","713","0","41.51","25.81"
"10","010","00","014","1424","0448","168","116","52","20","188","462","0","40.69","25.11"
"10","010","00","014","1424","0449","93","68","25","15","108","251","0","43.03","27.09"
"10","010","00","015","0000","0000","8867","5569","3298","660","9527","17083","19303","55.77","32.6"
"10","010","00","015","1501","0000","1228","734","494","80","1308","2286","0","57.22","32.11"
"10","010","00","015","1501","0211","527","308","219","24","551","1041","0","52.93","29.59"
"10","010","00","015","1501","0212","701","426","275","56","757","1245","0","60.8","34.22"
"10","010","00","015","1502","0000","549","336","213","32","581","917","0","63.36","36.64"
"10","010","00","015","1502","0213","549","336","213","32","581","917","0","63.36","36.64"
"10","010","00","015","1503","0000","307","184","123","36","343","545","0","62.94","33.76"
"10","010","00","015","1503","0217","307","184","123","36","343","545","0","62.94","33.76"
"10","010","00","015","1504","0000","2310","1597","713","129","2439","4404","0","55.38","36.26"
"10","010","00","015","1504","0214","624","584","40","41","665","1189","0","55.93","49.12"
"10","010","00","015","1504","0215","732","442","290","45","777","1388","0","55.98","31.84"
"10","010","00","015","1504","0216","954","571","383","43","997","1827","0","54.57","31.25"
"10","010","00","015","1505","0000","160","104","56","23","183","407","0","44.96","25.55"
"10","010","00","015","1505","0218","160","104","56","23","183","407","0","44.96","25.55"
"10","010","00","015","1506","0000","314","199","115","18","332","526","0","63.12","37.83"
"10","010","00","015","1506","0223","314","199","115","18","332","526","0","63.12","37.83"
"10","010","00","015","1507","0000","161","87","74","24","185","372","0","49.73","23.39"
"10","010","00","015","1507","0224","161","87","74","24","185","372","0","49.73","23.39"
"10","010","00","015","1508","0000","357","222","135","17","374","636","0","58.81","34.91"
"10","010","00","015","1508","0219","357","222","135","17","374","636","0","58.81","34.91"
"10","010","00","015","1509","0000","881","549","332","52","933","1674","0","55.73","32.8"
"10","010","00","015","1509","0221","881","549","332","52","933","1674","0","55.73","32.8"
"10","010","00","015","1510","0000","308","186","122","32","340","576","0","59.03","32.29"
"10","010","00","015","1510","0220","308","186","122","32","340","576","0","59.03","32.29"
"10","010","00","015","1511","0000","384","229","155","11","395","858","0","46.04","26.69"
"10","010","00","015","1511","0222","384","229","155","11","395","858","0","46.04","26.69"
"10","010","00","015","1512","0000","235","138","97","19","254","506","0","50.2","27.27"
"10","010","00","015","1512","0225","235","138","97","19","254","506","0","50.2","27.27"
"10","010","00","015","1513","0000","140","65","75","8","148","293","0","50.51","22.18"
"10","010","00","015","1513","0228","140","65","75","8","148","293","0","50.51","22.18"
"10","010","00","015","1514","0000","270","169","101","38","308","433","0","71.13","39.03"
"10","010","00","015","1514","0226","270","169","101","38","308","433","0","71.13","39.03"
"10","010","00","015","1515","0000","391","217","174","57","448","712","0","62.92","30.48"
"10","010","00","015","1515","0229","391","217","174","57","448","712","0","62.92","30.48"
"10","010","00","015","1516","0000","341","225","116","32","373","602","0","61.96","37.38"
"10","010","00","015","1516","0230","341","225","116","32","373","602","0","61.96","37.38"
"10","010","00","015","1517","0000","382","230","152","34","416","932","0","44.64","24.68"
"10","010","00","015","1517","0231","227","128","99","25","252","515","0","48.93","24.85"
"10","010","00","015","1517","0232","155","102","53","9","164","417","0","39.33","24.46"
"10","010","00","015","1518","0000","149","98","51","18","167","404","0","41.34","24.26"
"10","010","00","015","1518","0227","149","98","51","18","167","404","0","41.34","24.26"
"10","010","00","016","0000","0000","5319","3278","2041","383","5702","10156","11470","56.14","32.28"
"10","010","00","016","1601","0000","665","398","267","48","713","1174","0","60.73","33.9"
"10","010","00","016","1601","0450","665","398","267","48","713","1174","0","60.73","33.9"
"10","010","00","016","1602","0000","268","151","117","12","280","449","0","62.36","33.63"
"10","010","00","016","1602","0451","268","151","117","12","280","449","0","62.36","33.63"
"10","010","00","016","1603","0000","662","376","286","62","724","1304","0","55.52","28.83"
"10","010","00","016","1603","0452","429","244","185","32","461","753","0","61.22","32.4"
"10","010","00","016","1603","0453","233","132","101","30","263","551","0","47.73","23.96"
"10","010","00","016","1604","0000","942","550","392","64","1006","1791","0","56.17","30.71"
"10","010","00","016","1604","0454","942","550","392","64","1006","1791","0","56.17","30.71"
"10","010","00","016","1605","0000","497","303","194","41","538","849","0","63.37","35.69"
"10","010","00","016","1605","0455","497","303","194","41","538","849","0","63.37","35.69"
"10","010","00","016","1606","0000","475","299","176","28","503","866","0","58.08","34.53"
"10","010","00","016","1606","0456","475","299","176","28","503","866","0","58.08","34.53"
"10","010","00","016","1607","0000","644","400","244","52","696","1244","0","55.95","32.15"
"10","010","00","016","1607","0457","412","264","148","28","440","800","0","55.0","33.0"
"10","010","00","016","1607","0458","232","136","96","24","256","444","0","57.66","30.63"
"10","010","00","016","1608","0000","254","178","76","12","266","635","0","41.89","28.03"
"10","010","00","016","1608","0459","254","178","76","12","266","635","0","41.89","28.03"
"10","010","00","016","1609","0000","487","344","143","41","528","961","0","54.94","35.8"
"10","010","00","016","1609","0460","136","102","34","13","149","319","0","46.71","31.97"
"10","010","00","016","1609","0461","351","242","109","28","379","642","0","59.03","37.69"
"10","010","00","016","1610","0000","216","139","77","16","232","509","0","45.58","27.31"
"10","010","00","016","1610","0462","216","139","77","16","232","509","0","45.58","27.31"
"10","010","00","016","1611","0000","209","140","69","7","216","374","0","57.75","37.43"
"10","010","00","016","1611","0463","93","67","26","1","94","162","0","58.02","41.36"
"10","010","00","016","1611","0464","116","73","43","6","122","212","0","57.55","34.43"
"10","010","00","017","0000","0000","2102","1280","822","98","2200","3999","4592","55.01","32.01"
"10","010","00","017","1701","0000","760","469","291","48","808","1468","0","55.04","31.95"
"10","010","00","017","1701","0465","760","469","291","48","808","1468","0","55.04","31.95"
"10","010","00","017","1702","0000","293","166","127","8","301","624","0","48.24","26.6"
"10","010","00","017","1702","0466","122","79","43","4","126","320","0","39.38","24.69"
"10","010","00","017","1702","0467","171","87","84","4","175","304","0","57.57","28.62"
"10","010","00","017","1703","0000","244","142","102","6","250","418","0","59.81","33.97"
"10","010","00","017","1703","0468","93","60","33","0","93","184","0","50.54","32.61"
"10","010","00","017","1703","0469","151","82","69","6","157","234","0","67.09","35.04"
"10","010","00","017","1704","0000","469","282","187","23","492","920","0","53.48","30.65"
"10","010","00","017","1704","0470","254","149","105","10","264","495","0","53.33","30.1"
"10","010","00","017","1704","0471","107","70","37","6","113","199","0","56.78","35.18"
"10","010","00","017","1704","0472","108","63","45","7","115","226","0","50.88","27.88"
"10","010","00","017","1705","0000","336","221","115","13","349","569","0","61.34","38.84"
"10","010","00","017","1705","0473","336","221","115","13","349","569","0","61.34","38.84"
"10","010","00","018","0000","0000","2112","1277","835","90","2202","4691","5610","46.94","27.22"
"10","010","00","018","1801","0000","178","106","72","4","182","371","0","49.06","28.57"
"10","010","00","018","1801","0474","178","106","72","4","182","371","0","49.06","28.57"
"10","010","00","018","1802","0000","81","55","26","4","85","197","0","43.15","27.92"
"10","010","00","018","1802","0475","81","55","26","4","85","197","0","43.15","27.92"
"10","010","00","018","1803","0000","68","36","32","5","73","152","0","48.03","23.68"
"10","010","00","018","1803","0476","68","36","32","5","73","152","0","48.03","23.68"
"10","010","00","018","1804","0000","94","58","36","6","100","303","0","33.0","19.14"
"10","010","00","018","1804","0477","74","49","25","5","79","231","0","34.2","21.21"
"10","010","00","018","1804","0478","20","9","11","1","21","72","0","29.17","12.5"
"10","010","00","018","1805","0000","157","100","57","6","163","306","0","53.27","32.68"
"10","010","00","018","1805","0480","157","100","57","6","163","306","0","53.27","32.68"
"10","010","00","018","1806","0000","126","83","43","3","129","311","0","41.48","26.69"
"10","010","00","018","1806","0479","126","83","43","3","129","311","0","41.48","26.69"
"10","010","00","018","1807","0000","425","242","183","29","454","827","0","54.9","29.26"
"10","010","00","018","1807","0482","425","242","183","29","454","827","0","54.9","29.26"
"10","010","00","018","1808","0000","434","251","183","11","445","970","0","45.88","25.88"
"10","010","00","018","1808","0481","434","251","183","11","445","970","0","45.88","25.88"
"10","010","00","018","1809","0000","129","67","62","2","131","238","0","55.04","28.15"
"10","010","00","018","1809","0483","129","67","62","2","131","238","0","55.04","28.15"
"10","010","00","018","1810","0000","145","84","61","8","153","479","0","31.94","17.54"
"10","010","00","018","1810","0484","145","84","61","8","153","479","0","31.94","17.54"
"10","010","00","018","1811","0000","120","78","42","7","127","291","0","43.64","26.8"
"10","010","00","018","1811","0485","120","78","42","7","127","291","0","43.64","26.8"
"10","010","00","018","1812","0000","155","117","38","5","160","246","0","65.04","47.56"
"10","010","00","018","1812","0486","155","117","38","5","160","246","0","65.04","47.56"
"10","013","00","000","0000","0000","352977","216753","136224","23852","376829","711720","826779","52.95","30.45"
"10","013","00","001","0000","0000","86752","53638","33114","4173","90925","170148","199807","53.44","31.52"
"10","013","00","001","0101","0000","404","237","167","16","420","713","0","58.91","33.24"
"10","013","00","001","0101","0004","404","237","167","16","420","713","0","58.91","33.24"
"10","013","00","001","0102","0000","144","77","67","1","145","249","0","58.23","30.92"
"10","013","00","001","0102","0007","144","77","67","1","145","249","0","58.23","30.92"
"10","013","00","001","0103","0000","147","95","52","19","166","294","0","56.46","32.31"
"10","013","00","001","0103","0002","147","95","52","19","166","294","0","56.46","32.31"
"10","013","00","001","0104","0000","305","164","141","10","315","582","0","54.12","28.18"
"10","013","00","001","0104","0003","305","164","141","10","315","582","0","54.12","28.18"
"10","013","00","001","0105","0000","275","170","105","6","281","455","0","61.76","37.36"
"10","013","00","001","0105","0006","275","170","105","6","281","455","0","61.76","37.36"
"10","013","00","001","0106","0000","119","72","47","9","128","237","0","54.01","30.38"
"10","013","00","001","0106","0001","119","72","47","9","128","237","0","54.01","30.38"
"10","013","00","001","0107","0000","300","181","119","19","319","572","0","55.77","31.64"
"10","013","00","001","0107","0005","300","181","119","19","319","572","0","55.77","31.64"
"10","013","00","001","0108","0000","421","249","172","23","444","713","0","62.27","34.92"
"10","013","00","001","0108","0010","421","249","172","23","444","713","0","62.27","34.92"
"10","013","00","001","0109","0000","340","209","131","29","369","573","0","64.4","36.47"
"10","013","00","001","0109","0011","340","209","131","29","369","573","0","64.4","36.47"
"10","013","00","001","0110","0000","264","164","100","17","281","409","0","68.7","40.1"
"10","013","00","001","0110","0013","264","164","100","17","281","409","0","68.7","40.1"
"10","013","00","001","0111","0000","187","116","71","16","203","297","0","68.35","39.06"
"10","013","00","001","0111","0012","187","116","71","16","203","297","0","68.35","39.06"
"10","013","00","001","0112","0000","1250","743","507","66","1316","2688","0","48.96","27.64"
"10","013","00","001","0112","0008","618","403","215","29","647","1315","0","49.2","30.65"
"10","013","00","001","0112","0009","632","340","292","37","669","1373","0","48.73","24.76"
"10","013","00","001","0113","0000","235","118","117","13","248","459","0","54.03","25.71"
"10","013","00","001","0113","0017","235","118","117","13","248","459","0","54.03","25.71"
"10","013","00","001","0114","0000","411","241","170","21","432","672","0","64.29","35.86"
"10","013","00","001","0114","0018","411","241","170","21","432","672","0","64.29","35.86"
"10","013","00","001","0115","0000","252","156","96","9","261","421","0","62.0","37.05"
"10","013","00","001","0115","0015","252","156","96","9","261","421","0","62.0","37.05"
"10","013","00","001","0116","0000","306","201","105","16","322","569","0","56.59","35.33"
"10","013","00","001","0116","0016","306","201","105","16","322","569","0","56.59","35.33"
"10","013","00","001","0117","0000","148","83","65","12","160","286","0","55.94","29.02"
"10","013","00","001","0117","0014","148","83","65","12","160","286","0","55.94","29.02"
"10","013","00","001","0118","0000","387","206","181","36","423","668","0","63.32","30.84"
"10","013","00","001","0118","0019","387","206","181","36","423","668","0","63.32","30.84"
"10","013","00","001","0119","0000","243","153","90","12","255","411","0","62.04","37.23"
"10","013","00","001","0119","0020","243","153","90","12","255","411","0","62.04","37.23"
"10","013","00","001","0120","0000","841","505","336","40","881","1554","0","56.69","32.5"
"10","013","00","001","0120","0021","422","263","159","21","443","768","0","57.68","34.24"
"10","013","00","001","0120","0022","419","242","177","19","438","786","0","55.73","30.79"
"10","013","00","001","0121","0000","500","325","175","29","529","890","0","59.44","36.52"
"10","013","00","001","0121","0023","500","325","175","29","529","890","0","59.44","36.52"
"10","013","00","001","0122","0000","1047","609","438","43","1090","1911","0","57.04","31.87"
"10","013","00","001","0122","0039","503","261","242","24","527","939","0","56.12","27.8"
"10","013","00","001","0122","0040","544","348","196","19","563","972","0","57.92","35.8"
"10","013","00","001","0123","0000","1383","866","517","76","1459","2517","0","57.97","34.41"
"10","013","00","001","0123","0034","705","432","273","43","748","1258","0","59.46","34.34"
"10","013","00","001","0123","0035","678","434","244","33","711","1259","0","56.47","34.47"
"10","013","00","001","0124","0000","1974","1227","747","55","2029","3556","0","57.06","34.51"
"10","013","00","001","0124","0036","580","373","207","17","597","1076","0","55.48","34.67"
"10","013","00","001","0124","0037","661","408","253","14","675","1162","0","58.09","35.11"
"10","013","00","001","0124","0038","733","446","287","24","757","1318","0","57.44","33.84"
"10","013","00","001","0125","0000","2106","1145","961","99","2205","4039","0","54.59","28.35"
"10","013","00","001","0125","0031","711","442","269","32","743","1297","0","57.29","34.08"
"10","013","00","001","0125","0032","720","280","440","29","749","1361","0","55.03","20.57"
"10","013","00","001","0125","0033","675","423","252","38","713","1381","0","51.63","30.63"
"10","013","00","001","0126","0000","4958","3203","1755","186","5144","9307","0","55.27","34.41"
"10","013","00","001","0126","0024","729","475","254","32","761","1353","0","56.25","35.11"
"10","013","00","001","0126","0025","711","471","240","27","738","1386","0","53.25","33.98"
"10","013","00","001","0126","0026","740","452","288","24","764","1413","0","54.07","31.99"
"10","013","00","001","0126","0027","657","470","187","32","689","1272","0","54.17","36.95"
"10","013","00","001","0126","0028","681","420","261","22","703","1287","0","54.62","32.63"
"10","013","00","001","0126","0029","731","468","263","32","763","1311","0","58.2","35.7"
"10","013","00","001","0126","0030","709","447","262","17","726","1285","0","56.5","34.79"
"10","013","00","001","0127","0000","698","405","293","58","756","1540","0","49.09","26.3"
"10","013","00","001","0127","0047","698","405","293","58","756","1540","0","49.09","26.3"
"10","013","00","001","0128","0000","558","346","212","35","593","1061","0","55.89","32.61"
"10","013","00","001","0128","0046","558","346","212","35","593","1061","0","55.89","32.61"
"10","013","00","001","0129","0000","545","325","220","20","565","1141","0","49.52","28.48"
"10","013","00","001","0129","0048","545","325","220","20","565","1141","0","49.52","28.48"
"10","013","00","001","0130","0000","3661","2225","1436","166","3827","7243","0","52.84","30.72"
"10","013","00","001","0130","0041","843","512","331","35","878","1535","0","57.2","33.36"
"10","013","00","001","0130","0042","650","404","246","38","688","1419","0","48.48","28.47"
"10","013","00","001","0130","0043","677","400","277","18","695","1398","0","49.71","28.61"
"10","013","00","001","0130","0044","707","424","283","43","750","1405","0","53.38","30.18"
"10","013","00","001","0130","0045","784","485","299","32","816","1486","0","54.91","32.64"
"10","013","00","001","0131","0000","2783","1711","1072","167","2950","5428","0","54.35","31.52"
"10","013","00","001","0131","0075","751","467","284","59","810","1485","0","54.55","31.45"
"10","013","00","001","0131","0076","727","438","289","42","769","1387","0","55.44","31.58"
"10","013","00","001","0131","0077","470","303","167","22","492","953","0","51.63","31.79"
"10","013","00","001","0131","0078","835","503","332","44","879","1603","0","54.83","31.38"
"10","013","00","001","0132","0000","270","153","117","26","296","535","0","55.33","28.6"
"10","013","00","001","0132","0079","270","153","117","26","296","535","0","55.33","28.6"
"10","013","00","001","0133","0000","1310","771","539","79","1389","2843","0","48.86","27.12"
"10","013","00","001","0133","0089","565","326","239","21","586","1215","0","48.23","26.83"
"10","013","00","001","0133","0090","745","445","300","58","803","1628","0","49.32","27.33"
"10","013","00","001","0134","0000","440","274","166","32","472","867","0","54.44","31.6"
"10","013","00","001","0134","0086","440","274","166","32","472","867","0","54.44","31.6"
"10","013","00","001","0135","0000","483","304","179","28","511","918","0","55.66","33.12"
"10","013","00","001","0135","0087","483","304","179","28","511","918","0","55.66","33.12"
"10","013","00","001","0136","0000","642","377","265","34","676","1209","0","55.91","31.18"
"10","013","00","001","0136","0091","642","377","265","34","676","1209","0","55.91","31.18"
"10","013","00","001","0137","0000","316","196","120","30","346","663","0","52.19","29.56"
"10","013","00","001","0137","0088","316","196","120","30","346","663","0","52.19","29.56"
"10","013","00","001","0138","0000","691","421","270","20","711","1110","0","64.05","37.93"
"10","013","00","001","0138","0092","691","421","270","20","711","1110","0","64.05","37.93"
"10","013","00","001","0139","0000","321","211","110","11","332","684","0","48.54","30.85"
"10","013","00","001","0139","0093","321","211","110","11","332","684","0","48.54","30.85"
"10","013","00","001","0140","0000","3567","2197","1370","163","3730","7190","0","51.88","30.56"
"10","013","00","001","0140","0094","596","390","206","26","622","1349","0","46.11","28.91"
"10","013","00","001","0140","0095","702","440","262","43","745","1457","0","51.13","30.2"
"10","013","00","001","0140","0096","772","467","305","22","794","1447","0","54.87","32.27"
"10","013","00","001","0140","0097","667","386","281","17","684","1354","0","50.52","28.51"
"10","013","00","001","0140","0098","830","514","316","55","885","1583","0","55.91","32.47"
"10","013","00","001","0141","0000","1213","725","488","60","1273","2503","0","50.86","28.97"
"10","013","00","001","0141","0072","626","349","277","32","658","1284","0","51.25","27.18"
"10","013","00","001","0141","0073","587","376","211","28","615","1219","0","50.45","30.84"
"10","013","00","001","0142","0000","829","512","317","58","887","1544","0","57.45","33.16"
"10","013","00","001","0142","0074","829","512","317","58","887","1544","0","57.45","33.16"
"10","013","00","001","0143","0000","1154","712","442","61","1215","2266","0","53.62","31.42"
"10","013","00","001","0143","0083","605","370","235","33","638","1227","0","52.0","30.15"
"10","013","00","001","0143","0084","549","342","207","28","577","1039","0","55.53","32.92"
"10","013","00","001","0144","0000","727","437","290","67","794","1485","0","53.47","29.43"
"10","013","00","001","0144","0085","727","437","290","67","794","1485","0","53.47","29.43"
"10","013","00","001","0145","0000","566","333","233","33","599","1119","0","53.53","29.76"
"10","013","00","001","0145","0080","566","333","233","33","599","1119","0","53.53","29.76"
"10","013","00","001","0146","0000","953","593","360","77","1030","1770","0","58.19","33.5"
"10","013","00","001","0146","0081","455","301","154","23","478","847","0","56.43","35.54"
"10","013","00","001","0146","0082","498","292","206","54","552","923","0","59.8","31.64"
"10","013","00","001","0147","0000","139","80","59","7","146","391","0","37.34","20.46"
"10","013","00","001","0147","0060","139","80","59","7","146","391","0","37.34","20.46"
"10","013","00","001","0148","0000","119","78","41","3","122","231","0","52.81","33.77"
"10","013","00","001","0148","0063","119","78","41","3","122","231","0","52.81","33.77"
"10","013","00","001","0149","0000","990","586","404","105","1095","1998","0","54.8","29.33"
"10","013","00","001","0149","0064","475","291","184","55","530","945","0","56.08","30.79"
"10","013","00","001","0149","0065","515","295","220","50","565","1053","0","53.66","28.02"
"10","013","00","001","0150","0000","497","296","201","40","537","1043","0","51.49","28.38"
"10","013","00","001","0150","0066","497","296","201","40","537","1043","0","51.49","28.38"
"10","013","00","001","0151","0000","661","378","283","23","684","1205","0","56.76","31.37"
"10","013","00","001","0151","0071","661","378","283","23","684","1205","0","56.76","31.37"
"10","013","00","001","0153","0000","4256","2613","1643","197","4453","8175","0","54.47","31.96"
"10","013","00","001","0153","0052","657","403","254","32","689","1253","0","54.99","32.16"
"10","013","00","001","0153","0053","683","426","257","33","716","1315","0","54.45","32.4"
"10","013","00","001","0153","0054","695","401","294","32","727","1425","0","51.02","28.14"
"10","013","00","001","0153","0055","715","446","269","27","742","1423","0","52.14","31.34"
"10","013","00","001","0153","0056","749","487","262","41","790","1400","0","56.43","34.79"
"10","013","00","001","0153","0057","757","450","307","32","789","1359","0","58.06","33.11"
"10","013","00","001","0154","0000","1355","846","509","124","1479","2922","0","50.62","28.95"
"10","013","00","001","0154","0069","678","426","252","74","752","1468","0","51.23","29.02"
"10","013","00","001","0154","0070","677","420","257","50","727","1454","0","50.0","28.89"
"10","013","00","001","0155","0000","2012","1217","795","97","2109","3996","0","52.78","30.46"
"10","013","00","001","0155","0049","598","335","263","32","630","1247","0","50.52","26.86"
"10","013","00","001","0155","0050","694","416","278","42","736","1446","0","50.9","28.77"
"10","013","00","001","0155","0051","720","466","254","23","743","1303","0","57.02","35.76"
"10","013","00","001","0156","0000","944","576","368","74","1018","1937","0","52.56","29.74"
"10","013","00","001","0156","0067","503","315","188","56","559","1061","0","52.69","29.69"
"10","013","00","001","0156","0068","441","261","180","18","459","876","0","52.4","29.79"
"10","013","00","001","0157","0000","152","85","67","16","168","328","0","51.22","25.91"
"10","013","00","001","0157","0062","152","85","67","16","168","328","0","51.22","25.91"
"10","013","00","001","0158","0000","106","76","30","11","117","200","0","58.5","38.0"
"10","013","00","001","0158","0061","106","76","30","11","117","200","0","58.5","38.0"
"10","013","00","001","0159","0000","928","578","350","48","976","1722","0","56.68","33.57"
"10","013","00","001","0159","0122","435","291","144","31","466","853","0","54.63","34.11"
"10","013","00","001","0159","0123","493","287","206","17","510","869","0","58.69","33.03"
"10","013","00","001","0160","0000","2527","1552","975","112","2639","4870","0","54.19","31.87"
"10","013","00","001","0160","0124","635","389","246","35","670","1169","0","57.31","33.28"
"10","013","00","001","0160","0125","570","377","193","26","596","1058","0","56.33","35.63"
"10","013","00","001","0160","0126","644","392","252","26","670","1344","0","49.85","29.17"
"10","013","00","001","0160","0127","678","394","284","25","703","1299","0","54.12","30.33"
"10","013","00","001","0161","0000","415","263","152","14","429","744","0","57.66","35.35"
"10","013","00","001","0161","0143","415","263","152","14","429","744","0","57.66","35.35"
"10","013","00","001","0162","0000","360","218","142","11","371","678","0","54.72","32.15"
"10","013","00","001","0162","0144","360","218","142","11","371","678","0","54.72","32.15"
"10","013","00","001","0163","0000","388","229","159","18","406","681","0","59.62","33.63"
"10","013","00","001","0163","0145","388","229","159","18","406","681","0","59.62","33.63"
"10","013","00","001","0164","0000","2342","1430","912","84","2426","4705","0","51.56","30.39"
"10","013","00","001","0164","0140","785","441","344","38","823","1491","0","55.2","29.58"
"10","013","00","001","0164","0141","664","431","233","25","689","1411","0","48.83","30.55"
"10","013","00","001","0164","0142","893","558","335","21","914","1803","0","50.69","30.95"
"10","013","00","001","0165","0000","2468","1535","933","88","2556","5541","0","46.13","27.7"
"10","013","00","001","0165","0118","515","319","196","14","529","1683","0","31.43","18.95"
"10","013","00","001","0165","0119","747","466","281","16","763","1497","0","50.97","31.13"
"10","013","00","001","0165","0120","565","351","214","31","596","1129","0","52.79","31.09"
"10","013","00","001","0165","0121","641","399","242","27","668","1232","0","54.22","32.39"
"10","013","00","001","0166","0000","859","536","323","44","903","1920","0","47.03","27.92"
"10","013","00","001","0166","0113","381","236","145","21","402","821","0","48.96","28.75"
"10","013","00","001","0166","0114","478","300","178","23","501","1099","0","45.59","27.3"
"10","013","00","001","0167","0000","1177","718","459","33","1210","2327","0","52.0","30.86"
"10","013","00","001","0167","0128","606","359","247","6","612","1204","0","50.83","29.82"
"10","013","00","001","0167","0129","571","359","212","27","598","1123","0","53.25","31.97"
"10","013","00","001","0168","0000","1288","812","476","55","1343","2404","0","55.87","33.78"
"10","013","00","001","0168","0138","719","452","267","28","747","1289","0","57.95","35.07"
"10","013","00","001","0168","0139","569","360","209","27","596","1115","0","53.45","32.29"
"10","013","00","001","0169","0000","3143","2045","1098","109","3252","6072","0","53.56","33.68"
"10","013","00","001","0169","0133","580","362","218","24","604","1215","0","49.71","29.79"
"10","013","00","001","0169","0134","708","484","224","21","729","1370","0","53.21","35.33"
"10","013","00","001","0169","0135","644","447","197","16","660","1240","0","53.23","36.05"
"10","013","00","001","0169","0136","642","392","250","24","666","1168","0","57.02","33.56"
"10","013","00","001","0169","0137","569","360","209","24","593","1079","0","54.96","33.36"
"10","013","00","001","0170","0000","1224","744","480","49","1273","2172","0","58.61","34.25"
"10","013","00","001","0170","0148","590","386","204","27","617","1018","0","60.61","37.92"
"10","013","00","001","0170","0149","634","358","276","22","656","1154","0","56.85","31.02"
"10","013","00","001","0171","0000","1028","632","396","66","1094","2082","0","52.55","30.36"
"10","013","00","001","0171","0116","566","349","217","37","603","1167","0","51.67","29.91"
"10","013","00","001","0171","0117","462","283","179","29","491","915","0","53.66","30.93"
"10","013","00","001","0173","0000","5958","3864","2094","180","6138","11833","0","51.87","32.65"
"10","013","00","001","0173","0099","866","595","271","18","884","1707","0","51.79","34.86"
"10","013","00","001","0173","0100","781","475","306","25","806","1637","0","49.24","29.02"
"10","013","00","001","0173","0101","701","452","249","8","709","1459","0","48.59","30.98"
"10","013","00","001","0173","0102","919","595","324","33","952","1759","0","54.12","33.83"
"10","013","00","001","0173","0103","990","653","337","41","1031","1950","0","52.87","33.49"
"10","013","00","001","0173","0104","896","572","324","29","925","1729","0","53.5","33.08"
"10","013","00","001","0173","0105","805","522","283","26","831","1592","0","52.2","32.79"
"10","013","00","001","0174","0000","844","562","282","33","877","1688","0","51.95","33.29"
"10","013","00","001","0174","0115","844","562","282","33","877","1688","0","51.95","33.29"
"10","013","00","001","0175","0000","5630","3664","1966","212","5842","11483","0","50.88","31.91"
"10","013","00","001","0175","0106","664","445","219","27","691","1437","0","48.09","30.97"
"10","013","00","001","0175","0107","601","390","211","25","626","1204","0","51.99","32.39"
"10","013","00","001","0175","0108","709","454","255","30","739","1340","0","55.15","33.88"
"10","013","00","001","0175","0109","694","444","250","25","719","1322","0","54.39","33.59"
"10","013","00","001","0175","0110","710","457","253","39","749","1462","0","51.23","31.26"
"10","013","00","001","0175","0111","1542","1018","524","48","1590","3241","0","49.06","31.41"
"10","013","00","001","0175","0112","710","456","254","18","728","1477","0","49.29","30.87"
"10","013","00","001","0176","0000","608","372","236","26","634","1318","0","48.1","28.22"
"10","013","00","001","0176","0130","608","372","236","26","634","1318","0","48.1","28.22"
"10","013","00","001","0177","0000","479","280","199","35","514","865","0","59.42","32.37"
"10","013","00","001","0177","0131","479","280","199","35","514","865","0","59.42","32.37"
"10","013","00","001","0178","0000","508","313","195","23","531","1100","0","48.27","28.45"
"10","013","00","001","0178","0132","508","313","195","23","531","1100","0","48.27","28.45"
"10","013","00","001","0179","0000","489","310","179","50","539","954","0","56.5","32.49"
"10","013","00","001","0179","0147","489","310","179","50","539","954","0","56.5","32.49"
"10","013","00","001","0180","0000","700","407","293","33","733","1535","0","47.75","26.51"
"10","013","00","001","0180","0146","700","407","293","33","733","1535","0","47.75","26.51"
"10","013","00","001","0181","0000","1484","1000","484","50","1534","2867","0","53.51","34.88"
"10","013","00","001","0181","0058","694","472","222","24","718","1328","0","54.07","35.54"
"10","013","00","001","0181","0059","790","528","262","26","816","1539","0","53.02","34.31"
"10","013","00","002","0000","0000","23234","14538","8696","1257","24491","46444","53924","52.73","31.3"
"10","013","00","002","0201","0000","288","179","109","17","305","504","0","60.52","35.52"
"10","013","00","002","0201","0150","288","179","109","17","305","504","0","60.52","35.52"
"10","013","00","002","0202","0000","349","216","133","30","379","603","0","62.85","35.82"
"10","013","00","002","0202","0154","349","216","133","30","379","603","0","62.85","35.82"
"10","013","00","002","0203","0000","702","428","274","36","738","1245","0","59.28","34.38"
"10","013","00","002","0203","0170","702","428","274","36","738","1245","0","59.28","34.38"
"10","013","00","002","0204","0000","512","316","196","37","549","972","0","56.48","32.51"
"10","013","00","002","0204","0169","512","316","196","37","549","972","0","56.48","32.51"
"10","013","00","002","0205","0000","2267","1421","846","80","2347","4759","0","49.32","29.86"
"10","013","00","002","0205","0151","786","512","274","32","818","1711","0","47.81","29.92"
"10","013","00","002","0205","0152","830","495","335","20","850","1634","0","52.02","30.29"
"10","013","00","002","0205","0153","651","414","237","28","679","1414","0","48.02","29.28"
"10","013","00","002","0206","0000","446","262","184","44","490","896","0","54.69","29.24"
"10","013","00","002","0206","0155","446","262","184","44","490","896","0","54.69","29.24"
"10","013","00","002","0207","0000","2742","1926","816","134","2876","5309","0","54.17","36.28"
"10","013","00","002","0207","0156","644","418","226","27","671","1285","0","52.22","32.53"
"10","013","00","002","0207","0157","832","722","110","37","869","1744","0","49.83","41.4"
"10","013","00","002","0207","0158","591","359","232","31","622","1071","0","58.08","33.52"
"10","013","00","002","0207","0159","675","427","248","39","714","1209","0","59.06","35.32"
"10","013","00","002","0208","0000","3345","2014","1331","168","3513","6490","0","54.13","31.03"
"10","013","00","002","0208","0160","590","357","233","29","619","1159","0","53.41","30.8"
"10","013","00","002","0208","0161","627","368","259","39","666","1296","0","51.39","28.4"
"10","013","00","002","0208","0162","762","492","270","29","791","1466","0","53.96","33.56"
"10","013","00","002","0208","0163","623","392","231","31","654","1130","0","57.88","34.69"
"10","013","00","002","0208","0164","743","405","338","40","783","1439","0","54.41","28.14"
"10","013","00","002","0209","0000","1158","724","434","76","1234","2122","0","58.15","34.12"
"10","013","00","002","0209","0165","476","294","182","51","527","897","0","58.75","32.78"
"10","013","00","002","0209","0166","682","430","252","25","707","1225","0","57.71","35.1"
"10","013","00","002","0210","0000","711","455","256","44","755","1415","0","53.36","32.16"
"10","013","00","002","0210","0171","711","455","256","44","755","1415","0","53.36","32.16"
"10","013","00","002","0211","0000","1017","643","374","38","1055","2313","0","45.61","27.8"
"10","013","00","002","0211","0172","587","373","214","17","604","1255","0","48.13","29.72"
"10","013","00","002","0211","0173","430","270","160","21","451","1058","0","42.63","25.52"
"10","013","00","002","0212","0000","1162","684","478","64","1226","2270","0","54.01","30.13"
"10","013","00","002","0212","0174","586","303","283","28","614","1187","0","51.73","25.53"
"10","013","00","002","0212","0175","576","381","195","36","612","1083","0","56.51","35.18"
"10","013","00","002","0213","0000","3560","2188","1372","140","3700","7022","0","52.69","31.16"
"10","013","00","002","0213","0176","748","471","277","33","781","1590","0","49.12","29.62"
"10","013","00","002","0213","0177","814","494","320","37","851","1543","0","55.15","32.02"
"10","013","00","002","0213","0178","779","480","299","34","813","1631","0","49.85","29.43"
"10","013","00","002","0213","0179","615","378","237","19","634","1159","0","54.7","32.61"
"10","013","00","002","0213","0180","604","365","239","17","621","1099","0","56.51","33.21"
"10","013","00","002","0214","0000","559","347","212","41","600","1200","0","50.0","28.92"
"10","013","00","002","0214","0181","559","347","212","41","600","1200","0","50.0","28.92"
"10","013","00","002","0215","0000","658","415","243","46","704","1391","0","50.61","29.83"
"10","013","00","002","0215","0182","658","415","243","46","704","1391","0","50.61","29.83"
"10","013","00","002","0216","0000","468","295","173","48","516","881","0","58.57","33.48"
"10","013","00","002","0216","0183","468","295","173","48","516","881","0","58.57","33.48"
"10","013","00","002","0217","0000","215","146","69","17","232","454","0","51.1","32.16"
"10","013","00","002","0217","0184","215","146","69","17","232","454","0","51.1","32.16"
"10","013","00","002","0218","0000","750","433","317","57","807","1639","0","49.24","26.42"
"10","013","00","002","0218","0167","553","323","230","34","587","1158","0","50.69","27.89"
"10","013","00","002","0218","0168","197","110","87","23","220","481","0","45.74","22.87"
"10","013","00","002","0219","0000","867","550","317","43","910","1658","0","54.89","33.17"
"10","013","00","002","0219","0185","867","550","317","43","910","1658","0","54.89","33.17"
"10","013","00","002","0220","0000","822","508","314","39","861","1770","0","48.64","28.7"
"10","013","00","002","0220","0186","409","257","152","17","426","822","0","51.82","31.27"
"10","013","00","002","0220","0187","413","251","162","22","435","948","0","45.89","26.48"
"10","013","00","002","0221","0000","636","388","248","58","694","1531","0","45.33","25.34"
"10","013","00","002","0221","0188","464","278","186","39","503","1194","0","42.13","23.28"
"10","013","00","002","0221","0189","172","110","62","19","191","337","0","56.68","32.64"
"10","013","00","003","0000","0000","19642","11765","7877","1502","21144","39495","47654","53.54","29.79"
"10","013","00","003","0301","0000","1164","770","394","72","1236","2051","0","60.26","37.54"
"10","013","00","003","0301","0190","559","369","190","34","593","981","0","60.45","37.61"
"10","013","00","003","0301","0191","605","401","204","38","643","1070","0","60.09","37.48"
"10","013","00","003","0302","0000","320","215","105","27","347","527","0","65.84","40.8"
"10","013","00","003","0302","0192","320","215","105","27","347","527","0","65.84","40.8"
"10","013","00","003","0303","0000","226","137","89","20","246","395","0","62.28","34.68"
"10","013","00","003","0303","0193","226","137","89","20","246","395","0","62.28","34.68"
"10","013","00","003","0304","0000","318","189","129","20","338","659","0","51.29","28.68"
"10","013","00","003","0304","0194","318","189","129","20","338","659","0","51.29","28.68"
"10","013","00","003","0305","0000","264","159","105","23","287","513","0","55.95","30.99"
"10","013","00","003","0305","0195","264","159","105","23","287","513","0","55.95","30.99"
"10","013","00","003","0306","0000","371","210","161","20","391","695","0","56.26","30.22"
"10","013","00","003","0306","0203","371","210","161","20","391","695","0","56.26","30.22"
"10","013","00","003","0307","0000","873","537","336","79","952","1643","0","57.94","32.68"
"10","013","00","003","0307","0204","600","366","234","60","660","1076","0","61.34","34.01"
"10","013","00","003","0307","0205","273","171","102","19","292","567","0","51.5","30.16"
"10","013","00","003","0308","0000","410","252","158","27","437","806","0","54.22","31.27"
"10","013","00","003","0308","0206","410","252","158","27","437","806","0","54.22","31.27"
"10","013","00","003","0309","0000","646","420","226","41","687","1227","0","55.99","34.23"
"10","013","00","003","0309","0207","646","420","226","41","687","1227","0","55.99","34.23"
"10","013","00","003","0310","0000","276","171","105","51","327","599","0","54.59","28.55"
"10","013","00","003","0310","0208","276","171","105","51","327","599","0","54.59","28.55"
"10","013","00","003","0311","0000","540","344","196","40","580","1354","0","42.84","25.41"
"10","013","00","003","0311","0209","540","344","196","40","580","1354","0","42.84","25.41"
"10","013","00","003","0312","0000","908","535","373","117","1025","1841","0","55.68","29.06"
"10","013","00","003","0312","0210","351","210","141","39","390","734","0","53.13","28.61"
"10","013","00","003","0312","0211","557","325","232","78","635","1107","0","57.36","29.36"
"10","013","00","003","0313","0000","1283","794","489","132","1415","2812","0","50.32","28.24"
"10","013","00","003","0313","0212","539","350","189","56","595","1198","0","49.67","29.22"
"10","013","00","003","0313","0213","744","444","300","76","820","1614","0","50.81","27.51"
"10","013","00","003","0314","0000","880","511","369","66","946","1738","0","54.43","29.4"
"10","013","00","003","0314","0214","397","221","176","29","426","826","0","51.57","26.76"
"10","013","00","003","0314","0215","483","290","193","37","520","912","0","57.02","31.8"
"10","013","00","003","0315","0000","801","509","292","97","898","1636","0","54.89","31.11"
"10","013","00","003","0315","0216","196","132","64","28","224","432","0","51.85","30.56"
"10","013","00","003","0315","0217","605","377","228","69","674","1204","0","55.98","31.31"
"10","013","00","003","0316","0000","2635","1591","1044","162","2797","5318","0","52.59","29.92"
"10","013","00","003","0316","0218","675","416","259","51","726","1304","0","55.67","31.9"
"10","013","00","003","0316","0219","704","402","302","46","750","1317","0","56.95","30.52"
"10","013","00","003","0316","0220","681","433","248","28","709","1387","0","51.12","31.22"
"10","013","00","003","0316","0221","575","340","235","37","612","1310","0","46.72","25.95"
"10","013","00","003","0317","0000","914","524","390","77","991","1994","0","49.7","26.28"
"10","013","00","003","0317","0222","577","343","234","41","618","1228","0","50.33","27.93"
"10","013","00","003","0317","0223","337","181","156","36","373","766","0","48.69","23.63"
"10","013","00","003","0318","0000","750","420","330","60","810","1578","0","51.33","26.62"
"10","013","00","003","0318","0224","447","239","208","45","492","823","0","59.78","29.04"
"10","013","00","003","0318","0225","303","181","122","15","318","755","0","42.12","23.97"
"10","013","00","003","0319","0000","4535","2565","1970","246","4781","8957","0","53.38","28.64"
"10","013","00","003","0319","0196","852","326","526","44","896","1732","0","51.73","18.82"
"10","013","00","003","0319","0197","915","531","384","40","955","1779","0","53.68","29.85"
"10","013","00","003","0319","0198","609","382","227","33","642","1270","0","50.55","30.08"
"10","013","00","003","0319","0199","670","400","270","32","702","1327","0","52.9","30.14"
"10","013","00","003","0319","0200","661","405","256","37","698","1242","0","56.2","32.61"
"10","013","00","003","0319","0201","828","521","307","60","888","1607","0","55.26","32.42"
"10","013","00","003","0320","0000","622","380","242","28","650","1305","0","49.81","29.12"
"10","013","00","003","0320","0202","622","380","242","28","650","1305","0","49.81","29.12"
"10","013","00","003","0321","0000","557","309","248","71","628","1094","0","57.4","28.24"
"10","013","00","003","0321","0226","557","309","248","71","628","1094","0","57.4","28.24"
"10","013","00","003","0322","0000","349","223","126","26","375","753","0","49.8","29.61"
"10","013","00","003","0322","0227","349","223","126","26","375","753","0","49.8","29.61"
"10","013","00","004","0000","0000","11337","6419","4918","776","12113","25661","30812","47.2","25.01"
"10","013","00","004","0401","0000","430","253","177","20","450","902","0","49.89","28.05"
"10","013","00","004","0401","0228","430","253","177","20","450","902","0","49.89","28.05"
"10","013","00","004","0402","0000","1119","614","505","68","1187","2249","0","52.78","27.3"
"10","013","00","004","0402","0229","522","289","233","32","554","969","0","57.17","29.82"
"10","013","00","004","0402","0230","597","325","272","36","633","1280","0","49.45","25.39"
"10","013","00","004","0403","0000","577","331","246","36","613","1133","0","54.1","29.21"
"10","013","00","004","0403","0231","577","331","246","36","613","1133","0","54.1","29.21"
"10","013","00","004","0404","0000","1850","1101","749","107","1957","4159","0","47.05","26.47"
"10","013","00","004","0404","0246","695","414","281","32","727","1505","0","48.31","27.51"
"10","013","00","004","0404","0247","494","290","204","26","520","1111","0","46.8","26.1"
"10","013","00","004","0404","0248","661","397","264","49","710","1543","0","46.01","25.73"
"10","013","00","004","0405","0000","1221","683","538","59","1280","3037","0","42.15","22.49"
"10","013","00","004","0405","0232","644","362","282","14","658","1552","0","42.4","23.32"
"10","013","00","004","0405","0233","577","321","256","45","622","1485","0","41.89","21.62"
"10","013","00","004","0406","0000","449","234","215","32","481","896","0","53.68","26.12"
"10","013","00","004","0406","0234","449","234","215","32","481","896","0","53.68","26.12"
"10","013","00","004","0407","0000","229","112","117","21","250","531","0","47.08","21.09"
"10","013","00","004","0407","0235","229","112","117","21","250","531","0","47.08","21.09"
"10","013","00","004","0408","0000","218","124","94","8","226","478","0","47.28","25.94"
"10","013","00","004","0408","0236","218","124","94","8","226","478","0","47.28","25.94"
"10","013","00","004","0409","0000","444","261","183","45","489","1020","0","47.94","25.59"
"10","013","00","004","0409","0237","444","261","183","45","489","1020","0","47.94","25.59"
"10","013","00","004","0410","0000","431","203","228","20","451","924","0","48.81","21.97"
"10","013","00","004","0410","0238","431","203","228","20","451","924","0","48.81","21.97"
"10","013","00","004","0411","0000","448","231","217","22","470","1079","0","43.56","21.41"
"10","013","00","004","0411","0239","448","231","217","22","470","1079","0","43.56","21.41"
"10","013","00","004","0412","0000","710","423","287","62","772","1588","0","48.61","26.64"
"10","013","00","004","0412","0240","307","190","117","22","329","775","0","42.45","24.52"
"10","013","00","004","0412","0241","403","233","170","40","443","813","0","54.49","28.66"
"10","013","00","004","0413","0000","951","558","393","78","1029","2214","0","46.48","25.2"
"10","013","00","004","0413","0242","493","308","185","36","529","1104","0","47.92","27.9"
"10","013","00","004","0413","0243","458","250","208","42","500","1110","0","45.05","22.52"
"10","013","00","004","0414","0000","496","264","232","52","548","1400","0","39.14","18.86"
"10","013","00","004","0414","0244","257","136","121","40","297","692","0","42.92","19.65"
"10","013","00","004","0414","0245","239","128","111","12","251","708","0","35.45","18.08"
"10","013","00","004","0415","0000","730","418","312","58","788","1672","0","47.13","25.0"
"10","013","00","004","0415","0249","325","191","134","18","343","828","0","41.43","23.07"
"10","013","00","004","0415","0250","405","227","178","40","445","844","0","52.73","26.9"
"10","013","00","004","0416","0000","560","329","231","49","609","1253","0","48.6","26.26"
"10","013","00","004","0416","0251","560","329","231","49","609","1253","0","48.6","26.26"
"10","013","00","004","0417","0000","474","280","194","39","513","1126","0","45.56","24.87"
"10","013","00","004","0417","0252","474","280","194","39","513","1126","0","45.56","24.87"
"10","013","00","005","0000","0000","21891","13536","8355","1574","23465","43478","50595","53.97","31.13"
"10","013","00","005","0501","0000","364","224","140","17","381","595","0","64.03","37.65"
"10","013","00","005","0501","0267","364","224","140","17","381","595","0","64.03","37.65"
"10","013","00","005","0502","0000","463","304","159","27","490","847","0","57.85","35.89"
"10","013","00","005","0502","0262","463","304","159","27","490","847","0","57.85","35.89"
"10","013","00","005","0503","0000","1716","1056","660","107","1823","3458","0","52.72","30.54"
"10","013","00","005","0503","0263","561","335","226","34","595","1149","0","51.78","29.16"
"10","013","00","005","0503","0264","584","369","215","34","618","1131","0","54.64","32.63"
"10","013","00","005","0503","0265","571","352","219","39","610","1178","0","51.78","29.88"
"10","013","00","005","0504","0000","409","229","180","19","428","711","0","60.2","32.21"
"10","013","00","005","0504","0266","409","229","180","19","428","711","0","60.2","32.21"
"10","013","00","005","0505","0000","765","468","297","46","811","1403","0","57.8","33.36"
"10","013","00","005","0505","0268","765","468","297","46","811","1403","0","57.8","33.36"
"10","013","00","005","0506","0000","1161","721","440","71","1232","2252","0","54.71","32.02"
"10","013","00","005","0506","0269","544","341","203","24","568","1094","0","51.92","31.17"
"10","013","00","005","0506","0270","617","380","237","47","664","1158","0","57.34","32.82"
"10","013","00","005","0507","0000","1115","692","423","83","1198","2025","0","59.16","34.17"
"10","013","00","005","0507","0271","555","342","213","48","603","963","0","62.62","35.51"
"10","013","00","005","0507","0272","560","350","210","35","595","1062","0","56.03","32.96"
"10","013","00","005","0508","0000","821","542","279","64","885","1684","0","52.55","32.19"
"10","013","00","005","0508","0273","821","542","279","64","885","1684","0","52.55","32.19"
"10","013","00","005","0509","0000","1259","819","440","84","1343","2250","0","59.69","36.4"
"10","013","00","005","0509","0290","577","356","221","51","628","1023","0","61.39","34.8"
"10","013","00","005","0509","0291","682","463","219","33","715","1227","0","58.27","37.73"
"10","013","00","005","0510","0000","543","332","211","32","575","976","0","58.91","34.02"
"10","013","00","005","0510","0275","543","332","211","32","575","976","0","58.91","34.02"
"10","013","00","005","0511","0000","866","455","411","82","948","1860","0","50.97","24.46"
"10","013","00","005","0511","0276","503","306","197","56","559","1013","0","55.18","30.21"
"10","013","00","005","0511","0277","363","149","214","26","389","847","0","45.93","17.59"
"10","013","00","005","0512","0000","820","510","310","92","912","1570","0","58.09","32.48"
"10","013","00","005","0512","0278","820","510","310","92","912","1570","0","58.09","32.48"
"10","013","00","005","0513","0000","644","410","234","57","701","1411","0","49.68","29.06"
"10","013","00","005","0513","0279","644","410","234","57","701","1411","0","49.68","29.06"
"10","013","00","005","0514","0000","410","262","148","38","448","804","0","55.72","32.59"
"10","013","00","005","0514","0282","410","262","148","38","448","804","0","55.72","32.59"
"10","013","00","005","0515","0000","650","372","278","55","705","1284","0","54.91","28.97"
"10","013","00","005","0515","0283","650","372","278","55","705","1284","0","54.91","28.97"
"10","013","00","005","0516","0000","673","421","252","35","708","1430","0","49.51","29.44"
"10","013","00","005","0516","0284","673","421","252","35","708","1430","0","49.51","29.44"
"10","013","00","005","0517","0000","560","333","227","42","602","960","0","62.71","34.69"
"10","013","00","005","0517","0285","560","333","227","42","602","960","0","62.71","34.69"
"10","013","00","005","0518","0000","1030","636","394","101","1131","1944","0","58.18","32.72"
"10","013","00","005","0518","0286","443","272","171","40","483","786","0","61.45","34.61"
"10","013","00","005","0518","0287","587","364","223","61","648","1158","0","55.96","31.43"
"10","013","00","005","0519","0000","720","439","281","58","778","1666","0","46.7","26.35"
"10","013","00","005","0519","0289","720","439","281","58","778","1666","0","46.7","26.35"
"10","013","00","005","0520","0000","663","403","260","58","721","1647","0","43.78","24.47"
"10","013","00","005","0520","0288","663","403","260","58","721","1647","0","43.78","24.47"
"10","013","00","005","0521","0000","812","491","321","33","845","1702","0","49.65","28.85"
"10","013","00","005","0521","0274","812","491","321","33","845","1702","0","49.65","28.85"
"10","013","00","005","0522","0000","979","603","376","78","1057","2096","0","50.43","28.77"
"10","013","00","005","0522","0254","524","325","199","47","571","1147","0","49.78","28.33"
"10","013","00","005","0522","0255","455","278","177","31","486","949","0","51.21","29.29"
"10","013","00","005","0523","0000","653","415","238","31","684","1527","0","44.79","27.18"
"10","013","00","005","0523","0253","653","415","238","31","684","1527","0","44.79","27.18"
"10","013","00","005","0524","0000","551","351","200","55","606","1046","0","57.93","33.56"
"10","013","00","005","0524","0280","551","351","200","55","606","1046","0","57.93","33.56"
"10","013","00","005","0525","0000","942","613","329","45","987","2012","0","49.06","30.47"
"10","013","00","005","0525","0256","456","293","163","27","483","990","0","48.79","29.6"
"10","013","00","005","0525","0257","486","320","166","18","504","1022","0","49.32","31.31"
"10","013","00","005","0526","0000","676","384","292","33","709","1385","0","51.19","27.73"
"10","013","00","005","0526","0281","676","384","292","33","709","1385","0","51.19","27.73"
"10","013","00","005","0527","0000","651","432","219","37","688","1159","0","59.36","37.27"
"10","013","00","005","0527","0259","651","432","219","37","688","1159","0","59.36","37.27"
"10","013","00","005","0528","0000","458","276","182","47","505","837","0","60.33","32.97"
"10","013","00","005","0528","0260","458","276","182","47","505","837","0","60.33","32.97"
"10","013","00","005","0529","0000","339","218","121","32","371","545","0","68.07","40.0"
"10","013","00","005","0529","0258","339","218","121","32","371","545","0","68.07","40.0"
"10","013","00","005","0530","0000","178","125","53","15","193","392","0","49.23","31.89"
"10","013","00","005","0530","0261","178","125","53","15","193","392","0","49.23","31.89"
"10","013","00","006","0000","0000","13495","8236","5259","958","14453","26256","29714","55.05","31.37"
"10","013","00","006","0601","0000","1368","850","518","91","1459","2632","0","55.43","32.29"
"10","013","00","006","0601","0292","534","330","204","39","573","1018","0","56.29","32.42"
"10","013","00","006","0601","0293","834","520","314","52","886","1614","0","54.89","32.22"
"10","013","00","006","0602","0000","1914","1174","740","105","2019","3555","0","56.79","33.02"
"10","013","00","006","0602","0294","1008","604","404","50","1058","1848","0","57.25","32.68"
"10","013","00","006","0602","0295","906","570","336","55","961","1707","0","56.3","33.39"
"10","013","00","006","0603","0000","1060","652","408","66","1126","1961","0","57.42","33.25"
"10","013","00","006","0603","0296","528","334","194","24","552","972","0","56.79","34.36"
"10","013","00","006","0603","0297","532","318","214","42","574","989","0","58.04","32.15"
"10","013","00","006","0604","0000","1262","718","544","80","1342","2548","0","52.67","28.18"
"10","013","00","006","0604","0298","419","244","175","26","445","735","0","60.54","33.2"
"10","013","00","006","0604","0299","843","474","369","54","897","1813","0","49.48","26.14"
"10","013","00","006","0605","0000","614","359","255","37","651","1073","0","60.67","33.46"
"10","013","00","006","0605","0300","614","359","255","37","651","1073","0","60.67","33.46"
"10","013","00","006","0606","0000","481","300","181","34","515","884","0","58.26","33.94"
"10","013","00","006","0606","0305","481","300","181","34","515","884","0","58.26","33.94"
"10","013","00","006","0607","0000","589","365","224","37","626","1090","0","57.43","33.49"
"10","013","00","006","0607","0306","589","365","224","37","626","1090","0","57.43","33.49"
"10","013","00","006","0608","0000","766","474","292","61","827","1492","0","55.43","31.77"
"10","013","00","006","0608","0304","766","474","292","61","827","1492","0","55.43","31.77"
"10","013","00","006","0609","0000","831","506","325","49","880","1654","0","53.2","30.59"
"10","013","00","006","0609","0301","831","506","325","49","880","1654","0","53.2","30.59"
"10","013","00","006","0610","0000","547","366","181","39","586","1205","0","48.63","30.37"
"10","013","00","006","0610","0302","547","366","181","39","586","1205","0","48.63","30.37"
"10","013","00","006","0611","0000","399","222","177","35","434","758","0","57.26","29.29"
"10","013","00","006","0611","0303","399","222","177","35","434","758","0","57.26","29.29"
"10","013","00","006","0612","0000","1173","729","444","82","1255","2401","0","52.27","30.36"
"10","013","00","006","0612","0311","637","392","245","66","703","1242","0","56.6","31.56"
"10","013","00","006","0612","0312","536","337","199","16","552","1159","0","47.63","29.08"
"10","013","00","006","0613","0000","892","564","328","110","1002","1770","0","56.61","31.86"
"10","013","00","006","0613","0308","426","268","158","40","466","845","0","55.15","31.72"
"10","013","00","006","0613","0309","466","296","170","70","536","925","0","57.95","32.0"
"10","013","00","006","0614","0000","617","354","263","80","697","1422","0","49.02","24.89"
"10","013","00","006","0614","0307","617","354","263","80","697","1422","0","49.02","24.89"
"10","013","00","006","0615","0000","611","374","237","22","633","1138","0","55.62","32.86"
"10","013","00","006","0615","0310","611","374","237","22","633","1138","0","55.62","32.86"
"10","013","00","006","0616","0000","371","229","142","30","401","673","0","59.58","34.03"
"10","013","00","006","0616","0313","371","229","142","30","401","673","0","59.58","34.03"
"10","013","00","007","0000","0000","5545","3544","2001","321","5866","9970","11068","58.84","35.55"
"10","013","00","007","0701","0000","1223","866","357","64","1287","2174","0","59.2","39.83"
"10","013","00","007","0701","0314","417","236","181","32","449","788","0","56.98","29.95"
"10","013","00","007","0701","0315","806","630","176","32","838","1386","0","60.46","45.45"
"10","013","00","007","0702","0000","553","321","232","34","587","957","0","61.34","33.54"
"10","013","00","007","0702","0316","553","321","232","34","587","957","0","61.34","33.54"
"10","013","00","007","0703","0000","894","526","368","62","956","1537","0","62.2","34.22"
"10","013","00","007","0703","0317","420","241","179","32","452","731","0","61.83","32.97"
"10","013","00","007","0703","0318","474","285","189","30","504","806","0","62.53","35.36"
"10","013","00","007","0704","0000","1357","793","564","85","1442","2547","0","56.62","31.13"
"10","013","00","007","0704","0319","608","358","250","17","625","1207","0","51.78","29.66"
"10","013","00","007","0704","0320","749","435","314","68","817","1340","0","60.97","32.46"
"10","013","00","007","0705","0000","711","529","182","40","751","1221","0","61.51","43.33"
"10","013","00","007","0705","0321","711","529","182","40","751","1221","0","61.51","43.33"
"10","013","00","007","0706","0000","463","293","170","23","486","851","0","57.11","34.43"
"10","013","00","007","0706","0322","463","293","170","23","486","851","0","57.11","34.43"
"10","013","00","007","0707","0000","344","216","128","13","357","683","0","52.27","31.63"
"10","013","00","007","0707","0323","344","216","128","13","357","683","0","52.27","31.63"
"10","013","00","008","0000","0000","9471","5776","3695","895","10366","19132","22095","54.18","30.19"
"10","013","00","008","0801","0000","781","462","319","55","836","1491","0","56.07","30.99"
"10","013","00","008","0801","0324","781","462","319","55","836","1491","0","56.07","30.99"
"10","013","00","008","0802","0000","698","410","288","42","740","1375","0","53.82","29.82"
"10","013","00","008","0802","0325","698","410","288","42","740","1375","0","53.82","29.82"
"10","013","00","008","0803","0000","793","479","314","56","849","1678","0","50.6","28.55"
"10","013","00","008","0803","0326","793","479","314","56","849","1678","0","50.6","28.55"
"10","013","00","008","0804","0000","441","305","136","40","481","1276","0","37.7","23.9"
"10","013","00","008","0804","0328","441","305","136","40","481","1276","0","37.7","23.9"
"10","013","00","008","0805","0000","617","364","253","68","685","1166","0","58.75","31.22"
"10","013","00","008","0805","0327","617","364","253","68","685","1166","0","58.75","31.22"
"10","013","00","008","0806","0000","750","421","329","89","839","1600","0","52.44","26.31"
"10","013","00","008","0806","0334","750","421","329","89","839","1600","0","52.44","26.31"
"10","013","00","008","0807","0000","922","555","367","117","1039","1792","0","57.98","30.97"
"10","013","00","008","0807","0336","922","555","367","117","1039","1792","0","57.98","30.97"
"10","013","00","008","0808","0000","635","390","245","50","685","1248","0","54.89","31.25"
"10","013","00","008","0808","0335","635","390","245","50","685","1248","0","54.89","31.25"
"10","013","00","008","0809","0000","721","441","280","94","815","1482","0","54.99","29.76"
"10","013","00","008","0809","0337","721","441","280","94","815","1482","0","54.99","29.76"
"10","013","00","008","0810","0000","2211","1373","838","204","2415","4414","0","54.71","31.11"
"10","013","00","008","0810","0331","356","234","122","43","399","649","0","61.48","36.06"
"10","013","00","008","0810","0332","1000","618","382","96","1096","1999","0","54.83","30.92"
"10","013","00","008","0810","0333","855","521","334","65","920","1766","0","52.1","29.5"
"10","013","00","008","0811","0000","902","576","326","80","982","1610","0","60.99","35.78"
"10","013","00","008","0811","0329","549","353","196","36","585","1033","0","56.63","34.17"
"10","013","00","008","0811","0330","353","223","130","44","397","577","0","68.8","38.65"
"10","013","00","009","0000","0000","11309","6740","4569","985","12294","22128","26092","55.56","30.46"
"10","013","00","009","0901","0000","1578","976","602","125","1703","3032","0","56.17","32.19"
"10","013","00","009","0901","0338","845","533","312","70","915","1552","0","58.96","34.34"
"10","013","00","009","0901","0339","733","443","290","55","788","1480","0","53.24","29.93"
"10","013","00","009","0902","0000","638","385","253","35","673","1127","0","59.72","34.16"
"10","013","00","009","0902","0342","638","385","253","35","673","1127","0","59.72","34.16"
"10","013","00","009","0903","0000","461","270","191","38","499","845","0","59.05","31.95"
"10","013","00","009","0903","0343","461","270","191","38","499","845","0","59.05","31.95"
"10","013","00","009","0904","0000","630","376","254","47","677","1282","0","52.81","29.33"
"10","013","00","009","0904","0344","630","376","254","47","677","1282","0","52.81","29.33"
"10","013","00","009","0905","0000","1074","632","442","95","1169","2012","0","58.1","31.41"
"10","013","00","009","0905","0345","526","318","208","44","570","981","0","58.1","32.42"
"10","013","00","009","0905","0346","548","314","234","51","599","1031","0","58.1","30.46"
"10","013","00","009","0906","0000","747","416","331","120","867","1423","0","60.93","29.23"
"10","013","00","009","0906","0347","747","416","331","120","867","1423","0","60.93","29.23"
"10","013","00","009","0907","0000","660","383","277","34","694","1534","0","45.24","24.97"
"10","013","00","009","0907","0340","660","383","277","34","694","1534","0","45.24","24.97"
"10","013","00","009","0908","0000","804","492","312","51","855","1578","0","54.18","31.18"
"10","013","00","009","0908","0341","804","492","312","51","855","1578","0","54.18","31.18"
"10","013","00","009","0909","0000","787","476","311","98","885","1566","0","56.51","30.4"
"10","013","00","009","0909","0348","167","113","54","13","180","363","0","49.59","31.13"
"10","013","00","009","0909","0349","620","363","257","85","705","1203","0","58.6","30.17"
"10","013","00","009","0910","0000","1268","722","546","103","1371","2411","0","56.86","29.95"
"10","013","00","009","0910","0350","582","331","251","57","639","1027","0","62.22","32.23"
"10","013","00","009","0910","0351","686","391","295","46","732","1384","0","52.89","28.25"
"10","013","00","009","0911","0000","1027","654","373","67","1094","2034","0","53.79","32.15"
"10","013","00","009","0911","0352","730","453","277","56","786","1512","0","51.98","29.96"
"10","013","00","009","0911","0353","297","201","96","11","308","522","0","59.0","38.51"
"10","013","00","009","0912","0000","879","503","376","109","988","1829","0","54.02","27.5"
"10","013","00","009","0912","0354","412","242","170","47","459","822","0","55.84","29.44"
"10","013","00","009","0912","0355","467","261","206","62","529","1007","0","52.53","25.92"
"10","013","00","009","0913","0000","490","296","194","47","537","956","0","56.17","30.96"
"10","013","00","009","0913","0356","490","296","194","47","537","956","0","56.17","30.96"
"10","013","00","009","0914","0000","266","159","107","16","282","499","0","56.51","31.86"
"10","013","00","009","0914","0357","266","159","107","16","282","499","0","56.51","31.86"
"10","013","00","010","0000","0000","10767","6444","4323","873","11640","22402","25740","51.96","28.77"
"10","013","00","010","1001","0000","1473","901","572","126","1599","3148","0","50.79","28.62"
"10","013","00","010","1001","0370","727","431","296","40","767","1598","0","48.0","26.97"
"10","013","00","010","1001","0371","746","470","276","86","832","1550","0","53.68","30.32"
"10","013","00","010","1002","0000","1234","702","532","114","1348","2832","0","47.6","24.79"
"10","013","00","010","1002","0365","656","361","295","56","712","1367","0","52.08","26.41"
"10","013","00","010","1002","0366","578","341","237","58","636","1465","0","43.41","23.28"
"10","013","00","010","1003","0000","903","578","325","53","956","1850","0","51.68","31.24"
"10","013","00","010","1003","0358","477","326","151","29","506","951","0","53.21","34.28"
"10","013","00","010","1003","0359","426","252","174","24","450","899","0","50.06","28.03"
"10","013","00","010","1004","0000","1050","601","449","58","1108","2357","0","47.01","25.5"
"10","013","00","010","1004","0360","455","247","208","23","478","1116","0","42.83","22.13"
"10","013","00","010","1004","0361","595","354","241","35","630","1241","0","50.77","28.53"
"10","013","00","010","1005","0000","842","518","324","75","917","1732","0","52.94","29.91"
"10","013","00","010","1005","0362","366","206","160","41","407","770","0","52.86","26.75"
"10","013","00","010","1005","0363","476","312","164","34","510","962","0","53.01","32.43"
"10","013","00","010","1006","0000","581","361","220","52","633","1041","0","60.81","34.68"
"10","013","00","010","1006","0364","581","361","220","52","633","1041","0","60.81","34.68"
"10","013","00","010","1007","0000","790","432","358","44","834","1852","0","45.03","23.33"
"10","013","00","010","1007","0367","381","208","173","39","420","894","0","46.98","23.27"
"10","013","00","010","1007","0368","409","224","185","5","414","958","0","43.22","23.38"
"10","013","00","010","1008","0000","284","172","112","24","308","553","0","55.7","31.1"
"10","013","00","010","1008","0377","284","172","112","24","308","553","0","55.7","31.1"
"10","013","00","010","1009","0000","435","272","163","60","495","924","0","53.57","29.44"
"10","013","00","010","1009","0369","435","272","163","60","495","924","0","53.57","29.44"
"10","013","00","010","1010","0000","829","494","335","62","891","1619","0","55.03","30.51"
"10","013","00","010","1010","0376","829","494","335","62","891","1619","0","55.03","30.51"
"10","013","00","010","1011","0000","1809","1084","725","147","1956","3510","0","55.73","30.88"
"10","013","00","010","1011","0372","553","355","198","51","604","1127","0","53.59","31.5"
"10","013","00","010","1011","0373","614","362","252","58","672","1150","0","58.43","31.48"
"10","013","00","010","1011","0374","642","367","275","38","680","1233","0","55.15","29.76"
"10","013","00","010","1012","0000","537","329","208","58","595","984","0","60.47","33.43"
"10","013","00","010","1012","0375","537","329","208","58","595","984","0","60.47","33.43"
"10","013","00","011","0000","0000","9793","5804","3989","1003","10796","21697","24444","49.76","26.75"
"10","013","00","011","1101","0000","953","666","287","96","1049","2138","0","49.06","31.15"
"10","013","00","011","1101","0378","489","306","183","66","555","883","0","62.85","34.65"
"10","013","00","011","1101","0379","464","360","104","30","494","1255","0","39.36","28.69"
"10","013","00","011","1102","0000","643","400","243","31","674","1278","0","52.74","31.3"
"10","013","00","011","1102","0380","643","400","243","31","674","1278","0","52.74","31.3"
"10","013","00","011","1103","0000","323","197","126","25","348","738","0","47.15","26.69"
"10","013","00","011","1103","0381","323","197","126","25","348","738","0","47.15","26.69"
"10","013","00","011","1104","0000","266","147","119","12","278","585","0","47.52","25.13"
"10","013","00","011","1104","0382","266","147","119","12","278","585","0","47.52","25.13"
"10","013","00","011","1105","0000","515","313","202","80","595","1012","0","58.79","30.93"
"10","013","00","011","1105","0383","515","313","202","80","595","1012","0","58.79","30.93"
"10","013","00","011","1106","0000","515","294","221","61","576","1148","0","50.17","25.61"
"10","013","00","011","1106","0384","515","294","221","61","576","1148","0","50.17","25.61"
"10","013","00","011","1107","0000","267","144","123","37","304","591","0","51.44","24.37"
"10","013","00","011","1107","0385","267","144","123","37","304","591","0","51.44","24.37"
"10","013","00","011","1108","0000","317","204","113","52","369","786","0","46.95","25.95"
"10","013","00","011","1108","0386","317","204","113","52","369","786","0","46.95","25.95"
"10","013","00","011","1109","0000","270","165","105","23","293","649","0","45.15","25.42"
"10","013","00","011","1109","0387","270","165","105","23","293","649","0","45.15","25.42"
"10","013","00","011","1110","0000","465","289","176","57","522","1229","0","42.47","23.52"
"10","013","00","011","1110","0388","465","289","176","57","522","1229","0","42.47","23.52"
"10","013","00","011","1111","0000","554","324","230","60","614","1446","0","42.46","22.41"
"10","013","00","011","1111","0389","554","324","230","60","614","1446","0","42.46","22.41"
"10","013","00","011","1112","0000","779","428","351","59","838","1821","0","46.02","23.5"
"10","013","00","011","1112","0390","352","187","165","12","364","899","0","40.49","20.8"
"10","013","00","011","1112","0391","427","241","186","47","474","922","0","51.41","26.14"
"10","013","00","011","1113","0000","532","293","239","64","596","1259","0","47.34","23.27"
"10","013","00","011","1113","0392","532","293","239","64","596","1259","0","47.34","23.27"
"10","013","00","011","1114","0000","459","284","175","15","474","1056","0","44.89","26.89"
"10","013","00","011","1114","0393","459","284","175","15","474","1056","0","44.89","26.89"
"10","013","00","011","1115","0000","509","263","246","51","560","1116","0","50.18","23.57"
"10","013","00","011","1115","0394","509","263","246","51","560","1116","0","50.18","23.57"
"10","013","00","011","1116","0000","513","294","219","64","577","1020","0","56.57","28.82"
"10","013","00","011","1116","0395","513","294","219","64","577","1020","0","56.57","28.82"
"10","013","00","011","1117","0000","515","305","210","61","576","1055","0","54.6","28.91"
"10","013","00","011","1117","0396","515","305","210","61","576","1055","0","54.6","28.91"
"10","013","00","011","1118","0000","622","355","267","65","687","1231","0","55.81","28.84"
"10","013","00","011","1118","0397","411","234","177","35","446","738","0","60.43","31.71"
"10","013","00","011","1118","0398","211","121","90","30","241","493","0","48.88","24.54"
"10","013","00","011","1119","0000","776","439","337","90","866","1539","0","56.27","28.53"
"10","013","00","011","1119","0399","776","439","337","90","866","1539","0","56.27","28.53"
"10","013","00","012","0000","0000","8714","5074","3640","665","9379","17945","20585","52.27","28.28"
"10","013","00","012","1201","0000","595","269","326","33","628","1239","0","50.69","21.71"
"10","013","00","012","1201","0400","595","269","326","33","628","1239","0","50.69","21.71"
"10","013","00","012","1202","0000","402","256","146","37","439","759","0","57.84","33.73"
"10","013","00","012","1202","0401","402","256","146","37","439","759","0","57.84","33.73"
"10","013","00","012","1203","0000","914","588","326","111","1025","1701","0","60.26","34.57"
"10","013","00","012","1203","0402","493","324","169","65","558","932","0","59.87","34.76"
"10","013","00","012","1203","0403","421","264","157","46","467","769","0","60.73","34.33"
"10","013","00","012","1204","0000","448","267","181","54","502","920","0","54.57","29.02"
"10","013","00","012","1204","0404","448","267","181","54","502","920","0","54.57","29.02"
"10","013","00","012","1205","0000","305","173","132","20","325","560","0","58.04","30.89"
"10","013","00","012","1205","0405","305","173","132","20","325","560","0","58.04","30.89"
"10","013","00","012","1206","0000","505","313","192","32","537","1120","0","47.95","27.95"
"10","013","00","012","1206","0406","505","313","192","32","537","1120","0","47.95","27.95"
"10","013","00","012","1207","0000","506","174","332","25","531","1048","0","50.67","16.6"
"10","013","00","012","1207","0407","506","174","332","25","531","1048","0","50.67","16.6"
"10","013","00","012","1208","0000","611","368","243","48","659","1438","0","45.83","25.59"
"10","013","00","012","1208","0408","611","368","243","48","659","1438","0","45.83","25.59"
"10","013","00","012","1209","0000","1097","619","478","65","1162","2027","0","57.33","30.54"
"10","013","00","012","1209","0411","517","276","241","25","542","1020","0","53.14","27.06"
"10","013","00","012","1209","0412","580","343","237","40","620","1007","0","61.57","34.06"
"10","013","00","012","1210","0000","773","444","329","74","847","1647","0","51.43","26.96"
"10","013","00","012","1210","0409","378","216","162","37","415","834","0","49.76","25.9"
"10","013","00","012","1210","0410","395","228","167","37","432","813","0","53.14","28.04"
"10","013","00","012","1211","0000","670","407","263","59","729","1648","0","44.24","24.7"
"10","013","00","012","1211","0413","670","407","263","59","729","1648","0","44.24","24.7"
"10","013","00","012","1212","0000","712","455","257","33","745","1437","0","51.84","31.66"
"10","013","00","012","1212","0414","712","455","257","33","745","1437","0","51.84","31.66"
"10","013","00","012","1213","0000","539","349","190","21","560","1228","0","45.6","28.42"
"10","013","00","012","1213","0415","539","349","190","21","560","1228","0","45.6","28.42"
"10","013","00","012","1214","0000","637","392","245","53","690","1173","0","58.82","33.42"
"10","013","00","012","1214","0416","332","210","122","28","360","597","0","60.3","35.18"
"10","013","00","012","1214","0417","305","182","123","25","330","576","0","57.29","31.6"
"10","013","00","013","0000","0000","21798","13292","8506","1402","23200","47558","54167","48.78","27.95"
"10","013","00","013","1301","0000","1796","1100","696","81","1877","3979","0","47.17","27.65"
"10","013","00","013","1301","0418","574","333","241","32","606","1305","0","46.44","25.52"
"10","013","00","013","1301","0419","593","375","218","32","625","1287","0","48.56","29.14"
"10","013","00","013","1301","0420","629","392","237","17","646","1387","0","46.58","28.26"
"10","013","00","013","1302","0000","1441","878","563","75","1516","3145","0","48.2","27.92"
"10","013","00","013","1302","0421","691","410","281","37","728","1540","0","47.27","26.62"
"10","013","00","013","1302","0422","750","468","282","38","788","1605","0","49.1","29.16"
"10","013","00","013","1303","0000","716","463","253","54","770","1326","0","58.07","34.92"
"10","013","00","013","1303","0423","716","463","253","54","770","1326","0","58.07","34.92"
"10","013","00","013","1304","0000","297","168","129","37","334","591","0","56.51","28.43"
"10","013","00","013","1304","0424","297","168","129","37","334","591","0","56.51","28.43"
"10","013","00","013","1305","0000","1009","617","392","60","1069","2202","0","48.55","28.02"
"10","013","00","013","1305","0425","494","289","205","41","535","1123","0","47.64","25.73"
"10","013","00","013","1305","0426","515","328","187","19","534","1079","0","49.49","30.4"
"10","013","00","013","1306","0000","1422","878","544","64","1486","2733","0","54.37","32.13"
"10","013","00","013","1306","0427","735","447","288","36","771","1485","0","51.92","30.1"
"10","013","00","013","1306","0428","687","431","256","28","715","1248","0","57.29","34.54"
"10","013","00","013","1307","0000","2082","1224","858","110","2192","4482","0","48.91","27.31"
"10","013","00","013","1307","0429","761","452","309","47","808","1569","0","51.5","28.81"
"10","013","00","013","1307","0430","669","387","282","44","713","1493","0","47.76","25.92"
"10","013","00","013","1307","0431","652","385","267","19","671","1420","0","47.25","27.11"
"10","013","00","013","1308","0000","1344","804","540","93","1437","2853","0","50.37","28.18"
"10","013","00","013","1308","0432","648","386","262","47","695","1334","0","52.1","28.94"
"10","013","00","013","1308","0433","696","418","278","46","742","1519","0","48.85","27.52"
"10","013","00","013","1309","0000","803","493","310","88","891","1672","0","53.29","29.49"
"10","013","00","013","1309","0434","339","224","115","44","383","784","0","48.85","28.57"
"10","013","00","013","1309","0435","464","269","195","44","508","888","0","57.21","30.29"
"10","013","00","013","1310","0000","837","536","301","37","874","1915","0","45.64","27.99"
"10","013","00","013","1310","0436","342","225","117","11","353","747","0","47.26","30.12"
"10","013","00","013","1310","0437","495","311","184","26","521","1168","0","44.61","26.63"
"10","013","00","013","1311","0000","876","521","355","75","951","1824","0","52.14","28.56"
"10","013","00","013","1311","0438","285","154","131","27","312","546","0","57.14","28.21"
"10","013","00","013","1311","0439","591","367","224","48","639","1278","0","50.0","28.72"
"10","013","00","013","1312","0000","1163","722","441","110","1273","2898","0","43.93","24.91"
"10","013","00","013","1312","0440","567","366","201","50","617","1348","0","45.77","27.15"
"10","013","00","013","1312","0441","596","356","240","60","656","1550","0","42.32","22.97"
"10","013","00","013","1313","0000","524","347","177","52","576","947","0","60.82","36.64"
"10","013","00","013","1313","0442","524","347","177","52","576","947","0","60.82","36.64"
"10","013","00","013","1314","0000","513","182","331","49","562","1097","0","51.23","16.59"
"10","013","00","013","1314","0443","513","182","331","49","562","1097","0","51.23","16.59"
"10","013","00","013","1315","0000","865","503","362","81","946","2381","0","39.73","21.13"
"10","013","00","013","1315","0444","431","238","193","50","481","1128","0","42.64","21.1"
"10","013","00","013","1315","0445","434","265","169","31","465","1253","0","37.11","21.15"
"10","013","00","013","1316","0000","660","436","224","19","679","1525","0","44.52","28.59"
"10","013","00","013","1316","0446","660","436","224","19","679","1525","0","44.52","28.59"
"10","013","00","013","1317","0000","1100","671","429","77","1177","2431","0","48.42","27.6"
"10","013","00","013","1317","0447","592","344","248","53","645","1215","0","53.09","28.31"
"10","013","00","013","1317","0448","508","327","181","24","532","1216","0","43.75","26.89"
"10","013","00","013","1318","0000","1093","687","406","43","1136","2379","0","47.75","28.88"
"10","013","00","013","1318","0449","598","371","227","20","618","1353","0","45.68","27.42"
"10","013","00","013","1318","0450","495","316","179","23","518","1026","0","50.49","30.8"
"10","013","00","013","1319","0000","374","234","140","30","404","862","0","46.87","27.15"
"10","013","00","013","1319","0451","374","234","140","30","404","862","0","46.87","27.15"
"10","013","00","013","1320","0000","799","500","299","50","849","1775","0","47.83","28.17"
"10","013","00","013","1320","0452","385","241","144","23","408","921","0","44.3","26.17"
"10","013","00","013","1320","0453","414","259","155","27","441","854","0","51.64","30.33"
"10","013","00","013","1321","0000","1095","729","366","52","1147","2434","0","47.12","29.95"
"10","013","00","013","1321","0454","540","359","181","31","571","1230","0","46.42","29.19"
"10","013","00","013","1321","0455","555","370","185","21","576","1204","0","47.84","30.73"
"10","013","00","013","1322","0000","568","356","212","33","601","1301","0","46.2","27.36"
"10","013","00","013","1322","0456","568","356","212","33","601","1301","0","46.2","27.36"
"10","013","00","013","1323","0000","421","243","178","32","453","806","0","56.2","30.15"
"10","013","00","013","1323","0457","421","243","178","32","453","806","0","56.2","30.15"
"10","013","00","014","0000","0000","8178","5021","3157","678","8856","15353","17181","57.68","32.7"
"10","013","00","014","1401","0000","791","501","290","54","845","1503","0","56.22","33.33"
"10","013","00","014","1401","0458","791","501","290","54","845","1503","0","56.22","33.33"
"10","013","00","014","1402","0000","522","344","178","32","554","899","0","61.62","38.26"
"10","013","00","014","1402","0459","522","344","178","32","554","899","0","61.62","38.26"
"10","013","00","014","1403","0000","413","260","153","37","450","716","0","62.85","36.31"
"10","013","00","014","1403","0460","413","260","153","37","450","716","0","62.85","36.31"
"10","013","00","014","1404","0000","358","212","146","25","383","581","0","65.92","36.49"
"10","013","00","014","1404","0461","358","212","146","25","383","581","0","65.92","36.49"
"10","013","00","014","1405","0000","668","407","261","75","743","1327","0","55.99","30.67"
"10","013","00","014","1405","0462","668","407","261","75","743","1327","0","55.99","30.67"
"10","013","00","014","1406","0000","552","337","215","67","619","997","0","62.09","33.8"
"10","013","00","014","1406","0463","552","337","215","67","619","997","0","62.09","33.8"
"10","013","00","014","1407","0000","326","184","142","34","360","649","0","55.47","28.35"
"10","013","00","014","1407","0464","326","184","142","34","360","649","0","55.47","28.35"
"10","013","00","014","1408","0000","329","209","120","18","347","476","0","72.9","43.91"
"10","013","00","014","1408","0465","329","209","120","18","347","476","0","72.9","43.91"
"10","013","00","014","1409","0000","1285","792","493","98","1383","2486","0","55.63","31.86"
"10","013","00","014","1409","0466","687","419","268","52","739","1259","0","58.7","33.28"
"10","013","00","014","1409","0467","598","373","225","46","644","1227","0","52.49","30.4"
"10","013","00","014","1410","0000","300","174","126","22","322","504","0","63.89","34.52"
"10","013","00","014","1410","0468","300","174","126","22","322","504","0","63.89","34.52"
"10","013","00","014","1411","0000","425","263","162","42","467","860","0","54.3","30.58"
"10","013","00","014","1411","0469","425","263","162","42","467","860","0","54.3","30.58"
"10","013","00","014","1412","0000","414","238","176","22","436","800","0","54.5","29.75"
"10","013","00","014","1412","0470","414","238","176","22","436","800","0","54.5","29.75"
"10","013","00","014","1413","0000","606","373","233","54","660","1134","0","58.2","32.89"
"10","013","00","014","1413","0471","606","373","233","54","660","1134","0","58.2","32.89"
"10","013","00","014","1414","0000","611","374","237","44","655","1229","0","53.3","30.43"
"10","013","00","014","1414","0472","611","374","237","44","655","1229","0","53.3","30.43"
"10","013","00","014","1415","0000","578","353","225","54","632","1192","0","53.02","29.61"
"10","013","00","014","1415","0473","578","353","225","54","632","1192","0","53.02","29.61"
"10","013","00","015","0000","0000","4219","2559","1660","377","4596","9033","10035","50.88","28.33"
"10","013","00","015","1501","0000","966","599","367","63","1029","2026","0","50.79","29.57"
"10","013","00","015","1501","0474","815","504","311","37","852","1712","0","49.77","29.44"
"10","013","00","015","1501","0475","151","95","56","26","177","314","0","56.37","30.25"
"10","013","00","015","1502","0000","545","308","237","44","589","1086","0","54.24","28.36"
"10","013","00","015","1502","0476","380","202","178","27","407","752","0","54.12","26.86"
"10","013","00","015","1502","0477","165","106","59","17","182","334","0","54.49","31.74"
"10","013","00","015","1503","0000","508","325","183","37","545","957","0","56.95","33.96"
"10","013","00","015","1503","0478","508","325","183","37","545","957","0","56.95","33.96"
"10","013","00","015","1504","0000","396","239","157","55","451","764","0","59.03","31.28"
"10","013","00","015","1504","0479","396","239","157","55","451","764","0","59.03","31.28"
"10","013","00","015","1505","0000","780","464","316","75","855","1752","0","48.8","26.48"
"10","013","00","015","1505","0480","186","113","73","26","212","373","0","56.84","30.29"
"10","013","00","015","1505","0481","288","170","118","28","316","678","0","46.61","25.07"
"10","013","00","015","1505","0482","306","181","125","21","327","701","0","46.65","25.82"
"10","013","00","015","1506","0000","523","333","190","59","582","1125","0","51.73","29.6"
"10","013","00","015","1506","0484","283","180","103","29","312","541","0","57.67","33.27"
"10","013","00","015","1506","0485","240","153","87","30","270","584","0","46.23","26.2"
"10","013","00","015","1507","0000","501","291","210","44","545","1323","0","41.19","22.0"
"10","013","00","015","1507","0483","501","291","210","44","545","1323","0","41.19","22.0"
"10","013","00","016","0000","0000","10539","6469","4070","982","11521","21394","24413","53.85","30.24"
"10","013","00","016","1601","0000","639","387","252","45","684","1213","0","56.39","31.9"
"10","013","00","016","1601","0486","639","387","252","45","684","1213","0","56.39","31.9"
"10","013","00","016","1602","0000","476","299","177","46","522","891","0","58.59","33.56"
"10","013","00","016","1602","0487","476","299","177","46","522","891","0","58.59","33.56"
"10","013","00","016","1603","0000","448","289","159","47","495","970","0","51.03","29.79"
"10","013","00","016","1603","0488","448","289","159","47","495","970","0","51.03","29.79"
"10","013","00","016","1604","0000","318","189","129","23","341","629","0","54.21","30.05"
"10","013","00","016","1604","0489","318","189","129","23","341","629","0","54.21","30.05"
"10","013","00","016","1605","0000","890","543","347","63","953","1614","0","59.05","33.64"
"10","013","00","016","1605","0490","467","277","190","32","499","840","0","59.4","32.98"
"10","013","00","016","1605","0491","423","266","157","31","454","774","0","58.66","34.37"
"10","013","00","016","1606","0000","2067","1215","852","157","2224","4157","0","53.5","29.23"
"10","013","00","016","1606","0492","668","366","302","51","719","1379","0","52.14","26.54"
"10","013","00","016","1606","0493","788","486","302","50","838","1502","0","55.79","32.36"
"10","013","00","016","1606","0494","611","363","248","56","667","1276","0","52.27","28.45"
"10","013","00","016","1607","0000","998","622","376","137","1135","1969","0","57.64","31.59"
"10","013","00","016","1607","0495","464","300","164","57","521","964","0","54.05","31.12"
"10","013","00","016","1607","0496","534","322","212","80","614","1005","0","61.09","32.04"
"10","013","00","016","1608","0000","738","472","266","68","806","1459","0","55.24","32.35"
"10","013","00","016","1608","0497","362","219","143","26","388","734","0","52.86","29.84"
"10","013","00","016","1608","0498","376","253","123","42","418","725","0","57.66","34.9"
"10","013","00","016","1609","0000","1051","625","426","113","1164","2113","0","55.09","29.58"
"10","013","00","016","1609","0499","494","283","211","57","551","1046","0","52.68","27.06"
"10","013","00","016","1609","0500","557","342","215","56","613","1067","0","57.45","32.05"
"10","013","00","016","1610","0000","246","153","93","41","287","718","0","39.97","21.31"
"10","013","00","016","1610","0501","246","153","93","41","287","718","0","39.97","21.31"
"10","013","00","016","1611","0000","389","230","159","41","430","903","0","47.62","25.47"
"10","013","00","016","1611","0502","389","230","159","41","430","903","0","47.62","25.47"
"10","013","00","016","1612","0000","370","211","159","21","391","959","0","40.77","22.0"
"10","013","00","016","1612","0506","370","211","159","21","391","959","0","40.77","22.0"
"10","013","00","016","1613","0000","207","122","85","31","238","427","0","55.74","28.57"
"10","013","00","016","1613","0507","207","122","85","31","238","427","0","55.74","28.57"
"10","013","00","016","1614","0000","1340","885","455","119","1459","2754","0","52.98","32.14"
"10","013","00","016","1614","0503","646","420","226","58","704","1387","0","50.76","30.28"
"10","013","00","016","1614","0504","694","465","229","61","755","1367","0","55.23","34.02"
"10","013","00","016","1615","0000","362","227","135","30","392","618","0","63.43","36.73"
"10","013","00","016","1615","0505","362","227","135","30","392","618","0","63.43","36.73"
"10","013","00","017","0000","0000","14974","9147","5827","1277","16251","30706","34961","52.92","29.79"
"10","013","00","017","1701","0000","903","549","354","81","984","1663","0","59.17","33.01"
"10","013","00","017","1701","0508","438","248","190","34","472","820","0","57.56","30.24"
"10","013","00","017","1701","0509","465","301","164","47","512","843","0","60.74","35.71"
"10","013","00","017","1702","0000","1294","766","528","91","1385","2532","0","54.7","30.25"
"10","013","00","017","1702","0510","598","346","252","45","643","1242","0","51.77","27.86"
"10","013","00","017","1702","0511","696","420","276","46","742","1290","0","57.52","32.56"
"10","013","00","017","1703","0000","1052","612","440","114","1166","2161","0","53.96","28.32"
"10","013","00","017","1703","0512","535","333","202","36","571","1073","0","53.22","31.03"
"10","013","00","017","1703","0513","517","279","238","78","595","1088","0","54.69","25.64"
"10","013","00","017","1704","0000","393","247","146","27","420","845","0","49.7","29.23"
"10","013","00","017","1704","0514","393","247","146","27","420","845","0","49.7","29.23"
"10","013","00","017","1705","0000","442","262","180","31","473","862","0","54.87","30.39"
"10","013","00","017","1705","0515","442","262","180","31","473","862","0","54.87","30.39"
"10","013","00","017","1706","0000","1085","652","433","115","1200","2292","0","52.36","28.45"
"10","013","00","017","1706","0516","533","311","222","56","589","1183","0","49.79","26.29"
"10","013","00","017","1706","0517","552","341","211","59","611","1109","0","55.09","30.75"
"10","013","00","017","1707","0000","1043","620","423","55","1098","2271","0","48.35","27.3"
"10","013","00","017","1707","0518","507","285","222","20","527","1119","0","47.1","25.47"
"10","013","00","017","1707","0519","536","335","201","35","571","1152","0","49.57","29.08"
"10","013","00","017","1708","0000","569","343","226","31","600","1240","0","48.39","27.66"
"10","013","00","017","1708","0522","569","343","226","31","600","1240","0","48.39","27.66"
"10","013","00","017","1709","0000","1010","568","442","85","1095","2194","0","49.91","25.89"
"10","013","00","017","1709","0523","450","253","197","21","471","1120","0","42.05","22.59"
"10","013","00","017","1709","0524","560","315","245","64","624","1074","0","58.1","29.33"
"10","013","00","017","1710","0000","723","412","311","88","811","1598","0","50.75","25.78"
"10","013","00","017","1710","0525","372","227","145","29","401","849","0","47.23","26.74"
"10","013","00","017","1710","0526","351","185","166","59","410","749","0","54.74","24.7"
"10","013","00","017","1711","0000","661","391","270","62","723","1416","0","51.06","27.61"
"10","013","00","017","1711","0527","661","391","270","62","723","1416","0","51.06","27.61"
"10","013","00","017","1712","0000","1049","646","403","113","1162","2134","0","54.45","30.27"
"10","013","00","017","1712","0520","527","344","183","47","574","1030","0","55.73","33.4"
"10","013","00","017","1712","0521","522","302","220","66","588","1104","0","53.26","27.36"
"10","013","00","017","1713","0000","1409","911","498","126","1535","2800","0","54.82","32.54"
"10","013","00","017","1713","0528","448","278","170","45","493","895","0","55.08","31.06"
"10","013","00","017","1713","0529","470","312","158","50","520","933","0","55.73","33.44"
"10","013","00","017","1713","0530","491","321","170","31","522","972","0","53.7","33.02"
"10","013","00","017","1714","0000","2150","1409","741","140","2290","4377","0","52.32","32.19"
"10","013","00","017","1714","0531","642","442","200","40","682","1454","0","46.91","30.4"
"10","013","00","017","1714","0532","901","573","328","64","965","1653","0","58.38","34.66"
"10","013","00","017","1714","0533","607","394","213","36","643","1270","0","50.63","31.02"
"10","013","00","017","1715","0000","1191","759","432","118","1309","2321","0","56.4","32.7"
"10","013","00","017","1715","0534","606","377","229","78","684","1123","0","60.91","33.57"
"10","013","00","017","1715","0535","585","382","203","40","625","1198","0","52.17","31.89"
"10","013","00","018","0000","0000","5996","3662","2334","489","6485","12270","15524","52.85","29.85"
"10","013","00","018","1801","0000","1112","694","418","77","1189","2234","0","53.22","31.07"
"10","013","00","018","1801","0536","555","343","212","35","590","1190","0","49.58","28.82"
"10","013","00","018","1801","0537","557","351","206","42","599","1044","0","57.38","33.62"
"10","013","00","018","1802","0000","998","612","386","88","1086","2032","0","53.44","30.12"
"10","013","00","018","1802","0538","409","244","165","47","456","818","0","55.75","29.83"
"10","013","00","018","1802","0539","589","368","221","41","630","1214","0","51.89","30.31"
"10","013","00","018","1803","0000","663","419","244","56","719","1253","0","57.38","33.44"
"10","013","00","018","1803","0541","663","419","244","56","719","1253","0","57.38","33.44"
"10","013","00","018","1804","0000","625","402","223","25","650","1325","0","49.06","30.34"
"10","013","00","018","1804","0540","625","402","223","25","650","1325","0","49.06","30.34"
"10","013","00","018","1805","0000","491","324","167","37","528","1039","0","50.82","31.18"
"10","013","00","018","1805","0542","491","324","167","37","528","1039","0","50.82","31.18"
"10","013","00","018","1806","0000","711","423","288","57","768","1549","0","49.58","27.31"
"10","013","00","018","1806","0543","354","199","155","42","396","813","0","48.71","24.48"
"10","013","00","018","1806","0544","357","224","133","15","372","736","0","50.54","30.43"
"10","013","00","018","1807","0000","491","266","225","39","530","934","0","56.75","28.48"
"10","013","00","018","1807","0545","491","266","225","39","530","934","0","56.75","28.48"
"10","013","00","018","1808","0000","905","522","383","110","1015","1904","0","53.31","27.42"
"10","013","00","018","1808","0546","411","228","183","63","474","900","0","52.67","25.33"
"10","013","00","018","1808","0547","494","294","200","47","541","1004","0","53.88","29.28"
"10","013","00","019","0000","0000","8158","5149","3009","667","8825","15691","17842","56.24","32.81"
"10","013","00","019","1901","0000","801","524","277","68","869","1458","0","59.6","35.94"
"10","013","00","019","1901","0548","801","524","277","68","869","1458","0","59.6","35.94"
"10","013","00","019","1902","0000","902","603","299","52","954","1586","0","60.15","38.02"
"10","013","00","019","1902","0549","507","338","169","25","532","891","0","59.71","37.93"
"10","013","00","019","1902","0550","395","265","130","27","422","695","0","60.72","38.13"
"10","013","00","019","1903","0000","907","575","332","71","978","1634","0","59.85","35.19"
"10","013","00","019","1903","0555","467","299","168","37","504","841","0","59.93","35.55"
"10","013","00","019","1903","0556","440","276","164","34","474","793","0","59.77","34.8"
"10","013","00","019","1904","0000","434","274","160","28","462","725","0","63.72","37.79"
"10","013","00","019","1904","0554","434","274","160","28","462","725","0","63.72","37.79"
"10","013","00","019","1905","0000","1710","1083","627","122","1832","3189","0","57.45","33.96"
"10","013","00","019","1905","0551","577","364","213","32","609","1015","0","60.0","35.86"
"10","013","00","019","1905","0552","634","402","232","47","681","1171","0","58.16","34.33"
"10","013","00","019","1905","0553","499","317","182","43","542","1003","0","54.04","31.61"
"10","013","00","019","1906","0000","832","504","328","82","914","1816","0","50.33","27.75"
"10","013","00","019","1906","0559","353","206","147","39","392","783","0","50.06","26.31"
"10","013","00","019","1906","0560","479","298","181","43","522","1033","0","50.53","28.85"
"10","013","00","019","1907","0000","616","366","250","53","669","1283","0","52.14","28.53"
"10","013","00","019","1907","0558","616","366","250","53","669","1283","0","52.14","28.53"
"10","013","00","019","1908","0000","514","317","197","33","547","919","0","59.52","34.49"
"10","013","00","019","1908","0557","514","317","197","33","547","919","0","59.52","34.49"
"10","013","00","019","1909","0000","935","561","374","129","1064","1959","0","54.31","28.64"
"10","013","00","019","1909","0561","561","343","218","80","641","1186","0","54.05","28.92"
"10","013","00","019","1909","0562","374","218","156","49","423","773","0","54.72","28.2"
"10","013","00","019","1910","0000","507","342","165","29","536","1122","0","47.77","30.48"
"10","013","00","019","1910","0563","507","342","165","29","536","1122","0","47.77","30.48"
"10","013","00","020","0000","0000","4716","2779","1937","408","5124","9479","10650","54.06","29.32"
"10","013","00","020","2001","0000","833","532","301","81","914","1666","0","54.86","31.93"
"10","013","00","020","2001","0564","425","283","142","51","476","872","0","54.59","32.45"
"10","013","00","020","2001","0565","408","249","159","30","438","794","0","55.16","31.36"
"10","013","00","020","2002","0000","519","305","214","43","562","962","0","58.42","31.7"
"10","013","00","020","2002","0566","519","305","214","43","562","962","0","58.42","31.7"
"10","013","00","020","2003","0000","260","157","103","18","278","466","0","59.66","33.69"
"10","013","00","020","2003","0569","260","157","103","18","278","466","0","59.66","33.69"
"10","013","00","020","2004","0000","392","236","156","25","417","708","0","58.9","33.33"
"10","013","00","020","2004","0570","392","236","156","25","417","708","0","58.9","33.33"
"10","013","00","020","2005","0000","539","316","223","41","580","1033","0","56.15","30.59"
"10","013","00","020","2005","0567","539","316","223","41","580","1033","0","56.15","30.59"
"10","013","00","020","2006","0000","475","215","260","46","521","1007","0","51.74","21.35"
"10","013","00","020","2006","0568","475","215","260","46","521","1007","0","51.74","21.35"
"10","013","00","020","2007","0000","534","305","229","57","591","1044","0","56.61","29.21"
"10","013","00","020","2007","0571","534","305","229","57","591","1044","0","56.61","29.21"
"10","013","00","020","2008","0000","442","272","170","39","481","1071","0","44.91","25.4"
"10","013","00","020","2008","0572","442","272","170","39","481","1071","0","44.91","25.4"
"10","013","00","020","2009","0000","477","283","194","29","506","979","0","51.69","28.91"
"10","013","00","020","2009","0573","477","283","194","29","506","979","0","51.69","28.91"
"10","013","00","020","2010","0000","245","158","87","29","274","543","0","50.46","29.1"
"10","013","00","020","2010","0574","245","158","87","29","274","543","0","50.46","29.1"
"10","013","00","021","0000","0000","7830","4877","2953","739","8569","17063","19172","50.22","28.58"
"10","013","00","021","2101","0000","646","376","270","41","687","1472","0","46.67","25.54"
"10","013","00","021","2101","0575","646","376","270","41","687","1472","0","46.67","25.54"
"10","013","00","021","2102","0000","571","363","208","43","614","1360","0","45.15","26.69"
"10","013","00","021","2102","0576","571","363","208","43","614","1360","0","45.15","26.69"
"10","013","00","021","2103","0000","409","280","129","60","469","804","0","58.33","34.83"
"10","013","00","021","2103","0577","409","280","129","60","469","804","0","58.33","34.83"
"10","013","00","021","2104","0000","795","475","320","85","880","1780","0","49.44","26.69"
"10","013","00","021","2104","0578","419","245","174","67","486","925","0","52.54","26.49"
"10","013","00","021","2104","0579","376","230","146","18","394","855","0","46.08","26.9"
"10","013","00","021","2105","0000","899","539","360","92","991","1988","0","49.85","27.11"
"10","013","00","021","2105","0580","450","272","178","39","489","981","0","49.85","27.73"
"10","013","00","021","2105","0581","449","267","182","53","502","1007","0","49.85","26.51"
"10","013","00","021","2106","0000","895","537","358","99","994","2127","0","46.73","25.25"
"10","013","00","021","2106","0582","367","231","136","49","416","872","0","47.71","26.49"
"10","013","00","021","2106","0583","528","306","222","50","578","1255","0","46.06","24.38"
"10","013","00","021","2107","0000","514","360","154","60","574","995","0","57.69","36.18"
"10","013","00","021","2107","0584","514","360","154","60","574","995","0","57.69","36.18"
"10","013","00","021","2108","0000","298","175","123","26","324","734","0","44.14","23.84"
"10","013","00","021","2108","0585","298","175","123","26","324","734","0","44.14","23.84"
"10","013","00","021","2109","0000","504","293","211","30","534","1178","0","45.33","24.87"
"10","013","00","021","2109","0586","504","293","211","30","534","1178","0","45.33","24.87"
"10","013","00","021","2110","0000","477","282","195","52","529","1095","0","48.31","25.75"
"10","013","00","021","2110","0587","477","282","195","52","529","1095","0","48.31","25.75"
"10","013","00","021","2111","0000","586","386","200","68","654","1097","0","59.62","35.19"
"10","013","00","021","2111","0588","586","386","200","68","654","1097","0","59.62","35.19"
"10","013","00","021","2112","0000","1236","811","425","83","1319","2433","0","54.21","33.33"
"10","013","00","021","2112","0589","612","415","197","51","663","1273","0","52.08","32.6"
"10","013","00","021","2112","0590","624","396","228","32","656","1160","0","56.55","34.14"
"10","013","00","022","0000","0000","4423","2812","1611","331","4754","10706","12395","44.41","26.27"
"10","013","00","022","2201","0000","854","519","335","55","909","2083","0","43.64","24.92"
"10","013","00","022","2201","0591","452","275","177","19","471","1111","0","42.39","24.75"
"10","013","00","022","2201","0592","402","244","158","36","438","972","0","45.06","25.1"
"10","013","00","022","2202","0000","622","408","214","39","661","1278","0","51.72","31.92"
"10","013","00","022","2202","0593","622","408","214","39","661","1278","0","51.72","31.92"
"10","013","00","022","2203","0000","455","297","158","40","495","976","0","50.72","30.43"
"10","013","00","022","2203","0594","455","297","158","40","495","976","0","50.72","30.43"
"10","013","00","022","2204","0000","727","452","275","60","787","1658","0","47.47","27.26"
"10","013","00","022","2204","0595","727","452","275","60","787","1658","0","47.47","27.26"
"10","013","00","022","2205","0000","392","280","112","29","421","1146","0","36.74","24.43"
"10","013","00","022","2205","0596","392","280","112","29","421","1146","0","36.74","24.43"
"10","013","00","022","2206","0000","385","224","161","35","420","1079","0","38.92","20.76"
"10","013","00","022","2206","0597","385","224","161","35","420","1079","0","38.92","20.76"
"10","013","00","022","2207","0000","592","381","211","25","617","1613","0","38.25","23.62"
"10","013","00","022","2207","0598","592","381","211","25","617","1613","0","38.25","23.62"
"10","013","00","022","2208","0000","396","251","145","48","444","873","0","50.86","28.75"
"10","013","00","022","2208","0599","396","251","145","48","444","873","0","50.86","28.75"
"10","013","00","023","0000","0000","2967","1698","1269","242","3209","7595","8619","42.25","22.36"
"10","013","00","023","2301","0000","601","335","266","43","644","1347","0","47.81","24.87"
"10","013","00","023","2301","0602","212","124","88","21","233","491","0","47.45","25.25"
"10","013","00","023","2301","0603","389","211","178","22","411","856","0","48.01","24.65"
"10","013","00","023","2302","0000","253","166","87","8","261","554","0","47.11","29.96"
"10","013","00","023","2302","0604","253","166","87","8","261","554","0","47.11","29.96"
"10","013","00","023","2303","0000","215","119","96","26","241","647","0","37.25","18.39"
"10","013","00","023","2303","0601","215","119","96","26","241","647","0","37.25","18.39"
"10","013","00","023","2304","0000","278","149","129","32","310","737","0","42.06","20.22"
"10","013","00","023","2304","0600","278","149","129","32","310","737","0","42.06","20.22"
"10","013","00","023","2305","0000","137","80","57","7","144","388","0","37.11","20.62"
"10","013","00","023","2305","0605","137","80","57","7","144","388","0","37.11","20.62"
"10","013","00","023","2306","0000","333","174","159","40","373","922","0","40.46","18.87"
"10","013","00","023","2306","0606","333","174","159","40","373","922","0","40.46","18.87"
"10","013","00","023","2307","0000","408","235","173","23","431","1220","0","35.33","19.26"
"10","013","00","023","2307","0607","201","120","81","8","209","597","0","35.01","20.1"
"10","013","00","023","2307","0608","207","115","92","15","222","623","0","35.63","18.46"
"10","013","00","023","2308","0000","182","100","82","19","201","425","0","47.29","23.53"
"10","013","00","023","2308","0609","182","100","82","19","201","425","0","47.29","23.53"
"10","013","00","023","2309","0000","208","132","76","9","217","428","0","50.7","30.84"
"10","013","00","023","2309","0610","208","132","76","9","217","428","0","50.7","30.84"
"10","013","00","023","2310","0000","170","103","67","10","180","504","0","35.71","20.44"
"10","013","00","023","2310","0611","170","103","67","10","180","504","0","35.71","20.44"
"10","013","00","023","2311","0000","182","105","77","25","207","423","0","48.94","24.82"
"10","013","00","023","2311","0612","182","105","77","25","207","423","0","48.94","24.82"
"10","013","00","024","0000","0000","2942","1674","1268","114","3056","7206","8068","42.41","23.23"
"10","013","00","024","2401","0000","706","364","342","1","707","1575","0","44.89","23.11"
"10","013","00","024","2401","0613","706","364","342","1","707","1575","0","44.89","23.11"
"10","013","00","024","2402","0000","187","110","77","11","198","420","0","47.14","26.19"
"10","013","00","024","2402","0614","187","110","77","11","198","420","0","47.14","26.19"
"10","013","00","024","2403","0000","491","297","194","16","507","1302","0","38.94","22.81"
"10","013","00","024","2403","0616","491","297","194","16","507","1302","0","38.94","22.81"
"10","013","00","024","2404","0000","564","336","228","19","583","1314","0","44.37","25.57"
"10","013","00","024","2404","0617","564","336","228","19","583","1314","0","44.37","25.57"
"10","013","00","024","2405","0000","332","206","126","18","350","602","0","58.14","34.22"
"10","013","00","024","2405","0615","332","206","126","18","350","602","0","58.14","34.22"
"10","013","00","024","2406","0000","369","202","167","25","394","1308","0","30.12","15.44"
"10","013","00","024","2406","0618","369","202","167","25","394","1308","0","30.12","15.44"
"10","013","00","024","2407","0000","138","74","64","13","151","367","0","41.14","20.16"
"10","013","00","024","2407","0619","138","74","64","13","151","367","0","41.14","20.16"
"10","013","00","024","2408","0000","155","85","70","11","166","318","0","52.2","26.73"
"10","013","00","024","2408","0620","155","85","70","11","166","318","0","52.2","26.73"
"10","013","00","025","0000","0000","2340","1441","899","185","2525","4856","5547","52.0","29.67"
"10","013","00","025","2501","0000","578","414","164","53","631","1032","0","61.14","40.12"
"10","013","00","025","2501","0621","334","262","72","32","366","604","0","60.6","43.38"
"10","013","00","025","2501","0622","244","152","92","21","265","428","0","61.92","35.51"
"10","013","00","025","2502","0000","1007","581","426","73","1080","1900","0","56.84","30.58"
"10","013","00","025","2502","0623","524","306","218","54","578","928","0","62.28","32.97"
"10","013","00","025","2502","0624","483","275","208","19","502","972","0","51.65","28.29"
"10","013","00","025","2503","0000","438","262","176","41","479","1041","0","46.01","25.17"
"10","013","00","025","2503","0625","438","262","176","41","479","1041","0","46.01","25.17"
"10","013","00","025","2504","0000","317","184","133","18","335","883","0","37.94","20.84"
"10","013","00","025","2504","0626","317","184","133","18","335","883","0","37.94","20.84"
"10","013","00","026","0000","0000","3793","2519","1274","197","3990","6373","7694","62.61","39.53"
"10","013","00","026","2601","0000","870","557","313","34","904","1448","0","62.43","38.47"
"10","013","00","026","2601","0630","870","557","313","34","904","1448","0","62.43","38.47"
"10","013","00","026","2602","0000","198","151","47","5","203","323","0","62.85","46.75"
"10","013","00","026","2602","0629","198","151","47","5","203","323","0","62.85","46.75"
"10","013","00","026","2603","0000","312","207","105","46","358","572","0","62.59","36.19"
"10","013","00","026","2603","0628","312","207","105","46","358","572","0","62.59","36.19"
"10","013","00","026","2604","0000","309","205","104","9","318","616","0","51.62","33.28"
"10","013","00","026","2604","0627","309","205","104","9","318","616","0","51.62","33.28"
"10","013","00","026","2605","0000","387","271","116","6","393","726","0","54.13","37.33"
"10","013","00","026","2605","0631","387","271","116","6","393","726","0","54.13","37.33"
"10","013","00","026","2606","0000","292","176","116","13","305","554","0","55.05","31.77"
"10","013","00","026","2606","0632","292","176","116","13","305","554","0","55.05","31.77"
"10","013","00","026","2607","0000","229","136","93","9","238","346","0","68.79","39.31"
"10","013","00","026","2607","0633","229","136","93","9","238","346","0","68.79","39.31"
"10","013","00","026","2608","0000","330","247","83","7","337","458","0","73.58","53.93"
"10","013","00","026","2608","0634","330","247","83","7","337","458","0","73.58","53.93"
"10","013","00","026","2609","0000","451","323","128","19","470","692","0","67.92","46.68"
"10","013","00","026","2609","0635","451","323","128","19","470","692","0","67.92","46.68"
"10","013","00","026","2610","0000","415","246","169","49","464","638","0","72.73","38.56"
"10","013","00","026","2610","0636","415","246","169","49","464","638","0","72.73","38.56"
"10","013","00","027","0000","0000","2182","1573","609","80","2262","2950","3376","76.68","53.32"
"10","013","00","027","2701","0000","850","596","254","36","886","1185","0","74.77","50.3"
"10","013","00","027","2701","0637","260","171","89","11","271","346","0","78.32","49.42"
"10","013","00","027","2701","0638","496","355","141","23","519","677","0","76.66","52.44"
"10","013","00","027","2701","0639","94","70","24","2","96","162","0","59.26","43.21"
"10","013","00","027","2702","0000","230","180","50","4","234","296","0","79.05","60.81"
"10","013","00","027","2702","0641","230","180","50","4","234","296","0","79.05","60.81"
"10","013","00","027","2703","0000","110","84","26","8","118","189","0","62.43","44.44"
"10","013","00","027","2703","0640","110","84","26","8","118","189","0","62.43","44.44"
"10","013","00","027","2704","0000","364","274","90","16","380","450","0","84.44","60.89"
"10","013","00","027","2704","0644","364","274","90","16","380","450","0","84.44","60.89"
"10","013","00","027","2705","0000","231","144","87","6","237","347","0","68.3","41.5"
"10","013","00","027","2705","0643","231","144","87","6","237","347","0","68.3","41.5"
"10","013","00","027","2706","0000","397","295","102","10","407","483","0","84.27","61.08"
"10","013","00","027","2706","0642","397","295","102","10","407","483","0","84.27","61.08"
"10","013","00","028","0000","0000","3615","2430","1185","159","3774","5663","6833","66.64","42.91"
"10","013","00","028","2801","0000","244","143","101","4","248","455","0","54.51","31.43"
"10","013","00","028","2801","0645","244","143","101","4","248","455","0","54.51","31.43"
"10","013","00","028","2802","0000","530","341","189","19","549","821","0","66.87","41.53"
"10","013","00","028","2802","0646","530","341","189","19","549","821","0","66.87","41.53"
"10","013","00","028","2803","0000","633","441","192","24","657","1057","0","62.16","41.72"
"10","013","00","028","2803","0650","633","441","192","24","657","1057","0","62.16","41.72"
"10","013","00","028","2804","0000","524","326","198","20","544","900","0","60.44","36.22"
"10","013","00","028","2804","0651","524","326","198","20","544","900","0","60.44","36.22"
"10","013","00","028","2805","0000","270","187","83","9","279","429","0","65.03","43.59"
"10","013","00","028","2805","0652","270","187","83","9","279","429","0","65.03","43.59"
"10","013","00","028","2806","0000","1414","992","422","83","1497","2001","0","74.81","49.58"
"10","013","00","028","2806","0647","433","267","166","34","467","635","0","73.54","42.05"
"10","013","00","028","2806","0648","498","374","124","28","526","695","0","75.68","53.81"
"10","013","00","028","2806","0649","483","351","132","21","504","671","0","75.11","52.31"
"10","013","00","029","0000","0000","2755","1763","992","140","2895","4344","5403","66.64","40.58"
"10","013","00","029","2901","0000","524","352","172","15","539","859","0","62.75","40.98"
"10","013","00","029","2901","0653","407","270","137","8","415","669","0","62.03","40.36"
"10","013","00","029","2901","0654","117","82","35","7","124","190","0","65.26","43.16"
"10","013","00","029","2902","0000","569","321","248","38","607","922","0","65.84","34.82"
"10","013","00","029","2902","0655","569","321","248","38","607","922","0","65.84","34.82"
"10","013","00","029","2903","0000","447","272","175","14","461","598","0","77.09","45.48"
"10","013","00","029","2903","0656","447","272","175","14","461","598","0","77.09","45.48"
"10","013","00","029","2904","0000","286","207","79","17","303","414","0","73.19","50.0"
"10","013","00","029","2904","0658","286","207","79","17","303","414","0","73.19","50.0"
"10","013","00","029","2905","0000","459","277","182","23","482","780","0","61.79","35.51"
"10","013","00","029","2905","0659","459","277","182","23","482","780","0","61.79","35.51"
"10","013","00","029","2906","0000","470","334","136","33","503","771","0","65.24","43.32"
"10","013","00","029","2906","0657","470","334","136","33","503","771","0","65.24","43.32"
"10","013","00","030","0000","0000","3554","2423","1131","192","3746","6257","7445","59.87","38.72"
"10","013","00","030","3001","0000","563","413","150","61","624","917","0","68.05","45.04"
"10","013","00","030","3001","0660","563","413","150","61","624","917","0","68.05","45.04"
"10","013","00","030","3002","0000","363","245","118","6","369","577","0","63.95","42.46"
"10","013","00","030","3002","0661","231","144","87","3","234","361","0","64.82","39.89"
"10","013","00","030","3002","0662","132","101","31","3","135","216","0","62.5","46.76"
"10","013","00","030","3003","0000","496","372","124","23","519","725","0","71.59","51.31"
"10","013","00","030","3003","0663","322","251","71","15","337","445","0","75.73","56.4"
"10","013","00","030","3003","0664","174","121","53","8","182","280","0","65.0","43.21"
"10","013","00","030","3004","0000","612","437","175","36","648","1097","0","59.07","39.84"
"10","013","00","030","3004","0665","612","437","175","36","648","1097","0","59.07","39.84"
"10","013","00","030","3005","0000","544","353","191","21","565","840","0","67.26","42.02"
"10","013","00","030","3005","0666","544","353","191","21","565","840","0","67.26","42.02"
"10","013","00","030","3006","0000","446","286","160","10","456","889","0","51.29","32.17"
"10","013","00","030","3006","0667","446","286","160","10","456","889","0","51.29","32.17"
"10","013","00","030","3007","0000","530","317","213","35","565","1212","0","46.62","26.16"
"10","013","00","030","3007","0668","530","317","213","35","565","1212","0","46.62","26.16"
"10","013","00","031","0000","0000","1700","1095","605","48","1748","3923","4903","44.56","27.91"
"10","013","00","031","3101","0000","390","270","120","8","398","909","0","43.78","29.7"
"10","013","00","031","3101","0669","390","270","120","8","398","909","0","43.78","29.7"
"10","013","00","031","3102","0000","358","243","115","11","369","663","0","55.66","36.65"
"10","013","00","031","3102","0670","358","243","115","11","369","663","0","55.66","36.65"
"10","013","00","031","3103","0000","119","90","29","1","120","304","0","39.47","29.61"
"10","013","00","031","3103","0671","119","90","29","1","120","304","0","39.47","29.61"
"10","013","00","031","3104","0000","453","271","182","15","468","928","0","50.43","29.2"
"10","013","00","031","3104","0672","453","271","182","15","468","928","0","50.43","29.2"
"10","013","00","031","3105","0000","223","144","79","8","231","641","0","36.04","22.46"
"10","013","00","031","3105","0673","223","144","79","8","231","641","0","36.04","22.46"
"10","013","00","031","3106","0000","157","77","80","5","162","478","0","33.89","16.11"
"10","013","00","031","3106","0674","157","77","80","5","162","478","0","33.89","16.11"
"10","013","00","032","0000","0000","2562","1814","748","97","2659","4230","5018","62.86","42.88"
"10","013","00","032","3201","0000","411","307","104","12","423","751","0","56.32","40.88"
"10","013","00","032","3201","0675","411","307","104","12","423","751","0","56.32","40.88"
"10","013","00","032","3202","0000","435","301","134","26","461","776","0","59.41","38.79"
"10","013","00","032","3202","0676","435","301","134","26","461","776","0","59.41","38.79"
"10","013","00","032","3203","0000","487","377","110","14","501","711","0","70.46","53.02"
"10","013","00","032","3203","0677","487","377","110","14","501","711","0","70.46","53.02"
"10","013","00","032","3204","0000","177","102","75","12","189","243","0","77.78","41.98"
"10","013","00","032","3204","0678","177","102","75","12","189","243","0","77.78","41.98"
"10","013","00","032","3205","0000","222","155","67","9","231","325","0","71.08","47.69"
"10","013","00","032","3205","0679","222","155","67","9","231","325","0","71.08","47.69"
"10","013","00","032","3206","0000","258","151","107","7","265","476","0","55.67","31.72"
"10","013","00","032","3206","0680","258","151","107","7","265","476","0","55.67","31.72"
"10","013","00","032","3207","0000","400","319","81","14","414","602","0","68.77","52.99"
"10","013","00","032","3207","0681","400","319","81","14","414","602","0","68.77","52.99"
"10","013","00","032","3208","0000","172","102","70","3","175","346","0","50.58","29.48"
"10","013","00","032","3208","0682","172","102","70","3","175","346","0","50.58","29.48"
"10","013","00","033","0000","0000","1786","1042","744","66","1852","4314","5003","42.93","24.15"
"10","013","00","033","3301","0000","769","435","334","36","805","1648","0","48.85","26.4"
"10","013","00","033","3301","0683","141","79","62","2","143","342","0","41.81","23.1"
"10","013","00","033","3301","0684","628","356","272","34","662","1306","0","50.69","27.26"
"10","013","00","033","3302","0000","200","120","80","2","202","693","0","29.15","17.32"
"10","013","00","033","3302","0685","200","120","80","2","202","693","0","29.15","17.32"
"10","013","00","033","3303","0000","196","139","57","9","205","437","0","46.91","31.81"
"10","013","00","033","3303","0686","196","139","57","9","205","437","0","46.91","31.81"
"10","013","00","033","3304","0000","190","108","82","6","196","392","0","50.0","27.55"
"10","013","00","033","3304","0687","190","108","82","6","196","392","0","50.0","27.55"
"10","013","00","033","3305","0000","300","164","136","8","308","593","0","51.94","27.66"
"10","013","00","033","3305","0688","300","164","136","8","308","593","0","51.94","27.66"
"10","013","00","033","3306","0000","131","76","55","5","136","551","0","24.68","13.79"
"10","013","00","033","3306","0689","131","76","55","5","136","551","0","24.68","13.79"
"10","002","00","000","0000","0000","203472","119746","83726","12663","216135","386089","455508","55.98","31.02"
"10","002","00","001","0000","0000","42970","25673","17297","2111","45081","79167","95747","56.94","32.43"
"10","002","00","001","0101","0000","1398","862","536","60","1458","2598","0","56.12","33.18"
"10","002","00","001","0101","0023","369","239","130","27","396","669","0","59.19","35.72"
"10","002","00","001","0101","0024","506","309","197","20","526","923","0","56.99","33.48"
"10","002","00","001","0101","0025","523","314","209","13","536","1006","0","53.28","31.21"
"10","002","00","001","0102","0000","830","510","320","30","860","1747","0","49.23","29.19"
"10","002","00","001","0102","0021","567","350","217","19","586","1282","0","45.71","27.3"
"10","002","00","001","0102","0022","263","160","103","11","274","465","0","58.92","34.41"
"10","002","00","001","0108","0000","1160","688","472","43","1203","2122","0","56.69","32.42"
"10","002","00","001","0108","0029","624","379","245","31","655","1143","0","57.31","33.16"
"10","002","00","001","0108","0030","536","309","227","12","548","979","0","55.98","31.56"
"10","002","00","001","0109","0000","641","388","253","44","685","1214","0","56.43","31.96"
"10","002","00","001","0109","0031","641","388","253","44","685","1214","0","56.43","31.96"
"10","002","00","001","0110","0000","1013","607","406","46","1059","1717","0","61.68","35.35"
"10","002","00","001","0110","0035","541","331","210","19","560","943","0","59.38","35.1"
"10","002","00","001","0110","0036","472","276","196","27","499","774","0","64.47","35.66"
"10","002","00","001","0111","0000","1079","612","467","63","1142","2036","0","56.09","30.06"
"10","002","00","001","0111","0033","527","308","219","27","554","946","0","58.56","32.56"
"10","002","00","001","0111","0034","552","304","248","36","588","1090","0","53.94","27.89"
"10","002","00","001","0112","0000","693","421","272","52","745","1283","0","58.07","32.81"
"10","002","00","001","0112","0032","693","421","272","52","745","1283","0","58.07","32.81"
"10","002","00","001","0113","0000","986","564","422","58","1044","1815","0","57.52","31.07"
"10","002","00","001","0113","0051","473","268","205","36","509","905","0","56.24","29.61"
"10","002","00","001","0113","0052","513","296","217","22","535","910","0","58.79","32.53"
"10","002","00","001","0114","0000","1213","725","488","61","1274","2214","0","57.54","32.75"
"10","002","00","001","0114","0046","599","350","249","29","628","1110","0","56.58","31.53"
"10","002","00","001","0114","0047","614","375","239","32","646","1104","0","58.51","33.97"
"10","002","00","001","0115","0000","1753","1033","720","83","1836","3262","0","56.28","31.67"
"10","002","00","001","0115","0040","582","350","232","35","617","1084","0","56.92","32.29"
"10","002","00","001","0115","0041","574","355","219","22","596","1095","0","54.43","32.42"
"10","002","00","001","0115","0042","597","328","269","26","623","1083","0","57.53","30.29"
"10","002","00","001","0116","0000","702","403","299","33","735","1434","0","51.26","28.1"
"10","002","00","001","0116","0053","702","403","299","33","735","1434","0","51.26","28.1"
"10","002","00","001","0117","0000","923","538","385","43","966","1803","0","53.58","29.84"
"10","002","00","001","0117","0059","459","260","199","17","476","909","0","52.37","28.6"
"10","002","00","001","0117","0060","464","278","186","26","490","894","0","54.81","31.1"
"10","002","00","001","0118","0000","980","636","344","54","1034","1560","0","66.28","40.77"
"10","002","00","001","0118","0027","451","289","162","18","469","727","0","64.51","39.75"
"10","002","00","001","0118","0028","529","347","182","36","565","833","0","67.83","41.66"
"10","002","00","001","0119","0000","546","330","216","36","582","966","0","60.25","34.16"
"10","002","00","001","0119","0055","546","330","216","36","582","966","0","60.25","34.16"
"10","002","00","001","0121","0000","899","540","359","54","953","1595","0","59.75","33.86"
"10","002","00","001","0121","0056","390","228","162","26","416","711","0","58.51","32.07"
"10","002","00","001","0121","0057","509","312","197","28","537","884","0","60.75","35.29"
"10","002","00","001","0122","0000","722","415","307","45","767","1326","0","57.84","31.3"
"10","002","00","001","0122","0058","722","415","307","45","767","1326","0","57.84","31.3"
"10","002","00","001","0123","0000","587","357","230","52","639","1152","0","55.47","30.99"
"10","002","00","001","0123","0054","587","357","230","52","639","1152","0","55.47","30.99"
"10","002","00","001","0124","0000","1438","868","570","65","1503","2584","0","58.17","33.59"
"10","002","00","001","0124","0064","763","426","337","49","812","1454","0","55.85","29.3"
"10","002","00","001","0124","0065","675","442","233","16","691","1130","0","61.15","39.12"
"10","002","00","001","0125","0000","1061","615","446","54","1115","2025","0","55.06","30.37"
"10","002","00","001","0125","0066","524","304","220","11","535","1087","0","49.22","27.97"
"10","002","00","001","0125","0067","537","311","226","43","580","938","0","61.83","33.16"
"10","002","00","001","0126","0000","1197","701","496","52","1249","2237","0","55.83","31.34"
"10","002","00","001","0126","0068","689","409","280","29","718","1285","0","55.88","31.83"
"10","002","00","001","0126","0069","508","292","216","23","531","952","0","55.78","30.67"
"10","002","00","001","0127","0000","1661","976","685","129","1790","3123","0","57.32","31.25"
"10","002","00","001","0127","0070","527","311","216","45","572","948","0","60.34","32.81"
"10","002","00","001","0127","0071","574","340","234","40","614","1160","0","52.93","29.31"
"10","002","00","001","0127","0072","560","325","235","44","604","1015","0","59.51","32.02"
"10","002","00","001","0128","0000","628","371","257","42","670","1162","0","57.66","31.93"
"10","002","00","001","0128","0078","628","371","257","42","670","1162","0","57.66","31.93"
"10","002","00","001","0131","0000","478","296","182","40","518","959","0","54.01","30.87"
"10","002","00","001","0131","0075","478","296","182","40","518","959","0","54.01","30.87"
"10","002","00","001","0132","0000","1003","599","404","41","1044","1699","0","61.45","35.26"
"10","002","00","001","0132","0076","495","297","198","22","517","814","0","63.51","36.49"
"10","002","00","001","0132","0077","508","302","206","19","527","885","0","59.55","34.12"
"10","002","00","001","0134","0000","781","467","314","55","836","1388","0","60.23","33.65"
"10","002","00","001","0134","0073","249","142","107","14","263","424","0","62.03","33.49"
"10","002","00","001","0134","0074","532","325","207","41","573","964","0","59.44","33.71"
"10","002","00","001","0135","0000","1545","927","618","81","1626","2933","0","55.44","31.61"
"10","002","00","001","0135","0007","478","286","192","28","506","912","0","55.48","31.36"
"10","002","00","001","0135","0008","717","438","279","35","752","1335","0","56.33","32.81"
"10","002","00","001","0135","0009","350","203","147","18","368","686","0","53.64","29.59"
"10","002","00","001","0136","0000","1192","733","459","43","1235","2252","0","54.84","32.55"
"10","002","00","001","0136","0001","520","307","213","13","533","982","0","54.28","31.26"
"10","002","00","001","0136","0002","672","426","246","30","702","1270","0","55.28","33.54"
"10","002","00","001","0137","0000","885","512","373","31","916","1605","0","57.07","31.9"
"10","002","00","001","0137","0003","464","265","199","10","474","849","0","55.83","31.21"
"10","002","00","001","0137","0004","421","247","174","21","442","756","0","58.47","32.67"
"10","002","00","001","0138","0000","2416","1446","970","78","2494","4269","0","58.42","33.87"
"10","002","00","001","0138","0010","795","501","294","33","828","1366","0","60.61","36.68"
"10","002","00","001","0138","0011","759","428","331","18","777","1363","0","57.01","31.4"
"10","002","00","001","0138","0012","862","517","345","27","889","1540","0","57.73","33.57"
"10","002","00","001","0139","0000","1625","935","690","69","1694","3045","0","55.63","30.71"
"10","002","00","001","0139","0015","495","278","217","24","519","900","0","57.67","30.89"
"10","002","00","001","0139","0016","500","314","186","19","519","980","0","52.96","32.04"
"10","002","00","001","0139","0017","630","343","287","26","656","1165","0","56.31","29.44"
"10","002","00","001","0140","0000","1457","876","581","63","1520","2695","0","56.4","32.5"
"10","002","00","001","0140","0018","486","299","187","20","506","904","0","55.97","33.08"
"10","002","00","001","0140","0019","448","276","172","20","468","813","0","57.56","33.95"
"10","002","00","001","0140","0020","523","301","222","23","546","978","0","55.83","30.78"
"10","002","00","001","0141","0000","1629","981","648","70","1699","3051","0","55.69","32.15"
"10","002","00","001","0141","0043","566","349","217","28","594","1108","0","53.61","31.5"
"10","002","00","001","0141","0044","479","285","194","17","496","848","0","58.49","33.61"
"10","002","00","001","0141","0045","584","347","237","25","609","1095","0","55.62","31.69"
"10","002","00","001","0142","0000","1784","1077","707","80","1864","3156","0","59.06","34.13"
"10","002","00","001","0142","0048","645","390","255","22","667","1134","0","58.82","34.39"
"10","002","00","001","0142","0049","631","365","266","31","662","1146","0","57.77","31.85"
"10","002","00","001","0142","0050","508","322","186","27","535","876","0","61.07","36.76"
"10","002","00","001","0143","0000","1415","874","541","37","1452","2550","0","56.94","34.27"
"10","002","00","001","0143","0013","749","449","300","14","763","1341","0","56.9","33.48"
"10","002","00","001","0143","0014","666","425","241","23","689","1209","0","56.99","35.15"
"10","002","00","001","0144","0000","999","619","380","61","1060","2000","0","53.0","30.95"
"10","002","00","001","0144","0005","530","332","198","32","562","1107","0","50.77","29.99"
"10","002","00","001","0144","0006","469","287","182","29","498","893","0","55.77","32.14"
"10","002","00","001","0145","0000","476","307","169","28","504","762","0","66.14","40.29"
"10","002","00","001","0145","0026","476","307","169","28","504","762","0","66.14","40.29"
"10","002","00","001","0146","0000","1470","877","593","68","1538","2915","0","52.76","30.09"
"10","002","00","001","0146","0061","618","359","259","22","640","1259","0","50.83","28.51"
"10","002","00","001","0146","0062","399","237","162","18","417","789","0","52.85","30.04"
"10","002","00","001","0146","0063","453","281","172","28","481","867","0","55.48","32.41"
"10","002","00","001","0147","0000","1705","987","718","67","1772","2913","0","60.83","33.88"
"10","002","00","001","0147","0037","570","335","235","19","589","968","0","60.85","34.61"
"10","002","00","001","0147","0038","548","315","233","23","571","926","0","61.66","34.02"
"10","002","00","001","0147","0039","587","337","250","25","612","1019","0","60.06","33.07"
"10","002","00","002","0000","0000","31548","18673","12875","1743","33291","57686","72457","57.71","32.37"
"10","002","00","002","0204","0000","766","456","310","53","819","1475","0","55.53","30.92"
"10","002","00","002","0204","0081","766","456","310","53","819","1475","0","55.53","30.92"
"10","002","00","002","0205","0000","1850","1058","792","93","1943","3504","0","55.45","30.19"
"10","002","00","002","0205","0082","762","450","312","38","800","1466","0","54.57","30.7"
"10","002","00","002","0205","0083","579","316","263","27","606","1075","0","56.37","29.4"
"10","002","00","002","0205","0084","509","292","217","28","537","963","0","55.76","30.32"
"10","002","00","002","0206","0000","1363","772","591","94","1457","2677","0","54.43","28.84"
"10","002","00","002","0206","0085","751","444","307","64","815","1511","0","53.94","29.38"
"10","002","00","002","0206","0086","612","328","284","30","642","1166","0","55.06","28.13"
"10","002","00","002","0207","0000","1581","929","652","74","1655","3008","0","55.02","30.88"
"10","002","00","002","0207","0087","693","376","317","47","740","1273","0","58.13","29.54"
"10","002","00","002","0207","0088","888","553","335","27","915","1735","0","52.74","31.87"
"10","002","00","002","0208","0000","1291","742","549","63","1354","2324","0","58.26","31.93"
"10","002","00","002","0208","0089","817","486","331","34","851","1487","0","57.23","32.68"
"10","002","00","002","0208","0090","474","256","218","29","503","837","0","60.1","30.59"
"10","002","00","002","0209","0000","745","449","296","48","793","1312","0","60.44","34.22"
"10","002","00","002","0209","0091","745","449","296","48","793","1312","0","60.44","34.22"
"10","002","00","002","0210","0000","742","467","275","61","803","1502","0","53.46","31.09"
"10","002","00","002","0210","0092","742","467","275","61","803","1502","0","53.46","31.09"
"10","002","00","002","0211","0000","578","346","232","24","602","1138","0","52.9","30.4"
"10","002","00","002","0211","0093","578","346","232","24","602","1138","0","52.9","30.4"
"10","002","00","002","0216","0000","1933","1123","810","108","2041","3681","0","55.45","30.51"
"10","002","00","002","0216","0096","606","374","232","27","633","1089","0","58.13","34.34"
"10","002","00","002","0216","0097","669","384","285","42","711","1304","0","54.52","29.45"
"10","002","00","002","0216","0098","658","365","293","39","697","1288","0","54.11","28.34"
"10","002","00","002","0217","0000","1560","884","676","95","1655","2850","0","58.07","31.02"
"10","002","00","002","0217","0102","786","441","345","49","835","1420","0","58.8","31.06"
"10","002","00","002","0217","0103","774","443","331","46","820","1430","0","57.34","30.98"
"10","002","00","002","0218","0000","1558","888","670","82","1640","2804","0","58.49","31.67"
"10","002","00","002","0218","0104","588","342","246","46","634","1075","0","58.98","31.81"
"10","002","00","002","0218","0105","506","290","216","25","531","879","0","60.41","32.99"
"10","002","00","002","0218","0106","464","256","208","11","475","850","0","55.88","30.12"
"10","002","00","002","0219","0000","1965","1245","720","89","2054","3623","0","56.69","34.36"
"10","002","00","002","0219","0111","765","524","241","39","804","1431","0","56.18","36.62"
"10","002","00","002","0219","0112","610","360","250","25","635","1109","0","57.26","32.46"
"10","002","00","002","0219","0113","590","361","229","25","615","1083","0","56.79","33.33"
"10","002","00","002","0220","0000","1476","886","590","81","1557","2692","0","57.84","32.91"
"10","002","00","002","0220","0114","772","462","310","44","816","1404","0","58.12","32.91"
"10","002","00","002","0220","0115","704","424","280","37","741","1288","0","57.53","32.92"
"10","002","00","002","0221","0000","520","321","199","27","547","1183","0","46.24","27.13"
"10","002","00","002","0221","0116","520","321","199","27","547","1183","0","46.24","27.13"
"10","002","00","002","0222","0000","1643","984","659","99","1742","2865","0","60.8","34.35"
"10","002","00","002","0222","0117","626","373","253","36","662","1105","0","59.91","33.76"
"10","002","00","002","0222","0118","575","334","241","31","606","987","0","61.4","33.84"
"10","002","00","002","0222","0119","442","277","165","32","474","773","0","61.32","35.83"
"10","002","00","002","0223","0000","1560","942","618","117","1677","2926","0","57.31","32.19"
"10","002","00","002","0223","0123","511","306","205","53","564","977","0","57.73","31.32"
"10","002","00","002","0223","0124","497","295","202","35","532","972","0","54.73","30.35"
"10","002","00","002","0223","0125","552","341","211","29","581","977","0","59.47","34.9"
"10","002","00","002","0224","0000","1999","1228","771","100","2099","3551","0","59.11","34.58"
"10","002","00","002","0224","0126","782","489","293","44","826","1398","0","59.08","34.98"
"10","002","00","002","0224","0127","553","327","226","24","577","1022","0","56.46","32.0"
"10","002","00","002","0224","0128","664","412","252","32","696","1131","0","61.54","36.43"
"10","002","00","002","0225","0000","2095","1205","890","79","2174","3431","0","63.36","35.12"
"10","002","00","002","0225","0120","837","448","389","32","869","1366","0","63.62","32.8"
"10","002","00","002","0225","0121","560","329","231","25","585","907","0","64.5","36.27"
"10","002","00","002","0225","0122","698","428","270","22","720","1158","0","62.18","36.96"
"10","002","00","002","0226","0000","2534","1510","1024","121","2655","4360","0","60.89","34.63"
"10","002","00","002","0226","0107","640","365","275","24","664","1111","0","59.77","32.85"
"10","002","00","002","0226","0108","684","427","257","30","714","1139","0","62.69","37.49"
"10","002","00","002","0226","0109","663","396","267","35","698","1130","0","61.77","35.04"
"10","002","00","002","0226","0110","547","322","225","32","579","980","0","59.08","32.86"
"10","002","00","002","0227","0000","1742","1012","730","113","1855","2990","0","62.04","33.85"
"10","002","00","002","0227","0099","595","334","261","47","642","1036","0","61.97","32.24"
"10","002","00","002","0227","0100","589","364","225","31","620","969","0","63.98","37.56"
"10","002","00","002","0227","0101","558","314","244","35","593","985","0","60.2","31.88"
"10","002","00","002","0228","0000","766","461","305","41","807","1407","0","57.36","32.76"
"10","002","00","002","0228","0079","384","219","165","23","407","689","0","59.07","31.79"
"10","002","00","002","0228","0080","382","242","140","18","400","718","0","55.71","33.7"
"10","002","00","002","0229","0000","744","472","272","52","796","1373","0","57.98","34.38"
"10","002","00","002","0229","0095","744","472","272","52","796","1373","0","57.98","34.38"
"10","002","00","002","0230","0000","537","293","244","29","566","1010","0","56.04","29.01"
"10","002","00","002","0230","0094","537","293","244","29","566","1010","0","56.04","29.01"
"10","002","00","003","0000","0000","17990","10125","7865","1472","19462","34512","39785","56.39","29.34"
"10","002","00","003","0301","0000","1827","993","834","110","1937","3364","0","57.58","29.52"
"10","002","00","003","0301","0129","644","345","299","31","675","1194","0","56.53","28.89"
"10","002","00","003","0301","0130","588","337","251","33","621","1128","0","55.05","29.88"
"10","002","00","003","0301","0131","595","311","284","46","641","1042","0","61.52","29.85"
"10","002","00","003","0302","0000","559","305","254","28","587","997","0","58.88","30.59"
"10","002","00","003","0302","0132","559","305","254","28","587","997","0","58.88","30.59"
"10","002","00","003","0303","0000","1967","1094","873","165","2132","3693","0","57.73","29.62"
"10","002","00","003","0303","0133","681","383","298","58","739","1303","0","56.72","29.39"
"10","002","00","003","0303","0134","691","381","310","61","752","1260","0","59.68","30.24"
"10","002","00","003","0303","0135","595","330","265","46","641","1130","0","56.73","29.2"
"10","002","00","003","0304","0000","457","242","215","43","500","910","0","54.95","26.59"
"10","002","00","003","0304","0136","291","152","139","26","317","559","0","56.71","27.19"
"10","002","00","003","0304","0137","166","90","76","17","183","351","0","52.14","25.64"
"10","002","00","003","0305","0000","673","368","305","66","739","1323","0","55.86","27.82"
"10","002","00","003","0305","0138","449","250","199","49","498","889","0","56.02","28.12"
"10","002","00","003","0305","0139","224","118","106","17","241","434","0","55.53","27.19"
"10","002","00","003","0307","0000","1621","907","714","126","1747","2945","0","59.32","30.8"
"10","002","00","003","0307","0140","482","283","199","29","511","835","0","61.2","33.89"
"10","002","00","003","0307","0141","521","293","228","40","561","975","0","57.54","30.05"
"10","002","00","003","0307","0142","618","331","287","57","675","1135","0","59.47","29.16"
"10","002","00","003","0308","0000","717","408","309","56","773","1257","0","61.5","32.46"
"10","002","00","003","0308","0143","477","273","204","37","514","788","0","65.23","34.64"
"10","002","00","003","0308","0144","240","135","105","19","259","469","0","55.22","28.78"
"10","002","00","003","0309","0000","1180","659","521","75","1255","2300","0","54.57","28.65"
"10","002","00","003","0309","0148","566","327","239","36","602","1146","0","52.53","28.53"
"10","002","00","003","0309","0149","614","332","282","39","653","1154","0","56.59","28.77"
"10","002","00","003","0310","0000","1274","701","573","84","1358","2398","0","56.63","29.23"
"10","002","00","003","0310","0150","452","213","239","18","470","908","0","51.76","23.46"
"10","002","00","003","0310","0151","341","201","140","23","364","656","0","55.49","30.64"
"10","002","00","003","0310","0152","481","287","194","43","524","834","0","62.83","34.41"
"10","002","00","003","0311","0000","574","337","237","41","615","1025","0","60.0","32.88"
"10","002","00","003","0311","0153","574","337","237","41","615","1025","0","60.0","32.88"
"10","002","00","003","0312","0000","252","140","112","12","264","455","0","58.02","30.77"
"10","002","00","003","0312","0154","252","140","112","12","264","455","0","58.02","30.77"
"10","002","00","003","0313","0000","282","181","101","32","314","535","0","58.69","33.83"
"10","002","00","003","0313","0155","282","181","101","32","314","535","0","58.69","33.83"
"10","002","00","003","0314","0000","314","173","141","28","342","536","0","63.81","32.28"
"10","002","00","003","0314","0156","314","173","141","28","342","536","0","63.81","32.28"
"10","002","00","003","0315","0000","267","145","122","9","276","451","0","61.2","32.15"
"10","002","00","003","0315","0157","267","145","122","9","276","451","0","61.2","32.15"
"10","002","00","003","0316","0000","303","172","131","30","333","593","0","56.16","29.01"
"10","002","00","003","0316","0158","303","172","131","30","333","593","0","56.16","29.01"
"10","002","00","003","0317","0000","233","130","103","21","254","441","0","57.6","29.48"
"10","002","00","003","0317","0159","233","130","103","21","254","441","0","57.6","29.48"
"10","002","00","003","0318","0000","502","288","214","46","548","954","0","57.44","30.19"
"10","002","00","003","0318","0160","502","288","214","46","548","954","0","57.44","30.19"
"10","002","00","003","0319","0000","469","271","198","52","521","952","0","54.73","28.47"
"10","002","00","003","0319","0161","469","271","198","52","521","952","0","54.73","28.47"
"10","002","00","003","0320","0000","543","304","239","52","595","1125","0","52.89","27.02"
"10","002","00","003","0320","0162","543","304","239","52","595","1125","0","52.89","27.02"
"10","002","00","003","0321","0000","663","402","261","88","751","1469","0","51.12","27.37"
"10","002","00","003","0321","0163","373","240","133","59","432","763","0","56.62","31.45"
"10","002","00","003","0321","0164","290","162","128","29","319","706","0","45.18","22.95"
"10","002","00","003","0322","0000","466","282","184","54","520","1068","0","48.69","26.4"
"10","002","00","003","0322","0165","466","282","184","54","520","1068","0","48.69","26.4"
"10","002","00","003","0323","0000","611","327","284","106","717","1240","0","57.82","26.37"
"10","002","00","003","0323","0166","346","186","160","42","388","666","0","58.26","27.93"
"10","002","00","003","0323","0167","265","141","124","64","329","574","0","57.32","24.56"
"10","002","00","003","0324","0000","159","72","87","6","165","351","0","47.01","20.51"
"10","002","00","003","0324","0168","159","72","87","6","165","351","0","47.01","20.51"
"10","002","00","003","0325","0000","365","233","132","40","405","717","0","56.49","32.5"
"10","002","00","003","0325","0169","365","233","132","40","405","717","0","56.49","32.5"
"10","002","00","003","0326","0000","221","135","86","29","250","596","0","41.95","22.65"
"10","002","00","003","0326","0170","136","96","40","19","155","373","0","41.55","25.74"
"10","002","00","003","0326","0171","85","39","46","10","95","223","0","42.6","17.49"
"10","002","00","003","0327","0000","1491","856","635","73","1564","2817","0","55.52","30.39"
"10","002","00","003","0327","0145","420","244","176","24","444","811","0","54.75","30.09"
"10","002","00","003","0327","0146","463","262","201","14","477","867","0","55.02","30.22"
"10","002","00","003","0327","0147","608","350","258","35","643","1139","0","56.45","30.73"
"10","002","00","004","0000","0000","12806","7489","5317","1006","13812","25135","29173","54.95","29.8"
"10","002","00","004","0401","0000","95","58","37","12","107","292","0","36.64","19.86"
"10","002","00","004","0401","0172","95","58","37","12","107","292","0","36.64","19.86"
"10","002","00","004","0402","0000","340","181","159","30","370","688","0","53.78","26.31"
"10","002","00","004","0402","0173","340","181","159","30","370","688","0","53.78","26.31"
"10","002","00","004","0403","0000","412","238","174","39","451","879","0","51.31","27.08"
"10","002","00","004","0403","0175","412","238","174","39","451","879","0","51.31","27.08"
"10","002","00","004","0404","0000","182","93","89","22","204","335","0","60.9","27.76"
"10","002","00","004","0404","0176","182","93","89","22","204","335","0","60.9","27.76"
"10","002","00","004","0405","0000","690","435","255","47","737","1356","0","54.35","32.08"
"10","002","00","004","0405","0177","368","242","126","24","392","624","0","62.82","38.78"
"10","002","00","004","0405","0178","322","193","129","23","345","732","0","47.13","26.37"
"10","002","00","004","0406","0000","386","206","180","33","419","892","0","46.97","23.09"
"10","002","00","004","0406","0179","386","206","180","33","419","892","0","46.97","23.09"
"10","002","00","004","0407","0000","290","164","126","23","313","690","0","45.36","23.77"
"10","002","00","004","0407","0180","290","164","126","23","313","690","0","45.36","23.77"
"10","002","00","004","0408","0000","802","461","341","61","863","1578","0","54.69","29.21"
"10","002","00","004","0408","0181","422","250","172","30","452","842","0","53.68","29.69"
"10","002","00","004","0408","0182","380","211","169","31","411","736","0","55.84","28.67"
"10","002","00","004","0409","0000","656","362","294","34","690","1348","0","51.19","26.85"
"10","002","00","004","0409","0183","388","226","162","15","403","788","0","51.14","28.68"
"10","002","00","004","0409","0184","268","136","132","19","287","560","0","51.25","24.29"
"10","002","00","004","0410","0000","403","257","146","22","425","712","0","59.69","36.1"
"10","002","00","004","0410","0185","403","257","146","22","425","712","0","59.69","36.1"
"10","002","00","004","0411","0000","303","177","126","19","322","502","0","64.14","35.26"
"10","002","00","004","0411","0186","303","177","126","19","322","502","0","64.14","35.26"
"10","002","00","004","0412","0000","330","202","128","28","358","569","0","62.92","35.5"
"10","002","00","004","0412","0187","330","202","128","28","358","569","0","62.92","35.5"
"10","002","00","004","0413","0000","339","212","127","22","361","633","0","57.03","33.49"
"10","002","00","004","0413","0188","339","212","127","22","361","633","0","57.03","33.49"
"10","002","00","004","0414","0000","965","554","411","69","1034","2167","0","47.72","25.57"
"10","002","00","004","0414","0189","494","271","223","44","538","1132","0","47.53","23.94"
"10","002","00","004","0414","0190","471","283","188","25","496","1035","0","47.92","27.34"
"10","002","00","004","0415","0000","1101","649","452","67","1168","2019","0","57.85","32.14"
"10","002","00","004","0415","0191","474","282","192","30","504","847","0","59.5","33.29"
"10","002","00","004","0415","0192","627","367","260","37","664","1172","0","56.66","31.31"
"10","002","00","004","0416","0000","1033","557","476","58","1091","1971","0","55.35","28.26"
"10","002","00","004","0416","0193","435","235","200","35","470","896","0","52.46","26.23"
"10","002","00","004","0416","0194","598","322","276","23","621","1075","0","57.77","29.95"
"10","002","00","004","0417","0000","500","267","233","46","546","931","0","58.65","28.68"
"10","002","00","004","0417","0195","500","267","233","46","546","931","0","58.65","28.68"
"10","002","00","004","0418","0000","852","549","303","60","912","1730","0","52.72","31.73"
"10","002","00","004","0418","0196","530","349","181","31","561","1021","0","54.95","34.18"
"10","002","00","004","0418","0197","322","200","122","29","351","709","0","49.51","28.21"
"10","002","00","004","0419","0000","404","248","156","38","442","689","0","64.15","35.99"
"10","002","00","004","0419","0198","404","248","156","38","442","689","0","64.15","35.99"
"10","002","00","004","0420","0000","735","429","306","64","799","1374","0","58.15","31.22"
"10","002","00","004","0420","0199","354","211","143","30","384","615","0","62.44","34.31"
"10","002","00","004","0420","0200","381","218","163","34","415","759","0","54.68","28.72"
"10","002","00","004","0421","0000","501","320","181","63","564","917","0","61.5","34.9"
"10","002","00","004","0421","0201","501","320","181","63","564","917","0","61.5","34.9"
"10","002","00","004","0422","0000","545","327","218","58","603","1045","0","57.7","31.29"
"10","002","00","004","0422","0202","545","327","218","58","603","1045","0","57.7","31.29"
"10","002","00","004","0423","0000","588","343","245","49","637","1130","0","56.37","30.35"
"10","002","00","004","0423","0203","588","343","245","49","637","1130","0","56.37","30.35"
"10","002","00","004","0424","0000","354","200","154","42","396","688","0","57.56","29.07"
"10","002","00","004","0424","0174","354","200","154","42","396","688","0","57.56","29.07"
"10","002","00","005","0000","0000","15871","9089","6782","1029","16900","31084","35668","54.37","29.24"
"10","002","00","005","0501","0000","780","465","315","48","828","1627","0","50.89","28.58"
"10","002","00","005","0501","0204","532","320","212","29","561","1122","0","50.0","28.52"
"10","002","00","005","0501","0205","248","145","103","19","267","505","0","52.87","28.71"
"10","002","00","005","0502","0000","994","583","411","42","1036","1959","0","52.88","29.76"
"10","002","00","005","0502","0206","490","292","198","24","514","988","0","52.02","29.55"
"10","002","00","005","0502","0207","504","291","213","18","522","971","0","53.76","29.97"
"10","002","00","005","0503","0000","1841","1032","809","86","1927","4033","0","47.78","25.59"
"10","002","00","005","0503","0208","582","344","238","41","623","1246","0","50.0","27.61"
"10","002","00","005","0503","0209","766","411","355","25","791","1655","0","47.79","24.83"
"10","002","00","005","0503","0210","493","277","216","20","513","1132","0","45.32","24.47"
"10","002","00","005","0504","0000","1330","822","508","72","1402","2559","0","54.79","32.12"
"10","002","00","005","0504","0211","424","265","159","19","443","783","0","56.58","33.84"
"10","002","00","005","0504","0212","475","287","188","25","500","928","0","53.88","30.93"
"10","002","00","005","0504","0213","431","270","161","28","459","848","0","54.13","31.84"
"10","002","00","005","0505","0000","390","221","169","32","422","663","0","63.65","33.33"
"10","002","00","005","0505","0214","390","221","169","32","422","663","0","63.65","33.33"
"10","002","00","005","0506","0000","766","484","282","48","814","1441","0","56.49","33.59"
"10","002","00","005","0506","0215","324","195","129","17","341","608","0","56.09","32.07"
"10","002","00","005","0506","0216","442","289","153","31","473","833","0","56.78","34.69"
"10","002","00","005","0507","0000","573","314","259","24","597","1233","0","48.42","25.47"
"10","002","00","005","0507","0217","573","314","259","24","597","1233","0","48.42","25.47"
"10","002","00","005","0508","0000","711","370","341","74","785","1429","0","54.93","25.89"
"10","002","00","005","0508","0218","429","226","203","51","480","854","0","56.21","26.46"
"10","002","00","005","0508","0219","282","144","138","23","305","575","0","53.04","25.04"
"10","002","00","005","0509","0000","1138","625","513","79","1217","2140","0","56.87","29.21"
"10","002","00","005","0509","0220","434","239","195","35","469","835","0","56.17","28.62"
"10","002","00","005","0509","0221","704","386","318","44","748","1305","0","57.32","29.58"
"10","002","00","005","0510","0000","1232","681","551","120","1352","2402","0","56.29","28.35"
"10","002","00","005","0510","0222","415","233","182","45","460","830","0","55.42","28.07"
"10","002","00","005","0510","0223","390","215","175","38","428","649","0","65.95","33.13"
"10","002","00","005","0510","0224","427","233","194","37","464","923","0","50.27","25.24"
"10","002","00","005","0511","0000","526","308","218","32","558","1177","0","47.41","26.17"
"10","002","00","005","0511","0225","526","308","218","32","558","1177","0","47.41","26.17"
"10","002","00","005","0512","0000","433","252","181","29","462","840","0","55.0","30.0"
"10","002","00","005","0512","0226","433","252","181","29","462","840","0","55.0","30.0"
"10","002","00","005","0513","0000","568","331","237","31","599","1051","0","56.99","31.49"
"10","002","00","005","0513","0227","568","331","237","31","599","1051","0","56.99","31.49"
"10","002","00","005","0514","0000","652","380","272","38","690","1339","0","51.53","28.38"
"10","002","00","005","0514","0228","652","380","272","38","690","1339","0","51.53","28.38"
"10","002","00","005","0515","0000","1425","860","565","72","1497","2508","0","59.69","34.29"
"10","002","00","005","0515","0229","673","405","268","35","708","1194","0","59.3","33.92"
"10","002","00","005","0515","0230","752","455","297","37","789","1314","0","60.05","34.63"
"10","002","00","005","0516","0000","1764","946","818","134","1898","3311","0","57.32","28.57"
"10","002","00","005","0516","0231","592","307","285","33","625","1125","0","55.56","27.29"
"10","002","00","005","0516","0232","670","359","311","54","724","1207","0","59.98","29.74"
"10","002","00","005","0516","0233","502","280","222","47","549","979","0","56.08","28.6"
"10","002","00","005","0517","0000","530","288","242","54","584","954","0","61.22","30.19"
"10","002","00","005","0517","0234","530","288","242","54","584","954","0","61.22","30.19"
"10","002","00","005","0518","0000","218","127","91","14","232","418","0","55.5","30.38"
"10","002","00","005","0518","0235","218","127","91","14","232","418","0","55.5","30.38"
"10","002","00","006","0000","0000","11663","6976","4687","891","12554","21447","24315","58.53","32.53"
"10","002","00","006","0601","0000","1422","861","561","81","1503","2484","0","60.51","34.66"
"10","002","00","006","0601","0236","814","499","315","57","871","1435","0","60.7","34.77"
"10","002","00","006","0601","0237","608","362","246","24","632","1049","0","60.25","34.51"
"10","002","00","006","0602","0000","963","584","379","85","1048","1835","0","57.11","31.83"
"10","002","00","006","0602","0239","453","280","173","52","505","868","0","58.18","32.26"
"10","002","00","006","0602","0240","510","304","206","33","543","967","0","56.15","31.44"
"10","002","00","006","0603","0000","535","309","226","48","583","940","0","62.02","32.87"
"10","002","00","006","0603","0241","535","309","226","48","583","940","0","62.02","32.87"
"10","002","00","006","0604","0000","456","281","175","28","484","975","0","49.64","28.82"
"10","002","00","006","0604","0242","456","281","175","28","484","975","0","49.64","28.82"
"10","002","00","006","0605","0000","879","530","349","85","964","1605","0","60.06","33.02"
"10","002","00","006","0605","0243","439","260","179","50","489","797","0","61.36","32.62"
"10","002","00","006","0605","0244","440","270","170","35","475","808","0","58.79","33.42"
"10","002","00","006","0606","0000","783","468","315","84","867","1523","0","56.93","30.73"
"10","002","00","006","0606","0245","492","290","202","58","550","911","0","60.37","31.83"
"10","002","00","006","0606","0246","291","178","113","26","317","612","0","51.8","29.08"
"10","002","00","006","0607","0000","460","281","179","44","504","790","0","63.8","35.57"
"10","002","00","006","0607","0247","460","281","179","44","504","790","0","63.8","35.57"
"10","002","00","006","0608","0000","1298","765","533","108","1406","2338","0","60.14","32.72"
"10","002","00","006","0608","0248","482","277","205","46","528","878","0","60.14","31.55"
"10","002","00","006","0608","0249","441","250","191","37","478","723","0","66.11","34.58"
"10","002","00","006","0608","0250","375","238","137","25","400","737","0","54.27","32.29"
"10","002","00","006","0609","0000","857","513","344","45","902","1581","0","57.05","32.45"
"10","002","00","006","0609","0251","380","227","153","34","414","686","0","60.35","33.09"
"10","002","00","006","0609","0252","477","286","191","11","488","895","0","54.53","31.96"
"10","002","00","006","0610","0000","715","453","262","43","758","1237","0","61.28","36.62"
"10","002","00","006","0610","0253","715","453","262","43","758","1237","0","61.28","36.62"
"10","002","00","006","0611","0000","1184","724","460","91","1275","2241","0","56.89","32.31"
"10","002","00","006","0611","0254","602","353","249","49","651","1134","0","57.41","31.13"
"10","002","00","006","0611","0255","582","371","211","42","624","1107","0","56.37","33.51"
"10","002","00","006","0612","0000","610","381","229","37","647","1057","0","61.21","36.05"
"10","002","00","006","0612","0256","610","381","229","37","647","1057","0","61.21","36.05"
"10","002","00","006","0613","0000","882","493","389","71","953","1773","0","53.75","27.81"
"10","002","00","006","0613","0257","508","282","226","40","548","1051","0","52.14","26.83"
"10","002","00","006","0613","0258","374","211","163","31","405","722","0","56.09","29.22"
"10","002","00","006","0614","0000","619","333","286","41","660","1068","0","61.8","31.18"
"10","002","00","006","0614","0238","619","333","286","41","660","1068","0","61.8","31.18"
"10","002","00","007","0000","0000","14228","8311","5917","1048","15276","28131","32281","54.3","29.54"
"10","002","00","007","0701","0000","2808","1729","1079","166","2974","5648","0","52.66","30.61"
"10","002","00","007","0701","0259","689","396","293","38","727","1393","0","52.19","28.43"
"10","002","00","007","0701","0260","441","271","170","24","465","895","0","51.96","30.28"
"10","002","00","007","0701","0261","620","409","211","49","669","1231","0","54.35","33.23"
"10","002","00","007","0701","0262","542","338","204","25","567","1098","0","51.64","30.78"
"10","002","00","007","0701","0263","516","315","201","30","546","1031","0","52.96","30.55"
"10","002","00","007","0702","0000","1025","590","435","92","1117","2198","0","50.82","26.84"
"10","002","00","007","0702","0264","501","289","212","56","557","1030","0","54.08","28.06"
"10","002","00","007","0702","0265","524","301","223","36","560","1168","0","47.95","25.77"
"10","002","00","007","0703","0000","837","470","367","76","913","1587","0","57.53","29.62"
"10","002","00","007","0703","0266","424","242","182","40","464","809","0","57.35","29.91"
"10","002","00","007","0703","0267","413","228","185","36","449","778","0","57.71","29.31"
"10","002","00","007","0704","0000","802","469","333","45","847","1465","0","57.82","32.01"
"10","002","00","007","0704","0268","802","469","333","45","847","1465","0","57.82","32.01"
"10","002","00","007","0705","0000","992","587","405","76","1068","1839","0","58.08","31.92"
"10","002","00","007","0705","0269","540","328","212","45","585","979","0","59.75","33.5"
"10","002","00","007","0705","0270","452","259","193","31","483","860","0","56.16","30.12"
"10","002","00","007","0706","0000","553","302","251","48","601","1205","0","49.88","25.06"
"10","002","00","007","0706","0271","553","302","251","48","601","1205","0","49.88","25.06"
"10","002","00","007","0707","0000","811","510","301","48","859","1494","0","57.5","34.14"
"10","002","00","007","0707","0272","580","377","203","32","612","1082","0","56.56","34.84"
"10","002","00","007","0707","0273","231","133","98","16","247","412","0","59.95","32.28"
"10","002","00","007","0708","0000","279","166","113","24","303","635","0","47.72","26.14"
"10","002","00","007","0708","0274","185","114","71","14","199","403","0","49.38","28.29"
"10","002","00","007","0708","0275","94","52","42","10","104","232","0","44.83","22.41"
"10","002","00","007","0709","0000","943","551","392","73","1016","1838","0","55.28","29.98"
"10","002","00","007","0709","0276","485","278","207","28","513","944","0","54.34","29.45"
"10","002","00","007","0709","0277","458","273","185","45","503","894","0","56.26","30.54"
"10","002","00","007","0710","0000","725","462","263","35","760","1356","0","56.05","34.07"
"10","002","00","007","0710","0278","725","462","263","35","760","1356","0","56.05","34.07"
"10","002","00","007","0711","0000","1257","767","490","97","1354","2295","0","59.0","33.42"
"10","002","00","007","0711","0279","425","250","175","34","459","780","0","58.85","32.05"
"10","002","00","007","0711","0280","558","358","200","33","591","932","0","63.41","38.41"
"10","002","00","007","0711","0281","274","159","115","30","304","583","0","52.14","27.27"
"10","002","00","007","0712","0000","1253","643","610","99","1352","2435","0","55.52","26.41"
"10","002","00","007","0712","0282","463","286","177","40","503","900","0","55.89","31.78"
"10","002","00","007","0712","0283","392","222","170","22","414","747","0","55.42","29.72"
"10","002","00","007","0712","0284","398","135","263","37","435","788","0","55.2","17.13"
"10","002","00","007","0713","0000","425","223","202","42","467","884","0","52.83","25.23"
"10","002","00","007","0713","0285","425","223","202","42","467","884","0","52.83","25.23"
"10","002","00","007","0714","0000","418","233","185","29","447","857","0","52.16","27.19"
"10","002","00","007","0714","0286","418","233","185","29","447","857","0","52.16","27.19"
"10","002","00","007","0715","0000","507","278","229","17","524","1016","0","51.57","27.36"
"10","002","00","007","0715","0287","507","278","229","17","524","1016","0","51.57","27.36"
"10","002","00","007","0716","0000","593","331","262","81","674","1379","0","48.88","24.0"
"10","002","00","007","0716","0288","277","150","127","31","308","690","0","44.64","21.74"
"10","002","00","007","0716","0289","316","181","135","50","366","689","0","53.12","26.27"
"10","002","00","008","0000","0000","23135","13199","9936","1316","24451","45405","52843","53.85","29.07"
"10","002","00","008","0801","0000","615","331","284","34","649","1217","0","53.33","27.2"
"10","002","00","008","0801","0312","615","331","284","34","649","1217","0","53.33","27.2"
"10","002","00","008","0802","0000","906","522","384","65","971","1624","0","59.79","32.14"
"10","002","00","008","0802","0290","442","258","184","44","486","807","0","60.22","31.97"
"10","002","00","008","0802","0291","464","264","200","21","485","817","0","59.36","32.31"
"10","002","00","008","0803","0000","623","348","275","36","659","1156","0","57.01","30.1"
"10","002","00","008","0803","0292","623","348","275","36","659","1156","0","57.01","30.1"
"10","002","00","008","0804","0000","450","246","204","36","486","892","0","54.48","27.58"
"10","002","00","008","0804","0293","450","246","204","36","486","892","0","54.48","27.58"
"10","002","00","008","0805","0000","528","298","230","0","528","897","0","58.86","33.22"
"10","002","00","008","0805","0294","528","298","230","0","528","897","0","58.86","33.22"
"10","002","00","008","0806","0000","814","442","372","29","843","1392","0","60.56","31.75"
"10","002","00","008","0806","0295","814","442","372","29","843","1392","0","60.56","31.75"
"10","002","00","008","0807","0000","1476","816","660","56","1532","2906","0","52.72","28.08"
"10","002","00","008","0807","0296","809","433","376","34","843","1471","0","57.31","29.44"
"10","002","00","008","0807","0297","667","383","284","22","689","1435","0","48.01","26.69"
"10","002","00","008","0808","0000","1559","887","672","71","1630","2975","0","54.79","29.82"
"10","002","00","008","0808","0298","755","428","327","36","791","1519","0","52.07","28.18"
"10","002","00","008","0808","0299","804","459","345","35","839","1456","0","57.62","31.52"
"10","002","00","008","0809","0000","385","218","167","19","404","694","0","58.21","31.41"
"10","002","00","008","0809","0301","385","218","167","19","404","694","0","58.21","31.41"
"10","002","00","008","0810","0000","418","252","166","21","439","711","0","61.74","35.44"
"10","002","00","008","0810","0300","418","252","166","21","439","711","0","61.74","35.44"
"10","002","00","008","0811","0000","909","485","424","56","965","1526","0","63.24","31.78"
"10","002","00","008","0811","0302","909","485","424","56","965","1526","0","63.24","31.78"
"10","002","00","008","0812","0000","464","249","215","25","489","884","0","55.32","28.17"
"10","002","00","008","0812","0303","464","249","215","25","489","884","0","55.32","28.17"
"10","002","00","008","0813","0000","465","400","65","54","519","1465","0","35.43","27.3"
"10","002","00","008","0813","0304","465","400","65","54","519","1465","0","35.43","27.3"
"10","002","00","008","0814","0000","260","157","103","25","285","488","0","58.4","32.17"
"10","002","00","008","0814","0305","260","157","103","25","285","488","0","58.4","32.17"
"10","002","00","008","0815","0000","2399","1315","1084","164","2563","4993","0","51.33","26.34"
"10","002","00","008","0815","0306","603","359","244","48","651","1218","0","53.45","29.47"
"10","002","00","008","0815","0307","618","344","274","45","663","1291","0","51.36","26.65"
"10","002","00","008","0815","0308","640","378","262","33","673","1324","0","50.83","28.55"
"10","002","00","008","0815","0309","538","234","304","38","576","1160","0","49.66","20.17"
"10","002","00","008","0816","0000","1496","862","634","92","1588","3000","0","52.93","28.73"
"10","002","00","008","0816","0310","623","370","253","51","674","1246","0","54.09","29.7"
"10","002","00","008","0816","0311","873","492","381","41","914","1754","0","52.11","28.05"
"10","002","00","008","0817","0000","2244","1246","998","154","2398","4651","0","51.56","26.79"
"10","002","00","008","0817","0313","676","377","299","45","721","1495","0","48.23","25.22"
"10","002","00","008","0817","0314","475","239","236","36","511","937","0","54.54","25.51"
"10","002","00","008","0817","0315","547","305","242","33","580","1101","0","52.68","27.7"
"10","002","00","008","0817","0316","546","325","221","40","586","1118","0","52.42","29.07"
"10","002","00","008","0818","0000","2018","1135","883","96","2114","3732","0","56.65","30.41"
"10","002","00","008","0818","0317","721","421","300","31","752","1301","0","57.8","32.36"
"10","002","00","008","0818","0318","631","343","288","25","656","1225","0","53.55","28.0"
"10","002","00","008","0818","0319","666","371","295","40","706","1206","0","58.54","30.76"
"10","002","00","008","0819","0000","1186","690","496","69","1255","2429","0","51.67","28.41"
"10","002","00","008","0819","0320","618","366","252","33","651","1278","0","50.94","28.64"
"10","002","00","008","0819","0321","568","324","244","36","604","1151","0","52.48","28.15"
"10","002","00","008","0820","0000","504","321","183","38","542","1094","0","49.54","29.34"
"10","002","00","008","0820","0322","504","321","183","38","542","1094","0","49.54","29.34"
"10","002","00","008","0821","0000","1260","717","543","79","1339","2494","0","53.69","28.75"
"10","002","00","008","0821","0323","668","385","283","39","707","1247","0","56.7","30.87"
"10","002","00","008","0821","0324","592","332","260","40","632","1247","0","50.68","26.62"
"10","002","00","008","0822","0000","922","552","370","39","961","1677","0","57.3","32.92"
"10","002","00","008","0822","0325","516","293","223","22","538","979","0","54.95","29.93"
"10","002","00","008","0822","0326","406","259","147","17","423","698","0","60.6","37.11"
"10","002","00","008","0823","0000","879","513","366","39","918","1726","0","53.19","29.72"
"10","002","00","008","0823","0327","879","513","366","39","918","1726","0","53.19","29.72"
"10","002","00","008","0824","0000","355","197","158","19","374","782","0","47.83","25.19"
"10","002","00","008","0824","0328","355","197","158","19","374","782","0","47.83","25.19"
"10","002","00","009","0000","0000","17640","10228","7412","1126","18766","34892","39577","53.78","29.31"
"10","002","00","009","0901","0000","996","554","442","58","1054","2020","0","52.18","27.43"
"10","002","00","009","0901","0329","516","303","213","36","552","1076","0","51.3","28.16"
"10","002","00","009","0901","0330","480","251","229","22","502","944","0","53.18","26.59"
"10","002","00","009","0902","0000","969","582","387","56","1025","1773","0","57.81","32.83"
"10","002","00","009","0902","0331","467","286","181","25","492","836","0","58.85","34.21"
"10","002","00","009","0902","0332","502","296","206","31","533","937","0","56.88","31.59"
"10","002","00","009","0903","0000","1273","742","531","77","1350","2525","0","53.47","29.39"
"10","002","00","009","0903","0333","632","369","263","31","663","1255","0","52.83","29.4"
"10","002","00","009","0903","0334","641","373","268","46","687","1270","0","54.09","29.37"
"10","002","00","009","0904","0000","785","450","335","49","834","1603","0","52.03","28.07"
"10","002","00","009","0904","0335","389","226","163","26","415","801","0","51.81","28.21"
"10","002","00","009","0904","0336","396","224","172","23","419","802","0","52.24","27.93"
"10","002","00","009","0905","0000","628","366","262","26","654","1306","0","50.08","28.02"
"10","002","00","009","0905","0337","628","366","262","26","654","1306","0","50.08","28.02"
"10","002","00","009","0906","0000","1278","743","535","57","1335","2506","0","53.27","29.65"
"10","002","00","009","0906","0338","595","346","249","32","627","1190","0","52.69","29.08"
"10","002","00","009","0906","0339","683","397","286","25","708","1316","0","53.8","30.17"
"10","002","00","009","0907","0000","931","531","400","57","988","1779","0","55.54","29.85"
"10","002","00","009","0907","0340","524","301","223","26","550","965","0","56.99","31.19"
"10","002","00","009","0907","0341","407","230","177","31","438","814","0","53.81","28.26"
"10","002","00","009","0908","0000","1903","1122","781","96","1999","3637","0","54.96","30.85"
"10","002","00","009","0908","0342","609","358","251","46","655","1254","0","52.23","28.55"
"10","002","00","009","0908","0343","583","360","223","22","605","1060","0","57.08","33.96"
"10","002","00","009","0908","0344","711","404","307","28","739","1323","0","55.86","30.54"
"10","002","00","009","0909","0000","1929","1181","748","111","2040","3591","0","56.81","32.89"
"10","002","00","009","0909","0348","513","302","211","24","537","924","0","58.12","32.68"
"10","002","00","009","0909","0349","538","324","214","29","567","933","0","60.77","34.73"
"10","002","00","009","0909","0350","498","315","183","30","528","986","0","53.55","31.95"
"10","002","00","009","0909","0351","380","240","140","28","408","748","0","54.55","32.09"
"10","002","00","009","0910","0000","1654","963","691","109","1763","3233","0","54.53","29.79"
"10","002","00","009","0910","0345","600","356","244","40","640","1120","0","57.14","31.79"
"10","002","00","009","0910","0346","458","269","189","20","478","893","0","53.53","30.12"
"10","002","00","009","0910","0347","596","338","258","49","645","1220","0","52.87","27.7"
"10","002","00","009","0911","0000","777","452","325","60","837","1550","0","54.0","29.16"
"10","002","00","009","0911","0352","777","452","325","60","837","1550","0","54.0","29.16"
"10","002","00","009","0912","0000","754","402","352","52","806","1435","0","56.17","28.01"
"10","002","00","009","0912","0353","342","202","140","21","363","629","0","57.71","32.11"
"10","002","00","009","0912","0354","412","200","212","31","443","806","0","54.96","24.81"
"10","002","00","009","0913","0000","952","584","368","70","1022","2022","0","50.54","28.88"
"10","002","00","009","0913","0355","465","261","204","38","503","956","0","52.62","27.3"
"10","002","00","009","0913","0356","487","323","164","32","519","1066","0","48.69","30.3"
"10","002","00","009","0914","0000","1470","819","651","110","1580","3079","0","51.32","26.6"
"10","002","00","009","0914","0357","688","383","305","63","751","1513","0","49.64","25.31"
"10","002","00","009","0914","0358","782","436","346","47","829","1566","0","52.94","27.84"
"10","002","00","009","0915","0000","1341","737","604","138","1479","2833","0","52.21","26.01"
"10","002","00","009","0915","0359","442","244","198","54","496","894","0","55.48","27.29"
"10","002","00","009","0915","0360","541","290","251","45","586","1235","0","47.45","23.48"
"10","002","00","009","0915","0361","358","203","155","39","397","704","0","56.39","28.84"
"10","002","00","010","0000","0000","9427","5535","3892","648","10075","19051","21391","52.88","29.05"
"10","002","00","010","1001","0000","111","72","39","8","119","215","0","55.35","33.49"
"10","002","00","010","1001","0362","111","72","39","8","119","215","0","55.35","33.49"
"10","002","00","010","1002","0000","226","158","68","15","241","523","0","46.08","30.21"
"10","002","00","010","1002","0363","226","158","68","15","241","523","0","46.08","30.21"
"10","002","00","010","1003","0000","363","205","158","27","390","745","0","52.35","27.52"
"10","002","00","010","1003","0364","363","205","158","27","390","745","0","52.35","27.52"
"10","002","00","010","1004","0000","304","185","119","23","327","583","0","56.09","31.73"
"10","002","00","010","1004","0368","304","185","119","23","327","583","0","56.09","31.73"
"10","002","00","010","1005","0000","211","126","85","24","235","436","0","53.9","28.9"
"10","002","00","010","1005","0369","211","126","85","24","235","436","0","53.9","28.9"
"10","002","00","010","1006","0000","618","370","248","35","653","1224","0","53.35","30.23"
"10","002","00","010","1006","0370","618","370","248","35","653","1224","0","53.35","30.23"
"10","002","00","010","1007","0000","553","351","202","24","577","1151","0","50.13","30.5"
"10","002","00","010","1007","0371","553","351","202","24","577","1151","0","50.13","30.5"
"10","002","00","010","1008","0000","458","266","192","22","480","870","0","55.17","30.57"
"10","002","00","010","1008","0372","458","266","192","22","480","870","0","55.17","30.57"
"10","002","00","010","1009","0000","496","298","198","41","537","1284","0","41.82","23.21"
"10","002","00","010","1009","0373","496","298","198","41","537","1284","0","41.82","23.21"
"10","002","00","010","1010","0000","2136","1245","891","124","2260","4286","0","52.73","29.05"
"10","002","00","010","1010","0375","740","445","295","40","780","1439","0","54.2","30.92"
"10","002","00","010","1010","0376","692","400","292","44","736","1445","0","50.93","27.68"
"10","002","00","010","1010","0377","704","400","304","40","744","1402","0","53.07","28.53"
"10","002","00","010","1011","0000","491","275","216","42","533","897","0","59.42","30.66"
"10","002","00","010","1011","0374","491","275","216","42","533","897","0","59.42","30.66"
"10","002","00","010","1012","0000","298","181","117","23","321","617","0","52.03","29.34"
"10","002","00","010","1012","0365","298","181","117","23","321","617","0","52.03","29.34"
"10","002","00","010","1013","0000","243","161","82","23","266","497","0","53.52","32.39"
"10","002","00","010","1013","0366","243","161","82","23","266","497","0","53.52","32.39"
"10","002","00","010","1014","0000","374","220","154","41","415","735","0","56.46","29.93"
"10","002","00","010","1014","0367","374","220","154","41","415","735","0","56.46","29.93"
"10","002","00","010","1015","0000","622","369","253","27","649","1230","0","52.76","30.0"
"10","002","00","010","1015","0378","622","369","253","27","649","1230","0","52.76","30.0"
"10","002","00","010","1016","0000","390","230","160","42","432","774","0","55.81","29.72"
"10","002","00","010","1016","0379","390","230","160","42","432","774","0","55.81","29.72"
"10","002","00","010","1017","0000","834","402","432","57","891","1563","0","57.01","25.72"
"10","002","00","010","1017","0380","450","177","273","32","482","827","0","58.28","21.4"
"10","002","00","010","1017","0381","384","225","159","25","409","736","0","55.57","30.57"
"10","002","00","010","1018","0000","699","421","278","50","749","1421","0","52.71","29.63"
"10","002","00","010","1018","0382","699","421","278","50","749","1421","0","52.71","29.63"
"10","002","00","011","0000","0000","3415","2548","867","145","3560","4935","6247","72.14","51.63"
"10","002","00","011","1101","0000","549","409","140","31","580","893","0","64.95","45.8"
"10","002","00","011","1101","0383","549","409","140","31","580","893","0","64.95","45.8"
"10","002","00","011","1102","0000","442","310","132","20","462","632","0","73.1","49.05"
"10","002","00","011","1102","0384","442","310","132","20","462","632","0","73.1","49.05"
"10","002","00","011","1103","0000","448","319","129","15","463","684","0","67.69","46.64"
"10","002","00","011","1103","0385","448","319","129","15","463","684","0","67.69","46.64"
"10","002","00","011","1104","0000","165","120","45","12","177","264","0","67.05","45.45"
"10","002","00","011","1104","0386","165","120","45","12","177","264","0","67.05","45.45"
"10","002","00","011","1105","0000","226","172","54","4","230","337","0","68.25","51.04"
"10","002","00","011","1105","0387","226","172","54","4","230","337","0","68.25","51.04"
"10","002","00","011","1106","0000","320","267","53","6","326","404","0","80.69","66.09"
"10","002","00","011","1106","0388","320","267","53","6","326","404","0","80.69","66.09"
"10","002","00","011","1107","0000","23","15","8","4","27","55","0","49.09","27.27"
"10","002","00","011","1107","0389","23","15","8","4","27","55","0","49.09","27.27"
"10","002","00","011","1108","0000","601","474","127","15","616","787","0","78.27","60.23"
"10","002","00","011","1108","0391","601","474","127","15","616","787","0","78.27","60.23"
"10","002","00","011","1109","0000","493","362","131","30","523","680","0","76.91","53.24"
"10","002","00","011","1109","0392","493","362","131","30","523","680","0","76.91","53.24"
"10","002","00","011","1110","0000","148","100","48","8","156","199","0","78.39","50.25"
"10","002","00","011","1110","0390","148","100","48","8","156","199","0","78.39","50.25"
"10","002","00","012","0000","0000","2779","1900","879","128","2907","4644","6024","62.6","40.91"
"10","002","00","012","1201","0000","602","414","188","14","616","1210","0","50.91","34.21"
"10","002","00","012","1201","0394","602","414","188","14","616","1210","0","50.91","34.21"
"10","002","00","012","1202","0000","611","451","160","32","643","962","0","66.84","46.88"
"10","002","00","012","1202","0395","611","451","160","32","643","962","0","66.84","46.88"
"10","002","00","012","1203","0000","282","186","96","4","286","444","0","64.41","41.89"
"10","002","00","012","1203","0393","282","186","96","4","286","444","0","64.41","41.89"
"10","002","00","012","1204","0000","244","171","73","15","259","411","0","63.02","41.61"
"10","002","00","012","1204","0396","244","171","73","15","259","411","0","63.02","41.61"
"10","002","00","012","1205","0000","293","201","92","23","316","447","0","70.69","44.97"
"10","002","00","012","1205","0397","293","201","92","23","316","447","0","70.69","44.97"
"10","002","00","012","1206","0000","348","239","109","20","368","475","0","77.47","50.32"
"10","002","00","012","1206","0398","348","239","109","20","368","475","0","77.47","50.32"
"10","002","00","012","1207","0000","399","238","161","20","419","695","0","60.29","34.24"
"10","002","00","012","1207","0399","399","238","161","20","419","695","0","60.29","34.24"
"10","015","00","000","0000","0000","140014","86680","53334","8000","148014","278059","328331","53.23","31.17"
"10","015","00","001","0000","0000","43874","27589","16285","1893","45767","84807","103798","53.97","32.53"
"10","015","00","001","0101","0000","732","486","246","19","751","1512","0","49.67","32.14"
"10","015","00","001","0101","0019","732","486","246","19","751","1512","0","49.67","32.14"
"10","015","00","001","0102","0000","1004","734","270","49","1053","1996","0","52.76","36.77"
"10","015","00","001","0102","0014","484","404","80","40","524","1071","0","48.93","37.72"
"10","015","00","001","0102","0015","520","330","190","9","529","925","0","57.19","35.68"
"10","015","00","001","0103","0000","234","143","91","14","248","442","0","56.11","32.35"
"10","015","00","001","0103","0023","234","143","91","14","248","442","0","56.11","32.35"
"10","015","00","001","0104","0000","289","170","119","21","310","566","0","54.77","30.04"
"10","015","00","001","0104","0029","289","170","119","21","310","566","0","54.77","30.04"
"10","015","00","001","0105","0000","312","201","111","14","326","565","0","57.7","35.58"
"10","015","00","001","0105","0031","312","201","111","14","326","565","0","57.7","35.58"
"10","015","00","001","0106","0000","1549","967","582","86","1635","2983","0","54.81","32.42"
"10","015","00","001","0106","0033","452","268","184","29","481","911","0","52.8","29.42"
"10","015","00","001","0106","0034","511","309","202","26","537","1029","0","52.19","30.03"
"10","015","00","001","0106","0035","586","390","196","31","617","1043","0","59.16","37.39"
"10","015","00","001","0107","0000","773","487","286","29","802","1840","0","43.59","26.47"
"10","015","00","001","0107","0052","484","288","196","17","501","1339","0","37.42","21.51"
"10","015","00","001","0107","0053","289","199","90","12","301","501","0","60.08","39.72"
"10","015","00","001","0108","0000","1793","1126","667","99","1892","3241","0","58.38","34.74"
"10","015","00","001","0108","0049","606","378","228","38","644","1022","0","63.01","36.99"
"10","015","00","001","0108","0050","601","364","237","37","638","1135","0","56.21","32.07"
"10","015","00","001","0108","0051","586","384","202","24","610","1084","0","56.27","35.42"
"10","015","00","001","0109","0000","851","553","298","17","868","1522","0","57.03","36.33"
"10","015","00","001","0109","0001","851","553","298","17","868","1522","0","57.03","36.33"
"10","015","00","001","0110","0000","944","604","340","52","996","2029","0","49.09","29.77"
"10","015","00","001","0110","0005","225","131","94","14","239","470","0","50.85","27.87"
"10","015","00","001","0110","0006","417","274","143","20","437","838","0","52.15","32.7"
"10","015","00","001","0110","0007","302","199","103","18","320","721","0","44.38","27.6"
"10","015","00","001","0112","0000","264","175","89","9","273","469","0","58.21","37.31"
"10","015","00","001","0112","0030","264","175","89","9","273","469","0","58.21","37.31"
"10","015","00","001","0113","0000","288","182","106","20","308","538","0","57.25","33.83"
"10","015","00","001","0113","0028","288","182","106","20","308","538","0","57.25","33.83"
"10","015","00","001","0114","0000","1932","1152","780","66","1998","3514","0","56.86","32.78"
"10","015","00","001","0114","0038","725","431","294","28","753","1331","0","56.57","32.38"
"10","015","00","001","0114","0039","678","402","276","19","697","1228","0","56.76","32.74"
"10","015","00","001","0114","0040","529","319","210","19","548","955","0","57.38","33.4"
"10","015","00","001","0115","0000","490","321","169","14","504","904","0","55.75","35.51"
"10","015","00","001","0115","0054","490","321","169","14","504","904","0","55.75","35.51"
"10","015","00","001","0116","0000","2588","1681","907","114","2702","5074","0","53.25","33.13"
"10","015","00","001","0116","0069","663","420","243","36","699","1410","0","49.57","29.79"
"10","015","00","001","0116","0070","674","430","244","19","693","1303","0","53.18","33.0"
"10","015","00","001","0116","0071","648","415","233","26","674","1256","0","53.66","33.04"
"10","015","00","001","0116","0072","603","416","187","33","636","1105","0","57.56","37.65"
"10","015","00","001","0117","0000","2000","1301","699","77","2077","3583","0","57.97","36.31"
"10","015","00","001","0117","0016","685","431","254","29","714","1141","0","62.58","37.77"
"10","015","00","001","0117","0017","600","392","208","16","616","1163","0","52.97","33.71"
"10","015","00","001","0117","0018","715","478","237","32","747","1279","0","58.41","37.37"
"10","015","00","001","0118","0000","1717","1131","586","50","1767","3181","0","55.55","35.55"
"10","015","00","001","0118","0002","641","426","215","11","652","1114","0","58.53","38.24"
"10","015","00","001","0118","0003","360","234","126","17","377","670","0","56.27","34.93"
"10","015","00","001","0118","0004","716","471","245","22","738","1397","0","52.83","33.72"
"10","015","00","001","0119","0000","554","342","212","27","581","1114","0","52.15","30.7"
"10","015","00","001","0119","0024","554","342","212","27","581","1114","0","52.15","30.7"
"10","015","00","001","0120","0000","341","216","125","14","355","577","0","61.53","37.44"
"10","015","00","001","0120","0026","341","216","125","14","355","577","0","61.53","37.44"
"10","015","00","001","0121","0000","1005","604","401","34","1039","1835","0","56.62","32.92"
"10","015","00","001","0121","0036","477","302","175","18","495","856","0","57.83","35.28"
"10","015","00","001","0121","0037","528","302","226","16","544","979","0","55.57","30.85"
"10","015","00","001","0122","0000","558","342","216","23","581","1192","0","48.74","28.69"
"10","015","00","001","0122","0056","558","342","216","23","581","1192","0","48.74","28.69"
"10","015","00","001","0123","0000","1336","795","541","58","1394","2766","0","50.4","28.74"
"10","015","00","001","0123","0062","620","371","249","24","644","1311","0","49.12","28.3"
"10","015","00","001","0123","0063","716","424","292","34","750","1455","0","51.55","29.14"
"10","015","00","001","0124","0000","928","549","379","46","974","1715","0","56.79","32.01"
"10","015","00","001","0124","0067","396","238","158","20","416","715","0","58.18","33.29"
"10","015","00","001","0124","0068","532","311","221","26","558","1000","0","55.8","31.1"
"10","015","00","001","0125","0000","501","303","198","33","534","918","0","58.17","33.01"
"10","015","00","001","0125","0008","501","303","198","33","534","918","0","58.17","33.01"
"10","015","00","001","0126","0000","323","210","113","11","334","615","0","54.31","34.15"
"10","015","00","001","0126","0020","323","210","113","11","334","615","0","54.31","34.15"
"10","015","00","001","0127","0000","275","169","106","9","284","559","0","50.81","30.23"
"10","015","00","001","0127","0022","275","169","106","9","284","559","0","50.81","30.23"
"10","015","00","001","0128","0000","470","266","204","24","494","810","0","60.99","32.84"
"10","015","00","001","0128","0027","470","266","204","24","494","810","0","60.99","32.84"
"10","015","00","001","0129","0000","1367","850","517","76","1443","2674","0","53.96","31.79"
"10","015","00","001","0129","0047","610","383","227","46","656","1184","0","55.41","32.35"
"10","015","00","001","0129","0048","757","467","290","30","787","1490","0","52.82","31.34"
"10","015","00","001","0130","0000","291","175","116","13","304","490","0","62.04","35.71"
"10","015","00","001","0130","0055","291","175","116","13","304","490","0","62.04","35.71"
"10","015","00","001","0131","0000","1043","660","383","53","1096","1975","0","55.49","33.42"
"10","015","00","001","0131","0060","523","345","178","21","544","993","0","54.78","34.74"
"10","015","00","001","0131","0061","520","315","205","32","552","982","0","56.21","32.08"
"10","015","00","001","0132","0000","592","348","244","21","613","1068","0","57.4","32.58"
"10","015","00","001","0132","0077","592","348","244","21","613","1068","0","57.4","32.58"
"10","015","00","001","0133","0000","1502","958","544","58","1560","2942","0","53.03","32.56"
"10","015","00","001","0133","0009","781","478","303","31","812","1539","0","52.76","31.06"
"10","015","00","001","0133","0010","721","480","241","27","748","1403","0","53.31","34.21"
"10","015","00","001","0134","0000","353","221","132","7","360","606","0","59.41","36.47"
"10","015","00","001","0134","0021","353","221","132","7","360","606","0","59.41","36.47"
"10","015","00","001","0135","0000","230","141","89","11","241","416","0","57.93","33.89"
"10","015","00","001","0135","0025","230","141","89","11","241","416","0","57.93","33.89"
"10","015","00","001","0136","0000","393","258","135","18","411","816","0","50.37","31.62"
"10","015","00","001","0136","0032","393","258","135","18","411","816","0","50.37","31.62"
"10","015","00","001","0137","0000","2734","1716","1018","100","2834","5217","0","54.32","32.89"
"10","015","00","001","0137","0043","742","477","265","31","773","1369","0","56.46","34.84"
"10","015","00","001","0137","0044","661","409","252","20","681","1435","0","47.46","28.5"
"10","015","00","001","0137","0045","620","389","231","19","639","1164","0","54.9","33.42"
"10","015","00","001","0137","0046","711","441","270","30","741","1249","0","59.33","35.31"
"10","015","00","001","0138","0000","1172","733","439","61","1233","2226","0","55.39","32.93"
"10","015","00","001","0138","0058","643","397","246","34","677","1267","0","53.43","31.33"
"10","015","00","001","0138","0059","529","336","193","27","556","959","0","57.98","35.04"
"10","015","00","001","0139","0000","415","243","172","20","435","869","0","50.06","27.96"
"10","015","00","001","0139","0057","415","243","172","20","435","869","0","50.06","27.96"
"10","015","00","001","0140","0000","651","398","253","30","681","1482","0","45.95","26.86"
"10","015","00","001","0140","0081","651","398","253","30","681","1482","0","45.95","26.86"
"10","015","00","001","0141","0000","2157","1351","806","96","2253","4183","0","53.86","32.3"
"10","015","00","001","0141","0073","535","325","210","23","558","1089","0","51.24","29.84"
"10","015","00","001","0141","0074","499","315","184","29","528","1043","0","50.62","30.2"
"10","015","00","001","0141","0075","593","374","219","25","618","1080","0","57.22","34.63"
"10","015","00","001","0141","0076","530","337","193","19","549","971","0","56.54","34.71"
"10","015","00","001","0142","0000","1227","748","479","63","1290","2498","0","51.64","29.94"
"10","015","00","001","0142","0041","624","385","239","22","646","1268","0","50.95","30.36"
"10","015","00","001","0142","0042","603","363","240","41","644","1230","0","52.36","29.51"
"10","015","00","001","0143","0000","1735","1077","658","61","1796","3727","0","48.19","28.9"
"10","015","00","001","0143","0064","523","331","192","15","538","1151","0","46.74","28.76"
"10","015","00","001","0143","0065","591","363","228","21","612","1237","0","49.47","29.35"
"10","015","00","001","0143","0066","621","383","238","25","646","1339","0","48.24","28.6"
"10","015","00","001","0144","0000","2071","1266","805","97","2168","4064","0","53.35","31.15"
"10","015","00","001","0144","0078","663","408","255","31","694","1379","0","50.33","29.59"
"10","015","00","001","0144","0079","681","418","263","36","717","1362","0","52.64","30.69"
"10","015","00","001","0144","0080","727","440","287","30","757","1323","0","57.22","33.26"
"10","015","00","001","0145","0000","1890","1236","654","79","1969","3494","0","56.35","35.37"
"10","015","00","001","0145","0011","547","344","203","21","568","1068","0","53.18","32.21"
"10","015","00","001","0145","0012","624","415","209","21","645","1167","0","55.27","35.56"
"10","015","00","001","0145","0013","719","477","242","37","756","1259","0","60.05","37.89"
"10","015","00","002","0000","0000","4966","3083","1883","414","5380","9676","10902","55.6","31.86"
"10","015","00","002","0201","0000","688","445","243","49","737","1192","0","61.83","37.33"
"10","015","00","002","0201","0195","688","445","243","49","737","1192","0","61.83","37.33"
"10","015","00","002","0202","0000","310","196","114","15","325","639","0","50.86","30.67"
"10","015","00","002","0202","0196","310","196","114","15","325","639","0","50.86","30.67"
"10","015","00","002","0203","0000","371","234","137","30","401","601","0","66.72","38.94"
"10","015","00","002","0203","0197","371","234","137","30","401","601","0","66.72","38.94"
"10","015","00","002","0204","0000","687","420","267","43","730","1137","0","64.2","36.94"
"10","015","00","002","0204","0198","687","420","267","43","730","1137","0","64.2","36.94"
"10","015","00","002","0205","0000","709","434","275","59","768","1352","0","56.8","32.1"
"10","015","00","002","0205","0199","379","220","159","38","417","742","0","56.2","29.65"
"10","015","00","002","0205","0200","330","214","116","21","351","610","0","57.54","35.08"
"10","015","00","002","0206","0000","241","138","103","28","269","513","0","52.44","26.9"
"10","015","00","002","0206","0201","168","86","82","24","192","295","0","65.08","29.15"
"10","015","00","002","0206","0202","73","52","21","4","77","218","0","35.32","23.85"
"10","015","00","002","0207","0000","583","341","242","39","622","1248","0","49.84","27.32"
"10","015","00","002","0207","0203","313","175","138","19","332","720","0","46.11","24.31"
"10","015","00","002","0207","0204","270","166","104","20","290","528","0","54.92","31.44"
"10","015","00","002","0208","0000","268","147","121","26","294","560","0","52.5","26.25"
"10","015","00","002","0208","0205","268","147","121","26","294","560","0","52.5","26.25"
"10","015","00","002","0209","0000","267","196","71","24","291","541","0","53.79","36.23"
"10","015","00","002","0209","0206","267","196","71","24","291","541","0","53.79","36.23"
"10","015","00","002","0210","0000","408","260","148","55","463","818","0","56.6","31.78"
"10","015","00","002","0210","0207","408","260","148","55","463","818","0","56.6","31.78"
"10","015","00","002","0211","0000","393","246","147","37","430","984","0","43.7","25.0"
"10","015","00","002","0211","0208","393","246","147","37","430","984","0","43.7","25.0"
"10","015","00","002","0212","0000","41","26","15","9","50","91","0","54.95","28.57"
"10","015","00","002","0212","0209","41","26","15","9","50","91","0","54.95","28.57"
"10","015","00","003","0000","0000","9312","5927","3385","821","10133","20650","24066","49.07","28.7"
"10","015","00","003","0301","0000","2647","1619","1028","163","2810","5111","0","54.98","31.68"
"10","015","00","003","0301","0254","516","319","197","32","548","1008","0","54.37","31.65"
"10","015","00","003","0301","0255","531","343","188","30","561","939","0","59.74","36.53"
"10","015","00","003","0301","0256","626","399","227","32","658","1256","0","52.39","31.77"
"10","015","00","003","0301","0257","474","275","199","33","507","929","0","54.57","29.6"
"10","015","00","003","0301","0258","500","283","217","36","536","979","0","54.75","28.91"
"10","015","00","003","0302","0000","737","445","292","63","800","1619","0","49.41","27.49"
"10","015","00","003","0302","0260","387","234","153","31","418","847","0","49.35","27.63"
"10","015","00","003","0302","0261","350","211","139","32","382","772","0","49.48","27.33"
"10","015","00","003","0303","0000","562","367","195","40","602","1286","0","46.81","28.54"
"10","015","00","003","0303","0264","562","367","195","40","602","1286","0","46.81","28.54"
"10","015","00","003","0304","0000","511","309","202","30","541","1358","0","39.84","22.75"
"10","015","00","003","0304","0262","262","158","104","18","280","558","0","50.18","28.32"
"10","015","00","003","0304","0263","249","151","98","12","261","800","0","32.63","18.88"
"10","015","00","003","0305","0000","648","400","248","81","729","1244","0","58.6","32.15"
"10","015","00","003","0305","0259","648","400","248","81","729","1244","0","58.6","32.15"
"10","015","00","003","0306","0000","532","332","200","66","598","1246","0","47.99","26.65"
"10","015","00","003","0306","0265","532","332","200","66","598","1246","0","47.99","26.65"
"10","015","00","003","0307","0000","304","183","121","45","349","647","0","53.94","28.28"
"10","015","00","003","0307","0266","304","183","121","45","349","647","0","53.94","28.28"
"10","015","00","003","0308","0000","371","270","101","21","392","990","0","39.6","27.27"
"10","015","00","003","0308","0267","371","270","101","21","392","990","0","39.6","27.27"
"10","015","00","003","0309","0000","240","172","68","27","267","530","0","50.38","32.45"
"10","015","00","003","0309","0268","240","172","68","27","267","530","0","50.38","32.45"
"10","015","00","003","0310","0000","674","488","186","74","748","1536","0","48.7","31.77"
"10","015","00","003","0310","0269","394","263","131","34","428","979","0","43.72","26.86"
"10","015","00","003","0310","0270","280","225","55","40","320","557","0","57.45","40.39"
"10","015","00","003","0311","0000","531","347","184","75","606","1499","0","40.43","23.15"
"10","015","00","003","0311","0271","190","131","59","20","210","434","0","48.39","30.18"
"10","015","00","003","0311","0272","341","216","125","55","396","1065","0","37.18","20.28"
"10","015","00","003","0312","0000","405","278","127","63","468","866","0","54.04","32.1"
"10","015","00","003","0312","0273","405","278","127","63","468","866","0","54.04","32.1"
"10","015","00","003","0313","0000","383","246","137","18","401","769","0","52.15","31.99"
"10","015","00","003","0313","0274","383","246","137","18","401","769","0","52.15","31.99"
"10","015","00","003","0314","0000","343","204","139","28","371","869","0","42.69","23.48"
"10","015","00","003","0314","0275","343","204","139","28","371","869","0","42.69","23.48"
"10","015","00","003","0315","0000","424","267","157","27","451","1080","0","41.76","24.72"
"10","015","00","003","0315","0276","424","267","157","27","451","1080","0","41.76","24.72"
"10","015","00","004","0000","0000","8770","5272","3498","504","9274","17029","20112","54.46","30.96"
"10","015","00","004","0401","0000","652","384","268","31","683","1296","0","52.7","29.63"
"10","015","00","004","0401","0082","196","110","86","16","212","367","0","57.77","29.97"
"10","015","00","004","0401","0083","456","274","182","15","471","929","0","50.7","29.49"
"10","015","00","004","0402","0000","463","250","213","67","530","897","0","59.09","27.87"
"10","015","00","004","0402","0084","307","158","149","50","357","590","0","60.51","26.78"
"10","015","00","004","0402","0085","156","92","64","17","173","307","0","56.35","29.97"
"10","015","00","004","0403","0000","1267","771","496","72","1339","2428","0","55.15","31.75"
"10","015","00","004","0403","0086","148","91","57","12","160","260","0","61.54","35.0"
"10","015","00","004","0403","0087","681","390","291","37","718","1283","0","55.96","30.4"
"10","015","00","004","0403","0088","438","290","148","23","461","885","0","52.09","32.77"
"10","015","00","004","0404","0000","1992","1264","728","111","2103","3962","0","53.08","31.9"
"10","015","00","004","0404","0092","556","345","211","33","589","1163","0","50.64","29.66"
"10","015","00","004","0404","0093","815","512","303","39","854","1605","0","53.21","31.9"
"10","015","00","004","0404","0094","621","407","214","39","660","1194","0","55.28","34.09"
"10","015","00","004","0405","0000","531","333","198","25","556","979","0","56.79","34.01"
"10","015","00","004","0405","0095","531","333","198","25","556","979","0","56.79","34.01"
"10","015","00","004","0406","0000","1946","1149","797","77","2023","3719","0","54.4","30.9"
"10","015","00","004","0406","0096","794","474","320","35","829","1485","0","55.82","31.92"
"10","015","00","004","0406","0097","539","319","220","20","559","1070","0","52.24","29.81"
"10","015","00","004","0406","0098","613","356","257","22","635","1164","0","54.55","30.58"
"10","015","00","004","0407","0000","609","328","281","47","656","1249","0","52.52","26.26"
"10","015","00","004","0407","0099","432","233","199","38","470","880","0","53.41","26.48"
"10","015","00","004","0407","0100","177","95","82","9","186","369","0","50.41","25.75"
"10","015","00","004","0408","0000","1310","793","517","74","1384","2499","0","55.38","31.73"
"10","015","00","004","0408","0089","429","243","186","20","449","770","0","58.31","31.56"
"10","015","00","004","0408","0090","702","447","255","39","741","1363","0","54.37","32.8"
"10","015","00","004","0408","0091","179","103","76","15","194","366","0","53.01","28.14"
"10","015","00","005","0000","0000","36616","22580","14036","1685","38301","72116","83262","53.11","31.31"
"10","015","00","005","0501","0000","3845","2395","1450","156","4001","7071","0","56.58","33.87"
"10","015","00","005","0501","0147","584","368","216","27","611","1135","0","53.83","32.42"
"10","015","00","005","0501","0148","668","434","234","27","695","1223","0","56.83","35.49"
"10","015","00","005","0501","0149","767","500","267","33","800","1274","0","62.79","39.25"
"10","015","00","005","0501","0150","567","342","225","29","596","1124","0","53.02","30.43"
"10","015","00","005","0501","0151","626","371","255","24","650","1158","0","56.13","32.04"
"10","015","00","005","0501","0152","633","380","253","16","649","1157","0","56.09","32.84"
"10","015","00","005","0502","0000","2584","1558","1026","86","2670","4926","0","54.2","31.63"
"10","015","00","005","0502","0153","668","404","264","27","695","1258","0","55.25","32.11"
"10","015","00","005","0502","0154","653","382","271","21","674","1257","0","53.62","30.39"
"10","015","00","005","0502","0155","630","384","246","22","652","1245","0","52.37","30.84"
"10","015","00","005","0502","0156","633","388","245","16","649","1166","0","55.66","33.28"
"10","015","00","005","0503","0000","1746","1047","699","93","1839","3739","0","49.18","28.0"
"10","015","00","005","0503","0119","554","363","191","29","583","1107","0","52.66","32.79"
"10","015","00","005","0503","0120","564","331","233","27","591","1179","0","50.13","28.07"
"10","015","00","005","0503","0121","628","353","275","37","665","1453","0","45.77","24.29"
"10","015","00","005","0504","0000","2135","1312","823","107","2242","4178","0","53.66","31.4"
"10","015","00","005","0504","0115","532","333","199","28","560","1059","0","52.88","31.44"
"10","015","00","005","0504","0116","514","304","210","32","546","983","0","55.54","30.93"
"10","015","00","005","0504","0117","547","334","213","18","565","1031","0","54.8","32.4"
"10","015","00","005","0504","0118","542","341","201","29","571","1105","0","51.67","30.86"
"10","015","00","005","0505","0000","3588","2172","1416","164","3752","6870","0","54.61","31.62"
"10","015","00","005","0505","0122","803","476","327","40","843","1432","0","58.87","33.24"
"10","015","00","005","0505","0123","701","438","263","28","729","1320","0","55.23","33.18"
"10","015","00","005","0505","0124","679","401","278","24","703","1356","0","51.84","29.57"
"10","015","00","005","0505","0125","650","396","254","28","678","1295","0","52.36","30.58"
"10","015","00","005","0505","0126","755","461","294","44","799","1467","0","54.46","31.42"
"10","015","00","005","0506","0000","2654","1637","1017","112","2766","5242","0","52.77","31.23"
"10","015","00","005","0506","0127","760","492","268","32","792","1515","0","52.28","32.48"
"10","015","00","005","0506","0128","595","346","249","36","631","1063","0","59.36","32.55"
"10","015","00","005","0506","0129","550","330","220","20","570","1284","0","44.39","25.7"
"10","015","00","005","0506","0130","749","469","280","24","773","1380","0","56.01","33.99"
"10","015","00","005","0507","0000","1492","888","604","100","1592","2959","0","53.8","30.01"
"10","015","00","005","0507","0131","699","429","270","35","734","1297","0","56.59","33.08"
"10","015","00","005","0507","0132","793","459","334","65","858","1662","0","51.62","27.62"
"10","015","00","005","0508","0000","708","461","247","50","758","1563","0","48.5","29.49"
"10","015","00","005","0508","0133","708","461","247","50","758","1563","0","48.5","29.49"
"10","015","00","005","0509","0000","590","365","225","33","623","1288","0","48.37","28.34"
"10","015","00","005","0509","0134","590","365","225","33","623","1288","0","48.37","28.34"
"10","015","00","005","0510","0000","1459","857","602","64","1523","2845","0","53.53","30.12"
"10","015","00","005","0510","0135","498","321","177","25","523","907","0","57.66","35.39"
"10","015","00","005","0510","0136","452","250","202","22","474","917","0","51.69","27.26"
"10","015","00","005","0510","0137","509","286","223","17","526","1021","0","51.52","28.01"
"10","015","00","005","0511","0000","1698","1108","590","99","1797","3187","0","56.39","34.77"
"10","015","00","005","0511","0138","584","387","197","30","614","1033","0","59.44","37.46"
"10","015","00","005","0511","0139","527","348","179","28","555","966","0","57.45","36.02"
"10","015","00","005","0511","0140","587","373","214","41","628","1188","0","52.86","31.4"
"10","015","00","005","0512","0000","1982","1209","773","86","2068","4066","0","50.86","29.73"
"10","015","00","005","0512","0141","748","448","300","27","775","1480","0","52.36","30.27"
"10","015","00","005","0512","0142","645","391","254","30","675","1393","0","48.46","28.07"
"10","015","00","005","0512","0143","589","370","219","29","618","1193","0","51.8","31.01"
"10","015","00","005","0513","0000","2002","1179","823","113","2115","3961","0","53.4","29.77"
"10","015","00","005","0513","0144","677","429","248","27","704","1445","0","48.72","29.69"
"10","015","00","005","0513","0145","663","395","268","57","720","1301","0","55.34","30.36"
"10","015","00","005","0513","0146","662","355","307","29","691","1215","0","56.87","29.22"
"10","015","00","005","0514","0000","3144","2004","1140","121","3265","6041","0","54.05","33.17"
"10","015","00","005","0514","0157","680","453","227","33","713","1358","0","52.5","33.36"
"10","015","00","005","0514","0158","606","409","197","23","629","1214","0","51.81","33.69"
"10","015","00","005","0514","0159","598","371","227","22","620","1151","0","53.87","32.23"
"10","015","00","005","0514","0160","628","383","245","20","648","1157","0","56.01","33.1"
"10","015","00","005","0514","0161","632","388","244","23","655","1161","0","56.42","33.42"
"10","015","00","005","0515","0000","2706","1717","989","105","2811","5491","0","51.19","31.27"
"10","015","00","005","0515","0162","717","435","282","20","737","1304","0","56.52","33.36"
"10","015","00","005","0515","0163","691","439","252","32","723","1367","0","52.89","32.11"
"10","015","00","005","0515","0164","645","396","249","22","667","1411","0","47.27","28.07"
"10","015","00","005","0515","0165","653","447","206","31","684","1409","0","48.55","31.72"
"10","015","00","005","0516","0000","1148","700","448","65","1213","2338","0","51.88","29.94"
"10","015","00","005","0516","0166","522","323","199","22","544","1125","0","48.36","28.71"
"10","015","00","005","0516","0167","626","377","249","43","669","1213","0","55.15","31.08"
"10","015","00","005","0517","0000","2116","1334","782","95","2211","4415","0","50.08","30.22"
"10","015","00","005","0517","0168","603","392","211","23","626","1141","0","54.86","34.36"
"10","015","00","005","0517","0169","533","347","186","17","550","1156","0","47.58","30.02"
"10","015","00","005","0517","0170","542","335","207","25","567","1092","0","51.92","30.68"
"10","015","00","005","0517","0171","438","260","178","30","468","1026","0","45.61","25.34"
"10","015","00","005","0518","0000","1019","637","382","36","1055","1936","0","54.49","32.9"
"10","015","00","005","0518","0172","414","256","158","14","428","804","0","53.23","31.84"
"10","015","00","005","0518","0173","605","381","224","22","627","1132","0","55.39","33.66"
"10","015","00","006","0000","0000","8249","4999","3250","625","8874","15847","18006","56.0","31.55"
"10","015","00","006","0601","0000","191","117","74","27","218","357","0","61.06","32.77"
"10","015","00","006","0601","0175","191","117","74","27","218","357","0","61.06","32.77"
"10","015","00","006","0602","0000","509","327","182","35","544","1052","0","51.71","31.08"
"10","015","00","006","0602","0174","509","327","182","35","544","1052","0","51.71","31.08"
"10","015","00","006","0603","0000","992","577","415","74","1066","1897","0","56.19","30.42"
"10","015","00","006","0603","0176","477","264","213","41","518","1022","0","50.68","25.83"
"10","015","00","006","0603","0177","515","313","202","33","548","875","0","62.63","35.77"
"10","015","00","006","0604","0000","745","480","265","47","792","1399","0","56.61","34.31"
"10","015","00","006","0604","0178","398","250","148","27","425","691","0","61.51","36.18"
"10","015","00","006","0604","0179","347","230","117","20","367","708","0","51.84","32.49"
"10","015","00","006","0605","0000","432","264","168","43","475","894","0","53.13","29.53"
"10","015","00","006","0605","0180","432","264","168","43","475","894","0","53.13","29.53"
"10","015","00","006","0606","0000","408","257","151","24","432","695","0","62.16","36.98"
"10","015","00","006","0606","0183","408","257","151","24","432","695","0","62.16","36.98"
"10","015","00","006","0607","0000","832","477","355","55","887","1627","0","54.52","29.32"
"10","015","00","006","0607","0181","379","226","153","30","409","746","0","54.83","30.29"
"10","015","00","006","0607","0182","453","251","202","25","478","881","0","54.26","28.49"
"10","015","00","006","0608","0000","485","275","210","35","520","816","0","63.73","33.7"
"10","015","00","006","0608","0184","485","275","210","35","520","816","0","63.73","33.7"
"10","015","00","006","0609","0000","364","229","135","32","396","773","0","51.23","29.62"
"10","015","00","006","0609","0185","364","229","135","32","396","773","0","51.23","29.62"
"10","015","00","006","0610","0000","780","499","281","67","847","1436","0","58.98","34.75"
"10","015","00","006","0610","0186","539","349","190","50","589","1029","0","57.24","33.92"
"10","015","00","006","0610","0187","241","150","91","17","258","407","0","63.39","36.86"
"10","015","00","006","0611","0000","1357","806","551","68","1425","2549","0","55.9","31.62"
"10","015","00","006","0611","0188","630","386","244","32","662","1139","0","58.12","33.89"
"10","015","00","006","0611","0189","548","303","245","26","574","996","0","57.63","30.42"
"10","015","00","006","0611","0190","179","117","62","10","189","414","0","45.65","28.26"
"10","015","00","006","0612","0000","150","90","60","7","157","270","0","58.15","33.33"
"10","015","00","006","0612","0191","150","90","60","7","157","270","0","58.15","33.33"
"10","015","00","006","0613","0000","440","259","181","48","488","836","0","58.37","30.98"
"10","015","00","006","0613","0192","440","259","181","48","488","836","0","58.37","30.98"
"10","015","00","006","0614","0000","283","185","98","34","317","739","0","42.9","25.03"
"10","015","00","006","0614","0194","283","185","98","34","317","739","0","42.9","25.03"
"10","015","00","006","0615","0000","281","157","124","29","310","507","0","61.14","30.97"
"10","015","00","006","0615","0193","281","157","124","29","310","507","0","61.14","30.97"
"10","015","00","007","0000","0000","5630","3542","2088","434","6064","11417","12847","53.11","31.02"
"10","015","00","007","0701","0000","473","296","177","29","502","859","0","58.44","34.46"
"10","015","00","007","0701","0211","473","296","177","29","502","859","0","58.44","34.46"
"10","015","00","007","0702","0000","684","445","239","47","731","1295","0","56.45","34.36"
"10","015","00","007","0702","0210","684","445","239","47","731","1295","0","56.45","34.36"
"10","015","00","007","0703","0000","532","372","160","43","575","958","0","60.02","38.83"
"10","015","00","007","0703","0212","532","372","160","43","575","958","0","60.02","38.83"
"10","015","00","007","0704","0000","540","357","183","51","591","1011","0","58.46","35.31"
"10","015","00","007","0704","0213","540","357","183","51","591","1011","0","58.46","35.31"
"10","015","00","007","0705","0000","561","407","154","45","606","1041","0","58.21","39.1"
"10","015","00","007","0705","0214","561","407","154","45","606","1041","0","58.21","39.1"
"10","015","00","007","0706","0000","250","159","91","18","268","471","0","56.9","33.76"
"10","015","00","007","0706","0221","250","159","91","18","268","471","0","56.9","33.76"
"10","015","00","007","0707","0000","362","201","161","41","403","756","0","53.31","26.59"
"10","015","00","007","0707","0222","317","180","137","38","355","640","0","55.47","28.13"
"10","015","00","007","0707","0223","45","21","24","3","48","116","0","41.38","18.1"
"10","015","00","007","0708","0000","177","110","67","4","181","496","0","36.49","22.18"
"10","015","00","007","0708","0224","177","110","67","4","181","496","0","36.49","22.18"
"10","015","00","007","0709","0000","135","77","58","11","146","324","0","45.06","23.77"
"10","015","00","007","0709","0225","135","77","58","11","146","324","0","45.06","23.77"
"10","015","00","007","0710","0000","160","97","63","20","180","454","0","39.65","21.37"
"10","015","00","007","0710","0226","160","97","63","20","180","454","0","39.65","21.37"
"10","015","00","007","0711","0000","462","258","204","44","506","1009","0","50.15","25.57"
"10","015","00","007","0711","0215","417","231","186","40","457","821","0","55.66","28.14"
"10","015","00","007","0711","0216","45","27","18","4","49","188","0","26.06","14.36"
"10","015","00","007","0712","0000","447","249","198","35","482","960","0","50.21","25.94"
"10","015","00","007","0712","0217","260","138","122","23","283","514","0","55.06","26.85"
"10","015","00","007","0712","0218","187","111","76","12","199","446","0","44.62","24.89"
"10","015","00","007","0713","0000","452","274","178","27","479","851","0","56.29","32.2"
"10","015","00","007","0713","0219","452","274","178","27","479","851","0","56.29","32.2"
"10","015","00","007","0714","0000","395","240","155","19","414","932","0","44.42","25.75"
"10","015","00","007","0714","0220","395","240","155","19","414","932","0","44.42","25.75"
"10","015","00","008","0000","0000","2045","1271","774","132","2177","4395","4811","49.53","28.92"
"10","015","00","008","0801","0000","871","594","277","51","922","1779","0","51.83","33.39"
"10","015","00","008","0801","0229","276","179","97","22","298","613","0","48.61","29.2"
"10","015","00","008","0801","0230","457","313","144","17","474","809","0","58.59","38.69"
"10","015","00","008","0801","0231","138","102","36","12","150","357","0","42.02","28.57"
"10","015","00","008","0802","0000","323","207","116","18","341","669","0","50.97","30.94"
"10","015","00","008","0802","0232","323","207","116","18","341","669","0","50.97","30.94"
"10","015","00","008","0803","0000","227","125","102","9","236","479","0","49.27","26.1"
"10","015","00","008","0803","0233","227","125","102","9","236","479","0","49.27","26.1"
"10","015","00","008","0804","0000","303","152","151","24","327","751","0","43.54","20.24"
"10","015","00","008","0804","0228","303","152","151","24","327","751","0","43.54","20.24"
"10","015","00","008","0805","0000","321","193","128","30","351","717","0","48.95","26.92"
"10","015","00","008","0805","0227","321","193","128","30","351","717","0","48.95","26.92"
"10","015","00","009","0000","0000","4802","2976","1826","425","5227","10279","11716","50.85","28.95"
"10","015","00","009","0901","0000","976","633","343","108","1084","1904","0","56.93","33.25"
"10","015","00","009","0901","0241","435","291","144","39","474","813","0","58.3","35.79"
"10","015","00","009","0901","0242","541","342","199","69","610","1091","0","55.91","31.35"
"10","015","00","009","0902","0000","965","628","337","72","1037","1814","0","57.17","34.62"
"10","015","00","009","0902","0243","445","286","159","35","480","839","0","57.21","34.09"
"10","015","00","009","0902","0244","520","342","178","37","557","975","0","57.13","35.08"
"10","015","00","009","0903","0000","248","167","81","13","261","546","0","47.8","30.59"
"10","015","00","009","0903","0245","248","167","81","13","261","546","0","47.8","30.59"
"10","015","00","009","0904","0000","513","318","195","56","569","1002","0","56.79","31.74"
"10","015","00","009","0904","0246","513","318","195","56","569","1002","0","56.79","31.74"
"10","015","00","009","0905","0000","253","123","130","27","280","593","0","47.22","20.74"
"10","015","00","009","0905","0247","253","123","130","27","280","593","0","47.22","20.74"
"10","015","00","009","0906","0000","514","285","229","40","554","965","0","57.41","29.53"
"10","015","00","009","0906","0248","514","285","229","40","554","965","0","57.41","29.53"
"10","015","00","009","0907","0000","437","259","178","41","478","863","0","55.39","30.01"
"10","015","00","009","0907","0249","437","259","178","41","478","863","0","55.39","30.01"
"10","015","00","009","0908","0000","104","65","39","8","112","340","0","32.94","19.12"
"10","015","00","009","0908","0250","104","65","39","8","112","340","0","32.94","19.12"
"10","015","00","009","0909","0000","329","208","121","24","353","764","0","46.2","27.23"
"10","015","00","009","0909","0251","329","208","121","24","353","764","0","46.2","27.23"
"10","015","00","009","0910","0000","248","148","100","12","260","868","0","29.95","17.05"
"10","015","00","009","0910","0252","248","148","100","12","260","868","0","29.95","17.05"
"10","015","00","009","0911","0000","215","142","73","24","239","620","0","38.55","22.9"
"10","015","00","009","0911","0253","215","142","73","24","239","620","0","38.55","22.9"
"10","015","00","010","0000","0000","3782","2126","1656","391","4173","9065","10331","46.03","23.45"
"10","015","00","010","1001","0000","190","92","98","20","210","467","0","44.97","19.7"
"10","015","00","010","1001","0277","190","92","98","20","210","467","0","44.97","19.7"
"10","015","00","010","1002","0000","373","220","153","33","406","1032","0","39.34","21.32"
"10","015","00","010","1002","0278","373","220","153","33","406","1032","0","39.34","21.32"
"10","015","00","010","1003","0000","272","161","111","21","293","638","0","45.92","25.24"
"10","015","00","010","1003","0279","272","161","111","21","293","638","0","45.92","25.24"
"10","015","00","010","1004","0000","282","188","94","40","322","591","0","54.48","31.81"
"10","015","00","010","1004","0280","282","188","94","40","322","591","0","54.48","31.81"
"10","015","00","010","1005","0000","538","295","243","55","593","1087","0","54.55","27.14"
"10","015","00","010","1005","0281","538","295","243","55","593","1087","0","54.55","27.14"
"10","015","00","010","1006","0000","211","117","94","13","224","431","0","51.97","27.15"
"10","015","00","010","1006","0282","211","117","94","13","224","431","0","51.97","27.15"
"10","015","00","010","1007","0000","401","236","165","34","435","893","0","48.71","26.43"
"10","015","00","010","1007","0283","401","236","165","34","435","893","0","48.71","26.43"
"10","015","00","010","1008","0000","132","78","54","17","149","361","0","41.27","21.61"
"10","015","00","010","1008","0284","132","78","54","17","149","361","0","41.27","21.61"
"10","015","00","010","1009","0000","499","262","237","49","548","1362","0","40.23","19.24"
"10","015","00","010","1009","0285","499","262","237","49","548","1362","0","40.23","19.24"
"10","015","00","010","1010","0000","206","104","102","32","238","458","0","51.97","22.71"
"10","015","00","010","1010","0286","206","104","102","32","238","458","0","51.97","22.71"
"10","015","00","010","1011","0000","181","98","83","29","210","621","0","33.82","15.78"
"10","015","00","010","1011","0287","181","98","83","29","210","621","0","33.82","15.78"
"10","015","00","010","1012","0000","224","117","107","19","243","493","0","49.29","23.73"
"10","015","00","010","1012","0288","224","117","107","19","243","493","0","49.29","23.73"
"10","015","00","010","1013","0000","273","158","115","29","302","631","0","47.86","25.04"
"10","015","00","010","1013","0289","273","158","115","29","302","631","0","47.86","25.04"
"10","015","00","011","0000","0000","6217","3727","2490","348","6565","12562","15937","52.26","29.67"
"10","015","00","011","1101","0000","541","314","227","32","573","1373","0","41.73","22.87"
"10","015","00","011","1101","0103","541","314","227","32","573","1373","0","41.73","22.87"
"10","015","00","011","1102","0000","836","539","297","47","883","1806","0","48.89","29.84"
"10","015","00","011","1102","0104","750","492","258","43","793","1644","0","48.24","29.93"
"10","015","00","011","1102","0105","86","47","39","4","90","162","0","55.56","29.01"
"10","015","00","011","1103","0000","825","481","344","54","879","1766","0","49.77","27.24"
"10","015","00","011","1103","0106","186","109","77","17","203","384","0","52.86","28.39"
"10","015","00","011","1103","0107","639","372","267","37","676","1382","0","48.91","26.92"
"10","015","00","011","1104","0000","659","387","272","45","704","1139","0","61.81","33.98"
"10","015","00","011","1104","0111","659","387","272","45","704","1139","0","61.81","33.98"
"10","015","00","011","1105","0000","651","428","223","14","665","1213","0","54.82","35.28"
"10","015","00","011","1105","0112","651","428","223","14","665","1213","0","54.82","35.28"
"10","015","00","011","1106","0000","552","333","219","30","582","1084","0","53.69","30.72"
"10","015","00","011","1106","0113","391","230","161","23","414","754","0","54.91","30.5"
"10","015","00","011","1106","0114","161","103","58","7","168","330","0","50.91","31.21"
"10","015","00","011","1107","0000","875","511","364","46","921","1752","0","52.57","29.17"
"10","015","00","011","1107","0108","574","338","236","28","602","1125","0","53.51","30.04"
"10","015","00","011","1107","0109","301","173","128","18","319","627","0","50.88","27.59"
"10","015","00","011","1108","0000","559","344","215","41","600","987","0","60.79","34.85"
"10","015","00","011","1108","0110","559","344","215","41","600","987","0","60.79","34.85"
"10","015","00","011","1109","0000","719","390","329","39","758","1442","0","52.57","27.05"
"10","015","00","011","1109","0101","429","236","193","24","453","867","0","52.25","27.22"
"10","015","00","011","1109","0102","290","154","136","15","305","575","0","53.04","26.78"
"10","015","00","012","0000","0000","2953","1857","1096","176","3129","5269","6439","59.39","35.24"
"10","015","00","012","1201","0000","555","349","206","49","604","1072","0","56.34","32.56"
"10","015","00","012","1201","0234","555","349","206","49","604","1072","0","56.34","32.56"
"10","015","00","012","1202","0000","313","204","109","6","319","560","0","56.96","36.43"
"10","015","00","012","1202","0235","313","204","109","6","319","560","0","56.96","36.43"
"10","015","00","012","1203","0000","457","279","178","27","484","773","0","62.61","36.09"
"10","015","00","012","1203","0236","457","279","178","27","484","773","0","62.61","36.09"
"10","015","00","012","1204","0000","321","199","122","10","331","661","0","50.08","30.11"
"10","015","00","012","1204","0237","321","199","122","10","331","661","0","50.08","30.11"
"10","015","00","012","1205","0000","613","380","233","32","645","1117","0","57.74","34.02"
"10","015","00","012","1205","0238","266","164","102","18","284","442","0","64.25","37.1"
"10","015","00","012","1205","0239","347","216","131","14","361","675","0","53.48","32.0"
"10","015","00","012","1206","0000","694","446","248","52","746","1086","0","68.69","41.07"
"10","015","00","012","1206","0240","694","446","248","52","746","1086","0","68.69","41.07"
"10","015","00","013","0000","0000","2798","1731","1067","152","2950","4947","6104","59.63","34.99"
"10","015","00","013","1301","0000","285","153","132","13","298","533","0","55.91","28.71"
"10","015","00","013","1301","0290","285","153","132","13","298","533","0","55.91","28.71"
"10","015","00","013","1302","0000","637","426","211","26","663","1015","0","65.32","41.97"
"10","015","00","013","1302","0291","321","218","103","19","340","522","0","65.13","41.76"
"10","015","00","013","1302","0292","316","208","108","7","323","493","0","65.52","42.19"
"10","015","00","013","1303","0000","422","255","167","19","441","701","0","62.91","36.38"
"10","015","00","013","1303","0293","422","255","167","19","441","701","0","62.91","36.38"
"10","015","00","013","1304","0000","416","277","139","27","443","746","0","59.38","37.13"
"10","015","00","013","1304","0294","416","277","139","27","443","746","0","59.38","37.13"
"10","015","00","013","1305","0000","558","350","208","34","592","1021","0","57.98","34.28"
"10","015","00","013","1305","0295","361","217","144","28","389","616","0","63.15","35.23"
"10","015","00","013","1305","0296","197","133","64","6","203","405","0","50.12","32.84"
"10","015","00","013","1306","0000","480","270","210","33","513","931","0","55.1","29.0"
"10","015","00","013","1306","0297","165","91","74","12","177","329","0","53.8","27.66"
"10","015","00","013","1306","0298","223","130","93","15","238","428","0","55.61","30.37"
"10","015","00","013","1306","0299","92","49","43","6","98","174","0","56.32","28.16"
"10","014","00","000","0000","0000","91948","57826","34122","5646","97594","185996","219268","52.47","31.09"
"10","014","00","001","0000","0000","45906","28924","16982","2266","48172","87803","105587","54.86","32.94"
"10","014","00","001","0101","0000","705","466","239","69","774","1505","0","51.43","30.96"
"10","014","00","001","0101","0052","705","466","239","69","774","1505","0","51.43","30.96"
"10","014","00","001","0102","0000","366","230","136","38","404","836","0","48.33","27.51"
"10","014","00","001","0102","0053","366","230","136","38","404","836","0","48.33","27.51"
"10","014","00","001","0103","0000","1143","738","405","54","1197","2162","0","55.37","34.14"
"10","014","00","001","0103","0056","1143","738","405","54","1197","2162","0","55.37","34.14"
"10","014","00","001","0104","0000","1415","857","558","61","1476","2688","0","54.91","31.88"
"10","014","00","001","0104","0059","701","411","290","36","737","1359","0","54.23","30.24"
"10","014","00","001","0104","0060","714","446","268","25","739","1329","0","55.61","33.56"
"10","014","00","001","0105","0000","1550","954","596","95","1645","2767","0","59.45","34.48"
"10","014","00","001","0105","0057","921","573","348","46","967","1627","0","59.43","35.22"
"10","014","00","001","0105","0058","629","381","248","49","678","1140","0","59.47","33.42"
"10","014","00","001","0106","0000","1380","861","519","79","1459","2644","0","55.18","32.56"
"10","014","00","001","0106","0054","694","432","262","42","736","1294","0","56.88","33.38"
"10","014","00","001","0106","0055","686","429","257","37","723","1350","0","53.56","31.78"
"10","014","00","001","0107","0000","3547","2306","1241","146","3693","6543","0","56.44","35.24"
"10","014","00","001","0107","0026","918","591","327","36","954","1638","0","58.24","36.08"
"10","014","00","001","0107","0027","840","548","292","36","876","1576","0","55.58","34.77"
"10","014","00","001","0107","0028","856","564","292","41","897","1595","0","56.24","35.36"
"10","014","00","001","0107","0029","933","603","330","33","966","1734","0","55.71","34.78"
"10","014","00","001","0108","0000","1759","1086","673","73","1832","3141","0","58.33","34.57"
"10","014","00","001","0108","0006","869","550","319","34","903","1651","0","54.69","33.31"
"10","014","00","001","0108","0007","890","536","354","39","929","1490","0","62.35","35.97"
"10","014","00","001","0109","0000","435","265","170","26","461","859","0","53.67","30.85"
"10","014","00","001","0109","0008","435","265","170","26","461","859","0","53.67","30.85"
"10","014","00","001","0110","0000","1546","1031","515","68","1614","2651","0","60.88","38.89"
"10","014","00","001","0110","0032","761","514","247","33","794","1313","0","60.47","39.15"
"10","014","00","001","0110","0033","785","517","268","35","820","1338","0","61.29","38.64"
"10","014","00","001","0111","0000","1719","1053","666","62","1781","3021","0","58.95","34.86"
"10","014","00","001","0111","0030","818","497","321","34","852","1476","0","57.72","33.67"
"10","014","00","001","0111","0031","901","556","345","28","929","1545","0","60.13","35.99"
"10","014","00","001","0112","0000","2191","1387","804","90","2281","4021","0","56.73","34.49"
"10","014","00","001","0112","0003","678","429","249","28","706","1259","0","56.08","34.07"
"10","014","00","001","0112","0004","702","440","262","31","733","1399","0","52.39","31.45"
"10","014","00","001","0112","0005","811","518","293","31","842","1363","0","61.78","38.0"
"10","014","00","001","0113","0000","864","557","307","47","911","1469","0","62.01","37.92"
"10","014","00","001","0113","0002","864","557","307","47","911","1469","0","62.01","37.92"
"10","014","00","001","0114","0000","354","233","121","23","377","651","0","57.91","35.79"
"10","014","00","001","0114","0010","354","233","121","23","377","651","0","57.91","35.79"
"10","014","00","001","0115","0000","767","452","315","43","810","1650","0","49.09","27.39"
"10","014","00","001","0115","0011","767","452","315","43","810","1650","0","49.09","27.39"
"10","014","00","001","0116","0000","356","207","149","26","382","632","0","60.44","32.75"
"10","014","00","001","0116","0013","356","207","149","26","382","632","0","60.44","32.75"
"10","014","00","001","0117","0000","671","408","263","49","720","1299","0","55.43","31.41"
"10","014","00","001","0117","0016","671","408","263","49","720","1299","0","55.43","31.41"
"10","014","00","001","0118","0000","514","304","210","28","542","890","0","60.9","34.16"
"10","014","00","001","0118","0009","514","304","210","28","542","890","0","60.9","34.16"
"10","014","00","001","0119","0000","429","249","180","22","451","724","0","62.29","34.39"
"10","014","00","001","0119","0012","429","249","180","22","451","724","0","62.29","34.39"
"10","014","00","001","0120","0000","462","289","173","26","488","811","0","60.17","35.64"
"10","014","00","001","0120","0017","462","289","173","26","488","811","0","60.17","35.64"
"10","014","00","001","0121","0000","432","274","158","33","465","771","0","60.31","35.54"
"10","014","00","001","0121","0014","432","274","158","33","465","771","0","60.31","35.54"
"10","014","00","001","0122","0000","414","264","150","15","429","798","0","53.76","33.08"
"10","014","00","001","0122","0015","414","264","150","15","429","798","0","53.76","33.08"
"10","014","00","001","0123","0000","414","267","147","22","436","874","0","49.89","30.55"
"10","014","00","001","0123","0001","414","267","147","22","436","874","0","49.89","30.55"
"10","014","00","001","0124","0000","467","298","169","26","493","764","0","64.53","39.01"
"10","014","00","001","0124","0018","467","298","169","26","493","764","0","64.53","39.01"
"10","014","00","001","0125","0000","294","174","120","18","312","601","0","51.91","28.95"
"10","014","00","001","0125","0023","294","174","120","18","312","601","0","51.91","28.95"
"10","014","00","001","0126","0000","411","244","167","13","424","784","0","54.08","31.12"
"10","014","00","001","0126","0019","411","244","167","13","424","784","0","54.08","31.12"
"10","014","00","001","0127","0000","214","116","98","6","220","417","0","52.76","27.82"
"10","014","00","001","0127","0024","214","116","98","6","220","417","0","52.76","27.82"
"10","014","00","001","0128","0000","216","127","89","7","223","427","0","52.22","29.74"
"10","014","00","001","0128","0020","216","127","89","7","223","427","0","52.22","29.74"
"10","014","00","001","0129","0000","802","510","292","44","846","1597","0","52.97","31.93"
"10","014","00","001","0129","0063","802","510","292","44","846","1597","0","52.97","31.93"
"10","014","00","001","0130","0000","1043","679","364","71","1114","2028","0","54.93","33.48"
"10","014","00","001","0130","0061","488","324","164","28","516","990","0","52.12","32.73"
"10","014","00","001","0130","0062","555","355","200","43","598","1038","0","57.61","34.2"
"10","014","00","001","0131","0000","1390","872","518","55","1445","2959","0","48.83","29.47"
"10","014","00","001","0131","0036","656","392","264","27","683","1407","0","48.54","27.86"
"10","014","00","001","0131","0037","734","480","254","28","762","1552","0","49.1","30.93"
"10","014","00","001","0132","0000","1416","922","494","57","1473","2577","0","57.16","35.78"
"10","014","00","001","0132","0034","714","455","259","27","741","1312","0","56.48","34.68"
"10","014","00","001","0132","0035","702","467","235","30","732","1265","0","57.87","36.92"
"10","014","00","001","0133","0000","752","455","297","63","815","1445","0","56.4","31.49"
"10","014","00","001","0133","0038","752","455","297","63","815","1445","0","56.4","31.49"
"10","014","00","001","0134","0000","1175","719","456","45","1220","2098","0","58.15","34.27"
"10","014","00","001","0134","0039","1175","719","456","45","1220","2098","0","58.15","34.27"
"10","014","00","001","0135","0000","736","508","228","57","793","1324","0","59.89","38.37"
"10","014","00","001","0135","0040","736","508","228","57","793","1324","0","59.89","38.37"
"10","014","00","001","0136","0000","1493","968","525","43","1536","2793","0","54.99","34.66"
"10","014","00","001","0136","0021","633","452","181","27","660","1292","0","51.08","34.98"
"10","014","00","001","0136","0022","860","516","344","16","876","1501","0","58.36","34.38"
"10","014","00","001","0137","0000","534","351","183","33","567","1001","0","56.64","35.06"
"10","014","00","001","0137","0025","534","351","183","33","567","1001","0","56.64","35.06"
"10","014","00","001","0138","0000","4161","2653","1508","129","4290","8002","0","53.61","33.15"
"10","014","00","001","0138","0041","865","568","297","23","888","1598","0","55.57","35.54"
"10","014","00","001","0138","0042","796","496","300","19","815","1513","0","53.87","32.78"
"10","014","00","001","0138","0043","822","513","309","28","850","1679","0","50.63","30.55"
"10","014","00","001","0138","0044","741","473","268","31","772","1414","0","54.6","33.45"
"10","014","00","001","0138","0045","937","603","334","28","965","1798","0","53.67","33.54"
"10","014","00","001","0139","0000","2507","1609","898","132","2639","5087","0","51.88","31.63"
"10","014","00","001","0139","0046","805","517","288","47","852","1749","0","48.71","29.56"
"10","014","00","001","0139","0047","881","559","322","44","925","1709","0","54.13","32.71"
"10","014","00","001","0139","0048","821","533","288","41","862","1629","0","52.92","32.72"
"10","014","00","001","0140","0000","1115","690","425","65","1180","2375","0","49.68","29.05"
"10","014","00","001","0140","0049","557","362","195","41","598","1116","0","53.58","32.44"
"10","014","00","001","0140","0050","558","328","230","24","582","1259","0","46.23","26.05"
"10","014","00","001","0141","0000","547","326","221","34","581","1232","0","47.16","26.46"
"10","014","00","001","0141","0051","547","326","221","34","581","1232","0","47.16","26.46"
"10","014","00","001","0142","0000","697","411","286","50","747","1385","0","53.94","29.68"
"10","014","00","001","0142","0064","697","411","286","50","747","1385","0","53.94","29.68"
"10","014","00","001","0143","0000","429","247","182","20","449","939","0","47.82","26.3"
"10","014","00","001","0143","0065","429","247","182","20","449","939","0","47.82","26.3"
"10","014","00","001","0144","0000","540","331","209","42","582","1258","0","46.26","26.31"
"10","014","00","001","0144","0066","540","331","209","42","582","1258","0","46.26","26.31"
"10","014","00","001","0145","0000","653","397","256","9","662","1350","0","49.04","29.41"
"10","014","00","001","0145","0067","653","397","256","9","662","1350","0","49.04","29.41"
"10","014","00","001","0146","0000","881","579","302","52","933","1953","0","47.77","29.65"
"10","014","00","001","0146","0068","475","306","169","31","506","1058","0","47.83","28.92"
"10","014","00","001","0146","0069","406","273","133","21","427","895","0","47.71","30.5"
"10","014","00","002","0000","0000","5841","3596","2245","480","6321","12426","14105","50.87","28.94"
"10","014","00","002","0201","0000","277","173","104","32","309","637","0","48.51","27.16"
"10","014","00","002","0201","0085","156","109","47","10","166","373","0","44.5","29.22"
"10","014","00","002","0201","0086","121","64","57","22","143","264","0","54.17","24.24"
"10","014","00","002","0202","0000","378","213","165","37","415","969","0","42.83","21.98"
"10","014","00","002","0202","0083","202","109","93","17","219","488","0","44.88","22.34"
"10","014","00","002","0202","0084","176","104","72","20","196","481","0","40.75","21.62"
"10","014","00","002","0203","0000","627","396","231","57","684","1403","0","48.75","28.23"
"10","014","00","002","0203","0081","237","154","83","27","264","516","0","51.16","29.84"
"10","014","00","002","0203","0082","390","242","148","30","420","887","0","47.35","27.28"
"10","014","00","002","0204","0000","1320","828","492","107","1427","2731","0","52.25","30.32"
"10","014","00","002","0204","0079","646","383","263","58","704","1365","0","51.58","28.06"
"10","014","00","002","0204","0080","674","445","229","49","723","1366","0","52.93","32.58"
"10","014","00","002","0205","0000","937","545","392","69","1006","1901","0","52.92","28.67"
"10","014","00","002","0205","0077","468","255","213","42","510","931","0","54.78","27.39"
"10","014","00","002","0205","0078","469","290","179","27","496","970","0","51.13","29.9"
"10","014","00","002","0206","0000","1041","632","409","77","1118","2197","0","50.89","28.77"
"10","014","00","002","0206","0074","148","108","40","12","160","339","0","47.2","31.86"
"10","014","00","002","0206","0075","449","277","172","26","475","995","0","47.74","27.84"
"10","014","00","002","0206","0076","444","247","197","39","483","863","0","55.97","28.62"
"10","014","00","002","0207","0000","324","220","104","21","345","747","0","46.18","29.45"
"10","014","00","002","0207","0073","324","220","104","21","345","747","0","46.18","29.45"
"10","014","00","002","0208","0000","937","589","348","80","1017","1841","0","55.24","31.99"
"10","014","00","002","0208","0070","228","124","104","30","258","516","0","50.0","24.03"
"10","014","00","002","0208","0071","550","344","206","36","586","960","0","61.04","35.83"
"10","014","00","002","0208","0072","159","121","38","14","173","365","0","47.4","33.15"
"10","014","00","003","0000","0000","3508","2116","1392","240","3748","7509","8727","49.91","28.18"
"10","014","00","003","0301","0000","743","448","295","52","795","1691","0","47.01","26.49"
"10","014","00","003","0301","0093","438","263","175","37","475","912","0","52.08","28.84"
"10","014","00","003","0301","0094","305","185","120","15","320","779","0","41.08","23.75"
"10","014","00","003","0302","0000","595","348","247","26","621","1137","0","54.62","30.61"
"10","014","00","003","0302","0091","595","348","247","26","621","1137","0","54.62","30.61"
"10","014","00","003","0303","0000","377","228","149","20","397","887","0","44.76","25.7"
"10","014","00","003","0303","0090","377","228","149","20","397","887","0","44.76","25.7"
"10","014","00","003","0304","0000","471","284","187","30","501","828","0","60.51","34.3"
"10","014","00","003","0304","0089","471","284","187","30","501","828","0","60.51","34.3"
"10","014","00","003","0305","0000","815","503","312","63","878","1699","0","51.68","29.61"
"10","014","00","003","0305","0087","505","316","189","34","539","909","0","59.3","34.76"
"10","014","00","003","0305","0088","310","187","123","29","339","790","0","42.91","23.67"
"10","014","00","003","0306","0000","182","103","79","24","206","535","0","38.5","19.25"
"10","014","00","003","0306","0095","182","103","79","24","206","535","0","38.5","19.25"
"10","014","00","003","0307","0000","325","202","123","25","350","732","0","47.81","27.6"
"10","014","00","003","0307","0092","325","202","123","25","350","732","0","47.81","27.6"
"10","014","00","004","0000","0000","7330","4552","2778","596","7926","14976","17314","52.92","30.4"
"10","014","00","004","0401","0000","195","109","86","18","213","476","0","44.75","22.9"
"10","014","00","004","0401","0105","88","49","39","8","96","261","0","36.78","18.77"
"10","014","00","004","0401","0106","107","60","47","10","117","215","0","54.42","27.91"
"10","014","00","004","0402","0000","222","151","71","16","238","436","0","54.59","34.63"
"10","014","00","004","0402","0117","222","151","71","16","238","436","0","54.59","34.63"
"10","014","00","004","0403","0000","203","122","81","17","220","488","0","45.08","25.0"
"10","014","00","004","0403","0115","203","122","81","17","220","488","0","45.08","25.0"
"10","014","00","004","0404","0000","191","105","86","13","204","347","0","58.79","30.26"
"10","014","00","004","0404","0116","191","105","86","13","204","347","0","58.79","30.26"
"10","014","00","004","0405","0000","511","322","189","72","583","1163","0","50.13","27.69"
"10","014","00","004","0405","0103","307","194","113","45","352","727","0","48.42","26.69"
"10","014","00","004","0405","0104","204","128","76","27","231","436","0","52.98","29.36"
"10","014","00","004","0406","0000","595","359","236","41","636","1270","0","50.08","28.27"
"10","014","00","004","0406","0101","337","198","139","26","363","767","0","47.33","25.81"
"10","014","00","004","0406","0102","258","161","97","15","273","503","0","54.27","32.01"
"10","014","00","004","0407","0000","432","259","173","47","479","1066","0","44.93","24.3"
"10","014","00","004","0407","0098","93","54","39","9","102","219","0","46.58","24.66"
"10","014","00","004","0407","0099","201","121","80","21","222","460","0","48.26","26.3"
"10","014","00","004","0407","0100","138","84","54","17","155","387","0","40.05","21.71"
"10","014","00","004","0408","0000","1121","664","457","74","1195","2206","0","54.17","30.1"
"10","014","00","004","0408","0096","568","350","218","38","606","1041","0","58.21","33.62"
"10","014","00","004","0408","0097","553","314","239","36","589","1165","0","50.56","26.95"
"10","014","00","004","0409","0000","545","317","228","52","597","1110","0","53.78","28.56"
"10","014","00","004","0409","0110","545","317","228","52","597","1110","0","53.78","28.56"
"10","014","00","004","0410","0000","1553","1032","521","103","1656","3015","0","54.93","34.23"
"10","014","00","004","0410","0107","756","491","265","54","810","1442","0","56.17","34.05"
"10","014","00","004","0410","0108","255","199","56","9","264","527","0","50.09","37.76"
"10","014","00","004","0410","0109","542","342","200","40","582","1046","0","55.64","32.7"
"10","014","00","004","0411","0000","588","352","236","47","635","1105","0","57.47","31.86"
"10","014","00","004","0411","0111","588","352","236","47","635","1105","0","57.47","31.86"
"10","014","00","004","0412","0000","682","481","201","55","737","1167","0","63.15","41.22"
"10","014","00","004","0412","0112","682","481","201","55","737","1167","0","63.15","41.22"
"10","014","00","004","0413","0000","492","279","213","41","533","1127","0","47.29","24.76"
"10","014","00","004","0413","0113","434","247","187","39","473","968","0","48.86","25.52"
"10","014","00","004","0413","0114","58","32","26","2","60","159","0","37.74","20.13"
"10","014","00","005","0000","0000","2906","1689","1217","232","3138","6936","7891","45.24","24.35"
"10","014","00","005","0501","0000","258","154","104","34","292","675","0","43.26","22.81"
"10","014","00","005","0501","0125","258","154","104","34","292","675","0","43.26","22.81"
"10","014","00","005","0502","0000","360","199","161","43","403","905","0","44.53","21.99"
"10","014","00","005","0502","0126","196","115","81","19","215","435","0","49.43","26.44"
"10","014","00","005","0502","0127","164","84","80","24","188","470","0","40.0","17.87"
"10","014","00","005","0503","0000","396","237","159","29","425","864","0","49.19","27.43"
"10","014","00","005","0503","0124","396","237","159","29","425","864","0","49.19","27.43"
"10","014","00","005","0504","0000","634","370","264","39","673","1446","0","46.54","25.59"
"10","014","00","005","0504","0121","494","284","210","25","519","1104","0","47.01","25.72"
"10","014","00","005","0504","0122","140","86","54","14","154","342","0","45.03","25.15"
"10","014","00","005","0505","0000","395","246","149","28","423","895","0","47.26","27.49"
"10","014","00","005","0505","0123","395","246","149","28","423","895","0","47.26","27.49"
"10","014","00","005","0506","0000","478","270","208","30","508","1096","0","46.35","24.64"
"10","014","00","005","0506","0118","187","107","80","10","197","522","0","37.74","20.5"
"10","014","00","005","0506","0119","291","163","128","20","311","574","0","54.18","28.4"
"10","014","00","005","0507","0000","385","213","172","29","414","1055","0","39.24","20.19"
"10","014","00","005","0507","0120","385","213","172","29","414","1055","0","39.24","20.19"
"10","014","00","006","0000","0000","2998","1704","1294","306","3304","7162","8207","46.13","23.79"
"10","014","00","006","0601","0000","464","243","221","53","517","1137","0","45.47","21.37"
"10","014","00","006","0601","0130","186","93","93","25","211","434","0","48.62","21.43"
"10","014","00","006","0601","0131","278","150","128","28","306","703","0","43.53","21.34"
"10","014","00","006","0602","0000","264","142","122","21","285","654","0","43.58","21.71"
"10","014","00","006","0602","0132","264","142","122","21","285","654","0","43.58","21.71"
"10","014","00","006","0603","0000","114","55","59","15","129","324","0","39.81","16.98"
"10","014","00","006","0603","0133","114","55","59","15","129","324","0","39.81","16.98"
"10","014","00","006","0604","0000","332","187","145","27","359","794","0","45.21","23.55"
"10","014","00","006","0604","0134","332","187","145","27","359","794","0","45.21","23.55"
"10","014","00","006","0605","0000","925","547","378","71","996","1921","0","51.85","28.47"
"10","014","00","006","0605","0128","448","262","186","30","478","992","0","48.19","26.41"
"10","014","00","006","0605","0129","477","285","192","41","518","929","0","55.76","30.68"
"10","014","00","006","0606","0000","133","73","60","11","144","344","0","41.86","21.22"
"10","014","00","006","0606","0136","133","73","60","11","144","344","0","41.86","21.22"
"10","014","00","006","0607","0000","363","220","143","50","413","856","0","48.25","25.7"
"10","014","00","006","0607","0135","363","220","143","50","413","856","0","48.25","25.7"
"10","014","00","006","0608","0000","149","85","64","24","173","311","0","55.63","27.33"
"10","014","00","006","0608","0137","149","85","64","24","173","311","0","55.63","27.33"
"10","014","00","006","0609","0000","122","78","44","15","137","386","0","35.49","20.21"
"10","014","00","006","0609","0138","122","78","44","15","137","386","0","35.49","20.21"
"10","014","00","006","0610","0000","132","74","58","19","151","435","0","34.71","17.01"
"10","014","00","006","0610","0139","132","74","58","19","151","435","0","34.71","17.01"
"10","014","00","007","0000","0000","3166","1990","1176","248","3414","7635","8518","44.72","26.06"
"10","014","00","007","0701","0000","487","293","194","44","531","1620","0","32.78","18.09"
"10","014","00","007","0701","0147","191","110","81","21","212","867","0","24.45","12.69"
"10","014","00","007","0701","0148","139","93","46","9","148","345","0","42.9","26.96"
"10","014","00","007","0701","0149","157","90","67","14","171","408","0","41.91","22.06"
"10","014","00","007","0702","0000","380","221","159","15","395","1197","0","33.0","18.46"
"10","014","00","007","0702","0146","380","221","159","15","395","1197","0","33.0","18.46"
"10","014","00","007","0703","0000","398","250","148","29","427","977","0","43.71","25.59"
"10","014","00","007","0703","0145","398","250","148","29","427","977","0","43.71","25.59"
"10","014","00","007","0704","0000","104","64","40","10","114","262","0","43.51","24.43"
"10","014","00","007","0704","0150","104","64","40","10","114","262","0","43.51","24.43"
"10","014","00","007","0705","0000","249","160","89","12","261","555","0","47.03","28.83"
"10","014","00","007","0705","0144","249","160","89","12","261","555","0","47.03","28.83"
"10","014","00","007","0706","0000","416","273","143","38","454","918","0","49.46","29.74"
"10","014","00","007","0706","0143","416","273","143","38","454","918","0","49.46","29.74"
"10","014","00","007","0707","0000","1132","729","403","100","1232","2106","0","58.5","34.62"
"10","014","00","007","0707","0140","109","65","44","19","128","290","0","44.14","22.41"
"10","014","00","007","0707","0141","336","236","100","23","359","620","0","57.9","38.06"
"10","014","00","007","0707","0142","687","428","259","58","745","1196","0","62.29","35.79"
"10","014","00","008","0000","0000","2554","1623","931","262","2816","6484","7196","43.43","25.03"
"10","014","00","008","0801","0000","260","168","92","28","288","630","0","45.71","26.67"
"10","014","00","008","0801","0160","11","9","2","2","13","25","0","52.0","36.0"
"10","014","00","008","0801","0161","249","159","90","26","275","605","0","45.45","26.28"
"10","014","00","008","0802","0000","412","252","160","52","464","1191","0","38.96","21.16"
"10","014","00","008","0802","0157","243","136","107","36","279","660","0","42.27","20.61"
"10","014","00","008","0802","0158","113","75","38","8","121","336","0","36.01","22.32"
"10","014","00","008","0802","0159","56","41","15","8","64","195","0","32.82","21.03"
"10","014","00","008","0803","0000","154","79","75","6","160","532","0","30.08","14.85"
"10","014","00","008","0803","0156","154","79","75","6","160","532","0","30.08","14.85"
"10","014","00","008","0804","0000","811","534","277","50","861","1993","0","43.2","26.79"
"10","014","00","008","0804","0154","468","299","169","22","490","1268","0","38.64","23.58"
"10","014","00","008","0804","0155","343","235","108","28","371","725","0","51.17","32.41"
"10","014","00","008","0805","0000","433","295","138","71","504","913","0","55.2","32.31"
"10","014","00","008","0805","0153","433","295","138","71","504","913","0","55.2","32.31"
"10","014","00","008","0806","0000","484","295","189","55","539","1225","0","44.0","24.08"
"10","014","00","008","0806","0151","274","160","114","35","309","536","0","57.65","29.85"
"10","014","00","008","0806","0152","210","135","75","20","230","689","0","33.38","19.59"
"10","014","00","009","0000","0000","5052","3374","1678","299","5351","9666","11186","55.36","34.91"
"10","014","00","009","0901","0000","630","417","213","57","687","1297","0","52.97","32.15"
"10","014","00","009","0901","0162","354","225","129","32","386","722","0","53.46","31.16"
"10","014","00","009","0901","0163","276","192","84","25","301","575","0","52.35","33.39"
"10","014","00","009","0902","0000","293","178","115","22","315","623","0","50.56","28.57"
"10","014","00","009","0902","0164","293","178","115","22","315","623","0","50.56","28.57"
"10","014","00","009","0903","0000","278","183","95","24","302","622","0","48.55","29.42"
"10","014","00","009","0903","0165","278","183","95","24","302","622","0","48.55","29.42"
"10","014","00","009","0904","0000","269","175","94","14","283","560","0","50.54","31.25"
"10","014","00","009","0904","0166","269","175","94","14","283","560","0","50.54","31.25"
"10","014","00","009","0905","0000","748","447","301","48","796","1410","0","56.45","31.7"
"10","014","00","009","0905","0169","392","236","156","25","417","673","0","61.96","35.07"
"10","014","00","009","0905","0170","356","211","145","23","379","737","0","51.42","28.63"
"10","014","00","009","0906","0000","928","640","288","57","985","1766","0","55.78","36.24"
"10","014","00","009","0906","0167","543","399","144","27","570","957","0","59.56","41.69"
"10","014","00","009","0906","0168","385","241","144","30","415","809","0","51.3","29.79"
"10","014","00","009","0907","0000","398","262","136","23","421","798","0","52.76","32.83"
"10","014","00","009","0907","0171","228","154","74","14","242","424","0","57.08","36.32"
"10","014","00","009","0907","0172","170","108","62","9","179","374","0","47.86","28.88"
"10","014","00","009","0908","0000","1055","784","271","22","1077","1698","0","63.43","46.17"
"10","014","00","009","0908","0173","537","385","152","11","548","829","0","66.1","46.44"
"10","014","00","009","0908","0174","518","399","119","11","529","869","0","60.87","45.91"
"10","014","00","009","0909","0000","453","288","165","32","485","892","0","54.37","32.29"
"10","014","00","009","0909","0175","111","80","31","10","121","223","0","54.26","35.87"
"10","014","00","009","0909","0176","342","208","134","22","364","669","0","54.41","31.09"
"10","014","00","010","0000","0000","2585","1903","682","198","2783","5266","6100","52.85","36.14"
"10","014","00","010","1001","0000","418","294","124","26","444","763","0","58.19","38.53"
"10","014","00","010","1001","0181","216","151","65","6","222","386","0","57.51","39.12"
"10","014","00","010","1001","0182","202","143","59","20","222","377","0","58.89","37.93"
"10","014","00","010","1002","0000","487","286","201","55","542","1134","0","47.8","25.22"
"10","014","00","010","1002","0180","487","286","201","55","542","1134","0","47.8","25.22"
"10","014","00","010","1003","0000","664","641","23","46","710","1327","0","53.5","48.3"
"10","014","00","010","1003","0179","664","641","23","46","710","1327","0","53.5","48.3"
"10","014","00","010","1004","0000","679","416","263","57","736","1474","0","49.93","28.22"
"10","014","00","010","1004","0178","679","416","263","57","736","1474","0","49.93","28.22"
"10","014","00","010","1005","0000","337","266","71","14","351","568","0","61.8","46.83"
"10","014","00","010","1005","0177","337","266","71","14","351","568","0","61.8","46.83"
"10","014","00","011","0000","0000","1530","945","585","62","1592","3579","4097","44.48","26.4"
"10","014","00","011","1101","0000","462","280","182","24","486","1023","0","47.51","27.37"
"10","014","00","011","1101","0185","362","220","142","19","381","813","0","46.86","27.06"
"10","014","00","011","1101","0186","100","60","40","5","105","210","0","50.0","28.57"
"10","014","00","011","1102","0000","452","289","163","20","472","1082","0","43.62","26.71"
"10","014","00","011","1102","0184","452","289","163","20","472","1082","0","43.62","26.71"
"10","014","00","011","1103","0000","616","376","240","18","634","1474","0","43.01","25.51"
"10","014","00","011","1103","0183","616","376","240","18","634","1474","0","43.01","25.51"
"10","014","00","012","0000","0000","1682","1002","680","89","1771","3278","4207","54.03","30.57"
"10","014","00","012","1201","0000","368","224","144","26","394","728","0","54.12","30.77"
"10","014","00","012","1201","0190","368","224","144","26","394","728","0","54.12","30.77"
"10","014","00","012","1202","0000","137","67","70","11","148","259","0","57.14","25.87"
"10","014","00","012","1202","0191","137","67","70","11","148","259","0","57.14","25.87"
"10","014","00","012","1203","0000","144","82","62","4","148","254","0","58.27","32.28"
"10","014","00","012","1203","0192","144","82","62","4","148","254","0","58.27","32.28"
"10","014","00","012","1204","0000","467","296","171","21","488","971","0","50.26","30.48"
"10","014","00","012","1204","0189","467","296","171","21","488","971","0","50.26","30.48"
"10","014","00","012","1205","0000","314","183","131","16","330","569","0","58.0","32.16"
"10","014","00","012","1205","0188","314","183","131","16","330","569","0","58.0","32.16"
"10","014","00","012","1206","0000","252","150","102","11","263","497","0","52.92","30.18"
"10","014","00","012","1206","0187","252","150","102","11","263","497","0","52.92","30.18"
"10","014","00","013","0000","0000","1610","1062","548","97","1707","2930","3656","58.26","36.25"
"10","014","00","013","1301","0000","350","249","101","15","365","579","0","63.04","43.01"
"10","014","00","013","1301","0196","350","249","101","15","365","579","0","63.04","43.01"
"10","014","00","013","1302","0000","199","151","48","10","209","315","0","66.35","47.94"
"10","014","00","013","1302","0195","199","151","48","10","209","315","0","66.35","47.94"
"10","014","00","013","1303","0000","273","162","111","25","298","426","0","69.95","38.03"
"10","014","00","013","1303","0194","273","162","111","25","298","426","0","69.95","38.03"
"10","014","00","013","1304","0000","262","165","97","13","275","596","0","46.14","27.68"
"10","014","00","013","1304","0197","262","165","97","13","275","596","0","46.14","27.68"
"10","014","00","013","1305","0000","526","335","191","34","560","1014","0","55.23","33.04"
"10","014","00","013","1305","0193","526","335","191","34","560","1014","0","55.23","33.04"
"10","014","00","014","0000","0000","1912","1285","627","89","2001","3028","3748","66.08","42.44"
"10","014","00","014","1401","0000","370","226","144","22","392","520","0","75.38","43.46"
"10","014","00","014","1401","0200","370","226","144","22","392","520","0","75.38","43.46"
"10","014","00","014","1402","0000","421","283","138","13","434","601","0","72.21","47.09"
"10","014","00","014","1402","0199","421","283","138","13","434","601","0","72.21","47.09"
"10","014","00","014","1403","0000","690","472","218","32","722","1241","0","58.18","38.03"
"10","014","00","014","1403","0198","690","472","218","32","722","1241","0","58.18","38.03"
"10","014","00","014","1404","0000","182","111","71","7","189","336","0","56.25","33.04"
"10","014","00","014","1404","0201","182","111","71","7","189","336","0","56.25","33.04"
"10","014","00","014","1405","0000","249","193","56","15","264","330","0","80.0","58.48"
"10","014","00","014","1405","0202","249","193","56","15","264","330","0","80.0","58.48"
"10","014","00","015","0000","0000","1773","1207","566","102","1875","3137","3615","59.77","38.48"
"10","014","00","015","1501","0000","288","192","96","11","299","628","0","47.61","30.57"
"10","014","00","015","1501","0208","288","192","96","11","299","628","0","47.61","30.57"
"10","014","00","015","1502","0000","444","271","173","31","475","867","0","54.79","31.26"
"10","014","00","015","1502","0209","444","271","173","31","475","867","0","54.79","31.26"
"10","014","00","015","1503","0000","219","155","64","15","234","331","0","70.69","46.83"
"10","014","00","015","1503","0207","219","155","64","15","234","331","0","70.69","46.83"
"10","014","00","015","1504","0000","373","302","71","6","379","586","0","64.68","51.54"
"10","014","00","015","1504","0203","151","117","34","3","154","246","0","62.6","47.56"
"10","014","00","015","1504","0204","222","185","37","3","225","340","0","66.18","54.41"
"10","014","00","015","1505","0000","270","175","95","23","293","429","0","68.3","40.79"
"10","014","00","015","1505","0206","270","175","95","23","293","429","0","68.3","40.79"
"10","014","00","015","1506","0000","179","112","67","16","195","296","0","65.88","37.84"
"10","014","00","015","1506","0205","179","112","67","16","195","296","0","65.88","37.84"
"10","014","00","016","0000","0000","1595","854","741","80","1675","4181","5114","40.06","20.43"
"10","014","00","016","1601","0000","461","271","190","14","475","1240","0","38.31","21.85"
"10","014","00","016","1601","0212","461","271","190","14","475","1240","0","38.31","21.85"
"10","014","00","016","1602","0000","261","118","143","18","279","760","0","36.71","15.53"
"10","014","00","016","1602","0213","261","118","143","18","279","760","0","36.71","15.53"
"10","014","00","016","1603","0000","499","273","226","27","526","1238","0","42.49","22.05"
"10","014","00","016","1603","0211","499","273","226","27","526","1238","0","42.49","22.05"
"10","014","00","016","1604","0000","374","192","182","21","395","943","0","41.89","20.36"
"10","014","00","016","1604","0210","374","192","182","21","395","943","0","41.89","20.36"
"10","016","00","000","0000","0000","38815","24658","14157","2388","41203","90405","104400","45.58","27.28"
"10","016","00","001","0000","0000","25011","15859","9152","1337","26348","53655","62523","49.11","29.56"
"10","016","00","001","0102","0000","216","135","81","10","226","481","0","46.99","28.07"
"10","016","00","001","0102","0001","216","135","81","10","226","481","0","46.99","28.07"
"10","016","00","001","0103","0000","272","182","90","16","288","558","0","51.61","32.62"
"10","016","00","001","0103","0002","272","182","90","16","288","558","0","51.61","32.62"
"10","016","00","001","0104","0000","240","175","65","24","264","533","0","49.53","32.83"
"10","016","00","001","0104","0003","240","175","65","24","264","533","0","49.53","32.83"
"10","016","00","001","0105","0000","454","287","167","27","481","922","0","52.17","31.13"
"10","016","00","001","0105","0004","454","287","167","27","481","922","0","52.17","31.13"
"10","016","00","001","0106","0000","530","338","192","28","558","1021","0","54.65","33.1"
"10","016","00","001","0106","0005","530","338","192","28","558","1021","0","54.65","33.1"
"10","016","00","001","0107","0000","376","241","135","30","406","793","0","51.2","30.39"
"10","016","00","001","0107","0006","376","241","135","30","406","793","0","51.2","30.39"
"10","016","00","001","0108","0000","976","616","360","43","1019","1955","0","52.12","31.51"
"10","016","00","001","0108","0007","488","307","181","25","513","954","0","53.77","32.18"
"10","016","00","001","0108","0008","488","309","179","18","506","1001","0","50.55","30.87"
"10","016","00","001","0109","0000","1991","1323","668","90","2081","4130","0","50.39","32.03"
"10","016","00","001","0109","0010","626","424","202","32","658","1402","0","46.93","30.24"
"10","016","00","001","0109","0011","697","473","224","28","725","1389","0","52.2","34.05"
"10","016","00","001","0109","0012","668","426","242","30","698","1339","0","52.13","31.81"
"10","016","00","001","0110","0000","506","316","190","29","535","1192","0","44.88","26.51"
"10","016","00","001","0110","0009","506","316","190","29","535","1192","0","44.88","26.51"
"10","016","00","001","0111","0000","2496","1542","954","137","2633","5281","0","49.86","29.2"
"10","016","00","001","0111","0013","575","282","293","33","608","1254","0","48.48","22.49"
"10","016","00","001","0111","0014","565","364","201","36","601","1194","0","50.34","30.49"
"10","016","00","001","0111","0015","633","420","213","40","673","1393","0","48.31","30.15"
"10","016","00","001","0111","0016","723","476","247","28","751","1440","0","52.15","33.06"
"10","016","00","001","0112","0000","1148","721","427","86","1234","2499","0","49.38","28.85"
"10","016","00","001","0112","0017","556","332","224","45","601","1215","0","49.47","27.33"
"10","016","00","001","0112","0018","592","389","203","41","633","1284","0","49.3","30.3"
"10","016","00","001","0113","0000","703","479","224","41","744","1512","0","49.21","31.68"
"10","016","00","001","0113","0019","703","479","224","41","744","1512","0","49.21","31.68"
"10","016","00","001","0114","0000","2799","1534","1265","104","2903","6044","0","48.03","25.38"
"10","016","00","001","0114","0020","527","331","196","43","570","1181","0","48.26","28.03"
"10","016","00","001","0114","0021","651","425","226","28","679","1348","0","50.37","31.53"
"10","016","00","001","0114","0022","693","444","249","19","712","1391","0","51.19","31.92"
"10","016","00","001","0114","0023","928","334","594","14","942","2124","0","44.35","15.73"
"10","016","00","001","0115","0000","1459","1001","458","63","1522","3082","0","49.38","32.48"
"10","016","00","001","0115","0024","706","461","245","36","742","1500","0","49.47","30.73"
"10","016","00","001","0115","0025","753","540","213","27","780","1582","0","49.3","34.13"
"10","016","00","001","0116","0000","1551","980","571","62","1613","3192","0","50.53","30.7"
"10","016","00","001","0116","0026","771","476","295","28","799","1638","0","48.78","29.06"
"10","016","00","001","0116","0027","780","504","276","34","814","1554","0","52.38","32.43"
"10","016","00","001","0117","0000","793","502","291","41","834","1872","0","44.55","26.82"
"10","016","00","001","0117","0028","362","224","138","22","384","980","0","39.18","22.86"
"10","016","00","001","0117","0029","431","278","153","19","450","892","0","50.45","31.17"
"10","016","00","001","0118","0000","307","192","115","14","321","778","0","41.26","24.68"
"10","016","00","001","0118","0030","307","192","115","14","321","778","0","41.26","24.68"
"10","016","00","001","0119","0000","452","297","155","27","479","930","0","51.51","31.94"
"10","016","00","001","0119","0031","452","297","155","27","479","930","0","51.51","31.94"
"10","016","00","001","0120","0000","1432","982","450","39","1471","2609","0","56.38","37.64"
"10","016","00","001","0120","0032","844","573","271","24","868","1481","0","58.61","38.69"
"10","016","00","001","0120","0033","588","409","179","15","603","1128","0","53.46","36.26"
"10","016","00","001","0121","0000","214","141","73","15","229","415","0","55.18","33.98"
"10","016","00","001","0121","0034","214","141","73","15","229","415","0","55.18","33.98"
"10","016","00","001","0122","0000","1017","656","361","59","1076","2070","0","51.98","31.69"
"10","016","00","001","0122","0035","527","355","172","33","560","1120","0","50.0","31.7"
"10","016","00","001","0122","0036","490","301","189","26","516","950","0","54.32","31.68"
"10","016","00","001","0123","0000","262","168","94","19","281","627","0","44.82","26.79"
"10","016","00","001","0123","0037","262","168","94","19","281","627","0","44.82","26.79"
"10","016","00","001","0124","0000","490","309","181","31","521","989","0","52.68","31.24"
"10","016","00","001","0124","0039","490","309","181","31","521","989","0","52.68","31.24"
"10","016","00","001","0125","0000","527","339","188","25","552","1055","0","52.32","32.13"
"10","016","00","001","0125","0038","527","339","188","25","552","1055","0","52.32","32.13"
"10","016","00","001","0126","0000","301","169","132","29","330","591","0","55.84","28.6"
"10","016","00","001","0126","0040","301","169","132","29","330","591","0","55.84","28.6"
"10","016","00","001","0127","0000","783","533","250","52","835","1700","0","49.12","31.35"
"10","016","00","001","0127","0043","371","257","114","33","404","797","0","50.69","32.25"
"10","016","00","001","0127","0044","412","276","136","19","431","903","0","47.73","30.56"
"10","016","00","001","0128","0000","1039","644","395","93","1132","2466","0","45.9","26.12"
"10","016","00","001","0128","0041","609","381","228","53","662","1387","0","47.73","27.47"
"10","016","00","001","0128","0042","430","263","167","40","470","1079","0","43.56","24.37"
"10","016","00","001","0129","0000","153","91","62","21","174","376","0","46.28","24.2"
"10","016","00","001","0129","0045","153","91","62","21","174","376","0","46.28","24.2"
"10","016","00","001","0130","0000","185","101","84","10","195","371","0","52.56","27.22"
"10","016","00","001","0130","0046","185","101","84","10","195","371","0","52.56","27.22"
"10","016","00","001","0131","0000","480","306","174","16","496","1173","0","42.28","26.09"
"10","016","00","001","0131","0047","480","306","174","16","496","1173","0","42.28","26.09"
"10","016","00","001","0132","0000","505","331","174","18","523","1389","0","37.65","23.83"
"10","016","00","001","0132","0048","505","331","174","18","523","1389","0","37.65","23.83"
"10","016","00","001","0133","0000","189","124","65","25","214","761","0","28.12","16.29"
"10","016","00","001","0133","0049","189","124","65","25","214","761","0","28.12","16.29"
"10","016","00","001","0134","0000","165","104","61","13","178","288","0","61.81","36.11"
"10","016","00","001","0134","0050","165","104","61","13","178","288","0","61.81","36.11"
"10","016","00","002","0000","0000","5302","3346","1956","346","5648","12741","14533","44.33","26.26"
"10","016","00","002","0201","0000","549","367","182","35","584","1120","0","52.14","32.77"
"10","016","00","002","0201","0051","549","367","182","35","584","1120","0","52.14","32.77"
"10","016","00","002","0202","0000","133","94","39","8","141","332","0","42.47","28.31"
"10","016","00","002","0202","0052","133","94","39","8","141","332","0","42.47","28.31"
"10","016","00","002","0203","0000","94","66","28","2","96","242","0","39.67","27.27"
"10","016","00","002","0203","0053","94","66","28","2","96","242","0","39.67","27.27"
"10","016","00","002","0204","0000","108","70","38","7","115","293","0","39.25","23.89"
"10","016","00","002","0204","0054","108","70","38","7","115","293","0","39.25","23.89"
"10","016","00","002","0205","0000","250","162","88","27","277","666","0","41.59","24.32"
"10","016","00","002","0205","0055","250","162","88","27","277","666","0","41.59","24.32"
"10","016","00","002","0206","0000","148","89","59","15","163","326","0","50.0","27.3"
"10","016","00","002","0206","0056","148","89","59","15","163","326","0","50.0","27.3"
"10","016","00","002","0207","0000","291","182","109","11","302","732","0","41.26","24.86"
"10","016","00","002","0207","0057","291","182","109","11","302","732","0","41.26","24.86"
"10","016","00","002","0208","0000","284","174","110","16","300","651","0","46.08","26.73"
"10","016","00","002","0208","0058","284","174","110","16","300","651","0","46.08","26.73"
"10","016","00","002","0209","0000","319","208","111","19","338","744","0","45.43","27.96"
"10","016","00","002","0209","0059","319","208","111","19","338","744","0","45.43","27.96"
"10","016","00","002","0210","0000","72","40","32","1","73","134","0","54.48","29.85"
"10","016","00","002","0210","0060","72","40","32","1","73","134","0","54.48","29.85"
"10","016","00","002","0211","0000","76","53","23","2","78","216","0","36.11","24.54"
"10","016","00","002","0211","0062","76","53","23","2","78","216","0","36.11","24.54"
"10","016","00","002","0212","0000","127","79","48","9","136","279","0","48.75","28.32"
"10","016","00","002","0212","0064","127","79","48","9","136","279","0","48.75","28.32"
"10","016","00","002","0213","0000","188","123","65","9","197","664","0","29.67","18.52"
"10","016","00","002","0213","0063","188","123","65","9","197","664","0","29.67","18.52"
"10","016","00","002","0214","0000","152","96","56","2","154","296","0","52.03","32.43"
"10","016","00","002","0214","0065","152","96","56","2","154","296","0","52.03","32.43"
"10","016","00","002","0215","0000","282","184","98","17","299","794","0","37.66","23.17"
"10","016","00","002","0215","0061","282","184","98","17","299","794","0","37.66","23.17"
"10","016","00","002","0216","0000","119","69","50","3","122","257","0","47.47","26.85"
"10","016","00","002","0216","0066","119","69","50","3","122","257","0","47.47","26.85"
"10","016","00","002","0217","0000","27","15","12","2","29","89","0","32.58","16.85"
"10","016","00","002","0217","0067","27","15","12","2","29","89","0","32.58","16.85"
"10","016","00","002","0218","0000","375","208","167","25","400","815","0","49.08","25.52"
"10","016","00","002","0218","0068","375","208","167","25","400","815","0","49.08","25.52"
"10","016","00","002","0219","0000","377","238","139","20","397","975","0","40.72","24.41"
"10","016","00","002","0219","0069","377","238","139","20","397","975","0","40.72","24.41"
"10","016","00","002","0220","0000","293","173","120","27","320","648","0","49.38","26.7"
"10","016","00","002","0220","0070","293","173","120","27","320","648","0","49.38","26.7"
"10","016","00","002","0221","0000","752","475","277","79","831","1739","0","47.79","27.31"
"10","016","00","002","0221","0071","369","227","142","24","393","893","0","44.01","25.42"
"10","016","00","002","0221","0072","383","248","135","55","438","846","0","51.77","29.31"
"10","016","00","002","0222","0000","286","181","105","10","296","729","0","40.6","24.83"
"10","016","00","002","0222","0073","286","181","105","10","296","729","0","40.6","24.83"
"10","016","00","003","0000","0000","3455","2284","1171","241","3696","8625","9856","42.85","26.48"
"10","016","00","003","0301","0000","247","141","106","10","257","514","0","50.0","27.43"
"10","016","00","003","0301","0074","247","141","106","10","257","514","0","50.0","27.43"
"10","016","00","003","0302","0000","328","227","101","12","340","657","0","51.75","34.55"
"10","016","00","003","0302","0075","328","227","101","12","340","657","0","51.75","34.55"
"10","016","00","003","0303","0000","67","46","21","5","72","109","0","66.06","42.2"
"10","016","00","003","0303","0076","67","46","21","5","72","109","0","66.06","42.2"
"10","016","00","003","0304","0000","66","39","27","3","69","156","0","44.23","25.0"
"10","016","00","003","0304","0077","66","39","27","3","69","156","0","44.23","25.0"
"10","016","00","003","0305","0000","116","67","49","6","122","293","0","41.64","22.87"
"10","016","00","003","0305","0078","116","67","49","6","122","293","0","41.64","22.87"
"10","016","00","003","0306","0000","68","45","23","3","71","231","0","30.74","19.48"
"10","016","00","003","0306","0079","68","45","23","3","71","231","0","30.74","19.48"
"10","016","00","003","0307","0000","80","48","32","7","87","161","0","54.04","29.81"
"10","016","00","003","0307","0080","80","48","32","7","87","161","0","54.04","29.81"
"10","016","00","003","0308","0000","753","497","256","37","790","1705","0","46.33","29.15"
"10","016","00","003","0308","0081","753","497","256","37","790","1705","0","46.33","29.15"
"10","016","00","003","0309","0000","118","76","42","9","127","285","0","44.56","26.67"
"10","016","00","003","0309","0082","118","76","42","9","127","285","0","44.56","26.67"
"10","016","00","003","0310","0000","218","133","85","13","231","723","0","31.95","18.4"
"10","016","00","003","0310","0083","218","133","85","13","231","723","0","31.95","18.4"
"10","016","00","003","0311","0000","264","158","106","21","285","774","0","36.82","20.41"
"10","016","00","003","0311","0084","264","158","106","21","285","774","0","36.82","20.41"
"10","016","00","003","0312","0000","462","323","139","57","519","1429","0","36.32","22.6"
"10","016","00","003","0312","0085","462","323","139","57","519","1429","0","36.32","22.6"
"10","016","00","003","0313","0000","466","366","100","42","508","1084","0","46.86","33.76"
"10","016","00","003","0313","0086","466","366","100","42","508","1084","0","46.86","33.76"
"10","016","00","003","0314","0000","122","70","52","5","127","251","0","50.6","27.89"
"10","016","00","003","0314","0087","122","70","52","5","127","251","0","50.6","27.89"
"10","016","00","003","0315","0000","80","48","32","11","91","253","0","35.97","18.97"
"10","016","00","003","0315","0088","80","48","32","11","91","253","0","35.97","18.97"
"10","016","00","004","0000","0000","2305","1439","866","260","2565","7382","8396","34.75","19.49"
"10","016","00","004","0401","0000","49","31","18","1","50","283","0","17.67","10.95"
"10","016","00","004","0401","0089","49","31","18","1","50","283","0","17.67","10.95"
"10","016","00","004","0402","0000","109","58","51","12","121","424","0","28.54","13.68"
"10","016","00","004","0402","0090","109","58","51","12","121","424","0","28.54","13.68"
"10","016","00","004","0403","0000","103","58","45","7","110","282","0","39.01","20.57"
"10","016","00","004","0403","0092","103","58","45","7","110","282","0","39.01","20.57"
"10","016","00","004","0404","0000","255","153","102","37","292","826","0","35.35","18.52"
"10","016","00","004","0404","0091","255","153","102","37","292","826","0","35.35","18.52"
"10","016","00","004","0405","0000","236","141","95","29","265","661","0","40.09","21.33"
"10","016","00","004","0405","0093","236","141","95","29","265","661","0","40.09","21.33"
"10","016","00","004","0406","0000","28","17","11","2","30","141","0","21.28","12.06"
"10","016","00","004","0406","0094","28","17","11","2","30","141","0","21.28","12.06"
"10","016","00","004","0407","0000","196","139","57","7","203","635","0","31.97","21.89"
"10","016","00","004","0407","0095","196","139","57","7","203","635","0","31.97","21.89"
"10","016","00","004","0408","0000","70","56","14","5","75","216","0","34.72","25.93"
"10","016","00","004","0408","0096","70","56","14","5","75","216","0","34.72","25.93"
"10","016","00","004","0409","0000","119","74","45","20","139","572","0","24.3","12.94"
"10","016","00","004","0409","0097","119","74","45","20","139","572","0","24.3","12.94"
"10","016","00","004","0410","0000","455","299","156","62","517","1267","0","40.81","23.6"
"10","016","00","004","0410","0098","455","299","156","62","517","1267","0","40.81","23.6"
"10","016","00","004","0411","0000","685","413","272","78","763","2075","0","36.77","19.9"
"10","016","00","004","0411","0099","293","189","104","22","315","942","0","33.44","20.06"
"10","016","00","004","0411","0100","392","224","168","56","448","1133","0","39.54","19.77"
"10","016","00","005","0000","0000","1793","1177","616","121","1914","4628","5237","41.36","25.43"
"10","016","00","005","0501","0000","307","188","119","24","331","734","0","45.1","25.61"
"10","016","00","005","0501","0101","307","188","119","24","331","734","0","45.1","25.61"
"10","016","00","005","0502","0000","179","140","39","11","190","454","0","41.85","30.84"
"10","016","00","005","0502","0102","179","140","39","11","190","454","0","41.85","30.84"
"10","016","00","005","0503","0000","106","73","33","6","112","300","0","37.33","24.33"
"10","016","00","005","0503","0103","106","73","33","6","112","300","0","37.33","24.33"
"10","016","00","005","0504","0000","205","126","79","34","239","471","0","50.74","26.75"
"10","016","00","005","0504","0104","205","126","79","34","239","471","0","50.74","26.75"
"10","016","00","005","0505","0000","529","359","170","31","560","1414","0","39.6","25.39"
"10","016","00","005","0505","0105","238","151","87","8","246","672","0","36.61","22.47"
"10","016","00","005","0505","0106","291","208","83","23","314","742","0","42.32","28.03"
"10","016","00","005","0506","0000","214","126","88","4","218","476","0","45.8","26.47"
"10","016","00","005","0506","0108","214","126","88","4","218","476","0","45.8","26.47"
"10","016","00","005","0507","0000","60","37","23","2","62","208","0","29.81","17.79"
"10","016","00","005","0507","0109","60","37","23","2","62","208","0","29.81","17.79"
"10","016","00","005","0508","0000","107","82","25","4","111","264","0","42.05","31.06"
"10","016","00","005","0508","0107","107","82","25","4","111","264","0","42.05","31.06"
"10","016","00","005","0509","0000","86","46","40","5","91","307","0","29.64","14.98"
"10","016","00","005","0509","0110","86","46","40","5","91","307","0","29.64","14.98"
"10","016","00","006","0000","0000","949","553","396","83","1032","3374","3855","30.59","16.39"
"10","016","00","006","0601","0000","61","28","33","6","67","248","0","27.02","11.29"
"10","016","00","006","0601","0111","61","28","33","6","67","248","0","27.02","11.29"
"10","016","00","006","0602","0000","183","104","79","21","204","581","0","35.11","17.9"
"10","016","00","006","0602","0112","183","104","79","21","204","581","0","35.11","17.9"
"10","016","00","006","0603","0000","199","121","78","29","228","641","0","35.57","18.88"
"10","016","00","006","0603","0113","199","121","78","29","228","641","0","35.57","18.88"
"10","016","00","006","0604","0000","116","74","42","4","120","382","0","31.41","19.37"
"10","016","00","006","0604","0114","116","74","42","4","120","382","0","31.41","19.37"
"10","016","00","006","0605","0000","88","44","44","3","91","351","0","25.93","12.54"
"10","016","00","006","0605","0115","88","44","44","3","91","351","0","25.93","12.54"
"10","016","00","006","0606","0000","302","182","120","20","322","1171","0","27.5","15.54"
"10","016","00","006","0606","0116","302","182","120","20","322","1171","0","27.5","15.54"
"10","017","00","000","0000","0000","159309","96333","62976","7189","166498","320030","370269","52.03","30.1"
"10","017","00","001","0000","0000","20577","12322","8255","1109","21686","45545","51716","47.61","27.05"
"10","017","00","001","0101","0000","416","234","182","28","444","709","0","62.62","33.0"
"10","017","00","001","0101","0035","416","234","182","28","444","709","0","62.62","33.0"
"10","017","00","001","0102","0000","609","384","225","34","643","1219","0","52.75","31.5"
"10","017","00","001","0102","0033","609","384","225","34","643","1219","0","52.75","31.5"
"10","017","00","001","0103","0000","452","285","167","22","474","904","0","52.43","31.53"
"10","017","00","001","0103","0034","452","285","167","22","474","904","0","52.43","31.53"
"10","017","00","001","0104","0000","522","305","217","28","550","1037","0","53.04","29.41"
"10","017","00","001","0104","0032","522","305","217","28","550","1037","0","53.04","29.41"
"10","017","00","001","0105","0000","644","396","248","38","682","1210","0","56.36","32.73"
"10","017","00","001","0105","0031","644","396","248","38","682","1210","0","56.36","32.73"
"10","017","00","001","0106","0000","572","318","254","49","621","1175","0","52.85","27.06"
"10","017","00","001","0106","0030","572","318","254","49","621","1175","0","52.85","27.06"
"10","017","00","001","0107","0000","594","379","215","29","623","1267","0","49.17","29.91"
"10","017","00","001","0107","0029","594","379","215","29","623","1267","0","49.17","29.91"
"10","017","00","001","0108","0000","394","225","169","35","429","802","0","53.49","28.05"
"10","017","00","001","0108","0028","394","225","169","35","429","802","0","53.49","28.05"
"10","017","00","001","0109","0000","616","376","240","41","657","1594","0","41.22","23.59"
"10","017","00","001","0109","0027","616","376","240","41","657","1594","0","41.22","23.59"
"10","017","00","001","0110","0000","1082","669","413","60","1142","2316","0","49.31","28.89"
"10","017","00","001","0110","0025","436","273","163","33","469","859","0","54.6","31.78"
"10","017","00","001","0110","0026","646","396","250","27","673","1457","0","46.19","27.18"
"10","017","00","001","0111","0000","704","399","305","40","744","1341","0","55.48","29.75"
"10","017","00","001","0111","0024","704","399","305","40","744","1341","0","55.48","29.75"
"10","017","00","001","0112","0000","932","525","407","63","995","2000","0","49.75","26.25"
"10","017","00","001","0112","0022","542","313","229","30","572","1138","0","50.26","27.5"
"10","017","00","001","0112","0023","390","212","178","33","423","862","0","49.07","24.59"
"10","017","00","001","0113","0000","998","626","372","46","1044","1960","0","53.27","31.94"
"10","017","00","001","0113","0020","550","352","198","26","576","1090","0","52.84","32.29"
"10","017","00","001","0113","0021","448","274","174","20","468","870","0","53.79","31.49"
"10","017","00","001","0114","0000","620","362","258","21","641","1270","0","50.47","28.5"
"10","017","00","001","0114","0019","620","362","258","21","641","1270","0","50.47","28.5"
"10","017","00","001","0115","0000","544","363","181","24","568","1166","0","48.71","31.13"
"10","017","00","001","0115","0016","544","363","181","24","568","1166","0","48.71","31.13"
"10","017","00","001","0116","0000","832","335","497","53","885","1753","0","50.48","19.11"
"10","017","00","001","0116","0014","832","335","497","53","885","1753","0","50.48","19.11"
"10","017","00","001","0117","0000","417","255","162","29","446","984","0","45.33","25.91"
"10","017","00","001","0117","0015","417","255","162","29","446","984","0","45.33","25.91"
"10","017","00","001","0118","0000","553","327","226","47","600","1261","0","47.58","25.93"
"10","017","00","001","0118","0013","553","327","226","47","600","1261","0","47.58","25.93"
"10","017","00","001","0119","0000","624","380","244","39","663","1474","0","44.98","25.78"
"10","017","00","001","0119","0005","624","380","244","39","663","1474","0","44.98","25.78"
"10","017","00","001","0120","0000","505","299","206","50","555","1271","0","43.67","23.52"
"10","017","00","001","0120","0006","505","299","206","50","555","1271","0","43.67","23.52"
"10","017","00","001","0121","0000","240","148","92","16","256","466","0","54.94","31.76"
"10","017","00","001","0121","0001","240","148","92","16","256","466","0","54.94","31.76"
"10","017","00","001","0122","0000","2104","1231","873","86","2190","5256","0","41.67","23.42"
"10","017","00","001","0122","0002","534","293","241","22","556","1262","0","44.06","23.22"
"10","017","00","001","0122","0003","508","295","213","51","559","1171","0","47.74","25.19"
"10","017","00","001","0122","0004","1062","643","419","13","1075","2823","0","38.08","22.78"
"10","017","00","001","0123","0000","622","350","272","21","643","1694","0","37.96","20.66"
"10","017","00","001","0123","0018","622","350","272","21","643","1694","0","37.96","20.66"
"10","017","00","001","0124","0000","451","271","180","23","474","973","0","48.72","27.85"
"10","017","00","001","0124","0017","451","271","180","23","474","973","0","48.72","27.85"
"10","017","00","001","0125","0000","2385","1471","914","82","2467","5430","0","45.43","27.09"
"10","017","00","001","0125","0010","636","358","278","22","658","1352","0","48.67","26.48"
"10","017","00","001","0125","0011","646","414","232","19","665","1413","0","47.06","29.3"
"10","017","00","001","0125","0012","1103","699","404","41","1144","2665","0","42.93","26.23"
"10","017","00","001","0126","0000","2145","1409","736","105","2250","5013","0","44.88","28.11"
"10","017","00","001","0126","0007","1142","758","384","35","1177","2707","0","43.48","28.0"
"10","017","00","001","0126","0008","695","446","249","55","750","1545","0","48.54","28.87"
"10","017","00","001","0126","0009","308","205","103","15","323","761","0","42.44","26.94"
"10","017","00","002","0000","0000","23669","14532","9137","1092","24761","46256","53819","53.53","31.42"
"10","017","00","002","0201","0000","2010","1245","765","89","2099","3754","0","55.91","33.16"
"10","017","00","002","0201","0219","698","480","218","38","736","1258","0","58.51","38.16"
"10","017","00","002","0201","0220","663","377","286","32","695","1237","0","56.18","30.48"
"10","017","00","002","0201","0221","649","388","261","19","668","1259","0","53.06","30.82"
"10","017","00","002","0202","0000","1154","726","428","80","1234","2464","0","50.08","29.46"
"10","017","00","002","0202","0222","545","334","211","34","579","1120","0","51.7","29.82"
"10","017","00","002","0202","0223","609","392","217","46","655","1344","0","48.74","29.17"
"10","017","00","002","0203","0000","1935","1188","747","75","2010","3568","0","56.33","33.3"
"10","017","00","002","0203","0226","932","583","349","40","972","1735","0","56.02","33.6"
"10","017","00","002","0203","0227","1003","605","398","35","1038","1833","0","56.63","33.01"
"10","017","00","002","0204","0000","1057","641","416","53","1110","1900","0","58.42","33.74"
"10","017","00","002","0204","0228","518","309","209","18","536","938","0","57.14","32.94"
"10","017","00","002","0204","0229","539","332","207","35","574","962","0","59.67","34.51"
"10","017","00","002","0205","0000","1205","742","463","52","1257","2190","0","57.4","33.88"
"10","017","00","002","0205","0230","658","419","239","23","681","1191","0","57.18","35.18"
"10","017","00","002","0205","0231","547","323","224","29","576","999","0","57.66","32.33"
"10","017","00","002","0206","0000","729","406","323","50","779","1525","0","51.08","26.62"
"10","017","00","002","0206","0232","130","62","68","9","139","282","0","49.29","21.99"
"10","017","00","002","0206","0233","599","344","255","41","640","1243","0","51.49","27.67"
"10","017","00","002","0207","0000","547","343","204","35","582","1092","0","53.3","31.41"
"10","017","00","002","0207","0234","547","343","204","35","582","1092","0","53.3","31.41"
"10","017","00","002","0208","0000","1108","676","432","46","1154","2260","0","51.06","29.91"
"10","017","00","002","0208","0238","457","303","154","22","479","975","0","49.13","31.08"
"10","017","00","002","0208","0239","651","373","278","24","675","1285","0","52.53","29.03"
"10","017","00","002","0209","0000","2176","1279","897","90","2266","4286","0","52.87","29.84"
"10","017","00","002","0209","0235","646","378","268","25","671","1246","0","53.85","30.34"
"10","017","00","002","0209","0236","846","509","337","33","879","1722","0","51.05","29.56"
"10","017","00","002","0209","0237","684","392","292","32","716","1318","0","54.32","29.74"
"10","017","00","002","0210","0000","1763","1055","708","104","1867","3463","0","53.91","30.46"
"10","017","00","002","0210","0244","907","557","350","52","959","1774","0","54.06","31.4"
"10","017","00","002","0210","0245","856","498","358","52","908","1689","0","53.76","29.48"
"10","017","00","002","0211","0000","927","583","344","66","993","2066","0","48.06","28.22"
"10","017","00","002","0211","0240","481","300","181","40","521","1077","0","48.38","27.86"
"10","017","00","002","0211","0241","446","283","163","26","472","989","0","47.72","28.61"
"10","017","00","002","0212","0000","231","148","83","5","236","428","0","55.14","34.58"
"10","017","00","002","0212","0253","231","148","83","5","236","428","0","55.14","34.58"
"10","017","00","002","0213","0000","180","105","75","19","199","326","0","61.04","32.21"
"10","017","00","002","0213","0254","180","105","75","19","199","326","0","61.04","32.21"
"10","017","00","002","0214","0000","243","155","88","9","252","351","0","71.79","44.16"
"10","017","00","002","0214","0255","243","155","88","9","252","351","0","71.79","44.16"
"10","017","00","002","0215","0000","883","530","353","18","901","1871","0","48.16","28.33"
"10","017","00","002","0215","0256","883","530","353","18","901","1871","0","48.16","28.33"
"10","017","00","002","0216","0000","227","134","93","7","234","448","0","52.23","29.91"
"10","017","00","002","0216","0257","227","134","93","7","234","448","0","52.23","29.91"
"10","017","00","002","0217","0000","1086","671","415","41","1127","1936","0","58.21","34.66"
"10","017","00","002","0217","0224","589","370","219","32","621","1011","0","61.42","36.6"
"10","017","00","002","0217","0225","497","301","196","9","506","925","0","54.7","32.54"
"10","017","00","002","0218","0000","2959","1929","1030","109","3068","6059","0","50.64","31.84"
"10","017","00","002","0218","0246","664","477","187","29","693","1355","0","51.14","35.2"
"10","017","00","002","0218","0247","735","500","235","33","768","1512","0","50.79","33.07"
"10","017","00","002","0218","0248","717","437","280","18","735","1486","0","49.46","29.41"
"10","017","00","002","0218","0249","843","515","328","29","872","1706","0","51.11","30.19"
"10","017","00","002","0219","0000","2044","1267","777","87","2131","3803","0","56.03","33.32"
"10","017","00","002","0219","0250","732","465","267","31","763","1384","0","55.13","33.6"
"10","017","00","002","0219","0251","607","389","218","26","633","1045","0","60.57","37.22"
"10","017","00","002","0219","0252","705","413","292","30","735","1374","0","53.49","30.06"
"10","017","00","002","0220","0000","1205","709","496","57","1262","2466","0","51.18","28.75"
"10","017","00","002","0220","0242","572","342","230","26","598","1193","0","50.13","28.67"
"10","017","00","002","0220","0243","633","367","266","31","664","1273","0","52.16","28.83"
"10","017","00","003","0000","0000","17019","10325","6694","640","17659","33225","38606","53.15","31.08"
"10","017","00","003","0301","0000","679","392","287","30","709","1431","0","49.55","27.39"
"10","017","00","003","0301","0191","679","392","287","30","709","1431","0","49.55","27.39"
"10","017","00","003","0302","0000","347","218","129","17","364","637","0","57.14","34.22"
"10","017","00","003","0302","0193","347","218","129","17","364","637","0","57.14","34.22"
"10","017","00","003","0303","0000","420","264","156","23","443","735","0","60.27","35.92"
"10","017","00","003","0303","0194","420","264","156","23","443","735","0","60.27","35.92"
"10","017","00","003","0304","0000","1740","1032","708","89","1829","3641","0","50.23","28.34"
"10","017","00","003","0304","0195","496","299","197","34","530","1078","0","49.17","27.74"
"10","017","00","003","0304","0196","587","333","254","33","620","1238","0","50.08","26.9"
"10","017","00","003","0304","0197","657","400","257","22","679","1325","0","51.25","30.19"
"10","017","00","003","0305","0000","1397","820","577","56","1453","2626","0","55.33","31.23"
"10","017","00","003","0305","0206","707","399","308","28","735","1267","0","58.01","31.49"
"10","017","00","003","0305","0207","690","421","269","28","718","1359","0","52.83","30.98"
"10","017","00","003","0306","0000","1533","948","585","69","1602","2916","0","54.94","32.51"
"10","017","00","003","0306","0208","546","350","196","30","576","970","0","59.38","36.08"
"10","017","00","003","0306","0209","523","318","205","14","537","1002","0","53.59","31.74"
"10","017","00","003","0306","0210","464","280","184","25","489","944","0","51.8","29.66"
"10","017","00","003","0307","0000","1273","783","490","44","1317","2553","0","51.59","30.67"
"10","017","00","003","0307","0200","634","398","236","25","659","1110","0","59.37","35.86"
"10","017","00","003","0307","0201","639","385","254","19","658","1443","0","45.6","26.68"
"10","017","00","003","0308","0000","1319","790","529","54","1373","2654","0","51.73","29.77"
"10","017","00","003","0308","0198","764","466","298","32","796","1475","0","53.97","31.59"
"10","017","00","003","0308","0199","555","324","231","22","577","1179","0","48.94","27.48"
"10","017","00","003","0309","0000","215","114","101","11","226","415","0","54.46","27.47"
"10","017","00","003","0309","0202","215","114","101","11","226","415","0","54.46","27.47"
"10","017","00","003","0310","0000","2364","1434","930","95","2459","4551","0","54.03","31.51"
"10","017","00","003","0310","0203","678","397","281","16","694","1378","0","50.36","28.81"
"10","017","00","003","0310","0204","790","472","318","32","822","1570","0","52.36","30.06"
"10","017","00","003","0310","0205","896","565","331","47","943","1603","0","58.83","35.25"
"10","017","00","003","0311","0000","238","153","85","5","243","456","0","53.29","33.55"
"10","017","00","003","0311","0192","238","153","85","5","243","456","0","53.29","33.55"
"10","017","00","003","0312","0000","2659","1618","1041","77","2736","4893","0","55.92","33.07"
"10","017","00","003","0312","0215","719","436","283","22","741","1328","0","55.8","32.83"
"10","017","00","003","0312","0216","620","396","224","10","630","1173","0","53.71","33.76"
"10","017","00","003","0312","0217","579","331","248","27","606","1019","0","59.47","32.48"
"10","017","00","003","0312","0218","741","455","286","18","759","1373","0","55.28","33.14"
"10","017","00","003","0313","0000","2835","1759","1076","70","2905","5717","0","50.81","30.77"
"10","017","00","003","0313","0211","830","505","325","19","849","1500","0","56.6","33.67"
"10","017","00","003","0313","0212","585","360","225","14","599","1442","0","41.54","24.97"
"10","017","00","003","0313","0213","619","386","233","13","632","1165","0","54.25","33.13"
"10","017","00","003","0313","0214","801","508","293","24","825","1610","0","51.24","31.55"
"10","017","00","004","0000","0000","18786","11401","7385","1047","19833","36738","43950","53.98","31.03"
"10","017","00","004","0401","0000","761","481","280","76","837","1782","0","46.97","26.99"
"10","017","00","004","0401","0072","761","481","280","76","837","1782","0","46.97","26.99"
"10","017","00","004","0402","0000","570","362","208","28","598","1055","0","56.68","34.31"
"10","017","00","004","0402","0073","570","362","208","28","598","1055","0","56.68","34.31"
"10","017","00","004","0403","0000","732","454","278","19","751","1558","0","48.2","29.14"
"10","017","00","004","0403","0074","732","454","278","19","751","1558","0","48.2","29.14"
"10","017","00","004","0404","0000","894","548","346","37","931","1736","0","53.63","31.57"
"10","017","00","004","0404","0075","894","548","346","37","931","1736","0","53.63","31.57"
"10","017","00","004","0405","0000","1309","804","505","51","1360","2352","0","57.82","34.18"
"10","017","00","004","0405","0076","708","427","281","25","733","1243","0","58.97","34.35"
"10","017","00","004","0405","0077","601","377","224","26","627","1109","0","56.54","33.99"
"10","017","00","004","0406","0000","934","604","330","36","970","1684","0","57.6","35.87"
"10","017","00","004","0406","0078","934","604","330","36","970","1684","0","57.6","35.87"
"10","017","00","004","0407","0000","480","267","213","32","512","919","0","55.71","29.05"
"10","017","00","004","0407","0079","480","267","213","32","512","919","0","55.71","29.05"
"10","017","00","004","0408","0000","496","279","217","15","511","991","0","51.56","28.15"
"10","017","00","004","0408","0080","496","279","217","15","511","991","0","51.56","28.15"
"10","017","00","004","0409","0000","471","281","190","15","486","876","0","55.48","32.08"
"10","017","00","004","0409","0081","471","281","190","15","486","876","0","55.48","32.08"
"10","017","00","004","0410","0000","828","495","333","49","877","1480","0","59.26","33.45"
"10","017","00","004","0410","0082","582","336","246","32","614","1046","0","58.7","32.12"
"10","017","00","004","0410","0083","246","159","87","17","263","434","0","60.6","36.64"
"10","017","00","004","0411","0000","415","259","156","39","454","764","0","59.42","33.9"
"10","017","00","004","0411","0084","415","259","156","39","454","764","0","59.42","33.9"
"10","017","00","004","0412","0000","484","303","181","19","503","968","0","51.96","31.3"
"10","017","00","004","0412","0085","484","303","181","19","503","968","0","51.96","31.3"
"10","017","00","004","0413","0000","1192","672","520","77","1269","2641","0","48.05","25.44"
"10","017","00","004","0413","0086","647","365","282","42","689","1326","0","51.96","27.53"
"10","017","00","004","0413","0087","545","307","238","35","580","1315","0","44.11","23.35"
"10","017","00","004","0414","0000","428","270","158","22","450","775","0","58.06","34.84"
"10","017","00","004","0414","0088","428","270","158","22","450","775","0","58.06","34.84"
"10","017","00","004","0415","0000","708","415","293","47","755","1326","0","56.94","31.3"
"10","017","00","004","0415","0089","349","193","156","27","376","652","0","57.67","29.6"
"10","017","00","004","0415","0090","359","222","137","20","379","674","0","56.23","32.94"
"10","017","00","004","0416","0000","386","292","94","27","413","789","0","52.34","37.01"
"10","017","00","004","0416","0091","386","292","94","27","413","789","0","52.34","37.01"
"10","017","00","004","0417","0000","853","521","332","51","904","1715","0","52.71","30.38"
"10","017","00","004","0417","0092","853","521","332","51","904","1715","0","52.71","30.38"
"10","017","00","004","0418","0000","431","258","173","31","462","849","0","54.42","30.39"
"10","017","00","004","0418","0093","431","258","173","31","462","849","0","54.42","30.39"
"10","017","00","004","0419","0000","467","294","173","20","487","875","0","55.66","33.6"
"10","017","00","004","0419","0094","467","294","173","20","487","875","0","55.66","33.6"
"10","017","00","004","0420","0000","405","228","177","29","434","851","0","51.0","26.79"
"10","017","00","004","0420","0095","405","228","177","29","434","851","0","51.0","26.79"
"10","017","00","004","0421","0000","408","234","174","19","427","735","0","58.1","31.84"
"10","017","00","004","0421","0096","408","234","174","19","427","735","0","58.1","31.84"
"10","017","00","004","0422","0000","503","280","223","40","543","1009","0","53.82","27.75"
"10","017","00","004","0422","0097","503","280","223","40","543","1009","0","53.82","27.75"
"10","017","00","004","0423","0000","504","325","179","37","541","1082","0","50.0","30.04"
"10","017","00","004","0423","0098","504","325","179","37","541","1082","0","50.0","30.04"
"10","017","00","004","0424","0000","1462","888","574","78","1540","2797","0","55.06","31.75"
"10","017","00","004","0424","0099","626","362","264","38","664","1278","0","51.96","28.33"
"10","017","00","004","0424","0100","836","526","310","40","876","1519","0","57.67","34.63"
"10","017","00","004","0425","0000","353","210","143","29","382","708","0","53.95","29.66"
"10","017","00","004","0425","0103","353","210","143","29","382","708","0","53.95","29.66"
"10","017","00","004","0426","0000","337","203","134","18","355","567","0","62.61","35.8"
"10","017","00","004","0426","0104","337","203","134","18","355","567","0","62.61","35.8"
"10","017","00","004","0427","0000","381","215","166","36","417","751","0","55.53","28.63"
"10","017","00","004","0427","0105","381","215","166","36","417","751","0","55.53","28.63"
"10","017","00","004","0428","0000","340","181","159","14","354","589","0","60.1","30.73"
"10","017","00","004","0428","0106","340","181","159","14","354","589","0","60.1","30.73"
"10","017","00","004","0429","0000","1254","778","476","56","1310","2514","0","52.11","30.95"
"10","017","00","004","0429","0101","574","358","216","30","604","1336","0","45.21","26.8"
"10","017","00","004","0429","0102","680","420","260","26","706","1178","0","59.93","35.65"
"10","017","00","005","0000","0000","20631","12443","8188","959","21590","41856","47428","51.58","29.73"
"10","017","00","005","0501","0000","392","224","168","24","416","796","0","52.26","28.14"
"10","017","00","005","0501","0107","392","224","168","24","416","796","0","52.26","28.14"
"10","017","00","005","0502","0000","604","398","206","38","642","1036","0","61.97","38.42"
"10","017","00","005","0502","0108","604","398","206","38","642","1036","0","61.97","38.42"
"10","017","00","005","0503","0000","423","271","152","19","442","756","0","58.47","35.85"
"10","017","00","005","0503","0109","423","271","152","19","442","756","0","58.47","35.85"
"10","017","00","005","0504","0000","459","258","201","18","477","957","0","49.84","26.96"
"10","017","00","005","0504","0110","459","258","201","18","477","957","0","49.84","26.96"
"10","017","00","005","0505","0000","431","266","165","9","440","802","0","54.86","33.17"
"10","017","00","005","0505","0111","431","266","165","9","440","802","0","54.86","33.17"
"10","017","00","005","0506","0000","639","382","257","37","676","1263","0","53.52","30.25"
"10","017","00","005","0506","0112","639","382","257","37","676","1263","0","53.52","30.25"
"10","017","00","005","0507","0000","427","251","176","21","448","778","0","57.58","32.26"
"10","017","00","005","0507","0113","427","251","176","21","448","778","0","57.58","32.26"
"10","017","00","005","0508","0000","609","378","231","49","658","1180","0","55.76","32.03"
"10","017","00","005","0508","0114","609","378","231","49","658","1180","0","55.76","32.03"
"10","017","00","005","0509","0000","467","302","165","24","491","990","0","49.6","30.51"
"10","017","00","005","0509","0115","467","302","165","24","491","990","0","49.6","30.51"
"10","017","00","005","0510","0000","551","339","212","25","576","1332","0","43.24","25.45"
"10","017","00","005","0510","0116","551","339","212","25","576","1332","0","43.24","25.45"
"10","017","00","005","0511","0000","811","488","323","48","859","1770","0","48.53","27.57"
"10","017","00","005","0511","0117","375","220","155","28","403","848","0","47.52","25.94"
"10","017","00","005","0511","0118","436","268","168","20","456","922","0","49.46","29.07"
"10","017","00","005","0512","0000","709","402","307","16","725","1584","0","45.77","25.38"
"10","017","00","005","0512","0122","709","402","307","16","725","1584","0","45.77","25.38"
"10","017","00","005","0513","0000","480","296","184","19","499","1319","0","37.83","22.44"
"10","017","00","005","0513","0123","480","296","184","19","499","1319","0","37.83","22.44"
"10","017","00","005","0514","0000","271","173","98","19","290","574","0","50.52","30.14"
"10","017","00","005","0514","0120","271","173","98","19","290","574","0","50.52","30.14"
"10","017","00","005","0515","0000","431","250","181","24","455","877","0","51.88","28.51"
"10","017","00","005","0515","0121","431","250","181","24","455","877","0","51.88","28.51"
"10","017","00","005","0516","0000","396","217","179","31","427","715","0","59.72","30.35"
"10","017","00","005","0516","0141","396","217","179","31","427","715","0","59.72","30.35"
"10","017","00","005","0517","0000","483","301","182","34","517","849","0","60.9","35.45"
"10","017","00","005","0517","0140","483","301","182","34","517","849","0","60.9","35.45"
"10","017","00","005","0518","0000","456","285","171","26","482","932","0","51.72","30.58"
"10","017","00","005","0518","0139","456","285","171","26","482","932","0","51.72","30.58"
"10","017","00","005","0519","0000","710","432","278","52","762","1642","0","46.41","26.31"
"10","017","00","005","0519","0138","710","432","278","52","762","1642","0","46.41","26.31"
"10","017","00","005","0520","0000","2843","1719","1124","107","2950","5387","0","54.76","31.91"
"10","017","00","005","0520","0126","1095","670","425","32","1127","2088","0","53.98","32.09"
"10","017","00","005","0520","0127","1026","603","423","30","1056","1946","0","54.27","30.99"
"10","017","00","005","0520","0128","722","446","276","45","767","1353","0","56.69","32.96"
"10","017","00","005","0521","0000","2862","1695","1167","131","2993","5560","0","53.83","30.49"
"10","017","00","005","0521","0129","659","397","262","37","696","1317","0","52.85","30.14"
"10","017","00","005","0521","0130","477","262","215","20","497","870","0","57.13","30.11"
"10","017","00","005","0521","0131","699","409","290","27","726","1322","0","54.92","30.94"
"10","017","00","005","0521","0132","601","358","243","13","614","1295","0","47.41","27.64"
"10","017","00","005","0521","0133","426","269","157","34","460","756","0","60.85","35.58"
"10","017","00","005","0522","0000","1837","1048","789","74","1911","3815","0","50.09","27.47"
"10","017","00","005","0522","0124","953","553","400","47","1000","1938","0","51.6","28.53"
"10","017","00","005","0522","0125","884","495","389","27","911","1877","0","48.53","26.37"
"10","017","00","005","0523","0000","259","149","110","14","273","459","0","59.48","32.46"
"10","017","00","005","0523","0119","259","149","110","14","273","459","0","59.48","32.46"
"10","017","00","005","0524","0000","3081","1919","1162","100","3181","6483","0","49.07","29.6"
"10","017","00","005","0524","0134","724","431","293","24","748","1602","0","46.69","26.9"
"10","017","00","005","0524","0135","726","452","274","27","753","1568","0","48.02","28.83"
"10","017","00","005","0524","0136","713","455","258","23","736","1404","0","52.42","32.41"
"10","017","00","005","0524","0137","918","581","337","26","944","1909","0","49.45","30.43"
"10","017","00","006","0000","0000","35160","21005","14155","1473","36633","70396","82263","52.04","29.84"
"10","017","00","006","0601","0000","585","354","231","22","607","1213","0","50.04","29.18"
"10","017","00","006","0601","0143","585","354","231","22","607","1213","0","50.04","29.18"
"10","017","00","006","0602","0000","445","273","172","23","468","1026","0","45.61","26.61"
"10","017","00","006","0602","0144","445","273","172","23","468","1026","0","45.61","26.61"
"10","017","00","006","0603","0000","629","390","239","52","681","1361","0","50.04","28.66"
"10","017","00","006","0603","0142","629","390","239","52","681","1361","0","50.04","28.66"
"10","017","00","006","0604","0000","590","379","211","39","629","1038","0","60.6","36.51"
"10","017","00","006","0604","0145","590","379","211","39","629","1038","0","60.6","36.51"
"10","017","00","006","0605","0000","470","247","223","50","520","897","0","57.97","27.54"
"10","017","00","006","0605","0146","470","247","223","50","520","897","0","57.97","27.54"
"10","017","00","006","0606","0000","940","573","367","53","993","2042","0","48.63","28.06"
"10","017","00","006","0606","0147","707","431","276","42","749","1401","0","53.46","30.76"
"10","017","00","006","0606","0148","233","142","91","11","244","641","0","38.07","22.15"
"10","017","00","006","0607","0000","969","536","433","46","1015","1944","0","52.21","27.57"
"10","017","00","006","0607","0149","721","393","328","30","751","1472","0","51.02","26.7"
"10","017","00","006","0607","0150","248","143","105","16","264","472","0","55.93","30.3"
"10","017","00","006","0608","0000","1597","931","666","71","1668","3250","0","51.32","28.65"
"10","017","00","006","0608","0153","938","542","396","31","969","1901","0","50.97","28.51"
"10","017","00","006","0608","0154","659","389","270","40","699","1349","0","51.82","28.84"
"10","017","00","006","0609","0000","485","286","199","21","506","841","0","60.17","34.01"
"10","017","00","006","0609","0151","485","286","199","21","506","841","0","60.17","34.01"
"10","017","00","006","0610","0000","295","163","132","15","310","571","0","54.29","28.55"
"10","017","00","006","0610","0152","295","163","132","15","310","571","0","54.29","28.55"
"10","017","00","006","0611","0000","1833","1159","674","172","2005","3922","0","51.12","29.55"
"10","017","00","006","0611","0179","1019","641","378","34","1053","1960","0","53.72","32.7"
"10","017","00","006","0611","0180","814","518","296","138","952","1962","0","48.52","26.4"
"10","017","00","006","0612","0000","818","445","373","32","850","1641","0","51.8","27.12"
"10","017","00","006","0612","0186","818","445","373","32","850","1641","0","51.8","27.12"
"10","017","00","006","0613","0000","2675","1550","1125","103","2778","5289","0","52.52","29.31"
"10","017","00","006","0613","0187","629","362","267","35","664","1279","0","51.92","28.3"
"10","017","00","006","0613","0188","685","395","290","18","703","1360","0","51.69","29.04"
"10","017","00","006","0613","0189","735","418","317","31","766","1399","0","54.75","29.88"
"10","017","00","006","0613","0190","626","375","251","19","645","1251","0","51.56","29.98"
"10","017","00","006","0614","0000","1913","1091","822","74","1987","3946","0","50.35","27.65"
"10","017","00","006","0614","0181","1062","630","432","38","1100","2117","0","51.96","29.76"
"10","017","00","006","0614","0182","851","461","390","36","887","1829","0","48.5","25.21"
"10","017","00","006","0615","0000","1316","779","537","62","1378","2576","0","53.49","30.24"
"10","017","00","006","0615","0155","605","359","246","23","628","1225","0","51.27","29.31"
"10","017","00","006","0615","0156","711","420","291","39","750","1351","0","55.51","31.09"
"10","017","00","006","0616","0000","2583","1600","983","75","2658","4768","0","55.75","33.56"
"10","017","00","006","0616","0159","840","526","314","32","872","1613","0","54.06","32.61"
"10","017","00","006","0616","0160","918","600","318","23","941","1731","0","54.36","34.66"
"10","017","00","006","0616","0161","825","474","351","20","845","1424","0","59.34","33.29"
"10","017","00","006","0617","0000","1770","1087","683","86","1856","3485","0","53.26","31.19"
"10","017","00","006","0617","0162","872","522","350","45","917","1806","0","50.78","28.9"
"10","017","00","006","0617","0163","898","565","333","41","939","1679","0","55.93","33.65"
"10","017","00","006","0618","0000","1997","1150","847","58","2055","3942","0","52.13","29.17"
"10","017","00","006","0618","0164","985","578","407","31","1016","1902","0","53.42","30.39"
"10","017","00","006","0618","0165","1012","572","440","27","1039","2040","0","50.93","28.04"
"10","017","00","006","0619","0000","1167","672","495","67","1234","2556","0","48.28","26.29"
"10","017","00","006","0619","0166","669","416","253","41","710","1313","0","54.07","31.68"
"10","017","00","006","0619","0167","498","256","242","26","524","1243","0","42.16","20.6"
"10","017","00","006","0620","0000","1363","823","540","42","1405","2968","0","47.34","27.73"
"10","017","00","006","0620","0171","669","410","259","17","686","1557","0","44.06","26.33"
"10","017","00","006","0620","0172","694","413","281","25","719","1411","0","50.96","29.27"
"10","017","00","006","0621","0000","2272","1357","915","59","2331","4538","0","51.37","29.9"
"10","017","00","006","0621","0183","718","428","290","22","740","1529","0","48.4","27.99"
"10","017","00","006","0621","0184","932","555","377","22","954","1869","0","51.04","29.7"
"10","017","00","006","0621","0185","622","374","248","15","637","1140","0","55.88","32.81"
"10","017","00","006","0622","0000","1838","1135","703","55","1893","3319","0","57.04","34.2"
"10","017","00","006","0622","0168","885","507","378","19","904","1759","0","51.39","28.82"
"10","017","00","006","0622","0169","421","235","186","17","438","694","0","63.11","33.86"
"10","017","00","006","0622","0170","532","393","139","19","551","866","0","63.63","45.38"
"10","017","00","006","0623","0000","2130","1258","872","81","2211","4650","0","47.55","27.05"
"10","017","00","006","0623","0176","801","464","337","21","822","1673","0","49.13","27.73"
"10","017","00","006","0623","0177","527","304","223","35","562","1054","0","53.32","28.84"
"10","017","00","006","0623","0178","802","490","312","25","827","1923","0","43.01","25.48"
"10","017","00","006","0624","0000","2354","1484","870","56","2410","4499","0","53.57","32.99"
"10","017","00","006","0624","0173","876","532","344","16","892","1568","0","56.89","33.93"
"10","017","00","006","0624","0174","695","440","255","30","725","1400","0","51.79","31.43"
"10","017","00","006","0624","0175","783","512","271","10","793","1531","0","51.8","33.44"
"10","017","00","006","0625","0000","2126","1283","843","59","2185","4114","0","53.11","31.19"
"10","017","00","006","0625","0157","886","526","360","28","914","1601","0","57.09","32.85"
"10","017","00","006","0625","0158","1240","757","483","31","1271","2513","0","50.58","30.12"
"10","017","00","007","0000","0000","23467","14305","9162","869","24336","46014","52487","52.89","31.09"
"10","017","00","007","0701","0000","589","362","227","26","615","1096","0","56.11","33.03"
"10","017","00","007","0701","0036","589","362","227","26","615","1096","0","56.11","33.03"
"10","017","00","007","0702","0000","705","418","287","34","739","1232","0","59.98","33.93"
"10","017","00","007","0702","0037","705","418","287","34","739","1232","0","59.98","33.93"
"10","017","00","007","0703","0000","650","386","264","21","671","1184","0","56.67","32.6"
"10","017","00","007","0703","0038","650","386","264","21","671","1184","0","56.67","32.6"
"10","017","00","007","0704","0000","1275","822","453","60","1335","2321","0","57.52","35.42"
"10","017","00","007","0704","0039","629","417","212","38","667","1133","0","58.87","36.8"
"10","017","00","007","0704","0040","646","405","241","22","668","1188","0","56.23","34.09"
"10","017","00","007","0705","0000","404","259","145","23","427","725","0","58.9","35.72"
"10","017","00","007","0705","0041","404","259","145","23","427","725","0","58.9","35.72"
"10","017","00","007","0706","0000","695","435","260","29","724","1524","0","47.51","28.54"
"10","017","00","007","0706","0042","695","435","260","29","724","1524","0","47.51","28.54"
"10","017","00","007","0707","0000","387","230","157","30","417","736","0","56.66","31.25"
"10","017","00","007","0707","0043","387","230","157","30","417","736","0","56.66","31.25"
"10","017","00","007","0708","0000","773","494","279","29","802","1562","0","51.34","31.63"
"10","017","00","007","0708","0044","312","195","117","16","328","611","0","53.68","31.91"
"10","017","00","007","0708","0045","461","299","162","13","474","951","0","49.84","31.44"
"10","017","00","007","0709","0000","827","531","296","30","857","1616","0","53.03","32.86"
"10","017","00","007","0709","0046","827","531","296","30","857","1616","0","53.03","32.86"
"10","017","00","007","0710","0000","805","466","339","21","826","1516","0","54.49","30.74"
"10","017","00","007","0710","0047","805","466","339","21","826","1516","0","54.49","30.74"
"10","017","00","007","0711","0000","1066","639","427","49","1115","2118","0","52.64","30.17"
"10","017","00","007","0711","0048","529","330","199","25","554","1049","0","52.81","31.46"
"10","017","00","007","0711","0049","537","309","228","24","561","1069","0","52.48","28.91"
"10","017","00","007","0712","0000","920","594","326","23","943","1763","0","53.49","33.69"
"10","017","00","007","0712","0054","517","348","169","14","531","999","0","53.15","34.83"
"10","017","00","007","0712","0055","403","246","157","9","412","764","0","53.93","32.2"
"10","017","00","007","0713","0000","1704","1064","640","53","1757","3570","0","49.22","29.8"
"10","017","00","007","0713","0056","727","456","271","30","757","1555","0","48.68","29.32"
"10","017","00","007","0713","0057","977","608","369","23","1000","2015","0","49.63","30.17"
"10","017","00","007","0714","0000","1492","933","559","62","1554","2837","0","54.78","32.89"
"10","017","00","007","0714","0058","689","441","248","29","718","1268","0","56.62","34.78"
"10","017","00","007","0714","0059","803","492","311","33","836","1569","0","53.28","31.36"
"10","017","00","007","0715","0000","678","411","267","25","703","1295","0","54.29","31.74"
"10","017","00","007","0715","0071","678","411","267","25","703","1295","0","54.29","31.74"
"10","017","00","007","0716","0000","2329","1400","929","97","2426","4113","0","58.98","34.04"
"10","017","00","007","0716","0050","403","240","163","22","425","727","0","58.46","33.01"
"10","017","00","007","0716","0051","537","323","214","18","555","929","0","59.74","34.77"
"10","017","00","007","0716","0052","667","399","268","25","692","1118","0","61.9","35.69"
"10","017","00","007","0716","0053","722","438","284","32","754","1339","0","56.31","32.71"
"10","017","00","007","0717","0000","1593","975","618","43","1636","3780","0","43.28","25.79"
"10","017","00","007","0717","0069","833","511","322","33","866","2016","0","42.96","25.35"
"10","017","00","007","0717","0070","760","464","296","10","770","1764","0","43.65","26.3"
"10","017","00","007","0718","0000","1713","885","828","58","1771","3461","0","51.17","25.57"
"10","017","00","007","0718","0060","928","341","587","32","960","1985","0","48.36","17.18"
"10","017","00","007","0718","0061","785","544","241","26","811","1476","0","54.95","36.86"
"10","017","00","007","0719","0000","1160","741","419","55","1215","2494","0","48.72","29.71"
"10","017","00","007","0719","0067","656","417","239","33","689","1485","0","46.4","28.08"
"10","017","00","007","0719","0068","504","324","180","22","526","1009","0","52.13","32.11"
"10","017","00","007","0720","0000","3702","2260","1442","101","3803","7071","0","53.78","31.96"
"10","017","00","007","0720","0062","823","484","339","20","843","1493","0","56.46","32.42"
"10","017","00","007","0720","0063","748","459","289","20","768","1249","0","61.49","36.75"
"10","017","00","007","0720","0064","760","455","305","23","783","1559","0","50.22","29.19"
"10","017","00","007","0720","0065","563","348","215","17","580","1168","0","49.66","29.79"
"10","017","00","007","0720","0066","808","514","294","21","829","1602","0","51.75","32.08"
"10","018","00","000","0000","0000","191816","116724","75092","8539","200355","351775","444775","56.96","33.18"
"10","018","00","001","0000","0000","90415","54827","35588","3640","94055","163757","215079","57.44","33.48"
"10","018","00","001","0101","0000","402","248","154","23","425","714","0","59.52","34.73"
"10","018","00","001","0101","0101","402","248","154","23","425","714","0","59.52","34.73"
"10","018","00","001","0102","0000","766","490","276","35","801","1396","0","57.38","35.1"
"10","018","00","001","0102","0103","766","490","276","35","801","1396","0","57.38","35.1"
"10","018","00","001","0103","0000","493","300","193","24","517","875","0","59.09","34.29"
"10","018","00","001","0103","0102","493","300","193","24","517","875","0","59.09","34.29"
"10","018","00","001","0104","0000","277","181","96","11","288","507","0","56.8","35.7"
"10","018","00","001","0104","0100","277","181","96","11","288","507","0","56.8","35.7"
"10","018","00","001","0105","0000","328","200","128","26","354","566","0","62.54","35.34"
"10","018","00","001","0105","0004","328","200","128","26","354","566","0","62.54","35.34"
"10","018","00","001","0106","0000","157","92","65","16","173","305","0","56.72","30.16"
"10","018","00","001","0106","0006","157","92","65","16","173","305","0","56.72","30.16"
"10","018","00","001","0107","0000","366","208","158","17","383","640","0","59.84","32.5"
"10","018","00","001","0107","0005","366","208","158","17","383","640","0","59.84","32.5"
"10","018","00","001","0108","0000","288","168","120","15","303","475","0","63.79","35.37"
"10","018","00","001","0108","0113","288","168","120","15","303","475","0","63.79","35.37"
"10","018","00","001","0109","0000","427","275","152","35","462","752","0","61.44","36.57"
"10","018","00","001","0109","0112","427","275","152","35","462","752","0","61.44","36.57"
"10","018","00","001","0110","0000","389","254","135","34","423","710","0","59.58","35.77"
"10","018","00","001","0110","0111","389","254","135","34","423","710","0","59.58","35.77"
"10","018","00","001","0111","0000","502","289","213","16","518","1512","0","34.26","19.11"
"10","018","00","001","0111","0001","502","289","213","16","518","1512","0","34.26","19.11"
"10","018","00","001","0112","0000","328","214","114","19","347","563","0","61.63","38.01"
"10","018","00","001","0112","0007","328","214","114","19","347","563","0","61.63","38.01"
"10","018","00","001","0113","0000","1694","1037","657","68","1762","3123","0","56.42","33.21"
"10","018","00","001","0113","0027","835","484","351","39","874","1573","0","55.56","30.77"
"10","018","00","001","0113","0028","859","553","306","29","888","1550","0","57.29","35.68"
"10","018","00","001","0114","0000","1590","954","636","92","1682","2928","0","57.45","32.58"
"10","018","00","001","0114","0114","452","280","172","32","484","880","0","55.0","31.82"
"10","018","00","001","0114","0115","563","320","243","22","585","989","0","59.15","32.36"
"10","018","00","001","0114","0116","575","354","221","38","613","1059","0","57.88","33.43"
"10","018","00","001","0115","0000","786","490","296","63","849","1422","0","59.7","34.46"
"10","018","00","001","0115","0117","343","217","126","28","371","607","0","61.12","35.75"
"10","018","00","001","0115","0118","443","273","170","35","478","815","0","58.65","33.5"
"10","018","00","001","0116","0000","2773","1630","1143","103","2876","5524","0","52.06","29.51"
"10","018","00","001","0116","0104","645","383","262","31","676","1232","0","54.87","31.09"
"10","018","00","001","0116","0105","687","385","302","33","720","1323","0","54.42","29.1"
"10","018","00","001","0116","0106","720","435","285","15","735","1516","0","48.48","28.69"
"10","018","00","001","0116","0107","721","427","294","24","745","1453","0","51.27","29.39"
"10","018","00","001","0117","0000","970","612","358","37","1007","1682","0","59.87","36.39"
"10","018","00","001","0117","0002","564","346","218","21","585","953","0","61.39","36.31"
"10","018","00","001","0117","0003","406","266","140","16","422","729","0","57.89","36.49"
"10","018","00","001","0118","0000","2424","1508","916","93","2517","4456","0","56.49","33.84"
"10","018","00","001","0118","0010","842","524","318","30","872","1615","0","53.99","32.45"
"10","018","00","001","0118","0011","715","443","272","32","747","1287","0","58.04","34.42"
"10","018","00","001","0118","0012","867","541","326","31","898","1554","0","57.79","34.81"
"10","018","00","001","0119","0000","2357","1427","930","76","2433","4162","0","58.46","34.29"
"10","018","00","001","0119","0013","809","474","335","16","825","1388","0","59.44","34.15"
"10","018","00","001","0119","0014","825","519","306","26","851","1419","0","59.97","36.58"
"10","018","00","001","0119","0015","723","434","289","34","757","1355","0","55.87","32.03"
"10","018","00","001","0120","0000","2651","1613","1038","122","2773","4714","0","58.82","34.22"
"10","018","00","001","0120","0019","599","343","256","27","626","1062","0","58.95","32.3"
"10","018","00","001","0120","0020","728","443","285","25","753","1315","0","57.26","33.69"
"10","018","00","001","0120","0021","558","355","203","37","595","1000","0","59.5","35.5"
"10","018","00","001","0120","0022","766","472","294","33","799","1337","0","59.76","35.3"
"10","018","00","001","0121","0000","3000","1792","1208","106","3106","5333","0","58.24","33.6"
"10","018","00","001","0121","0023","928","563","365","23","951","1747","0","54.44","32.23"
"10","018","00","001","0121","0024","938","555","383","20","958","1600","0","59.88","34.69"
"10","018","00","001","0121","0025","620","372","248","36","656","1158","0","56.65","32.12"
"10","018","00","001","0121","0026","514","302","212","27","541","828","0","65.34","36.47"
"10","018","00","001","0122","0000","1347","840","507","68","1415","2283","0","61.98","36.79"
"10","018","00","001","0122","0039","718","445","273","44","762","1271","0","59.95","35.01"
"10","018","00","001","0122","0040","629","395","234","24","653","1012","0","64.53","39.03"
"10","018","00","001","0123","0000","1376","836","540","77","1453","2604","0","55.8","32.1"
"10","018","00","001","0123","0041","556","350","206","33","589","1001","0","58.84","34.97"
"10","018","00","001","0123","0042","820","486","334","44","864","1603","0","53.9","30.32"
"10","018","00","001","0124","0000","2414","1451","963","120","2534","4297","0","58.97","33.77"
"10","018","00","001","0124","0050","673","392","281","31","704","1195","0","58.91","32.8"
"10","018","00","001","0124","0051","812","516","296","56","868","1569","0","55.32","32.89"
"10","018","00","001","0124","0052","929","543","386","33","962","1533","0","62.75","35.42"
"10","018","00","001","0125","0000","2326","1538","788","90","2416","3992","0","60.52","38.53"
"10","018","00","001","0125","0053","788","533","255","27","815","1336","0","61.0","39.9"
"10","018","00","001","0125","0054","782","515","267","30","812","1367","0","59.4","37.67"
"10","018","00","001","0125","0055","756","490","266","33","789","1289","0","61.21","38.01"
"10","018","00","001","0126","0000","3601","2220","1381","149","3750","6055","0","61.93","36.66"
"10","018","00","001","0126","0034","730","443","287","40","770","1262","0","61.01","35.1"
"10","018","00","001","0126","0035","663","426","237","27","690","1199","0","57.55","35.53"
"10","018","00","001","0126","0036","735","462","273","34","769","1226","0","62.72","37.68"
"10","018","00","001","0126","0037","854","516","338","31","885","1377","0","64.27","37.47"
"10","018","00","001","0126","0038","619","373","246","17","636","991","0","64.18","37.64"
"10","018","00","001","0127","0000","1814","1145","669","68","1882","3142","0","59.9","36.44"
"10","018","00","001","0127","0031","551","374","177","16","567","935","0","60.64","40.0"
"10","018","00","001","0127","0032","594","359","235","22","616","1074","0","57.36","33.43"
"10","018","00","001","0127","0033","669","412","257","30","699","1133","0","61.69","36.36"
"10","018","00","001","0128","0000","1834","1131","703","62","1896","3440","0","55.12","32.88"
"10","018","00","001","0128","0122","530","332","198","30","560","1062","0","52.73","31.26"
"10","018","00","001","0128","0123","606","371","235","19","625","1046","0","59.75","35.47"
"10","018","00","001","0128","0124","698","428","270","13","711","1332","0","53.38","32.13"
"10","018","00","001","0129","0000","1637","1034","603","74","1711","2999","0","57.05","34.48"
"10","018","00","001","0129","0108","488","315","173","29","517","880","0","58.75","35.8"
"10","018","00","001","0129","0109","573","373","200","21","594","1058","0","56.14","35.26"
"10","018","00","001","0129","0110","576","346","230","24","600","1061","0","56.55","32.61"
"10","018","00","001","0130","0000","2796","1680","1116","117","2913","5036","0","57.84","33.36"
"10","018","00","001","0130","0132","677","399","278","30","707","1315","0","53.76","30.34"
"10","018","00","001","0130","0133","780","471","309","35","815","1413","0","57.68","33.33"
"10","018","00","001","0130","0134","580","344","236","28","608","1064","0","57.14","32.33"
"10","018","00","001","0130","0135","759","466","293","24","783","1244","0","62.94","37.46"
"10","018","00","001","0131","0000","3035","1866","1169","113","3148","5678","0","55.44","32.86"
"10","018","00","001","0131","0125","734","421","313","37","771","1350","0","57.11","31.19"
"10","018","00","001","0131","0126","738","471","267","18","756","1438","0","52.57","32.75"
"10","018","00","001","0131","0127","725","472","253","29","754","1414","0","53.32","33.38"
"10","018","00","001","0131","0128","838","502","336","29","867","1476","0","58.74","34.01"
"10","018","00","001","0132","0000","711","423","288","18","729","1233","0","59.12","34.31"
"10","018","00","001","0132","0099","711","423","288","18","729","1233","0","59.12","34.31"
"10","018","00","001","0133","0000","1673","1039","634","86","1759","3003","0","58.57","34.6"
"10","018","00","001","0133","0063","631","385","246","46","677","1132","0","59.81","34.01"
"10","018","00","001","0133","0064","145","77","68","7","152","251","0","60.56","30.68"
"10","018","00","001","0133","0065","897","577","320","33","930","1620","0","57.41","35.62"
"10","018","00","001","0135","0000","493","326","167","29","522","915","0","57.05","35.63"
"10","018","00","001","0135","0059","493","326","167","29","522","915","0","57.05","35.63"
"10","018","00","001","0136","0000","1609","1007","602","58","1667","2751","0","60.6","36.6"
"10","018","00","001","0136","0056","534","329","205","15","549","960","0","57.19","34.27"
"10","018","00","001","0136","0057","519","329","190","20","539","843","0","63.94","39.03"
"10","018","00","001","0136","0058","556","349","207","23","579","948","0","61.08","36.81"
"10","018","00","001","0137","0000","2038","1292","746","64","2102","3556","0","59.11","36.33"
"10","018","00","001","0137","0060","1010","646","364","35","1045","1801","0","58.02","35.87"
"10","018","00","001","0137","0061","612","373","239","21","633","1079","0","58.67","34.57"
"10","018","00","001","0137","0062","416","273","143","8","424","676","0","62.72","40.38"
"10","018","00","001","0138","0000","1386","835","551","63","1449","2768","0","52.35","30.17"
"10","018","00","001","0138","0043","668","380","288","34","702","1236","0","56.8","30.74"
"10","018","00","001","0138","0044","718","455","263","29","747","1532","0","48.76","29.7"
"10","018","00","001","0139","0000","1841","1115","726","88","1929","3331","0","57.91","33.47"
"10","018","00","001","0139","0045","719","455","264","29","748","1306","0","57.27","34.84"
"10","018","00","001","0139","0046","593","342","251","39","632","1073","0","58.9","31.87"
"10","018","00","001","0139","0047","529","318","211","20","549","952","0","57.67","33.4"
"10","018","00","001","0140","0000","1079","672","407","44","1123","2076","0","54.09","32.37"
"10","018","00","001","0140","0048","641","400","241","30","671","1298","0","51.69","30.82"
"10","018","00","001","0140","0049","438","272","166","14","452","778","0","58.1","34.96"
"10","018","00","001","0141","0000","2492","1370","1122","77","2569","4669","0","55.02","29.34"
"10","018","00","001","0141","0077","670","381","289","20","690","1215","0","56.79","31.36"
"10","018","00","001","0141","0078","554","328","226","21","575","1067","0","53.89","30.74"
"10","018","00","001","0141","0079","642","322","320","19","661","1194","0","55.36","26.97"
"10","018","00","001","0141","0080","626","339","287","17","643","1193","0","53.9","28.42"
"10","018","00","001","0142","0000","4279","2433","1846","137","4416","7900","0","55.9","30.8"
"10","018","00","001","0142","0066","776","444","332","25","801","1479","0","54.16","30.02"
"10","018","00","001","0142","0067","737","404","333","19","756","1402","0","53.92","28.82"
"10","018","00","001","0142","0068","684","410","274","38","722","1280","0","56.41","32.03"
"10","018","00","001","0142","0069","714","393","321","18","732","1228","0","59.61","32.0"
"10","018","00","001","0142","0070","631","333","298","7","638","1157","0","55.14","28.78"
"10","018","00","001","0142","0071","737","449","288","30","767","1354","0","56.65","33.16"
"10","018","00","001","0143","0000","2912","1746","1166","130","3042","5242","0","58.03","33.31"
"10","018","00","001","0143","0081","756","438","318","53","809","1388","0","58.29","31.56"
"10","018","00","001","0143","0082","722","466","256","31","753","1267","0","59.43","36.78"
"10","018","00","001","0143","0083","718","424","294","21","739","1299","0","56.89","32.64"
"10","018","00","001","0143","0084","716","418","298","25","741","1288","0","57.53","32.45"
"10","018","00","001","0144","0000","2437","1433","1004","80","2517","4240","0","59.36","33.8"
"10","018","00","001","0144","0096","839","503","336","27","866","1400","0","61.86","35.93"
"10","018","00","001","0144","0097","861","491","370","24","885","1473","0","60.08","33.33"
"10","018","00","001","0144","0098","737","439","298","29","766","1367","0","56.04","32.11"
"10","018","00","001","0145","0000","2605","1572","1033","110","2715","5042","0","53.85","31.18"
"10","018","00","001","0145","0092","683","423","260","34","717","1323","0","54.2","31.97"
"10","018","00","001","0145","0093","632","398","234","33","665","1207","0","55.1","32.97"
"10","018","00","001","0145","0094","621","380","241","26","647","1264","0","51.19","30.06"
"10","018","00","001","0145","0095","669","371","298","17","686","1248","0","54.97","29.73"
"10","018","00","001","0146","0000","2473","1538","935","106","2579","4634","0","55.65","33.19"
"10","018","00","001","0146","0088","586","357","229","31","617","1135","0","54.36","31.45"
"10","018","00","001","0146","0089","591","393","198","26","617","1165","0","52.96","33.73"
"10","018","00","001","0146","0090","609","377","232","24","633","1124","0","56.32","33.54"
"10","018","00","001","0146","0091","687","411","276","25","712","1210","0","58.84","33.97"
"10","018","00","001","0147","0000","3828","2324","1504","126","3954","6262","0","63.14","37.11"
"10","018","00","001","0147","0072","842","504","338","25","867","1334","0","64.99","37.78"
"10","018","00","001","0147","0073","736","438","298","29","765","1234","0","61.99","35.49"
"10","018","00","001","0147","0074","865","540","325","29","894","1398","0","63.95","38.63"
"10","018","00","001","0147","0075","553","339","214","18","571","928","0","61.53","36.53"
"10","018","00","001","0147","0076","832","503","329","25","857","1368","0","62.65","36.77"
"10","018","00","001","0148","0000","1347","809","538","57","1404","2357","0","59.57","34.32"
"10","018","00","001","0148","0029","727","438","289","28","755","1317","0","57.33","33.26"
"10","018","00","001","0148","0030","620","371","249","29","649","1040","0","62.4","35.67"
"10","018","00","001","0149","0000","1790","1094","696","87","1877","3392","0","55.34","32.25"
"10","018","00","001","0149","0119","458","298","160","27","485","777","0","62.42","38.35"
"10","018","00","001","0149","0120","677","402","275","34","711","1399","0","50.82","28.73"
"10","018","00","001","0149","0121","655","394","261","26","681","1216","0","56.0","32.4"
"10","018","00","001","0150","0000","2655","1592","1063","81","2736","4777","0","57.27","33.33"
"10","018","00","001","0150","0016","811","488","323","33","844","1490","0","56.64","32.75"
"10","018","00","001","0150","0017","896","537","359","25","921","1615","0","57.03","33.25"
"10","018","00","001","0150","0018","948","567","381","23","971","1672","0","58.07","33.91"
"10","018","00","001","0151","0000","1011","603","408","23","1034","1782","0","58.02","33.84"
"10","018","00","001","0151","0008","411","248","163","10","421","741","0","56.82","33.47"
"10","018","00","001","0151","0009","600","355","245","13","613","1041","0","58.89","34.1"
"10","018","00","001","0152","0000","2061","1267","794","93","2154","3526","0","61.09","35.93"
"10","018","00","001","0152","0129","777","479","298","40","817","1326","0","61.61","36.12"
"10","018","00","001","0152","0130","580","361","219","21","601","927","0","64.83","38.94"
"10","018","00","001","0152","0131","704","427","277","32","736","1273","0","57.82","33.54"
"10","018","00","001","0153","0000","2364","1423","941","66","2430","4816","0","50.46","29.55"
"10","018","00","001","0153","0136","610","380","230","4","614","1160","0","52.93","32.76"
"10","018","00","001","0153","0137","690","410","280","15","705","1398","0","50.43","29.33"
"10","018","00","001","0153","0138","553","336","217","18","571","1384","0","41.26","24.28"
"10","018","00","001","0153","0139","511","297","214","29","540","874","0","61.78","33.98"
"10","018","00","001","0154","0000","2183","1191","992","48","2231","3600","0","61.97","33.08"
"10","018","00","001","0154","0085","733","395","338","17","750","1228","0","61.07","32.17"
"10","018","00","001","0154","0086","684","375","309","10","694","1135","0","61.15","33.04"
"10","018","00","001","0154","0087","766","421","345","21","787","1237","0","63.62","34.03"
"10","018","00","002","0000","0000","66414","40483","25931","3115","69529","123122","151391","56.47","32.88"
"10","018","00","002","0201","0000","309","201","108","19","328","535","0","61.31","37.57"
"10","018","00","002","0201","0141","309","201","108","19","328","535","0","61.31","37.57"
"10","018","00","002","0202","0000","415","236","179","27","442","711","0","62.17","33.19"
"10","018","00","002","0202","0144","415","236","179","27","442","711","0","62.17","33.19"
"10","018","00","002","0203","0000","408","246","162","40","448","746","0","60.05","32.98"
"10","018","00","002","0203","0142","408","246","162","40","448","746","0","60.05","32.98"
"10","018","00","002","0204","0000","255","147","108","14","269","477","0","56.39","30.82"
"10","018","00","002","0204","0140","255","147","108","14","269","477","0","56.39","30.82"
"10","018","00","002","0205","0000","588","362","226","28","616","1143","0","53.89","31.67"
"10","018","00","002","0205","0145","588","362","226","28","616","1143","0","53.89","31.67"
"10","018","00","002","0206","0000","287","171","116","15","302","546","0","55.31","31.32"
"10","018","00","002","0206","0143","287","171","116","15","302","546","0","55.31","31.32"
"10","018","00","002","0207","0000","704","435","269","30","734","1370","0","53.58","31.75"
"10","018","00","002","0207","0146","704","435","269","30","734","1370","0","53.58","31.75"
"10","018","00","002","0208","0000","505","308","197","29","534","957","0","55.8","32.18"
"10","018","00","002","0208","0172","505","308","197","29","534","957","0","55.8","32.18"
"10","018","00","002","0209","0000","338","215","123","24","362","561","0","64.53","38.32"
"10","018","00","002","0209","0169","338","215","123","24","362","561","0","64.53","38.32"
"10","018","00","002","0210","0000","471","280","191","12","483","761","0","63.47","36.79"
"10","018","00","002","0210","0167","471","280","191","12","483","761","0","63.47","36.79"
"10","018","00","002","0211","0000","447","245","202","26","473","788","0","60.03","31.09"
"10","018","00","002","0211","0168","447","245","202","26","473","788","0","60.03","31.09"
"10","018","00","002","0212","0000","686","390","296","26","712","1398","0","50.93","27.9"
"10","018","00","002","0212","0171","686","390","296","26","712","1398","0","50.93","27.9"
"10","018","00","002","0213","0000","762","450","312","68","830","1558","0","53.27","28.88"
"10","018","00","002","0213","0170","762","450","312","68","830","1558","0","53.27","28.88"
"10","018","00","002","0214","0000","2498","1475","1023","131","2629","4800","0","54.77","30.73"
"10","018","00","002","0214","0173","670","411","259","31","701","1195","0","58.66","34.39"
"10","018","00","002","0214","0174","593","353","240","23","616","1236","0","49.84","28.56"
"10","018","00","002","0214","0175","626","351","275","44","670","1255","0","53.39","27.97"
"10","018","00","002","0214","0176","609","360","249","33","642","1114","0","57.63","32.32"
"10","018","00","002","0215","0000","1534","920","614","71","1605","2949","0","54.43","31.2"
"10","018","00","002","0215","0188","740","437","303","33","773","1457","0","53.05","29.99"
"10","018","00","002","0215","0189","794","483","311","38","832","1492","0","55.76","32.37"
"10","018","00","002","0216","0000","2029","1230","799","89","2118","3906","0","54.22","31.49"
"10","018","00","002","0216","0185","603","380","223","17","620","1272","0","48.74","29.87"
"10","018","00","002","0216","0186","705","434","271","46","751","1306","0","57.5","33.23"
"10","018","00","002","0216","0187","721","416","305","26","747","1328","0","56.25","31.33"
"10","018","00","002","0217","0000","1184","711","473","94","1278","2131","0","59.97","33.36"
"10","018","00","002","0217","0190","657","387","270","46","703","1160","0","60.6","33.36"
"10","018","00","002","0217","0191","527","324","203","48","575","971","0","59.22","33.37"
"10","018","00","002","0218","0000","911","584","327","47","958","1651","0","58.03","35.37"
"10","018","00","002","0218","0228","515","331","184","13","528","946","0","55.81","34.99"
"10","018","00","002","0218","0229","396","253","143","34","430","705","0","60.99","35.89"
"10","018","00","002","0219","0000","2115","1229","886","94","2209","3852","0","57.35","31.91"
"10","018","00","002","0219","0221","662","406","256","28","690","1175","0","58.72","34.55"
"10","018","00","002","0219","0222","771","385","386","28","799","1371","0","58.28","28.08"
"10","018","00","002","0219","0223","682","438","244","38","720","1306","0","55.13","33.54"
"10","018","00","002","0220","0000","453","277","176","54","507","848","0","59.79","32.67"
"10","018","00","002","0220","0230","453","277","176","54","507","848","0","59.79","32.67"
"10","018","00","002","0221","0000","1508","940","568","45","1553","2712","0","57.26","34.66"
"10","018","00","002","0221","0199","780","507","273","23","803","1442","0","55.69","35.16"
"10","018","00","002","0221","0200","728","433","295","22","750","1270","0","59.06","34.09"
"10","018","00","002","0222","0000","3304","2020","1284","170","3474","5949","0","58.4","33.96"
"10","018","00","002","0222","0208","620","340","280","36","656","1106","0","59.31","30.74"
"10","018","00","002","0222","0209","503","371","132","25","528","1044","0","50.57","35.54"
"10","018","00","002","0222","0210","604","357","247","25","629","1061","0","59.28","33.65"
"10","018","00","002","0222","0211","844","514","330","58","902","1518","0","59.42","33.86"
"10","018","00","002","0222","0212","733","438","295","26","759","1220","0","62.21","35.9"
"10","018","00","002","0223","0000","2696","1810","886","115","2811","4623","0","60.8","39.15"
"10","018","00","002","0223","0217","595","403","192","17","612","1059","0","57.79","38.05"
"10","018","00","002","0223","0218","653","430","223","34","687","1130","0","60.8","38.05"
"10","018","00","002","0223","0219","720","474","246","31","751","1208","0","62.17","39.24"
"10","018","00","002","0223","0220","728","503","225","33","761","1226","0","62.07","41.03"
"10","018","00","002","0224","0000","2803","1676","1127","124","2927","5718","0","51.19","29.31"
"10","018","00","002","0224","0231","665","389","276","34","699","1295","0","53.98","30.04"
"10","018","00","002","0224","0232","736","457","279","28","764","1467","0","52.08","31.15"
"10","018","00","002","0224","0233","745","427","318","35","780","1659","0","47.02","25.74"
"10","018","00","002","0224","0234","657","403","254","27","684","1297","0","52.74","31.07"
"10","018","00","002","0225","0000","314","179","135","33","347","594","0","58.42","30.13"
"10","018","00","002","0225","0244","314","179","135","33","347","594","0","58.42","30.13"
"10","018","00","002","0226","0000","1545","974","571","89","1634","2831","0","57.72","34.4"
"10","018","00","002","0226","0235","747","475","272","44","791","1374","0","57.57","34.57"
"10","018","00","002","0226","0236","798","499","299","45","843","1457","0","57.86","34.25"
"10","018","00","002","0227","0000","783","461","322","64","847","1609","0","52.64","28.65"
"10","018","00","002","0227","0243","783","461","322","64","847","1609","0","52.64","28.65"
"10","018","00","002","0228","0000","1885","1123","762","86","1971","3393","0","58.09","33.1"
"10","018","00","002","0228","0237","606","377","229","27","633","1072","0","59.05","35.17"
"10","018","00","002","0228","0238","692","405","287","36","728","1350","0","53.93","30.0"
"10","018","00","002","0228","0239","587","341","246","23","610","971","0","62.82","35.12"
"10","018","00","002","0229","0000","2014","1236","778","105","2119","3723","0","56.92","33.2"
"10","018","00","002","0229","0240","789","486","303","62","851","1450","0","58.69","33.52"
"10","018","00","002","0229","0241","493","298","195","18","511","895","0","57.09","33.3"
"10","018","00","002","0229","0242","732","452","280","25","757","1378","0","54.93","32.8"
"10","018","00","002","0230","0000","990","625","365","36","1026","1766","0","58.1","35.39"
"10","018","00","002","0230","0158","640","426","214","24","664","1128","0","58.87","37.77"
"10","018","00","002","0230","0159","350","199","151","12","362","638","0","56.74","31.19"
"10","018","00","002","0231","0000","1938","1188","750","67","2005","3589","0","55.87","33.1"
"10","018","00","002","0231","0147","726","455","271","32","758","1390","0","54.53","32.73"
"10","018","00","002","0231","0148","537","336","201","17","554","962","0","57.59","34.93"
"10","018","00","002","0231","0149","675","397","278","18","693","1237","0","56.02","32.09"
"10","018","00","002","0232","0000","2583","1631","952","131","2714","5156","0","52.64","31.63"
"10","018","00","002","0232","0151","364","241","123","24","388","758","0","51.19","31.79"
"10","018","00","002","0232","0152","665","429","236","29","694","1320","0","52.58","32.5"
"10","018","00","002","0232","0153","728","452","276","48","776","1519","0","51.09","29.76"
"10","018","00","002","0232","0154","129","82","47","5","134","347","0","38.62","23.63"
"10","018","00","002","0232","0155","697","427","270","25","722","1212","0","59.57","35.23"
"10","018","00","002","0233","0000","1535","913","622","73","1608","2912","0","55.22","31.35"
"10","018","00","002","0233","0156","785","479","306","30","815","1484","0","54.92","32.28"
"10","018","00","002","0233","0157","750","434","316","43","793","1428","0","55.53","30.39"
"10","018","00","002","0234","0000","2193","1285","908","105","2298","4121","0","55.76","31.18"
"10","018","00","002","0234","0163","725","428","297","47","772","1394","0","55.38","30.7"
"10","018","00","002","0234","0164","799","471","328","20","819","1568","0","52.23","30.04"
"10","018","00","002","0234","0165","669","386","283","38","707","1159","0","61.0","33.3"
"10","018","00","002","0235","0000","104","58","46","1","105","252","0","41.67","23.02"
"10","018","00","002","0235","0166","104","58","46","1","105","252","0","41.67","23.02"
"10","018","00","002","0236","0000","2646","1659","987","126","2772","4656","0","59.54","35.63"
"10","018","00","002","0236","0224","709","460","249","24","733","1340","0","54.7","34.33"
"10","018","00","002","0236","0225","647","370","277","39","686","1111","0","61.75","33.3"
"10","018","00","002","0236","0226","731","458","273","37","768","1197","0","64.16","38.26"
"10","018","00","002","0236","0227","559","371","188","26","585","1008","0","58.04","36.81"
"10","018","00","002","0237","0000","2837","1716","1121","112","2949","5296","0","55.68","32.4"
"10","018","00","002","0237","0177","751","437","314","28","779","1396","0","55.8","31.3"
"10","018","00","002","0237","0178","807","508","299","30","837","1456","0","57.49","34.89"
"10","018","00","002","0237","0179","736","445","291","21","757","1374","0","55.09","32.39"
"10","018","00","002","0237","0180","543","326","217","33","576","1070","0","53.83","30.47"
"10","018","00","002","0238","0000","2471","1500","971","129","2600","4524","0","57.47","33.16"
"10","018","00","002","0238","0181","602","365","237","44","646","1142","0","56.57","31.96"
"10","018","00","002","0238","0182","573","332","241","23","596","1103","0","54.03","30.1"
"10","018","00","002","0238","0183","640","392","248","41","681","1190","0","57.23","32.94"
"10","018","00","002","0238","0184","656","411","245","21","677","1089","0","62.17","37.74"
"10","018","00","002","0239","0000","1974","1148","826","74","2048","4112","0","49.81","27.92"
"10","018","00","002","0239","0192","433","263","170","21","454","1401","0","32.41","18.77"
"10","018","00","002","0239","0193","745","429","316","29","774","1340","0","57.76","32.01"
"10","018","00","002","0239","0194","796","456","340","24","820","1371","0","59.81","33.26"
"10","018","00","002","0240","0000","2709","1633","1076","92","2801","4793","0","58.44","34.07"
"10","018","00","002","0240","0195","683","393","290","27","710","1267","0","56.04","31.02"
"10","018","00","002","0240","0196","659","409","250","20","679","1073","0","63.28","38.12"
"10","018","00","002","0240","0197","655","401","254","24","679","1159","0","58.58","34.6"
"10","018","00","002","0240","0198","712","430","282","21","733","1294","0","56.65","33.23"
"10","018","00","002","0241","0000","3193","2003","1190","98","3291","5721","0","57.52","35.01"
"10","018","00","002","0241","0213","852","502","350","13","865","1475","0","58.64","34.03"
"10","018","00","002","0241","0214","713","462","251","37","750","1373","0","54.62","33.65"
"10","018","00","002","0241","0215","823","533","290","24","847","1450","0","58.41","36.76"
"10","018","00","002","0241","0216","805","506","299","24","829","1423","0","58.26","35.56"
"10","018","00","002","0242","0000","3576","2121","1455","124","3700","6417","0","57.66","33.05"
"10","018","00","002","0242","0203","651","384","267","31","682","1163","0","58.64","33.02"
"10","018","00","002","0242","0204","729","419","310","14","743","1334","0","55.7","31.41"
"10","018","00","002","0242","0205","767","453","314","32","799","1415","0","56.47","32.01"
"10","018","00","002","0242","0206","773","463","310","21","794","1305","0","60.84","35.48"
"10","018","00","002","0242","0207","656","402","254","26","682","1200","0","56.83","33.5"
"10","018","00","002","0243","0000","1327","839","488","46","1373","2128","0","64.52","39.43"
"10","018","00","002","0243","0201","754","476","278","19","773","1179","0","65.56","40.37"
"10","018","00","002","0243","0202","573","363","210","27","600","949","0","63.22","38.25"
"10","018","00","002","0244","0000","746","446","300","52","798","1604","0","49.75","27.81"
"10","018","00","002","0244","0150","746","446","300","52","798","1604","0","49.75","27.81"
"10","018","00","002","0245","0000","1841","1187","654","80","1921","3235","0","59.38","36.69"
"10","018","00","002","0245","0160","677","462","215","39","716","1222","0","58.59","37.81"
"10","018","00","002","0245","0161","569","346","223","19","588","1076","0","54.65","32.16"
"10","018","00","002","0245","0162","595","379","216","22","617","937","0","65.85","40.45"
"10","018","00","003","0000","0000","34987","21414","13573","1784","36771","64896","78305","56.66","33.0"
"10","018","00","003","0301","0000","1417","857","560","96","1513","2513","0","60.21","34.1"
"10","018","00","003","0301","0271","615","351","264","44","659","1182","0","55.75","29.7"
"10","018","00","003","0301","0272","802","506","296","52","854","1331","0","64.16","38.02"
"10","018","00","003","0302","0000","2837","1711","1126","150","2987","5255","0","56.84","32.56"
"10","018","00","003","0302","0266","569","304","265","39","608","1088","0","55.88","27.94"
"10","018","00","003","0302","0267","453","285","168","16","469","903","0","51.94","31.56"
"10","018","00","003","0302","0268","568","330","238","29","597","1012","0","58.99","32.61"
"10","018","00","003","0302","0269","544","354","190","35","579","1014","0","57.1","34.91"
"10","018","00","003","0302","0270","703","438","265","31","734","1238","0","59.29","35.38"
"10","018","00","003","0303","0000","1265","798","467","61","1326","2288","0","57.95","34.88"
"10","018","00","003","0303","0264","534","357","177","23","557","970","0","57.42","36.8"
"10","018","00","003","0303","0265","731","441","290","38","769","1318","0","58.35","33.46"
"10","018","00","003","0304","0000","1392","855","537","96","1488","2371","0","62.76","36.06"
"10","018","00","003","0304","0262","753","470","283","46","799","1348","0","59.27","34.87"
"10","018","00","003","0304","0263","639","385","254","50","689","1023","0","67.35","37.63"
"10","018","00","003","0305","0000","1234","731","503","87","1321","2095","0","63.05","34.89"
"10","018","00","003","0305","0260","650","371","279","44","694","1138","0","60.98","32.6"
"10","018","00","003","0305","0261","584","360","224","43","627","957","0","65.52","37.62"
"10","018","00","003","0306","0000","1777","1095","682","98","1875","3128","0","59.94","35.01"
"10","018","00","003","0306","0257","584","364","220","22","606","1067","0","56.79","34.11"
"10","018","00","003","0306","0258","495","306","189","34","529","863","0","61.3","35.46"
"10","018","00","003","0306","0259","698","425","273","42","740","1198","0","61.77","35.48"
"10","018","00","003","0307","0000","1627","1021","606","49","1676","2881","0","58.17","35.44"
"10","018","00","003","0307","0252","835","516","319","34","869","1473","0","59.0","35.03"
"10","018","00","003","0307","0253","792","505","287","15","807","1408","0","57.32","35.87"
"10","018","00","003","0308","0000","2275","1400","875","88","2363","4517","0","52.31","30.99"
"10","018","00","003","0308","0254","625","397","228","26","651","1318","0","49.39","30.12"
"10","018","00","003","0308","0255","721","461","260","36","757","1337","0","56.62","34.48"
"10","018","00","003","0308","0256","929","542","387","26","955","1862","0","51.29","29.11"
"10","018","00","003","0309","0000","2646","1572","1074","86","2732","4959","0","55.09","31.7"
"10","018","00","003","0309","0245","754","472","282","29","783","1443","0","54.26","32.71"
"10","018","00","003","0309","0246","661","371","290","23","684","1241","0","55.12","29.9"
"10","018","00","003","0309","0247","636","371","265","26","662","1194","0","55.44","31.07"
"10","018","00","003","0309","0248","595","358","237","8","603","1081","0","55.78","33.12"
"10","018","00","003","0310","0000","2238","1359","879","91","2329","3917","0","59.46","34.69"
"10","018","00","003","0310","0273","613","382","231","16","629","976","0","64.45","39.14"
"10","018","00","003","0310","0274","448","268","180","17","465","834","0","55.76","32.13"
"10","018","00","003","0310","0275","501","312","189","31","532","919","0","57.89","33.95"
"10","018","00","003","0310","0276","676","397","279","27","703","1188","0","59.18","33.42"
"10","018","00","003","0311","0000","1917","1211","706","103","2020","3342","0","60.44","36.24"
"10","018","00","003","0311","0277","600","365","235","39","639","1086","0","58.84","33.61"
"10","018","00","003","0311","0278","686","444","242","27","713","1144","0","62.33","38.81"
"10","018","00","003","0311","0279","631","402","229","37","668","1112","0","60.07","36.15"
"10","018","00","003","0312","0000","2391","1520","871","105","2496","4231","0","58.99","35.93"
"10","018","00","003","0312","0280","811","513","298","44","855","1476","0","57.93","34.76"
"10","018","00","003","0312","0281","704","451","253","30","734","1291","0","56.86","34.93"
"10","018","00","003","0312","0282","876","556","320","31","907","1464","0","61.95","37.98"
"10","018","00","003","0313","0000","1513","951","562","84","1597","2763","0","57.8","34.42"
"10","018","00","003","0313","0283","801","523","278","48","849","1427","0","59.5","36.65"
"10","018","00","003","0313","0284","712","428","284","36","748","1336","0","55.99","32.04"
"10","018","00","003","0314","0000","529","306","223","31","560","1131","0","49.51","27.06"
"10","018","00","003","0314","0285","529","306","223","31","560","1131","0","49.51","27.06"
"10","018","00","003","0315","0000","1185","734","451","85","1270","2076","0","61.18","35.36"
"10","018","00","003","0315","0286","609","377","232","42","651","1070","0","60.84","35.23"
"10","018","00","003","0315","0287","576","357","219","43","619","1006","0","61.53","35.49"
"10","018","00","003","0316","0000","1151","739","412","76","1227","2342","0","52.39","31.55"
"10","018","00","003","0316","0288","549","355","194","49","598","1223","0","48.9","29.03"
"10","018","00","003","0316","0289","602","384","218","27","629","1119","0","56.21","34.32"
"10","018","00","003","0317","0000","445","247","198","23","468","896","0","52.23","27.57"
"10","018","00","003","0317","0299","445","247","198","23","468","896","0","52.23","27.57"
"10","018","00","003","0318","0000","484","292","192","28","512","890","0","57.53","32.81"
"10","018","00","003","0318","0298","484","292","192","28","512","890","0","57.53","32.81"
"10","018","00","003","0319","0000","406","247","159","32","438","776","0","56.44","31.83"
"10","018","00","003","0319","0297","406","247","159","32","438","776","0","56.44","31.83"
"10","018","00","003","0320","0000","879","524","355","47","926","1784","0","51.91","29.37"
"10","018","00","003","0320","0295","375","221","154","31","406","719","0","56.47","30.74"
"10","018","00","003","0320","0296","504","303","201","16","520","1065","0","48.83","28.45"
"10","018","00","003","0321","0000","2041","1251","790","102","2143","4325","0","49.55","28.92"
"10","018","00","003","0321","0291","739","449","290","38","777","1627","0","47.76","27.6"
"10","018","00","003","0321","0292","615","396","219","36","651","1289","0","50.5","30.72"
"10","018","00","003","0321","0293","687","406","281","28","715","1409","0","50.75","28.81"
"10","018","00","003","0322","0000","691","402","289","36","727","1400","0","51.93","28.71"
"10","018","00","003","0322","0290","691","402","289","36","727","1400","0","51.93","28.71"
"10","018","00","003","0323","0000","397","244","153","28","425","814","0","52.21","29.98"
"10","018","00","003","0323","0294","397","244","153","28","425","814","0","52.21","29.98"
"10","018","00","003","0324","0000","2250","1347","903","102","2352","4202","0","55.97","32.06"
"10","018","00","003","0324","0249","462","274","188","18","480","807","0","59.48","33.95"
"10","018","00","003","0324","0250","912","541","371","46","958","1760","0","54.43","30.74"
"10","018","00","003","0324","0251","876","532","344","38","914","1635","0","55.9","32.54"
"10","020","00","000","0000","0000","118384","73821","44563","4721","123105","221553","268741","55.56","33.32"
"10","020","00","001","0000","0000","53634","33406","20228","2073","55707","100647","121279","55.35","33.19"
"10","020","00","001","0101","0000","2345","1469","876","84","2429","4386","0","55.38","33.49"
"10","020","00","001","0101","0079","668","421","247","27","695","1282","0","54.21","32.84"
"10","020","00","001","0101","0080","896","566","330","33","929","1571","0","59.13","36.03"
"10","020","00","001","0101","0081","781","482","299","24","805","1533","0","52.51","31.44"
"10","020","00","001","0102","0000","1539","957","582","46","1585","3393","0","46.71","28.21"
"10","020","00","001","0102","0077","783","505","278","17","800","1823","0","43.88","27.7"
"10","020","00","001","0102","0078","756","452","304","29","785","1570","0","50.0","28.79"
"10","020","00","001","0103","0000","1435","929","506","37","1472","2832","0","51.98","32.8"
"10","020","00","001","0103","0075","632","409","223","16","648","1404","0","46.15","29.13"
"10","020","00","001","0103","0076","803","520","283","21","824","1428","0","57.7","36.41"
"10","020","00","001","0104","0000","1674","1080","594","78","1752","3249","0","53.92","33.24"
"10","020","00","001","0104","0069","852","553","299","33","885","1682","0","52.62","32.88"
"10","020","00","001","0104","0070","822","527","295","45","867","1567","0","55.33","33.63"
"10","020","00","001","0105","0000","1280","845","435","25","1305","2188","0","59.64","38.62"
"10","020","00","001","0105","0071","678","439","239","13","691","1207","0","57.25","36.37"
"10","020","00","001","0105","0072","602","406","196","12","614","981","0","62.59","41.39"
"10","020","00","001","0134","0000","2281","1468","813","105","2386","4205","0","56.74","34.91"
"10","020","00","001","0134","0021","627","404","223","24","651","1199","0","54.3","33.69"
"10","020","00","001","0134","0022","673","463","210","24","697","1236","0","56.39","37.46"
"10","020","00","001","0134","0023","480","286","194","22","502","890","0","56.4","32.13"
"10","020","00","001","0134","0024","501","315","186","35","536","880","0","60.91","35.8"
"10","020","00","001","0135","0000","2354","1455","899","85","2439","4172","0","58.46","34.88"
"10","020","00","001","0135","0018","881","553","328","34","915","1552","0","58.96","35.63"
"10","020","00","001","0135","0019","858","516","342","33","891","1558","0","57.19","33.12"
"10","020","00","001","0135","0020","615","386","229","18","633","1062","0","59.6","36.35"
"10","020","00","001","0136","0000","2115","1356","759","64","2179","3967","0","54.93","34.18"
"10","020","00","001","0136","0015","746","458","288","24","770","1453","0","52.99","31.52"
"10","020","00","001","0136","0016","576","383","193","17","593","1094","0","54.2","35.01"
"10","020","00","001","0136","0017","793","515","278","23","816","1420","0","57.46","36.27"
"10","020","00","001","0137","0000","1362","839","523","24","1386","2334","0","59.38","35.95"
"10","020","00","001","0137","0011","726","449","277","13","739","1221","0","60.52","36.77"
"10","020","00","001","0137","0012","636","390","246","11","647","1113","0","58.13","35.04"
"10","020","00","001","0138","0000","1017","651","366","31","1048","1794","0","58.42","36.29"
"10","020","00","001","0138","0005","431","283","148","9","440","702","0","62.68","40.31"
"10","020","00","001","0138","0006","586","368","218","22","608","1092","0","55.68","33.7"
"10","020","00","001","0139","0000","2318","1418","900","64","2382","4239","0","56.19","33.45"
"10","020","00","001","0139","0027","765","473","292","26","791","1435","0","55.12","32.96"
"10","020","00","001","0139","0028","798","491","307","20","818","1349","0","60.64","36.4"
"10","020","00","001","0139","0029","755","454","301","18","773","1455","0","53.13","31.2"
"10","020","00","001","0141","0000","908","612","296","30","938","1816","0","51.65","33.7"
"10","020","00","001","0141","0008","908","612","296","30","938","1816","0","51.65","33.7"
"10","020","00","001","0142","0000","476","294","182","22","498","1023","0","48.68","28.74"
"10","020","00","001","0142","0007","476","294","182","22","498","1023","0","48.68","28.74"
"10","020","00","001","0143","0000","1636","992","644","54","1690","2847","0","59.36","34.84"
"10","020","00","001","0143","0013","805","486","319","27","832","1452","0","57.3","33.47"
"10","020","00","001","0143","0014","831","506","325","27","858","1395","0","61.51","36.27"
"10","020","00","001","0144","0000","1237","778","459","41","1278","2301","0","55.54","33.81"
"10","020","00","001","0144","0001","573","359","214","20","593","1025","0","57.85","35.02"
"10","020","00","001","0144","0002","664","419","245","21","685","1276","0","53.68","32.84"
"10","020","00","001","0145","0000","1079","637","442","37","1116","1987","0","56.17","32.06"
"10","020","00","001","0145","0042","503","306","197","20","523","938","0","55.76","32.62"
"10","020","00","001","0145","0043","576","331","245","17","593","1049","0","56.53","31.55"
"10","020","00","001","0146","0000","679","437","242","38","717","1360","0","52.72","32.13"
"10","020","00","001","0146","0044","679","437","242","38","717","1360","0","52.72","32.13"
"10","020","00","001","0147","0000","772","498","274","48","820","1615","0","50.77","30.84"
"10","020","00","001","0147","0045","772","498","274","48","820","1615","0","50.77","30.84"
"10","020","00","001","0148","0000","651","400","251","30","681","1267","0","53.75","31.57"
"10","020","00","001","0148","0046","651","400","251","30","681","1267","0","53.75","31.57"
"10","020","00","001","0149","0000","1631","1005","626","84","1715","3410","0","50.29","29.47"
"10","020","00","001","0149","0047","734","467","267","38","772","1579","0","48.89","29.58"
"10","020","00","001","0149","0048","897","538","359","46","943","1831","0","51.5","29.38"
"10","020","00","001","0150","0000","1159","737","422","46","1205","2146","0","56.15","34.34"
"10","020","00","001","0150","0049","542","359","183","24","566","977","0","57.93","36.75"
"10","020","00","001","0150","0050","617","378","239","22","639","1169","0","54.66","32.34"
"10","020","00","001","0151","0000","1402","934","468","72","1474","2504","0","58.87","37.3"
"10","020","00","001","0151","0051","696","495","201","48","744","1238","0","60.1","39.98"
"10","020","00","001","0151","0052","706","439","267","24","730","1266","0","57.66","34.68"
"10","020","00","001","0152","0000","1370","892","478","50","1420","2717","0","52.26","32.83"
"10","020","00","001","0152","0053","665","460","205","28","693","1429","0","48.5","32.19"
"10","020","00","001","0152","0054","705","432","273","22","727","1288","0","56.44","33.54"
"10","020","00","001","0153","0000","1299","757","542","55","1354","2347","0","57.69","32.25"
"10","020","00","001","0153","0060","591","345","246","22","613","1170","0","52.39","29.49"
"10","020","00","001","0153","0061","708","412","296","33","741","1177","0","62.96","35.0"
"10","020","00","001","0154","0000","2105","1302","803","81","2186","3893","0","56.15","33.44"
"10","020","00","001","0154","0057","625","388","237","33","658","1133","0","58.08","34.25"
"10","020","00","001","0154","0058","665","408","257","32","697","1235","0","56.44","33.04"
"10","020","00","001","0154","0059","815","506","309","16","831","1525","0","54.49","33.18"
"10","020","00","001","0155","0000","1968","1222","746","119","2087","3667","0","56.91","33.32"
"10","020","00","001","0155","0062","654","408","246","34","688","1207","0","57.0","33.8"
"10","020","00","001","0155","0063","698","434","264","26","724","1272","0","56.92","34.12"
"10","020","00","001","0155","0064","616","380","236","59","675","1188","0","56.82","31.99"
"10","020","00","001","0156","0000","1191","721","470","71","1262","2101","0","60.07","34.32"
"10","020","00","001","0156","0040","583","339","244","31","614","1023","0","60.02","33.14"
"10","020","00","001","0156","0041","608","382","226","40","648","1078","0","60.11","35.44"
"10","020","00","001","0157","0000","899","534","365","43","942","1824","0","51.64","29.28"
"10","020","00","001","0157","0038","556","329","227","26","582","961","0","60.56","34.24"
"10","020","00","001","0157","0039","343","205","138","17","360","863","0","41.71","23.75"
"10","020","00","001","0158","0000","1046","598","448","44","1090","2058","0","52.96","29.06"
"10","020","00","001","0158","0036","478","270","208","22","500","967","0","51.71","27.92"
"10","020","00","001","0158","0037","568","328","240","22","590","1091","0","54.08","30.06"
"10","020","00","001","0159","0000","1088","684","404","41","1129","2021","0","55.86","33.84"
"10","020","00","001","0159","0032","508","314","194","24","532","941","0","56.54","33.37"
"10","020","00","001","0159","0033","580","370","210","17","597","1080","0","55.28","34.26"
"10","020","00","001","0160","0000","1049","635","414","40","1089","1867","0","58.33","34.01"
"10","020","00","001","0160","0030","511","296","215","23","534","915","0","58.36","32.35"
"10","020","00","001","0160","0031","538","339","199","17","555","952","0","58.3","35.61"
"10","020","00","001","0161","0000","1038","630","408","35","1073","1858","0","57.75","33.91"
"10","020","00","001","0161","0025","659","409","250","18","677","1189","0","56.94","34.4"
"10","020","00","001","0161","0026","379","221","158","17","396","669","0","59.19","33.03"
"10","020","00","001","0162","0000","1198","761","437","50","1248","2210","0","56.47","34.43"
"10","020","00","001","0162","0034","589","372","217","26","615","1157","0","53.15","32.15"
"10","020","00","001","0162","0035","609","389","220","24","633","1053","0","60.11","36.94"
"10","020","00","001","0163","0000","1337","822","515","54","1391","2343","0","59.37","35.08"
"10","020","00","001","0163","0067","736","452","284","30","766","1332","0","57.51","33.93"
"10","020","00","001","0163","0068","601","370","231","24","625","1011","0","61.82","36.6"
"10","020","00","001","0164","0000","1163","671","492","38","1201","2192","0","54.79","30.61"
"10","020","00","001","0164","0065","580","344","236","18","598","1172","0","51.02","29.35"
"10","020","00","001","0164","0066","583","327","256","20","603","1020","0","59.12","32.06"
"10","020","00","001","0165","0000","1183","724","459","42","1225","2149","0","57.0","33.69"
"10","020","00","001","0165","0003","480","301","179","22","502","974","0","51.54","30.9"
"10","020","00","001","0165","0004","703","423","280","20","723","1175","0","61.53","36.0"
"10","020","00","001","0166","0000","1966","1180","786","62","2028","3634","0","55.81","32.47"
"10","020","00","001","0166","0009","1027","626","401","42","1069","1936","0","55.22","32.33"
"10","020","00","001","0166","0010","939","554","385","20","959","1698","0","56.48","32.63"
"10","020","00","001","0167","0000","978","605","373","50","1028","1902","0","54.05","31.81"
"10","020","00","001","0167","0055","514","302","212","29","543","980","0","55.41","30.82"
"10","020","00","001","0167","0056","464","303","161","21","485","922","0","52.6","32.86"
"10","020","00","001","0168","0000","1406","877","529","53","1459","2829","0","51.57","31.0"
"10","020","00","001","0168","0073","727","464","263","28","755","1395","0","54.12","33.26"
"10","020","00","001","0168","0074","679","413","266","25","704","1434","0","49.09","28.8"
"10","020","00","002","0000","0000","64750","40415","24335","2648","67398","120906","147462","55.74","33.43"
"10","020","00","002","0201","0000","428","251","177","24","452","770","0","58.7","32.6"
"10","020","00","002","0201","0152","428","251","177","24","452","770","0","58.7","32.6"
"10","020","00","002","0202","0000","1101","672","429","48","1149","2071","0","55.48","32.45"
"10","020","00","002","0202","0157","513","313","200","23","536","997","0","53.76","31.39"
"10","020","00","002","0202","0158","588","359","229","25","613","1074","0","57.08","33.43"
"10","020","00","002","0203","0000","1252","796","456","73","1325","2257","0","58.71","35.27"
"10","020","00","002","0203","0148","632","401","231","41","673","1146","0","58.73","34.99"
"10","020","00","002","0203","0149","620","395","225","32","652","1111","0","58.69","35.55"
"10","020","00","002","0205","0000","933","551","382","58","991","1970","0","50.3","27.97"
"10","020","00","002","0205","0153","522","306","216","14","536","1135","0","47.22","26.96"
"10","020","00","002","0205","0154","411","245","166","44","455","835","0","54.49","29.34"
"10","020","00","002","0209","0000","2134","1280","854","73","2207","4311","0","51.19","29.69"
"10","020","00","002","0209","0159","649","368","281","17","666","1460","0","45.62","25.21"
"10","020","00","002","0209","0160","701","441","260","25","726","1352","0","53.7","32.62"
"10","020","00","002","0209","0161","784","471","313","31","815","1499","0","54.37","31.42"
"10","020","00","002","0210","0000","2258","1420","838","126","2384","4132","0","57.7","34.37"
"10","020","00","002","0210","0168","819","515","304","46","865","1467","0","58.96","35.11"
"10","020","00","002","0210","0169","713","450","263","36","749","1431","0","52.34","31.45"
"10","020","00","002","0210","0170","726","455","271","44","770","1234","0","62.4","36.87"
"10","020","00","002","0211","0000","1620","1021","599","43","1663","3214","0","51.74","31.77"
"10","020","00","002","0211","0165","817","531","286","21","838","1674","0","50.06","31.72"
"10","020","00","002","0211","0166","803","490","313","22","825","1540","0","53.57","31.82"
"10","020","00","002","0212","0000","1551","952","599","110","1661","2868","0","57.91","33.19"
"10","020","00","002","0212","0175","848","511","337","75","923","1546","0","59.7","33.05"
"10","020","00","002","0212","0176","703","441","262","35","738","1322","0","55.82","33.36"
"10","020","00","002","0213","0000","833","524","309","55","888","1549","0","57.33","33.83"
"10","020","00","002","0213","0177","833","524","309","55","888","1549","0","57.33","33.83"
"10","020","00","002","0214","0000","584","361","223","11","595","1155","0","51.52","31.26"
"10","020","00","002","0214","0174","584","361","223","11","595","1155","0","51.52","31.26"
"10","020","00","002","0215","0000","1217","820","397","48","1265","2120","0","59.67","38.68"
"10","020","00","002","0215","0093","615","403","212","32","647","1053","0","61.44","38.27"
"10","020","00","002","0215","0094","602","417","185","16","618","1067","0","57.92","39.08"
"10","020","00","002","0216","0000","2081","1253","828","93","2174","4105","0","52.96","30.52"
"10","020","00","002","0216","0097","603","357","246","30","633","1196","0","52.93","29.85"
"10","020","00","002","0216","0098","634","374","260","25","659","1280","0","51.48","29.22"
"10","020","00","002","0216","0099","844","522","322","38","882","1629","0","54.14","32.04"
"10","020","00","002","0217","0000","1675","976","699","67","1742","3195","0","54.52","30.55"
"10","020","00","002","0217","0110","724","403","321","28","752","1396","0","53.87","28.87"
"10","020","00","002","0217","0111","951","573","378","39","990","1799","0","55.03","31.85"
"10","020","00","002","0218","0000","1706","1083","623","51","1757","3440","0","51.08","31.48"
"10","020","00","002","0218","0095","750","480","270","23","773","1575","0","49.08","30.48"
"10","020","00","002","0218","0096","956","603","353","28","984","1865","0","52.76","32.33"
"10","020","00","002","0219","0000","2015","1241","774","64","2079","3351","0","62.04","37.03"
"10","020","00","002","0219","0105","613","381","232","19","632","1000","0","63.2","38.1"
"10","020","00","002","0219","0106","664","416","248","16","680","1095","0","62.1","37.99"
"10","020","00","002","0219","0107","738","444","294","29","767","1256","0","61.07","35.35"
"10","020","00","002","0220","0000","1085","648","437","39","1124","1827","0","61.52","35.47"
"10","020","00","002","0220","0108","530","318","212","33","563","962","0","58.52","33.06"
"10","020","00","002","0220","0109","555","330","225","6","561","865","0","64.86","38.15"
"10","020","00","002","0221","0000","3325","2071","1254","99","3424","6594","0","51.93","31.41"
"10","020","00","002","0221","0112","753","469","284","18","771","1505","0","51.23","31.16"
"10","020","00","002","0221","0113","883","571","312","37","920","1698","0","54.18","33.63"
"10","020","00","002","0221","0114","1002","619","383","34","1036","1854","0","55.88","33.39"
"10","020","00","002","0221","0115","687","412","275","10","697","1537","0","45.35","26.81"
"10","020","00","002","0222","0000","1074","644","430","53","1127","2024","0","55.68","31.82"
"10","020","00","002","0222","0103","479","282","197","47","526","841","0","62.54","33.53"
"10","020","00","002","0222","0104","595","362","233","6","601","1183","0","50.8","30.6"
"10","020","00","002","0231","0000","1055","650","405","46","1101","1994","0","55.22","32.6"
"10","020","00","002","0231","0082","484","292","192","12","496","885","0","56.05","32.99"
"10","020","00","002","0231","0083","571","358","213","34","605","1109","0","54.55","32.28"
"10","020","00","002","0245","0000","973","660","313","30","1003","1625","0","61.72","40.62"
"10","020","00","002","0245","0140","484","325","159","16","500","756","0","66.14","42.99"
"10","020","00","002","0245","0141","489","335","154","14","503","869","0","57.88","38.55"
"10","020","00","002","0246","0000","996","636","360","26","1022","1904","0","53.68","33.4"
"10","020","00","002","0246","0138","383","249","134","13","396","736","0","53.8","33.83"
"10","020","00","002","0246","0139","613","387","226","13","626","1168","0","53.6","33.13"
"10","020","00","002","0247","0000","3114","2041","1073","127","3241","5706","0","56.8","35.77"
"10","020","00","002","0247","0134","842","540","302","33","875","1548","0","56.52","34.88"
"10","020","00","002","0247","0135","677","510","167","27","704","1295","0","54.36","39.38"
"10","020","00","002","0247","0136","761","478","283","38","799","1318","0","60.62","36.27"
"10","020","00","002","0247","0137","834","513","321","29","863","1545","0","55.86","33.2"
"10","020","00","002","0248","0000","2967","1829","1138","123","3090","5397","0","57.25","33.89"
"10","020","00","002","0248","0130","747","483","264","31","778","1185","0","65.65","40.76"
"10","020","00","002","0248","0131","766","475","291","26","792","1278","0","61.97","37.17"
"10","020","00","002","0248","0132","610","360","250","22","632","1394","0","45.34","25.82"
"10","020","00","002","0248","0133","844","511","333","44","888","1540","0","57.66","33.18"
"10","020","00","002","0249","0000","2361","1456","905","102","2463","4343","0","56.71","33.53"
"10","020","00","002","0249","0120","712","457","255","40","752","1362","0","55.21","33.55"
"10","020","00","002","0249","0121","738","445","293","23","761","1279","0","59.5","34.79"
"10","020","00","002","0249","0122","911","554","357","39","950","1702","0","55.82","32.55"
"10","020","00","002","0250","0000","2113","1350","763","115","2228","3715","0","59.97","36.34"
"10","020","00","002","0250","0117","562","348","214","42","604","944","0","63.98","36.86"
"10","020","00","002","0250","0118","893","599","294","47","940","1627","0","57.78","36.82"
"10","020","00","002","0250","0119","658","403","255","26","684","1144","0","59.79","35.23"
"10","020","00","002","0251","0000","1024","667","357","40","1064","1811","0","58.75","36.83"
"10","020","00","002","0251","0142","562","355","207","24","586","983","0","59.61","36.11"
"10","020","00","002","0251","0143","462","312","150","16","478","828","0","57.73","37.68"
"10","020","00","002","0252","0000","942","631","311","37","979","1775","0","55.15","35.55"
"10","020","00","002","0252","0144","942","631","311","37","979","1775","0","55.15","35.55"
"10","020","00","002","0253","0000","2761","1735","1026","88","2849","4992","0","57.07","34.76"
"10","020","00","002","0253","0126","748","474","274","25","773","1280","0","60.39","37.03"
"10","020","00","002","0253","0127","604","364","240","21","625","1220","0","51.23","29.84"
"10","020","00","002","0253","0128","677","444","233","18","695","1172","0","59.3","37.88"
"10","020","00","002","0253","0129","732","453","279","24","756","1320","0","57.27","34.32"
"10","020","00","002","0254","0000","738","504","234","28","766","1419","0","53.98","35.52"
"10","020","00","002","0254","0145","738","504","234","28","766","1419","0","53.98","35.52"
"10","020","00","002","0255","0000","793","503","290","35","828","1604","0","51.62","31.36"
"10","020","00","002","0255","0116","793","503","290","35","828","1604","0","51.62","31.36"
"10","020","00","002","0256","0000","1075","700","375","62","1137","1945","0","58.46","35.99"
"10","020","00","002","0256","0084","527","340","187","28","555","1020","0","54.41","33.33"
"10","020","00","002","0256","0085","548","360","188","34","582","925","0","62.92","38.92"
"10","020","00","002","0257","0000","789","479","310","22","811","1671","0","48.53","28.67"
"10","020","00","002","0257","0086","789","479","310","22","811","1671","0","48.53","28.67"
"10","020","00","002","0258","0000","1253","801","452","35","1288","2251","0","57.22","35.58"
"10","020","00","002","0258","0087","680","439","241","17","697","1215","0","57.37","36.13"
"10","020","00","002","0258","0088","573","362","211","18","591","1036","0","57.05","34.94"
"10","020","00","002","0259","0000","1175","710","465","46","1221","2256","0","54.12","31.47"
"10","020","00","002","0259","0089","584","340","244","18","602","1129","0","53.32","30.12"
"10","020","00","002","0259","0090","591","370","221","28","619","1127","0","54.92","32.83"
"10","020","00","002","0260","0000","697","458","239","26","723","1366","0","52.93","33.53"
"10","020","00","002","0260","0092","697","458","239","26","723","1366","0","52.93","33.53"
"10","020","00","002","0261","0000","798","506","292","26","824","1415","0","58.23","35.76"
"10","020","00","002","0261","0091","798","506","292","26","824","1415","0","58.23","35.76"
"10","020","00","002","0262","0000","879","564","315","24","903","1634","0","55.26","34.52"
"10","020","00","002","0262","0146","432","275","157","11","443","779","0","56.87","35.3"
"10","020","00","002","0262","0147","447","289","158","13","460","855","0","53.8","33.8"
"10","020","00","002","0263","0000","859","522","337","57","916","1584","0","57.83","32.95"
"10","020","00","002","0263","0150","456","280","176","40","496","767","0","64.67","36.51"
"10","020","00","002","0263","0151","403","242","161","17","420","817","0","51.41","29.62"
"10","020","00","002","0264","0000","1072","689","383","40","1112","2126","0","52.3","32.41"
"10","020","00","002","0264","0155","585","373","212","25","610","1182","0","51.61","31.56"
"10","020","00","002","0264","0156","487","316","171","15","502","944","0","53.18","33.47"
"10","020","00","002","0265","0000","2138","1257","881","95","2233","4164","0","53.63","30.19"
"10","020","00","002","0265","0100","719","410","309","52","771","1393","0","55.35","29.43"
"10","020","00","002","0265","0101","629","386","243","31","660","1077","0","61.28","35.84"
"10","020","00","002","0265","0102","790","461","329","12","802","1694","0","47.34","27.21"
"10","020","00","002","0266","0000","1554","925","629","81","1635","2718","0","60.15","34.03"
"10","020","00","002","0266","0123","770","451","319","33","803","1358","0","59.13","33.21"
"10","020","00","002","0266","0124","784","474","310","48","832","1360","0","61.18","34.85"
"10","020","00","002","0267","0000","865","547","318","39","904","1589","0","56.89","34.42"
"10","020","00","002","0267","0125","865","547","318","39","904","1589","0","56.89","34.42"
"10","020","00","002","0268","0000","1996","1188","808","52","2048","3598","0","56.92","33.02"
"10","020","00","002","0268","0171","672","386","286","19","691","1266","0","54.58","30.49"
"10","020","00","002","0268","0172","693","421","272","18","711","1211","0","58.71","34.76"
"10","020","00","002","0268","0173","631","381","250","15","646","1121","0","57.63","33.99"
"10","020","00","002","0269","0000","2262","1454","808","98","2360","4295","0","54.95","33.85"
"10","020","00","002","0269","0162","673","434","239","48","721","1262","0","57.13","34.39"
"10","020","00","002","0269","0163","691","429","262","22","713","1299","0","54.89","33.03"
"10","020","00","002","0269","0164","898","591","307","28","926","1734","0","53.4","34.08"
"10","020","00","002","0270","0000","629","389","240","13","642","1056","0","60.8","36.84"
"10","020","00","002","0270","0167","629","389","240","13","642","1056","0","60.8","36.84"
"09","020","00","000","0000","0000","41705","26932","14773","2222","43927","122695","138845","35.8","21.95"
"09","020","00","001","0000","0000","12632","8177","4455","612","13244","37815","43315","35.02","21.62"
"09","020","00","001","0101","0000","1762","1141","621","77","1839","4977","0","36.95","22.93"
"09","020","00","001","0101","0001","480","311","169","24","504","1396","0","36.1","22.28"
"09","020","00","001","0101","0002","673","434","239","21","694","1831","0","37.9","23.7"
"09","020","00","001","0101","0003","609","396","213","32","641","1750","0","36.63","22.63"
"09","020","00","001","0102","0000","3459","2251","1208","155","3614","9882","0","36.57","22.78"
"09","020","00","001","0102","0007","512","288","224","46","558","1610","0","34.66","17.89"
"09","020","00","001","0102","0008","575","385","190","29","604","1687","0","35.8","22.82"
"09","020","00","001","0102","0009","571","393","178","10","581","1594","0","36.45","24.65"
"09","020","00","001","0102","0010","588","379","209","24","612","1726","0","35.46","21.96"
"09","020","00","001","0102","0011","604","414","190","27","631","1733","0","36.41","23.89"
"09","020","00","001","0102","0012","609","392","217","19","628","1532","0","40.99","25.59"
"09","020","00","001","0103","0000","1927","1229","698","108","2035","5465","0","37.24","22.49"
"09","020","00","001","0103","0004","662","434","228","56","718","1889","0","38.01","22.98"
"09","020","00","001","0103","0005","517","289","228","19","536","1675","0","32.0","17.25"
"09","020","00","001","0103","0006","748","506","242","33","781","1901","0","41.08","26.62"
"09","020","00","001","0104","0000","1320","858","462","53","1373","4112","0","33.39","20.87"
"09","020","00","001","0104","0013","688","444","244","30","718","2079","0","34.54","21.36"
"09","020","00","001","0104","0014","632","414","218","23","655","2033","0","32.22","20.36"
"09","020","00","001","0105","0000","998","638","360","64","1062","3788","0","28.04","16.84"
"09","020","00","001","0105","0018","679","422","257","37","716","2435","0","29.4","17.33"
"09","020","00","001","0105","0019","319","216","103","27","346","1353","0","25.57","15.96"
"09","020","00","001","0106","0000","699","465","234","35","734","2140","0","34.3","21.73"
"09","020","00","001","0106","0017","699","465","234","35","734","2140","0","34.3","21.73"
"09","020","00","001","0107","0000","925","598","327","53","978","2851","0","34.3","20.98"
"09","020","00","001","0107","0020","480","300","180","19","499","1574","0","31.7","19.06"
"09","020","00","001","0107","0021","445","298","147","34","479","1277","0","37.51","23.34"
"09","020","00","001","0108","0000","1542","997","545","67","1609","4600","0","34.98","21.67"
"09","020","00","001","0108","0015","852","542","310","30","882","2517","0","35.04","21.53"
"09","020","00","001","0108","0016","690","455","235","37","727","2083","0","34.9","21.84"
"09","020","00","002","0000","0000","6232","4266","1966","342","6574","18560","20751","35.42","22.98"
"09","020","00","002","0201","0000","1731","1166","565","97","1828","5106","0","35.8","22.84"
"09","020","00","002","0201","0066","620","420","200","36","656","1909","0","34.36","22.0"
"09","020","00","002","0201","0067","592","407","185","33","625","1524","0","41.01","26.71"
"09","020","00","002","0201","0068","519","339","180","28","547","1673","0","32.7","20.26"
"09","020","00","002","0202","0000","667","482","185","34","701","1895","0","36.99","25.44"
"09","020","00","002","0202","0075","667","482","185","34","701","1895","0","36.99","25.44"
"09","020","00","002","0203","0000","442","307","135","22","464","1135","0","40.88","27.05"
"09","020","00","002","0203","0076","442","307","135","22","464","1135","0","40.88","27.05"
"09","020","00","002","0204","0000","864","576","288","37","901","2377","0","37.9","24.23"
"09","020","00","002","0204","0077","414","267","147","24","438","1252","0","34.98","21.33"
"09","020","00","002","0204","0078","450","309","141","13","463","1125","0","41.16","27.47"
"09","020","00","002","0205","0000","607","430","177","53","660","2003","0","32.95","21.47"
"09","020","00","002","0205","0069","607","430","177","53","660","2003","0","32.95","21.47"
"09","020","00","002","0206","0000","454","325","129","25","479","1540","0","31.1","21.1"
"09","020","00","002","0206","0072","454","325","129","25","479","1540","0","31.1","21.1"
"09","020","00","002","0207","0000","601","408","193","35","636","2166","0","29.36","18.84"
"09","020","00","002","0207","0073","350","236","114","26","376","1216","0","30.92","19.41"
"09","020","00","002","0207","0074","251","172","79","9","260","950","0","27.37","18.11"
"09","020","00","002","0208","0000","866","572","294","39","905","2338","0","38.71","24.47"
"09","020","00","002","0208","0070","474","313","161","21","495","1212","0","40.84","25.83"
"09","020","00","002","0208","0071","392","259","133","18","410","1126","0","36.41","23.0"
"09","020","00","003","0000","0000","8981","5863","3118","515","9496","25915","29658","36.64","22.62"
"09","020","00","003","0301","0000","1550","964","586","85","1635","4137","0","39.52","23.3"
"09","020","00","003","0301","0049","520","333","187","20","540","1348","0","40.06","24.7"
"09","020","00","003","0301","0050","461","275","186","29","490","1386","0","35.35","19.84"
"09","020","00","003","0301","0051","569","356","213","36","605","1403","0","43.12","25.37"
"09","020","00","003","0302","0000","1170","771","399","61","1231","3264","0","37.71","23.62"
"09","020","00","003","0302","0052","646","448","198","28","674","1771","0","38.06","25.3"
"09","020","00","003","0302","0053","524","323","201","33","557","1493","0","37.31","21.63"
"09","020","00","003","0303","0000","832","536","296","66","898","2618","0","34.3","20.47"
"09","020","00","003","0303","0062","386","241","145","30","416","1236","0","33.66","19.5"
"09","020","00","003","0303","0063","446","295","151","36","482","1382","0","34.88","21.35"
"09","020","00","003","0304","0000","620","414","206","45","665","2006","0","33.15","20.64"
"09","020","00","003","0304","0056","620","414","206","45","665","2006","0","33.15","20.64"
"09","020","00","003","0305","0000","996","689","307","57","1053","3145","0","33.48","21.91"
"09","020","00","003","0305","0064","541","394","147","19","560","1631","0","34.33","24.16"
"09","020","00","003","0305","0065","455","295","160","38","493","1514","0","32.56","19.48"
"09","020","00","003","0306","0000","2754","1759","995","114","2868","7628","0","37.6","23.06"
"09","020","00","003","0306","0057","615","370","245","27","642","1780","0","36.07","20.79"
"09","020","00","003","0306","0058","614","403","211","21","635","1739","0","36.52","23.17"
"09","020","00","003","0306","0059","460","294","166","19","479","1384","0","34.61","21.24"
"09","020","00","003","0306","0060","500","322","178","27","527","1400","0","37.64","23.0"
"09","020","00","003","0306","0061","565","370","195","20","585","1325","0","44.15","27.92"
"09","020","00","003","0307","0000","488","339","149","49","537","1510","0","35.56","22.45"
"09","020","00","003","0307","0054","488","339","149","49","537","1510","0","35.56","22.45"
"09","020","00","003","0308","0000","571","391","180","38","609","1607","0","37.9","24.33"
"09","020","00","003","0308","0055","571","391","180","38","609","1607","0","37.9","24.33"
"09","020","00","004","0000","0000","9697","5802","3895","496","10193","28162","31588","36.19","20.6"
"09","020","00","004","0401","0000","945","622","323","82","1027","3272","0","31.39","19.01"
"09","020","00","004","0401","0022","493","325","168","48","541","1735","0","31.18","18.73"
"09","020","00","004","0401","0023","452","297","155","34","486","1537","0","31.62","19.32"
"09","020","00","004","0402","0000","1515","961","554","74","1589","4507","0","35.26","21.32"
"09","020","00","004","0402","0024","566","334","232","29","595","1766","0","33.69","18.91"
"09","020","00","004","0402","0025","361","230","131","14","375","1015","0","36.95","22.66"
"09","020","00","004","0402","0026","588","397","191","31","619","1726","0","35.86","23.0"
"09","020","00","004","0403","0000","470","299","171","36","506","1537","0","32.92","19.45"
"09","020","00","004","0403","0038","470","299","171","36","506","1537","0","32.92","19.45"
"09","020","00","004","0404","0000","2665","1569","1096","115","2780","7318","0","37.99","21.44"
"09","020","00","004","0404","0027","510","313","197","28","538","1691","0","31.82","18.51"
"09","020","00","004","0404","0028","836","387","449","30","866","2044","0","42.37","18.93"
"09","020","00","004","0404","0029","729","472","257","35","764","1848","0","41.34","25.54"
"09","020","00","004","0404","0030","590","397","193","22","612","1735","0","35.27","22.88"
"09","020","00","004","0405","0000","1631","1035","596","90","1721","5157","0","33.37","20.07"
"09","020","00","004","0405","0031","602","381","221","25","627","1795","0","34.93","21.23"
"09","020","00","004","0405","0032","542","371","171","40","582","1834","0","31.73","20.23"
"09","020","00","004","0405","0033","487","283","204","25","512","1528","0","33.51","18.52"
"09","020","00","004","0406","0000","2471","1316","1155","99","2570","6371","0","40.34","20.66"
"09","020","00","004","0406","0034","537","339","198","31","568","1473","0","38.56","23.01"
"09","020","00","004","0406","0035","575","365","210","26","601","1679","0","35.8","21.74"
"09","020","00","004","0406","0036","907","338","569","26","933","1921","0","48.57","17.6"
"09","020","00","004","0406","0037","452","274","178","16","468","1298","0","36.06","21.11"
"09","020","00","005","0000","0000","4004","2711","1293","251","4255","11676","12847","36.44","23.22"
"09","020","00","005","0501","0000","967","677","290","63","1030","2841","0","36.25","23.83"
"09","020","00","005","0501","0045","504","344","160","21","525","1412","0","37.18","24.36"
"09","020","00","005","0501","0046","463","333","130","42","505","1429","0","35.34","23.3"
"09","020","00","005","0502","0000","452","312","140","32","484","1425","0","33.96","21.89"
"09","020","00","005","0502","0044","452","312","140","32","484","1425","0","33.96","21.89"
"09","020","00","005","0503","0000","746","476","270","49","795","2395","0","33.19","19.87"
"09","020","00","005","0503","0042","424","266","158","16","440","1296","0","33.95","20.52"
"09","020","00","005","0503","0043","322","210","112","33","355","1099","0","32.3","19.11"
"09","020","00","005","0504","0000","1271","863","408","68","1339","3380","0","39.62","25.53"
"09","020","00","005","0504","0039","682","466","216","40","722","1647","0","43.84","28.29"
"09","020","00","005","0504","0040","589","397","192","28","617","1733","0","35.6","22.91"
"09","020","00","005","0505","0000","568","383","185","39","607","1635","0","37.13","23.43"
"09","020","00","005","0505","0041","568","383","185","39","607","1635","0","37.13","23.43"
"09","020","00","006","0000","0000","159","113","46","6","165","567","686","29.1","19.93"
"09","020","00","006","0601","0000","75","49","26","3","78","275","0","28.36","17.82"
"09","020","00","006","0601","0047","75","49","26","3","78","275","0","28.36","17.82"
"09","020","00","006","0602","0000","84","64","20","3","87","292","0","29.79","21.92"
"09","020","00","006","0602","0048","84","64","20","3","87","292","0","29.79","21.92"
"09","007","00","000","0000","0000","5524","3599","1925","240","5764","11205","13062","51.44","32.12"
"09","007","00","001","0000","0000","3158","2094","1064","125","3283","6461","7657","50.81","32.41"
"09","007","00","001","0101","0000","971","626","345","43","1014","1967","0","51.55","31.83"
"09","007","00","001","0101","0001","971","626","345","43","1014","1967","0","51.55","31.83"
"09","007","00","001","01x2","0000","841","543","298","43","884","1837","0","48.12","29.56"
"09","007","00","001","01x2","0002","841","543","298","43","884","1837","0","48.12","29.56"
"09","007","00","001","01x4","0000","569","369","200","16","585","1114","0","52.51","33.12"
"09","007","00","001","01x4","0003","569","369","200","16","585","1114","0","52.51","33.12"
"09","007","00","001","01x5","0000","777","556","221","23","800","1543","0","51.85","36.03"
"09","007","00","001","01x5","0004","777","556","221","23","800","1543","0","51.85","36.03"
"09","007","00","002","0000","0000","1060","713","347","51","1111","2125","2430","52.28","33.55"
"09","007","00","002","02x1","0000","777","514","263","37","814","1515","0","53.73","33.93"
"09","007","00","002","02x1","0005","777","514","263","37","814","1515","0","53.73","33.93"
"09","007","00","002","02x4","0000","283","199","84","14","297","610","0","48.69","32.62"
"09","007","00","002","02x4","0006","283","199","84","14","297","610","0","48.69","32.62"
"09","007","00","003","0000","0000","756","467","289","36","792","1481","1627","53.48","31.53"
"09","007","00","003","03x1","0000","336","203","133","15","351","698","0","50.29","29.08"
"09","007","00","003","03x1","0007","336","203","133","15","351","698","0","50.29","29.08"
"09","007","00","003","03x4","0000","420","264","156","21","441","783","0","56.32","33.72"
"09","007","00","003","03x4","0008","420","264","156","21","441","783","0","56.32","33.72"
"09","007","00","004","0000","0000","550","325","225","28","578","1138","1348","50.79","28.56"
"09","007","00","004","04x1","0000","550","325","225","28","578","1138","0","50.79","28.56"
"09","007","00","004","04x1","0009","550","325","225","28","578","1138","0","50.79","28.56"
