行政區別,村里別,投開票所別,號次1,號次2,號次3,有效票數A（A＝1＋2＋…＋N）,無效票數B,投票數C（C＝A＋B）,已領未投票數D（D＝E－C）,發出票數E（E＝C＋D）,用餘票數F,選舉人數(原領票數)G（G＝E＋F）,投票率H（H＝C÷G）
中山區,正守里,0001,239,264,3,506,3,509,0,509,952,1461,34.84%
中山區,正守里,0002,271,266,2,539,0,539,0,539,660,1199,44.95%
中山區,正義里,0003,247,283,4,534,0,534,0,534,924,1458,36.63%
中山區,正義里,0004,249,279,1,529,1,530,0,530,904,1434,36.96%
中山區,正義里,0005,241,226,6,473,0,473,0,473,878,1351,35.01%
中山區,正得里,0006,231,244,1,476,0,476,0,476,953,1429,33.31%
中山區,正得里,0007,240,254,3,497,1,498,0,498,1019,1517,32.83%
中山區,民安里,0008,269,206,1,476,1,477,0,477,707,1184,40.29%
中山區,民安里,0009,252,220,0,472,1,473,0,473,544,1017,46.51%
中山區,民安里,0010,278,243,3,524,3,527,0,527,796,1323,39.83%
中山區,康樂里,0011,196,207,1,404,3,407,0,407,591,998,40.78%
中山區,康樂里,0012,199,273,2,474,3,477,0,477,688,1165,40.94%
中山區,中山里,0013,158,204,5,367,0,367,0,367,781,1148,31.97%
中山區,中山里,0014,261,225,1,487,0,487,0,487,635,1122,43.40%
中山區,中山里,0015,183,186,2,371,0,371,0,371,701,1072,34.61%
中山區,中山里,0016,192,197,3,392,0,392,0,392,631,1023,38.32%
中山區,中山里,0017,286,239,6,531,0,531,0,531,689,1220,43.52%
中山區,聚盛里,0018,189,190,0,379,2,381,0,381,774,1155,32.99%
中山區,聚盛里,0019,193,221,3,417,3,420,0,420,683,1103,38.08%
中山區,聚盛里,0020,136,245,4,385,3,388,0,388,730,1118,34.70%
中山區,集英里,0021,226,182,3,411,3,414,0,414,589,1003,41.28%
中山區,集英里,0022,278,192,5,475,0,475,0,475,638,1113,42.68%
中山區,集英里,0023,236,200,2,438,3,441,0,441,739,1180,37.37%
中山區,集英里,0024,280,148,1,429,3,432,0,432,672,1104,39.13%
中山區,集英里,0025,243,195,4,442,1,443,0,443,671,1114,39.77%
中山區,聚葉里,0026,187,210,7,404,0,404,0,404,644,1048,38.55%
中山區,聚葉里,0027,262,199,1,462,3,465,0,465,628,1093,42.54%
中山區,聚葉里,0028,166,157,2,325,3,328,0,328,722,1050,31.24%
中山區,恆安里,0029,236,197,2,435,1,436,0,436,618,1054,41.37%
中山區,恆安里,0030,203,203,3,409,0,409,0,409,742,1151,35.53%
中山區,恆安里,0031,179,211,0,390,1,391,0,391,600,991,39.46%
中山區,恆安里,0032,126,153,2,281,0,281,0,281,595,876,32.08%
中山區,晴光里,0033,160,196,1,357,2,359,0,359,758,1117,32.14%
中山區,晴光里,0034,170,191,1,362,2,364,0,364,618,982,37.07%
中山區,晴光里,0035,223,220,3,446,0,446,0,446,703,1149,38.82%
中山區,晴光里,0036,206,208,2,416,1,417,0,417,742,1159,35.98%
中山區,圓山里,0037,218,205,1,424,2,426,0,426,606,1032,41.28%
中山區,圓山里,0038,277,209,2,488,3,491,0,491,698,1189,41.30%
中山區,圓山里,0039,221,184,1,406,2,408,0,408,690,1098,37.16%
中山區,新庄里,0040,278,291,0,569,2,571,0,571,779,1350,42.30%
中山區,新庄里,0041,363,258,2,623,1,624,0,624,773,1397,44.67%
中山區,新庄里,0042,322,227,3,552,3,555,0,555,665,1220,45.49%
中山區,劍潭里,0043,78,370,2,450,0,450,0,450,447,897,50.17%
中山區,劍潭里,0044,119,310,1,430,2,432,0,432,552,984,43.90%
中山區,劍潭里,0045,82,439,5,526,1,527,0,527,459,986,53.45%
中山區,大直里,0046,245,251,3,499,1,500,0,500,615,1115,44.84%
中山區,大直里,0047,215,263,0,478,0,478,0,478,602,1080,44.26%
中山區,大直里,0048,237,274,5,516,1,517,0,517,599,1116,46.33%
中山區,大直里,0049,224,356,1,581,1,582,0,582,650,1232,47.24%
中山區,大直里,0050,161,267,4,432,0,432,0,432,547,979,44.13%
中山區,大直里,0051,251,319,4,574,1,575,0,575,702,1277,45.03%
中山區,成功里,0052,274,288,1,563,4,567,0,567,722,1289,43.99%
中山區,成功里,0053,285,256,5,546,3,549,0,549,723,1272,43.16%
中山區,成功里,0054,217,261,0,478,2,480,0,480,746,1226,39.15%
中山區,成功里,0055,183,232,1,416,0,416,0,416,674,1090,38.17%
中山區,永安里,0056,200,282,1,483,3,486,0,486,676,1162,41.82%
中山區,永安里,0057,206,255,3,464,2,466,0,466,570,1036,44.98%
中山區,永安里,0058,314,302,4,620,1,621,0,621,643,1264,49.13%
中山區,永安里,0059,225,267,3,495,4,499,0,499,697,1196,41.72%
中山區,永安里,0060,260,340,0,600,0,600,0,600,697,1297,46.26%
中山區,永安里,0061,266,283,1,550,1,551,0,551,625,1176,46.85%
中山區,金泰里,0062,207,174,2,383,0,383,0,383,574,957,40.02%
中山區,金泰里,0063,196,285,0,481,2,483,0,483,735,1218,39.66%
中山區,金泰里,0064,180,230,2,412,2,414,0,414,755,1169,35.41%
中山區,金泰里,0065,264,274,0,538,1,539,0,539,813,1352,39.87%
中山區,金泰里,0066,235,288,1,524,4,528,0,528,782,1310,40.31%
中山區,北安里,0067,174,329,2,505,1,506,0,506,583,1089,46.46%
中山區,北安里,0068,173,219,6,398,2,400,0,400,523,923,43.34%
中山區,新喜里,0069,329,235,2,566,1,567,0,567,851,1418,39.99%
中山區,新喜里,0070,347,225,2,574,0,574,0,574,779,1353,42.42%
中山區,新喜里,0071,294,249,0,543,0,543,0,543,784,1327,40.92%
中山區,新福里,0072,439,220,1,660,2,662,0,662,744,1406,47.08%
中山區,新福里,0073,362,235,0,597,1,598,0,598,667,1265,47.27%
中山區,新福里,0074,346,236,4,586,2,588,0,588,801,1389,42.33%
中山區,松江里,0075,267,210,2,479,2,481,0,481,710,1191,40.39%
中山區,松江里,0076,343,284,1,628,1,629,0,629,703,1332,47.22%
中山區,松江里,0077,306,261,1,568,4,572,0,572,667,1239,46.17%
中山區,松江里,0078,267,241,1,509,1,510,0,510,678,1188,42.93%
中山區,新生里,0079,259,235,2,496,2,498,0,498,600,1098,45.36%
中山區,新生里,0080,320,222,1,543,0,543,0,543,716,1259,43.13%
中山區,新生里,0081,340,257,2,599,3,602,0,602,785,1387,43.40%
中山區,中庄里,0082,365,250,3,618,5,623,0,623,806,1429,43.60%
中山區,中庄里,0083,312,254,0,566,1,567,0,567,724,1291,43.92%
中山區,中庄里,0084,310,231,2,543,2,545,0,545,807,1352,40.31%
中山區,大佳里,0085,204,92,2,298,1,299,0,299,550,849,35.22%
中山區,行政里,0086,269,210,1,480,2,482,0,482,451,933,51.66%
中山區,行政里,0087,233,220,0,453,3,456,0,456,619,1075,42.42%
中山區,行政里,0088,281,253,5,539,1,540,0,540,643,1183,45.65%
中山區,行政里,0089,294,305,1,600,4,604,0,604,2390,2994,20.17%
中山區,行仁里,0090,318,277,2,597,0,597,0,597,642,1239,48.18%
中山區,行仁里,0091,378,281,7,666,6,672,0,672,801,1473,45.62%
中山區,行仁里,0092,282,245,2,529,2,531,0,531,660,1191,44.58%
中山區,行仁里,0093,284,245,2,531,1,532,0,532,678,1210,43.97%
中山區,行仁里,0094,297,251,6,554,3,557,0,557,722,1279,43.55%
中山區,行孝里,0095,330,262,3,595,1,596,0,596,756,1352,44.08%
中山區,行孝里,0096,203,158,0,361,1,362,0,362,667,1029,35.18%
中山區,行孝里,0097,287,216,3,506,1,507,0,507,656,1163,43.59%
中山區,下埤里,0098,274,259,2,535,0,535,0,535,701,1236,43.28%
中山區,下埤里,0099,307,260,4,571,2,573,0,573,583,1156,49.57%
中山區,下埤里,0100,273,243,4,520,2,522,0,522,688,1210,43.14%
中山區,下埤里,0101,325,265,0,590,1,591,0,591,635,1226,48.21%
中山區,下埤里,0102,325,207,4,536,0,536,0,536,685,1221,43.90%
中山區,江寧里,0103,338,348,3,689,1,690,0,690,795,1485,46.46%
中山區,江寧里,0104,331,339,3,673,3,676,0,676,767,1443,46.85%
中山區,行仁里,0105,265,243,6,514,0,514,0,514,639,1153,44.58%
中山區,行仁里,0106,285,315,2,602,1,603,0,603,744,1347,44.77%
中山區,江山里,0107,260,268,3,531,2,533,0,533,659,1192,44.71%
中山區,江山里,0108,296,220,1,517,2,519,0,519,689,1208,42.96%
中山區,江山里,0109,320,222,1,543,2,545,0,545,642,1187,45.91%
中山區,江山里,0110,327,239,5,571,3,574,0,574,579,1153,49.78%
中山區,江山里,0111,272,280,5,557,2,559,0,559,607,1166,47.94%
中山區,中吉里,0112,255,230,3,488,0,488,0,488,604,1092,44.69%
中山區,中吉里,0113,282,210,2,494,4,498,0,498,598,1096,45.44%
中山區,中吉里,0114,308,180,2,490,1,491,0,491,601,1092,44.96%
中山區,中吉里,0115,279,194,2,475,0,475,0,475,608,1083,43.86%
中山區,中原里,0116,283,205,5,493,2,495,0,495,536,1031,48.01%
中山區,中原里,0117,245,198,3,446,2,448,0,448,502,950,47.16%
中山區,中原里,0118,261,216,1,478,3,481,0,481,573,1054,45.64%
中山區,中原里,0119,234,206,1,441,1,442,0,442,586,1028,43.00%
中山區,興亞里,0120,215,233,2,450,1,451,0,451,639,1090,41.38%
中山區,興亞里,0121,265,188,0,453,1,454,0,454,659,1113,40.79%
中山區,興亞里,0122,231,208,2,441,2,443,0,443,659,1102,40.20%
中山區,興亞里,0123,244,216,2,462,1,463,0,463,616,1079,42.91%
中山區,中央里,0124,199,217,1,417,1,418,0,418,513,931,44.90%
中山區,中央里,0125,228,202,5,435,0,435,0,435,515,950,45.79%
中山區,中央里,0126,219,206,0,425,1,426,0,426,552,978,43.56%
中山區,朱馥里,0127,223,225,4,452,1,453,0,453,783,1236,36.65%
中山區,朱馥里,0128,228,235,3,466,2,468,0,468,667,1135,41.23%
中山區,朱馥里,0129,197,212,2,411,2,413,0,413,634,1047,39.45%
中山區,朱馥里,0130,237,212,0,449,0,449,0,449,693,1142,39.32%
中山區,龍洲里,0131,152,255,5,412,0,412,0,412,549,961,42.87%
中山區,龍洲里,0132,155,326,0,481,0,481,0,481,518,999,48.15%
中山區,龍洲里,0133,125,363,4,492,1,493,0,493,472,965,51.09%
中山區,龍洲里,0134,117,413,5,535,1,536,0,536,545,1081,49.58%
中山區,朱園里,0135,313,291,8,612,3,615,0,615,793,1408,43.68%
中山區,朱園里,0136,257,220,3,480,1,481,0,481,644,1125,42.76%
中山區,朱園里,0137,245,195,3,443,1,444,0,444,576,1020,43.53%
中山區,埤頭里,0138,153,190,2,345,2,347,0,347,525,872,39.79%
中山區,埤頭里,0139,178,175,1,354,1,355,0,355,493,848,41.86%
中山區,埤頭里,0140,178,198,4,380,1,381,0,381,521,902,42.24%
中山區,朱崙里,0141,255,276,2,533,2,535,0,535,728,1263,42.36%
中山區,朱崙里,0142,246,221,1,468,1,469,0,469,659,1128,41.58%
中山區,力行里,0143,309,223,2,534,2,536,0,536,702,1238,43.30%
中山區,力行里,0144,300,187,2,489,3,492,0,492,727,1219,40.36%
中山區,力行里,0145,228,264,2,494,1,495,0,495,705,1200,41.25%
中山區,力行里,0146,275,293,3,571,2,573,0,573,707,1280,44.77%
中山區,復華里,0147,206,306,2,514,1,515,0,515,764,1279,40.27%
中山區,復華里,0148,250,255,5,510,4,514,0,514,739,1253,41.02%
中山區,復華里,0149,216,318,3,537,3,540,0,540,601,1141,47.33%
松山區,莊敬里,0150,201,263,2,466,1,467,0,467,557,1024,45.61%
松山區,莊敬里,0151,198,226,5,429,2,431,0,431,636,1067,40.39%
松山區,莊敬里,0152,203,267,3,473,0,473,0,473,634,1107,42.73%
松山區,莊敬里,0153,145,228,0,373,0,373,0,373,610,983,37.95%
松山區,東榮里,0154,265,268,4,537,1,538,0,538,649,1187,45.32%
松山區,東榮里,0155,234,323,3,560,3,563,0,563,671,1234,45.62%
松山區,東榮里,0156,295,280,2,577,2,579,0,579,611,1190,48.66%
松山區,東榮里,0157,275,269,2,546,1,547,0,547,617,1164,46.99%
松山區,東榮里,0158,332,301,3,636,0,636,0,636,598,1234,51.54%
松山區,三民里,0159,265,238,2,505,2,507,0,507,501,1008,50.30%
松山區,三民里,0160,181,300,0,481,1,482,0,482,564,1046,46.08%
松山區,三民里,0161,190,312,1,503,0,503,0,503,645,1148,43.82%
松山區,三民里,0162,199,256,2,457,2,459,0,459,562,1021,44.96%
松山區,三民里,0163,220,254,2,476,0,476,0,476,511,987,48.23%
松山區,新益里,0164,268,323,3,594,1,595,0,595,613,1208,49.25%
松山區,新益里,0165,305,290,1,596,1,597,0,597,646,1243,48.03%
松山區,新益里,0166,264,318,2,584,2,586,0,586,578,1164,50.34%
松山區,富錦里,0167,210,236,4,450,3,453,0,453,518,971,46.65%
松山區,富錦里,0168,218,320,1,539,3,542,0,542,560,1102,49.18%
松山區,富錦里,0169,187,275,3,465,2,467,0,467,532,999,46.75%
松山區,富錦里,0170,198,200,1,399,1,400,0,400,518,918,43.57%
松山區,新東里,0171,168,241,2,411,1,412,0,412,603,1015,40.59%
松山區,新東里,0172,173,253,1,427,0,427,0,427,532,959,44.53%
松山區,新東里,0173,210,260,1,471,3,474,0,474,468,942,50.32%
松山區,新東里,0174,206,220,1,427,0,427,0,427,535,962,44.39%
松山區,富泰里,0175,209,302,6,517,1,518,0,518,609,1127,45.96%
松山區,富泰里,0176,233,388,2,623,2,625,0,625,653,1278,48.90%
松山區,富泰里,0177,183,348,0,531,1,532,0,532,617,1149,46.30%
松山區,介壽里,0178,242,243,3,488,1,489,0,489,616,1105,44.25%
松山區,介壽里,0179,243,267,6,516,2,518,0,518,538,1056,49.05%
松山區,介壽里,0180,244,252,6,502,1,503,0,503,620,1123,44.79%
松山區,精忠里,0181,201,274,1,476,1,477,0,477,585,1062,44.92%
松山區,精忠里,0182,245,338,2,585,2,587,0,587,572,1159,50.65%
松山區,精忠里,0183,215,263,4,482,0,482,0,482,561,1043,46.21%
松山區,東光里,0184,188,251,2,441,2,443,0,443,462,905,48.95%
松山區,東光里,0185,203,234,2,439,0,439,0,439,491,930,47.20%
松山區,東光里,0186,154,244,0,398,1,399,0,399,526,925,43.14%
松山區,東光里,0187,189,224,4,417,0,417,0,417,508,925,45.08%
松山區,東光里,0188,132,277,2,411,2,413,0,413,491,904,45.69%
松山區,東光里,0189,185,235,3,423,0,423,0,423,482,905,46.74%
松山區,龍田里,0190,96,441,1,538,1,539,0,539,547,1086,49.63%
松山區,龍田里,0191,250,305,2,557,0,557,0,557,666,1223,45.54%
松山區,龍田里,0192,184,276,4,464,1,465,0,465,657,1122,41.44%
松山區,龍田里,0193,137,327,3,467,0,467,0,467,631,1098,42.53%
松山區,龍田里,0194,101,429,1,531,3,534,0,534,594,1128,47.34%
松山區,龍田里,0195,172,355,1,528,5,533,0,533,583,1116,47.76%
松山區,龍田里,0196,176,290,2,468,0,468,0,468,613,1081,43.29%
松山區,東昌里,0197,261,193,9,463,0,463,0,463,537,1000,46.30%
松山區,東昌里,0198,223,244,0,467,4,471,0,471,505,976,48.26%
松山區,東勢里,0199,235,227,3,465,3,468,0,468,591,1059,44.19%
松山區,東勢里,0200,233,243,0,476,4,480,0,480,528,1008,47.62%
松山區,東勢里,0201,263,241,0,504,0,504,0,504,648,1152,43.75%
松山區,中華里,0202,209,358,0,567,1,568,0,568,650,1218,46.63%
松山區,中華里,0203,187,346,0,533,4,537,0,537,613,1150,46.70%
松山區,中華里,0204,254,249,3,506,1,507,0,507,581,1088,46.60%
松山區,中華里,0205,235,323,1,559,2,561,0,561,717,1278,43.90%
松山區,民有里,0206,302,260,0,562,1,563,0,563,608,1171,48.08%
松山區,民有里,0207,335,239,3,577,2,579,0,579,588,1167,49.61%
松山區,民有里,0208,266,260,1,527,2,529,0,529,542,1071,49.39%
松山區,民有里,0209,251,281,0,532,3,535,0,535,621,1156,46.28%
松山區,民有里,0210,276,260,0,536,0,536,0,536,608,1144,46.85%
松山區,民有里,0211,263,258,0,521,3,524,0,524,569,1093,47.94%
松山區,民福里,0212,207,346,0,553,3,556,0,556,673,1229,45.24%
松山區,民福里,0213,208,459,7,674,3,677,0,677,606,1283,52.77%
松山區,民福里,0214,265,354,5,624,1,625,0,625,586,1211,51.61%
松山區,民福里,0215,215,292,3,510,1,511,1,512,717,1229,41.58%
松山區,松基里,0216,224,250,3,477,2,479,0,479,524,1003,47.76%
松山區,松基里,0217,190,193,1,384,0,384,0,384,489,873,43.99%
松山區,松基里,0218,207,201,1,409,2,411,0,411,545,956,42.99%
松山區,安平里,0219,263,351,1,615,0,615,0,615,833,1448,42.47%
松山區,安平里,0220,247,258,4,509,1,510,0,510,807,1317,38.72%
松山區,安平里,0221,283,282,2,567,2,569,0,569,839,1408,40.41%
松山區,安平里,0222,267,219,3,489,0,489,0,489,886,1375,35.56%
松山區,安平里,0223,269,241,4,514,5,519,0,519,676,1195,43.43%
松山區,鵬程里,0224,91,185,1,277,0,277,0,277,464,741,37.38%
松山區,鵬程里,0225,157,287,2,446,3,449,0,449,672,1121,40.05%
松山區,鵬程里,0226,244,334,1,579,1,580,0,580,521,1101,52.68%
松山區,鵬程里,0227,148,269,1,418,2,420,0,420,618,1038,40.46%
松山區,自強里,0228,172,369,6,547,2,549,0,549,596,1145,47.95%
松山區,自強里,0229,116,485,1,602,3,605,0,605,610,1215,49.79%
松山區,自強里,0230,120,490,6,616,3,619,0,619,636,1255,49.32%
松山區,自強里,0231,152,348,3,503,0,503,0,503,555,1058,47.54%
松山區,自強里,0232,142,401,4,547,2,549,0,549,611,1160,47.33%
松山區,自強里,0233,71,587,1,659,3,662,0,662,531,1193,55.49%
,,,,,,,,,,,,,
