zone,2020,2024,diff,rate,target
連江縣01,112,27,-85,-75.89,
連江縣02,32,8,-24,-75,
連江縣03,21,6,-15,-71.43,
連江縣04,31,2,-29,-93.55,
金門縣01,749,144,-605,-80.77,
金門縣02,516,75,-441,-85.47,
金門縣03,87,16,-71,-81.61,
宜蘭縣01,1836,195,-1641,-89.38,
宜蘭縣02,722,100,-622,-86.15,
宜蘭縣03,716,91,-625,-87.29,
宜蘭縣04,569,92,-477,-83.83,
宜蘭縣05,477,69,-408,-85.53,
宜蘭縣06,1280,149,-1131,-88.36,
宜蘭縣07,767,110,-657,-85.66,
宜蘭縣08,921,114,-807,-87.62,
宜蘭縣09,536,85,-451,-84.14,
宜蘭縣10,835,133,-702,-84.07,
新竹縣01,4584,502,-4082,-89.05,
新竹縣02,1793,288,-1505,-83.94,
新竹縣03,1339,193,-1146,-85.59,
新竹縣04,608,102,-506,-83.22,
新竹縣05,760,113,-647,-85.13,
新竹縣06,450,80,-370,-82.22,
新竹縣07,507,74,-433,-85.4,
新竹縣08,2558,306,-2252,-88.04,
新竹縣09,361,42,-319,-88.37,
新竹縣10,316,43,-273,-86.39,
苗栗縣01,3157,608,-2549,-80.74,
苗栗縣02,859,150,-709,-82.54,
苗栗縣03,1601,234,-1367,-85.38,
苗栗縣04,3235,436,-2799,-86.52,
苗栗縣05,2713,436,-2277,-83.93,
苗栗縣06,863,151,-712,-82.5,
彰化縣01,6912,930,-5982,-86.55,
彰化縣02,3662,547,-3115,-85.06,
彰化縣03,3273,512,-2761,-84.36,
彰化縣04,4360,595,-3765,-86.35,
彰化縣05,2567,340,-2227,-86.75,
彰化縣06,1915,283,-1632,-85.22,
彰化縣07,2341,324,-2017,-86.16,
彰化縣08,2069,305,-1764,-85.26,
南投縣01,3641,440,-3201,-87.92,
南投縣02,2973,381,-2592,-87.18,
南投縣03,1296,174,-1122,-86.57,
南投縣04,1333,171,-1162,-87.17,
南投縣05,2566,382,-2184,-85.11,
雲林縣01,3366,383,-2983,-88.62,
雲林縣02,1674,230,-1444,-86.26,
雲林縣03,2576,274,-2302,-89.36,
雲林縣04,1545,195,-1350,-87.38,
雲林縣05,1929,305,-1624,-84.19,
雲林縣06,1632,212,-1420,-87.01,
嘉義縣01,1914,252,-1662,-86.83,
嘉義縣02,1809,304,-1505,-83.2,
嘉義縣03,1137,292,-845,-74.32,
嘉義縣04,1462,190,-1272,-87,
嘉義縣05,692,99,-593,-85.69,
嘉義縣06,1875,283,-1592,-84.91,
屏東縣01,3126,353,-2773,-88.71,
屏東縣02,2142,294,-1848,-86.27,
屏東縣03,2713,363,-2350,-86.62,
屏東縣04,2028,234,-1794,-88.46,
屏東縣05,826,101,-725,-87.77,
屏東縣06,901,119,-782,-86.79,
屏東縣07,203,32,-171,-84.24,
臺東縣01,1929,321,-1608,-83.36,
臺東縣02,303,67,-236,-77.89,
臺東縣03,386,86,-300,-77.72,
臺東縣04,442,92,-350,-79.19,
臺東縣05,335,61,-274,-81.79,
臺東縣06,50,6,-44,-88,
花蓮縣01,2046,278,-1768,-86.41,
花蓮縣02,654,126,-528,-80.73,
花蓮縣03,2564,426,-2138,-83.39,
花蓮縣04,708,119,-589,-83.19,
澎湖縣01,1227,245,-982,-80.03,
澎湖縣02,276,57,-219,-79.35,
澎湖縣03,148,35,-113,-76.35,
澎湖縣04,158,27,-131,-82.91,
澎湖縣05,84,27,-57,-67.86,
澎湖縣06,67,13,-54,-80.6,
基隆市01,1493,224,-1269,-85,
基隆市02,1544,227,-1317,-85.3,
基隆市03,1202,163,-1039,-86.44,
基隆市04,1446,210,-1236,-85.48,
基隆市05,2437,361,-2076,-85.19,
基隆市06,1160,167,-993,-85.6,
基隆市07,1653,258,-1395,-84.39,
新竹市01,3618,416,-3202,-88.5,
新竹市02,1303,152,-1151,-88.33,
新竹市03,745,80,-665,-89.26,
新竹市04,2737,326,-2411,-88.09,
新竹市05,1813,212,-1601,-88.31,
嘉義市01,2275,277,-1998,-87.82,
嘉義市02,2900,382,-2518,-86.83,
臺北市01,13716,2928,-10788,-78.65,
臺北市02,10456,1209,-9247,-88.44,
臺北市03,10322,1285,-9037,-87.55,
臺北市04,9162,1188,-7974,-87.03,
臺北市05,8105,985,-7120,-87.85,
臺北市06,13722,1733,-11989,-87.37,
高雄市01,2328,236,-2092,-89.86,
高雄市02,2838,314,-2524,-88.94,
高雄市03,4413,464,-3949,-89.49,
高雄市04,6708,698,-6010,-89.59,
高雄市05,3815,444,-3371,-88.36,
高雄市06,3394,364,-3030,-89.28,
高雄市07,6201,664,-5537,-89.29,
高雄市08,4614,541,-4073,-88.27,
高雄市09,6557,702,-5855,-89.29,
高雄市10,5965,637,-5328,-89.32,
高雄市11,2954,346,-2608,-88.29,
新北市01,5957,992,-4965,-83.35,
新北市02,19356,2905,-16451,-84.99,
新北市03,0,1702,1702,0,
新北市04,14437,2038,-12399,-85.88,
新北市05,14049,1846,-12203,-86.86,
新北市06,11255,1286,-9969,-88.57,
新北市07,6010,710,-5300,-88.19,
新北市08,15691,2312,-13379,-85.27,
新北市09,8899,1468,-7431,-83.5,
新北市10,1395,244,-1151,-82.51,
新北市11,6218,940,-5278,-84.88,
臺中市01,2534,373,-2161,-85.28,
臺中市02,5718,769,-4949,-86.55,
臺中市03,4980,723,-4257,-85.48,
臺中市04,5193,675,-4518,-87,
臺中市05,6427,804,-5623,-87.49,
臺中市06,5867,754,-5113,-87.15,
臺中市07,4436,564,-3872,-87.29,
臺中市08,7134,902,-6232,-87.36,
臺中市09,3642,473,-3169,-87.01,
臺中市10,3299,409,-2890,-87.6,
臺中市11,4980,652,-4328,-86.91,
臺中市12,4589,649,-3940,-85.86,
臺中市13,7160,1019,-6141,-85.77,
臺中市14,2285,319,-1966,-86.04,
臺南市01,3268,432,-2836,-86.78,
臺南市02,2544,286,-2258,-88.76,
臺南市03,2091,228,-1863,-89.1,
臺南市04,748,83,-665,-88.9,
臺南市05,2921,346,-2575,-88.15,
臺南市06,3703,428,-3275,-88.44,
臺南市07,4436,584,-3852,-86.83,
臺南市08,4174,479,-3695,-88.52,
臺南市09,3815,399,-3416,-89.54,
臺南市10,3445,389,-3056,-88.71,
臺南市11,3127,387,-2740,-87.62,
桃園市01,10979,1324,-9655,-87.94,
桃園市02,3882,580,-3302,-85.06,
桃園市03,4801,641,-4160,-86.65,
桃園市04,3634,510,-3124,-85.97,
桃園市05,2027,261,-1766,-87.12,
桃園市06,2173,285,-1888,-86.88,
桃園市07,9727,1088,-8639,-88.81,
桃園市08,5130,642,-4488,-87.49,
桃園市09,4034,608,-3426,-84.93,
桃園市10,2760,380,-2380,-86.23,
桃園市11,1055,151,-904,-85.69,
桃園市12,1574,227,-1347,-85.58,
